animal	sire	dam	born	sex	herd	status	cause	died	TBV	recessives
	40092	35231	4742	1	M	46	A		-1	746.674451632	[1, 1, 1, 1, 1, 1, 1, 1, 1, 1, 1, 1]
	42815	35183	7465	1	M	29	A		-1	746.775155965	[1, 1, 1, 1, 1, 1, 1, 1, 1, 1, 1, 1]
	35770	35076	420	1	M	43	A		-1	746.797037849	[1, 1, 1, 1, 1, 1, 1, 1, 1, 1, 1, 1]
	63720	35267	28370	1	M	99	A		-1	746.932561351	[1, 1, 1, 1, 1, 1, 1, 1, 1, 1, 1, 1]
	57043	35231	21693	1	M	2	A		-1	746.978627949	[1, 1, 1, 1, 1, 1, 1, 1, 1, 1, 1, 1]
	46988	35231	11638	1	M	87	A		-1	747.175600391	[1, 1, 1, 0, 1, 1, 1, 1, 1, 1, 1, 1]
	68467	35231	33117	1	M	1	A		-1	747.210373099	[1, 1, 1, 1, 1, 1, 1, 1, 1, 1, 1, 1]
	60055	35267	24705	1	M	88	A		-1	748.086150222	[1, 1, 1, 1, 1, 1, 1, 1, 1, 1, 1, 0]
	53478	35096	18128	1	M	91	A		-1	748.522534696	[1, 1, 1, 1, 1, 1, 1, 1, 1, 1, 1, 1]
	54761	35076	19411	1	M	47	A		-1	748.632620292	[1, 1, 1, 1, 1, 1, 1, 1, 1, 1, 1, 1]
	41399	35171	6049	1	M	58	A		-1	748.729342739	[1, 1, 1, 1, 1, 1, 0, 1, 1, 1, 1, 1]
	43526	35308	8176	1	M	21	A		-1	748.82818345	[1, 1, 1, 1, 1, 1, 1, 1, 1, 1, 1, 0]
	44995	35154	9645	1	M	56	A		-1	749.037341766	[1, 1, 1, 1, 1, 1, 1, 1, 1, 1, 1, 1]
	49026	35151	13676	1	M	10	A		-1	749.583547217	[1, 1, 1, 1, 1, 1, 1, 1, 1, 1, 1, 1]
	55921	35231	20571	1	M	25	A		-1	749.662435265	[1, 1, 1, 1, 1, 1, 1, 1, 1, 1, 1, 1]
	61421	35013	26071	1	M	43	A		-1	749.727463607	[1, 1, 1, 1, 1, 1, 1, 1, 1, 1, 1, 1]
	57195	35052	21845	1	M	76	A		-1	749.877466969	[1, 1, 1, 1, 1, 1, 1, 1, 1, 1, 1, 1]
	54785	35079	19435	1	M	93	A		-1	750.534692546	[1, 1, 1, 1, 1, 1, 1, 1, 1, 1, 1, 1]
	62963	35102	27613	1	M	89	A		-1	750.668302395	[1, 1, 1, 1, 1, 1, 1, 1, 1, 1, 1, 1]
	52447	35065	17097	1	M	33	A		-1	751.158103449	[1, 1, 1, 1, 1, 1, 1, 1, 1, 1, 1, 1]
	65941	35133	30591	1	M	21	A		-1	751.410844734	[1, 1, 1, 1, 1, 1, 1, 1, 1, 1, 1, 1]
	40144	35213	4794	1	M	39	A		-1	751.581503641	[1, 1, 1, 1, 1, 1, 1, 1, 1, 1, 1, 1]
	36189	35307	839	1	M	4	A		-1	751.808667903	[1, 1, 1, 1, 1, 1, 1, 0, 1, 1, 1, 1]
	49124	35159	13774	1	M	32	A		-1	751.857910283	[1, 1, 1, 1, 1, 1, 1, 1, 0, 1, 1, 1]
	49274	35337	13924	1	M	39	A		-1	752.031778879	[1, 1, 1, 1, 1, 0, 1, 1, 1, 1, 1, 1]
	51031	35036	15681	1	M	23	A		-1	752.355578336	[1, 1, 1, 1, 1, 1, 1, 1, 1, 1, 1, -1]
	45398	35013	10048	1	M	97	A		-1	752.527974357	[1, 1, 1, 1, 1, 1, 1, 1, 1, 1, 1, 1]
	67000	35301	31650	1	M	33	A		-1	752.583870903	[1, 1, 1, 1, 1, 1, 1, 1, 1, 1, 1, 1]
	70006	35139	34656	1	M	25	A		-1	752.838922411	[1, 1, 1, 1, 1, 0, 1, 1, 1, 1, 1, 1]
	63594	35183	28244	1	M	84	A		-1	752.840557289	[1, 1, 1, 1, 1, 1, 1, 1, 1, 1, 1, 1]
	43723	35023	8373	1	M	22	A		-1	752.853069936	[1, 1, 1, 1, 1, 1, 1, 1, 1, 1, 1, 1]
	54404	35159	19054	1	M	91	A		-1	752.954700725	[1, 1, 1, 1, 1, 1, 1, 1, 1, 1, 1, 1]
	53698	35052	18348	1	M	82	A		-1	753.136384657	[1, 1, 1, 1, 1, 1, 1, 1, 1, 1, 1, 1]
	70314	35231	34964	1	M	11	A		-1	753.28562238	[1, 1, 1, 1, 1, 1, 1, 1, 1, 1, 1, 1]
	68933	35154	33583	1	M	86	A		-1	754.118925518	[1, 1, 1, 1, 1, 1, 1, 1, 1, 1, 1, 1]
	49815	35102	14465	1	M	82	A		-1	754.156933734	[1, 1, 1, 1, 1, 1, 1, 1, 1, 1, 1, 1]
	63303	35068	27953	1	M	25	A		-1	754.378144276	[1, 1, 1, 1, 1, 1, 1, 1, 1, 1, 1, 1]
	45458	35183	10108	1	M	50	A		-1	754.599996	[1, 1, 1, 1, 1, 1, 1, 1, 1, 1, 1, 1]
	46614	35060	11264	1	M	62	A		-1	755.785535614	[1, 1, 1, 1, 1, 1, 1, 1, 1, 1, 1, 1]
	47965	35023	12615	1	M	95	A		-1	755.807598279	[1, 1, 1, 1, 1, 1, 1, 1, 1, 1, 1, 1]
	56806	35065	21456	1	M	97	A		-1	755.894613507	[1, 1, 1, 1, 1, 1, 1, 1, 1, 1, 1, 1]
	62142	35052	26792	1	M	0	A		-1	756.013416641	[1, 1, 1, 1, 1, 1, 1, 1, 1, 1, 1, 1]
	65655	35060	30305	1	M	58	A		-1	756.190361861	[1, 1, 1, 1, 1, 1, 1, 1, 1, 1, 1, 1]
	47951	35096	12601	1	M	16	A		-1	757.200165342	[1, 1, 1, 1, 1, 1, 1, 1, 1, 1, 1, 1]
	45565	35272	10215	1	M	16	A		-1	757.303318515	[1, 1, 1, 1, 1, 1, 1, 1, 1, 1, 1, 0]
	59647	35102	24297	1	M	31	A		-1	757.421514819	[1, 1, 1, 1, 1, 1, 1, 1, 1, 1, 1, 1]
	41818	35272	6468	1	M	92	A		-1	757.64753954	[1, 1, 1, 1, 1, 1, 1, 1, 1, 1, 1, 1]
	60492	35096	25142	1	M	56	A		-1	757.698349319	[1, 1, 1, 1, 1, 1, 1, 1, 1, 1, 1, 1]
	37863	35036	2513	1	M	83	A		-1	757.939131381	[1, 1, 1, 1, 1, 1, 1, 1, 1, 1, 1, 1]
	65991	35068	30641	1	M	92	A		-1	758.207965222	[1, 1, 1, 1, 1, 1, 1, 1, 1, 1, 1, 1]
	56202	35128	20852	1	M	10	A		-1	758.574292564	[1, 1, 1, 1, 1, 1, 1, 1, 1, 1, 1, 1]
	41676	35302	6326	1	M	9	A		-1	758.577434275	[1, 1, 1, 1, 1, 1, 1, 1, 1, 1, 1, 1]
	48951	35096	13601	1	M	25	A		-1	758.719020294	[1, 0, 1, 1, 1, 1, 1, 1, 1, 1, 1, 1]
	38103	35337	2753	1	M	39	A		-1	758.732946212	[0, 1, 1, 1, 1, 1, 1, 1, 1, 1, 1, 1]
	38793	35151	3443	1	M	96	A		-1	758.853903018	[1, 1, 1, 1, 1, 1, 1, 1, 1, 1, 1, 1]
	52788	35150	17438	1	M	65	A		-1	758.927173871	[1, 1, 1, 1, 1, 1, 1, 1, 1, 1, 1, 1]
	43726	35308	8376	1	M	31	A		-1	759.146949657	[1, 1, 1, 1, 1, 1, 1, 1, 1, 1, 1, 1]
	35154	0	0	-9	M	10	A		-1	759.218134564	[1.0, 1.0, 1.0, 1.0, 1.0, 1.0, 1.0, 1.0, 1.0, 1.0, 1.0, 1.0]
	35545	35068	195	1	M	7	A		-1	759.259317579	[1, 1, 1, 1, 1, 1, 1, 1, 1, 1, 1, 1]
	50253	35231	14903	1	M	39	A		-1	759.849190886	[1, 1, 0, 1, 1, 1, 1, 1, 1, 1, 1, 1]
	64727	35301	29377	1	M	94	A		-1	760.004826165	[1, 1, 1, 0, 1, 1, 1, 1, 1, 1, 1, 1]
	39296	35307	3946	1	M	35	A		-1	760.208928844	[1, 1, 1, 1, 1, 1, 1, 1, 1, 1, 1, 1]
	65773	35272	30423	1	M	70	A		-1	760.437985636	[1, 1, 1, 0, 1, 1, 1, 1, 1, 1, 1, 1]
	70166	35139	34816	1	M	47	A		-1	760.502839734	[1, 1, 1, 1, 1, 1, 1, 1, 1, 1, 1, 1]
	61181	35337	25831	1	M	94	A		-1	760.593515598	[1, 1, 1, 1, 1, 1, 1, 1, 1, 1, 1, 0]
	60863	35159	25513	1	M	42	A		-1	760.639476965	[1, 1, 1, 1, 1, 1, 1, 1, 1, 1, 1, 1]
	56069	35267	20719	1	M	3	A		-1	760.715398411	[1, 1, 1, 1, 1, 1, 1, 1, 1, 1, 1, 1]
	60046	35023	24696	1	M	91	A		-1	760.825731161	[1, 1, 1, 1, 1, 1, 1, 1, 1, 1, 1, 1]
	44899	35133	9549	1	M	5	A		-1	761.199347725	[1, 1, 1, 1, 1, 1, 1, 1, 1, 1, 1, 1]
	54859	35023	19509	1	M	10	A		-1	761.47265588	[1, 1, 1, 1, 1, 1, 1, 1, 1, 1, 1, 1]
	47779	35267	12429	1	M	20	A		-1	761.560435356	[1, 1, 1, 0, 1, 1, 1, 1, 1, 1, 1, 1]
	51778	35307	16428	1	M	30	A		-1	761.668533947	[1, 1, 1, 0, 1, 1, 1, 1, 1, 1, 1, 0]
	50509	35183	15159	1	M	87	A		-1	761.761424424	[1, 1, 1, 1, 1, 1, 1, 1, 1, 1, 1, 1]
	66378	35151	31028	1	M	87	A		-1	761.955230491	[1, 1, 1, 1, 1, 1, 1, 1, 1, 1, 1, 1]
	38462	35154	3112	1	M	34	A		-1	762.071586575	[1, 1, 1, 1, 1, 1, 1, 1, 1, 1, 1, 1]
	39283	35337	3933	1	M	84	A		-1	762.105700527	[1, 1, 0, 1, 1, 1, 1, 1, 1, 1, 1, 1]
	43741	35150	8391	1	M	15	A		-1	762.165382429	[1, 1, 1, 1, 1, 1, 1, 1, 1, 1, 1, 1]
	46096	35150	10746	1	M	64	A		-1	762.232600301	[1, 1, 1, 1, 1, 1, 1, 1, 1, 1, 1, 1]
	54018	35213	18668	1	M	18	A		-1	762.319114533	[1, 1, 1, 1, 1, 1, 1, 1, 1, 1, 1, 1]
	47426	35159	12076	1	M	44	A		-1	763.150184091	[1, 1, 1, 1, 1, 1, 1, 1, 1, 1, 1, 1]
	42217	35302	6867	1	M	66	A		-1	763.310601038	[1, 1, 1, 1, 1, 1, 1, 1, 1, 1, 1, 1]
	54557	35150	19207	1	M	31	A		-1	763.43810242	[1, 1, 0, 1, 1, 1, 1, 1, 1, 1, 1, 1]
	42900	35231	7550	1	M	69	A		-1	764.75914931	[1, 1, 1, 1, 1, 1, 1, 1, 1, 1, 1, 1]
	67021	35013	31671	1	M	30	A		-1	764.948499544	[1, 1, 1, 1, 1, 1, 1, 1, 1, 1, 1, 1]
	66877	35133	31527	1	M	33	A		-1	765.022286261	[1, 1, 1, 1, 1, 1, 1, 1, 1, 1, 1, 1]
	60873	35096	25523	1	M	4	A		-1	765.064756806	[1, 1, 1, 1, 1, 1, 1, 1, 1, 1, 1, 1]
	37816	35328	2466	1	M	55	A		-1	765.169306353	[1, 1, 1, 1, 1, 1, 1, 1, 1, 1, 1, 1]
	69110	35308	33760	1	M	67	A		-1	765.235145896	[1, 1, 1, 1, 1, 1, 1, 1, 1, 1, 1, 1]
	46146	35171	10796	1	M	42	A		-1	765.283900662	[1, 1, 1, 1, 1, 1, 0, 1, 1, 1, 1, 1]
	51905	35068	16555	1	M	46	A		-1	765.544269405	[1, 1, 1, 1, 1, 1, 1, 1, 1, 1, 1, 1]
	67295	35308	31945	1	M	6	A		-1	765.800018964	[1, 1, 1, 1, 1, 1, 1, 1, 1, 1, 1, 1]
	39779	35139	4429	1	M	42	A		-1	765.962482006	[1, 1, 1, 1, 1, 1, 1, 1, 1, 1, 1, 1]
	47412	35301	12062	1	M	61	A		-1	766.046017226	[1, 1, 1, 1, 1, 1, 1, 1, 1, 1, 1, 1]
	65053	35102	29703	1	M	80	A		-1	766.914172399	[1, 1, 1, 1, 1, 1, 1, 1, 1, 1, 1, 1]
	43036	35139	7686	1	M	23	A		-1	767.021983513	[1, 1, 1, 1, 1, 1, 1, 1, 1, 1, 1, 1]
	58184	35133	22834	1	M	80	A		-1	767.123094684	[1, 1, 1, 1, 1, 1, 1, 1, 1, 1, 1, 1]
	40161	35036	4811	1	M	93	A		-1	767.136059014	[1, 1, 1, 1, 1, 1, 1, 1, 1, 1, 1, 1]
	47601	35036	12251	1	M	54	A		-1	767.311830174	[1, 1, 1, 1, 1, 1, 1, 1, 1, 1, 1, 1]
	58929	35060	23579	1	M	51	A		-1	767.610727305	[1, 1, 1, 1, 1, 1, 1, 1, 1, 1, 1, 1]
	38995	35013	3645	1	M	78	A		-1	768.164000633	[1, 1, 1, 1, 1, 1, 1, 1, 1, 1, 1, 1]
	48134	35096	12784	1	M	79	A		-1	768.904692968	[1, 1, 1, 1, 1, 1, 1, 1, 1, 1, 1, 1]
	40021	35079	4671	1	M	61	A		-1	769.076207823	[1, 1, 1, 1, 1, 1, 1, 1, 1, 1, 1, 1]
	45866	35023	10516	1	M	53	A		-1	769.15232712	[1, 1, 1, 1, 1, 1, 1, 1, 1, 1, 1, 1]
	46560	35065	11210	1	M	27	A		-1	769.246473934	[1, 1, 1, 1, 1, 1, 1, 1, 1, 1, 1, 1]
	42039	35301	6689	1	M	35	A		-1	769.444738434	[1, 1, 1, 1, 1, 1, 1, 1, 1, 1, 1, 1]
	70261	35328	34911	1	M	28	A		-1	769.610615351	[1, 1, 1, 1, 1, 1, 1, 1, 1, 1, 1, 1]
	37183	35337	1833	1	M	71	A		-1	769.649773563	[1, 1, 1, 1, 1, 1, 1, 1, 1, 1, 1, 1]
	45762	35328	10412	1	M	5	A		-1	769.744347791	[1, 1, 0, 1, 1, 1, 1, 1, 1, 1, 1, 1]
	55636	35297	20286	1	M	17	A		-1	769.908608808	[1, 1, 1, 1, 1, 1, 1, 1, 1, 1, 1, 1]
	36768	35154	1418	1	M	31	A		-1	770.048653312	[1, 1, 1, 1, 1, 1, 1, 1, 1, 1, 1, 1]
	54816	35013	19466	1	M	81	A		-1	770.190416169	[1, 1, 1, 1, 1, 1, 1, 1, 1, 1, 1, 1]
	39032	35328	3682	1	M	59	A		-1	770.242059211	[1, 1, 1, 1, 1, 1, 1, 1, 1, 1, 1, 1]
	42948	35337	7598	1	M	57	A		-1	770.454301408	[1, 1, 1, 1, 1, 1, 1, 0, 1, 1, 1, 1]
	63902	35060	28552	1	M	81	A		-1	770.658383954	[1, 1, 1, 1, 1, 1, 1, 1, 1, 1, 1, 1]
	64354	35096	29004	1	M	100	A		-1	770.934087404	[1, 1, 1, 1, 1, 1, 1, 1, 1, 1, 1, 1]
	64411	35267	29061	1	M	4	A		-1	770.979223197	[1, 1, 1, 1, 1, 0, 1, 1, 1, 1, 1, 1]
	40741	35308	5391	1	M	53	A		-1	771.158249296	[1, 0, 1, 1, 1, 1, 1, 1, 1, 1, 1, 1]
	43148	35328	7798	1	M	49	A		-1	771.16900736	[1, 1, 1, 1, 1, 1, 1, 1, 1, 1, 1, 1]
	35982	35036	632	1	M	51	A		-1	771.712795021	[1, 1, 1, 1, 1, 1, 1, 1, 1, 1, 1, 1]
	66048	35301	30698	1	M	6	A		-1	771.91498275	[1, 1, 1, 0, 1, 1, 1, 1, 1, 1, 1, 1]
	70213	35307	34863	1	M	52	A		-1	771.930099499	[1, 1, 1, 1, 1, 1, 1, 1, 1, 1, 1, 1]
	66722	35006	31372	1	M	31	A		-1	772.064979658	[1, 1, 1, 1, 1, 1, 1, 1, 1, 1, 1, 1]
	69374	35164	34024	1	M	69	A		-1	772.418052338	[1, 1, 1, 1, 1, 1, 1, 1, 1, 1, 1, 1]
	50828	35337	15478	1	M	19	A		-1	772.497024227	[1, 1, 1, 1, 1, 1, 1, 1, 1, 1, 1, 1]
	49723	35006	14373	1	M	65	A		-1	772.526640595	[1, 1, 1, 1, 1, 1, 1, 1, 1, 1, 1, 1]
	67891	35302	32541	1	M	76	A		-1	772.670460952	[1, 1, 0, 1, 1, 1, 1, 1, 1, 1, 1, 1]
	53659	35165	18309	1	M	58	A		-1	772.933031852	[1, 1, 1, 1, 1, 1, 1, 1, 1, 1, 1, 1]
	47120	35060	11770	1	M	35	A		-1	773.257282263	[1, 1, 1, 1, 1, 1, 1, 1, 1, 1, 1, 0]
	40299	35023	4949	1	M	35	A		-1	773.538240017	[1, 1, 1, 1, 1, 1, 1, 1, 1, 1, 1, 1]
	40614	35102	5264	1	M	98	A		-1	773.765743198	[1, 1, 1, 1, 1, 1, 1, 1, 1, 1, 1, 0]
	44213	35096	8863	1	M	71	A		-1	774.809229267	[1, 1, 1, 1, 1, 1, 1, 1, 1, 1, 1, 1]
	60939	35267	25589	1	M	21	A		-1	774.865856547	[1, 1, 1, 1, 1, 1, 1, 1, 1, 1, 1, 1]
	47278	35159	11928	1	M	58	A		-1	775.13158012	[1, 1, 1, 1, 1, 1, 1, 1, 1, 1, 1, 1]
	43484	35154	8134	1	M	14	A		-1	775.30082984	[1, 1, 1, 1, 1, 1, 1, 1, 1, 1, 1, 1]
	62826	35065	27476	1	M	18	A		-1	775.320723733	[1, 1, 1, 1, 1, 1, 1, 1, 1, 1, 1, 1]
	69911	35307	34561	1	M	94	A		-1	775.808078138	[1, 1, 1, 1, 1, 1, 1, 0, 1, 1, 1, 1]
	64538	35297	29188	1	M	43	A		-1	776.018334864	[1, 1, 1, 1, 0, 0, 1, 1, 1, 1, 1, 1]
	66845	35076	31495	1	M	69	A		-1	776.59404804	[1, 1, 1, 1, 1, 1, 1, 1, 1, 1, 1, 0]
	36485	35013	1135	1	M	16	A		-1	776.672702087	[1, 1, 1, 1, 1, 1, 1, 1, 1, 1, 1, 1]
	57785	35139	22435	1	M	51	A		-1	776.946202568	[1, 1, 1, 1, 1, 1, 1, 1, 1, 1, 1, 1]
	69628	35301	34278	1	M	96	A		-1	776.962143331	[1, 1, 1, 0, 1, 1, 1, 1, 1, 1, 1, 1]
	35967	35150	617	1	M	99	A		-1	777.08059456	[1, 1, 1, 1, 1, 1, 1, 1, 1, 1, 1, 1]
	42787	35139	7437	1	M	9	A		-1	778.200367192	[1, 1, 1, 1, 1, 1, 1, 1, 1, 1, 1, 1]
	50687	35183	15337	1	M	52	A		-1	778.337246524	[1, 1, 1, 1, 1, 1, 1, 1, 1, 1, 1, 1]
	41072	35102	5722	1	M	18	A		-1	778.419976496	[1, 1, 0, 1, 1, 1, 1, 1, 1, 1, 1, 1]
	62553	35337	27203	1	M	38	A		-1	778.455273769	[1, 1, 1, 1, 1, 1, 1, 1, 1, 1, 1, 1]
	61572	35297	26222	1	M	38	A		-1	778.583546457	[1, 1, 1, 1, 1, 1, 1, 1, 1, 1, 1, 1]
	45498	35297	10148	1	M	66	A		-1	778.651211533	[1, 1, 1, 1, 0, 1, 1, 1, 1, 1, 1, 1]
	54395	35272	19045	1	M	16	A		-1	778.678754758	[1, 1, 1, 1, 1, 1, 1, 1, 1, 1, 1, 1]
	35695	35159	345	1	M	7	A		-1	778.922367319	[1, 1, 1, 1, 1, 1, 1, 1, 1, 1, 1, 1]
	65281	35159	29931	1	M	77	A		-1	779.189620735	[1, 1, 1, 1, 1, 1, 1, 1, 1, 1, 1, 0]
	42470	35096	7120	1	M	91	A		-1	779.232798874	[1, 1, 1, 1, 1, 1, 1, 1, 1, 1, 1, 1]
	67397	35301	32047	1	M	21	A		-1	779.471514734	[1, 1, 1, 1, 1, 1, 1, 1, 1, 1, 1, 1]
	58474	35267	23124	1	M	46	A		-1	779.59381046	[1, 1, 1, 1, 1, 1, 1, 1, 1, 1, 1, 1]
	51816	35337	16466	1	M	93	A		-1	779.879006873	[1, 1, 1, 1, 1, 1, 1, 1, 1, 1, 1, 1]
	47329	35013	11979	1	M	97	A		-1	779.947786886	[1, 1, 1, 1, 1, 1, 1, 1, 1, 1, 1, 1]
	40181	35006	4831	1	M	22	A		-1	780.649804235	[1, 1, 1, 1, 1, 1, 1, 1, 1, 1, 1, 1]
	59927	35213	24577	1	M	71	A		-1	780.724862655	[1, 1, 1, 1, 1, 1, 1, 1, 1, 1, 1, 1]
	47940	35307	12590	1	M	95	A		-1	780.907981713	[1, 1, 1, 1, 1, 1, 1, 0, 1, 1, 1, 1]
	36901	35139	1551	1	M	80	A		-1	780.933223996	[1, 1, 1, 1, 1, 1, 1, 1, 1, 1, 1, 1]
	42036	35164	6686	1	M	95	A		-1	781.102089567	[1, 1, 1, 1, 1, 1, 1, 1, 1, 1, 1, 1]
	52102	35231	16752	1	M	61	A		-1	781.396069112	[1, 1, 1, 1, 1, 1, 1, 0, 1, 1, 1, 1]
	57319	35068	21969	1	M	75	A		-1	781.515958884	[1, 1, 1, 1, 1, 1, 1, 1, 1, 1, 1, 1]
	57810	35013	22460	1	M	67	A		-1	781.992091343	[1, 1, 1, 0, 1, 1, 1, 1, 1, 1, 1, 1]
	67525	35302	32175	1	M	50	A		-1	782.140993434	[1, 0, 1, 1, 1, 1, 1, 1, 1, 1, 1, 1]
	46446	35139	11096	1	M	96	A		-1	783.914971603	[1, 1, 1, 1, 1, 1, 1, 1, 1, 1, 1, 1]
	52802	35013	17452	1	M	81	A		-1	783.946543869	[1, 1, 1, 1, 1, 0, 1, 1, 1, 1, 1, 1]
	66742	35013	31392	1	M	84	A		-1	784.027159686	[1, 1, 1, 1, 1, 1, 1, 1, 1, 1, 1, 1]
	54058	35096	18708	1	M	39	A		-1	784.069002257	[1, 1, 1, 1, 1, 1, 1, 1, 1, 1, 1, 0]
	51755	35096	16405	1	M	32	A		-1	784.551338567	[1, 0, 1, 1, 1, 1, 1, 1, 1, 1, 1, 1]
	53937	35065	18587	1	M	68	A		-1	785.682043781	[1, 1, 1, 1, 1, 1, 1, 1, 1, 1, 1, 1]
	58525	35165	23175	1	M	66	A		-1	785.975991031	[1, 1, 1, 1, 1, 1, 1, 1, 1, 1, 1, 1]
	53742	35006	18392	1	M	55	A		-1	786.199725604	[1, 0, 1, 1, 1, 1, 1, 1, 1, 1, 1, 1]
	49095	35231	13745	1	M	9	A		-1	786.319940594	[1, 1, 1, 1, 1, 1, 1, 1, 1, 1, 1, 0]
	61752	35231	26402	1	M	6	A		-1	786.455601141	[1, 1, 1, 1, 1, 1, 1, 1, 1, 1, 1, 1]
	57676	35337	22326	1	M	84	A		-1	786.549055754	[1, 1, 0, 1, 1, 1, 1, 1, 1, 1, 1, 1]
	65789	35076	30439	1	M	20	A		-1	787.420230764	[1, 1, 1, 1, 1, 1, 1, 1, 1, 1, 1, 1]
	46674	35231	11324	1	M	27	A		-1	787.593125424	[1, 1, 1, 1, 1, 1, 1, 1, 1, 1, 1, 1]
	50844	35006	15494	1	M	99	A		-1	787.887830689	[1, 1, 1, 1, 1, 1, 1, 1, 1, 1, 1, 1]
	48905	35139	13555	1	M	7	A		-1	788.037204804	[1, 1, 1, 1, 1, 1, 1, 1, 1, 1, 1, 1]
	52087	35307	16737	1	M	47	A		-1	788.091804951	[1, 1, 1, 1, 1, 1, 1, 1, 1, 1, 1, 1]
	47689	35307	12339	1	M	94	A		-1	788.351133403	[1, 1, 1, 1, 1, 1, 1, 1, 1, 1, 1, 1]
	36283	35006	933	1	M	40	A		-1	788.475749057	[1, 1, 1, 1, 1, 1, 1, 1, 1, 1, 1, 1]
	54334	35267	18984	1	M	92	A		-1	788.65603309	[1, 1, 1, 1, 1, 1, 1, 1, 1, 1, 1, 1]
	43272	35102	7922	1	M	80	A		-1	788.865568164	[1, 1, 1, 1, 1, 1, 1, 1, 1, 1, 1, 1]
	40265	35231	4915	1	M	35	A		-1	789.22176121	[1, 1, 1, 1, 1, 1, 1, 1, 1, 1, 1, 1]
	67152	35102	31802	1	M	27	A		-1	789.459350191	[1, 1, 1, 1, 1, 1, 1, 1, 1, 1, 1, 1]
	66399	35013	31049	1	M	14	A		-1	790.406377405	[1, 1, 1, 1, 1, 1, 1, 1, 1, 1, 1, 1]
	65040	35154	29690	1	M	93	A		-1	790.539430645	[1, 1, 1, 1, 1, 1, 1, 1, 1, 1, 0, 0]
	61553	35065	26203	1	M	81	A		-1	791.008664334	[1, 1, 1, 1, 1, 1, 1, 1, 1, 1, 1, 0]
	58447	35267	23097	1	M	73	A		-1	791.037841304	[1, 1, 1, 1, 1, 1, 1, 0, 1, 1, 1, 1]
	59205	35307	23855	1	M	92	A		-1	791.114566709	[1, 1, 1, 1, 0, 1, 1, 0, 1, 1, 1, 1]
	67285	35159	31935	1	M	94	A		-1	791.757328777	[1, 1, 1, 1, 1, 1, 1, 1, 1, 1, 1, 1]
	41947	35154	6597	1	M	44	A		-1	791.974425112	[1, 1, 1, 1, 1, 1, 0, 1, 1, 1, 1, 1]
	42093	35328	6743	1	M	26	A		-1	792.591758918	[1, 0, 1, 1, 1, 1, 1, 1, 1, 1, 1, 1]
	45174	35337	9824	1	M	8	A		-1	792.833289944	[1, 1, 1, 1, 1, 1, 1, 1, 1, 1, 1, 1]
	39200	35267	3850	1	M	1	A		-1	793.401658004	[1, 1, 1, 1, 1, 1, 1, 1, 1, 1, 1, 1]
	48967	35328	13617	1	M	10	A		-1	793.704314766	[1, 1, 1, 1, 1, 1, 1, 1, 1, 1, 1, 1]
	56324	35139	20974	1	M	54	A		-1	794.344469024	[1, 1, 1, 1, 1, 1, 1, 1, 1, 1, 1, 1]
	39684	35267	4334	1	M	2	A		-1	795.186878187	[0, 1, 1, 1, 1, 1, 1, 1, 1, 1, 1, 1]
	38444	35183	3094	1	M	63	A		-1	795.20261269	[1, 1, 1, 1, 1, 1, 1, 1, 1, 1, 1, 1]
	44711	35328	9361	1	M	82	A		-1	795.690557084	[1, 1, 1, 1, 1, 1, 1, 1, 1, 1, 1, 0]
	69540	35013	34190	1	M	25	A		-1	796.061913827	[1, 1, 1, 1, 1, 1, 1, 1, 1, 1, 1, 0]
	36874	35076	1524	1	M	6	A		-1	796.095189548	[1, 1, 1, 1, 1, 1, 1, 1, 1, 1, 1, 1]
	63758	35150	28408	1	M	96	A		-1	796.27155093	[1, 1, 1, 1, 1, 1, 1, 1, 1, 1, 1, 1]
	65463	35154	30113	1	M	5	A		-1	796.3414466	[1, 1, 1, 1, 1, 1, 1, 1, 1, 1, 1, 1]
	69633	35307	34283	1	M	0	A		-1	796.481294645	[1, 1, 1, 1, 1, 1, 1, 0, 1, 1, 1, 1]
	56010	35151	20660	1	M	41	A		-1	797.557542184	[1, 1, 1, 1, 1, 1, 1, 1, 1, 1, 1, 1]
	39567	35006	4217	1	M	37	A		-1	797.63112427	[0, 1, 1, 1, 1, 0, 1, 1, 1, 1, 1, 1]
	59586	35060	24236	1	M	10	A		-1	797.703159569	[1, 1, 1, 1, 1, 1, 1, 1, 1, 1, 1, 1]
	51179	35006	15829	1	M	65	A		-1	798.018060584	[1, 1, 1, 1, 1, 0, 1, 1, 1, 1, 1, 1]
	52478	35213	17128	1	M	28	A		-1	798.355093802	[1, 1, 1, 1, 1, 1, 1, 1, 1, 1, 1, 1]
	38521	35102	3171	1	M	75	A		-1	798.592354183	[1, 1, 1, 1, 1, 1, 1, 1, 1, 1, 1, 1]
	40233	35308	4883	1	M	66	A		-1	798.98260513	[1, 1, 1, 1, 1, 1, 1, 1, 1, 1, 1, 1]
	35013	0	0	-5	M	20	A		-1	799.002219935	[1.0, 1.0, 1.0, 1.0, 1.0, 1.0, 1.0, 1.0, 1.0, 1.0, 1.0, 1.0]
	45720	35133	10370	1	M	49	A		-1	799.27902147	[1, 1, 1, 1, 1, 1, 1, 1, 1, 1, 1, 1]
	45775	35151	10425	1	M	93	A		-1	799.437537377	[1, 1, 1, 1, 1, 1, 1, 1, 1, 1, 1, 1]
	65925	35267	30575	1	M	91	A		-1	799.573780767	[1, 1, 1, 1, 1, 1, 1, 1, 1, 1, 1, 1]
	63067	35036	27717	1	M	86	A		-1	800.693023365	[1, 1, 1, 1, 1, 1, 1, 1, 1, 1, 1, 1]
	52897	35013	17547	1	M	7	A		-1	800.92898741	[1, 1, 1, 1, 1, 1, 1, 1, 1, 1, 1, 1]
	54297	35164	18947	1	M	33	A		-1	800.965156503	[1, 1, 1, 1, 1, 1, 1, 1, 1, 1, 1, 1]
	41107	35023	5757	1	M	73	A		-1	801.103137317	[1, 1, 1, 1, 1, 1, 1, 1, 1, 1, 1, 1]
	69950	35139	34600	1	M	91	A		-1	801.335337151	[1, 1, 1, 1, 1, 1, 1, 1, 1, 1, 1, 1]
	39440	35096	4090	1	M	53	A		-1	801.562030392	[1, 1, 1, 0, 1, 1, 1, 1, 1, 1, 1, 1]
	38270	35183	2920	1	M	14	A		-1	802.367263419	[1, 1, 1, 1, 1, 1, 1, 1, 1, 1, 1, 1]
	65818	35307	30468	1	M	34	A		-1	803.11026582	[1, 1, 1, 1, 1, 1, 1, 1, 1, 1, 1, 1]
	52736	35128	17386	1	M	82	A		-1	803.141399732	[1, 1, 1, 1, 1, 1, 1, 1, 1, 1, 1, 1]
	35139	0	0	-3	M	69	A		-1	803.295723878	[1.0, 1.0, 1.0, 1.0, 1.0, 1.0, 1.0, 1.0, 1.0, 1.0, 1.0, 1.0]
	41789	35068	6439	1	M	27	A		-1	804.066696378	[1, 1, 1, 1, 1, 1, 1, 1, 1, 1, 1, 1]
	45192	35164	9842	1	M	11	A		-1	804.246210564	[1, 1, 1, 1, 1, 1, 1, 1, 1, 1, 1, 1]
	35928	35151	578	1	M	56	A		-1	804.325436166	[1, 1, 1, 1, 1, 1, 1, 1, 1, 1, 1, 1]
	63239	35076	27889	1	M	40	A		-1	804.664473382	[1, 1, 1, 1, 1, 1, 1, 1, 1, 1, 1, 1]
	46529	35006	11179	1	M	76	A		-1	805.041045633	[1, 1, 1, 1, 1, 1, 1, 1, 1, 1, 1, 1]
	35231	0	0	0	M	11	A		-1	805.795526629	[1.0, 1.0, 1.0, 1.0, 1.0, 1.0, 1.0, 1.0, 1.0, 1.0, 1.0, 1.0]
	59358	35076	24008	1	M	44	A		-1	805.834964106	[1, 1, 1, 1, 1, 1, 1, 1, 1, 1, 1, 1]
	38581	35301	3231	1	M	90	A		-1	806.814938215	[1, 1, 1, 0, 1, 1, 1, 1, 1, 1, 1, 1]
	52901	35139	17551	1	M	77	A		-1	806.965549778	[1, 1, 1, 1, 0, 1, 1, 1, 1, 1, 1, 1]
	68997	35231	33647	1	M	29	A		-1	807.604101845	[1, 1, 1, 1, 1, 1, 1, 1, 1, 1, 1, 1]
	46474	35023	11124	1	M	70	A		-1	807.826782203	[1, 1, 1, 1, 1, 1, 1, 1, 1, 1, 1, 1]
	62209	35154	26859	1	M	89	A		-1	808.145115073	[1, 1, 1, 1, 1, 1, 1, 1, 1, 1, 1, 1]
	68521	35337	33171	1	M	77	A		-1	808.216592391	[1, 1, 1, 1, 1, 1, 1, 1, 1, 1, 1, 1]
	70077	35079	34727	1	M	46	A		-1	808.466261153	[1, 1, 1, 1, 1, 1, 1, 1, 1, 1, 1, 1]
	69569	35068	34219	1	M	98	A		-1	808.521690316	[1, 1, 1, 1, 1, 1, 1, 1, 1, 1, 1, 1]
	53911	35154	18561	1	M	68	A		-1	808.801343078	[1, 1, 1, 1, 1, 1, 1, 1, 1, 1, 1, 1]
	54293	35171	18943	1	M	82	A		-1	808.81237085	[1, 1, 1, 1, 1, 1, 0, 1, 1, 1, 1, 1]
	61570	35337	26220	1	M	58	A		-1	809.72716177	[1, 1, 1, 1, 1, 1, 1, 1, 1, 1, 1, 1]
	43887	35164	8537	1	M	36	A		-1	809.761483218	[1, 1, 1, 1, 1, 1, 1, 1, 1, 1, 1, 1]
	64733	35307	29383	1	M	73	A		-1	810.312677367	[1, 1, 1, 1, 1, 1, 1, 1, 1, 1, 1, 1]
	65393	35301	30043	1	M	11	A		-1	810.476311958	[1, 1, 1, 0, 1, 1, 1, 1, 1, 1, 1, 1]
	64594	35139	29244	1	M	46	A		-1	810.856455678	[1, 1, 1, 1, 1, 1, 1, 1, 1, 1, 1, 1]
	35600	35183	250	1	M	8	A		-1	811.754663158	[1, 1, 1, 1, 1, 1, 1, 1, 1, 1, 1, 1]
	69958	35052	34608	1	M	18	A		-1	812.278720611	[1, 1, 1, 1, 1, 1, 1, 1, 1, 1, 1, 1]
	38849	35297	3499	1	M	35	A		-1	812.711735316	[1, 0, 1, 1, 1, 1, 1, 1, 1, 1, 1, 1]
	36663	35231	1313	1	M	46	A		-1	813.558843304	[1, 1, 1, 1, 1, 1, 1, 1, 1, 1, 1, 1]
	56803	35267	21453	1	M	20	A		-1	813.826919481	[1, 1, 1, 1, 1, 1, 1, 0, 1, 1, 1, 1]
	53769	35159	18419	1	M	36	A		-1	814.018736337	[1, 1, 1, 1, 1, 1, 1, 1, 1, 1, 1, 1]
	37095	35272	1745	1	M	51	A		-1	814.643962297	[1, 1, 1, 1, 1, 1, 1, 1, 1, 1, 1, 1]
	50776	35006	15426	1	M	7	A		-1	815.287731626	[1, 1, 1, 1, 1, 0, 1, 1, 1, 1, 1, 1]
	52674	35079	17324	1	M	48	A		-1	816.329684805	[1, 1, 1, 1, 1, 1, 1, 1, 1, 1, 1, 1]
	60602	35231	25252	1	M	2	A		-1	816.587892014	[1, 1, 1, 1, 1, 1, 1, 1, 1, 1, 1, 1]
	45152	35102	9802	1	M	16	A		-1	816.918092351	[1, 0, 1, 1, 1, 1, 1, 1, 1, 1, 1, 1]
	35409	35068	59	1	M	8	A		-1	817.819999338	[1, 1, 1, 1, 1, 1, 1, 1, 1, 1, 1, 1]
	57845	35065	22495	1	M	66	A		-1	817.850641877	[1, 1, 1, 1, 1, 1, 1, 1, 1, 1, 1, 1]
	45028	35159	9678	1	M	24	A		-1	818.012093063	[1, 1, 1, 1, 1, 1, 1, 1, 1, 1, 1, 1]
	64384	35337	29034	1	M	25	A		-1	818.812072818	[1, 1, 1, 1, 1, 1, 1, 1, 1, 1, 1, 1]
	42526	35171	7176	1	M	73	A		-1	818.893434614	[1, 1, 1, 1, 1, 1, 0, 1, 1, 1, 1, 1]
	38359	35133	3009	1	M	65	A		-1	819.432649013	[1, 1, 1, 1, 1, 1, 1, 1, 1, 1, 1, 1]
	53493	35328	18143	1	M	85	A		-1	819.693143553	[1, 1, 1, 1, 1, 1, 1, 1, 1, 1, 1, 1]
	43927	35060	8577	1	M	16	A		-1	819.91719808	[1, 1, 1, 1, 1, 1, 1, 1, 1, 1, 1, 1]
	39585	35133	4235	1	M	24	A		-1	820.089870419	[1, 1, 1, 1, 1, 1, 1, 1, 1, 1, 1, 1]
	51017	35023	15667	1	M	80	A		-1	820.804994981	[1, 1, 1, 1, 1, 1, 1, 1, 1, 1, 1, 1]
	43275	35308	7925	1	M	1	A		-1	821.125217998	[1, 1, 1, 1, 1, 1, 1, 1, 1, 1, 1, 1]
	66355	35096	31005	1	M	63	A		-1	821.358633557	[1, 1, 1, 1, 1, 1, 1, 1, 1, 1, 1, 1]
	63019	35308	27669	1	M	91	A		-1	821.579994464	[1, 1, 1, 1, 1, 1, 1, 1, 1, 1, 1, 0]
	38861	35267	3511	1	M	16	A		-1	821.709526584	[1, 1, 1, 1, 1, 1, 1, 1, 1, 1, 1, 0]
	63321	35154	27971	1	M	60	A		-1	823.197606789	[1, 1, 1, 1, 1, 1, 1, 1, 1, 1, 1, 1]
	58041	35154	22691	1	M	87	A		-1	823.315524433	[1, 1, 1, 1, 1, 1, 1, 1, 1, 1, 1, 1]
	55356	35159	20006	1	M	88	A		-1	823.65724395	[1, 1, 1, 1, 1, 1, 1, 1, 1, 1, 1, 1]
	55737	35060	20387	1	M	31	A		-1	823.963416622	[1, 1, 1, 1, 1, 1, 1, 1, 1, 1, 1, 1]
	63942	35337	28592	1	M	77	A		-1	824.054644261	[1, 1, 1, 1, 1, 1, 1, 1, 1, 1, 1, 1]
	56403	35013	21053	1	M	42	A		-1	824.090503508	[1, 1, 1, 1, 1, 1, 1, 1, 1, 1, 1, 1]
	65642	35102	30292	1	M	14	A		-1	824.618323334	[1, 1, 1, 1, 1, 1, 1, 1, 1, 1, 1, 1]
	35950	35068	600	1	M	55	A		-1	825.121287056	[1, 1, 1, 1, 1, 1, 1, 1, 1, 1, 1, 1]
	37084	35150	1734	1	M	16	A		-1	825.503801586	[1, 1, 1, 1, 1, 1, 1, 1, 1, 1, 1, 1]
	46031	35013	10681	1	M	5	A		-1	825.71496691	[1, 1, 1, 1, 1, 1, 1, 1, 1, 1, 1, 1]
	69004	35154	33654	1	M	11	A		-1	825.974644007	[1, 1, 1, 1, 1, 1, 1, 1, 1, 1, 1, 1]
	49755	35297	14405	1	M	23	A		-1	826.103256245	[1, 1, 1, 0, 0, 1, 1, 1, 1, 1, 1, 1]
	65089	35307	29739	1	M	13	A		-1	826.729810995	[0, 1, 1, 1, 1, 1, 1, 0, 1, 1, 1, 1]
	63246	35065	27896	1	M	12	A		-1	826.732442991	[1, 1, 1, 1, 1, 1, 1, 1, 1, 1, 1, 1]
	44580	35302	9230	1	M	39	A		-1	827.457580963	[1, 1, 1, 1, 1, 1, 1, 1, 1, 1, 1, 1]
	45492	35154	10142	1	M	5	A		-1	827.663799619	[1, 1, 1, 1, 1, 1, 1, 1, 1, 1, 1, 1]
	68471	35065	33121	1	M	87	A		-1	829.246342692	[1, 1, 1, 1, 1, 1, 1, 1, 1, 1, 1, 1]
	47681	35139	12331	1	M	71	A		-1	829.617357616	[1, 1, 0, 1, 1, 1, 1, 1, 1, 1, 1, 1]
	55017	35013	19667	1	M	51	A		-1	829.773193383	[1, 1, 1, 1, 1, 1, 1, 1, 1, 1, 1, 1]
	59144	35171	23794	1	M	45	A		-1	829.867218287	[1, 1, 1, 1, 1, 1, 1, 1, 1, 1, 1, 1]
	54232	35231	18882	1	M	58	A		-1	829.92960043	[1, 1, 1, 1, 1, 1, 1, 1, 1, 1, 1, 1]
	52836	35328	17486	1	M	72	A		-1	830.291903312	[1, 1, 1, 1, 1, 1, 1, 1, 1, 1, 1, 1]
	56463	35307	21113	1	M	82	A		-1	830.521505378	[1, 1, 1, 1, 1, 1, 1, 1, 1, 1, 1, 1]
	47611	35150	12261	1	M	18	A		-1	830.633112781	[1, 1, 1, 1, 1, 1, 1, 1, 1, 1, 1, 1]
	53312	35308	17962	1	M	22	A		-1	830.634965513	[1, 1, 1, 1, 1, 1, 1, 1, 1, 1, 1, 1]
	56342	35302	20992	1	M	12	A		-1	830.798168183	[1, 1, 1, 1, 1, 1, 1, 1, 1, 1, 1, 1]
	48606	35337	13256	1	M	87	A		-1	831.092871814	[1, 1, 1, 1, 1, 1, 1, 1, 1, 1, 1, 1]
	68211	35159	32861	1	M	32	A		-1	831.428324651	[1, 1, 1, 1, 1, 1, 1, 1, 1, 1, 1, 1]
	67635	35267	32285	1	M	96	A		-1	832.531070029	[1, 1, 1, 1, 1, 1, 1, 1, 1, 1, 1, 1]
	53146	35328	17796	1	M	59	A		-1	833.038468099	[1, 1, 0, 1, 1, 1, 1, 1, 1, 1, 1, 1]
	35499	35068	149	1	M	20	A		-1	833.547971278	[1, 1, 1, 1, 1, 1, 1, 1, 1, 1, 1, 1]
	40980	35308	5630	1	M	96	A		-1	833.689756885	[1, 1, 1, 1, 1, 1, 1, 1, 1, 1, 1, 1]
	67018	35337	31668	1	M	7	A		-1	834.071180566	[1, 1, 1, 1, 1, 1, 1, 1, 1, 1, 1, 1]
	51895	35068	16545	1	M	93	A		-1	834.130247123	[1, 1, 1, 1, 1, 1, 1, 1, 1, 1, 1, 1]
	51023	35102	15673	1	M	69	A		-1	834.874117624	[1, 1, 1, 1, 1, 1, 1, 1, 1, 1, 1, 1]
	67551	35231	32201	1	M	8	A		-1	835.432332825	[1, 1, 1, 1, 1, 1, 1, 1, 1, 1, 1, 1]
	66760	35151	31410	1	M	4	A		-1	835.747890288	[1, 1, 1, 1, 1, 1, 1, 1, 1, 1, 1, 1]
	67444	35102	32094	1	M	87	A		-1	836.185075862	[1, 1, 1, 1, 1, 1, 1, 1, 1, 1, 1, 1]
	44345	35267	8995	1	M	98	A		-1	837.452131509	[1, 1, 1, 1, 1, 1, 1, 1, 1, 1, 1, 1]
	40930	35272	5580	1	M	91	A		-1	838.647189389	[1, 1, 1, 1, 1, 1, 1, 1, 1, 1, 1, 1]
	44788	35213	9438	1	M	67	A		-1	838.827603542	[1, 1, 1, 1, 1, 1, 1, 1, 1, 1, 1, 1]
	64242	35267	28892	1	M	66	A		-1	839.047069247	[0, 1, 1, 1, 1, 1, 1, 1, 1, 1, 1, 1]
	46514	35096	11164	1	M	56	A		-1	839.194942437	[1, 1, 1, 1, 1, 1, 1, 1, 1, 1, 1, 0]
	46544	35139	11194	1	M	26	A		-1	839.713442489	[1, 1, 1, 1, 1, 1, 1, 1, 1, 1, 1, 1]
	40993	35267	5643	1	M	84	A		-1	839.816957618	[1, 1, 1, 1, 1, 1, 1, 1, 1, 1, 1, 1]
	41581	35068	6231	1	M	20	A		-1	840.053334601	[1, 1, 1, 1, 1, 1, 1, 1, 1, 1, 1, 1]
	59338	35065	23988	1	M	80	A		-1	840.107677011	[1, 1, 1, 1, 1, 1, 1, 1, 1, 1, 1, 1]
	69603	35301	34253	1	M	56	A		-1	840.872945467	[1, 1, 1, 1, 1, 1, 1, 1, 1, 1, 1, 1]
	41145	35065	5795	1	M	92	A		-1	840.943983766	[1, 1, 1, 1, 1, 1, 1, 1, 1, 1, 1, 1]
	50399	35267	15049	1	M	34	A		-1	841.212147893	[1, 1, 1, 1, 1, 1, 1, 1, 1, 1, 1, 1]
	56691	35013	21341	1	M	79	A		-1	841.699926451	[1, 1, 1, 1, 1, 1, 1, 1, 1, 1, 1, 1]
	56836	35183	21486	1	M	58	A		-1	841.745957195	[1, 1, 1, 1, 1, 1, 1, 1, 1, 1, 1, 1]
	38947	35023	3597	1	M	80	A		-1	841.932812909	[1, 1, 1, 1, 1, 1, 1, 1, 1, 1, 1, 1]
	53771	35267	18421	1	M	79	A		-1	841.946660722	[1, 1, 1, 1, 1, 1, 1, 1, 1, 1, 1, 1]
	38226	35068	2876	1	M	23	A		-1	842.313561186	[1, 1, 1, 1, 1, 1, 1, 1, 1, 1, 1, 0]
	65248	35065	29898	1	M	37	A		-1	842.345071467	[1, 1, 1, 1, 1, 1, 1, 1, 1, 1, 1, 1]
	53291	35301	17941	1	M	26	A		-1	842.564026833	[1, 1, 1, 0, 1, 1, 1, 1, 1, 1, 1, 1]
	47591	35154	12241	1	M	58	A		-1	843.005760532	[1, 1, 1, 1, 1, 1, 1, 1, 1, 1, 1, 1]
	64172	35307	28822	1	M	0	A		-1	843.058208049	[1, 1, 1, 1, 1, 1, 1, 0, 1, 1, 1, 1]
	65948	35231	30598	1	M	13	A		-1	843.145646956	[1, 1, 0, 1, 1, 1, 1, 1, 1, 1, 1, 1]
	36603	35297	1253	1	M	55	A		-1	843.176560894	[1, 1, 1, 1, 1, 1, 1, 1, 1, 1, 1, 1]
	59104	35139	23754	1	M	4	A		-1	843.246973875	[1, 1, 1, 1, 1, 1, 1, 1, 1, 1, 1, 1]
	36943	35133	1593	1	M	59	A		-1	843.249952665	[1, 1, 1, 1, 1, 1, 1, 1, 1, 1, 1, 1]
	42156	35013	6806	1	M	99	A		-1	843.733335793	[1, 1, 1, 1, 1, 1, 1, 1, 1, 1, 1, 1]
	47277	35307	11927	1	M	54	A		-1	843.855743536	[1, 1, 1, 1, 1, 1, 1, 0, 1, 1, 1, 1]
	66379	35154	31029	1	M	5	A		-1	844.013196052	[1, 1, 1, 1, 1, 1, 1, 1, 1, 1, 1, 1]
	43949	35171	8599	1	M	89	A		-1	844.250268053	[1, 1, 1, 1, 1, 1, 1, 1, 1, 1, 1, 1]
	68367	35302	33017	1	M	25	A		-1	844.687140933	[1, 1, 1, 1, 1, 1, 1, 1, 1, 1, 1, 1]
	56060	35328	20710	1	M	72	A		-1	846.764192713	[1, 1, 1, 1, 1, 1, 1, 1, 1, 1, 1, 1]
	35732	35183	382	1	M	17	A		-1	847.072304669	[1, 1, 1, 1, 1, 1, 1, 1, 1, 1, 1, 1]
	49257	35013	13907	1	M	88	A		-1	847.112656722	[1, 1, 1, 1, 1, 1, 1, 1, 1, 1, 1, 1]
	52615	35013	17265	1	M	21	A		-1	847.600080424	[1, 1, 1, 1, 1, 1, 1, 1, 1, 1, 1, 1]
	49256	35013	13906	1	M	42	A		-1	847.785383648	[1, 1, 1, 1, 1, 1, 1, 1, 1, 1, 1, 1]
	41861	35151	6511	1	M	26	A		-1	847.990386287	[1, 1, 1, 1, 1, 1, 1, 1, 1, 1, 1, 1]
	55626	35213	20276	1	M	61	A		-1	848.147113611	[1, 1, 1, 0, 1, 1, 1, 1, 1, 1, 1, 1]
	36730	35139	1380	1	M	49	A		-1	848.648589468	[1, 1, 1, 1, 1, 1, 1, 1, 1, 1, 1, 1]
	46338	35036	10988	1	M	32	A		-1	849.466046759	[1, 1, 1, 1, 1, 1, 1, 1, 1, 1, 1, 1]
	57170	35154	21820	1	M	34	A		-1	850.248832052	[1, 1, 1, 1, 1, 1, 1, 1, 1, 1, 1, 0]
	37871	35052	2521	1	M	63	A		-1	851.325146909	[1, 1, 1, 1, 1, 1, 1, 1, 1, 1, 1, 1]
	39444	35139	4094	1	M	96	A		-1	852.336751772	[1, 1, 1, 1, 1, 1, 1, 1, 1, 1, 1, 1]
	39561	35307	4211	1	M	9	A		-1	852.882486364	[1, 1, 1, 1, 1, 1, 1, 0, 1, 1, 1, 1]
	50458	35267	15108	1	M	19	A		-1	852.979487409	[1, 1, 1, 1, 1, 1, 1, 1, 1, 1, 1, 1]
	41290	35213	5940	1	M	61	A		-1	853.128502664	[1, 1, 1, 1, 1, 1, 1, 1, 1, 1, 1, 1]
	46011	35139	10661	1	M	26	A		-1	853.191787434	[1, 1, 1, 1, 1, 1, 1, 1, 1, 1, 1, 1]
	62189	35231	26839	1	M	21	A		-1	853.727578619	[1, 1, 1, 1, 1, 1, 1, 0, 1, 1, 1, 1]
	61038	35301	25688	1	M	26	A		-1	854.232616871	[1, 1, 1, 0, 1, 1, 1, 1, 1, 1, 1, 1]
	43533	35102	8183	1	M	68	A		-1	854.856493611	[1, 1, 1, 1, 1, 1, 1, 1, 1, 1, 1, 1]
	68842	35337	33492	1	M	23	A		-1	855.629776793	[1, 1, 1, 1, 1, 1, 1, 1, 1, 1, 1, 1]
	38571	35065	3221	1	M	65	A		-1	855.983588318	[1, 1, 1, 0, 1, 1, 1, 1, 1, 1, 1, 1]
	68381	35150	33031	1	M	8	A		-1	856.429211853	[1, 1, 1, 1, 1, 1, 1, 1, 1, 1, 1, 1]
	37058	35213	1708	1	M	70	A		-1	856.610853811	[1, 1, 1, 1, 1, 1, 1, 1, 1, 1, 1, 1]
	51519	35165	16169	1	M	43	A		-1	856.75594787	[1, 1, 1, 1, 1, 1, 1, 1, 1, 1, 1, 1]
	61279	35023	25929	1	M	64	A		-1	856.953443045	[1, 1, 1, 1, 1, 1, 1, 1, 1, 1, 1, 1]
	56810	35065	21460	1	M	100	A		-1	858.762620567	[1, 1, 1, 1, 1, 1, 1, 1, 1, 1, 1, 1]
	69262	35060	33912	1	M	95	A		-1	859.312477612	[1, 1, 1, 1, 1, 1, 1, 1, 1, 1, 1, 1]
	56397	35342	21047	1	M	86	A		-1	859.574364643	[0, 1, 1, 0, 1, 1, 1, 1, 1, 1, 1, 1]
	36129	35328	779	1	M	82	A		-1	859.775676033	[1, 1, 0, 1, 1, 1, 1, 1, 1, 1, 1, 1]
	68799	35013	33449	1	M	29	A		-1	860.722129567	[1, 1, 1, 1, 1, 1, 1, 1, 1, 1, 1, 1]
	42855	35139	7505	1	M	50	A		-1	861.270839935	[1, 1, 1, 1, 1, 1, 1, 1, 1, 1, 1, 1]
	36306	35150	956	1	M	45	A		-1	861.859126064	[1, 1, 1, 1, 1, 1, 1, 1, 1, 1, 1, 1]
	52050	35154	16700	1	M	54	A		-1	862.009438193	[1, 1, 1, 1, 1, 1, 1, 1, 1, 1, 1, 1]
	37602	35013	2252	1	M	55	A		-1	862.315479575	[1, 1, 1, 1, 1, 0, 1, 1, 1, 1, 1, 1]
	53855	35154	18505	1	M	56	A		-1	862.608972701	[1, 1, 1, 1, 1, 1, 1, 1, 1, 1, 1, 1]
	56172	35023	20822	1	M	93	A		-1	863.718032668	[1, 1, 1, 1, 1, 1, 1, 1, 1, 1, 1, 1]
	58627	35183	23277	1	M	11	A		-1	866.530797345	[1, 1, 0, 1, 1, 1, 1, 1, 1, 1, 1, 1]
	42002	35165	6652	1	M	95	A		-1	866.93084931	[1, 1, 1, 1, 1, 1, 1, 1, 1, 1, 1, 1]
	54888	35068	19538	1	M	31	A		-1	869.848901221	[1, 1, 1, 1, 1, 1, 1, 1, 1, 1, 1, 1]
	65865	35006	30515	1	M	29	A		-1	870.148513488	[1, 1, 1, 1, 1, 0, 1, 1, 1, 1, 1, 1]
	43538	35052	8188	1	M	87	A		-1	870.406714443	[1, 1, 1, 1, 1, 1, 1, 1, 1, 1, 1, 1]
	51983	35308	16633	1	M	18	A		-1	871.084545377	[1, 1, 1, 1, 1, 1, 1, 1, 1, 1, 1, 1]
	49948	35231	14598	1	M	47	A		-1	872.12952391	[1, 1, 1, 1, 1, 1, 1, 1, 1, 1, 1, 1]
	56097	35272	20747	1	M	87	A		-1	872.594007537	[1, 1, 1, 1, 1, 1, 1, 1, 1, 1, 1, 1]
	36567	35013	1217	1	M	90	A		-1	874.296512963	[1, 1, 1, 1, 1, 1, 1, 1, 1, 1, 1, 1]
	45058	35171	9708	1	M	29	A		-1	874.675691728	[1, 1, 1, 1, 1, 1, 0, 1, 1, 1, 1, 1]
	35844	35139	494	1	M	54	A		-1	874.692758937	[1, 1, 1, 1, 1, 1, 1, 1, 1, 1, 1, 1]
	37720	35301	2370	1	M	57	A		-1	877.145742192	[1, 1, 1, 0, 1, 1, 1, 1, 1, 1, 1, 1]
	64959	35013	29609	1	M	40	A		-1	877.657688704	[1, 1, 1, 1, 1, 1, 1, 1, 1, 1, 1, 0]
	45119	35308	9769	1	M	71	A		-1	878.499284284	[1, 1, 1, 1, 1, 1, 1, 1, 1, 1, 1, 1]
	47083	35267	11733	1	M	42	A		-1	878.526372901	[1, 1, 1, 1, 1, 1, 1, 1, 1, 1, 1, 1]
	59028	35065	23678	1	M	17	A		-1	878.969376847	[1, 1, 1, 1, 1, 1, 1, 1, 1, 1, 1, 1]
	47722	35102	12372	1	M	53	A		-1	879.976897301	[1, 1, 1, 1, 1, 1, 1, 1, 1, 1, 1, 1]
	58400	35036	23050	1	M	46	A		-1	880.746400592	[1, 1, 1, 1, 1, 1, 1, 1, 1, 1, 1, 1]
	69393	35013	34043	1	M	97	A		-1	881.135672532	[1, 1, 1, 1, 1, 1, 1, 1, 1, 1, 1, 1]
	55080	35102	19730	1	M	42	A		-1	881.883046417	[1, 1, 1, 1, 1, 1, 1, 1, 1, 1, 1, 1]
	66539	35154	31189	1	M	81	A		-1	882.494360341	[1, 1, 1, 1, 1, 1, 1, 1, 1, 1, 1, 1]
	52556	35128	17206	1	M	50	A		-1	883.415495368	[1, 1, 1, 1, 1, 1, 1, 1, 1, 1, 1, 1]
	69552	35328	34202	1	M	22	A		-1	883.447131195	[1, 1, 1, 1, 1, 1, 1, 1, 1, 1, 1, 1]
	68100	35307	32750	1	M	73	A		-1	883.61166739	[1, 1, 1, 1, 1, 1, 1, 1, 1, 1, 1, 1]
	38273	35068	2923	1	M	18	A		-1	887.032928052	[1, 1, 1, 0, 1, 1, 1, 1, 1, 1, 1, 1]
	63962	35213	28612	1	M	41	A		-1	887.046860748	[1, 1, 1, 1, 1, 1, 1, 1, 1, 1, 1, 1]
	44310	35183	8960	1	M	13	A		-1	887.552125508	[1, 1, 1, 1, 1, 1, 1, 1, 1, 1, 1, 0]
	69370	35231	34020	1	M	88	A		-1	888.422185124	[1, 1, 1, 1, 1, 1, 1, 1, 1, 1, 1, 1]
	46444	35272	11094	1	M	6	A		-1	890.312139492	[1, 1, 1, 1, 1, 1, 1, 1, 1, 1, 1, 0]
	64069	35231	28719	1	M	83	A		-1	890.390693719	[1, 1, 1, 1, 1, 1, 1, 1, 1, 1, 1, 1]
	40301	35301	4951	1	M	60	A		-1	890.54055817	[1, 1, 1, 0, 1, 1, 1, 1, 1, 1, 1, 1]
	36791	35337	1441	1	M	33	A		-1	892.209396915	[1, 1, 1, 1, 1, 1, 1, 1, 1, 1, 1, 1]
	36105	35297	755	1	M	78	A		-1	892.639093822	[1, 1, 1, 1, 1, 1, 1, 1, 1, 1, 1, 1]
	69104	35096	33754	1	M	99	A		-1	894.538363459	[1, 1, 1, 1, 1, 1, 1, 1, 1, 1, 1, 1]
	55804	35231	20454	1	M	10	A		-1	895.303228253	[1, 1, 1, 1, 1, 1, 1, 1, 1, 1, 1, 1]
	49516	35139	14166	1	M	40	A		-1	897.674051935	[1, 1, 0, 0, 1, 0, 1, 1, 1, 1, 1, 1]
	41629	35342	6279	1	M	43	A		-1	897.701582828	[0, 1, 1, 1, 1, 1, 1, 1, 1, 1, 1, 1]
	65320	35013	29970	1	M	77	A		-1	897.990080226	[1, 1, 1, 1, 1, 1, 1, 1, 1, 1, 1, 1]
	49176	35139	13826	1	M	64	A		-1	898.334848991	[1, 1, 1, 1, 1, 1, 1, 1, 1, 1, 1, 1]
	55834	35096	20484	1	M	89	A		-1	898.373964148	[1, 1, 1, 1, 1, 1, 1, 1, 1, 1, 1, 0]
	54966	35231	19616	1	M	94	A		-1	899.631495702	[1, 1, 1, 1, 1, 0, 1, 1, 1, 1, 1, 1]
	63785	35013	28435	1	M	62	A		-1	900.429968045	[1, 1, 1, 1, 1, 1, 1, 1, 1, 1, 1, 1]
	69754	35337	34404	1	M	46	A		-1	900.545261017	[1, 1, 1, 1, 1, 1, 1, 1, 1, 1, 1, 1]
	53809	35079	18459	1	M	7	A		-1	906.04955019	[1, 1, 1, 1, 1, 1, 1, 1, 1, 1, 1, 1]
	58292	35068	22942	1	M	64	A		-1	906.2891535	[1, 1, 1, 1, 1, 1, 1, 1, 1, 1, 1, 0]
	50210	35301	14860	1	M	62	A		-1	907.270798228	[1, 1, 1, 1, 1, 1, 1, 1, 1, 1, 1, 1]
	49483	35171	14133	1	M	23	A		-1	910.515588787	[1, 1, 1, 0, 1, 1, 0, 1, 1, 1, 1, 1]
	47325	35154	11975	1	M	21	A		-1	911.810066465	[1, 1, 1, 1, 1, 1, 1, 1, 1, 1, 1, 1]
	67359	35065	32009	1	M	55	A		-1	912.2600022	[1, 0, 1, 1, 1, 1, 1, 1, 1, 1, 1, 1]
	36097	35183	747	1	M	55	A		-1	914.421211515	[1, 1, 1, 1, 1, 1, 1, 1, 1, 1, 1, 1]
	59534	35154	24184	1	M	4	A		-1	916.410292344	[1, 1, 1, 1, 1, 1, 1, 1, 1, 1, 1, 1]
	38096	35159	2746	1	M	22	A		-1	918.203728974	[1, 1, 1, 1, 1, 1, 1, 1, 1, 1, 1, 1]
	53105	35065	17755	1	M	86	A		-1	918.394068044	[1, 1, 1, 1, 1, 1, 1, 1, 1, 1, 1, 1]
	68699	35079	33349	1	M	72	A		-1	918.649939227	[1, 1, 1, 1, 1, 1, 1, 1, 1, 1, 1, 1]
	48152	35164	12802	1	M	74	A		-1	918.738992674	[1, 1, 1, 1, 1, 1, 1, 1, 1, 1, 1, 1]
	64374	35301	29024	1	M	86	A		-1	921.7767361	[1, 1, 1, 1, 1, 1, 1, 1, 1, 1, 1, 1]
	55989	35139	20639	1	M	55	A		-1	925.636838628	[1, 1, 1, 1, 1, 1, 1, 1, 1, 1, 1, 1]
	62706	35308	27356	1	M	48	A		-1	926.460679333	[1, 1, 1, 1, 1, 1, 1, 1, 1, 1, 1, 1]
	41735	35151	6385	1	M	40	A		-1	927.497960646	[1, 1, 1, 1, 1, 1, 1, 1, 1, 1, 1, 1]
	43600	35267	8250	1	M	74	A		-1	931.614792735	[1, 1, 1, 1, 1, 1, 1, 1, 1, 1, 1, 1]
	69664	35065	34314	1	M	35	A		-1	931.939646023	[1, 1, 1, 1, 1, 1, 1, 1, 1, 1, 1, 1]
	42411	35159	7061	1	M	7	A		-1	932.48121867	[1, 1, 1, 1, 1, 1, 1, 1, 1, 1, 1, 1]
	58389	35231	23039	1	M	34	A		-1	932.62077694	[1, 1, 1, 1, 1, 1, 1, 1, 1, 1, 1, 1]
	68081	35342	32731	1	M	26	A		-1	933.134697912	[1, 1, 1, 1, 1, 1, 1, 1, 1, 1, 1, 1]
	42233	35036	6883	1	M	54	A		-1	935.619456012	[1, 1, 1, 1, 1, 1, 1, 1, 1, 1, 1, 1]
	44114	35213	8764	1	M	67	A		-1	935.635579314	[1, 0, 1, 1, 1, 1, 1, 1, 1, 1, 1, 1]
	68478	35231	33128	1	M	57	A		-1	938.266044963	[1, 1, 1, 1, 1, 1, 1, 1, 1, 1, 1, 1]
	47679	35231	12329	1	M	16	A		-1	941.939658125	[1, 1, 1, 1, 1, 1, 1, 1, 1, 1, 1, 1]
	37109	35302	1759	1	M	58	A		-1	948.396326155	[1, 1, 1, 1, 1, 1, 1, 1, 1, 1, 1, 1]
	57533	35171	22183	1	M	1	A		-1	949.729251031	[1, 1, 1, 1, 1, 1, 1, 1, 1, 1, 1, 1]
	65046	35307	29696	1	M	49	A		-1	949.752154161	[1, 1, 1, 1, 1, 1, 1, 0, 1, 1, 1, 1]
	52688	35006	17338	1	M	43	A		-1	949.84913888	[1, 1, 1, 1, 1, 0, 1, 1, 1, 1, 1, 1]
	43557	35013	8207	1	M	13	A		-1	950.11333417	[1, 1, 1, 1, 1, 1, 1, 1, 1, 1, 1, 1]
	44107	35267	8757	1	M	9	A		-1	951.490168334	[1, 1, 0, 1, 1, 1, 1, 1, 1, 1, 1, 1]
	59140	35301	23790	1	M	20	A		-1	951.974645762	[0, 1, 1, 1, 1, 1, 1, 1, 1, 1, 1, 1]
	67946	35060	32596	1	M	59	A		-1	958.359213502	[1, 1, 1, 0, 1, 1, 1, 1, 1, 1, 1, 1]
	63460	35308	28110	1	M	86	A		-1	959.571843325	[1, 1, 1, 1, 1, 0, 1, 1, 1, 1, 1, 1]
	36919	35079	1569	1	M	68	A		-1	959.969585711	[1, 1, 1, 1, 1, 1, 1, 1, 1, 1, 1, 1]
	45963	35165	10613	1	M	58	A		-1	964.223350759	[1, 1, 1, 1, 1, 1, 1, 1, 1, 1, 0, 1]
	45794	35013	10444	1	M	79	A		-1	964.331548058	[1, 1, 1, 1, 1, 1, 1, 1, 1, 1, 1, 1]
	60784	35307	25434	1	M	44	A		-1	967.731598058	[1, 1, 1, 1, 1, 1, 1, 1, 1, 1, 1, 1]
	46188	35052	10838	1	M	3	A		-1	968.268618036	[1, 1, 1, 1, 1, 1, 1, 1, 1, 1, 1, 1]
	63774	35023	28424	1	M	59	A		-1	974.114940462	[1, 1, 1, 1, 1, 1, 1, 1, 1, 1, 1, 1]
	38284	35036	2934	1	M	13	A		-1	974.394813626	[1, 1, 1, 1, 1, 1, 1, 1, 1, 1, 1, 1]
	69387	35013	34037	1	M	98	A		-1	974.517659	[1, 1, 1, 0, 1, 1, 1, 1, 1, 1, 1, 1]
	54492	35337	19142	1	M	51	A		-1	974.518907426	[1, 1, 1, 0, 1, 1, 1, 1, 1, 1, 1, 1]
	55603	35013	20253	1	M	5	A		-1	974.862320106	[1, 1, 1, 1, 1, 1, 1, 1, 1, 1, 1, 1]
	54369	35337	19019	1	M	44	A		-1	976.227245932	[1, 1, 1, 1, 1, 1, 1, 1, 1, 1, 1, 1]
	37955	35308	2605	1	M	54	A		-1	976.549248968	[1, 1, 1, 1, 1, 1, 1, 1, 1, 1, 1, 1]
	39045	35013	3695	1	M	12	A		-1	982.776087514	[1, 1, 1, 1, 1, 1, 1, 1, 1, 1, 1, 0]
	54792	35159	19442	1	M	54	A		-1	986.949774118	[1, 1, 1, 1, 1, 1, 1, 1, 1, 1, 1, 1]
	50684	35337	15334	1	M	15	A		-1	989.317735577	[1, 1, 1, 1, 1, 1, 1, 1, 1, 1, 1, 1]
	62358	35060	27008	1	M	69	A		-1	991.075532924	[1, 1, 1, 1, 1, 1, 1, 1, 1, 1, 1, 1]
	64497	35302	29147	1	M	50	A		-1	991.283339287	[1, 1, 1, 1, 1, 1, 1, 1, 1, 1, 1, 1]
	55402	35006	20052	1	M	67	A		-1	995.345764612	[1, 1, 1, 1, 1, 1, 1, 1, 1, 1, 1, 1]
	69620	35102	34270	1	M	18	A		-1	996.914490792	[1, 1, 1, 1, 1, 1, 1, 1, 1, 1, 1, 1]
	37644	35328	2294	1	M	65	A		-1	1001.18237262	[1, 1, 1, 1, 1, 1, 1, 1, 1, 1, 1, 1]
	40221	35213	4871	1	M	47	A		-1	1002.37328785	[1, 1, 1, 1, 1, 1, 1, 1, 1, 1, 1, 1]
	52587	35013	17237	1	M	41	A		-1	1002.98463648	[1, 1, 1, 1, 1, 1, 1, 1, 1, 1, 0, 1]
	63688	35068	28338	1	M	81	A		-1	1003.42030046	[1, 1, 1, 1, 1, 1, 1, 1, 1, 1, 1, 1]
	64326	35342	28976	1	M	37	A		-1	1004.43481152	[0, 1, 1, 1, 1, 1, 1, 1, 1, 1, 1, 1]
	61667	35096	26317	1	M	100	A		-1	1006.08711075	[1, 1, 1, 1, 1, 1, 1, 1, 1, 1, 1, 1]
	46835	35102	11485	1	M	17	A		-1	1008.25790954	[1, 0, 1, 1, 1, 1, 1, 1, 1, 1, 1, 1]
	47441	35159	12091	1	M	44	A		-1	1010.51904417	[1, 1, 1, 1, 1, 1, 1, 1, 1, 1, 1, 1]
	49616	35079	14266	1	M	76	A		-1	1011.04979547	[1, 1, 1, 1, 1, 1, 1, 0, 1, 1, 1, 1]
	46003	35154	10653	1	M	16	A		-1	1011.45186302	[1, 1, 1, 1, 1, 1, 1, 1, 1, 1, 1, 1]
	63927	35139	28577	1	M	96	A		-1	1018.3463312	[1, 1, 1, 1, 1, 1, 1, 1, 1, 1, 1, 1]
	50418	35023	15068	1	M	46	A		-1	1019.31678839	[1, 1, 1, 1, 1, 1, 1, 1, 1, 1, 1, 1]
	60423	35307	25073	1	M	52	A		-1	1024.90566518	[1, 1, 1, 1, 1, 1, 1, 0, 1, 1, 1, 1]
	55667	35068	20317	1	M	87	A		-1	1041.35243725	[1, 1, 1, 1, 1, 1, 1, 1, 1, 1, 1, 1]
	47224	35102	11874	1	M	5	A		-1	1048.0585603	[1, 1, 1, 1, 1, 1, 1, 1, 1, 1, 1, 1]
	36826	35013	1476	1	M	82	A		-1	1048.52628634	[1, 1, 1, 1, 1, 1, 1, 1, 1, 1, 1, 1]
	37484	35060	2134	1	M	8	A		-1	1079.32168731	[1, 1, 1, 1, 1, 1, 1, 1, 1, 1, 1, 1]
	38441	35267	3091	1	M	18	A		-1	1085.36434172	[1, 1, 1, 1, 1, 1, 1, 1, 1, 1, 1, 1]
	69704	35151	34354	1	M	95	A		-1	1089.27324023	[1, 1, 1, 1, 1, 1, 1, 1, 1, 1, 1, 1]
	55586	35006	20236	1	M	56	A		-1	1094.22114573	[1, 1, 1, 1, 1, 0, 1, 1, 1, 1, 1, 1]
	44574	35308	9224	1	M	35	A		-1	1113.67791005	[1, 1, 1, 1, 1, 1, 1, 1, 1, 1, 1, 1]
	36255	35159	905	1	M	94	A		-1	1139.83731864	[1, 1, 1, 1, 1, 1, 1, 1, 1, 1, 1, 1]
	41615	35159	6265	1	M	21	A		-1	1141.70879307	[1, 1, 0, 1, 1, 1, 1, 1, 1, 1, 1, 1]
	50111	35065	14761	1	M	25	A		-1	1183.49995579	[1, 1, 1, 1, 1, 1, 1, 1, 1, 1, 1, 1]
	63486	35272	28136	1	M	58	A		-1	1188.49187494	[1, 1, 1, 1, 1, 1, 1, 1, 1, 1, 1, 1]
