animal	sire	dam	born	sex	herd	status	cause	died	TBV	recessives
	115104	42529	26960	2	M	50	A		-1	844.076309928	[1, 1, 1, 1, 1, 1, 1, 1, 1, 1, 1, 1]
	89351	41797	66732	2	M	117	A		-1	844.114807588	[1, 1, 1, 1, 1, 1, 1, 1, 1, 1, 1, 1]
	80835	41729	7224	2	M	113	A		-1	844.303470169	[1, 1, 1, 1, 1, 1, 1, 1, 1, 1, 1, 1]
	38862	35350	3512	1	M	180	A		-1	844.661297722	[1, 1, 1, 1, 1, 1, 1, 1, 1, 1, 1, 1]
	103983	42391	745	2	M	136	A		-1	844.710006084	[1, 1, 1, 1, 1, 1, 1, 1, 1, 1, 1, 1]
	90512	41869	35606	2	M	31	A		-1	844.791525639	[1, 1, 1, 1, 1, 1, 1, 1, 1, 1, 1, 1]
	121432	42805	22890	2	M	155	A		-1	844.89116774	[1, 1, 1, 1, 1, 1, 1, 1, 1, 1, 1, 1]
	63172	35115	27822	1	M	63	A		-1	844.97783264	[1, 1, 1, 1, 1, 1, 1, 0, 1, 1, 1, 1]
	113105	42529	28391	2	M	193	A		-1	845.122323959	[1, 1, 1, 1, 1, 1, 1, 1, 1, 1, 1, 1]
	103653	42391	21432	2	M	87	A		-1	845.224372725	[1, 1, 1, 1, 1, 1, 1, 1, 1, 1, 1, 1]
	81239	41729	39628	2	M	172	A		-1	845.247370375	[0, 1, 1, 1, 1, 1, 1, 1, 1, 1, 1, 1]
	115500	42694	23079	2	M	59	A		-1	845.282744634	[1, 1, 1, 1, 1, 1, 1, 1, 1, 1, 1, 1]
	102416	42391	16641	2	M	157	A		-1	845.503725908	[1, 1, 1, 1, 1, 1, 1, 1, 1, 1, 1, 1]
	72868	69982	34432	2	M	135	A		-1	845.701240492	[1, 1, 1, 1, 1, 1, 1, 1, 1, 1, 1, 1]
	119148	42694	12133	2	M	23	A		-1	845.769908984	[1, 1, 1, 1, 1, 1, 1, 1, 1, 1, 1, 1]
	121635	42805	27543	2	M	20	A		-1	845.802998547	[1, 1, 1, 1, 1, 1, 1, 1, 1, 1, 1, 1]
	73318	69982	15223	2	M	64	A		-1	845.91133973	[1, 1, 1, 1, 1, 1, 1, 1, 1, 1, 1, 1]
	95948	42349	11056	2	M	76	A		-1	846.201611026	[1, 1, 1, 1, 1, 1, 1, 1, 1, 1, 1, 1]
	76980	43013	41323	2	M	197	A		-1	846.419805159	[1, 1, 1, 1, 1, 1, 1, 1, 1, 1, 1, 1]
	72607	69982	24157	2	M	198	A		-1	846.527449046	[1, 1, 1, 1, 1, 1, 1, 1, 1, 1, 1, 1]
	118694	42694	2569	2	M	13	A		-1	846.844438503	[1, 1, 1, 1, 1, 1, 1, 1, 1, 1, 1, 1]
	88589	41797	53421	2	M	191	A		-1	846.87093235	[1, 1, 1, 1, 1, 1, 1, 1, 1, 1, 1, 1]
	67542	35116	32192	1	M	91	A		-1	846.908746106	[1, 1, 1, 1, 1, 1, 1, 1, 1, 1, 1, 1]
	71897	69982	43599	2	M	0	A		-1	847.383704058	[1, 1, 1, 1, 1, 1, 1, 1, 1, 1, 1, 1]
	97985	42349	51462	2	M	76	A		-1	847.536887432	[1, 1, 1, 1, 1, 1, 1, 1, 1, 1, 1, 1]
	68521	35116	33171	1	M	37	A		-1	847.713022109	[1, 1, 1, 1, 1, 1, 1, 1, 1, 1, 1, 1]
	88387	41797	17960	2	M	134	A		-1	848.436463848	[1, 1, 1, 1, 1, 1, 1, 1, 1, 1, 1, 1]
	70477	69982	15617	2	M	123	A		-1	848.590028932	[1, 1, 1, 1, 1, 1, 1, 1, 1, 1, 1, 1]
	77712	43013	45858	2	M	124	A		-1	848.950354631	[1, 1, 1, 1, 1, 1, 1, 1, 1, 1, 1, 1]
	112131	42529	30463	2	M	120	A		-1	849.158256861	[1, 1, 1, 1, 1, 1, 1, 1, 1, 1, 1, 1]
	98107	42349	60928	2	M	162	A		-1	849.228676385	[1, 1, 1, 0, 1, 1, 1, 1, 1, 1, 1, 1]
	76473	43013	5019	2	M	89	A		-1	849.237599765	[1, 1, 1, 1, 1, 1, 1, 1, 1, 1, 1, 1]
	75251	69982	15729	2	M	75	A		-1	849.354259683	[1, 1, 1, 1, 1, 1, 1, 1, 1, 1, 1, 1]
	103199	42391	14802	2	M	135	A		-1	849.462741033	[1, 1, 1, 1, 1, 1, 1, 1, 1, 1, 1, 1]
	92051	41869	28215	2	M	151	A		-1	849.480260736	[1, 1, 1, 1, 1, 1, 1, 1, 1, 1, 1, 0]
	89812	41797	37277	2	M	180	A		-1	849.685090441	[1, 1, 1, 0, 1, 1, 1, 1, 1, 1, 1, 1]
	89924	41797	44531	2	M	24	A		-1	849.685723133	[1, 1, 1, 1, 1, 0, 1, 1, 1, 1, 1, 1]
	45422	35112	10072	1	M	60	A		-1	849.701519991	[1, 1, 1, 1, 1, 1, 1, 1, 1, 1, 1, 1]
	71594	69982	19303	2	M	82	A		-1	850.241738078	[1, 1, 1, 1, 1, 1, 1, 1, 1, 1, 1, 1]
	77517	43013	1748	2	M	81	A		-1	850.516552952	[1, 1, 1, 1, 1, 1, 1, 1, 1, 1, 1, 1]
	36406	35350	1056	1	M	6	A		-1	850.91081563	[1, 1, 1, 1, 1, 1, 1, 1, 1, 1, 1, 1]
	119729	42694	11214	2	M	15	A		-1	851.014253617	[1, 1, 1, 1, 1, 1, 1, 1, 1, 1, 1, 1]
	118908	42694	3894	2	M	1	A		-1	851.23136889	[1, 1, 1, 1, 1, 1, 1, 1, 1, 1, 1, 1]
	83268	41729	7394	2	M	116	A		-1	851.485543274	[1, 1, 1, 1, 1, 1, 1, 1, 1, 1, 1, 1]
	93696	41869	39105	2	M	57	A		-1	851.883894062	[1, 1, 1, 1, 1, 1, 1, 1, 1, 1, 1, 1]
	85007	41729	1510	2	M	69	A		-1	852.15627929	[1, 1, 1, 1, 1, 1, 1, 1, 1, 1, 1, 1]
	116660	42694	54411	2	M	183	A		-1	852.200155922	[1, 1, 1, 1, 1, 1, 1, 1, 1, 1, 1, 1]
	113828	42529	41311	2	M	26	A		-1	852.664670088	[1, 1, 1, 1, 1, 1, 1, 1, 1, 1, 1, 1]
	45419	35112	10069	1	M	154	A		-1	852.668753378	[1, 1, 1, 1, 1, 1, 1, 1, 1, 1, 1, 1]
	92898	41869	37345	2	M	57	A		-1	852.967900086	[1, 1, 1, 1, 1, 1, 1, 1, 1, 1, 1, 1]
	87050	41797	38027	2	M	173	A		-1	853.013788191	[1, 1, 1, 1, 1, 1, 1, 1, 1, 1, 1, 1]
	102340	42391	32613	2	M	134	A		-1	853.190654384	[1, 1, 1, 1, 1, 1, 1, 1, 1, 1, 1, 1]
	81819	41729	7564	2	M	184	A		-1	853.225023582	[1, 1, 1, 1, 1, 1, 1, 1, 1, 1, 1, 1]
	88861	41797	28137	2	M	159	A		-1	853.260062903	[1, 1, 1, 1, 1, 1, 1, 1, 1, 1, 1, 1]
	46596	35112	11246	1	M	133	A		-1	853.294600421	[1, 1, 1, 1, 1, 1, 1, 1, 1, 1, 1, 1]
	122758	42805	50145	2	M	83	A		-1	854.143839259	[1, 1, 1, 1, 1, 1, 1, 1, 1, 1, 1, 1]
	96755	42349	22195	2	M	36	A		-1	854.437467169	[1, 1, 1, 1, 1, 1, 1, 1, 1, 1, 1, 1]
	109474	42420	34368	2	M	142	A		-1	854.756711771	[1, 1, 1, 1, 1, 1, 1, 1, 1, 1, 1, 1]
	61294	35115	25944	1	M	26	A		-1	854.82852949	[1, 1, 1, 1, 1, 1, 1, 1, 1, 1, 1, 1]
	76834	43013	21874	2	M	130	A		-1	854.933927956	[1, 1, 1, 1, 1, 1, 1, 1, 1, 1, 1, 1]
	113776	42529	46504	2	M	108	A		-1	855.167999477	[1, 1, 1, 1, 1, 1, 1, 1, 1, 1, 1, 1]
	106741	42420	36780	2	M	176	A		-1	855.344867677	[1, 1, 1, 1, 1, 1, 1, 1, 1, 1, 1, 1]
	120285	42694	62755	2	M	112	A		-1	855.35074047	[1, 1, 1, 1, 1, 1, 1, 1, 1, 1, 1, 1]
	75840	43013	45091	2	M	72	A		-1	855.50669239	[0, 1, 1, 1, 1, 1, 1, 1, 1, 1, 1, 1]
	114891	42529	45449	2	M	12	A		-1	855.591406241	[1, 1, 1, 1, 1, 1, 1, 1, 1, 1, 1, 1]
	48944	35112	13594	1	M	98	A		-1	855.826708033	[1, 1, 1, 1, 1, 1, 1, 1, 1, 1, 1, 1]
	104737	42391	44087	2	M	188	A		-1	855.914092077	[1, 1, 1, 1, 1, 1, 1, 1, 1, 1, 1, 1]
	121981	42805	41000	2	M	53	A		-1	855.924937237	[1, 1, 1, 1, 1, 1, 1, 1, 1, 1, 1, 1]
	119623	42694	42544	2	M	30	A		-1	856.059053175	[1, 1, 1, 1, 1, 1, 1, 1, 1, 1, 1, 1]
	110179	42420	12621	2	M	23	A		-1	856.475143632	[1, 1, 1, 1, 1, 1, 1, 1, 1, 1, 1, 1]
	95772	42349	31312	2	M	40	A		-1	856.493172633	[1, 1, 1, 1, 1, 1, 1, 1, 1, 1, 1, 1]
	94407	41869	47175	2	M	32	A		-1	856.668438847	[1, 1, 1, 1, 1, 1, 1, 1, 1, 1, 1, 1]
	82037	41729	69456	2	M	136	A		-1	856.70841588	[1, 1, 1, 1, 1, 1, 1, 1, 1, 1, 1, 1]
	96538	42349	21048	2	M	48	A		-1	856.782349495	[1, 1, 0, 0, 1, 1, 1, 1, 1, 1, 1, 1]
	94124	41869	44790	2	M	127	A		-1	857.039394349	[1, 1, 1, 0, 1, 1, 1, 1, 1, 1, 1, 0]
	77480	43013	68091	2	M	63	A		-1	857.488916453	[1, 1, 0, 1, 1, 1, 1, 1, 1, 1, 1, 1]
	62960	35115	27610	1	M	126	A		-1	857.640395317	[1, 1, 1, 1, 1, 1, 1, 1, 1, 1, 1, 1]
	99591	42349	69181	2	M	29	A		-1	858.029840641	[1, 1, 1, 0, 1, 1, 1, 1, 1, 1, 1, 1]
	111002	42529	5734	2	M	194	A		-1	858.10419119	[1, 1, 1, 1, 1, 1, 1, 1, 1, 1, 1, 1]
	89172	41797	1145	2	M	126	A		-1	858.759139367	[1, 1, 1, 1, 1, 1, 1, 1, 1, 1, 1, 1]
	88721	41797	4033	2	M	2	A		-1	859.047944773	[1, 1, 1, 1, 1, 1, 1, 1, 1, 1, 1, 1]
	82930	41729	35526	2	M	24	A		-1	859.219514613	[1, 1, 1, 1, 1, 1, 1, 1, 1, 1, 1, 1]
	120489	42805	20351	2	M	125	A		-1	859.424401415	[1, 1, 1, 1, 1, 1, 1, 1, 1, 1, 1, 1]
	109454	42420	20628	2	M	89	A		-1	859.670713626	[1, 1, 1, 1, 1, 1, 1, 1, 1, 1, 1, 1]
	73063	69982	115	2	M	45	A		-1	859.810396836	[1, 1, 1, 1, 1, 1, 1, 1, 1, 1, 1, 1]
	86928	41797	29226	2	M	200	A		-1	860.454464826	[1, 1, 1, 0, 1, 1, 1, 1, 1, 1, 1, 1]
	75262	69982	9818	2	M	125	A		-1	860.62237979	[1, 1, 1, 1, 1, 1, 1, 1, 1, 1, 1, 1]
	74398	69982	68900	2	M	10	A		-1	860.658489539	[1, 1, 1, 1, 1, 1, 1, 1, 1, 1, 1, 1]
	102202	42391	57840	2	M	75	A		-1	860.818681718	[1, 1, 1, 1, 1, 0, 1, 1, 1, 1, 1, 1]
	102691	42391	12836	2	M	103	A		-1	861.232804158	[1, 1, 1, 1, 1, 1, 1, 1, 1, 1, 1, 1]
	114473	42529	44349	2	M	110	A		-1	861.385735921	[1, 1, 1, 1, 1, 1, 1, 1, 1, 1, 1, 1]
	64995	35115	29645	1	M	61	A		-1	861.747085434	[1, 1, 1, 1, 1, 1, 1, 1, 1, 1, 1, 1]
	100893	42391	7436	2	M	88	A		-1	861.753198536	[1, 1, 1, 1, 1, 1, 1, 1, 1, 1, 1, 1]
	120533	42805	47940	2	M	101	A		-1	861.76972322	[1, 1, 1, 1, 1, 1, 1, 1, 1, 1, 1, 1]
	42951	35120	7601	1	M	153	A		-1	862.102948031	[1, 1, 1, 1, 1, 1, 1, 1, 1, 1, 1, 1]
	37145	35350	1795	1	M	83	A		-1	862.216079508	[1, 1, 1, 1, 1, 1, 1, 1, 1, 1, 1, 1]
	89855	41797	26216	2	M	68	A		-1	862.545425109	[1, 1, 1, 1, 1, 1, 1, 1, 1, 1, 1, 1]
	97188	42349	3270	2	M	16	A		-1	862.563782176	[1, 1, 1, 1, 1, 1, 1, 1, 1, 1, 1, 1]
	99694	42349	2091	2	M	4	A		-1	862.593779322	[1, 1, 1, 0, 1, 1, 1, 1, 1, 1, 1, 1]
	78002	43013	39238	2	M	130	A		-1	862.613490287	[1, 1, 1, 1, 1, 1, 1, 1, 1, 1, 1, 1]
	99492	42349	36513	2	M	191	A		-1	862.789359377	[1, 1, 1, 1, 1, 1, 1, 1, 1, 1, 1, 1]
	83756	41729	13151	2	M	70	A		-1	863.076481377	[0, 1, 1, 1, 1, 1, 1, 1, 1, 1, 1, 1]
	83889	41729	9781	2	M	170	A		-1	863.215594301	[1, 1, 1, 1, 1, 1, 1, 1, 1, 1, 0, 0]
	105842	42420	2120	2	M	29	A		-1	863.509846562	[1, 1, 1, 1, 1, 1, 1, 1, 1, 1, 1, 1]
	98160	42349	45623	2	M	182	A		-1	863.603308985	[1, 1, 1, 0, 1, 1, 1, 1, 1, 1, 1, 1]
	45233	35120	9883	1	M	109	A		-1	863.604723101	[1, 1, 1, 1, 1, 1, 1, 1, 1, 1, 1, 1]
	118539	42694	40660	2	M	133	A		-1	863.787662762	[1, 1, 1, 1, 1, 1, 1, 1, 1, 1, 1, 1]
	90444	41869	2349	2	M	70	A		-1	864.217020333	[1, 1, 1, 1, 1, 1, 1, 1, 1, 1, 1, 0]
	38424	35350	3074	1	M	70	A		-1	864.321795019	[1, 1, 1, 1, 1, 1, 1, 1, 1, 1, 1, 0]
	92715	41869	16201	2	M	51	A		-1	864.330398193	[1, 1, 1, 1, 1, 1, 1, 1, 1, 1, 1, 1]
	114636	42529	50193	2	M	184	A		-1	864.65075707	[1, 1, 1, 1, 1, 1, 1, 1, 1, 1, 1, 1]
	112128	42529	62098	2	M	151	A		-1	864.76536736	[1, 1, 1, 1, 1, 1, 1, 1, 1, 1, 1, 1]
	84139	41729	61772	2	M	39	A		-1	865.452175237	[1, 1, 1, 1, 1, 1, 1, 1, 1, 1, 1, 1]
	105381	42420	32393	2	M	63	A		-1	865.544948534	[1, 1, 1, 1, 1, 1, 1, 1, 1, 1, 1, 1]
	116338	42694	47328	2	M	173	A		-1	865.690926481	[1, 1, 1, 1, 1, 1, 1, 1, 1, 1, 1, 1]
	78912	43013	61504	2	M	78	A		-1	865.902900439	[1, 1, 1, 1, 1, 1, 1, 1, 1, 1, 1, 1]
	79304	43013	21577	2	M	25	A		-1	866.104424208	[1, 1, 1, 1, 1, 1, 1, 1, 1, 1, 1, 1]
	75720	43013	64829	2	M	63	A		-1	866.157428001	[1, 1, 1, 1, 1, 1, 1, 1, 1, 1, 1, 1]
	113441	42529	17653	2	M	57	A		-1	866.442690919	[1, 1, 1, 0, 1, 1, 1, 1, 1, 1, 1, 1]
	98429	42349	16733	2	M	84	A		-1	866.477936447	[1, 1, 1, 0, 1, 1, 1, 1, 1, 1, 1, 1]
	120951	42805	49648	2	M	65	A		-1	866.624279549	[1, 1, 1, 1, 1, 1, 1, 1, 1, 1, 1, 1]
	82327	41729	53998	2	M	120	A		-1	866.684560068	[1, 1, 1, 1, 1, 1, 1, 1, 1, 1, 1, 1]
	94677	41869	64443	2	M	194	A		-1	867.417134571	[1, 1, 1, 1, 1, 1, 1, 1, 1, 1, 1, 0]
	39550	35350	4200	1	M	98	A		-1	867.517166275	[1, 1, 1, 1, 1, 1, 1, 1, 1, 1, 1, 1]
	121694	42805	47599	2	M	2	A		-1	867.520627583	[1, 1, 1, 1, 1, 1, 1, 1, 1, 1, 1, 1]
	115030	42529	6122	2	M	69	A		-1	867.573000303	[1, 1, 1, 1, 1, 1, 1, 1, 1, 1, 1, 1]
	78487	43013	61762	2	M	70	A		-1	867.816360615	[1, 1, 1, 0, 1, 1, 1, 1, 1, 1, 1, 1]
	79707	43013	10072	2	M	60	A		-1	868.00423484	[1, 1, 1, 1, 1, 1, 1, 1, 1, 1, 1, 1]
	88686	41797	43169	2	M	157	A		-1	868.354317879	[1, 1, 1, 1, 1, 1, 1, 1, 1, 1, 1, 1]
	103582	42391	61856	2	M	45	A		-1	868.779900968	[1, 1, 1, 1, 1, 1, 1, 1, 1, 1, 1, 1]
	91861	41869	53343	2	M	94	A		-1	868.894103882	[1, 1, 1, 1, 1, 1, 1, 1, 1, 1, 1, 1]
	44682	35120	9332	1	M	15	A		-1	869.331040736	[1, 1, 1, 1, 1, 1, 1, 1, 1, 1, 1, 1]
	101343	42391	24978	2	M	64	A		-1	869.380431446	[1, 1, 1, 1, 1, 1, 1, 1, 1, 1, 1, 0]
	107029	42420	6592	2	M	159	A		-1	869.520378429	[1, 1, 1, 1, 1, 1, 1, 1, 1, 1, 1, 1]
	81359	41729	68965	2	M	10	A		-1	869.637252007	[1, 1, 1, 1, 1, 1, 1, 1, 1, 1, 1, 1]
	46564	35112	11214	1	M	15	A		-1	869.709274581	[1, 1, 1, 1, 1, 1, 1, 1, 1, 1, 1, 1]
	94509	41869	27908	2	M	56	A		-1	869.758066727	[1, 1, 1, 1, 1, 1, 1, 1, 1, 1, 1, 1]
	93704	41869	65587	2	M	120	A		-1	870.108740767	[1, 1, 1, 1, 1, 1, 1, 1, 1, 1, 1, 0]
	100122	42349	39276	2	M	117	A		-1	870.204255826	[1, 1, 1, 1, 1, 1, 1, 1, 1, 1, 1, 1]
	107307	42420	38999	2	M	149	A		-1	870.48697944	[1, 1, 1, 1, 1, 1, 1, 1, 1, 1, 1, 1]
	72003	69982	66053	2	M	66	A		-1	870.493625879	[1, 1, 1, 1, 1, 1, 1, 1, 1, 1, 1, 1]
	81833	41729	34742	2	M	38	A		-1	870.738169811	[1, 1, 1, 1, 1, 1, 1, 1, 1, 1, 1, 1]
	100043	42349	17560	2	M	150	A		-1	871.186979079	[1, 1, 1, 0, 1, 0, 1, 1, 1, 1, 1, 1]
	75041	69982	2293	2	M	162	A		-1	871.619426358	[1, 1, 1, 1, 1, 1, 1, 1, 1, 1, 1, 1]
	39563	35350	4213	1	M	22	A		-1	871.66667843	[1, 1, 1, 1, 1, 1, 1, 1, 1, 1, 1, 1]
	105238	42391	37361	2	M	20	A		-1	871.764274055	[1, 1, 1, 1, 1, 1, 1, 1, 1, 1, 1, 1]
	94633	41869	7955	2	M	143	A		-1	872.415425131	[1, 1, 1, 1, 1, 1, 1, 1, 1, 1, 1, 1]
	74337	69982	2211	2	M	53	A		-1	872.538049231	[1, 1, 1, 1, 1, 1, 1, 1, 1, 1, 1, 1]
	79358	43013	21702	2	M	134	A		-1	872.666443236	[1, 1, 1, 1, 1, 1, 1, 1, 1, 1, 1, 1]
	111385	42529	39597	2	M	137	A		-1	872.935582634	[1, 1, 1, 1, 1, 1, 1, 1, 1, 1, 1, 0]
	83865	41729	48826	2	M	41	A		-1	873.170513247	[1, 1, 1, 1, 1, 1, 1, 1, 1, 1, 1, 1]
	72188	69982	47395	2	M	138	A		-1	873.286106195	[1, 1, 1, 1, 1, 1, 1, 1, 1, 1, 1, 1]
	103015	42391	13457	2	M	53	A		-1	873.297709096	[1, 1, 1, 1, 1, 1, 1, 1, 1, 1, 1, 1]
	83271	41729	62885	2	M	4	A		-1	873.309721251	[1, 1, 1, 1, 1, 1, 1, 1, 1, 1, 1, 1]
	104954	42391	40025	2	M	94	A		-1	873.387510175	[1, 1, 1, 1, 1, 1, 1, 1, 1, 1, 1, 1]
	116703	42694	29332	2	M	186	A		-1	873.588025931	[1, 1, 1, 1, 1, 1, 1, 1, 1, 1, 1, 1]
	120412	42805	42710	2	M	130	A		-1	873.633346181	[1, 1, 1, 1, 1, 1, 1, 1, 1, 1, 1, 1]
	88093	41797	26916	2	M	95	A		-1	873.868467628	[1, 1, 1, 1, 1, 1, 1, 0, 1, 1, 1, 1]
	116513	42694	36524	2	M	85	A		-1	873.880761828	[1, 1, 1, 1, 1, 1, 1, 1, 1, 1, 1, 1]
	122456	42805	18324	2	M	24	A		-1	874.786741872	[1, 1, 1, 1, 1, 1, 1, 1, 1, 1, 1, 1]
	76372	43013	34768	2	M	191	A		-1	875.01374218	[1, 1, 1, 1, 1, 1, 1, 1, 1, 1, 1, 1]
	98511	42349	51442	2	M	9	A		-1	875.135152597	[1, 1, 1, 0, 1, 1, 1, 1, 1, 1, 1, 1]
	97699	42349	46254	2	M	139	A		-1	875.390210661	[1, 1, 1, 1, 1, 1, 1, 1, 1, 1, 1, 1]
	111246	42529	15014	2	M	4	A		-1	875.557290281	[1, 1, 1, 1, 1, 1, 1, 1, 1, 1, 1, 1]
	106381	42420	69031	2	M	13	A		-1	876.005394048	[1, 1, 1, 1, 1, 1, 1, 1, 1, 1, 1, 1]
	78893	43013	21780	2	M	31	A		-1	876.381432042	[1, 1, 1, 1, 1, 1, 1, 1, 1, 1, 1, 1]
	79267	43013	65357	2	M	164	A		-1	876.47588147	[1, 1, 1, 1, 1, 1, 1, 1, 1, 1, 1, 1]
	91385	41869	22240	2	M	145	A		-1	877.16294141	[1, 1, 1, 1, 1, 1, 1, 1, 1, 1, 1, 0]
	106658	42420	47260	2	M	138	A		-1	877.519529005	[1, 1, 1, 1, 1, 1, 1, 1, 1, 1, 1, 1]
	112051	42529	21833	2	M	83	A		-1	878.005333928	[1, 1, 1, 1, 0, 1, 1, 1, 1, 1, 1, 1]
	35472	35350	122	1	M	36	A		-1	878.009824745	[1, 1, 1, 1, 1, 1, 1, 1, 1, 1, 1, 1]
	112771	42529	10488	2	M	58	A		-1	878.042328335	[1, 1, 1, 1, 1, 1, 1, 1, 1, 1, 1, 1]
	85181	41729	45585	2	M	75	A		-1	878.357730995	[1, 1, 1, 1, 1, 1, 1, 1, 1, 1, 1, 1]
	83772	41729	46901	2	M	91	A		-1	878.503947477	[1, 1, 1, 1, 1, 1, 1, 1, 1, 1, 1, 1]
	105763	42420	21547	2	M	184	A		-1	878.820207951	[1, 1, 1, 1, 1, 1, 1, 1, 1, 1, 1, 1]
	37470	35350	2120	1	M	29	A		-1	878.844580711	[1, 1, 1, 1, 1, 1, 1, 1, 1, 1, 1, 1]
	78856	43013	16197	2	M	96	A		-1	879.425122228	[1, 1, 1, 1, 1, 1, 1, 1, 1, 1, 1, 1]
	108557	42420	8554	2	M	7	A		-1	879.467638513	[1, 1, 1, 1, 1, 1, 1, 1, 1, 1, 1, 1]
	81631	41729	21143	2	M	189	A		-1	879.742587821	[1, 1, 1, 1, 1, 1, 1, 1, 1, 1, 1, 1]
	101242	42391	41352	2	M	194	A		-1	879.996985259	[1, 1, 1, 1, 1, 1, 1, 1, 1, 1, 1, 1]
	116385	42694	57801	2	M	4	A		-1	880.11899269	[1, 1, 1, 1, 1, 1, 1, 1, 1, 1, 1, 1]
	102944	42391	48763	2	M	84	A		-1	880.367273953	[1, 1, 1, 1, 1, 1, 1, 1, 1, 1, 1, 1]
	121975	42805	10707	2	M	37	A		-1	880.749142339	[1, 1, 1, 1, 1, 1, 1, 1, 1, 1, 1, 1]
	75619	43013	30218	2	M	73	A		-1	880.943381257	[1, 1, 1, 1, 1, 1, 1, 1, 1, 1, 1, 1]
	110405	42529	10029	2	M	185	A		-1	881.08085724	[1, 1, 1, 1, 1, 1, 1, 1, 1, 1, 1, 1]
	84317	41729	47631	2	M	189	A		-1	881.115920162	[1, 1, 1, 0, 1, 1, 1, 1, 1, 1, 1, 1]
	76084	43013	45484	2	M	166	A		-1	881.994581056	[1, 1, 1, 1, 1, 1, 1, 1, 1, 1, 1, 1]
	84820	41729	17082	2	M	108	A		-1	882.944695668	[1, 1, 1, 1, 1, 1, 1, 1, 1, 1, 1, 1]
	73683	69982	36681	2	M	19	A		-1	883.524120783	[1, 1, 1, 1, 1, 1, 1, 1, 1, 1, 1, 1]
	98353	42349	947	2	M	193	A		-1	883.617222173	[1, 1, 1, 0, 1, 1, 1, 1, 1, 1, 1, 1]
	84746	41729	28580	2	M	186	A		-1	883.924475917	[1, 1, 1, 1, 1, 1, 1, 1, 1, 1, 1, 1]
	82723	41729	9823	2	M	140	A		-1	884.749939732	[1, 1, 1, 1, 1, 1, 1, 1, 1, 1, 1, 1]
	84427	41729	45082	2	M	124	A		-1	884.864539819	[1, 1, 1, 1, 1, 1, 1, 1, 1, 1, 1, 1]
	89721	41797	50757	2	M	165	A		-1	885.392867072	[1, 1, 1, 1, 1, 1, 1, 1, 1, 1, 1, 1]
	96134	42349	62227	2	M	180	A		-1	885.508160918	[1, 1, 1, 0, 1, 1, 1, 1, 1, 1, 1, 1]
	72865	69982	4658	2	M	6	A		-1	885.759126255	[1, 1, 1, 1, 1, 1, 1, 1, 1, 1, 1, 1]
	76738	43013	69652	2	M	169	A		-1	885.899133079	[1, 1, 1, 1, 1, 1, 1, 1, 1, 1, 1, 1]
	62015	35115	26665	1	M	53	A		-1	886.478067009	[1, 1, 1, 1, 1, 1, 1, 1, 1, 1, 1, 1]
	100047	42349	18234	2	M	137	A		-1	886.851353992	[0, 1, 1, 0, 1, 1, 1, 1, 1, 1, 1, 1]
	104964	42391	30869	2	M	80	A		-1	886.961244455	[0, 1, 1, 1, 1, 1, 1, 1, 1, 1, 1, 1]
	35866	35350	516	1	M	144	A		-1	887.095303508	[1, 1, 1, 1, 1, 1, 1, 1, 1, 1, 1, 1]
	86420	41797	14066	2	M	178	A		-1	887.421006073	[1, 1, 1, 1, 1, 1, 1, 1, 1, 1, 1, 0]
	74370	69982	40728	2	M	113	A		-1	887.630635698	[1, 1, 1, 1, 1, 1, 1, 1, 1, 1, 1, 1]
	120461	42805	47429	2	M	199	A		-1	887.776025489	[1, 1, 1, 1, 1, 1, 1, 1, 1, 1, 1, 1]
	89080	41797	39583	2	M	170	A		-1	888.338607944	[1, 1, 1, 1, 1, 1, 1, 1, 1, 1, 1, 1]
	63707	35115	28357	1	M	30	A		-1	888.851019256	[0, 1, 1, 1, 1, 1, 1, 1, 1, 1, 1, 1]
	48657	35112	13307	1	M	133	A		-1	890.259334563	[1, 1, 1, 0, 1, 1, 1, 1, 1, 1, 1, 1]
	70606	69982	14498	2	M	191	A		-1	890.317593042	[1, 1, 1, 1, 1, 1, 1, 1, 1, 1, 1, 1]
	86252	41797	43582	2	M	126	A		-1	890.392702548	[1, 1, 1, 1, 1, 1, 1, 1, 1, 1, 1, 1]
	78163	43013	17303	2	M	187	A		-1	890.798520515	[1, 1, 1, 1, 1, 1, 1, 1, 1, 1, 1, 1]
	117585	42694	31382	2	M	117	A		-1	890.818744233	[1, 1, 1, 1, 1, 1, 1, 1, 1, 1, 1, 0]
	119752	42694	18135	2	M	108	A		-1	891.005098934	[1, 1, 1, 1, 1, 1, 1, 1, 1, 1, 1, 1]
	116154	42694	65114	2	M	53	A		-1	891.124874799	[1, 1, 1, 1, 1, 1, 1, 1, 1, 1, 1, 1]
	117314	42694	36291	2	M	105	A		-1	891.470752505	[1, 1, 1, 0, 1, 1, 1, 1, 1, 1, 1, 1]
	83050	41729	50189	2	M	190	A		-1	891.53677219	[1, 1, 1, 1, 1, 1, 1, 1, 1, 1, 1, 1]
	101879	42391	22209	2	M	141	A		-1	892.07161035	[1, 1, 1, 0, 1, 1, 1, 1, 1, 1, 1, 1]
	79402	43013	20471	2	M	137	A		-1	892.163294506	[1, 1, 1, 1, 1, 1, 1, 1, 1, 1, 1, 1]
	111655	42529	10833	2	M	2	A		-1	892.198300264	[1, 1, 1, 1, 1, 1, 1, 1, 1, 1, 1, 1]
	118711	42694	36619	2	M	182	A		-1	893.079209513	[1, 1, 1, 1, 1, 1, 1, 1, 1, 1, 1, 1]
	79482	43013	4056	2	M	38	A		-1	894.032796339	[1, 1, 1, 1, 1, 1, 1, 1, 1, 1, 1, 1]
	110970	42529	32601	2	M	165	A		-1	894.11829686	[1, 1, 1, 1, 1, 1, 1, 1, 1, 1, 1, 1]
	76818	43013	28553	2	M	118	A		-1	894.274785994	[1, 1, 1, 1, 1, 1, 1, 1, 1, 1, 1, 1]
	79270	43013	36788	2	M	86	A		-1	894.620410112	[1, 1, 1, 1, 1, 1, 1, 1, 1, 1, 1, 1]
	102212	42391	40427	2	M	137	A		-1	895.229384741	[1, 1, 1, 1, 1, 1, 1, 1, 1, 1, 1, 1]
	74799	69982	63551	2	M	19	A		-1	895.844427864	[1, 1, 1, 1, 1, 1, 1, 1, 1, 1, 1, 0]
	87895	41797	36209	2	M	46	A		-1	895.934293586	[1, 1, 1, 1, 1, 1, 1, 1, 1, 1, 1, 1]
	73071	69982	67644	2	M	128	A		-1	896.150756744	[1, 1, 1, 1, 1, 1, 1, 1, 1, 1, 1, 1]
	118489	42694	68662	2	M	141	A		-1	896.589898463	[1, 1, 1, 1, 1, 1, 1, 1, 1, 1, 1, 1]
	82875	41729	21232	2	M	175	A		-1	897.306647316	[1, 1, 1, 0, 1, 1, 1, 1, 1, 1, 1, 1]
	88011	41797	47795	2	M	72	A		-1	897.422371509	[1, 1, 1, 1, 1, 1, 1, 1, 1, 1, 1, 1]
	115217	42529	51681	2	M	130	A		-1	897.721137351	[1, 1, 1, 1, 1, 1, 1, 1, 1, 1, 1, 1]
	71340	69982	19838	2	M	180	A		-1	897.884166963	[1, 1, 1, 1, 1, 1, 1, 1, 1, 1, 1, 1]
	92111	41869	3524	2	M	46	A		-1	898.545576704	[1, 1, 1, 1, 1, 1, 1, 1, 1, 1, 1, 0]
	64611	35115	29261	1	M	60	A		-1	898.566623479	[1, 1, 1, 1, 1, 1, 1, 1, 1, 1, 1, 1]
	90871	41869	30576	2	M	137	A		-1	898.799045496	[1, 1, 1, 1, 1, 1, 1, 1, 1, 1, 1, 0]
	48219	35112	12869	1	M	148	A		-1	899.397175125	[1, 1, 1, 1, 1, 1, 1, 1, 1, 1, 1, 1]
	79754	43013	64362	2	M	178	A		-1	899.476954392	[1, 1, 1, 1, 1, 1, 1, 1, 1, 1, 1, 1]
	81824	41729	44867	2	M	104	A		-1	899.678770475	[1, 1, 1, 1, 1, 1, 1, 1, 1, 1, 1, 1]
	121651	42805	25104	2	M	188	A		-1	901.070691822	[1, 1, 1, 1, 1, 1, 1, 1, 1, 1, 1, 1]
	97390	42349	61339	2	M	141	A		-1	901.192319563	[1, 1, 1, 1, 1, 1, 1, 1, 1, 1, 1, 1]
	35540	35350	190	1	M	98	A		-1	902.128330242	[1, 1, 1, 1, 1, 1, 1, 1, 1, 1, 1, 0]
	99750	42349	48369	2	M	130	A		-1	902.286249417	[1, 1, 1, 0, 1, 1, 1, 1, 1, 1, 1, 1]
	83133	41729	48095	2	M	38	A		-1	902.842046137	[1, 1, 1, 1, 1, 1, 1, 1, 1, 1, 1, 1]
	103236	42391	68667	2	M	47	A		-1	903.226175387	[1, 1, 1, 1, 1, 1, 1, 1, 1, 1, 1, 1]
	91518	41869	34230	2	M	96	A		-1	903.549476058	[1, 1, 1, 1, 1, 1, 1, 1, 1, 1, 1, 0]
	89637	41797	45540	2	M	114	A		-1	903.821471266	[1, 1, 1, 1, 1, 1, 1, 1, 1, 1, 1, 1]
	108895	42420	36632	2	M	63	A		-1	903.915606912	[1, 1, 1, 1, 1, 1, 1, 1, 1, 1, 1, 1]
	105219	42391	63983	2	M	46	A		-1	904.310114627	[1, 1, 1, 1, 1, 1, 1, 1, 1, 1, 1, 1]
	80522	41729	3579	2	M	97	A		-1	904.66975978	[1, 1, 1, 1, 1, 1, 1, 1, 1, 1, 1, 1]
	72708	69982	30418	2	M	19	A		-1	904.777761906	[1, 1, 1, 1, 1, 1, 1, 1, 1, 1, 1, 1]
	75741	43013	34748	2	M	63	A		-1	905.081435705	[1, 1, 1, 1, 1, 1, 1, 1, 1, 1, 1, 1]
	72656	69982	25847	2	M	51	A		-1	906.1175197	[1, 1, 1, 1, 1, 1, 1, 1, 1, 1, 1, 1]
	98794	42349	24151	2	M	154	A		-1	906.193527031	[1, 1, 1, 1, 1, 1, 1, 1, 1, 1, 1, 1]
	101387	42391	51686	2	M	95	A		-1	906.248984709	[1, 1, 1, 1, 1, 1, 1, 1, 1, 1, 1, 1]
	73978	69982	50073	2	M	105	A		-1	907.558473975	[1, 1, 1, 1, 1, 1, 1, 1, 1, 1, 1, 1]
	101248	42391	61425	2	M	158	A		-1	907.775928238	[1, 1, 1, 0, 1, 1, 1, 1, 1, 1, 1, 1]
	109242	42420	1426	2	M	158	A		-1	908.30855918	[1, 1, 1, 1, 1, 1, 1, 1, 1, 1, 1, 1]
	121320	42805	36833	2	M	40	A		-1	908.837140688	[1, 1, 1, 1, 1, 1, 1, 1, 1, 1, 1, 1]
	81328	41729	38815	2	M	46	A		-1	909.644830171	[1, 1, 1, 1, 1, 1, 1, 1, 1, 1, 1, 1]
	38548	35350	3198	1	M	116	A		-1	910.100527635	[1, 1, 1, 1, 1, 1, 1, 1, 1, 1, 1, 1]
	102861	42391	34421	2	M	67	A		-1	910.139511224	[1, 1, 1, 1, 1, 1, 1, 1, 1, 1, 1, 1]
	89801	41797	18418	2	M	23	A		-1	910.540626629	[1, 1, 1, 1, 1, 1, 1, 0, 1, 1, 1, 1]
	48033	35112	12683	1	M	78	A		-1	910.820550101	[1, 1, 1, 1, 1, 1, 1, 1, 1, 1, 1, 1]
	71906	69982	68781	2	M	90	A		-1	911.102276047	[1, 1, 1, 1, 1, 1, 1, 1, 1, 1, 1, 1]
	83121	41729	63371	2	M	164	A		-1	911.680953672	[1, 1, 1, 1, 1, 1, 1, 1, 1, 1, 1, 1]
	98843	42349	45276	2	M	51	A		-1	911.934382578	[1, 1, 1, 0, 1, 1, 1, 1, 1, 1, 1, 1]
	73592	69982	28896	2	M	107	A		-1	912.616011624	[1, 1, 1, 1, 1, 1, 1, 1, 1, 1, 1, 1]
	78302	43013	8990	2	M	54	A		-1	913.531746663	[1, 1, 1, 1, 1, 1, 1, 1, 1, 1, 1, 1]
	86223	41797	39156	2	M	149	A		-1	913.580374028	[1, 1, 1, 1, 1, 1, 1, 1, 1, 1, 1, 1]
	112203	42529	42726	2	M	163	A		-1	913.58526397	[1, 1, 1, 1, 1, 1, 1, 1, 1, 1, 1, 1]
	74662	69982	55486	2	M	198	A		-1	913.815779439	[1, 1, 1, 1, 1, 1, 1, 1, 1, 1, 1, 1]
	75624	43013	20449	2	M	68	A		-1	913.902813798	[1, 1, 1, 1, 1, 1, 1, 1, 1, 1, 1, 1]
	84095	41729	37390	2	M	43	A		-1	914.43070569	[1, 1, 1, 1, 1, 1, 1, 1, 1, 1, 1, 1]
	107862	42420	5209	2	M	144	A		-1	914.899924072	[1, 1, 1, 1, 1, 1, 1, 1, 1, 1, 1, 1]
	107532	42420	37183	2	M	18	A		-1	916.248017536	[1, 1, 1, 1, 1, 1, 1, 1, 1, 1, 1, 1]
	122282	42805	55464	2	M	189	A		-1	916.503841648	[1, 1, 1, 1, 1, 1, 1, 1, 1, 1, 1, 1]
	74911	69982	15203	2	M	52	A		-1	916.518757273	[1, 1, 0, 1, 1, 1, 1, 1, 1, 1, 1, 0]
	93441	41869	31785	2	M	15	A		-1	917.44322593	[1, 1, 1, 1, 1, 1, 1, 1, 1, 1, 1, 1]
	83379	41729	39849	2	M	75	A		-1	917.45785596	[1, 1, 1, 1, 1, 1, 1, 1, 1, 1, 1, 1]
	73947	69982	69941	2	M	59	A		-1	917.531695202	[1, 1, 1, 1, 1, 1, 1, 1, 1, 1, 1, 1]
	95900	42349	60450	2	M	11	A		-1	919.212429863	[1, 1, 1, 1, 1, 1, 1, 1, 1, 1, 1, 1]
	116701	42694	37323	2	M	100	A		-1	919.280500492	[1, 1, 1, 1, 1, 1, 1, 1, 1, 1, 1, 1]
	89785	41797	66909	2	M	144	A		-1	919.822302596	[1, 1, 1, 1, 1, 1, 1, 1, 1, 1, 1, 0]
	78327	43013	55201	2	M	30	A		-1	920.120168753	[1, 1, 1, 1, 1, 1, 1, 1, 1, 1, 1, 1]
	93460	41869	50350	2	M	67	A		-1	920.137048923	[1, 1, 1, 1, 1, 1, 1, 1, 1, 1, 1, 1]
	111470	42529	22909	2	M	21	A		-1	920.389807232	[1, 1, 1, 1, 1, 1, 1, 1, 1, 1, 1, 1]
	103763	42391	15104	2	M	176	A		-1	920.515344438	[1, 1, 1, 1, 1, 1, 1, 1, 1, 1, 1, 1]
	99633	42349	63139	2	M	13	A		-1	920.816689083	[1, 1, 1, 1, 1, 1, 1, 1, 1, 1, 1, 1]
	63331	35115	27981	1	M	31	A		-1	921.612638934	[1, 1, 1, 1, 1, 1, 1, 1, 1, 1, 1, 1]
	110145	42420	69410	2	M	119	A		-1	922.031059194	[1, 1, 1, 1, 1, 1, 1, 1, 1, 1, 1, 1]
	105668	42420	49185	2	M	21	A		-1	922.364454529	[1, 1, 1, 1, 1, 1, 1, 1, 1, 1, 1, 1]
	61945	35115	26595	1	M	159	A		-1	922.700193287	[1, 1, 1, 1, 1, 1, 1, 1, 1, 1, 1, 1]
	70770	69982	9707	2	M	190	A		-1	922.70954735	[1, 1, 1, 1, 1, 1, 1, 1, 1, 1, 1, 1]
	110686	42529	27005	2	M	173	A		-1	922.87669714	[1, 1, 1, 1, 1, 1, 1, 1, 1, 1, 1, 1]
	91502	41869	7688	2	M	178	A		-1	923.174913216	[1, 1, 1, 1, 1, 1, 1, 1, 1, 1, 1, 0]
	77589	43013	7696	2	M	9	A		-1	924.884305019	[1, 1, 1, 1, 1, 1, 1, 1, 1, 1, 1, 1]
	73717	69982	14913	2	M	80	A		-1	924.939634068	[1, 0, 1, 1, 1, 1, 1, 1, 1, 1, 1, 1]
	101463	42391	34092	2	M	74	A		-1	925.243317536	[1, 1, 1, 1, 1, 1, 1, 1, 1, 1, 1, 1]
	121706	42805	23842	2	M	92	A		-1	927.08920495	[1, 1, 1, 1, 1, 1, 1, 1, 1, 1, 1, 1]
	105307	42391	45415	2	M	121	A		-1	927.671429497	[1, 1, 1, 1, 1, 1, 1, 1, 1, 1, 1, 1]
	75360	43013	14267	2	M	197	A		-1	927.86449442	[1, 1, 1, 1, 1, 1, 1, 1, 1, 1, 1, 1]
	120617	42805	46839	2	M	164	A		-1	928.257102925	[1, 1, 1, 1, 1, 1, 1, 1, 1, 1, 1, 1]
	77482	43013	34519	2	M	177	A		-1	928.26129472	[1, 1, 1, 1, 1, 1, 1, 1, 1, 1, 1, 1]
	113026	42529	17978	2	M	81	A		-1	928.988348772	[1, 1, 1, 1, 1, 1, 1, 1, 1, 1, 1, 1]
	75277	69982	45297	2	M	28	A		-1	929.038581546	[1, 1, 1, 1, 1, 1, 1, 1, 1, 1, 1, 1]
	49825	35112	14475	1	M	23	A		-1	930.156504603	[1, 1, 1, 0, 1, 1, 1, 1, 1, 1, 1, 1]
	70480	69982	64559	2	M	38	A		-1	930.243606946	[1, 1, 1, 1, 1, 1, 1, 1, 1, 1, 1, 0]
	78743	43013	46887	2	M	193	A		-1	930.365248705	[1, 1, 1, 1, 1, 1, 1, 1, 1, 1, 1, 1]
	111559	42529	17488	2	M	72	A		-1	931.204035088	[1, 1, 1, 1, 1, 1, 1, 1, 1, 1, 1, 1]
	94349	41869	39781	2	M	75	A		-1	931.292412694	[1, 1, 1, 1, 1, 1, 1, 1, 1, 1, 1, 1]
	92065	41869	5024	2	M	117	A		-1	931.55618598	[1, 1, 1, 1, 1, 1, 1, 1, 1, 1, 1, 0]
	112859	42529	41743	2	M	35	A		-1	932.616900642	[1, 1, 1, 1, 1, 1, 1, 1, 1, 1, 1, 1]
	114697	42529	53980	2	M	102	A		-1	932.710728138	[1, 1, 1, 1, 1, 1, 1, 1, 1, 1, 1, 0]
	105032	42391	4980	2	M	183	A		-1	932.810222274	[1, 1, 1, 1, 1, 1, 1, 1, 1, 1, 1, 1]
	88768	41797	28004	2	M	122	A		-1	933.483235758	[0, 1, 1, 1, 1, 1, 1, 1, 1, 1, 1, 1]
	111677	42529	68185	2	M	164	A		-1	933.988880373	[1, 1, 1, 1, 1, 1, 1, 1, 1, 1, 1, 1]
	115917	42694	12902	2	M	75	A		-1	934.142934532	[1, 1, 1, 1, 1, 1, 1, 1, 1, 1, 1, 0]
	104635	42391	32174	2	M	192	A		-1	934.277168944	[1, 1, 1, 1, 1, 1, 1, 1, 1, 1, 1, 1]
	95074	41869	59969	2	M	17	A		-1	934.483323972	[1, 1, 1, 1, 1, 1, 1, 1, 1, 1, 1, 1]
	93670	41869	62073	2	M	136	A		-1	934.510161349	[1, 1, 1, 1, 1, 1, 1, 1, 1, 1, 1, 0]
	118445	42694	63211	2	M	149	A		-1	934.89980818	[1, 1, 1, 1, 1, 1, 1, 1, 1, 1, 1, 1]
	76902	43013	13899	2	M	180	A		-1	935.12620245	[1, 1, 1, 1, 1, 1, 1, 1, 1, 1, 1, 1]
	101842	42391	37618	2	M	1	A		-1	935.180402856	[1, 1, 1, 1, 1, 1, 1, 1, 1, 1, 1, 1]
	88999	41797	31215	2	M	132	A		-1	936.504874686	[1, 1, 1, 1, 1, 1, 1, 1, 1, 1, 1, 1]
	119174	42694	38661	2	M	90	A		-1	937.119932854	[1, 1, 1, 1, 1, 1, 1, 1, 1, 1, 1, 1]
	70529	69982	15922	2	M	16	A		-1	937.37077915	[1, 1, 1, 1, 1, 1, 1, 1, 1, 1, 1, 1]
	49715	35112	14365	1	M	114	A		-1	937.611530942	[1, 1, 1, 1, 1, 1, 1, 1, 1, 1, 1, 1]
	94063	41869	50367	2	M	167	A		-1	937.674803041	[1, 1, 1, 1, 1, 1, 1, 1, 1, 1, 1, 0]
	114005	42529	59872	2	M	106	A		-1	938.026927389	[1, 1, 1, 1, 1, 1, 1, 1, 1, 1, 1, 1]
	47981	35112	12631	1	M	73	A		-1	938.077611071	[1, 1, 1, 1, 1, 1, 1, 1, 1, 1, 1, 1]
	103668	42391	16813	2	M	27	A		-1	938.747198851	[1, 1, 1, 1, 1, 1, 1, 1, 1, 1, 1, 1]
	101030	42391	13701	2	M	199	A		-1	938.827542734	[1, 1, 1, 1, 1, 1, 1, 1, 1, 1, 1, 1]
	116278	42694	28427	2	M	76	A		-1	939.17138502	[1, 1, 1, 1, 1, 1, 1, 1, 1, 1, 1, 1]
	111969	42529	65152	2	M	27	A		-1	939.456389688	[1, 1, 1, 1, 1, 1, 1, 1, 1, 1, 1, 1]
	83477	41729	11451	2	M	48	A		-1	940.014322458	[1, 1, 1, 1, 1, 1, 1, 1, 1, 1, 1, 1]
	122457	42805	45119	2	M	129	A		-1	940.481206977	[1, 1, 1, 0, 1, 1, 1, 0, 1, 1, 1, 1]
	100926	42391	54543	2	M	23	A		-1	940.960590848	[1, 1, 1, 1, 1, 1, 1, 1, 1, 1, 1, 1]
	106418	42420	64372	2	M	186	A		-1	941.238944263	[1, 1, 1, 1, 1, 1, 1, 1, 1, 1, 1, 1]
	80507	41729	38895	2	M	82	A		-1	942.193402285	[1, 1, 0, 1, 1, 1, 1, 1, 1, 1, 1, 1]
	82588	41729	36351	2	M	111	A		-1	942.508682257	[1, 1, 1, 1, 1, 1, 1, 1, 1, 1, 1, 1]
	106179	42420	38024	2	M	82	A		-1	943.71413913	[0, 1, 1, 1, 1, 1, 1, 1, 1, 1, 1, 1]
	83724	41729	30433	2	M	65	A		-1	944.33661403	[1, 1, 1, 1, 1, 1, 1, 1, 1, 1, 1, 1]
	99812	42349	63353	2	M	194	A		-1	945.361646787	[1, 1, 1, 1, 1, 1, 1, 1, 1, 1, 1, 1]
	79914	43013	64913	2	M	45	A		-1	945.509123842	[1, 1, 1, 0, 1, 1, 1, 1, 1, 1, 1, 1]
	94936	41869	51953	2	M	175	A		-1	945.80137453	[1, 1, 1, 1, 1, 1, 1, 1, 1, 1, 1, 0]
	84072	41729	29767	2	M	188	A		-1	946.391588799	[1, 1, 1, 1, 1, 1, 1, 1, 1, 1, 1, 1]
	105312	42391	18980	2	M	98	A		-1	946.732613937	[1, 1, 1, 1, 1, 1, 1, 1, 1, 1, 1, 1]
	98799	42349	44515	2	M	45	A		-1	947.362262787	[1, 1, 1, 0, 1, 1, 1, 1, 1, 1, 1, 1]
	81948	41729	6708	2	M	3	A		-1	947.956764889	[1, 1, 1, 1, 1, 1, 1, 1, 1, 1, 1, 1]
	73517	69982	15849	2	M	148	A		-1	948.094458444	[1, 1, 1, 1, 1, 0, 1, 1, 1, 1, 1, 1]
	103971	42391	20051	2	M	91	A		-1	948.405184148	[1, 1, 1, 1, 1, 1, 1, 1, 1, 1, 1, 1]
	114215	42529	573	2	M	76	A		-1	949.197907829	[1, 1, 1, 1, 1, 1, 1, 1, 1, 1, 1, 1]
	87969	41797	37763	2	M	157	A		-1	950.321930332	[1, 1, 1, 1, 1, 1, 1, 1, 1, 1, 1, 1]
	84188	41729	64136	2	M	112	A		-1	950.533617207	[1, 1, 1, 1, 1, 1, 1, 1, 1, 1, 1, 1]
	80007	43013	64606	2	M	182	A		-1	951.31566076	[1, 1, 1, 1, 1, 1, 1, 1, 1, 1, 1, 1]
	112931	42529	39787	2	M	137	A		-1	952.02285612	[1, 1, 1, 1, 1, 1, 1, 1, 1, 1, 1, 1]
	93769	41869	4771	2	M	169	A		-1	952.196892154	[1, 1, 1, 1, 1, 1, 1, 1, 1, 1, 0, 0]
	107659	42420	59668	2	M	175	A		-1	952.482739886	[1, 1, 1, 1, 1, 1, 1, 1, 1, 1, 1, 1]
	63972	35115	28622	1	M	21	A		-1	952.806212525	[1, 1, 1, 1, 1, 1, 1, 1, 1, 1, 1, 1]
	79932	43013	7679	2	M	79	A		-1	953.708193237	[1, 1, 1, 1, 1, 1, 1, 1, 1, 1, 1, 1]
	73052	69982	62085	2	M	18	A		-1	954.778794061	[1, 1, 1, 1, 1, 1, 1, 1, 1, 1, 1, 1]
	101701	42391	67309	2	M	8	A		-1	954.97878852	[1, 1, 1, 1, 1, 1, 1, 1, 1, 1, 1, 1]
	105085	42391	61910	2	M	3	A		-1	955.913787776	[1, 1, 1, 1, 1, 1, 1, 1, 1, 1, 1, 1]
	96710	42349	29521	2	M	66	A		-1	956.170215691	[1, 1, 1, 0, 1, 1, 1, 1, 1, 1, 1, 1]
	95189	41869	2831	2	M	29	A		-1	956.557693526	[1, 1, 1, 1, 1, 1, 1, 1, 1, 1, 1, 1]
	94562	41869	68849	2	M	153	A		-1	957.478883119	[1, 1, 1, 1, 1, 1, 1, 1, 1, 1, 1, 1]
	70575	69982	40937	2	M	103	A		-1	958.226688615	[1, 1, 1, 1, 1, 1, 1, 1, 1, 1, 1, 1]
	105451	42420	46275	2	M	134	A		-1	958.363277453	[1, 1, 1, 1, 1, 1, 1, 1, 1, 1, 1, 1]
	35016	0	0	-6	M	200	A		-1	959.855038748	[1.0, 1.0, 1.0, 1.0, 1.0, 1.0, 1.0, 1.0, 1.0, 1.0, 1.0, 1.0]
	103699	42391	63956	2	M	59	A		-1	960.255804522	[1, 1, 1, 1, 1, 1, 1, 1, 1, 1, 1, 1]
	78397	43013	38445	2	M	74	A		-1	960.479353885	[1, 1, 1, 1, 1, 1, 1, 1, 1, 1, 1, 1]
	87440	41797	43491	2	M	136	A		-1	961.310254776	[1, 1, 1, 1, 1, 1, 1, 1, 1, 1, 1, 1]
	74117	69982	62923	2	M	77	A		-1	962.623339032	[1, 1, 1, 1, 1, 1, 1, 1, 1, 1, 1, 1]
	102885	42391	48304	2	M	32	A		-1	963.352601365	[1, 1, 1, 1, 1, 1, 1, 1, 1, 1, 1, 1]
	86756	41797	12387	2	M	142	A		-1	963.571308727	[1, 1, 1, 1, 1, 1, 1, 1, 1, 1, 1, 1]
	102395	42391	5919	2	M	150	A		-1	963.64896193	[1, 1, 1, 1, 1, 1, 1, 1, 1, 1, 1, 1]
	81458	41729	26433	2	M	198	A		-1	964.05869237	[1, 1, 1, 1, 1, 1, 1, 1, 1, 1, 1, 1]
	116437	42694	323	2	M	14	A		-1	964.601589472	[1, 1, 1, 1, 1, 1, 1, 1, 1, 1, 1, 1]
	104600	42391	32502	2	M	141	A		-1	965.012203499	[1, 1, 1, 0, 1, 1, 1, 1, 1, 1, 1, 1]
	79496	43013	38672	2	M	77	A		-1	965.438156421	[1, 1, 1, 1, 1, 1, 1, 1, 1, 1, 1, 1]
	101913	42391	40057	2	M	124	A		-1	965.971349596	[1, 1, 1, 1, 1, 1, 1, 1, 1, 1, 1, 1]
	87590	41797	19557	2	M	22	A		-1	966.391433597	[1, 1, 1, 1, 1, 1, 1, 1, 1, 1, 1, 1]
	110494	42529	6641	2	M	85	A		-1	966.510715061	[1, 1, 1, 1, 1, 1, 1, 1, 1, 1, 1, 1]
	112804	42529	30980	2	M	71	A		-1	968.475986766	[1, 1, 1, 1, 1, 1, 1, 1, 1, 1, 1, 1]
	76221	43013	67888	2	M	4	A		-1	968.867479632	[1, 1, 1, 1, 1, 1, 1, 1, 1, 1, 1, 1]
	122700	42805	61798	2	M	48	A		-1	968.931412942	[1, 1, 1, 1, 1, 1, 1, 1, 1, 1, 1, 1]
	87769	41797	25381	2	M	13	A		-1	969.070329274	[1, 1, 1, 1, 1, 1, 1, 1, 1, 1, 1, 1]
	43562	35120	8212	1	M	55	A		-1	971.262589443	[1, 1, 1, 1, 1, 1, 1, 1, 1, 1, 1, 1]
	85038	41729	36951	2	M	123	A		-1	971.555458796	[1, 0, 1, 1, 1, 1, 1, 1, 1, 1, 1, 1]
	98742	42349	9967	2	M	190	A		-1	971.632238243	[1, 1, 1, 0, 1, 1, 1, 1, 1, 1, 1, 1]
	112191	42529	16079	2	M	62	A		-1	972.353681664	[1, 1, 1, 1, 1, 1, 1, 1, 1, 1, 1, 1]
	82704	41729	3019	2	M	171	A		-1	972.993661005	[1, 1, 1, 1, 1, 1, 1, 1, 1, 1, 1, 1]
	110835	42529	63385	2	M	21	A		-1	973.801621892	[1, 1, 1, 1, 1, 1, 1, 1, 1, 1, 1, 1]
	63464	35115	28114	1	M	174	A		-1	974.404041331	[0, 1, 1, 1, 1, 1, 1, 1, 1, 1, 1, 1]
	76736	43013	62223	2	M	167	A		-1	975.384826199	[1, 1, 1, 1, 1, 1, 1, 1, 1, 1, 1, 1]
	70675	69982	64866	2	M	115	A		-1	975.672586601	[1, 1, 1, 1, 1, 1, 1, 1, 1, 1, 1, 1]
	77452	43013	46082	2	M	75	A		-1	976.340278037	[1, 1, 1, 1, 1, 1, 1, 1, 1, 1, 1, 1]
	85462	41797	2890	2	M	33	A		-1	978.526040935	[1, 1, 1, 1, 1, 1, 1, 1, 1, 1, 1, 1]
	112559	42529	48316	2	M	51	A		-1	978.633466256	[1, 1, 1, 0, 1, 1, 1, 1, 1, 1, 1, 1]
	122632	42805	27197	2	M	54	A		-1	979.001214839	[1, 1, 1, 1, 1, 1, 1, 1, 1, 1, 1, 1]
	89091	41797	29166	2	M	176	A		-1	979.584391688	[1, 1, 1, 1, 1, 1, 1, 1, 1, 1, 1, 1]
	96757	42349	986	2	M	117	A		-1	980.171077216	[1, 1, 1, 0, 1, 1, 1, 1, 1, 1, 1, 1]
	115936	42694	36398	2	M	15	A		-1	981.153074842	[1, 1, 1, 1, 1, 1, 1, 1, 1, 1, 1, 1]
	115065	42529	43777	2	M	160	A		-1	981.185296223	[1, 1, 1, 1, 1, 1, 1, 1, 1, 1, 1, 1]
	100012	42349	14583	2	M	145	A		-1	982.244003251	[1, 1, 1, 1, 1, 1, 1, 1, 1, 1, 1, 1]
	82886	41729	46464	2	M	113	A		-1	983.456971263	[1, 1, 1, 1, 1, 1, 1, 1, 1, 1, 1, 1]
	118904	42694	69944	2	M	150	A		-1	985.348094821	[1, 1, 1, 1, 1, 1, 1, 1, 1, 1, 1, 1]
	114529	42529	60404	2	M	97	A		-1	985.376317598	[1, 1, 1, 1, 1, 1, 1, 1, 1, 1, 1, 1]
	92706	41869	69086	2	M	174	A		-1	986.197339056	[1, 1, 1, 1, 1, 1, 1, 1, 1, 1, 1, 1]
	100969	42391	17233	2	M	73	A		-1	987.876850984	[1, 1, 0, 1, 1, 1, 1, 1, 1, 1, 1, 1]
	82851	41729	36867	2	M	104	A		-1	987.910643706	[1, 1, 1, 1, 1, 1, 1, 1, 1, 1, 1, 0]
	77982	43013	15661	2	M	47	A		-1	989.564080403	[1, 1, 1, 1, 1, 1, 1, 1, 1, 1, 1, 1]
	64789	35115	29439	1	M	103	A		-1	990.723458292	[1, 1, 1, 1, 1, 1, 1, 1, 1, 1, 1, 1]
	85138	41729	46566	2	M	6	A		-1	991.378714772	[1, 1, 1, 1, 1, 1, 1, 1, 1, 1, 1, 1]
	72312	69982	48142	2	M	63	A		-1	991.437240101	[1, 1, 1, 1, 1, 1, 1, 1, 1, 1, 1, 1]
	117606	42694	37392	2	M	10	A		-1	991.913668324	[1, 1, 1, 1, 1, 1, 1, 1, 1, 1, 1, 1]
	117123	42694	63907	2	M	165	A		-1	992.353576671	[1, 1, 1, 1, 1, 1, 1, 1, 1, 1, 1, 1]
	116906	42694	16940	2	M	124	A		-1	994.447555344	[1, 1, 1, 1, 1, 1, 1, 1, 1, 1, 1, 1]
	93949	41869	18192	2	M	18	A		-1	994.992186835	[1, 1, 1, 1, 1, 1, 1, 1, 1, 1, 1, 0]
	102429	42391	36549	2	M	122	A		-1	997.794621669	[1, 1, 1, 1, 1, 1, 1, 1, 1, 1, 1, 1]
	74217	69982	5105	2	M	148	A		-1	998.970071008	[1, 1, 1, 1, 1, 1, 1, 1, 1, 1, 1, 1]
	74193	69982	61113	2	M	182	A		-1	1005.31761017	[1, 1, 1, 1, 1, 1, 1, 1, 1, 1, 1, 1]
	104778	42391	56781	2	M	146	A		-1	1006.26261737	[1, 1, 1, 1, 1, 1, 1, 1, 1, 1, 1, 1]
	98066	42349	10197	2	M	51	A		-1	1008.75541393	[1, 1, 1, 0, 1, 1, 1, 1, 1, 1, 1, 1]
	115641	42694	68081	2	M	36	A		-1	1009.51275665	[1, 1, 1, 1, 1, 1, 1, 1, 1, 1, 1, 1]
	87583	41797	46004	2	M	170	A		-1	1012.43885933	[1, 1, 1, 1, 1, 1, 1, 1, 1, 1, 1, 1]
	94195	41869	10501	2	M	36	A		-1	1012.79022987	[1, 1, 1, 1, 1, 1, 1, 1, 1, 1, 1, 0]
	99782	42349	10530	2	M	163	A		-1	1013.33376195	[1, 1, 1, 0, 1, 1, 1, 1, 1, 1, 1, 1]
	98048	42349	46520	2	M	62	A		-1	1017.59048053	[1, 1, 1, 1, 1, 1, 1, 1, 1, 1, 1, 1]
	90900	41869	37784	2	M	185	A		-1	1019.14972346	[1, 1, 1, 1, 1, 0, 1, 1, 1, 1, 1, 1]
	105303	42391	20286	2	M	192	A		-1	1019.39585943	[1, 1, 1, 1, 1, 1, 1, 1, 1, 1, 1, 1]
	72923	69982	65112	2	M	54	A		-1	1021.09574412	[1, 1, 1, 0, 1, 1, 1, 1, 1, 1, 1, 1]
	121216	42805	33046	2	M	69	A		-1	1021.1721661	[1, 1, 1, 1, 1, 1, 1, 1, 1, 1, 1, 1]
	80845	41729	60661	2	M	191	A		-1	1021.26625082	[1, 1, 1, 1, 1, 1, 1, 1, 1, 1, 1, 0]
	86410	41797	13689	2	M	143	A		-1	1021.7019029	[1, 1, 1, 1, 1, 1, 1, 1, 1, 1, 1, 1]
	64076	35115	28726	1	M	157	A		-1	1022.42894384	[0, 1, 1, 1, 1, 1, 1, 1, 1, 1, 1, 1]
	81866	41729	38617	2	M	169	A		-1	1023.01801297	[1, 1, 1, 1, 1, 1, 1, 1, 1, 1, 1, 0]
	109422	42420	12215	2	M	175	A		-1	1023.69441647	[1, 1, 1, 1, 1, 1, 1, 1, 1, 1, 1, 0]
	92271	41869	1911	2	M	153	A		-1	1024.70056351	[1, 1, 1, 1, 1, 1, 1, 1, 1, 1, 1, 1]
	108324	42420	38869	2	M	109	A		-1	1025.25551939	[1, 1, 1, 1, 1, 1, 1, 1, 1, 1, 1, 1]
	111649	42529	42565	2	M	78	A		-1	1027.6101073	[1, 1, 1, 1, 1, 1, 1, 1, 1, 1, 1, 1]
	79548	43013	31613	2	M	79	A		-1	1027.94996155	[1, 1, 1, 1, 1, 1, 1, 1, 1, 1, 1, 1]
	101612	42391	62916	2	M	68	A		-1	1029.28268292	[1, 1, 1, 1, 1, 1, 1, 1, 1, 1, 1, 1]
	120100	42694	38873	2	M	72	A		-1	1032.07411321	[1, 1, 1, 1, 1, 1, 1, 1, 1, 1, 1, 1]
	120502	42805	62502	2	M	131	A		-1	1033.37955237	[1, 1, 1, 1, 1, 1, 1, 1, 1, 1, 1, 1]
	103386	42391	49238	2	M	120	A		-1	1034.43676849	[1, 1, 1, 1, 1, 1, 1, 1, 1, 1, 1, 1]
	118135	42694	52227	2	M	196	A		-1	1034.79042367	[1, 1, 1, 1, 1, 1, 1, 1, 1, 1, 1, 1]
	121174	42805	13132	2	M	167	A		-1	1035.79759276	[1, 1, 1, 1, 1, 1, 1, 1, 1, 1, 1, 1]
	114790	42529	40962	2	M	21	A		-1	1035.94527377	[1, 1, 1, 1, 1, 1, 1, 1, 1, 1, 1, 1]
	115959	42694	40122	2	M	109	A		-1	1036.81194288	[1, 1, 1, 1, 1, 1, 1, 1, 1, 1, 1, 1]
	77922	43013	62048	2	M	83	A		-1	1036.91225545	[1, 1, 1, 1, 1, 1, 1, 1, 1, 1, 1, 1]
	86963	41797	59267	2	M	20	A		-1	1037.70325115	[1, 1, 1, 1, 1, 1, 1, 1, 1, 1, 1, 1]
	90488	41869	39746	2	M	97	A		-1	1046.06776856	[1, 1, 1, 1, 1, 1, 1, 1, 1, 1, 1, 0]
	74334	69982	39456	2	M	101	A		-1	1048.98457377	[1, 1, 1, 1, 1, 1, 1, 1, 1, 1, 1, 1]
	119251	42694	40917	2	M	143	A		-1	1051.64984781	[1, 1, 1, 1, 1, 1, 1, 1, 1, 1, 1, 1]
	119810	42694	30130	2	M	56	A		-1	1053.2244717	[1, 1, 1, 1, 1, 1, 1, 1, 1, 1, 1, 1]
	119078	42694	39476	2	M	81	A		-1	1055.13057125	[1, 1, 1, 1, 1, 1, 1, 1, 1, 1, 1, 1]
	113056	42529	35572	2	M	100	A		-1	1059.06208091	[1, 1, 1, 1, 1, 1, 1, 1, 1, 1, 1, 1]
	70572	69982	36455	2	M	129	A		-1	1060.27936862	[1, 1, 1, 1, 1, 1, 1, 1, 1, 1, 1, 0]
	116545	42694	46675	2	M	86	A		-1	1061.63683946	[1, 1, 1, 1, 1, 1, 1, 1, 1, 1, 1, 1]
	116031	42694	38270	2	M	62	A		-1	1063.62365546	[1, 1, 1, 1, 1, 1, 1, 1, 1, 1, 1, 1]
	36416	35350	1066	1	M	75	A		-1	1065.63346202	[1, 1, 1, 1, 1, 1, 1, 1, 1, 1, 1, 1]
	89777	41797	18707	2	M	176	A		-1	1066.8841977	[1, 1, 1, 1, 1, 1, 1, 1, 1, 1, 1, 1]
	96704	42349	6857	2	M	88	A		-1	1066.98531114	[1, 1, 1, 1, 1, 1, 1, 1, 1, 1, 1, 1]
	95617	42349	48842	2	M	98	A		-1	1068.60359017	[1, 1, 1, 1, 1, 1, 1, 1, 1, 1, 1, 1]
	97099	42349	37300	2	M	66	A		-1	1075.20066513	[1, 1, 1, 1, 1, 1, 1, 1, 1, 1, 1, 1]
	102029	42391	35968	2	M	178	A		-1	1076.56558447	[1, 1, 1, 1, 1, 1, 1, 1, 1, 1, 1, 1]
	108592	42420	24919	2	M	108	A		-1	1077.83900305	[1, 1, 1, 1, 1, 1, 1, 1, 1, 1, 0, 1]
	113569	42529	56103	2	M	100	A		-1	1080.30274705	[1, 1, 0, 1, 1, 1, 1, 1, 1, 1, 1, 1]
	83120	41729	37967	2	M	168	A		-1	1080.60320405	[1, 1, 1, 1, 1, 1, 1, 1, 1, 1, 1, 1]
	101934	42391	8244	2	M	45	A		-1	1081.15790302	[1, 1, 1, 1, 1, 1, 1, 1, 1, 1, 1, 0]
	108408	42420	51888	2	M	113	A		-1	1081.67445908	[1, 1, 1, 1, 1, 1, 1, 1, 1, 1, 1, 1]
	114574	42529	68975	2	M	87	A		-1	1081.83780547	[1, 1, 1, 1, 1, 1, 1, 1, 1, 1, 1, 1]
	104835	42391	7842	2	M	127	A		-1	1083.2806036	[1, 1, 1, 1, 1, 1, 1, 1, 1, 1, 1, 1]
	110263	42420	66065	2	M	198	A		-1	1083.62063141	[1, 1, 1, 1, 1, 1, 1, 1, 1, 1, 1, 1]
	86713	41797	47547	2	M	180	A		-1	1086.19163609	[1, 1, 1, 1, 1, 1, 1, 1, 1, 1, 1, 1]
	102644	42391	48709	2	M	199	A		-1	1086.56387735	[1, 1, 1, 1, 1, 1, 1, 1, 1, 1, 1, 1]
	115440	42694	40158	2	M	19	A		-1	1088.97208427	[1, 1, 1, 1, 1, 1, 1, 1, 1, 1, 1, 1]
	99384	42349	39612	2	M	89	A		-1	1089.77611845	[1, 1, 1, 0, 1, 1, 1, 1, 1, 1, 1, 1]
	74554	69982	35958	2	M	131	A		-1	1090.75802729	[1, 1, 1, 1, 1, 1, 1, 1, 1, 1, 1, 1]
	84016	41729	49014	2	M	32	A		-1	1090.89959275	[1, 1, 1, 1, 1, 1, 1, 1, 1, 1, 1, 1]
	107867	42420	8552	2	M	49	A		-1	1091.82387122	[1, 1, 1, 1, 1, 1, 1, 1, 1, 1, 1, 1]
	83303	41729	65412	2	M	21	A		-1	1093.97097615	[1, 1, 1, 1, 1, 1, 1, 1, 1, 1, 1, 1]
	75421	43013	64330	2	M	71	A		-1	1097.49855449	[1, 1, 1, 1, 1, 1, 1, 1, 1, 1, 1, 1]
	73837	69982	53994	2	M	4	A		-1	1098.35531982	[1, 1, 1, 0, 1, 1, 1, 1, 1, 1, 1, 0]
	122593	42805	5050	2	M	81	A		-1	1099.14369556	[1, 1, 1, 1, 1, 1, 1, 1, 1, 1, 1, 1]
	71829	69982	14955	2	M	43	A		-1	1099.84084632	[1, 1, 1, 1, 1, 1, 1, 1, 1, 1, 1, 1]
	99283	42349	24539	2	M	33	A		-1	1106.9037868	[1, 0, 1, 0, 1, 1, 1, 1, 1, 1, 1, 1]
	72110	69982	47239	2	M	180	A		-1	1108.6960025	[0, 1, 1, 1, 1, 1, 1, 1, 1, 1, 1, 1]
	111016	42529	2907	2	M	118	A		-1	1115.88649692	[1, 1, 1, 1, 1, 1, 1, 1, 1, 1, 1, 1]
	64816	35115	29466	1	M	65	A		-1	1128.85695524	[1, 1, 1, 1, 1, 1, 1, 1, 1, 1, 1, 1]
	64291	35115	28941	1	M	189	A		-1	1128.92753021	[1, 1, 1, 1, 1, 1, 1, 1, 1, 1, 1, 1]
	74942	69982	47466	2	M	15	A		-1	1130.81917365	[1, 1, 1, 1, 1, 1, 1, 1, 1, 1, 1, 1]
	74531	69982	29128	2	M	128	A		-1	1153.20062679	[1, 1, 1, 1, 1, 1, 1, 1, 1, 1, 1, 1]
	87993	41797	32517	2	M	33	A		-1	1170.32547392	[1, 1, 1, 1, 1, 1, 1, 1, 1, 1, 1, 1]
	72938	69982	3499	2	M	161	A		-1	1174.41967145	[1, 1, 1, 1, 1, 1, 1, 1, 1, 1, 1, 1]
	89989	41797	31988	2	M	2	A		-1	1180.28932239	[1, 1, 1, 1, 1, 1, 1, 1, 1, 1, 1, 1]
	118158	42694	42021	2	M	6	A		-1	1199.90537634	[1, 1, 1, 1, 1, 1, 1, 1, 1, 1, 1, 1]
	105023	42391	63484	2	M	100	A		-1	1201.61425351	[1, 1, 1, 1, 1, 1, 1, 1, 1, 1, 1, 1]
	82186	41729	67911	2	M	102	A		-1	1298.17410709	[1, 1, 1, 1, 1, 1, 1, 1, 1, 1, 1, 1]
