animal	sire	dam	born	sex	herd	status	cause	died	TBV	recessives
	1227751	1114781	1013676	14	M	49	A		-1	3589.32531999	[1, 1, 1, 0, 1, 1, 1, 1, 1, 1, 1, 0]
	1150152	1001066	1059018	13	M	86	A		-1	3589.51244924	[1, 1, 1, 0, 1, 1, 1, 1, 1, 1, 1, 1]
	1264398	1140331	1107879	14	M	2	A		-1	3589.93449556	[1, 1, 1, 1, 1, 1, 1, 1, 1, 1, 1, 1]
	1195523	1152830	1139637	14	M	60	A		-1	3589.97124881	[1, 1, 1, 1, 1, 1, 1, 1, 1, 1, 1, 1]
	1274391	1114876	1182560	14	M	8	A		-1	3590.22423283	[1, 1, 1, 1, 1, 1, 1, 1, 1, 1, 1, 1]
	1228140	1171942	1050749	14	M	88	A		-1	3590.47696577	[1, 1, 1, 1, 1, 1, 1, 1, 1, 1, 1, 1]
	1276396	1153416	1108870	14	M	17	A		-1	3590.81952325	[1, 1, 1, 1, 1, 1, 1, 1, 1, 1, 1, 1]
	1110649	999707	1037921	13	M	88	A		-1	3591.02046835	[1, 1, 1, 1, 1, 1, 1, 1, 1, 1, 1, 0]
	1233396	1134536	1026610	14	M	42	A		-1	3591.08938371	[1, 1, 1, 1, 1, 1, 1, 1, 1, 1, 1, 1]
	1273811	1179057	1142512	14	M	40	A		-1	3591.27587624	[1, 1, 1, 1, 1, 1, 1, 1, 1, 1, 1, 1]
	1231551	1020787	1169112	14	M	10	A		-1	3591.29588511	[1, 1, 1, 1, 1, 1, 1, 1, 1, 1, 1, 1]
	1268502	1150786	1178315	14	M	33	A		-1	3591.38839881	[1, 1, 1, 1, 1, 1, 1, 1, 1, 1, 1, 1]
	1289681	1114855	1164309	14	M	3	A		-1	3591.52517284	[1, 1, 1, 1, 1, 1, 1, 1, 1, 1, 1, 1]
	1274619	1130602	1172012	14	M	60	A		-1	3591.71053347	[1, 1, 1, 1, 1, 1, 1, 1, 1, 1, 1, 1]
	1291407	1159611	1142780	14	M	85	A		-1	3592.03405246	[1, 0, 1, 1, 1, 1, 1, 1, 1, 1, 1, 1]
	1269992	1131197	1137008	14	M	11	A		-1	3592.21009248	[1, 1, 1, 1, 1, 1, 1, 1, 1, 1, 1, 1]
	1113106	998131	969102	13	M	69	A		-1	3592.37969727	[1, 1, 1, 1, 1, 1, 1, 1, 1, 1, 1, 1]
	1239890	1103101	1189569	14	M	47	A		-1	3592.56347497	[1, 1, 1, 1, 1, 1, 1, 1, 1, 1, 1, 1]
	1223174	1158177	1169837	14	M	34	A		-1	3592.60832453	[1, 1, 1, 1, 1, 1, 1, 1, 1, 1, 1, 1]
	1246035	1131644	1110930	14	M	41	A		-1	3592.78887034	[1, 1, 1, 1, 1, 1, 1, 1, 1, 1, 1, 1]
	1257973	1159982	1110427	14	M	28	A		-1	3592.84076525	[1, 1, 1, 1, 1, 1, 1, 1, 1, 1, 1, 1]
	1291220	1120301	1000918	14	M	47	A		-1	3592.9947797	[1, 1, 0, 1, 1, 1, 1, 1, 1, 1, 1, 1]
	1252485	1137228	1118305	14	M	30	A		-1	3593.16994169	[1, 1, 1, 1, 1, 1, 1, 1, 1, 1, 1, 1]
	1197885	1115010	1130882	14	M	97	A		-1	3593.23765567	[1, 1, 1, 1, 1, 1, 1, 1, 1, 1, 1, 1]
	1293953	1047116	1056730	14	M	56	A		-1	3593.30070923	[1, 1, 1, 1, 1, 1, 1, 1, 1, 1, 1, 0]
	1256993	1166343	1091724	14	M	16	A		-1	3593.43309441	[1, 1, 1, 1, 1, 1, 1, 1, 1, 1, 1, 1]
	1155272	1066972	974651	13	M	92	A		-1	3593.67897019	[1, 1, 1, 1, 1, 1, 1, 1, 1, 1, 1, 1]
	1213056	1142571	1082958	14	M	99	A		-1	3593.70809816	[1, 1, 1, 1, 1, 1, 1, 1, 1, 1, 1, 1]
	1291241	1118415	1106240	14	M	29	A		-1	3593.89573169	[1, 1, 1, 1, 1, 1, 1, 1, 1, 1, 1, 1]
	1214823	1149340	1183167	14	M	55	A		-1	3594.0097651	[1, 1, 1, 1, 1, 1, 1, 1, 1, 1, 1, 1]
	1245399	1150388	1141820	14	M	22	A		-1	3594.07462435	[0, 1, 1, 1, 1, 1, 1, 1, 1, 1, 1, 1]
	1200384	1184934	1099110	14	M	47	A		-1	3594.17438958	[0, 1, 1, 1, 1, 1, 1, 1, 1, 1, 1, 1]
	1261924	1114331	1177915	14	M	33	A		-1	3594.34160872	[1, 1, 1, 1, 1, 1, 1, 1, 1, 1, 1, 1]
	1229270	1139072	915876	14	M	32	A		-1	3594.35684972	[1, 1, 1, 1, 1, 1, 1, 1, 1, 1, 1, 1]
	1205173	1101927	1169385	14	M	18	A		-1	3594.39444953	[1, 1, 1, 1, 1, 1, 1, 1, 1, 1, 1, 1]
	1262281	1107590	1098049	14	M	51	A		-1	3594.45807305	[1, 1, 1, 1, 1, 1, 1, 1, 1, 1, 1, 1]
	1239997	1017850	838812	14	M	9	A		-1	3594.67974248	[1, 1, 1, 1, 1, 1, 1, 1, 1, 1, 1, 1]
	1281564	1116192	1176712	14	M	83	A		-1	3595.03191315	[1, 1, 1, 1, 1, 1, 1, 1, 1, 1, 1, 1]
	1229855	1153416	1107648	14	M	4	A		-1	3595.04108031	[1, 1, 1, 1, 1, 1, 1, 0, 1, 1, 1, 1]
	1239967	1191886	1115209	14	M	45	A		-1	3595.10845289	[1, 1, 1, 1, 1, 1, 1, 1, 1, 1, 1, 1]
	1207097	1149771	1075046	14	M	14	A		-1	3595.12023118	[1, 1, 1, 1, 1, 1, 1, 1, 1, 1, 1, 1]
	1230791	1029896	1105083	14	M	22	A		-1	3595.30919317	[1, 1, 1, 1, 1, 0, 1, 1, 1, 1, 1, 1]
	1283565	1134683	1109812	14	M	11	A		-1	3595.49861589	[1, 1, 1, 0, 1, 1, 1, 1, 1, 1, 1, 1]
	1248411	1154521	1153316	14	M	100	A		-1	3595.89117112	[1, 1, 1, 1, 1, 1, 1, 1, 1, 1, 1, 1]
	1199614	1192346	1177528	14	M	24	A		-1	3596.02093065	[1, 1, 1, 1, 1, 1, 1, 1, 1, 1, 1, 1]
	1193241	1019487	1014310	13	M	3	A		-1	3596.28500725	[1, 1, 1, 1, 1, 1, 1, 1, 1, 1, 1, 1]
	1263765	1108264	1180166	14	M	83	A		-1	3596.65261726	[1, 1, 1, 1, 1, 1, 1, 1, 1, 1, 1, 1]
	1259027	1107929	1014815	14	M	17	A		-1	3597.37364259	[1, 1, 1, 1, 1, 1, 1, 1, 1, 1, 1, 1]
	1116192	1072301	840763	13	M	78	A		-1	3597.41518883	[1, 1, 1, 1, 1, 1, 1, 1, 1, 1, 1, 1]
	1197650	1149771	1168068	14	M	47	A		-1	3597.43234431	[1, 1, 1, 1, 1, 1, 1, 1, 1, 1, 1, 1]
	1272510	1101480	1152551	14	M	83	A		-1	3597.48697455	[1, 1, 1, 1, 1, 1, 1, 1, 1, 1, 1, 1]
	1238117	1117516	1141835	14	M	16	A		-1	3597.49288109	[0, 1, 1, 1, 1, 1, 1, 1, 1, 1, 1, 0]
	1244042	1073125	1137082	14	M	53	A		-1	3597.9163124	[1, 1, 1, 1, 1, 1, 1, 1, 1, 1, 1, 1]
	1287843	1157293	1164978	14	M	82	A		-1	3598.41941881	[1, 1, 1, 1, 1, 1, 1, 1, 1, 1, 1, 1]
	1265786	1139994	1121474	14	M	67	A		-1	3598.87049751	[1, 1, 1, 1, 1, 1, 1, 1, 1, 1, 1, 1]
	1227369	1017850	1173925	14	M	22	A		-1	3598.93886946	[1, 1, 1, 1, 1, 1, 1, 1, 1, 1, 1, 1]
	1269480	1175130	1135107	14	M	71	A		-1	3599.04147467	[1, 1, 1, 1, 1, 1, 1, 1, 1, 1, 1, 1]
	1265102	1139435	1170479	14	M	9	A		-1	3599.10774255	[1, 1, 1, 1, 1, 0, 1, 1, 1, 1, 1, 1]
	1278359	1151773	996380	14	M	58	A		-1	3599.4071707	[1, 1, 1, 1, 1, 1, 1, 1, 1, 1, 1, 1]
	1252982	1139994	1164640	14	M	6	A		-1	3599.83674964	[1, 0, 1, 0, 1, 1, 1, 1, 1, 1, 1, 1]
	1262929	1147876	1148475	14	M	85	A		-1	3600.4184447	[1, 1, 1, 1, 1, 1, 1, 1, 1, 1, 1, 1]
	1247057	1169235	1132430	14	M	100	A		-1	3600.47760064	[1, 1, 1, 1, 1, 1, 1, 1, 1, 1, 1, 1]
	1232360	1169235	1121825	14	M	19	A		-1	3601.05048126	[1, 1, 1, 0, 1, 1, 1, 1, 1, 1, 1, 1]
	1275030	1183245	1109918	14	M	100	A		-1	3601.26102196	[1, 1, 1, 1, 1, 1, 1, 1, 1, 1, 0, 1]
	1278058	1126007	1133096	14	M	23	A		-1	3601.59947104	[1, 1, 0, 1, 1, 1, 1, 1, 1, 1, 1, 1]
	1234013	1011055	1100218	14	M	37	A		-1	3602.03655813	[0, 1, 1, 1, 1, 1, 1, 1, 1, 1, 1, 1]
	1276801	1135346	1088488	14	M	27	A		-1	3602.56583362	[1, 1, 1, 1, 1, 1, 1, 1, 1, 1, 1, 1]
	1291216	1107246	1130347	14	M	27	A		-1	3602.92335672	[1, 1, 1, 1, 1, 1, 1, 1, 1, 1, 1, 1]
	1236863	1155272	1145827	14	M	11	A		-1	3603.00279461	[1, 1, 1, 1, 1, 1, 1, 1, 1, 1, 1, 1]
	1196277	1146068	1153555	14	M	39	A		-1	3603.08747421	[1, 1, 1, 1, 1, 1, 1, 1, 1, 1, 1, 1]
	1255902	1189165	1116698	14	M	45	A		-1	3603.10915147	[1, 1, 1, 1, 1, 1, 1, 1, 1, 1, 1, 1]
	1238000	1163220	1118715	14	M	45	A		-1	3603.21494021	[1, 1, 1, 1, 1, 1, 1, 1, 1, 1, 1, 1]
	1269349	1160336	1177649	14	M	87	A		-1	3603.22475341	[1, 1, 1, 1, 1, 1, 1, 0, 1, 1, 1, 0]
	1289938	1134383	1155670	14	M	46	A		-1	3603.24395497	[1, 1, 1, 1, 1, 1, 1, 1, 1, 1, 1, 1]
	1274217	1190399	1074329	14	M	1	A		-1	3603.72399806	[1, 1, 1, 1, 1, 1, 1, 1, 1, 1, 1, 1]
	1215600	1176733	1116367	14	M	75	A		-1	3604.06009936	[1, 1, 1, 1, 1, 1, 1, 1, 1, 1, 1, 1]
	1277912	1103033	1012508	14	M	84	A		-1	3604.41123144	[1, 1, 1, 1, 1, 1, 1, 1, 1, 1, 1, 1]
	1249004	1153741	1123028	14	M	85	A		-1	3604.65620255	[1, 1, 1, 1, 1, 1, 1, 1, 1, 1, 1, 1]
	1228350	1096922	1150150	14	M	58	A		-1	3604.74959493	[1, 1, 1, 1, 1, 1, 1, 1, 1, 1, 1, 1]
	1268058	999806	1137962	14	M	39	A		-1	3604.8793797	[1, 1, 1, 0, 1, 1, 1, 1, 1, 1, 1, 1]
	1207738	1100965	1152335	14	M	90	A		-1	3605.11944096	[1, 1, 0, 1, 1, 1, 1, 1, 1, 1, 1, 0]
	1252000	1117950	1158968	14	M	3	A		-1	3605.16035132	[1, 1, 1, 1, 1, 1, 1, 1, 1, 1, 1, 1]
	1154192	1004528	1062369	13	M	65	A		-1	3605.23086007	[1, 1, 1, 1, 1, 1, 1, 1, 1, 1, 1, 1]
	1223620	1066160	1170099	14	M	85	A		-1	3605.35501489	[1, 1, 1, 0, 1, 1, 1, 1, 1, 1, 1, 0]
	1240132	1120301	1158064	14	M	16	A		-1	3605.50392057	[1, 1, 0, 1, 1, 1, 1, 1, 1, 1, 1, 1]
	1264292	1177226	1060349	14	M	82	A		-1	3605.76748834	[1, 1, 1, 1, 1, 1, 1, 1, 1, 1, 1, 0]
	1233784	1007630	1151001	14	M	72	A		-1	3606.1689403	[1, 1, 1, 1, 1, 1, 1, 1, 1, 1, 1, 1]
	1214261	1150264	1194849	14	M	58	A		-1	3606.17269655	[1, 1, 1, 1, 1, 1, 1, 1, 1, 1, 1, 1]
	1285953	1163569	1167466	14	M	73	A		-1	3606.26318212	[1, 1, 1, 1, 1, 1, 1, 1, 1, 1, 1, 0]
	1254259	1127443	1104570	14	M	87	A		-1	3606.39578875	[1, 1, 1, 1, 1, 1, 1, 1, 1, 1, 1, 1]
	1273980	1151773	926726	14	M	40	A		-1	3606.4903338	[1, 1, 1, 1, 1, 1, 1, 1, 1, 1, 1, 1]
	1232578	1183245	1152231	14	M	29	A		-1	3606.71371911	[1, 1, 1, 1, 1, 0, 1, 1, 1, 1, 0, 0]
	1275152	1007630	1139068	14	M	7	A		-1	3606.77922806	[1, 1, 1, 1, 1, 1, 1, 1, 1, 1, 1, 1]
	1216370	1115238	1000304	14	M	8	A		-1	3606.93876611	[1, 1, 1, 1, 1, 1, 1, 1, 1, 1, 1, 1]
	1252882	1160415	1191876	14	M	64	A		-1	3606.98902937	[1, 1, 1, 1, 1, 1, 1, 1, 1, 1, 1, 1]
	1217245	1183245	998509	14	M	63	A		-1	3607.086168	[1, 1, 1, 1, 1, 1, 1, 1, 1, 1, 0, 1]
	1232598	1186501	1163285	14	M	27	A		-1	3607.09590464	[1, 1, 1, 0, 1, 1, 1, 1, 1, 1, 1, 1]
	1286251	1176559	1139148	14	M	54	A		-1	3607.23495842	[1, 1, 1, 1, 1, 1, 1, 1, 1, 1, 1, 1]
	1271479	1113693	1030057	14	M	95	A		-1	3607.77155993	[1, 1, 1, 1, 1, 1, 1, 1, 1, 1, 1, 1]
	1273344	1152078	1188740	14	M	7	A		-1	3608.08179401	[1, 1, 1, 1, 1, 1, 1, 1, 1, 1, 1, 1]
	1216888	1166379	1180384	14	M	96	A		-1	3608.09538839	[1, 1, 1, 1, 1, 1, 1, 1, 1, 1, 1, 1]
	1216514	1096774	1133460	14	M	97	A		-1	3608.10863238	[0, 1, 0, 1, 1, 1, 1, 1, 1, 1, 1, 1]
	1100115	894166	1053551	13	M	84	A		-1	3608.38227938	[1, 1, 1, 1, 1, 1, 1, 1, 1, 1, 1, 1]
	1106521	1005074	1009348	13	M	10	A		-1	3608.51762753	[1, 1, 1, 1, 1, 0, 1, 1, 1, 1, 1, 1]
	1209428	1194601	1015777	14	M	78	A		-1	3608.73178537	[1, 1, 1, 1, 1, 1, 1, 1, 1, 1, 1, 1]
	1253953	1114781	1179149	14	M	50	A		-1	3609.19648836	[1, 1, 1, 1, 1, 1, 1, 1, 1, 1, 1, 1]
	1244637	1098225	1105661	14	M	40	A		-1	3609.39442731	[1, 1, 1, 1, 1, 1, 1, 1, 1, 1, 1, 1]
	1280894	1194024	1094279	14	M	3	A		-1	3610.02752432	[1, 1, 1, 1, 1, 1, 1, 1, 1, 1, 1, 1]
	1252972	1154435	1191301	14	M	23	A		-1	3610.41373937	[1, 1, 1, 1, 1, 1, 1, 1, 1, 1, 1, 1]
	1246281	1122232	1143318	14	M	46	A		-1	3611.06157423	[1, 1, 1, 1, 1, 1, 1, 1, 1, 1, 1, 1]
	1237879	1138278	1185800	14	M	17	A		-1	3611.3230711	[1, 1, 1, 1, 1, 1, 1, 1, 1, 1, 1, 1]
	1256338	1070496	1125872	14	M	82	A		-1	3611.34855287	[1, 1, 1, 1, 1, 1, 1, 1, 1, 1, 1, 1]
	1244134	1095034	1193829	14	M	78	A		-1	3611.38420003	[1, 1, 1, 1, 1, 1, 1, 1, 1, 1, 1, 1]
	1284540	1140331	1127055	14	M	0	A		-1	3611.67748282	[1, 1, 1, 1, 1, 1, 1, 1, 1, 1, 1, 1]
	1212746	1190259	1137698	14	M	81	A		-1	3612.19907059	[1, 1, 1, 1, 1, 1, 1, 1, 1, 1, 1, 1]
	1228030	1148339	1101919	14	M	19	A		-1	3612.61097545	[1, 1, 1, 1, 1, 1, 1, 1, 1, 1, 1, 1]
	1281446	1171843	1155799	14	M	23	A		-1	3612.98347413	[1, 1, 1, 1, 1, 1, 1, 1, 1, 1, 1, 1]
	1284026	1181231	1078649	14	M	70	A		-1	3613.13570648	[1, 1, 1, 1, 1, 1, 1, 1, 1, 1, 1, 1]
	1251686	1108749	1082625	14	M	89	A		-1	3613.22737357	[1, 1, 1, 1, 1, 1, 1, 1, 1, 1, 1, 1]
	1201726	1017850	983276	14	M	65	A		-1	3613.64022609	[1, 1, 1, 1, 1, 1, 1, 1, 1, 1, 1, 1]
	1220867	1127443	1127447	14	M	7	A		-1	3614.24504955	[1, 1, 1, 1, 1, 1, 1, 1, 1, 1, 1, 1]
	1100671	1074938	1052358	13	M	20	A		-1	3615.06823866	[1, 1, 1, 1, 1, 1, 1, 1, 1, 1, 1, 1]
	1269647	1102076	1121414	14	M	89	A		-1	3615.27124732	[1, 1, 1, 1, 1, 1, 1, 1, 1, 1, 1, 1]
	1265934	1138539	1131724	14	M	53	A		-1	3615.42384798	[1, 1, 1, 1, 1, 1, 1, 0, 1, 1, 1, 0]
	1197168	1096249	1144948	14	M	53	A		-1	3615.48409618	[1, 1, 1, 1, 1, 1, 1, 1, 1, 1, 1, 1]
	1202622	1152078	1182571	14	M	18	A		-1	3615.78450139	[1, 1, 1, 1, 1, 1, 1, 1, 1, 1, 1, 1]
	1287460	1188293	1112432	14	M	53	A		-1	3616.00570207	[0, 1, 1, 1, 1, 1, 1, 1, 1, 1, 1, 1]
	1203398	995168	1175845	14	M	34	A		-1	3616.21513848	[1, 1, 1, 1, 1, 1, 1, 1, 1, 1, 1, 1]
	1212674	1155338	1097533	14	M	0	A		-1	3616.47403784	[1, 1, 1, 0, 1, 0, 1, 1, 1, 1, 1, 0]
	1248851	1096481	1160100	14	M	44	A		-1	3616.94962108	[1, 1, 1, 1, 1, 1, 1, 1, 1, 1, 1, 1]
	1226098	1096922	1163063	14	M	48	A		-1	3617.21972797	[1, 1, 1, 1, 1, 1, 1, 1, 1, 1, 1, 1]
	1261888	1159565	1172241	14	M	64	A		-1	3617.50180264	[1, 1, 1, 1, 1, 1, 1, 1, 1, 1, 1, 1]
	1202570	1190076	1150196	14	M	22	A		-1	3617.80119542	[1, 1, 1, 1, 1, 1, 1, 1, 1, 1, 1, 1]
	1281397	1126537	1081293	14	M	32	A		-1	3618.74566033	[1, 1, 1, 1, 1, 1, 1, 1, 1, 1, 1, 1]
	1267018	1177226	1132570	14	M	80	A		-1	3618.77613987	[1, 1, 1, 1, 1, 1, 1, 1, 1, 1, 1, 1]
	1217772	1126560	1060396	14	M	98	A		-1	3618.95408972	[1, 1, 1, 1, 1, 1, 0, 1, 1, 1, 1, 1]
	1217140	1087186	1137477	14	M	1	A		-1	3619.08079946	[1, 1, 1, 1, 1, 1, 1, 1, 1, 1, 1, 1]
	1140073	998131	845934	13	M	49	A		-1	3619.0907977	[1, 1, 1, 1, 1, 1, 1, 1, 1, 1, 1, 1]
	1280177	1163928	1141533	14	M	76	A		-1	3619.35236774	[1, 1, 1, 1, 1, 1, 1, 1, 1, 1, 1, 1]
	1252496	1095786	999514	14	M	81	A		-1	3619.71249986	[1, 1, 1, 1, 1, 0, 1, 1, 1, 1, 1, 1]
	1253097	1163220	901670	14	M	55	A		-1	3619.76009574	[1, 1, 1, 1, 1, 1, 1, 1, 1, 1, 1, 1]
	1254519	1178292	1095532	14	M	87	A		-1	3619.76026701	[1, 1, 0, 1, 1, 1, 1, 1, 1, 1, 1, 1]
	1223978	1096782	1145147	14	M	89	A		-1	3620.35406796	[1, 1, 1, 1, 1, 1, 1, 1, 1, 1, 1, 1]
	1198504	1128432	1004682	14	M	36	A		-1	3620.80182035	[1, 1, 1, 1, 1, 1, 1, 1, 1, 1, 1, 1]
	1242082	1183245	1168278	14	M	65	A		-1	3620.80591837	[1, 1, 1, 1, 1, 1, 1, 1, 1, 1, 0, 0]
	1227473	1186510	1177852	14	M	25	A		-1	3620.86980611	[1, 1, 1, 1, 1, 1, 1, 1, 1, 1, 1, 1]
	1208156	1056509	1040957	14	M	78	A		-1	3620.99258343	[1, 1, 1, 1, 1, 1, 1, 1, 1, 1, 1, 1]
	1265014	1186975	1087307	14	M	10	A		-1	3621.03216693	[1, 1, 1, 1, 1, 1, 1, 1, 1, 1, 1, 1]
	1214119	1190359	1116944	14	M	5	A		-1	3621.1230189	[1, 1, 1, 1, 1, 1, 1, 1, 1, 1, 1, 1]
	1199124	1178295	1014909	14	M	57	A		-1	3621.19049989	[1, 1, 0, 1, 1, 1, 1, 1, 1, 1, 1, 1]
	1115238	1080307	1012908	13	M	96	A		-1	3621.21832326	[1, 1, 1, 1, 1, 1, 1, 1, 1, 1, 1, 1]
	1256276	1176559	1174071	14	M	38	A		-1	3621.68741743	[1, 0, 1, 1, 1, 1, 1, 1, 1, 1, 1, 1]
	1190547	913953	996573	13	M	24	A		-1	3621.99765389	[1, 1, 1, 0, 1, 1, 1, 1, 1, 1, 1, 0]
	1206733	1182398	1135180	14	M	10	A		-1	3622.05124536	[1, 1, 1, 1, 1, 1, 1, 1, 1, 1, 1, 1]
	1248801	1149079	1101679	14	M	87	A		-1	3623.05443251	[1, 1, 1, 1, 1, 1, 1, 1, 1, 1, 1, 1]
	1224933	1187217	1162364	14	M	26	A		-1	3623.31959375	[1, 1, 1, 1, 1, 1, 1, 1, 1, 1, 1, 1]
	1212238	1116541	1178081	14	M	19	A		-1	3623.5172954	[1, 1, 1, 1, 1, 1, 1, 1, 1, 1, 1, 1]
	1290635	1047116	1142850	14	M	68	A		-1	3623.5688751	[1, 1, 1, 1, 1, 1, 1, 1, 1, 1, 1, 0]
	1149340	1022423	1015101	13	M	76	A		-1	3623.94908522	[1, 1, 1, 1, 1, 1, 1, 1, 1, 1, 1, 1]
	1221712	1106521	1165651	14	M	83	A		-1	3624.15368425	[0, 1, 1, 1, 1, 0, 1, 1, 1, 1, 1, 1]
	1215088	1181487	1175231	14	M	91	A		-1	3624.30082101	[1, 1, 1, 1, 1, 1, 1, 1, 1, 1, 1, 1]
	1270473	1169759	1151719	14	M	33	A		-1	3625.17607002	[1, 1, 1, 1, 1, 1, 1, 1, 1, 1, 1, 1]
	1218468	1142252	1138329	14	M	2	A		-1	3625.20634561	[1, 1, 1, 1, 1, 1, 1, 1, 1, 1, 1, 1]
	1262334	1116531	1121509	14	M	69	A		-1	3625.26020078	[1, 1, 1, 1, 1, 1, 1, 1, 1, 1, 1, 1]
	1231085	1157158	1106591	14	M	96	A		-1	3625.49035493	[1, 1, 1, 1, 1, 1, 1, 1, 1, 1, 1, 1]
	1241628	1110180	1123497	14	M	44	A		-1	3625.83056654	[1, 1, 1, 1, 1, 1, 1, 1, 1, 1, 1, 1]
	1249117	1119882	1184124	14	M	53	A		-1	3625.95306457	[1, 1, 1, 1, 1, 1, 1, 1, 1, 1, 1, 1]
	1277249	1141637	1105598	14	M	29	A		-1	3626.04671309	[1, 1, 1, 1, 1, 1, 1, 1, 1, 1, 1, 0]
	1227633	1150388	1061593	14	M	87	A		-1	3626.11484004	[1, 1, 1, 1, 1, 1, 1, 1, 1, 1, 1, 1]
	1278305	1114260	1120328	14	M	69	A		-1	3626.25074004	[1, 1, 1, 1, 1, 1, 1, 1, 1, 1, 1, 1]
	1249683	1192484	1121074	14	M	36	A		-1	3626.4067277	[1, 1, 1, 1, 1, 1, 1, 1, 1, 1, 1, 1]
	1268492	1183245	1193464	14	M	17	A		-1	3626.54118651	[1, 1, 1, 1, 1, 0, 1, 1, 1, 1, 0, 1]
	1289677	1164198	1059034	14	M	91	A		-1	3626.6970475	[1, 1, 1, 1, 1, 1, 1, 1, 1, 1, 1, 1]
	1235201	1107590	1142637	14	M	33	A		-1	3626.98946879	[1, 1, 1, 1, 1, 1, 1, 1, 1, 1, 1, 1]
	1244075	1186501	1096483	14	M	37	A		-1	3627.13245053	[1, 1, 1, 0, 1, 1, 1, 1, 1, 1, 1, 1]
	1281773	1183245	1159354	14	M	68	A		-1	3627.23764892	[1, 1, 1, 1, 1, 1, 1, 1, 1, 1, 1, 1]
	1254522	1159611	1122045	14	M	34	A		-1	3627.7726433	[1, 1, 1, 1, 1, 1, 1, 1, 1, 1, 1, 1]
	1275550	1178545	958689	14	M	35	A		-1	3628.01152035	[1, 1, 0, 1, 1, 1, 1, 1, 1, 1, 1, 1]
	1200587	1105097	1167551	14	M	75	A		-1	3628.26726924	[1, 1, 1, 1, 1, 1, 1, 1, 1, 1, 1, 1]
	1290982	1073125	1177223	14	M	27	A		-1	3628.7417756	[1, 1, 1, 1, 1, 1, 1, 1, 1, 1, 1, 1]
	1265470	1011055	1141915	14	M	20	A		-1	3628.93244417	[0, 1, 0, 1, 1, 0, 1, 1, 1, 1, 1, 1]
	1169759	1019487	1008704	13	M	36	A		-1	3629.05874702	[0, 1, 1, 0, 1, 1, 1, 1, 1, 1, 1, 1]
	1199519	1178798	1109549	14	M	22	A		-1	3629.06133997	[1, 1, 1, 1, 1, 1, 1, 1, 1, 1, 1, 1]
	1243941	1144149	958670	14	M	35	A		-1	3629.22431617	[1, 1, 1, 1, 1, 1, 1, 1, 1, 1, 1, 1]
	1249237	1127443	978604	14	M	66	A		-1	3629.43494766	[1, 1, 1, 1, 1, 1, 1, 1, 1, 1, 1, 1]
	1060064	901738	956566	12	M	86	A		-1	3629.59142481	[1, 1, 1, 1, 1, 1, 1, 1, 1, 1, 1, 1]
	1293785	1153389	1010663	14	M	86	A		-1	3629.98759933	[1, 1, 1, 1, 1, 1, 1, 1, 1, 1, 1, 1]
	1178798	1053881	1068968	13	M	53	A		-1	3630.24089369	[1, 1, 1, 1, 1, 1, 1, 1, 1, 1, 1, 1]
	1202251	1140073	1168987	14	M	51	A		-1	3630.34816902	[1, 1, 1, 1, 1, 1, 1, 1, 1, 1, 1, 1]
	1243237	1051937	997419	14	M	60	A		-1	3630.70211199	[1, 1, 1, 1, 1, 1, 1, 1, 1, 1, 1, 1]
	1243141	1120283	899532	14	M	58	A		-1	3631.27042072	[1, 1, 1, 1, 1, 1, 1, 1, 1, 1, 1, 1]
	1281329	1157853	1098048	14	M	54	A		-1	3631.36181934	[1, 1, 1, 1, 1, 1, 1, 1, 1, 1, 1, 1]
	1241545	1129256	1122158	14	M	32	A		-1	3631.79148073	[1, 1, 1, 1, 1, 1, 1, 1, 1, 1, 1, 1]
	1197718	1096249	1149527	14	M	53	A		-1	3632.55198008	[1, 1, 1, 1, 1, 1, 1, 1, 1, 1, 1, 1]
	1280963	1107812	1169775	14	M	17	A		-1	3632.59597826	[1, 1, 1, 1, 1, 1, 1, 1, 1, 1, 1, 1]
	1222231	1098225	1120461	14	M	8	A		-1	3632.64329007	[1, 1, 1, 1, 1, 1, 1, 1, 1, 1, 1, 1]
	1267688	1188266	1102527	14	M	24	A		-1	3633.29706619	[1, 1, 1, 1, 1, 1, 1, 1, 1, 1, 1, 1]
	1242306	1107812	995135	14	M	33	A		-1	3633.61220328	[1, 1, 1, 1, 1, 1, 1, 1, 1, 1, 1, 1]
	1225018	1186501	1115996	14	M	76	A		-1	3633.62292547	[1, 1, 1, 1, 1, 1, 1, 1, 1, 1, 1, 1]
	1213596	1183245	1130478	14	M	99	A		-1	3634.01934099	[1, 1, 1, 1, 1, 1, 1, 1, 1, 1, 0, 1]
	1211550	1118583	1183014	14	M	44	A		-1	3634.26463936	[1, 1, 1, 1, 1, 1, 1, 1, 1, 1, 1, 1]
	1291741	1118415	1192426	14	M	69	A		-1	3634.3155563	[1, 1, 1, 1, 1, 1, 1, 1, 1, 1, 1, 1]
	1246857	1095241	1172474	14	M	34	A		-1	3634.34657098	[1, 0, 1, 1, 1, 1, 1, 1, 1, 1, 1, 1]
	1276649	1182398	1159286	14	M	13	A		-1	3634.62937631	[1, 1, 1, 1, 1, 1, 1, 1, 1, 1, 1, 1]
	1280145	1150388	1147341	14	M	76	A		-1	3635.47572006	[1, 1, 1, 1, 1, 1, 1, 1, 1, 1, 1, 1]
	1244931	1042249	1176317	14	M	65	A		-1	3635.77290387	[1, 1, 1, 1, 1, 1, 1, 1, 1, 1, 1, 1]
	1277326	1155541	1194004	14	M	42	A		-1	3636.06331089	[1, 1, 0, 1, 1, 1, 1, 1, 1, 1, 1, 1]
	1255753	1066160	1025760	14	M	1	A		-1	3636.96635216	[1, 1, 1, 1, 1, 1, 1, 1, 1, 1, 1, 1]
	1198887	1135821	1121241	14	M	87	A		-1	3636.98378858	[1, 1, 1, 1, 1, 1, 1, 1, 1, 1, 1, 1]
	1203769	1103033	1157122	14	M	80	A		-1	3637.26351182	[1, 1, 1, 1, 1, 1, 1, 1, 1, 1, 1, 0]
	1253788	1107590	939136	14	M	9	A		-1	3637.74720067	[1, 1, 1, 1, 1, 1, 1, 1, 1, 1, 1, 1]
	1253646	1151041	1141416	14	M	96	A		-1	3637.94013932	[1, 1, 1, 1, 1, 1, 1, 1, 1, 1, 1, 1]
	1200376	1163697	1191054	14	M	8	A		-1	3637.99362349	[1, 1, 1, 1, 1, 1, 1, 1, 1, 1, 1, 1]
	1249035	1185932	1086735	14	M	78	A		-1	3638.4106238	[1, 1, 1, 1, 1, 1, 1, 1, 1, 1, 1, 1]
	1176559	1007737	848587	13	M	56	A		-1	3638.67442919	[1, 1, 1, 1, 1, 1, 1, 1, 1, 1, 1, 1]
	1256088	1145397	1120593	14	M	73	A		-1	3638.73996786	[1, 1, 1, 1, 1, 1, 1, 1, 1, 1, 1, 1]
	1208152	1175130	1104587	14	M	32	A		-1	3638.81422726	[1, 1, 1, 0, 1, 1, 1, 1, 1, 1, 1, 1]
	1287012	1189165	1069927	14	M	46	A		-1	3638.98820729	[1, 1, 1, 0, 1, 1, 1, 1, 1, 1, 1, 1]
	1195765	1181487	953925	14	M	53	A		-1	3639.43734276	[1, 1, 1, 1, 1, 1, 1, 1, 1, 1, 1, 1]
	1211197	1128153	1163400	14	M	90	A		-1	3639.60552866	[1, 1, 1, 1, 1, 1, 1, 1, 1, 1, 1, 0]
	1216880	1146537	1190192	14	M	95	A		-1	3639.66492611	[1, 1, 1, 1, 1, 1, 1, 1, 1, 1, 1, 1]
	1154435	1006375	1025757	13	M	59	A		-1	3639.88801198	[1, 1, 1, 1, 1, 1, 1, 1, 1, 1, 1, 1]
	1219071	1073125	1129009	14	M	72	A		-1	3640.05889188	[1, 1, 1, 1, 1, 1, 1, 1, 1, 1, 1, 1]
	1270904	1100191	1107735	14	M	26	A		-1	3640.12071525	[1, 1, 1, 1, 1, 1, 1, 1, 1, 1, 1, 0]
	1226426	1188293	1141166	14	M	29	A		-1	3641.23015462	[0, 1, 1, 1, 1, 1, 1, 1, 1, 1, 1, 1]
	1211186	1191185	1123156	14	M	13	A		-1	3641.30509605	[1, 1, 1, 1, 1, 1, 1, 1, 1, 1, 1, 1]
	1285171	1022019	1126224	14	M	1	A		-1	3641.91990861	[1, 1, 1, 1, 1, 1, 1, 1, 1, 1, 1, 1]
	1214724	1102053	1029631	14	M	80	A		-1	3642.22725246	[1, 1, 1, 1, 1, 1, 1, 1, 1, 1, 1, 1]
	1266214	1190076	1187261	14	M	80	A		-1	3642.23425509	[1, 1, 1, 1, 1, 1, 1, 1, 1, 1, 1, 0]
	1277451	1132459	1008878	14	M	24	A		-1	3643.02876287	[1, 1, 1, 1, 1, 1, 1, 1, 1, 1, 1, 0]
	1256940	1082085	1183561	14	M	90	A		-1	3643.92779752	[0, 1, 1, 1, 1, 1, 1, 1, 1, 1, 1, 1]
	1230900	1114781	1100733	14	M	87	A		-1	3644.48489194	[1, 1, 1, 1, 1, 1, 1, 1, 1, 1, 1, 1]
	1292436	1116095	1162756	14	M	76	A		-1	3645.03764881	[1, 1, 1, 1, 1, 1, 1, 1, 1, 1, 1, 1]
	1285937	1142342	1116941	14	M	95	A		-1	3645.73110561	[1, 1, 1, 1, 1, 1, 1, 1, 1, 1, 1, 1]
	1243646	1104862	1118409	14	M	84	A		-1	3646.33186178	[1, 1, 1, 1, 1, 1, 1, 1, 1, 1, 1, 1]
	1228772	1149862	1126925	14	M	34	A		-1	3646.47863927	[1, 1, 1, 1, 1, 1, 1, 1, 1, 1, 1, 1]
	1206738	1020787	1183706	14	M	78	A		-1	3646.54228433	[1, 1, 1, 1, 1, 1, 1, 1, 1, 1, 1, 1]
	1201915	1107590	1092074	14	M	54	A		-1	3646.5604391	[1, 1, 1, 1, 1, 1, 1, 0, 1, 1, 1, 1]
	1258478	1107130	1064764	14	M	44	A		-1	3646.95955689	[1, 1, 1, 1, 1, 1, 1, 1, 1, 1, 1, 1]
	1259446	1107246	1137925	14	M	91	A		-1	3647.24054459	[1, 1, 1, 1, 1, 1, 1, 1, 1, 1, 1, 1]
	1284775	1163746	1151650	14	M	24	A		-1	3648.21989012	[1, 1, 1, 1, 1, 1, 1, 0, 1, 1, 1, 1]
	1273503	1164748	1186460	14	M	38	A		-1	3648.31178738	[1, 1, 0, 1, 1, 1, 1, 1, 1, 1, 1, 1]
	1281002	1169759	1163635	14	M	34	A		-1	3648.33300806	[1, 1, 1, 0, 1, 1, 1, 1, 1, 1, 1, 1]
	1276446	1135496	1121824	14	M	93	A		-1	3648.40657331	[1, 1, 1, 1, 1, 0, 1, 1, 1, 1, 1, 1]
	1201381	1157103	1174771	14	M	3	A		-1	3648.67448491	[1, 1, 1, 1, 1, 1, 1, 1, 1, 1, 1, 1]
	1107590	998750	1010334	13	M	94	A		-1	3648.81319722	[1, 1, 1, 1, 1, 1, 1, 1, 1, 1, 1, 1]
	1233442	1189889	1157496	14	M	51	A		-1	3649.0648187	[1, 1, 1, 1, 1, 1, 1, 1, 1, 1, 1, 1]
	1237747	1181231	1048840	14	M	45	A		-1	3649.09236429	[1, 1, 1, 1, 1, 1, 1, 1, 1, 1, 1, 1]
	1263483	1183172	1122957	14	M	79	A		-1	3649.12266441	[1, 1, 1, 1, 1, 1, 1, 1, 1, 1, 1, 1]
	1230420	1165225	1120230	14	M	28	A		-1	3649.31198136	[1, 1, 1, 1, 1, 1, 1, 1, 1, 1, 1, 0]
	1199637	1153389	1160034	14	M	31	A		-1	3649.5306242	[1, 1, 1, 1, 1, 1, 1, 1, 1, 1, 1, 1]
	1237776	1099879	1075977	14	M	25	A		-1	3649.64815655	[1, 1, 1, 1, 1, 1, 1, 1, 1, 1, 1, 1]
	1215516	1108427	1153098	14	M	73	A		-1	3650.44876611	[1, 1, 1, 1, 1, 1, 1, 1, 1, 1, 1, 0]
	1250820	1136300	1055976	14	M	34	A		-1	3650.80252655	[1, 1, 1, 1, 1, 1, 1, 1, 1, 1, 1, 1]
	1255319	1151041	1097254	14	M	86	A		-1	3651.65255056	[1, 1, 1, 1, 1, 1, 1, 1, 1, 1, 1, 1]
	1271302	1148130	1033690	14	M	62	A		-1	3652.35347071	[1, 1, 1, 1, 1, 1, 1, 1, 1, 1, 1, 1]
	1216686	1124406	1122118	14	M	37	A		-1	3653.12439322	[1, 1, 1, 1, 1, 1, 1, 1, 1, 1, 1, 1]
	1221581	1140087	1083532	14	M	92	A		-1	3653.14769693	[1, 1, 1, 1, 1, 1, 1, 1, 1, 1, 1, 1]
	1199312	1174072	1150037	14	M	72	A		-1	3653.41688035	[1, 1, 1, 1, 1, 1, 1, 1, 1, 1, 1, 0]
	1233822	1161828	1141457	14	M	73	A		-1	3653.9881534	[1, 1, 1, 1, 1, 1, 1, 1, 1, 1, 1, 1]
	1273904	1155272	1098585	14	M	9	A		-1	3654.16850059	[1, 1, 1, 1, 1, 1, 1, 1, 1, 1, 1, 1]
	1233901	1136300	997673	14	M	87	A		-1	3654.42974963	[1, 1, 1, 1, 1, 1, 1, 1, 1, 1, 1, 1]
	1280816	1096078	1181598	14	M	78	A		-1	3654.44915468	[1, 1, 1, 1, 1, 1, 1, 1, 1, 1, 1, 1]
	1267900	1168030	1119775	14	M	41	A		-1	3654.56709563	[0, 1, 1, 1, 1, 1, 1, 1, 1, 1, 1, 1]
	1230969	1169235	1035655	14	M	89	A		-1	3654.74066388	[0, 1, 1, 0, 1, 1, 1, 1, 1, 1, 1, 1]
	1213752	1186584	1107374	14	M	90	A		-1	3656.50109931	[1, 1, 1, 1, 1, 1, 1, 1, 1, 1, 1, 1]
	1248163	1194089	1121292	14	M	56	A		-1	3656.52293085	[1, 1, 1, 1, 1, 1, 1, 1, 1, 1, 1, 1]
	1262932	1011055	1124021	14	M	24	A		-1	3657.65134623	[1, 1, 1, 1, 1, 1, 1, 1, 1, 1, 1, 1]
	1258164	1156474	1133623	14	M	30	A		-1	3658.05044092	[1, 1, 1, 1, 1, 1, 1, 1, 1, 1, 1, 1]
	1195162	1116095	1180800	14	M	83	A		-1	3658.1057354	[1, 1, 1, 1, 1, 1, 1, 1, 1, 1, 1, 1]
	1286306	1185684	1108585	14	M	55	A		-1	3658.23440607	[1, 1, 1, 1, 1, 1, 1, 1, 1, 1, 1, 1]
	1275401	1186748	1096808	14	M	30	A		-1	3658.93866189	[1, 1, 1, 1, 1, 1, 1, 1, 1, 1, 1, 1]
	1198862	1130902	1185667	14	M	39	A		-1	3659.00972727	[1, 1, 1, 1, 1, 1, 1, 1, 1, 1, 1, 1]
	1108264	1091674	1042745	13	M	4	A		-1	3659.0960392	[1, 1, 1, 1, 1, 1, 1, 1, 1, 1, 1, 1]
	1216461	1160415	1185334	14	M	5	A		-1	3659.37254598	[1, 1, 1, 1, 1, 1, 1, 1, 1, 1, 1, 1]
	1229049	1124406	1117525	14	M	78	A		-1	3660.32729728	[1, 1, 1, 1, 1, 1, 1, 1, 1, 1, 1, 1]
	1285529	1110186	1028308	14	M	34	A		-1	3660.39771178	[1, 1, 1, 1, 1, 1, 1, 1, 1, 1, 1, 1]
	1290033	1120301	1161025	14	M	49	A		-1	3660.63350594	[1, 1, 1, 1, 1, 1, 1, 1, 1, 1, 1, 1]
	1253421	1113918	1168726	14	M	16	A		-1	3661.20563932	[1, 1, 1, 1, 1, 1, 1, 1, 1, 1, 1, 1]
	1263220	1142895	970246	14	M	2	A		-1	3661.70732718	[1, 0, 1, 0, 1, 1, 1, 1, 1, 1, 1, 1]
	1286917	1127443	1130140	14	M	68	A		-1	3661.97291052	[1, 1, 1, 1, 1, 1, 1, 1, 1, 1, 1, 1]
	1123959	1057662	1071957	13	M	33	A		-1	3662.13849576	[1, 1, 1, 1, 1, 1, 1, 1, 1, 1, 1, 1]
	1151773	1042097	1021180	13	M	78	A		-1	3662.23520164	[1, 1, 1, 1, 1, 1, 1, 1, 1, 1, 1, 1]
	1269440	1144277	1113160	14	M	69	A		-1	3663.5728329	[1, 1, 1, 1, 1, 1, 1, 1, 1, 1, 1, 0]
	1214661	1169759	1098518	14	M	31	A		-1	3664.03680049	[0, 1, 1, 1, 1, 1, 1, 1, 1, 1, 1, 0]
	1230068	1187153	1018145	14	M	24	A		-1	3665.82683995	[1, 1, 1, 1, 1, 1, 1, 1, 1, 1, 1, 1]
	1259235	1172889	1031156	14	M	3	A		-1	3665.96158772	[1, 1, 1, 1, 1, 1, 1, 1, 1, 1, 1, 1]
	1213013	1142342	1095097	14	M	13	A		-1	3666.24716117	[1, 1, 1, 1, 1, 1, 1, 1, 1, 1, 1, 1]
	1196826	1186501	978413	14	M	12	A		-1	3666.51269443	[1, 1, 1, 0, 1, 1, 1, 1, 1, 1, 1, 1]
	1286483	1179820	1051032	14	M	94	A		-1	3666.76323029	[1, 1, 1, 1, 1, 1, 1, 1, 1, 1, 1, 1]
	1223219	1063495	1146023	14	M	13	A		-1	3666.87904164	[1, 1, 1, 1, 1, 1, 1, 1, 1, 1, 1, 1]
	1211153	1117350	1104885	14	M	72	A		-1	3667.31514116	[1, 1, 1, 1, 1, 1, 1, 1, 1, 1, 1, 1]
	1237020	1147358	1144918	14	M	83	A		-1	3667.80497576	[1, 1, 1, 0, 1, 1, 1, 1, 1, 1, 1, 1]
	1271949	1143243	1182976	14	M	70	A		-1	3668.21174227	[1, 1, 1, 1, 1, 1, 1, 1, 1, 1, 1, 1]
	1288506	1154435	1134828	14	M	80	A		-1	3668.49365625	[1, 1, 1, 1, 1, 1, 1, 1, 1, 1, 1, 1]
	1250873	1096922	1112029	14	M	73	A		-1	3668.90614852	[0, 1, 1, 1, 1, 1, 1, 1, 1, 1, 1, 1]
	1288055	1158177	1166902	14	M	66	A		-1	3669.12107636	[1, 1, 1, 1, 1, 1, 1, 1, 1, 1, 1, 1]
	1238928	1161828	1031163	14	M	29	A		-1	3669.37252331	[1, 1, 1, 1, 1, 1, 1, 1, 1, 1, 1, 1]
	1199328	1101666	1027045	14	M	88	A		-1	3670.12071204	[1, 1, 1, 1, 1, 1, 1, 1, 1, 1, 1, 1]
	1217292	1107246	1137687	14	M	93	A		-1	3670.55130679	[1, 1, 1, 1, 1, 1, 1, 1, 1, 1, 1, 1]
	1221421	1098225	1104466	14	M	75	A		-1	3670.79545655	[1, 1, 1, 1, 1, 1, 1, 1, 1, 1, 1, 1]
	1249558	1126007	1125667	14	M	5	A		-1	3670.98317229	[1, 1, 1, 1, 1, 1, 1, 1, 1, 1, 1, 1]
	1166864	1074870	1056755	13	M	47	A		-1	3671.40543086	[1, 1, 1, 0, 1, 1, 1, 1, 1, 1, 1, 1]
	1101480	1061294	1030541	13	M	20	A		-1	3671.42278393	[1, 1, 0, 1, 1, 1, 1, 1, 1, 1, 1, 1]
	1269123	1108186	1111354	14	M	73	A		-1	3671.43814478	[1, 1, 1, 0, 1, 1, 1, 1, 1, 1, 1, 1]
	1217409	1163928	1157133	14	M	95	A		-1	3672.00604218	[1, 1, 1, 1, 1, 1, 1, 1, 1, 1, 1, 1]
	1292645	1144149	1144337	14	M	77	A		-1	3672.57622977	[1, 0, 1, 1, 1, 1, 1, 1, 1, 1, 1, 1]
	1290277	1188230	1122467	14	M	32	A		-1	3672.75627256	[1, 1, 1, 1, 1, 1, 1, 1, 1, 1, 1, 1]
	1264112	1101965	1041278	14	M	50	A		-1	3673.32920007	[1, 1, 1, 1, 1, 1, 1, 1, 1, 1, 1, 1]
	1246020	1178798	1098849	14	M	88	A		-1	3674.70491524	[1, 1, 1, 1, 1, 1, 1, 1, 1, 1, 1, 1]
	1288311	1193478	1098630	14	M	55	A		-1	3675.09645279	[1, 1, 1, 1, 1, 1, 1, 1, 1, 1, 1, 0]
	1266383	1166864	1118141	14	M	41	A		-1	3675.68149438	[1, 1, 1, 0, 1, 1, 1, 1, 1, 1, 1, 1]
	1285445	1135739	1184570	14	M	53	A		-1	3675.99834832	[1, 0, 1, 0, 1, 1, 1, 1, 1, 1, 1, 1]
	1229867	1160336	1113147	14	M	64	A		-1	3676.03165176	[1, 1, 1, 1, 1, 1, 1, 0, 1, 1, 1, 0]
	1227555	1057662	1186019	14	M	59	A		-1	3676.56250222	[1, 1, 1, 1, 1, 1, 1, 1, 1, 1, 1, 1]
	1238327	1175992	1184350	14	M	58	A		-1	3677.00708716	[1, 1, 1, 1, 1, 1, 1, 1, 1, 1, 1, 1]
	1066160	929194	977246	12	M	55	A		-1	3677.28666674	[1, 1, 1, 0, 1, 1, 1, 1, 1, 1, 1, 0]
	1253254	1121098	1151472	14	M	31	A		-1	3677.34117216	[1, 1, 1, 1, 1, 1, 1, 1, 1, 1, 1, 0]
	1250451	1154984	1109591	14	M	19	A		-1	3677.394219	[1, 1, 1, 1, 1, 1, 1, 1, 1, 1, 1, 0]
	1253404	1183683	1095122	14	M	7	A		-1	3677.40923141	[1, 1, 1, 1, 1, 1, 1, 1, 1, 1, 1, 1]
	1276790	1100382	1083385	14	M	26	A		-1	3677.4623101	[1, 1, 1, 1, 1, 1, 1, 1, 1, 1, 1, 1]
	1226692	1096121	1158446	14	M	24	A		-1	3677.5082872	[1, 1, 1, 0, 1, 1, 1, 1, 1, 1, 1, 1]
	1196902	1041558	1116051	14	M	31	A		-1	3677.54310183	[1, 1, 1, 1, 1, 1, 1, 1, 1, 1, 1, 1]
	1254611	1142252	1158886	14	M	87	A		-1	3679.04780202	[1, 1, 1, 1, 1, 1, 1, 1, 1, 1, 1, 1]
	1218448	1177099	998023	14	M	65	A		-1	3680.58916536	[1, 1, 1, 1, 1, 1, 1, 1, 1, 1, 1, 0]
	1230840	1099987	1055781	14	M	94	A		-1	3680.95007831	[1, 1, 1, 1, 1, 1, 1, 1, 1, 1, 1, 1]
	1212892	1127079	1147514	14	M	25	A		-1	3681.34125996	[1, 1, 1, 1, 1, 1, 1, 1, 1, 1, 1, 1]
	1279580	1186501	1111518	14	M	76	A		-1	3681.67997762	[1, 1, 1, 1, 1, 1, 1, 1, 1, 1, 1, 1]
	1245329	1041558	1182322	14	M	28	A		-1	3682.1529046	[1, 1, 1, 1, 1, 1, 1, 1, 1, 1, 1, 1]
	1225825	1114876	1121561	14	M	82	A		-1	3682.53231842	[1, 1, 0, 1, 1, 1, 1, 1, 1, 1, 1, 1]
	1264814	1187122	1068642	14	M	56	A		-1	3682.6636857	[1, 1, 1, 1, 1, 1, 1, 1, 1, 1, 1, 1]
	1218190	1161395	1150378	14	M	15	A		-1	3683.0167344	[1, 1, 1, 1, 1, 1, 1, 1, 1, 1, 1, 1]
	1289340	1135238	1090875	14	M	61	A		-1	3683.43050849	[1, 1, 1, 1, 1, 1, 1, 1, 1, 1, 1, 1]
	1205618	1096645	1160859	14	M	78	A		-1	3683.44928987	[0, 1, 1, 1, 1, 1, 1, 1, 1, 1, 1, 1]
	1252910	1178292	1175455	14	M	11	A		-1	3683.54164132	[1, 1, 0, 1, 1, 1, 1, 1, 1, 1, 1, 0]
	1234002	1178798	1144562	14	M	74	A		-1	3683.62756452	[1, 1, 1, 1, 1, 1, 1, 1, 1, 1, 1, 1]
	1238546	1154984	1182598	14	M	18	A		-1	3684.34145223	[1, 1, 1, 1, 1, 1, 1, 1, 1, 1, 1, 1]
	1264997	1155338	961801	14	M	87	A		-1	3684.89471279	[1, 1, 1, 0, 1, 0, 1, 1, 1, 1, 1, 0]
	1278185	1100007	1131062	14	M	9	A		-1	3685.53242911	[1, 1, 1, 1, 1, 1, 1, 1, 1, 1, 1, 1]
	1203419	1142252	1137945	14	M	23	A		-1	3685.83388954	[1, 1, 1, 1, 1, 1, 1, 1, 1, 1, 1, 1]
	1230824	1140101	1097450	14	M	26	A		-1	3686.41516608	[1, 1, 1, 1, 1, 1, 1, 1, 1, 1, 1, 1]
	1289478	1114253	1101825	14	M	25	A		-1	3688.40342098	[1, 1, 1, 1, 1, 1, 1, 1, 1, 1, 1, 0]
	1194974	1133162	1105973	14	M	42	A		-1	3689.20254248	[1, 1, 1, 1, 1, 1, 1, 1, 1, 1, 1, 1]
	1294404	999806	1107680	14	M	92	A		-1	3689.83761872	[1, 1, 1, 1, 1, 1, 1, 1, 1, 1, 1, 1]
	1257061	1041558	1152033	14	M	98	A		-1	3689.92054268	[1, 1, 1, 0, 1, 1, 1, 1, 1, 1, 1, 1]
	1286359	1139808	1021231	14	M	53	A		-1	3690.6223319	[1, 1, 1, 1, 1, 1, 1, 1, 1, 1, 1, 1]
	1198206	1184555	1123716	14	M	9	A		-1	3690.80924482	[1, 1, 1, 1, 1, 1, 1, 1, 1, 1, 1, 1]
	1195372	1161828	1018858	14	M	4	A		-1	3690.83220154	[1, 1, 1, 1, 1, 1, 1, 1, 1, 1, 1, 1]
	1271930	1137228	1152287	14	M	85	A		-1	3693.64274175	[1, 1, 1, 1, 1, 1, 1, 1, 1, 1, 1, 1]
	1264890	1144149	1127359	14	M	77	A		-1	3695.02191716	[1, 1, 1, 1, 1, 1, 1, 1, 1, 1, 1, 1]
	1207074	1107246	1017831	14	M	37	A		-1	3695.03372853	[1, 1, 1, 1, 1, 1, 1, 1, 1, 1, 1, 1]
	1251243	1162621	1104602	14	M	18	A		-1	3695.53306549	[0, 0, 1, 1, 1, 1, 1, 1, 1, 1, 1, 1]
	1197327	1140331	1153319	14	M	33	A		-1	3695.55693673	[1, 1, 1, 1, 1, 1, 1, 1, 1, 1, 1, 1]
	1247718	1095786	1110109	14	M	71	A		-1	3695.72443058	[1, 1, 1, 1, 1, 1, 1, 1, 1, 1, 1, 1]
	1196285	1118786	1120698	14	M	48	A		-1	3695.7271872	[1, 1, 1, 1, 1, 1, 1, 1, 1, 1, 1, 0]
	1276095	1160344	1050071	14	M	19	A		-1	3696.06101478	[0, 1, 1, 1, 1, 1, 1, 1, 1, 1, 1, 1]
	1095241	1088758	1082660	13	M	72	A		-1	3696.372036	[1, 1, 1, 1, 1, 1, 1, 1, 1, 1, 1, 1]
	1241115	1096254	1108110	14	M	57	A		-1	3696.66280804	[1, 1, 1, 1, 1, 1, 1, 1, 1, 1, 1, 1]
	1278594	1126007	1191920	14	M	45	A		-1	3696.84799792	[1, 1, 1, 1, 1, 1, 1, 1, 1, 1, 1, 1]
	1267885	1123959	1131944	14	M	53	A		-1	3696.97251339	[1, 1, 1, 0, 1, 1, 1, 1, 1, 1, 1, 1]
	1215932	1152712	1112364	14	M	81	A		-1	3697.77188805	[1, 1, 1, 1, 1, 0, 1, 1, 1, 1, 1, 0]
	1253869	1194601	1102477	14	M	68	A		-1	3697.84369686	[1, 0, 1, 1, 1, 1, 1, 0, 1, 1, 1, 1]
	1245032	1066160	1149833	14	M	14	A		-1	3698.2288505	[1, 1, 1, 0, 1, 1, 1, 1, 1, 1, 1, 0]
	1279327	1175992	999008	14	M	64	A		-1	3698.77351449	[1, 1, 1, 1, 1, 1, 1, 1, 1, 1, 1, 1]
	1259411	1101480	1112292	14	M	97	A		-1	3699.77642878	[1, 1, 0, 1, 1, 1, 1, 1, 1, 1, 1, 1]
	1211204	1022019	1191684	14	M	13	A		-1	3699.81998278	[1, 1, 1, 0, 1, 1, 1, 1, 1, 1, 1, 1]
	1228565	1130290	1174988	14	M	17	A		-1	3700.20312664	[1, 1, 1, 1, 1, 1, 1, 0, 1, 1, 1, 1]
	1234028	1138539	1129959	14	M	1	A		-1	3700.26154846	[1, 1, 1, 1, 1, 1, 1, 1, 1, 1, 1, 0]
	1258764	1149340	1182400	14	M	100	A		-1	3700.92780356	[1, 1, 1, 1, 1, 1, 1, 1, 1, 1, 1, 1]
	1224795	1129256	1041535	14	M	51	A		-1	3702.76512786	[1, 1, 1, 1, 1, 1, 1, 1, 1, 1, 1, 1]
	1214891	1121098	1124152	14	M	90	A		-1	3703.01551659	[1, 1, 1, 1, 1, 1, 1, 1, 1, 1, 1, 1]
	1126007	1048114	1000756	13	M	37	A		-1	3705.14423938	[1, 1, 0, 1, 1, 1, 1, 1, 1, 1, 1, 1]
	1256437	1153389	1145921	14	M	30	A		-1	3705.47408316	[1, 1, 1, 1, 1, 1, 1, 1, 1, 1, 1, 1]
	1253241	1163569	1172959	14	M	59	A		-1	3705.47989189	[1, 1, 1, 1, 1, 1, 1, 1, 1, 1, 1, 1]
	1212718	1066972	1123655	14	M	49	A		-1	3706.20415546	[1, 1, 1, 1, 1, 1, 1, 1, 1, 1, 1, 0]
	1247341	1157158	1166939	14	M	96	A		-1	3706.53677332	[1, 1, 1, 1, 1, 1, 1, 1, 1, 1, 1, 1]
	1116095	1056628	1059121	13	M	38	A		-1	3706.92192263	[1, 1, 1, 1, 1, 1, 1, 1, 1, 1, 1, 1]
	1293223	1151773	1159711	14	M	11	A		-1	3707.06014588	[1, 1, 1, 0, 1, 1, 1, 1, 1, 1, 1, 1]
	1228008	1142895	1129394	14	M	44	A		-1	3707.34808781	[1, 1, 1, 0, 1, 1, 1, 1, 1, 1, 1, 1]
	1277582	1119882	1106474	14	M	78	A		-1	3708.49489644	[1, 1, 1, 0, 1, 1, 1, 1, 1, 1, 1, 1]
	1206666	1135589	1155817	14	M	73	A		-1	3709.55355693	[1, 1, 1, 1, 1, 1, 1, 1, 1, 1, 1, 1]
	1280589	1171682	1010756	14	M	95	A		-1	3710.5048923	[1, 1, 1, 1, 1, 1, 1, 1, 1, 1, 1, 1]
	1251893	1178713	1126222	14	M	28	A		-1	3712.1777111	[1, 1, 1, 1, 1, 1, 1, 1, 1, 1, 1, 1]
	1259444	1186501	1152004	14	M	31	A		-1	3712.3152018	[1, 1, 1, 1, 1, 1, 1, 1, 1, 1, 1, 1]
	1271969	1096249	1106937	14	M	76	A		-1	3712.75346654	[1, 1, 1, 1, 1, 1, 1, 1, 1, 1, 1, 1]
	1217003	1186501	1166699	14	M	12	A		-1	3713.11098914	[1, 1, 1, 0, 1, 1, 1, 1, 1, 1, 1, 1]
	1212751	1183245	993854	14	M	92	A		-1	3713.16820719	[1, 1, 1, 1, 1, 1, 1, 1, 1, 1, 0, 1]
	1252659	1155338	1193289	14	M	62	A		-1	3713.69268444	[1, 1, 1, 1, 1, 0, 1, 1, 1, 1, 1, 1]
	1234988	1184337	1167765	14	M	31	A		-1	3714.58055358	[1, 1, 1, 1, 1, 1, 1, 1, 1, 1, 1, 1]
	1257239	1111085	1094855	14	M	77	A		-1	3715.31656408	[1, 1, 1, 1, 1, 1, 1, 1, 1, 1, 1, 1]
	1218445	1155338	1097325	14	M	87	A		-1	3716.79447395	[1, 1, 1, 0, 1, 1, 1, 1, 1, 1, 1, 1]
	1250000	1114781	1192670	14	M	16	A		-1	3716.87558833	[1, 1, 1, 1, 1, 1, 1, 1, 1, 1, 1, 1]
	1289204	1126560	1185664	14	M	39	A		-1	3717.70208161	[1, 1, 1, 1, 1, 1, 1, 1, 1, 1, 1, 1]
	1290777	1057662	1103339	14	M	76	A		-1	3718.11503412	[1, 1, 1, 1, 1, 1, 1, 1, 1, 1, 1, 1]
	1253753	1118415	1078607	14	M	39	A		-1	3718.22081453	[1, 1, 1, 1, 1, 1, 1, 1, 1, 1, 1, 1]
	1269966	1174072	1175916	14	M	44	A		-1	3718.99532752	[1, 0, 1, 1, 1, 1, 1, 1, 1, 1, 1, 1]
	1265784	1100115	1174438	14	M	49	A		-1	3719.04961737	[1, 1, 1, 1, 1, 1, 1, 1, 1, 1, 1, 1]
	1289014	1147022	1069160	14	M	73	A		-1	3719.48962103	[1, 1, 1, 1, 1, 1, 1, 1, 1, 1, 1, 0]
	1284529	1148150	1192597	14	M	42	A		-1	3720.27080576	[1, 1, 1, 1, 1, 1, 1, 0, 1, 1, 1, 1]
	1215418	1159611	1179220	14	M	20	A		-1	3720.49965953	[1, 0, 1, 1, 1, 1, 1, 1, 1, 1, 1, 1]
	1268598	1099280	1118226	14	M	4	A		-1	3721.30710723	[1, 1, 1, 1, 1, 1, 1, 1, 1, 1, 1, 1]
	1245978	1183041	1179041	14	M	94	A		-1	3721.4555903	[1, 1, 1, 1, 1, 1, 1, 1, 1, 1, 1, 1]
	1282174	1110649	1184526	14	M	39	A		-1	3722.12175356	[1, 1, 1, 1, 1, 1, 1, 1, 1, 1, 0, 1]
	1227826	1118415	1186201	14	M	12	A		-1	3722.69761508	[1, 1, 1, 1, 1, 1, 1, 1, 1, 1, 1, 1]
	1276347	1179057	1161587	14	M	67	A		-1	3727.05527894	[1, 1, 1, 1, 1, 1, 1, 1, 1, 1, 1, 1]
	1288834	1127443	1192416	14	M	44	A		-1	3727.1888018	[1, 1, 1, 1, 1, 1, 1, 1, 1, 1, 1, 1]
	1258901	1126298	1107882	14	M	90	A		-1	3727.30673152	[1, 1, 1, 1, 1, 1, 1, 1, 1, 1, 1, 1]
	1248935	1157310	1005594	14	M	100	A		-1	3728.04933463	[1, 1, 1, 1, 1, 1, 1, 1, 1, 1, 1, 1]
	1215233	1153163	1159703	14	M	46	A		-1	3728.61514044	[1, 1, 1, 1, 1, 1, 1, 1, 1, 1, 1, -1]
	1266155	1183197	1175627	14	M	86	A		-1	3728.95402357	[1, 0, 1, 1, 1, 1, 1, 0, 1, 1, 1, 1]
	1153389	1074258	991393	13	M	24	A		-1	3729.02720707	[1, 1, 1, 1, 1, 1, 1, 1, 1, 1, 1, 1]
	1287568	1095241	1113618	14	M	79	A		-1	3729.9610154	[1, 1, 1, 1, 1, 1, 1, 1, 1, 1, 1, 1]
	1264793	1017850	1151437	14	M	65	A		-1	3731.41479057	[1, 1, 1, 1, 1, 1, 1, 1, 1, 1, 1, 1]
	1225358	1101666	868677	14	M	85	A		-1	3732.13198951	[1, 1, 1, 1, 1, 1, 1, 1, 1, 1, 1, 1]
	1223397	1153389	1141999	14	M	81	A		-1	3734.14200238	[1, 1, 1, 1, 1, 1, 1, 1, 1, 1, 1, 1]
	1276176	1153389	1130562	14	M	91	A		-1	3735.28864612	[1, 1, 1, 1, 1, 0, 1, 1, 1, 1, 1, 1]
	1266579	1095786	1135687	14	M	53	A		-1	3737.32454087	[1, 1, 1, 1, 1, 1, 1, 1, 1, 1, 1, 1]
	1203886	1100191	1099602	14	M	1	A		-1	3737.42853863	[1, 1, 1, 1, 1, 0, 1, 1, 1, 1, 1, 1]
	1291551	1136300	1168384	14	M	69	A		-1	3738.21499473	[1, 1, 1, 1, 0, 1, 1, 1, 1, 1, 0, 1]
	1262956	1183245	988135	14	M	84	A		-1	3738.42518079	[1, 1, 1, 1, 1, 1, 1, 1, 1, 1, 0, 1]
	1169235	977914	1059714	13	M	18	A		-1	3739.10105462	[1, 1, 1, 1, 1, 1, 1, 1, 1, 1, 1, 1]
	1230410	1149079	1132874	14	M	3	A		-1	3739.50672839	[1, 1, 1, 1, 1, 1, 1, 1, 1, 1, 1, 1]
	1196824	1147210	1171619	14	M	21	A		-1	3740.75651487	[1, 1, 1, 1, 1, 1, 1, 1, 1, 1, 1, 0]
	1263935	1099987	1186158	14	M	74	A		-1	3741.32288434	[1, 1, 1, 1, 1, 1, 1, 1, 1, 1, 1, 1]
	1264287	1101965	1120688	14	M	88	A		-1	3742.37855882	[1, 1, 1, 1, 1, 1, 1, 1, 1, 1, 1, 0]
	1220911	1098225	1186102	14	M	93	A		-1	3742.50690523	[1, 1, 1, 1, 1, 1, 1, 1, 1, 1, 1, 1]
	1236981	1109809	1079814	14	M	33	A		-1	3745.00998236	[1, 1, 1, 1, 1, 1, 1, 1, 1, 1, 1, 1]
	1253504	1135346	1145072	14	M	20	A		-1	3745.08051195	[1, 1, 1, 1, 1, 1, 1, 1, 1, 1, 1, 1]
	1275075	1154192	1069052	14	M	61	A		-1	3745.16117428	[1, 1, 1, 1, 1, 0, 1, 1, 1, 1, 1, 1]
	1211011	1120944	1138321	14	M	57	A		-1	3745.55897557	[1, 1, 1, 1, 1, 0, 1, 1, 1, 1, 1, 1]
	1204433	1178292	1141817	14	M	20	A		-1	3747.58134985	[1, 1, 0, 1, 1, 1, 1, 1, 1, 1, 1, 0]
	1213372	1183245	1059669	14	M	94	A		-1	3748.9598008	[1, 1, 1, 1, 1, 1, 1, 1, 1, 1, 0, 1]
	1227553	1145675	906462	14	M	76	A		-1	3753.4211989	[1, 1, 1, 1, 1, 1, 1, 1, 1, 1, 1, 1]
	1207321	1128818	1108855	14	M	33	A		-1	3754.20229379	[1, 1, 1, 1, 1, 1, 1, 1, 1, 1, 1, 1]
	1247887	1082085	1108295	14	M	9	A		-1	3754.35871341	[0, 1, 1, 1, 1, 1, 1, 1, 1, 1, 1, 1]
	1283089	1190259	1148400	14	M	48	A		-1	3755.62467724	[1, 1, 1, 0, 1, 1, 1, 1, 1, 1, 1, 1]
	1290020	1131030	1183273	14	M	73	A		-1	3756.35666262	[0, 1, 1, 1, 1, 1, 1, 1, 1, 1, 1, 1]
	1276622	1190547	1070050	14	M	37	A		-1	3759.15402948	[1, 1, 1, 1, 1, 1, 1, 1, 1, 1, 1, 0]
	1207720	1149079	1144446	14	M	26	A		-1	3761.97879396	[1, 1, 1, 1, 1, 1, 1, 1, 1, 1, 1, 1]
	1233844	1099157	1147819	14	M	44	A		-1	3762.12295561	[1, 1, 1, 1, 1, 1, 1, 1, 1, 1, 1, 1]
	1266020	1140101	1126510	14	M	45	A		-1	3762.69840991	[1, 1, 1, 0, 1, 1, 1, 1, 1, 1, 1, 1]
	1237014	1172923	1162457	14	M	15	A		-1	3762.85354452	[1, 1, 1, 1, 1, 1, 1, 1, 1, 1, 1, 1]
	1179820	1067760	1063882	13	M	62	A		-1	3764.97037517	[1, 1, 1, 1, 1, 1, 1, 1, 1, 1, 1, 1]
	1213700	1170739	1172652	14	M	32	A		-1	3765.29063164	[1, 1, 1, 1, 1, 1, 1, 1, 1, 1, 1, 1]
	1211356	1143243	1194108	14	M	48	A		-1	3765.5467804	[1, 1, 1, 1, 1, 1, 1, 1, 1, 1, 1, 1]
	1286971	1185932	1138009	14	M	54	A		-1	3770.91091095	[1, 1, 1, 1, 1, 1, 1, 1, 1, 1, 1, 1]
	1281130	1087186	1014667	14	M	25	A		-1	3772.15486246	[1, 1, 1, 1, 1, 1, 1, 1, 1, 1, 1, 1]
	1293648	1157158	1120568	14	M	46	A		-1	3772.5659494	[1, 1, 1, 1, 1, 1, 1, 1, 1, 1, 1, 1]
	1233570	1189296	1098161	14	M	97	A		-1	3774.56493296	[1, 1, 1, 1, 1, 1, 1, 1, 1, 1, 1, 0]
	1221217	1186501	1109820	14	M	95	A		-1	3775.17135131	[0, 1, 1, 1, 1, 1, 1, 1, 1, 1, 1, 1]
	1272783	1169759	803281	14	M	91	A		-1	3776.88900568	[1, 1, 1, 1, 1, 1, 1, 1, 1, 1, 1, 1]
	1204890	1127899	1126561	14	M	21	A		-1	3779.75312083	[1, 1, 1, 1, 1, 1, 1, 1, 1, 1, 1, 1]
	1234528	1172378	1098394	14	M	35	A		-1	3784.19341282	[1, 1, 1, 1, 1, 0, 1, 1, 1, 1, 1, 1]
	1256960	1108264	1164030	14	M	85	A		-1	3784.99598201	[1, 1, 1, 1, 1, 1, 1, 1, 1, 1, 1, 1]
	1242769	1186501	1074398	14	M	7	A		-1	3785.0692681	[1, 1, 1, 0, 1, 1, 1, 1, 1, 1, 1, 1]
	1246798	1042249	1160278	14	M	59	A		-1	3788.19276921	[1, 1, 1, 1, 1, 1, 1, 1, 1, 1, 1, 1]
	1272831	1135326	1179347	14	M	28	A		-1	3791.34264514	[1, 1, 1, 1, 1, 1, 1, 1, 1, 1, 1, 1]
	1264719	1096121	1117619	14	M	63	A		-1	3792.09516141	[1, 1, 1, 1, 1, 1, 1, 1, 1, 1, 1, 1]
	1240620	1175910	1043035	14	M	77	A		-1	3793.05971569	[1, 1, 1, 1, 1, 1, 1, 0, 1, 1, 1, 1]
	1228186	1179820	1066995	14	M	28	A		-1	3793.647503	[1, 1, 1, 1, 1, 1, 1, 1, 1, 1, 1, 1]
	1291253	1163928	1128773	14	M	66	A		-1	3796.93106502	[1, 1, 1, 1, 1, 1, 1, 1, 1, 1, 1, 1]
	1239705	1190399	1077848	14	M	84	A		-1	3797.65695217	[1, 1, 1, 1, 1, 1, 1, 1, 1, 1, 1, 1]
	1282624	1172889	1128794	14	M	76	A		-1	3799.77240532	[1, 1, 1, 1, 1, 1, 1, 0, 1, 1, 1, 1]
	1274190	1101480	1064228	14	M	91	A		-1	3799.93965376	[1, 1, 0, 1, 1, 1, 1, 1, 1, 1, 1, 1]
	1272623	1134536	1114977	14	M	100	A		-1	3804.74953723	[1, 1, 1, 1, 1, 1, 1, 1, 1, 1, 1, 1]
	1223904	1164748	1104793	14	M	0	A		-1	3806.7358981	[1, 1, 1, 0, 1, 1, 1, 1, 1, 1, 1, 1]
	1218401	1066160	1163952	14	M	18	A		-1	3806.76518504	[1, 1, 1, 0, 1, 1, 1, 1, 1, 1, 1, 0]
	1259274	1151773	1173048	14	M	26	A		-1	3816.16745024	[1, 1, 1, 1, 1, 1, 1, 1, 1, 1, 1, 1]
	1221636	1096121	1170586	14	M	51	A		-1	3824.18259203	[0, 1, 1, 1, 1, 1, 1, 1, 1, 1, 1, 1]
	1293742	1152712	1183811	14	M	87	A		-1	3824.3352053	[0, 1, 1, 0, 1, 0, 1, 1, 1, 1, 1, 1]
	1262361	1096645	1175058	14	M	42	A		-1	3825.71407018	[1, 1, 1, 1, 1, 0, 1, 1, 1, 1, 1, 1]
	1225562	1107929	1184956	14	M	31	A		-1	3829.34728575	[1, 1, 1, 1, 1, 1, 1, 1, 1, 1, 1, 1]
	1262891	1141637	1172324	14	M	34	A		-1	3833.36982405	[1, 1, 1, 1, 1, 1, 1, 1, 1, 1, 1, 1]
	1258423	1096645	1132001	14	M	93	A		-1	3833.42584215	[1, 1, 1, 1, 1, 1, 1, 1, 1, 1, 1, 1]
	1262161	1119870	1101240	14	M	55	A		-1	3834.26127729	[1, 1, 1, 1, 1, 1, 1, 1, 1, 1, 1, 1]
	1235505	1111809	1168749	14	M	71	A		-1	3834.46190593	[1, 1, 1, 1, 1, 1, 1, 1, 1, 1, 1, 1]
	1272498	1181231	1023401	14	M	76	A		-1	3834.50575761	[1, 1, 1, 1, 1, 1, 1, 1, 1, 1, 1, 1]
	1200555	1108969	1110543	14	M	15	A		-1	3840.73581826	[1, 1, 1, 1, 1, 1, 1, 1, 1, 1, 1, 1]
	1277769	1110810	1155131	14	M	19	A		-1	3841.59906437	[0, 1, 1, 0, 1, 1, 1, 1, 1, 1, 1, 1]
	1196816	1174203	1164012	14	M	34	A		-1	3842.24218986	[1, 1, 1, 1, 1, 1, 1, 1, 1, 1, 1, 1]
	1183245	1091721	1025042	13	M	33	A		-1	3843.20982108	[1, 1, 1, 1, 1, 1, 1, 1, 1, 1, 0, 1]
	1224437	1150786	1189262	14	M	41	A		-1	3846.52698231	[1, 1, 1, 1, 1, 1, 1, 1, 1, 1, 1, 0]
	1287368	1135739	1010041	14	M	36	A		-1	3852.40644552	[1, 1, 1, 1, 1, 1, 1, 1, 1, 1, 1, 1]
	1260043	1130602	1149611	14	M	53	A		-1	3852.60263483	[1, 1, 1, 1, 1, 1, 0, 1, 1, 1, 1, 0]
	1289083	1101666	1103392	14	M	39	A		-1	3856.93884947	[1, 1, 1, 1, 1, 1, 1, 1, 1, 1, 1, 1]
	1236154	1127073	1139202	14	M	91	A		-1	3858.73713562	[1, 1, 1, 1, 1, 1, 1, 1, 1, 1, 1, 1]
	1200797	1145790	1124133	14	M	12	A		-1	3870.11214041	[1, 1, 1, 1, 1, 1, 1, 1, 1, 1, 1, 1]
	1238403	1112738	1128385	14	M	15	A		-1	3883.82703186	[1, 1, 1, 1, 1, 1, 1, 1, 1, 1, 1, 1]
	1214116	1135496	1145404	14	M	52	A		-1	3884.6224965	[1, 1, 1, 1, 1, 1, 1, 1, 1, 1, 1, 1]
	1249745	1169235	1153811	14	M	64	A		-1	3888.51417368	[1, 1, 1, 1, 1, 1, 1, 1, 1, 1, 1, 1]
	1292314	1101666	1186308	14	M	25	A		-1	3895.44156337	[1, 1, 1, 1, 1, 1, 1, 1, 1, 1, 1, 1]
	1208116	1176559	1036566	14	M	90	A		-1	3899.91318081	[1, 1, 1, 1, 1, 1, 1, 0, 1, 1, 1, 1]
	1219633	1101480	1193194	14	M	14	A		-1	3911.49567456	[1, 1, 0, 1, 1, 1, 1, 1, 1, 1, 1, 1]
	1290809	1131859	1099212	14	M	59	A		-1	3913.10546587	[1, 1, 1, 1, 1, 1, 1, 1, 1, 1, 1, 1]
	1257476	1107590	1138015	14	M	65	A		-1	3915.39910052	[1, 1, 1, 1, 1, 1, 1, 1, 1, 1, 1, 1]
	1274607	1109647	1173137	14	M	79	A		-1	3917.5655837	[1, 1, 1, 1, 1, 1, 1, 1, 1, 1, 1, 1]
	1186501	1066160	1008146	13	M	59	A		-1	3950.66584771	[1, 1, 1, 0, 1, 1, 1, 1, 1, 1, 1, 1]
	1247323	1190076	1188383	14	M	27	A		-1	3964.47785952	[1, 1, 1, 1, 1, 1, 1, 1, 1, 1, 1, 1]
	1280317	1177226	1104184	14	M	46	A		-1	4014.33859645	[1, 1, 1, 1, 1, 1, 1, 1, 1, 1, 1, 1]
	1196421	1191185	1107351	14	M	81	A		-1	4058.96950511	[1, 1, 1, 1, 1, 1, 1, 1, 1, 1, 1, 1]
