animal	sire	dam	born	sex	herd	status	cause	died	TBV	recessives
	643153	570652	484668	8	M	65	A		-1	2256.76404917	[1, 1, 1, 1, 1, 1, 1, 1, 1, 1, 1, 1]
	654306	537746	422860	8	M	52	A		-1	2256.80981672	[1, 1, 1, 1, 1, 1, 1, 1, 1, 1, 1, 1]
	653709	504302	519955	8	M	26	A		-1	2257.04657294	[1, 1, 1, 1, 1, 1, 1, 1, 1, 1, 1, 1]
	690335	563962	456894	8	M	76	A		-1	2257.06939848	[1, 1, 1, 1, 1, 1, 1, 1, 1, 1, 1, 1]
	635677	515455	541551	8	M	85	A		-1	2257.38272889	[1, 1, 1, 1, 1, 1, 1, 1, 1, 1, 1, 1]
	646311	480277	450315	8	M	46	A		-1	2257.43832791	[1, 1, 1, 1, 1, 1, 1, 1, 1, 1, 1, 1]
	626881	521786	572666	8	M	63	A		-1	2257.88901198	[1, 1, 1, 1, 1, 1, 1, 1, 1, 1, 1, 1]
	540118	478912	469744	7	M	89	A		-1	2257.92625722	[1, 1, 1, 1, 1, 1, 1, 1, 1, 1, 1, 1]
	499146	476136	412821	7	M	11	A		-1	2257.96924268	[1, 1, 1, 1, 1, 1, 1, 1, 1, 1, 1, 1]
	667486	594865	530780	8	M	28	A		-1	2258.1724665	[1, 1, 1, 1, 1, 1, 1, 1, 1, 1, 1, 0]
	642502	582040	567681	8	M	19	A		-1	2258.31595592	[1, 1, 1, 1, 1, 1, 1, 1, 1, 1, 1, 1]
	663231	515892	561879	8	M	30	A		-1	2258.41312169	[1, 1, 1, 1, 1, 1, 1, 1, 1, 1, 1, 1]
	598510	502980	529148	8	M	51	A		-1	2258.43109465	[1, 1, 0, 1, 1, 1, 1, 1, 1, 1, 1, 1]
	648557	546279	540172	8	M	59	A		-1	2258.53120339	[1, 1, 1, 1, 1, 1, 1, 0, 1, 1, 1, 1]
	665486	557629	569170	8	M	54	A		-1	2258.549185	[1, 1, 1, 1, 1, 1, 1, 1, 1, 1, 1, 1]
	559115	438735	397770	7	M	54	A		-1	2258.64550625	[1, 1, 1, 1, 1, 1, 1, 1, 1, 1, 1, 1]
	645825	526307	582392	8	M	9	A		-1	2258.67367171	[1, 1, 1, 1, 1, 1, 1, 1, 1, 1, 1, 1]
	644737	505621	316430	8	M	17	A		-1	2258.88091627	[1, 1, 1, 1, 1, 1, 1, 1, 1, 1, 1, 1]
	668257	586081	561906	8	M	71	A		-1	2259.02735531	[1, 1, 1, 1, 1, 1, 1, 1, 1, 1, 1, 1]
	608156	546443	542380	8	M	20	A		-1	2259.08177486	[1, 1, 1, 0, 1, 1, 1, 1, 1, 1, 1, 1]
	689827	591172	421737	8	M	79	A		-1	2259.08272969	[1, 1, 1, 1, 1, 1, 1, 1, 1, 1, 1, 1]
	679718	577899	524655	8	M	57	A		-1	2259.5317912	[1, 1, 1, 1, 1, 1, 1, 1, 1, 1, 1, 1]
	638691	575450	439761	8	M	36	A		-1	2259.712982	[1, 1, 1, 1, 1, 1, 1, 1, 1, 1, 1, 1]
	636353	538961	563184	8	M	29	A		-1	2259.9106777	[1, 1, 1, 1, 1, 1, 1, 1, 1, 1, 1, 1]
	632389	501503	511617	8	M	84	A		-1	2260.18542924	[1, 1, 1, 1, 1, 1, 1, 1, 1, 1, 1, 1]
	656410	523362	534184	8	M	63	A		-1	2260.28634218	[1, 1, 1, 1, 1, 1, 1, 1, 1, 1, 1, 1]
	616122	554680	561690	8	M	60	A		-1	2260.71529398	[1, 1, 1, 1, 1, 1, 1, 1, 1, 1, 1, 0]
	608055	531118	504136	8	M	9	A		-1	2261.15389265	[1, 1, 1, 1, 1, 1, 1, 1, 1, 1, 1, 1]
	668055	449921	544222	8	M	8	A		-1	2261.68537656	[1, 1, 1, 1, 1, 1, 1, 1, 1, 1, 1, 1]
	611494	539088	520901	8	M	37	A		-1	2261.76841976	[1, 0, 1, 1, 1, 1, 1, 1, 1, 1, 1, 1]
	611412	508233	533947	8	M	97	A		-1	2261.86788074	[1, 1, 1, 1, 1, 1, 1, 1, 1, 1, 1, 1]
	670803	541389	585248	8	M	18	A		-1	2261.94981203	[1, 1, 1, 1, 1, 1, 1, 1, 1, 1, 1, 1]
	651652	572620	543175	8	M	76	A		-1	2262.3894782	[1, 1, 1, 1, 1, 1, 1, 1, 1, 1, 1, 0]
	678947	512747	569283	8	M	34	A		-1	2263.06296191	[1, 1, 1, 1, 1, 1, 1, 1, 1, 1, 1, 0]
	651039	503412	549848	8	M	74	A		-1	2263.14218089	[1, 1, 1, 1, 1, 1, 1, 1, 1, 1, 1, 1]
	524739	355908	396268	7	M	8	A		-1	2263.15428384	[0, 1, 1, 1, 1, 1, 1, 1, 1, 1, 1, 1]
	642819	517681	495627	8	M	81	A		-1	2263.5042587	[1, 1, 1, 1, 1, 1, 1, 1, 1, 1, 1, 0]
	689839	550410	461495	8	M	14	A		-1	2263.55758587	[1, 1, 1, 1, 1, 1, 1, 1, 1, 1, 1, 1]
	653300	516601	507420	8	M	12	A		-1	2263.64924849	[1, 1, 1, 1, 1, 1, 1, 1, 1, 1, 1, 1]
	686409	585819	519504	8	M	57	A		-1	2263.69074057	[1, 1, 1, 1, 1, 1, 1, 1, 1, 1, 1, 1]
	678829	529951	543848	8	M	84	A		-1	2263.98726159	[0, 1, 1, 1, 1, 1, 1, 1, 1, 1, 1, 0]
	632957	565718	545190	8	M	61	A		-1	2264.29308721	[1, 1, 1, 1, 1, 1, 1, 1, 1, 1, 1, 1]
	638352	528646	383584	8	M	52	A		-1	2264.79511345	[1, 1, 1, 1, 1, 1, 1, 1, 1, 1, 1, 1]
	664413	506866	304450	8	M	14	A		-1	2264.80328286	[1, 1, 1, 1, 1, 1, 1, 1, 1, 1, 1, 1]
	667370	550410	558838	8	M	67	A		-1	2265.17177082	[1, 1, 1, 1, 1, 1, 1, 1, 1, 1, 1, 1]
	674815	540697	522863	8	M	87	A		-1	2265.23648047	[1, 1, 1, 1, 1, 1, 1, 1, 1, 1, 1, 1]
	631441	577286	507924	8	M	64	A		-1	2265.33528243	[1, 1, 1, 1, 1, 1, 1, 1, 1, 1, 1, 1]
	687520	554162	516618	8	M	1	A		-1	2265.50202355	[1, 1, 1, 1, 1, 1, 1, 1, 1, 1, 1, 0]
	611416	585196	591239	8	M	39	A		-1	2265.55611711	[1, 1, 1, 1, 1, 1, 1, 1, 1, 1, 1, 1]
	640701	582993	343041	8	M	58	A		-1	2265.69159568	[1, 1, 1, 0, 1, 1, 1, 1, 1, 1, 1, 1]
	640488	512324	536500	8	M	98	A		-1	2265.88307264	[1, 1, 1, 1, 1, 1, 1, 1, 1, 1, 1, 1]
	632922	583977	414372	8	M	52	A		-1	2266.03124581	[0, 1, 1, 1, 1, 1, 1, 1, 1, 1, 1, 1]
	606091	551884	557624	8	M	77	A		-1	2266.48462946	[1, 1, 1, 0, 1, 1, 1, 1, 1, 1, 1, 1]
	510086	445463	430012	7	M	72	A		-1	2266.96840707	[1, 1, 1, 1, 1, 1, 1, 1, 1, 1, 1, 1]
	630091	523920	509496	8	M	97	A		-1	2267.01500865	[1, 1, 0, 1, 1, 1, 1, 1, 1, 1, 1, 1]
	603945	550410	524444	8	M	21	A		-1	2267.15774085	[1, 1, 1, 1, 1, 1, 1, 1, 1, 1, 1, 1]
	618161	523210	503568	8	M	12	A		-1	2267.48977547	[1, 1, 1, 1, 1, 1, 1, 1, 1, 1, 1, 1]
	631867	514884	513977	8	M	27	A		-1	2267.55083007	[1, 1, 1, 1, 1, 1, 1, 1, 1, 1, 1, 1]
	691503	513027	531948	8	M	28	A		-1	2267.61656252	[1, 1, 1, 1, 1, 1, 1, 1, 1, 1, 1, 1]
	613113	523362	484611	8	M	97	A		-1	2267.71692469	[1, 1, 1, 1, 1, 1, 1, 1, 1, 1, 1, 1]
	663534	543448	481304	8	M	97	A		-1	2267.96624562	[1, 1, 1, 1, 1, 1, 1, 1, 1, 1, 1, 1]
	665297	535040	529759	8	M	48	A		-1	2268.05037673	[1, 1, 1, 0, 1, 1, 1, 1, 1, 1, 1, 1]
	620161	563233	569953	8	M	94	A		-1	2268.17626236	[1, 1, 1, 1, 1, 1, 1, 1, 1, 1, 1, 1]
	608110	591119	436928	8	M	4	A		-1	2268.40079899	[1, 1, 1, 1, 1, 1, 1, 1, 1, 1, 0, 1]
	652746	508451	422064	8	M	39	A		-1	2268.46239969	[1, 1, 1, 1, 1, 1, 1, 1, 1, 1, 1, 1]
	633735	507043	526336	8	M	67	A		-1	2268.54148766	[1, 1, 1, 1, 1, 1, 1, 1, 1, 1, 1, 1]
	640660	523210	547387	8	M	51	A		-1	2268.60242935	[1, 1, 1, 1, 1, 1, 1, 1, 1, 1, 1, 1]
	691200	399106	472391	8	M	26	A		-1	2268.62797402	[1, 1, 1, 1, 1, 1, 1, 1, 1, 1, 1, 1]
	693554	546142	486828	8	M	48	A		-1	2268.64933141	[1, 1, 1, 1, 1, 1, 1, 1, 1, 1, 1, 1]
	625121	530308	237415	8	M	32	A		-1	2269.65190912	[1, 1, 1, 1, 1, 1, 1, 1, 1, 1, 1, 1]
	647400	569878	537166	8	M	63	A		-1	2269.73037858	[1, 1, 1, 1, 1, 1, 1, 1, 1, 1, 1, 1]
	676784	510017	550593	8	M	79	A		-1	2269.76534427	[1, 1, 1, 1, 1, 1, 1, 1, 1, 1, 1, 1]
	649531	560725	322416	8	M	85	A		-1	2269.9179886	[1, 1, 1, 1, 1, 1, 1, 1, 1, 1, 1, 1]
	640530	521721	582350	8	M	10	A		-1	2270.67058067	[1, 1, 1, 1, 1, 1, 1, 1, 1, 1, 1, 1]
	651368	585575	517469	8	M	50	A		-1	2270.97625731	[1, 1, 1, 1, 1, 1, 1, 1, 1, 1, 1, 1]
	677599	584118	582110	8	M	5	A		-1	2271.1169225	[1, 1, 1, 1, 1, 1, 1, 1, 1, 1, 1, 1]
	636738	550685	434895	8	M	1	A		-1	2271.30935231	[1, 1, 1, 1, 1, 1, 1, 1, 1, 1, 1, 1]
	646319	552378	556849	8	M	79	A		-1	2271.40676201	[1, 1, 1, 1, 1, 1, 1, 1, 1, 1, 1, 1]
	682714	557457	483213	8	M	68	A		-1	2271.49404392	[1, 1, 1, 1, 1, 1, 1, 1, 1, 1, 1, 1]
	674738	543829	405419	8	M	87	A		-1	2271.70195695	[1, 1, 1, 1, 1, 1, 1, 1, 1, 1, 1, 0]
	519472	421445	445157	7	M	23	A		-1	2271.79203393	[1, 1, 1, 1, 1, 1, 1, 1, 1, 1, 1, 1]
	603596	541345	578818	8	M	89	A		-1	2271.93109176	[1, 1, 1, 1, 1, 1, 1, 1, 1, 1, 1, 1]
	626270	581868	590431	8	M	80	A		-1	2272.01913447	[1, 1, 1, 1, 1, 0, 1, 1, 1, 1, 1, 1]
	634584	420718	506655	8	M	68	A		-1	2272.14236143	[1, 1, 1, 1, 1, 1, 1, 1, 1, 1, 1, 1]
	682870	573750	526930	8	M	18	A		-1	2272.14856974	[1, 1, 1, 1, 1, 1, 1, 0, 1, 1, 1, 1]
	627425	500929	544591	8	M	69	A		-1	2272.39417692	[1, 1, 1, 1, 1, 1, 1, 1, 1, 1, 1, 1]
	657835	522080	493375	8	M	54	A		-1	2272.55256778	[1, 1, 1, 1, 1, 1, 1, 1, 1, 1, 1, 1]
	612955	576409	560542	8	M	68	A		-1	2272.69034296	[1, 1, 1, 1, 1, 1, 1, 1, 1, 1, 1, 1]
	623634	581868	528217	8	M	34	A		-1	2272.86885568	[1, 1, 1, 1, 1, 0, 1, 1, 1, 1, 1, 1]
	652924	511343	538956	8	M	66	A		-1	2272.90294274	[1, 1, 1, 1, 1, 1, 1, 1, 1, 1, 1, 1]
	634310	560124	568068	8	M	5	A		-1	2272.92688155	[1, 1, 1, 1, 1, 1, 1, 1, 1, 1, 1, 1]
	657169	517929	535085	8	M	68	A		-1	2273.21559373	[1, 1, 1, 1, 1, 1, 1, 1, 1, 1, 1, 0]
	659517	581260	591603	8	M	27	A		-1	2273.22585029	[1, 1, 1, 1, 1, 1, 1, 1, 1, 1, 1, 1]
	601312	575485	535587	8	M	52	A		-1	2273.45105869	[1, 1, 1, 1, 1, 1, 1, 1, 1, 1, 1, 1]
	670193	585196	530730	8	M	95	A		-1	2273.75841098	[1, 1, 1, 1, 1, 1, 1, 1, 1, 1, 1, 1]
	643666	541541	524742	8	M	7	A		-1	2273.87028778	[1, 1, 1, 1, 1, 1, 1, 1, 1, 1, 1, 1]
	631507	519446	541830	8	M	52	A		-1	2274.00669437	[1, 1, 1, 1, 1, 1, 1, 1, 1, 1, 1, 1]
	648245	559520	564232	8	M	58	A		-1	2274.52114138	[1, 1, 1, 1, 1, 1, 1, 1, 1, 1, 1, 1]
	658375	496324	579972	8	M	97	A		-1	2274.5212193	[1, 1, 1, 1, 1, 1, 1, 1, 1, 1, 1, 1]
	669927	527416	551177	8	M	87	A		-1	2274.69997255	[1, 1, 1, 1, 1, 1, 1, 1, 1, 1, 1, 1]
	681609	561021	592446	8	M	81	A		-1	2274.99982378	[1, 1, 1, 1, 1, 1, 1, 1, 1, 1, 1, 1]
	628057	503349	491824	8	M	30	A		-1	2275.06162244	[1, 1, 1, 0, 1, 1, 1, 1, 1, 1, 1, 0]
	694573	522699	575693	8	M	31	A		-1	2275.19292431	[1, 1, 1, 1, 1, 1, 1, 1, 1, 1, 1, 1]
	621962	572145	523031	8	M	41	A		-1	2275.40507962	[1, 1, 1, 1, 1, 1, 1, 1, 1, 1, 1, 1]
	680533	432164	515120	8	M	29	A		-1	2275.69882049	[1, 0, 1, 1, 1, 1, 1, 1, 1, 1, 1, 1]
	689127	539018	501207	8	M	19	A		-1	2275.87660778	[1, 1, 1, 1, 1, 1, 1, 1, 1, 1, 1, 1]
	641357	555723	420588	8	M	70	A		-1	2276.01035295	[0, 1, 1, 1, 1, 1, 1, 1, 1, 1, 1, 1]
	667157	522080	543187	8	M	20	A		-1	2276.22424097	[1, 1, 1, 1, 1, 1, 1, 1, 1, 1, 1, 1]
	657930	581709	485472	8	M	54	A		-1	2276.26754255	[1, 1, 1, 1, 1, 1, 1, 1, 1, 1, 1, 1]
	630302	552354	538714	8	M	26	A		-1	2276.7433814	[1, 1, 1, 1, 1, 1, 1, 1, 1, 1, 1, 1]
	597649	520478	547208	8	M	63	A		-1	2277.25690438	[1, 1, 1, 1, 1, 1, 1, 1, 1, 1, 1, 0]
	519501	457724	416003	7	M	48	A		-1	2277.30143372	[1, 1, 1, 1, 1, 1, 1, 1, 1, 1, 1, 0]
	670980	525106	587061	8	M	17	A		-1	2277.48962253	[1, 1, 1, 1, 1, 1, 1, 1, 1, 1, 1, 1]
	680364	585425	426770	8	M	65	A		-1	2277.67954704	[1, 1, 1, 1, 1, 1, 1, 1, 1, 1, 1, 1]
	636767	516601	410672	8	M	53	A		-1	2277.78717356	[1, 1, 1, 1, 1, 1, 1, 1, 1, 1, 1, 1]
	641155	529885	451159	8	M	2	A		-1	2277.86244068	[1, 1, 1, 1, 1, 1, 1, 1, 1, 1, 1, 1]
	496324	445352	425983	7	M	10	A		-1	2277.90702211	[1, 1, 1, 1, 1, 1, 1, 1, 1, 1, 1, 1]
	671484	445749	584489	8	M	91	A		-1	2278.1528632	[1, 1, 1, 1, 1, 1, 1, 1, 1, 1, 1, 1]
	678184	507637	540544	8	M	53	A		-1	2278.20683556	[1, 1, 1, 1, 1, 1, 1, 1, 1, 1, 1, 1]
	689541	567231	541138	8	M	28	A		-1	2278.51027812	[1, 1, 1, 1, 1, 1, 1, 1, 1, 1, 1, 1]
	670656	528894	495907	8	M	52	A		-1	2278.78911152	[1, 1, 1, 1, 1, 1, 1, 1, 1, 1, 1, 1]
	519446	414076	469202	7	M	37	A		-1	2278.84217361	[1, 1, 1, 1, 1, 1, 1, 1, 1, 1, 1, 1]
	671635	587489	529104	8	M	2	A		-1	2278.95846723	[1, 1, 1, 1, 1, 1, 1, 1, 1, 1, 1, 1]
	680851	500851	487768	8	M	61	A		-1	2279.16273094	[1, 0, 1, 1, 1, 1, 1, 1, 1, 1, 1, 1]
	607871	523541	561493	8	M	53	A		-1	2279.22046024	[1, 1, 1, 1, 1, 1, 1, 1, 1, 1, 1, 1]
	561847	478885	406732	7	M	26	A		-1	2279.22151468	[1, 1, 1, 1, 1, 1, 1, 1, 1, 1, 1, 1]
	618246	399106	402035	8	M	88	A		-1	2279.2678924	[1, 1, 1, 1, 1, 1, 1, 1, 1, 1, 1, 1]
	561021	479855	397907	7	M	84	A		-1	2279.76370835	[1, 1, 1, 1, 1, 1, 1, 1, 1, 1, 1, 1]
	602936	577286	529155	8	M	89	A		-1	2280.06534845	[1, 0, 1, 1, 1, 1, 1, 1, 1, 1, 1, 1]
	529885	437857	381095	7	M	94	A		-1	2280.55679124	[1, 1, 1, 1, 1, 1, 1, 1, 1, 1, 1, 1]
	646307	498296	593318	8	M	30	A		-1	2280.74022776	[1, 1, 1, 1, 1, 1, 1, 1, 1, 1, 1, 1]
	632103	519501	537957	8	M	33	A		-1	2280.82723407	[1, 0, 1, 1, 1, 1, 1, 1, 1, 0, 1, -1]
	693991	517902	495501	8	M	28	A		-1	2280.94180143	[1, 1, 1, 1, 1, 1, 1, 1, 1, 1, 1, 1]
	679310	520478	542718	8	M	88	A		-1	2280.94816854	[1, 1, 1, 1, 1, 1, 1, 1, 1, 1, 1, 1]
	655364	583434	501254	8	M	100	A		-1	2281.02162248	[1, 0, 1, 1, 1, 1, 1, 1, 1, 1, 1, 1]
	645925	575438	516487	8	M	58	A		-1	2281.05614577	[1, 0, 1, 1, 1, 1, 1, 1, 1, 1, 1, 1]
	692495	519501	592670	8	M	94	A		-1	2281.11593919	[1, 1, 1, 1, 1, 1, 1, 1, 1, 1, 1, 1]
	682469	588095	432764	8	M	43	A		-1	2281.28680815	[1, 1, 1, 1, 1, 1, 1, 1, 1, 1, 1, 1]
	645783	505559	546181	8	M	56	A		-1	2282.15240647	[1, 1, 1, 1, 1, 1, 1, 1, 1, 1, 1, 1]
	664991	557457	499036	8	M	68	A		-1	2282.28798154	[1, 1, 1, 1, 1, 1, 1, 1, 1, 1, 1, 1]
	687263	523597	557840	8	M	67	A		-1	2282.30078188	[1, 1, 1, 0, 1, 1, 1, 1, 1, 1, 1, 1]
	677199	514884	496946	8	M	30	A		-1	2282.44245895	[1, 1, 1, 1, 1, 1, 1, 1, 1, 1, 1, 0]
	685754	510269	333176	8	M	24	A		-1	2282.82447253	[1, 1, 1, 1, 1, 1, 1, 1, 1, 1, 1, 1]
	632044	519501	515557	8	M	70	A		-1	2282.99627547	[1, 1, 1, 1, 1, 1, 1, 1, 1, 1, 1, 0]
	608588	566013	585661	8	M	45	A		-1	2283.26158105	[1, 1, 1, 1, 1, 1, 1, 1, 1, 1, 0, 0]
	689024	569878	557634	8	M	96	A		-1	2283.93789733	[1, 1, 1, 1, 1, 1, 1, 1, 1, 1, 1, 1]
	654332	547391	500378	8	M	58	A		-1	2284.28613074	[1, 1, 1, 1, 1, 1, 1, 1, 1, 1, 1, 1]
	619230	537352	498878	8	M	17	A		-1	2284.47843312	[1, 1, 1, 1, 1, 1, 1, 1, 1, 1, 1, 1]
	627904	496651	578871	8	M	2	A		-1	2285.2366184	[1, 1, 1, 1, 1, 1, 1, 1, 1, 1, 1, 1]
	616844	541029	541114	8	M	64	A		-1	2286.078579	[1, 1, 1, 1, 1, 1, 1, 1, 1, 1, 1, 1]
	658073	496976	433605	8	M	17	A		-1	2286.12270795	[1, 1, 1, 1, 1, 1, 1, 1, 1, 1, 1, 1]
	686729	585425	593604	8	M	34	A		-1	2286.26018464	[1, 1, 1, 0, 1, 1, 1, 1, 1, 1, 1, 1]
	508451	427218	416932	7	M	74	A		-1	2286.62184974	[1, 1, 1, 1, 1, 1, 1, 1, 1, 1, 1, 1]
	654436	586383	568552	8	M	88	A		-1	2286.88662234	[1, 1, 1, 1, 1, 1, 1, 1, 1, 1, 1, 0]
	641692	552932	541845	8	M	95	A		-1	2286.99653129	[1, 1, 1, 0, 1, 1, 1, 1, 1, 1, 1, 1]
	654961	529951	549663	8	M	62	A		-1	2287.06511263	[1, 1, 1, 1, 1, 1, 1, 1, 1, 1, 1, 1]
	631084	544634	582240	8	M	41	A		-1	2287.35425154	[1, 1, 1, 1, 1, 1, 1, 1, 1, 1, 1, 1]
	630363	502552	553159	8	M	71	A		-1	2288.53837309	[1, 1, 1, 1, 1, 1, 1, 1, 1, 1, 1, 1]
	647888	543448	570049	8	M	9	A		-1	2288.55889983	[1, 1, 1, 1, 1, 1, 1, 1, 1, 1, 1, 1]
	627382	588203	566656	8	M	87	A		-1	2288.60026862	[1, 1, 1, 1, 1, 1, 1, 1, 1, 1, 1, 1]
	647916	544634	427894	8	M	87	A		-1	2288.79060271	[1, 1, 1, 1, 1, 1, 1, 1, 1, 1, 1, 0]
	639151	507043	587324	8	M	67	A		-1	2289.41816359	[1, 1, 1, 1, 1, 1, 1, 1, 1, 1, 1, 1]
	595293	554162	567503	8	M	99	A		-1	2289.51874468	[1, 1, 1, 1, 1, 1, 1, 1, 1, 1, 1, 1]
	598855	515984	540162	8	M	8	A		-1	2289.59904327	[1, 1, 1, 1, 1, 0, 1, 1, 1, 1, 1, 1]
	636919	524324	578962	8	M	14	A		-1	2289.86428754	[1, 1, 1, 1, 1, 1, 1, 1, 1, 1, 1, 0]
	544634	395649	428221	7	M	95	A		-1	2290.38158603	[1, 1, 1, 1, 1, 1, 1, 1, 1, 1, 1, 1]
	633227	553864	414892	8	M	42	A		-1	2290.95689061	[1, 1, 1, 1, 1, 1, 1, 1, 1, 1, 1, 1]
	651152	500929	548130	8	M	61	A		-1	2291.05034152	[1, 1, 1, 1, 1, 1, 1, 1, 1, 1, 1, 1]
	619116	445463	503727	8	M	69	A		-1	2291.30037159	[1, 1, 1, 1, 1, 1, 1, 1, 1, 1, 1, 1]
	633849	528646	585015	8	M	15	A		-1	2291.33798894	[1, 1, 1, 1, 1, 1, 1, 1, 1, 1, 1, 1]
	645297	542471	422789	8	M	99	A		-1	2291.5407544	[1, 1, 1, 1, 1, 1, 1, 1, 1, 1, 1, 1]
	610796	513468	469212	8	M	74	A		-1	2292.27759776	[1, 1, 1, 1, 1, 1, 1, 1, 1, 1, 1, 1]
	650739	572620	495311	8	M	88	A		-1	2293.36281046	[1, 1, 1, 1, 1, 1, 1, 1, 1, 1, 1, 0]
	690305	592834	507080	8	M	91	A		-1	2293.39815288	[1, 1, 1, 1, 1, 1, 1, 1, 1, 1, 1, 1]
	664080	592834	534297	8	M	16	A		-1	2293.56263898	[1, 1, 1, 1, 1, 1, 1, 1, 1, 1, 1, 1]
	610941	587009	577271	8	M	46	A		-1	2293.97324025	[1, 1, 1, 1, 1, 1, 1, 1, 1, 1, 1, 1]
	599776	550410	523070	8	M	95	A		-1	2294.02332862	[1, 1, 1, 1, 1, 1, 1, 1, 1, 1, 1, 1]
	632547	530275	565886	8	M	2	A		-1	2294.23324121	[1, 1, 0, 1, 1, 1, 1, 1, 1, 1, 1, 0]
	654552	423842	395230	8	M	53	A		-1	2294.30284047	[1, 1, 1, 1, 1, 1, 1, 1, 1, 1, 1, 1]
	646729	556729	551325	8	M	39	A		-1	2294.60039253	[1, 1, 1, 1, 1, 1, 1, 1, 1, 1, 1, 1]
	517689	396687	412524	7	M	14	A		-1	2294.80068122	[1, 1, 1, 1, 1, 1, 1, 1, 1, 1, 1, 1]
	688814	520478	565177	8	M	58	A		-1	2294.96282232	[1, 1, 1, 1, 1, 1, 1, 1, 1, 1, 1, 1]
	642886	517929	402451	8	M	15	A		-1	2295.08881129	[0, 1, 1, 1, 1, 1, 1, 1, 1, 1, 1, 1]
	659204	587456	545506	8	M	47	A		-1	2296.02015603	[1, 1, 1, 1, 1, 1, 1, 1, 1, 1, 1, 1]
	642261	465653	531690	8	M	76	A		-1	2297.91711723	[1, 1, 1, 1, 1, 1, 1, 1, 1, 1, 1, 1]
	689004	515455	586288	8	M	78	A		-1	2298.58473404	[1, 1, 1, 1, 1, 1, 1, 0, 1, 1, 1, 1]
	621999	573750	509729	8	M	12	A		-1	2298.80181193	[1, 1, 1, 1, 1, 1, 1, 1, 1, 1, 1, 1]
	624286	500918	594440	8	M	10	A		-1	2298.80959719	[1, 1, 1, 1, 1, 1, 1, 1, 1, 1, 1, 1]
	602163	575311	509052	8	M	59	A		-1	2299.66816319	[1, 1, 1, 1, 1, 1, 1, 1, 1, 1, 1, -1]
	659854	578206	580738	8	M	45	A		-1	2300.01994328	[1, 0, 1, 1, 1, 1, 1, 1, 1, 1, 1, 1]
	611115	552378	527266	8	M	49	A		-1	2300.31853587	[1, 1, 1, 1, 1, 1, 1, 1, 1, 1, 1, 1]
	652130	516489	530292	8	M	79	A		-1	2300.3323515	[1, 1, 1, 1, 1, 1, 1, 1, 1, 1, 1, 0]
	689576	571226	380263	8	M	22	A		-1	2300.57016699	[1, 1, 1, 1, 1, 1, 1, 1, 1, 1, 1, 1]
	650196	517689	508627	8	M	98	A		-1	2300.70489815	[1, 1, 1, 1, 1, 1, 1, 1, 1, 1, 1, 1]
	639102	571324	520280	8	M	80	A		-1	2301.02181041	[1, 1, 1, 1, 1, 1, 1, 1, 1, 1, 1, 1]
	635552	580370	594782	8	M	18	A		-1	2302.14881798	[1, 1, 1, 1, 1, 1, 1, 1, 1, 1, 1, 1]
	668374	592834	586913	8	M	37	A		-1	2302.20819521	[1, 1, 1, 1, 1, 1, 1, 1, 1, 1, 1, 1]
	608103	541345	540332	8	M	70	A		-1	2302.45127317	[1, 1, 1, 0, 1, 1, 1, 1, 1, 1, 1, 1]
	643417	530275	552253	8	M	68	A		-1	2302.6121898	[1, 1, 1, 1, 1, 1, 1, 1, 1, 1, 1, 1]
	616958	565329	451385	8	M	40	A		-1	2302.89214248	[1, 1, 1, 1, 1, 1, 1, 1, 1, 1, 1, 1]
	624543	563233	546612	8	M	100	A		-1	2302.93726662	[1, 1, 1, 1, 1, 1, 1, 1, 1, 1, 1, 1]
	633778	524739	510217	8	M	39	A		-1	2303.00339586	[0, 1, 1, 1, 1, 1, 1, 1, 1, 1, 1, 1]
	591827	355908	401160	7	M	21	A		-1	2303.28052365	[1, 1, 1, 1, 1, 1, 1, 1, 1, 1, 1, 1]
	610217	576242	340896	8	M	96	A		-1	2303.56763361	[1, 1, 1, 1, 1, 1, 1, 1, 1, 1, 1, 1]
	694353	523155	540262	8	M	99	A		-1	2303.67360978	[1, 1, 1, 1, 1, 1, 1, 1, 1, 1, 1, 1]
	597375	480277	390697	8	M	98	A		-1	2303.80607919	[1, 1, 1, 1, 1, 1, 1, 1, 1, 1, 1, 1]
	681408	586015	515840	8	M	78	A		-1	2303.8266871	[1, 1, 1, 1, 1, 1, 1, 1, 1, 1, 1, 1]
	654879	508451	494740	8	M	56	A		-1	2304.61187279	[1, 1, 1, 1, 1, 1, 1, 1, 1, 1, 1, 1]
	678122	557912	394925	8	M	46	A		-1	2305.10677381	[1, 1, 1, 1, 1, 1, 1, 1, 1, 1, 1, 1]
	641437	529885	490262	8	M	94	A		-1	2305.33772741	[1, 1, 1, 1, 1, 1, 1, 1, 1, 1, 1, 1]
	672049	532808	556773	8	M	33	A		-1	2305.60663478	[1, 1, 1, 1, 1, 1, 1, 1, 1, 1, 1, 1]
	657150	527416	551714	8	M	20	A		-1	2305.64015794	[1, 1, 1, 1, 1, 1, 1, 1, 1, 1, 1, 1]
	664897	514727	510049	8	M	30	A		-1	2306.13215145	[0, 1, 0, 1, 1, 1, 1, 1, 1, 1, 1, 1]
	650095	554680	457581	8	M	83	A		-1	2306.82950251	[1, 1, 1, 1, 1, 1, 1, 1, 1, 1, 1, 1]
	656138	531118	497551	8	M	26	A		-1	2307.16377562	[1, 1, 1, 1, 1, 1, 1, 1, 1, 1, 1, 1]
	663935	581306	568612	8	M	100	A		-1	2307.17478632	[1, 1, 1, 1, 1, 1, 1, 1, 1, 1, 1, 0]
	677270	560762	503878	8	M	53	A		-1	2307.43946278	[1, 1, 1, 1, 1, 1, 1, 1, 1, 1, 1, 1]
	603613	556729	525134	8	M	22	A		-1	2307.62000027	[1, 1, 1, 1, 1, 1, 1, 1, 1, 1, 1, 1]
	662474	554043	398314	8	M	13	A		-1	2308.26919332	[1, 1, 1, 1, 1, 1, 1, 1, 1, 1, 1, 1]
	599429	432463	594240	8	M	71	A		-1	2308.9943426	[1, 1, 1, 1, 1, 1, 1, 1, 1, 1, 1, 1]
	657838	542073	499958	8	M	52	A		-1	2309.10913686	[0, 1, 1, 1, 1, 1, 1, 1, 1, 1, 1, 1]
	668413	575485	566100	8	M	59	A		-1	2309.9515861	[1, 1, 1, 1, 1, 1, 1, 1, 1, 1, 1, 0]
	630701	515455	593005	8	M	64	A		-1	2311.87060119	[1, 0, 1, 1, 1, 1, 1, 1, 1, 1, 1, 1]
	681359	576782	589993	8	M	6	A		-1	2312.23845783	[1, 1, 1, 1, 1, 1, 1, 0, 1, 1, 1, 0]
	693883	516489	573614	8	M	0	A		-1	2312.93316708	[1, 1, 0, 1, 1, 1, 1, 1, 1, 1, 1, 1]
	651996	515111	537141	8	M	99	A		-1	2313.09623524	[1, 1, 1, 1, 1, 1, 1, 1, 1, 1, 1, 1]
	681099	508347	578239	8	M	70	A		-1	2313.87098512	[1, 1, 1, 1, 1, 1, 1, 1, 1, 1, 1, 1]
	664096	564358	580971	8	M	92	A		-1	2314.24972628	[1, 1, 1, 1, 1, 1, 1, 1, 1, 1, 1, 1]
	639525	582651	558215	8	M	54	A		-1	2315.81998767	[1, 1, 1, 1, 1, 1, 1, 1, 1, 1, 1, 1]
	608609	520478	579245	8	M	71	A		-1	2316.14635215	[1, 1, 1, 1, 1, 1, 1, 1, 1, 1, 1, 1]
	659217	520386	544899	8	M	76	A		-1	2316.37714933	[1, 1, 1, 1, 1, 1, 1, 1, 1, 1, 1, 1]
	526937	450412	406925	7	M	11	A		-1	2316.94437668	[1, 1, 1, 1, 1, 1, 1, 1, 1, 1, 1, 0]
	644494	502922	522758	8	M	25	A		-1	2317.08645846	[1, 1, 1, 1, 1, 1, 1, 1, 1, 1, 1, 1]
	666385	543777	520052	8	M	13	A		-1	2317.23365834	[1, 1, 1, 1, 1, 1, 1, 1, 1, 1, 1, 1]
	670700	522701	582211	8	M	9	A		-1	2317.41673281	[0, 0, 0, 1, 1, 1, 1, 1, 1, 1, 1, 0]
	617501	559706	490253	8	M	6	A		-1	2317.74306685	[1, 1, 1, 1, 1, 1, 1, 1, 1, 1, 1, 1]
	649332	547972	548489	8	M	6	A		-1	2318.07699074	[1, 1, 1, 1, 1, 1, 1, 1, 1, 1, 1, 1]
	621841	527277	522421	8	M	0	A		-1	2318.22070552	[1, 1, 1, 1, 1, 1, 1, 1, 1, 1, 1, 1]
	511343	410141	408193	7	M	68	A		-1	2318.52375928	[1, 1, 1, 1, 1, 1, 1, 1, 1, 1, 1, 1]
	674870	557093	581954	8	M	37	A		-1	2319.32362559	[1, 1, 1, 1, 1, 1, 1, 1, 1, 1, 1, 1]
	682278	495549	503911	8	M	26	A		-1	2319.70104585	[1, 1, 1, 1, 1, 1, 1, 1, 1, 1, 1, 1]
	575485	434859	419203	7	M	8	A		-1	2319.801866	[1, 1, 1, 1, 1, 1, 1, 1, 1, 1, 1, 0]
	659070	501503	564231	8	M	50	A		-1	2319.84030637	[1, 1, 1, 1, 1, 1, 1, 1, 1, 1, 1, 1]
	612885	504264	511445	8	M	8	A		-1	2319.84180324	[1, 1, 1, 1, 1, 1, 1, 1, 1, 1, 1, 0]
	622459	510086	593987	8	M	50	A		-1	2320.6179631	[1, 1, 1, 1, 1, 1, 1, 1, 1, 1, 1, 1]
	630185	501759	517051	8	M	100	A		-1	2321.12657618	[1, 0, 1, 1, 1, 1, 1, 1, 1, 1, 1, 1]
	608812	532000	525369	8	M	37	A		-1	2321.21426741	[1, 1, 1, 1, 1, 1, 1, 1, 1, 1, 1, 1]
	613323	511343	517157	8	M	53	A		-1	2321.24490242	[1, 1, 1, 1, 1, 1, 1, 1, 1, 1, 1, 1]
	617474	566134	513273	8	M	84	A		-1	2321.96318997	[1, 1, 1, 1, 1, 1, 1, 1, 1, 1, 1, 1]
	691849	523804	513102	8	M	46	A		-1	2322.002851	[1, 1, 1, 1, 1, 1, 1, 1, 1, 1, 1, 0]
	608921	501503	422591	8	M	82	A		-1	2322.12941936	[1, 1, 1, 1, 1, 1, 1, 1, 1, 1, 1, 1]
	642376	532000	576389	8	M	18	A		-1	2322.37568294	[1, 1, 1, 1, 1, 1, 1, 1, 1, 1, 1, 1]
	612014	542484	437723	8	M	70	A		-1	2322.53717227	[0, 1, 1, 1, 1, 1, 1, 1, 1, 1, 1, 1]
	692094	576409	548506	8	M	65	A		-1	2322.5916894	[1, 1, 1, 1, 1, 1, 1, 1, 1, 1, 1, 1]
	679175	561021	521900	8	M	67	A		-1	2322.70396838	[1, 1, 1, 1, 1, 1, 1, 1, 1, 1, 1, 1]
	683818	507476	570188	8	M	32	A		-1	2322.8137834	[1, 0, 1, 1, 1, 1, 1, 1, 1, 1, 1, 1]
	674654	565035	527862	8	M	56	A		-1	2322.94499612	[1, 1, 1, 0, 1, 1, 1, 1, 1, 1, 1, 1]
	689498	519920	574242	8	M	1	A		-1	2323.40638343	[1, 1, 1, 0, 1, 1, 1, 1, 1, 1, 1, 0]
	676430	523920	549544	8	M	88	A		-1	2324.11334527	[1, 1, 1, 1, 1, 1, 1, 1, 1, 1, 1, 1]
	567330	467990	422576	7	M	75	A		-1	2324.27147025	[1, 1, 1, 1, 1, 1, 1, 1, 1, 1, 1, 1]
	550410	414147	349445	7	M	22	A		-1	2324.64169448	[1, 1, 1, 1, 1, 1, 1, 1, 1, 1, 1, 1]
	694633	521321	561839	8	M	86	A		-1	2324.69165194	[1, 1, 1, 1, 1, 1, 1, 1, 1, 1, 1, 1]
	614494	514386	362543	8	M	41	A		-1	2325.41333739	[1, 1, 1, 1, 1, 1, 1, 1, 1, 1, 1, 1]
	628196	541870	435108	8	M	97	A		-1	2325.5061113	[1, 1, 1, 1, 1, 1, 1, 1, 1, 1, 1, 1]
	524324	468047	476149	7	M	17	A		-1	2325.67474157	[1, 1, 1, 1, 1, 1, 1, 1, 1, 1, 1, 1]
	682561	572580	552730	8	M	97	A		-1	2325.77037903	[1, 1, 1, 1, 1, 1, 1, 1, 1, 1, 1, 1]
	671479	524660	352499	8	M	79	A		-1	2326.50615946	[1, 1, 1, 1, 1, 1, 1, 1, 1, 1, 1, 1]
	659756	508746	466769	8	M	39	A		-1	2326.59095532	[1, 1, 1, 1, 1, 1, 1, 1, 1, 1, 1, 1]
	596335	575104	577728	8	M	58	A		-1	2327.16297002	[1, 1, 1, 1, 1, 1, 1, 1, 1, 1, 1, 1]
	638202	532000	535857	8	M	97	A		-1	2327.75927298	[1, 1, 1, 1, 1, 1, 1, 1, 1, 1, 1, 1]
	631571	578930	406584	8	M	51	A		-1	2328.29790444	[1, 1, 1, 1, 1, 0, 1, 1, 1, 1, 1, 1]
	648371	572589	577721	8	M	83	A		-1	2328.78368125	[1, 0, 1, 1, 1, 1, 1, 1, 1, 1, 1, 1]
	691653	423848	576190	8	M	30	A		-1	2329.1658735	[1, 1, 1, 1, 1, 1, 1, 1, 1, 1, 1, 1]
	564358	414076	259645	7	M	18	A		-1	2330.03421698	[1, 1, 1, 1, 1, 1, 1, 1, 1, 1, 1, 1]
	539018	428577	413052	7	M	77	A		-1	2330.58296326	[1, 1, 1, 1, 1, 1, 1, 1, 1, 1, 1, 1]
	683146	500448	561224	8	M	90	A		-1	2330.85076459	[1, 1, 1, 1, 1, 1, 1, 1, 1, 1, 1, 1]
	605484	560725	516627	8	M	52	A		-1	2331.12144509	[1, 1, 1, 1, 1, 1, 1, 1, 1, 1, 1, 1]
	679819	579225	405904	8	M	62	A		-1	2331.1941671	[1, 1, 1, 1, 1, 1, 1, 1, 1, 1, 1, 0]
	693967	578206	548639	8	M	11	A		-1	2331.22806942	[0, 1, 0, 1, 1, 1, 1, 1, 1, 1, 1, 1]
	610653	539088	498132	8	M	68	A		-1	2331.34697297	[1, 0, 1, 1, 1, 0, 1, 1, 1, 1, 1, 1]
	597054	524491	585368	8	M	20	A		-1	2331.93652827	[1, 1, 1, 1, 1, 1, 1, 1, 1, 1, 1, 1]
	644135	543829	496676	8	M	19	A		-1	2332.12451267	[1, 1, 1, 1, 1, 1, 1, 1, 1, 1, 1, 0]
	663608	520928	578531	8	M	23	A		-1	2332.96042506	[1, 1, 1, 0, 1, 1, 1, 1, 1, 1, 1, 1]
	632754	557457	563944	8	M	14	A		-1	2333.57730533	[1, 1, 1, 1, 1, 1, 1, 1, 1, 1, 1, 0]
	662490	541389	544260	8	M	16	A		-1	2333.73719131	[1, 1, 1, 1, 1, 1, 1, 1, 1, 1, 1, 0]
	597472	547972	517459	8	M	1	A		-1	2333.7623442	[1, 1, 1, 1, 1, 1, 1, 1, 1, 1, 1, 1]
	685398	508451	505763	8	M	68	A		-1	2334.75247768	[1, 1, 1, 1, 1, 1, 1, 1, 1, 1, 1, 1]
	677622	527277	587799	8	M	36	A		-1	2335.47899917	[1, 1, 1, 0, 1, 1, 1, 1, 1, 1, 1, 1]
	615971	569463	430460	8	M	16	A		-1	2336.14664925	[1, 1, 1, 0, 1, 1, 1, 1, 1, 1, 1, 1]
	669426	586623	455915	8	M	80	A		-1	2336.50989919	[1, 1, 1, 0, 1, 1, 1, 1, 1, 1, 1, 1]
	659464	587456	419154	8	M	54	A		-1	2336.63695694	[1, 1, 1, 1, 1, 1, 1, 1, 1, 1, 1, 1]
	654652	423848	518856	8	M	21	A		-1	2336.95533108	[1, 1, 1, 1, 1, 1, 1, 1, 1, 1, 1, 1]
	689334	541029	542376	8	M	23	A		-1	2337.15037383	[1, 1, 1, 1, 1, 1, 1, 1, 1, 1, 1, 1]
	679457	555116	562447	8	M	19	A		-1	2337.85801586	[1, 1, 1, 1, 1, 1, 1, 1, 1, 1, 1, 1]
	654391	547596	534686	8	M	6	A		-1	2338.04876326	[1, 1, 1, 1, 1, 1, 1, 1, 1, 1, 1, 1]
	602445	561021	581505	8	M	23	A		-1	2338.45521793	[1, 1, 1, 1, 1, 1, 1, 1, 1, 1, 1, 1]
	615797	543448	584427	8	M	24	A		-1	2338.73119546	[1, 1, 1, 1, 1, 1, 1, 1, 1, 1, 1, 1]
	665649	504753	511562	8	M	72	A		-1	2338.75669579	[1, 1, 1, 1, 1, 1, 1, 1, 1, 1, 1, 1]
	677030	523804	322165	8	M	100	A		-1	2339.112371	[1, 1, 1, 1, 1, 1, 1, 1, 1, 1, 1, 0]
	638525	564457	341436	8	M	91	A		-1	2339.4895989	[1, 1, 1, 1, 1, 1, 1, 1, 1, 1, 1, 1]
	631018	561300	550939	8	M	76	A		-1	2339.92216931	[1, 1, 1, 1, 1, 1, 1, 1, 1, 1, 1, 1]
	627244	539590	552585	8	M	20	A		-1	2340.10144657	[1, 1, 1, 1, 1, 1, 1, 1, 1, 1, 1, 1]
	655814	587389	553415	8	M	6	A		-1	2340.58768344	[1, 1, 1, 1, 1, 1, 1, 1, 1, 1, 1, 1]
	609809	504753	497474	8	M	78	A		-1	2340.93997025	[1, 1, 1, 1, 1, 1, 1, 1, 1, 1, 1, 1]
	605783	559520	565857	8	M	93	A		-1	2341.19640816	[1, 1, 1, 1, 1, 1, 1, 1, 1, 1, 1, 1]
	677177	501560	569693	8	M	91	A		-1	2341.42692359	[1, 1, 0, 1, 1, 1, 1, 1, 1, 1, 1, 1]
	521786	466994	491201	7	M	19	A		-1	2341.83659821	[1, 1, 1, 1, 1, 1, 1, 1, 1, 1, 1, 1]
	676318	514386	587121	8	M	51	A		-1	2342.3143836	[1, 1, 1, 1, 1, 1, 1, 1, 1, 1, 1, 1]
	635320	522699	459636	8	M	23	A		-1	2342.44504738	[1, 1, 1, 1, 1, 1, 1, 1, 1, 1, 1, 0]
	676272	582651	568554	8	M	54	A		-1	2344.45439034	[1, 1, 1, 1, 1, 1, 1, 1, 1, 1, 1, 1]
	654238	537352	550107	8	M	86	A		-1	2345.18821217	[1, 1, 1, 1, 1, 1, 1, 1, 1, 1, 1, 1]
	682160	587389	533708	8	M	24	A		-1	2345.51275815	[1, 1, 1, 1, 1, 1, 1, 1, 1, 1, 1, 1]
	676539	550410	558826	8	M	21	A		-1	2345.5675145	[1, 1, 1, 1, 1, 1, 1, 1, 1, 1, 1, 1]
	578930	450141	463893	7	M	35	A		-1	2345.63005124	[1, 1, 1, 1, 1, 1, 1, 1, 1, 1, 1, 1]
	602255	567012	486175	8	M	81	A		-1	2346.01067259	[1, 1, 1, 1, 1, 1, 1, 1, 1, 1, 1, 1]
	628632	591119	294857	8	M	67	A		-1	2346.39948147	[1, 0, 1, 1, 1, 1, 1, 1, 1, 1, 0, 1]
	595689	593906	538488	8	M	73	A		-1	2346.74777094	[1, 1, 1, 1, 1, 1, 1, 1, 1, 1, 1, 1]
	557369	468616	311467	7	M	58	A		-1	2347.94534138	[1, 1, 1, 1, 1, 1, 1, 1, 1, 1, 1, 1]
	622540	532000	594201	8	M	0	A		-1	2347.96076112	[1, 1, 1, 1, 1, 1, 1, 1, 1, 1, 1, 1]
	663791	552932	594368	8	M	24	A		-1	2348.3745045	[1, 1, 1, 1, 1, 1, 1, 1, 1, 1, 1, 1]
	673016	398843	540255	8	M	20	A		-1	2348.40484404	[1, 1, 1, 1, 1, 1, 1, 1, 1, 1, 1, 1]
	689583	559115	397646	8	M	31	A		-1	2348.73465724	[1, 1, 1, 1, 1, 1, 1, 0, 1, 1, 1, 1]
	663895	578206	594753	8	M	63	A		-1	2349.53251994	[1, 1, 1, 1, 1, 1, 1, 1, 1, 1, 1, 1]
	646532	512324	499215	8	M	95	A		-1	2349.57499195	[1, 1, 1, 1, 1, 1, 1, 1, 1, 1, 1, 1]
	614760	532000	508522	8	M	27	A		-1	2349.69358036	[1, 1, 1, 1, 1, 1, 1, 1, 1, 1, 1, 1]
	651140	554680	552012	8	M	25	A		-1	2350.07230471	[1, 1, 1, 1, 1, 1, 1, 1, 1, 1, 1, 0]
	667881	592257	531175	8	M	23	A		-1	2350.22530595	[1, 1, 1, 1, 1, 1, 1, 1, 1, 1, 1, 1]
	678685	591827	446875	8	M	26	A		-1	2350.38178946	[1, 1, 1, 1, 1, 1, 1, 1, 1, 1, 1, 1]
	622458	584288	412524	8	M	14	A		-1	2351.27792739	[1, 1, 1, 0, 1, 1, 1, 1, 1, 1, 1, 1]
	600267	543448	325313	8	M	18	A		-1	2351.89983827	[1, 1, 1, 0, 1, 1, 1, 1, 1, 1, 1, 1]
	687415	510961	510879	8	M	90	A		-1	2352.6611865	[1, 1, 1, 1, 1, 1, 1, 1, 1, 1, 1, 1]
	530275	491450	475542	7	M	0	A		-1	2352.7734288	[1, 1, 1, 1, 1, 1, 1, 1, 1, 1, 1, 1]
	668310	560124	480398	8	M	85	A		-1	2352.84983887	[1, 1, 1, 1, 1, 1, 1, 1, 1, 1, 1, 1]
	623137	540118	542526	8	M	39	A		-1	2353.00601559	[1, 1, 1, 1, 1, 1, 1, 1, 1, 1, 0, 1]
	665868	502513	525655	8	M	16	A		-1	2353.09802308	[1, 1, 1, 1, 1, 1, 1, 1, 1, 1, 1, 1]
	601372	578930	530560	8	M	53	A		-1	2353.3737462	[1, 1, 1, 1, 1, 1, 1, 1, 1, 1, 1, 1]
	600746	535040	454250	8	M	96	A		-1	2353.88336874	[1, 1, 1, 1, 1, 1, 1, 1, 1, 1, 1, 1]
	692240	557057	497938	8	M	74	A		-1	2355.55239306	[1, 1, 1, 1, 1, 1, 1, 1, 1, 1, 1, 1]
	657261	567330	593202	8	M	54	A		-1	2355.74530829	[1, 1, 1, 1, 1, 1, 1, 1, 1, 1, 1, 1]
	661267	593512	500048	8	M	94	A		-1	2355.79454768	[1, 1, 1, 1, 1, 1, 1, 1, 1, 1, 1, -1]
	663119	552932	526407	8	M	40	A		-1	2356.47469502	[1, 1, 1, 1, 1, 1, 1, 1, 1, 1, 1, 0]
	679237	522848	560342	8	M	100	A		-1	2356.53427488	[1, 1, 1, 1, 1, 1, 1, 1, 1, 1, 1, 0]
	639856	513853	494939	8	M	44	A		-1	2356.89378179	[1, 1, 1, 1, 1, 1, 1, 1, 1, 1, 1, 1]
	604775	575485	508618	8	M	44	A		-1	2357.37389992	[1, 1, 1, 1, 1, 1, 1, 1, 1, 1, 1, 1]
	656836	518162	589250	8	M	88	A		-1	2357.5630939	[1, 1, 1, 1, 1, 1, 1, 1, 1, 1, 1, 1]
	616592	546960	524786	8	M	15	A		-1	2358.00093933	[1, 1, 1, 1, 1, 1, 1, 1, 1, 1, 1, 1]
	613090	517059	511305	8	M	68	A		-1	2358.86999449	[1, 1, 1, 1, 1, 1, 1, 1, 1, 1, 1, 1]
	666895	526937	500046	8	M	61	A		-1	2359.01841245	[1, 1, 1, 1, 1, 0, 1, 1, 1, 1, 1, 1]
	689754	540962	520055	8	M	38	A		-1	2359.58939578	[1, 1, 1, 1, 1, 1, 1, 1, 1, 1, 1, 1]
	601600	577719	519989	8	M	41	A		-1	2360.96149649	[1, 1, 1, 1, 1, 1, 1, 1, 1, 1, 1, 1]
	625347	564358	500736	8	M	96	A		-1	2362.46358991	[1, 1, 1, 1, 1, 1, 1, 1, 1, 1, 1, 1]
	663044	550410	582444	8	M	1	A		-1	2362.65357177	[1, 1, 1, 1, 1, 1, 1, 1, 1, 1, 1, 1]
	629421	564076	592426	8	M	58	A		-1	2363.19925666	[1, 1, 1, 0, 1, 1, 1, 1, 1, 1, 1, 1]
	693868	496324	579732	8	M	36	A		-1	2363.39516806	[1, 1, 1, 1, 1, 1, 1, 1, 1, 1, 1, 1]
	647508	543448	507983	8	M	78	A		-1	2363.48813778	[1, 1, 1, 1, 1, 1, 1, 1, 1, 1, 1, 1]
	686957	565300	502674	8	M	21	A		-1	2363.81079225	[1, 1, 1, 1, 1, 1, 1, 1, 1, 1, 1, 1]
	641291	496651	487676	8	M	4	A		-1	2364.79915659	[1, 1, 0, 1, 1, 1, 1, 1, 1, 1, 1, 1]
	619480	504505	539332	8	M	25	A		-1	2366.24273502	[1, 1, 1, 1, 1, 1, 1, 1, 1, 1, 1, 1]
	656061	569468	592461	8	M	76	A		-1	2367.37586297	[1, 1, 1, 1, 1, 1, 1, 1, 1, 1, 1, 1]
	644596	564358	480848	8	M	92	A		-1	2368.06094796	[1, 1, 1, 1, 1, 1, 1, 1, 1, 1, 1, 1]
	606549	526732	536456	8	M	6	A		-1	2369.10114858	[1, 1, 1, 1, 1, 1, 1, 1, 1, 1, 1, 1]
	675284	506486	463158	8	M	99	A		-1	2369.48177993	[1, 1, 1, 1, 1, 1, 1, 1, 1, 1, 1, 1]
	625126	514884	497308	8	M	27	A		-1	2369.7758275	[1, 1, 1, 1, 1, 1, 1, 1, 1, 1, 1, 1]
	681555	445463	558914	8	M	26	A		-1	2369.9719868	[1, 1, 1, 1, 1, 1, 1, 1, 1, 1, 1, 1]
	516420	445352	431422	7	M	68	A		-1	2371.00784714	[1, 1, 1, 1, 1, 1, 1, 1, 1, 1, 1, 1]
	607186	565035	566730	8	M	30	A		-1	2371.02214974	[1, 1, 1, 0, 1, 1, 1, 1, 1, 1, 1, 1]
	660203	535983	576033	8	M	49	A		-1	2372.57596401	[1, 1, 0, 0, 1, 1, 1, 1, 1, 1, 1, 1]
	689212	551477	505156	8	M	4	A		-1	2372.65171487	[1, 1, 1, 1, 1, 1, 1, 1, 1, 1, 1, 1]
	625776	569038	521104	8	M	50	A		-1	2373.09148294	[1, 1, 1, 1, 1, 1, 1, 1, 1, 1, 1, 1]
	608321	591119	384695	8	M	50	A		-1	2373.51711315	[1, 0, 1, 1, 1, 1, 1, 1, 1, 1, 0, 1]
	600057	587281	539853	8	M	95	A		-1	2373.62560295	[1, 1, 1, 1, 1, 1, 1, 1, 1, 1, 1, 1]
	645945	576242	561703	8	M	14	A		-1	2374.15382534	[1, 1, 1, 1, 1, 1, 1, 1, 1, 1, 1, 1]
	690945	522080	550978	8	M	30	A		-1	2375.32832777	[1, 1, 1, 1, 1, 1, 1, 1, 1, 1, 1, 1]
	600048	535040	586392	8	M	23	A		-1	2375.59084983	[1, 1, 1, 1, 1, 1, 1, 1, 1, 1, 1, 1]
	687017	560124	503888	8	M	39	A		-1	2375.89408616	[1, 1, 1, 1, 1, 1, 1, 1, 1, 1, 1, 1]
	675988	515943	404234	8	M	57	A		-1	2376.13685262	[1, 1, 1, 1, 1, 1, 1, 1, 1, 1, 1, 1]
	663401	445352	500799	8	M	85	A		-1	2377.18145427	[1, 1, 1, 1, 1, 1, 1, 1, 1, 1, 1, 1]
	632796	541541	584569	8	M	75	A		-1	2377.82655006	[1, 1, 1, 1, 1, 1, 1, 0, 1, 1, 1, 1]
	629712	519472	527315	8	M	34	A		-1	2378.84847389	[1, 1, 1, 1, 1, 1, 1, 1, 1, 1, 1, 1]
	652322	511343	502369	8	M	18	A		-1	2380.23529742	[1, 1, 1, 0, 1, 1, 1, 1, 1, 1, 1, 1]
	569468	453903	327003	7	M	19	A		-1	2381.32949381	[1, 1, 1, 1, 1, 1, 1, 1, 1, 1, 1, 0]
	642633	563962	562723	8	M	17	A		-1	2381.43926713	[1, 1, 1, 1, 1, 1, 1, 1, 1, 1, 1, 1]
	651897	573750	565865	8	M	3	A		-1	2381.80916162	[1, 1, 1, 1, 1, 1, 1, 1, 1, 1, 1, 1]
	635777	553111	514524	8	M	93	A		-1	2382.51847874	[1, 1, 1, 1, 1, 1, 1, 1, 1, 1, 1, 1]
	639016	516438	528011	8	M	35	A		-1	2382.66405174	[1, 1, 1, 1, 1, 1, 1, 1, 1, 1, 1, 1]
	558346	441955	420217	7	M	46	A		-1	2382.71457298	[1, 1, 1, 1, 1, 1, 1, 1, 1, 1, 1, 1]
	614039	559520	585587	8	M	31	A		-1	2382.72101101	[1, 1, 1, 1, 1, 1, 1, 1, 1, 1, 1, 1]
	662219	551985	496476	8	M	97	A		-1	2383.4299773	[1, 1, 1, 1, 1, 1, 1, 1, 1, 1, 1, 1]
	665271	541389	503725	8	M	57	A		-1	2383.95352312	[1, 1, 1, 1, 1, 1, 1, 1, 1, 1, 1, 1]
	617853	445463	456715	8	M	3	A		-1	2383.99250293	[1, 1, 1, 0, 1, 1, 1, 1, 1, 1, 1, 1]
	647196	542464	593593	8	M	56	A		-1	2383.99317677	[1, 1, 1, 1, 1, 1, 1, 1, 1, 1, 1, 1]
	680687	522699	585100	8	M	94	A		-1	2385.92740485	[1, 1, 1, 1, 1, 1, 1, 1, 1, 1, 1, 1]
	622057	584409	431538	8	M	45	A		-1	2386.16513043	[1, 1, 1, 1, 1, 1, 1, 1, 1, 1, 1, 1]
	653968	531382	543533	8	M	68	A		-1	2386.38473546	[1, 1, 1, 1, 1, 1, 1, 1, 1, 1, 1, 1]
	617256	555299	585781	8	M	88	A		-1	2386.48152302	[1, 1, 1, 1, 1, 1, 1, 1, 1, 1, 1, 1]
	659590	530308	505067	8	M	53	A		-1	2387.02879237	[1, 1, 0, 1, 1, 1, 1, 1, 1, 1, 1, 1]
	682525	563962	576738	8	M	30	A		-1	2387.31832277	[1, 1, 1, 0, 1, 1, 1, 1, 1, 1, 1, 1]
	693167	564094	515257	8	M	22	A		-1	2388.72554802	[1, 1, 1, 1, 1, 1, 1, 1, 1, 1, 1, 1]
	565035	440969	449169	7	M	60	A		-1	2390.42180533	[1, 1, 1, 0, 1, 1, 1, 1, 1, 1, 1, 1]
	672009	541870	435043	8	M	90	A		-1	2390.731888	[1, 1, 1, 1, 1, 1, 1, 1, 1, 1, 1, 1]
	661130	538167	537085	8	M	38	A		-1	2391.31633713	[1, 1, 1, 0, 1, 1, 1, 1, 1, 1, 1, 1]
	609514	499551	542780	8	M	35	A		-1	2393.08112763	[1, 1, 1, 1, 1, 1, 1, 1, 1, 1, 1, 0]
	603959	503349	461287	8	M	13	A		-1	2393.16422529	[1, 1, 1, 1, 1, 1, 1, 1, 1, 1, 1, 1]
	652725	567309	533901	8	M	89	A		-1	2394.25763277	[1, 1, 1, 1, 1, 0, 1, 1, 1, 1, 1, 1]
	622612	557457	528609	8	M	62	A		-1	2394.94687388	[1, 1, 1, 0, 1, 1, 1, 1, 1, 1, 1, 1]
	615756	535983	423835	8	M	91	A		-1	2394.94930556	[1, 1, 1, 1, 1, 1, 1, 1, 1, 1, 1, 1]
	675362	567418	580325	8	M	77	A		-1	2395.17269573	[1, 1, 1, 1, 1, 1, 0, 1, 1, 1, 1, 1]
	530308	476147	396276	7	M	73	A		-1	2395.2134304	[1, 1, 0, 1, 1, 1, 1, 1, 1, 1, 1, 0]
	620444	558346	550721	8	M	19	A		-1	2396.00441729	[1, 1, 1, 1, 1, 1, 1, 1, 1, 1, 1, 1]
	691901	519472	508711	8	M	46	A		-1	2396.08238934	[1, 1, 1, 1, 1, 1, 1, 1, 1, 1, 1, 0]
	655002	550410	515692	8	M	57	A		-1	2398.32085683	[1, 1, 1, 1, 1, 1, 1, 1, 1, 1, 1, 1]
	667572	541541	549879	8	M	98	A		-1	2398.62014773	[1, 1, 1, 1, 1, 1, 1, 1, 1, 1, 1, 1]
	607088	532000	594296	8	M	27	A		-1	2399.4822948	[1, 1, 1, 1, 1, 1, 1, 1, 1, 1, 1, 1]
	670867	414147	519769	8	M	54	A		-1	2399.49284298	[1, 1, 1, 0, 1, 1, 1, 1, 1, 1, 1, 1]
	535983	467990	481250	7	M	60	A		-1	2400.14131822	[1, 1, 1, 0, 1, 1, 1, 1, 1, 1, 1, 1]
	620691	541870	408972	8	M	90	A		-1	2401.40455889	[1, 1, 0, 1, 1, 1, 1, 1, 1, 1, 1, 1]
	642125	560124	559185	8	M	3	A		-1	2402.30550061	[1, 1, 1, 1, 1, 1, 1, 1, 1, 1, 1, 1]
	691591	557202	551114	8	M	47	A		-1	2402.4145771	[1, 1, 1, 1, 1, 1, 1, 1, 1, 1, 1, 1]
	501503	422127	402961	7	M	77	A		-1	2405.30799013	[1, 1, 1, 1, 1, 1, 1, 1, 1, 1, 1, 1]
	617314	558743	361591	8	M	86	A		-1	2407.30900945	[1, 1, 1, 1, 1, 1, 1, 1, 1, 1, 1, 1]
	670589	557057	554258	8	M	59	A		-1	2407.55011051	[1, 1, 1, 1, 1, 1, 1, 1, 1, 1, 1, 1]
	636797	495461	497306	8	M	35	A		-1	2408.74191117	[1, 1, 1, 1, 1, 1, 1, 1, 1, 1, 1, 0]
	694362	592257	530893	8	M	26	A		-1	2409.00940425	[1, 1, 1, 1, 1, 1, 1, 1, 1, 1, 1, 1]
	684551	510961	564611	8	M	5	A		-1	2409.12578036	[1, 1, 1, 1, 1, 1, 1, 1, 1, 1, 1, 1]
	618968	546443	537736	8	M	35	A		-1	2410.90597165	[1, 1, 1, 0, 1, 1, 1, 1, 1, 1, 1, 1]
	648480	586383	501890	8	M	23	A		-1	2414.05047238	[0, 1, 1, 1, 1, 1, 1, 1, 1, 1, 1, 1]
	690629	541541	558691	8	M	19	A		-1	2419.39819197	[1, 1, 1, 1, 1, 1, 1, 1, 1, 1, 1, 1]
	615987	578930	544056	8	M	62	A		-1	2420.11845556	[1, 1, 1, 1, 1, 1, 1, 1, 1, 1, 1, 1]
	616256	510500	568662	8	M	15	A		-1	2423.56169667	[1, 1, 1, 0, 1, 1, 1, 1, 1, 1, 1, 1]
	665872	536061	502885	8	M	25	A		-1	2423.63350553	[1, 1, 1, 1, 1, 1, 1, 1, 1, 1, 1, 0]
	680314	552932	574823	8	M	5	A		-1	2428.06883574	[1, 1, 1, 1, 1, 1, 1, 1, 1, 1, 1, 1]
	662430	497957	514554	8	M	49	A		-1	2428.45939952	[1, 1, 1, 1, 1, 1, 1, 1, 1, 1, 1, 1]
	654344	407817	577598	8	M	59	A		-1	2429.65605941	[1, 1, 1, 1, 1, 1, 1, 1, 1, 1, 1, 1]
	677104	571812	517478	8	M	56	A		-1	2430.31294226	[1, 1, 1, 1, 1, 1, 1, 1, 1, 1, 1, 1]
	638695	539018	542401	8	M	19	A		-1	2433.35624382	[1, 1, 1, 1, 1, 1, 1, 1, 1, 1, 1, 1]
	522080	456982	409326	7	M	91	A		-1	2433.75121252	[1, 1, 1, 1, 1, 1, 1, 1, 1, 1, 1, 1]
	601987	511433	583673	8	M	91	A		-1	2433.8931199	[1, 1, 1, 1, 1, 1, 1, 1, 1, 1, 1, 1]
	595304	517681	532166	8	M	33	A		-1	2434.69287221	[1, 1, 1, 1, 1, 1, 1, 1, 1, 1, 1, 0]
	668311	543448	584066	8	M	60	A		-1	2436.22841765	[1, 1, 1, 1, 1, 1, 1, 1, 1, 1, 1, 1]
	639544	540697	506074	8	M	0	A		-1	2437.42477895	[1, 1, 1, 1, 1, 1, 1, 1, 1, 1, 1, 1]
	687349	546142	573108	8	M	51	A		-1	2439.11585351	[1, 1, 1, 1, 1, 1, 1, 1, 1, 1, 1, 0]
	541541	477667	489795	7	M	6	A		-1	2441.10652277	[1, 1, 1, 1, 1, 1, 1, 1, 1, 1, 1, 1]
	687706	505621	420653	8	M	19	A		-1	2443.01897165	[1, 1, 1, 1, 1, 1, 1, 1, 1, 1, 1, 1]
	656084	538961	499359	8	M	99	A		-1	2443.37525151	[1, 1, 1, 1, 1, 1, 1, 1, 1, 1, 1, 1]
	629143	548836	594122	8	M	30	A		-1	2444.21648521	[1, 1, 1, 1, 1, 1, 1, 1, 1, 1, 1, 1]
	665698	517681	515156	8	M	17	A		-1	2444.41909674	[1, 1, 1, 1, 1, 1, 1, 1, 1, 1, 1, 1]
	649836	566781	543444	8	M	7	A		-1	2444.68247814	[1, 1, 1, 1, 1, 1, 1, 1, 1, 1, 1, 0]
	655300	536944	541232	8	M	3	A		-1	2444.83428634	[1, 1, 1, 1, 1, 1, 1, 1, 1, 1, 1, 0]
	613091	512759	537084	8	M	96	A		-1	2445.60030266	[1, 1, 1, 1, 1, 1, 1, 1, 1, 1, 1, 1]
	692873	519920	566622	8	M	46	A		-1	2445.82187479	[1, 1, 1, 1, 1, 1, 1, 1, 1, 1, 1, 0]
	670762	582651	521687	8	M	41	A		-1	2447.35656672	[1, 1, 1, 1, 1, 1, 1, 1, 1, 1, 1, 1]
	688597	549235	575382	8	M	72	A		-1	2448.29855678	[1, 1, 1, 1, 1, 1, 1, 1, 1, 1, 1, 1]
	660751	517902	531585	8	M	78	A		-1	2449.94536919	[1, 1, 1, 1, 1, 1, 1, 1, 1, 1, 1, 1]
	651732	516601	593033	8	M	83	A		-1	2450.28519821	[1, 1, 1, 1, 1, 1, 1, 1, 1, 1, 1, 1]
	660282	529885	512863	8	M	11	A		-1	2452.05609668	[1, 1, 1, 1, 1, 1, 1, 1, 1, 1, 1, 1]
	679882	519066	553422	8	M	41	A		-1	2453.5103916	[1, 1, 1, 1, 1, 1, 1, 1, 1, 1, 1, 1]
	676159	542455	587906	8	M	13	A		-1	2456.50974167	[1, 1, 1, 1, 1, 1, 1, 1, 1, 1, 1, 1]
	681712	564358	428361	8	M	74	A		-1	2456.70010294	[1, 1, 1, 1, 1, 1, 1, 1, 1, 1, 1, 1]
	613933	576409	559452	8	M	51	A		-1	2458.14299711	[1, 1, 1, 1, 1, 1, 1, 1, 1, 1, 1, 1]
	672617	569468	553857	8	M	86	A		-1	2458.30993777	[1, 1, 1, 1, 1, 1, 1, 1, 1, 1, 1, 0]
	675322	543448	468664	8	M	54	A		-1	2458.33867549	[0, 1, 1, 0, 1, 1, 1, 1, 1, 1, 1, 0]
	623033	592257	419810	8	M	94	A		-1	2459.43170655	[1, 1, 1, 1, 1, 1, 1, 1, 1, 1, 1, 1]
	650236	576242	254906	8	M	10	A		-1	2459.94463061	[1, 1, 1, 1, 1, 1, 1, 1, 1, 1, 1, 1]
	648182	503349	561215	8	M	67	A		-1	2464.76183161	[1, 1, 1, 1, 1, 1, 1, 1, 1, 1, 1, 1]
	620182	526307	435015	8	M	51	A		-1	2465.51405735	[1, 1, 1, 1, 1, 1, 1, 1, 1, 1, 1, 0]
	655809	541345	526137	8	M	74	A		-1	2466.69935473	[1, 1, 1, 1, 1, 1, 1, 1, 1, 1, 1, 1]
	673358	554162	545726	8	M	78	A		-1	2467.67599733	[1, 1, 1, 1, 1, 1, 1, 1, 1, 1, 1, 1]
	625915	560501	439400	8	M	74	A		-1	2470.38248542	[1, 1, 1, 1, 1, 1, 1, 1, 1, 1, 1, 0]
	657235	544634	513498	8	M	69	A		-1	2473.14671248	[1, 1, 1, 1, 1, 1, 1, 1, 1, 1, 1, 1]
	673121	502729	394805	8	M	78	A		-1	2473.33843661	[1, 1, 1, 1, 1, 1, 1, 1, 1, 1, 0, 1]
	664989	516420	475067	8	M	27	A		-1	2473.47280047	[1, 1, 1, 1, 1, 1, 1, 1, 1, 1, 1, 0]
	644194	594315	512909	8	M	4	A		-1	2474.52494986	[1, 1, 1, 1, 1, 1, 1, 1, 1, 1, 0, 1]
	693719	517929	586317	8	M	95	A		-1	2480.4751534	[1, 1, 1, 1, 1, 1, 1, 1, 1, 1, 1, 1]
	591119	441282	443436	7	M	49	A		-1	2481.33983186	[1, 1, 1, 1, 1, 1, 1, 1, 1, 1, 0, 1]
	643377	551884	582080	8	M	92	A		-1	2487.38958026	[1, 1, 1, 0, 1, 1, 1, 1, 1, 1, 1, 1]
	661257	502513	458571	8	M	74	A		-1	2490.43203671	[1, 1, 1, 1, 1, 1, 1, 1, 1, 1, 1, 1]
	666908	500604	574780	8	M	53	A		-1	2496.34469	[1, 1, 1, 1, 1, 1, 1, 1, 1, 1, 1, 1]
	677306	591041	536468	8	M	24	A		-1	2500.30078432	[1, 1, 1, 1, 1, 1, 1, 1, 1, 1, 1, 1]
	686257	535040	520322	8	M	83	A		-1	2501.12691875	[1, 1, 1, 1, 1, 1, 1, 1, 1, 1, 1, 1]
	635780	591827	514002	8	M	30	A		-1	2511.20551911	[1, 1, 1, 1, 1, 1, 1, 1, 1, 1, 1, 1]
	597428	541574	586428	8	M	46	A		-1	2511.24214172	[1, 1, 1, 1, 1, 1, 1, 1, 1, 1, 1, 1]
	645822	530275	576846	8	M	9	A		-1	2515.58533278	[1, 1, 1, 1, 1, 1, 1, 1, 1, 1, 1, 1]
	688222	590043	551872	8	M	26	A		-1	2517.81742339	[1, 1, 1, 1, 1, 1, 1, 1, 1, 1, 1, 1]
	618910	508451	574745	8	M	90	A		-1	2527.6740154	[1, 1, 1, 1, 1, 0, 1, 1, 1, 1, 1, 1]
	622146	576242	528817	8	M	35	A		-1	2545.81789135	[1, 1, 1, 1, 1, 1, 1, 1, 1, 1, 1, 1]
	609826	530308	568324	8	M	49	A		-1	2561.00695756	[1, 1, 0, 1, 1, 1, 1, 1, 1, 1, 1, 0]
	616124	532720	593526	8	M	93	A		-1	2561.77916754	[1, 1, 1, 1, 1, 1, 1, 1, 1, 1, 1, 1]
	687493	587009	576206	8	M	15	A		-1	2562.96331316	[1, 1, 1, 1, 1, 1, 1, 1, 1, 1, 1, 1]
	683493	524324	504233	8	M	48	A		-1	2564.11732097	[1, 1, 1, 1, 1, 1, 1, 1, 1, 1, 1, 1]
	657739	561915	584417	8	M	28	A		-1	2567.14533164	[1, 1, 1, 1, 1, 1, 1, 1, 1, 1, 1, 1]
	543448	468217	460537	7	M	14	A		-1	2580.55754943	[1, 1, 1, 1, 1, 1, 1, 1, 1, 1, 1, 1]
	626234	516420	538205	8	M	21	A		-1	2589.30012643	[1, 1, 1, 1, 1, 1, 1, 1, 1, 1, 1, 1]
	630077	496651	538129	8	M	37	A		-1	2590.52289441	[1, 1, 0, 1, 1, 1, 1, 1, 1, 1, 1, 1]
	617570	529885	583646	8	M	1	A		-1	2591.00631747	[1, 1, 1, 1, 1, 1, 1, 1, 1, 1, 1, 1]
	677233	583333	567873	8	M	59	A		-1	2596.84196183	[1, 1, 1, 1, 0, 1, 1, 1, 1, 1, 1, 1]
	660068	529885	551440	8	M	12	A		-1	2620.76250055	[1, 1, 1, 1, 1, 1, 1, 1, 1, 1, 1, 1]
	670889	560501	578951	8	M	16	A		-1	2658.48274802	[1, 1, 1, 1, 1, 1, 1, 1, 1, 1, 1, 0]
	612587	516294	460537	8	M	14	A		-1	2665.33845037	[1, 1, 1, 1, 1, 1, 1, 1, 1, 1, 1, 1]
	625419	561002	541727	8	M	82	A		-1	2669.54968481	[1, 1, 1, 1, 1, 1, 1, 1, 1, 1, 1, 1]
	601456	522080	438118	8	M	4	A		-1	2712.9911171	[1, 1, 1, 1, 1, 1, 1, 1, 1, 1, 1, 1]
