animal	sire	dam	born	sex	herd	status	cause	died	TBV	recessives
	47510	35112	12160	1	M	12	A		-1	611.734923862	[1, 1, 1, 1, 1, 1, 1, 1, 1, 1, 1, 1]
	46503	35112	11153	1	M	178	A		-1	611.904752494	[1, 1, 1, 1, 1, 1, 1, 1, 1, 1, 1, 1]
	36797	35350	1447	1	M	114	A		-1	611.980538825	[1, 1, 1, 1, 1, 1, 1, 1, 1, 1, 1, 1]
	35938	35350	588	1	M	72	A		-1	612.231679067	[1, 1, 1, 1, 1, 1, 1, 1, 1, 1, 1, 1]
	69818	35116	34468	1	M	189	A		-1	612.438920138	[0, 1, 0, 1, 1, 1, 1, 1, 1, 1, 1, 1]
	63192	35115	27842	1	M	19	A		-1	612.971305541	[1, 1, 0, 1, 1, 1, 1, 1, 1, 1, 1, 1]
	63431	35115	28081	1	M	26	A		-1	613.234084478	[1, 1, 1, 1, 1, 1, 1, 1, 1, 1, 1, 1]
	48956	35112	13606	1	M	12	A		-1	613.345836419	[1, 1, 1, 1, 1, 1, 1, 1, 1, 1, 1, 1]
	65724	35116	30374	1	M	161	A		-1	613.63738033	[1, 1, 1, 1, 1, 0, 1, 1, 1, 1, 1, 1]
	46510	35112	11160	1	M	129	A		-1	613.674194092	[1, 1, 1, 1, 1, 1, 1, 1, 1, 1, 1, 1]
	62901	35115	27551	1	M	38	A		-1	613.897364121	[1, 1, 1, 1, 1, 1, 1, 1, 1, 1, 1, 1]
	51139	35113	15789	1	M	114	A		-1	614.065409535	[1, 1, 1, 1, 1, 1, 1, 1, 1, 1, 1, 0]
	44446	35120	9096	1	M	91	A		-1	614.088861544	[1, 1, 1, 1, 1, 1, 1, 1, 1, 1, 1, 1]
	42981	35120	7631	1	M	124	A		-1	614.553894158	[1, 1, 1, 1, 1, 1, 1, 1, 1, 1, 1, 1]
	63752	35115	28402	1	M	59	A		-1	614.756193887	[1, 1, 1, 1, 1, 1, 1, 1, 1, 1, 1, 1]
	66877	35116	31527	1	M	1	A		-1	615.078608641	[1, 1, 1, 1, 1, 1, 1, 0, 1, 1, 1, 1]
	63208	35115	27858	1	M	198	A		-1	615.564459942	[1, 1, 0, 1, 1, 1, 1, 1, 1, 1, 1, 1]
	37328	35350	1978	1	M	139	A		-1	615.585407534	[1, 1, 1, 1, 1, 1, 1, 1, 1, 1, 1, 1]
	48192	35112	12842	1	M	119	A		-1	615.617214747	[1, 1, 1, 1, 1, 1, 1, 1, 1, 1, 1, 1]
	44458	35120	9108	1	M	17	A		-1	615.681698798	[1, 1, 1, 1, 1, 1, 1, 1, 1, 1, 1, 1]
	37152	35350	1802	1	M	123	A		-1	615.909371426	[1, 1, 1, 1, 1, 1, 1, 1, 1, 1, 1, 1]
	51747	35113	16397	1	M	42	A		-1	616.101874554	[1, 1, 1, 1, 1, 1, 1, 1, 1, 1, 1, 0]
	45436	35112	10086	1	M	188	A		-1	616.357696186	[1, 1, 1, 1, 1, 1, 1, 1, 1, 1, 1, 1]
	41264	35120	5914	1	M	23	A		-1	616.604987811	[1, 1, 1, 1, 1, 1, 1, 1, 1, 1, 1, 0]
	62122	35115	26772	1	M	109	A		-1	616.963298658	[1, 1, 1, 1, 1, 1, 1, 1, 1, 1, 1, 1]
	53416	35113	18066	1	M	69	A		-1	617.180561889	[1, 1, 1, 1, 1, 1, 1, 1, 1, 1, 1, 0]
	46318	35112	10968	1	M	152	A		-1	617.524572183	[1, 1, 0, 1, 1, 1, 1, 1, 1, 1, 1, 1]
	49723	35112	14373	1	M	184	A		-1	617.889020883	[1, 1, 1, 1, 1, 1, 1, 1, 1, 1, 1, 1]
	46243	35112	10893	1	M	3	A		-1	618.267995437	[1, 1, 1, 1, 1, 1, 1, 1, 1, 1, 1, 1]
	42420	35120	7070	1	M	81	A		-1	618.32141825	[1, 1, 1, 1, 1, 1, 1, 1, 1, 1, 1, 1]
	63532	35115	28182	1	M	129	A		-1	618.459893728	[1, 1, 1, 1, 1, 1, 1, 1, 1, 1, 1, 1]
	61320	35115	25970	1	M	149	A		-1	618.765719724	[1, 1, 1, 0, 1, 1, 1, 1, 1, 1, 1, 1]
	35289	0	0	-7	M	192	A		-1	618.866721335	[1.0, 1.0, 0.0, 1.0, 1.0, 1.0, 1.0, 1.0, 1.0, 1.0, 1.0, 1.0]
	40157	35350	4807	1	M	129	A		-1	618.894225496	[1, 1, 1, 1, 1, 1, 1, 1, 1, 1, 1, 0]
	64697	35115	29347	1	M	110	A		-1	618.945905645	[1, 1, 1, 1, 1, 1, 1, 1, 1, 1, 1, 1]
	37838	35350	2488	1	M	76	A		-1	619.252715006	[1, 1, 1, 1, 1, 1, 1, 1, 1, 1, 1, 1]
	37649	35350	2299	1	M	115	A		-1	619.740121377	[1, 1, 1, 1, 1, 1, 1, 1, 1, 1, 1, 1]
	50655	35113	15305	1	M	187	A		-1	619.760988306	[1, 1, 1, 1, 1, 1, 1, 1, 1, 1, 1, 0]
	65267	35115	29917	1	M	13	A		-1	619.971799712	[1, 1, 1, 1, 1, 1, 1, 1, 1, 1, 1, 1]
	61180	35115	25830	1	M	36	A		-1	620.278210158	[1, 1, 1, 1, 1, 1, 1, 1, 1, 1, 1, 1]
	35041	0	0	-2	M	160	A		-1	620.354522209	[1.0, 1.0, 1.0, 1.0, 1.0, 1.0, 1.0, 1.0, 1.0, 1.0, 1.0, 1.0]
	51433	35113	16083	1	M	166	A		-1	620.383425297	[1, 1, 1, 1, 1, 1, 1, 1, 1, 1, 1, 0]
	37387	35350	2037	1	M	73	A		-1	620.534954955	[1, 1, 1, 1, 1, 1, 1, 1, 1, 1, 1, 1]
	43615	35120	8265	1	M	161	A		-1	620.56542349	[1, 1, 1, 1, 1, 1, 1, 1, 1, 1, 1, 1]
	47384	35112	12034	1	M	23	A		-1	620.837002747	[1, 1, 1, 1, 1, 1, 1, 1, 1, 1, 1, 1]
	63427	35115	28077	1	M	78	A		-1	620.891402784	[1, 1, 1, 1, 1, 1, 1, 1, 1, 1, 1, 1]
	36810	35350	1460	1	M	40	A		-1	621.254796547	[1, 1, 1, 1, 1, 1, 1, 1, 1, 1, 1, 1]
	40463	35120	5113	1	M	5	A		-1	621.385633037	[1, 1, 0, 1, 1, 1, 1, 1, 1, 1, 1, 1]
	47504	35112	12154	1	M	1	A		-1	621.586009364	[1, 1, 1, 0, 1, 1, 1, 1, 1, 1, 1, 1]
	47022	35112	11672	1	M	166	A		-1	621.762422227	[1, 1, 1, 1, 1, 1, 1, 1, 1, 1, 1, 1]
	46119	35112	10769	1	M	6	A		-1	622.605597366	[1, 1, 1, 0, 1, 1, 1, 1, 1, 1, 1, 1]
	53405	35113	18055	1	M	97	A		-1	622.709131397	[1, 1, 1, 1, 1, 1, 1, 1, 1, 1, 1, 0]
	36046	35350	696	1	M	19	A		-1	623.056211229	[1, 1, 1, 1, 1, 1, 1, 1, 1, 1, 1, 1]
	38470	35350	3120	1	M	129	A		-1	623.622950626	[1, 1, 1, 1, 1, 1, 1, 1, 1, 1, 1, 1]
	46496	35112	11146	1	M	84	A		-1	623.793134181	[1, 1, 1, 1, 1, 1, 1, 1, 1, 1, 1, 1]
	36450	35350	1100	1	M	20	A		-1	624.134667249	[1, 1, 1, 1, 1, 1, 1, 1, 1, 1, 1, 1]
	63686	35115	28336	1	M	184	A		-1	624.166747679	[1, 1, 1, 1, 1, 1, 1, 1, 1, 1, 1, 1]
	48631	35112	13281	1	M	9	A		-1	624.388781734	[1, 1, 1, 1, 1, 1, 1, 1, 1, 1, 1, 1]
	62600	35115	27250	1	M	73	A		-1	624.504546972	[1, 1, 1, 1, 1, 1, 1, 1, 1, 1, 1, 1]
	65019	35115	29669	1	M	125	A		-1	624.611568759	[1, 0, 1, 1, 1, 1, 1, 1, 1, 1, 1, 1]
	68057	35116	32707	1	M	133	A		-1	624.980785211	[1, 1, 1, 1, 1, 1, 1, 0, 1, 1, 1, 1]
	48256	35112	12906	1	M	176	A		-1	625.86193706	[1, 1, 1, 1, 1, 1, 1, 1, 1, 1, 1, 1]
	63777	35115	28427	1	M	76	A		-1	625.898301648	[1, 1, 1, 1, 1, 0, 1, 1, 1, 1, 1, 1]
	39261	35350	3911	1	M	142	A		-1	625.914393331	[1, 1, 1, 1, 1, 1, 1, 1, 1, 1, 1, 1]
	42694	35120	7344	1	M	164	A		-1	626.109491527	[1, 1, 1, 1, 1, 1, 1, 1, 1, 1, 1, 1]
	53256	35113	17906	1	M	29	A		-1	626.16796276	[1, 1, 1, 1, 1, 1, 1, 1, 1, 1, 1, 1]
	66086	35116	30736	1	M	104	A		-1	626.40304657	[1, 1, 1, 1, 1, 1, 1, 1, 1, 1, 1, 1]
	60847	35115	25497	1	M	139	A		-1	626.487330225	[1, 0, 1, 1, 1, 1, 1, 1, 1, 1, 1, 1]
	36822	35350	1472	1	M	197	A		-1	627.097482491	[1, 1, 1, 1, 1, 1, 1, 1, 1, 1, 1, 1]
	38492	35350	3142	1	M	45	A		-1	627.317027911	[1, 1, 1, 1, 1, 1, 1, 1, 1, 1, 1, 1]
	48587	35112	13237	1	M	65	A		-1	627.331453209	[1, 1, 1, 1, 1, 1, 1, 1, 1, 1, 1, 1]
	40001	35350	4651	1	M	28	A		-1	627.394566664	[1, 1, 1, 1, 1, 1, 1, 1, 1, 1, 1, 1]
	39958	35350	4608	1	M	118	A		-1	627.443158104	[1, 1, 1, 1, 1, 1, 1, 1, 1, 1, 1, 1]
	53375	35113	18025	1	M	50	A		-1	627.469725864	[1, 1, 1, 1, 1, 1, 1, 1, 1, 1, 1, 0]
	47244	35112	11894	1	M	87	A		-1	627.53401853	[1, 1, 1, 1, 1, 1, 1, 1, 1, 1, 1, 1]
	63054	35115	27704	1	M	140	A		-1	627.79714513	[1, 1, 1, 1, 1, 1, 1, 0, 1, 1, 1, 1]
	63611	35115	28261	1	M	191	A		-1	628.010729619	[1, 1, 1, 1, 1, 1, 1, 1, 1, 1, 1, 1]
	35170	0	0	-5	M	10	A		-1	628.013505773	[1.0, 1.0, 0.0, 1.0, 1.0, 1.0, 1.0, 1.0, 1.0, 1.0, 1.0, 1.0]
	35336	0	0	-7	M	165	A		-1	628.023600812	[1.0, 1.0, 1.0, 1.0, 1.0, 1.0, 1.0, 1.0, 1.0, 1.0, 1.0, 0.0]
	60703	35115	25353	1	M	183	A		-1	628.286687836	[1, 1, 1, 1, 1, 1, 1, 1, 1, 1, 1, 1]
	37936	35350	2586	1	M	40	A		-1	628.289990164	[1, 1, 1, 1, 1, 1, 1, 1, 1, 1, 1, 1]
	63160	35115	27810	1	M	111	A		-1	628.367188026	[1, 1, 1, 1, 1, 1, 1, 1, 1, 1, 1, 1]
	42863	35120	7513	1	M	185	A		-1	628.475658226	[1, 1, 1, 1, 1, 1, 1, 1, 1, 1, 1, 1]
	47971	35112	12621	1	M	23	A		-1	628.58466998	[1, 1, 1, 1, 1, 1, 1, 1, 1, 1, 1, 1]
	39946	35350	4596	1	M	32	A		-1	628.804213736	[1, 1, 1, 1, 1, 1, 1, 1, 1, 1, 1, 1]
	61821	35115	26471	1	M	124	A		-1	628.834433068	[1, 1, 1, 1, 1, 1, 1, 1, 1, 1, 1, 1]
	69565	35116	34215	1	M	1	A		-1	629.416183173	[1, 1, 1, 1, 1, 1, 1, 1, 1, 1, 1, 1]
	35147	0	0	-6	M	29	A		-1	629.52916415	[1.0, 1.0, 1.0, 1.0, 1.0, 0.0, 1.0, 1.0, 1.0, 1.0, 1.0, 1.0]
	37653	35350	2303	1	M	182	A		-1	629.671698302	[1, 1, 1, 1, 1, 1, 1, 1, 1, 1, 1, 1]
	45583	35112	10233	1	M	171	A		-1	629.770364907	[1, 1, 1, 1, 1, 1, 1, 1, 1, 1, 1, 1]
	37442	35350	2092	1	M	132	A		-1	629.941304099	[1, 1, 1, 1, 1, 1, 1, 1, 1, 1, 1, 1]
	62119	35115	26769	1	M	23	A		-1	630.380898147	[1, 1, 1, 1, 1, 1, 1, 1, 1, 1, 1, 1]
	36776	35350	1426	1	M	158	A		-1	630.593017562	[1, 1, 1, 1, 1, 1, 1, 1, 1, 1, 1, 1]
	48299	35112	12949	1	M	91	A		-1	631.277314055	[1, 1, 1, 1, 1, 1, 1, 1, 1, 1, 1, 1]
	42805	35120	7455	1	M	3	A		-1	631.281373087	[1, 1, 1, 1, 1, 1, 1, 1, 1, 1, 1, 1]
	37643	35350	2293	1	M	162	A		-1	631.627378238	[1, 1, 1, 1, 1, 1, 1, 1, 1, 1, 1, 1]
	66370	35116	31020	1	M	146	A		-1	631.748040673	[1, 1, 1, 1, 1, 1, 1, 1, 1, 1, 1, 1]
	39381	35350	4031	1	M	30	A		-1	631.885561771	[1, 1, 1, 1, 1, 1, 1, 1, 1, 1, 1, 1]
	63300	35115	27950	1	M	66	A		-1	631.948812563	[1, 1, 1, 1, 1, 1, 1, 1, 1, 1, 1, 1]
	47495	35112	12145	1	M	179	A		-1	632.013959268	[1, 1, 1, 1, 1, 1, 1, 1, 1, 1, 1, 1]
	60842	35115	25492	1	M	200	A		-1	632.079691713	[1, 1, 1, 1, 1, 1, 1, 1, 1, 1, 1, 1]
	47663	35112	12313	1	M	0	A		-1	632.116627291	[1, 1, 1, 1, 1, 1, 1, 1, 1, 1, 1, 1]
	60799	35115	25449	1	M	7	A		-1	632.489822647	[1, 1, 1, 1, 1, 1, 1, 1, 1, 1, 1, 0]
	38837	35350	3487	1	M	126	A		-1	632.528948038	[1, 1, 1, 1, 1, 1, 1, 1, 1, 1, 1, 1]
	51046	35113	15696	1	M	152	A		-1	632.610713682	[1, 1, 1, 1, 1, 1, 1, 1, 1, 1, 1, 0]
	35852	35350	502	1	M	72	A		-1	632.640913245	[1, 1, 1, 1, 1, 0, 1, 1, 1, 1, 1, 1]
	67144	35116	31794	1	M	170	A		-1	632.877645363	[1, 1, 1, 1, 1, 1, 1, 1, 1, 1, 1, 1]
	66606	35116	31256	1	M	196	A		-1	633.033844498	[1, 1, 1, 1, 1, 1, 1, 1, 1, 1, 1, 1]
	47638	35112	12288	1	M	74	A		-1	633.220603817	[1, 1, 1, 1, 0, 0, 1, 1, 1, 1, 1, 1]
	62939	35115	27589	1	M	39	A		-1	633.366451944	[1, 1, 1, 1, 1, 1, 1, 0, 1, 1, 1, 1]
	65175	35115	29825	1	M	150	A		-1	633.450226794	[1, 1, 1, 1, 1, 1, 1, 1, 1, 1, 1, 1]
	42529	35120	7179	1	M	87	A		-1	633.478154386	[1, 1, 1, 1, 1, 1, 1, 1, 1, 1, 1, 1]
	55754	35114	20404	1	M	82	A		-1	633.526724412	[1, 1, 1, 1, 1, 1, 1, 1, 1, 1, 1, 1]
	47856	35112	12506	1	M	148	A		-1	634.669757076	[1, 1, 1, 1, 1, 1, 1, 1, 1, 1, 1, 1]
	50751	35113	15401	1	M	26	A		-1	635.154427665	[1, 1, 1, 1, 1, 1, 1, 1, 1, 1, 1, 1]
	39473	35350	4123	1	M	46	A		-1	635.296169083	[1, 1, 1, 1, 1, 1, 1, 1, 1, 1, 1, 1]
	64387	35115	29037	1	M	162	A		-1	635.883716751	[1, 1, 1, 1, 1, 1, 1, 1, 1, 1, 1, 1]
	64423	35115	29073	1	M	172	A		-1	636.140919107	[1, 1, 1, 1, 1, 1, 1, 1, 1, 1, 1, 1]
	53269	35113	17919	1	M	25	A		-1	636.646574706	[1, 1, 1, 1, 1, 1, 1, 1, 1, 1, 1, 1]
	64735	35115	29385	1	M	138	A		-1	637.048502214	[1, 1, 1, 1, 1, 1, 1, 1, 1, 1, 1, 1]
	43193	35120	7843	1	M	175	A		-1	637.256749188	[1, 1, 1, 1, 1, 1, 1, 1, 1, 1, 1, 1]
	46358	35112	11008	1	M	190	A		-1	637.411140328	[1, 1, 1, 1, 1, 1, 1, 1, 1, 1, 1, 1]
	60539	35115	25189	1	M	17	A		-1	637.473370233	[1, 1, 1, 1, 1, 1, 1, 1, 1, 1, 1, 1]
	45938	35112	10588	1	M	91	A		-1	637.754105459	[1, 1, 1, 1, 1, 0, 1, 1, 1, 1, 1, 1]
	39267	35350	3917	1	M	168	A		-1	637.815640511	[1, 1, 1, 1, 1, 1, 1, 1, 1, 1, 1, 1]
	47722	35112	12372	1	M	175	A		-1	638.052669134	[1, 1, 1, 1, 1, 1, 1, 1, 1, 1, 1, 1]
	46731	35112	11381	1	M	12	A		-1	638.17170254	[1, 1, 1, 1, 1, 1, 1, 1, 1, 1, 1, 1]
	40318	35350	4968	1	M	30	A		-1	638.289197883	[1, 1, 1, 1, 1, 1, 1, 0, 1, 1, 1, 1]
	45985	35112	10635	1	M	3	A		-1	638.943018044	[1, 1, 1, 1, 1, 1, 1, 1, 1, 1, 1, 1]
	46736	35112	11386	1	M	51	A		-1	639.069940441	[1, 1, 1, 1, 1, 0, 1, 1, 1, 1, 1, 1]
	53651	35113	18301	1	M	121	A		-1	639.267204866	[1, 1, 1, 1, 1, 1, 1, 1, 1, 1, 1, 1]
	67306	35116	31956	1	M	10	A		-1	640.086403381	[1, 1, 1, 1, 1, 1, 1, 1, 1, 1, 1, 1]
	67086	35116	31736	1	M	198	A		-1	640.253172399	[1, 1, 1, 1, 1, 1, 1, 1, 1, 1, 1, 0]
	44951	35120	9601	1	M	188	A		-1	640.4323925	[1, 1, 1, 1, 1, 1, 1, 1, 1, 1, 1, 1]
	51683	35113	16333	1	M	136	A		-1	640.998319742	[1, 1, 1, 1, 1, 1, 1, 1, 1, 1, 1, 0]
	49890	35112	14540	1	M	39	A		-1	642.676836883	[1, 1, 1, 1, 1, 1, 0, 0, 1, 1, 1, 1]
	35597	35350	247	1	M	27	A		-1	643.450324153	[1, 1, 1, 1, 1, 1, 1, 1, 1, 1, 1, 1]
	36625	35350	1275	1	M	4	A		-1	643.637813933	[1, 1, 1, 1, 1, 1, 1, 1, 1, 1, 1, 1]
	44825	35120	9475	1	M	117	A		-1	643.891350077	[1, 1, 1, 1, 1, 1, 1, 1, 1, 1, 1, 1]
	46658	35112	11308	1	M	199	A		-1	644.275083555	[1, 1, 1, 1, 1, 1, 1, 1, 1, 1, 1, 1]
	62463	35115	27113	1	M	156	A		-1	644.55423348	[1, 1, 1, 1, 1, 0, 1, 1, 1, 1, 1, 1]
	64349	35115	28999	1	M	112	A		-1	644.736797835	[1, 1, 1, 1, 1, 1, 1, 1, 1, 1, 1, 1]
	63629	35115	28279	1	M	112	A		-1	644.964091708	[1, 1, 1, 1, 1, 1, 1, 1, 1, 1, 1, 0]
	49785	35112	14435	1	M	129	A		-1	645.059452791	[1, 1, 1, 1, 1, 1, 1, 1, 1, 1, 1, 1]
	60793	35115	25443	1	M	187	A		-1	645.42462907	[1, 1, 1, 1, 1, 1, 1, 1, 1, 1, 1, 1]
	47399	35112	12049	1	M	135	A		-1	645.495733364	[1, 1, 1, 1, 1, 1, 1, 1, 1, 1, 1, 1]
	39001	35350	3651	1	M	120	A		-1	645.628438548	[1, 1, 1, 1, 1, 0, 1, 1, 1, 1, 1, 1]
	44294	35120	8944	1	M	137	A		-1	646.499440094	[1, 1, 1, 1, 1, 1, 1, 1, 1, 1, 1, 1]
	37559	35350	2209	1	M	73	A		-1	646.921607472	[1, 1, 1, 1, 1, 1, 1, 1, 1, 1, 1, 1]
	49482	35112	14132	1	M	134	A		-1	647.098770728	[1, 1, 1, 1, 1, 1, 1, 1, 1, 1, 1, 1]
	50254	35112	14904	1	M	95	A		-1	647.197230774	[1, 1, 1, 1, 1, 1, 1, 1, 1, 1, 1, 1]
	69293	35116	33943	1	M	120	A		-1	647.417694563	[1, 1, 1, 1, 1, 1, 1, 1, 1, 1, 1, 1]
	61599	35115	26249	1	M	143	A		-1	647.511779956	[1, 1, 1, 1, 1, 1, 1, 1, 1, 1, 1, 1]
	47221	35112	11871	1	M	169	A		-1	648.672591137	[1, 1, 1, 1, 1, 1, 1, 1, 1, 1, 1, 0]
	64068	35115	28718	1	M	59	A		-1	648.952360351	[1, 1, 1, 1, 1, 1, 1, 1, 1, 1, 1, 1]
	37330	35350	1980	1	M	97	A		-1	649.130535874	[1, 1, 1, 1, 1, 1, 1, 1, 1, 1, 1, 1]
	62083	35115	26733	1	M	93	A		-1	649.446082646	[1, 1, 1, 1, 1, 1, 1, 1, 1, 1, 1, 1]
	36362	35350	1012	1	M	35	A		-1	649.507873324	[1, 1, 1, 1, 1, 1, 1, 1, 1, 1, 1, 1]
	62443	35115	27093	1	M	177	A		-1	650.454460887	[1, 1, 1, 1, 1, 1, 1, 1, 1, 1, 1, 1]
	41869	35120	6519	1	M	36	A		-1	650.833559724	[1, 1, 1, 1, 1, 1, 1, 1, 1, 1, 1, 0]
	45430	35112	10080	1	M	15	A		-1	651.393481702	[1, 1, 1, 1, 1, 1, 1, 1, 1, 1, 1, 1]
	37597	35350	2247	1	M	141	A		-1	651.471749456	[1, 1, 1, 1, 1, 1, 1, 1, 1, 1, 1, 1]
	35271	0	0	-2	M	101	A		-1	651.685257545	[1.0, 0.0, 1.0, 1.0, 1.0, 1.0, 1.0, 1.0, 1.0, 1.0, 0.0, 1.0]
	67885	35116	32535	1	M	145	A		-1	652.167089045	[1, 1, 1, 1, 1, 1, 1, 1, 1, 1, 1, 1]
	62485	35115	27135	1	M	36	A		-1	652.199233096	[0, 1, 1, 1, 1, 1, 1, 1, 1, 1, 1, 1]
	48226	35112	12876	1	M	193	A		-1	652.20900818	[1, 1, 1, 1, 1, 1, 1, 1, 1, 1, 1, 1]
	61532	35115	26182	1	M	60	A		-1	652.594055344	[1, 1, 1, 1, 1, 1, 1, 1, 1, 1, 1, 1]
	64404	35115	29054	1	M	26	A		-1	653.079432534	[1, 1, 1, 1, 1, 1, 1, 1, 1, 1, 1, 1]
	61115	35115	25765	1	M	195	A		-1	653.23155119	[1, 1, 1, 1, 1, 1, 1, 1, 1, 1, 1, 1]
	64568	35115	29218	1	M	72	A		-1	653.62617663	[1, 1, 0, 1, 1, 1, 1, 1, 1, 1, 1, 1]
	48550	35112	13200	1	M	133	A		-1	653.662021422	[1, 0, 1, 1, 1, 1, 1, 1, 1, 1, 1, 1]
	37892	35350	2542	1	M	169	A		-1	653.719658081	[0, 1, 0, 1, 1, 1, 1, 1, 1, 1, 1, 1]
	39096	35350	3746	1	M	24	A		-1	653.812583002	[1, 1, 1, 1, 1, 1, 1, 1, 1, 1, 1, 1]
	56573	35114	21223	1	M	92	A		-1	654.179069173	[0, 1, 1, 1, 1, 1, 1, 1, 1, 1, 1, 1]
	69487	35116	34137	1	M	146	A		-1	654.37271308	[1, 0, 1, 1, 1, 1, 1, 1, 1, 1, 1, 1]
	37484	35350	2134	1	M	150	A		-1	654.500788412	[1, 1, 1, 1, 1, 1, 1, 1, 1, 0, 1, 1]
	35139	0	0	-8	M	108	A		-1	654.55289768	[1.0, 1.0, 1.0, 1.0, 1.0, 1.0, 1.0, 1.0, 1.0, 1.0, 1.0, 1.0]
	63821	35115	28471	1	M	8	A		-1	654.711135713	[1, 1, 1, 1, 1, 1, 1, 1, 1, 1, 1, 1]
	46757	35112	11407	1	M	49	A		-1	654.749082133	[1, 1, 1, 1, 1, 1, 1, 1, 1, 1, 1, 1]
	35300	0	0	0	M	107	A		-1	654.863851185	[1.0, 1.0, 1.0, 1.0, 1.0, 1.0, 1.0, 1.0, 1.0, 1.0, 1.0, 1.0]
	63499	35115	28149	1	M	144	A		-1	654.966407919	[1, 1, 1, 1, 1, 1, 1, 1, 1, 1, 1, 1]
	64755	35115	29405	1	M	118	A		-1	655.581390611	[1, 1, 1, 1, 1, 1, 1, 1, 1, 1, 1, 1]
	47238	35112	11888	1	M	134	A		-1	655.626830219	[1, 1, 1, 1, 1, 1, 1, 1, 1, 1, 1, 1]
	38795	35350	3445	1	M	187	A		-1	655.714089314	[1, 1, 1, 1, 1, 1, 1, 1, 1, 1, 1, 1]
	68235	35116	32885	1	M	2	A		-1	656.10344343	[1, 1, 1, 1, 1, 1, 1, 1, 1, 1, 1, 1]
	60856	35115	25506	1	M	109	A		-1	656.495611104	[1, 1, 0, 1, 1, 1, 1, 1, 1, 1, 1, 1]
	43873	35120	8523	1	M	138	A		-1	656.802710475	[1, 1, 1, 1, 1, 1, 1, 1, 1, 1, 1, 1]
	41045	35120	5695	1	M	152	A		-1	656.831898971	[1, 1, 1, 1, 1, 1, 1, 1, 1, 1, 1, 1]
	48674	35112	13324	1	M	36	A		-1	657.376397848	[1, 1, 1, 1, 1, 1, 1, 1, 1, 1, 1, 0]
	64448	35115	29098	1	M	73	A		-1	657.422226108	[1, 1, 1, 1, 1, 1, 1, 1, 1, 1, 1, 1]
	63553	35115	28203	1	M	144	A		-1	657.845080686	[1, 1, 1, 1, 1, 1, 1, 1, 1, 1, 1, 1]
	63514	35115	28164	1	M	139	A		-1	658.253271522	[1, 1, 1, 1, 1, 1, 1, 1, 1, 1, 1, 0]
	35260	0	0	-4	M	188	A		-1	658.957218523	[1.0, 1.0, 1.0, 1.0, 1.0, 1.0, 1.0, 1.0, 1.0, 1.0, 1.0, 1.0]
	36373	35350	1023	1	M	171	A		-1	659.72931094	[1, 1, 1, 0, 1, 1, 1, 1, 1, 1, 1, 1]
	65403	35116	30053	1	M	27	A		-1	659.765037898	[0, 1, 1, 1, 1, 1, 1, 1, 1, 1, 1, 1]
	46862	35112	11512	1	M	157	A		-1	659.778629922	[1, 1, 1, 1, 1, 1, 1, 1, 1, 1, 1, 1]
	38613	35350	3263	1	M	176	A		-1	659.998681115	[1, 1, 0, 1, 1, 1, 1, 1, 1, 1, 1, 1]
	57833	35114	22483	1	M	197	A		-1	660.345701775	[1, 1, 1, 1, 1, 1, 1, 1, 1, 1, 1, 1]
	62418	35115	27068	1	M	62	A		-1	660.414959836	[1, 1, 1, 1, 1, 1, 1, 1, 1, 1, 1, 1]
	39952	35350	4602	1	M	118	A		-1	660.638374414	[1, 1, 1, 1, 1, 1, 1, 1, 1, 1, 1, 1]
	65160	35115	29810	1	M	80	A		-1	660.743494667	[1, 1, 1, 0, 1, 1, 1, 1, 1, 1, 1, 1]
	65179	35115	29829	1	M	26	A		-1	661.599762463	[1, 0, 1, 1, 1, 1, 1, 1, 1, 1, 1, 1]
	40154	35350	4804	1	M	12	A		-1	661.618095306	[1, 1, 1, 1, 1, 1, 1, 1, 1, 1, 1, 1]
	61819	35115	26469	1	M	94	A		-1	661.832215716	[1, 1, 1, 1, 1, 1, 1, 1, 1, 1, 1, 1]
	53509	35113	18159	1	M	38	A		-1	661.930091324	[1, 1, 1, 1, 1, 1, 1, 1, 1, 1, 1, 0]
	63548	35115	28198	1	M	180	A		-1	662.14678583	[1, 1, 1, 1, 1, 1, 1, 1, 1, 1, 1, 1]
	62630	35115	27280	1	M	133	A		-1	662.477846026	[1, 1, 1, 1, 1, 1, 1, 1, 1, 1, 1, 1]
	61401	35115	26051	1	M	66	A		-1	662.662199805	[1, 1, 1, 1, 1, 1, 1, 1, 1, 1, 1, 1]
	60510	35115	25160	1	M	80	A		-1	662.956908027	[1, 1, 1, 1, 1, 1, 1, 1, 1, 1, 1, 1]
	38771	35350	3421	1	M	146	A		-1	663.576953858	[1, 1, 1, 1, 1, 0, 1, 1, 1, 1, 1, 1]
	35296	0	0	-8	M	178	A		-1	663.821410214	[1.0, 1.0, 1.0, 1.0, 1.0, 1.0, 1.0, 1.0, 1.0, 1.0, 1.0, 1.0]
	37558	35350	2208	1	M	87	A		-1	665.260838154	[1, 1, 1, 1, 1, 1, 1, 1, 1, 1, 1, 1]
	35504	35350	154	1	M	198	A		-1	665.28131636	[1, 1, 1, 1, 1, 1, 1, 1, 1, 1, 1, 1]
	48503	35112	13153	1	M	62	A		-1	665.444618021	[1, 1, 1, 1, 1, 1, 1, 1, 1, 1, 1, 1]
	63318	35115	27968	1	M	142	A		-1	665.455162446	[1, 1, 1, 1, 1, 1, 1, 1, 1, 1, 1, 1]
	38282	35350	2932	1	M	52	A		-1	666.515720141	[1, 1, 1, 1, 1, 1, 1, 1, 1, 1, 1, 1]
	62001	35115	26651	1	M	37	A		-1	666.856989682	[1, 1, 1, 1, 1, 1, 1, 1, 1, 1, 1, 1]
	64627	35115	29277	1	M	96	A		-1	666.901753098	[1, 1, 1, 1, 1, 1, 1, 1, 1, 1, 1, 1]
	43013	35120	7663	1	M	15	A		-1	666.981473461	[1, 1, 1, 1, 1, 1, 1, 1, 1, 1, 1, 1]
	49345	35112	13995	1	M	49	A		-1	667.43463578	[1, 1, 1, 1, 1, 1, 1, 1, 1, 1, 1, 1]
	46569	35112	11219	1	M	26	A		-1	667.596842187	[1, 1, 1, 1, 1, 1, 1, 1, 1, 1, 1, 1]
	35198	0	0	-9	M	134	A		-1	667.667125815	[1.0, 1.0, 1.0, 1.0, 1.0, 1.0, 1.0, 1.0, 1.0, 1.0, 1.0, 0.0]
	60407	35115	25057	1	M	179	A		-1	668.104698923	[1, 1, 1, 1, 1, 1, 1, 1, 1, 1, 1, 1]
	64380	35115	29030	1	M	39	A		-1	668.208063406	[1, 1, 1, 1, 1, 1, 1, 1, 1, 1, 1, 1]
	35071	0	0	-5	M	74	A		-1	668.409807799	[1.0, 1.0, 1.0, 1.0, 1.0, 1.0, 1.0, 1.0, 1.0, 1.0, 1.0, 1.0]
	62125	35115	26775	1	M	180	A		-1	668.74662317	[1, 1, 1, 1, 1, 1, 1, 1, 1, 1, 1, 1]
	36608	35350	1258	1	M	18	A		-1	669.099589599	[1, 1, 1, 1, 1, 1, 1, 1, 1, 1, 1, 1]
	39336	35350	3986	1	M	18	A		-1	669.256515213	[1, 1, 0, 1, 1, 1, 1, 1, 1, 1, 1, 0]
	35877	35350	527	1	M	62	A		-1	670.044735893	[1, 1, 1, 1, 1, 1, 1, 1, 1, 1, 1, 1]
	48723	35112	13373	1	M	27	A		-1	670.378810202	[1, 1, 1, 1, 1, 1, 1, 1, 1, 1, 1, 0]
	49293	35112	13943	1	M	46	A		-1	670.833859414	[1, 1, 1, 1, 1, 1, 1, 1, 1, 1, 0, 0]
	41797	35120	6447	1	M	152	A		-1	671.703186836	[1, 1, 1, 1, 1, 1, 1, 1, 1, 1, 1, 1]
	39708	35350	4358	1	M	7	A		-1	672.05729188	[1, 1, 1, 1, 1, 1, 1, 1, 1, 1, 1, 1]
	65376	35115	30026	1	M	110	A		-1	672.436828543	[1, 1, 1, 1, 1, 1, 1, 1, 1, 1, 1, 0]
	48029	35112	12679	1	M	137	A		-1	672.551219732	[1, 1, 1, 1, 1, 1, 1, 1, 1, 1, 1, 1]
	39629	35350	4279	1	M	187	A		-1	674.603287462	[1, 1, 1, 1, 1, 1, 1, 1, 1, 1, 1, 1]
	62660	35115	27310	1	M	83	A		-1	676.161248843	[1, 1, 1, 1, 1, 1, 1, 1, 1, 1, 1, 1]
	45507	35112	10157	1	M	37	A		-1	676.209984681	[1, 1, 1, 1, 1, 1, 1, 1, 1, 1, 1, 1]
	46625	35112	11275	1	M	87	A		-1	676.304909396	[1, 1, 1, 1, 1, 1, 1, 1, 1, 1, 1, 1]
	37139	35350	1789	1	M	114	A		-1	676.764061553	[1, 1, 1, 1, 1, 1, 1, 1, 1, 1, 1, 1]
	67635	35116	32285	1	M	154	A		-1	677.489431655	[1, 1, 1, 1, 1, 1, 1, 1, 1, 1, 1, 1]
	61562	35115	26212	1	M	191	A		-1	677.987939259	[1, 1, 1, 1, 1, 1, 1, 1, 1, 1, 1, 1]
	49302	35112	13952	1	M	107	A		-1	678.658525854	[1, 1, 1, 1, 1, 1, 1, 1, 1, 1, 1, 1]
	35600	35350	250	1	M	197	A		-1	679.948682406	[1, 1, 1, 1, 1, 1, 1, 1, 1, 1, 1, 1]
	45553	35112	10203	1	M	129	A		-1	680.22126843	[1, 1, 1, 1, 1, 1, 1, 1, 1, 1, 1, 1]
	61754	35115	26404	1	M	69	A		-1	680.686617225	[1, 1, 1, 1, 1, 1, 1, 1, 1, 1, 1, 0]
	35483	35350	133	1	M	186	A		-1	680.766876465	[1, 1, 1, 1, 1, 1, 1, 1, 1, 1, 1, 1]
	35695	35350	345	1	M	100	A		-1	681.52563104	[1, 1, 1, 1, 1, 1, 1, 1, 1, 1, 1, 1]
	64688	35115	29338	1	M	67	A		-1	681.907557055	[1, 1, 1, 1, 1, 1, 1, 1, 1, 1, 1, 1]
	47020	35112	11670	1	M	22	A		-1	681.937167347	[1, 1, 1, 1, 1, 1, 1, 1, 1, 1, 1, 1]
	50127	35112	14777	1	M	92	A		-1	682.516656065	[1, 1, 1, 1, 1, 1, 1, 1, 1, 1, 1, 1]
	64200	35115	28850	1	M	101	A		-1	682.648956476	[1, 1, 1, 1, 1, 1, 1, 1, 1, 1, 1, 1]
	60436	35115	25086	1	M	63	A		-1	682.726472691	[1, 1, 1, 1, 1, 1, 1, 1, 1, 1, 1, 1]
	60564	35115	25214	1	M	35	A		-1	682.937388325	[1, 1, 1, 1, 1, 1, 1, 1, 1, 1, 1, 1]
	39530	35350	4180	1	M	196	A		-1	683.151626053	[1, 1, 1, 1, 1, 1, 1, 1, 1, 1, 1, 1]
	63556	35115	28206	1	M	35	A		-1	683.671854849	[1, 1, 1, 1, 1, 1, 1, 1, 1, 1, 1, 1]
	68967	35116	33617	1	M	77	A		-1	684.078394865	[1, 1, 1, 1, 1, 1, 1, 1, 1, 1, 1, 1]
	66122	35116	30772	1	M	0	A		-1	684.226045904	[1, 1, 1, 1, 1, 1, 1, 1, 1, 1, 1, 1]
	36675	35350	1325	1	M	66	A		-1	684.872749266	[1, 1, 1, 1, 1, 1, 1, 1, 1, 1, 1, 1]
	67296	35116	31946	1	M	98	A		-1	685.00912269	[1, 1, 1, 1, 1, 1, 1, 1, 1, 1, 1, 1]
	50770	35113	15420	1	M	21	A		-1	685.025971797	[1, 1, 1, 1, 1, 1, 1, 1, 1, 1, 1, 1]
	35366	35350	16	1	M	187	A		-1	685.733742142	[1, 1, 1, 1, 1, 1, 1, 1, 1, 1, 1, 1]
	36950	35350	1600	1	M	28	A		-1	685.754717999	[1, 1, 1, 1, 1, 1, 1, 1, 1, 1, 1, 0]
	63383	35115	28033	1	M	145	A		-1	685.77022235	[0, 1, 1, 1, 1, 1, 1, 1, 1, 1, 1, 1]
	59014	35114	23664	1	M	118	A		-1	687.020878802	[1, 1, 1, 1, 1, 1, 1, 1, 1, 1, 1, 1]
	49280	35112	13930	1	M	85	A		-1	687.366886388	[1, 1, 1, 1, 1, 1, 1, 1, 1, 1, 1, 1]
	67401	35116	32051	1	M	152	A		-1	687.989382545	[1, 1, 1, 1, 1, 1, 1, 1, 1, 1, 1, 1]
	43843	35120	8493	1	M	151	A		-1	688.404225408	[1, 1, 1, 0, 1, 1, 1, 1, 1, 1, 1, 1]
	39331	35350	3981	1	M	77	A		-1	690.088848177	[1, 1, 1, 1, 1, 1, 1, 1, 1, 1, 1, 1]
	64542	35115	29192	1	M	30	A		-1	690.256921876	[1, 1, 1, 0, 1, 1, 1, 1, 1, 1, 1, 0]
	46881	35112	11531	1	M	51	A		-1	690.392669013	[1, 1, 1, 1, 1, 1, 1, 1, 1, 1, 1, 1]
	46778	35112	11428	1	M	95	A		-1	690.720293481	[1, 1, 1, 1, 1, 1, 1, 1, 1, 1, 1, 1]
	57045	35114	21695	1	M	22	A		-1	690.832818135	[1, 1, 0, 1, 1, 1, 1, 1, 1, 1, 1, 1]
	36001	35350	651	1	M	69	A		-1	691.125169277	[1, 1, 1, 1, 1, 1, 1, 1, 1, 1, 1, 1]
	39264	35350	3914	1	M	93	A		-1	691.77858971	[1, 1, 1, 1, 1, 1, 1, 1, 1, 1, 1, 1]
	37193	35350	1843	1	M	148	A		-1	691.851778289	[1, 1, 1, 1, 1, 1, 1, 1, 1, 1, 1, 1]
	47149	35112	11799	1	M	131	A		-1	692.302485683	[1, 1, 1, 1, 1, 1, 1, 1, 1, 1, 1, 1]
	49848	35112	14498	1	M	191	A		-1	692.654353071	[1, 1, 1, 1, 1, 1, 1, 1, 1, 1, 1, 1]
	47505	35112	12155	1	M	44	A		-1	692.848865088	[1, 1, 1, 1, 1, 1, 1, 1, 1, 1, 1, 1]
	69982	35116	34632	1	M	76	A		-1	693.304784544	[1, 1, 1, 1, 1, 1, 1, 1, 1, 1, 1, 1]
	64863	35115	29513	1	M	102	A		-1	693.725512103	[1, 1, 1, 1, 1, 1, 1, 1, 1, 1, 1, 1]
	47226	35112	11876	1	M	166	A		-1	694.004609546	[1, 1, 1, 1, 1, 1, 0, 1, 1, 1, 1, 0]
	38070	35350	2720	1	M	66	A		-1	694.039756929	[1, 1, 1, 0, 1, 1, 1, 1, 1, 1, 1, 1]
	61204	35115	25854	1	M	172	A		-1	694.15530004	[1, 1, 1, 1, 1, 1, 1, 1, 1, 1, 1, 1]
	65372	35115	30022	1	M	175	A		-1	694.161799193	[1, 1, 1, 1, 1, 1, 1, 1, 1, 1, 1, 1]
	39004	35350	3654	1	M	3	A		-1	694.226415995	[1, 1, 1, 1, 1, 0, 1, 1, 1, 1, 1, 1]
	37451	35350	2101	1	M	52	A		-1	694.713547981	[1, 1, 1, 1, 1, 1, 1, 1, 1, 1, 0, 1]
	48782	35112	13432	1	M	135	A		-1	694.821400009	[1, 1, 1, 1, 1, 1, 1, 1, 1, 1, 1, 1]
	42349	35120	6999	1	M	199	A		-1	694.858347493	[1, 1, 1, 0, 1, 1, 1, 1, 1, 1, 1, 1]
	41718	35120	6368	1	M	198	A		-1	695.6755811	[1, 1, 1, 1, 1, 1, 1, 1, 1, 1, 1, 1]
	61993	35115	26643	1	M	104	A		-1	696.060032843	[1, 1, 1, 1, 1, 1, 1, 1, 1, 1, 1, 1]
	49704	35112	14354	1	M	69	A		-1	697.201702198	[1, 1, 1, 1, 1, 1, 1, 1, 1, 1, 1, 0]
	69167	35116	33817	1	M	169	A		-1	697.820753773	[1, 1, 1, 1, 1, 1, 1, 1, 1, 1, 1, 1]
	64975	35115	29625	1	M	33	A		-1	697.850352282	[1, 1, 1, 1, 1, 1, 1, 1, 1, 1, 1, 1]
	46466	35112	11116	1	M	149	A		-1	698.209900308	[1, 1, 1, 1, 1, 1, 1, 1, 1, 1, 1, 1]
	42391	35120	7041	1	M	172	A		-1	698.931939163	[1, 1, 1, 1, 1, 1, 1, 1, 1, 1, 1, 1]
	66553	35116	31203	1	M	1	A		-1	699.017980814	[1, 1, 1, 1, 1, 1, 1, 0, 1, 1, 1, 0]
	38557	35350	3207	1	M	93	A		-1	699.101230566	[1, 0, 1, 1, 1, 1, 1, 1, 1, 1, 1, 1]
	49643	35112	14293	1	M	0	A		-1	699.425241268	[1, 1, 1, 1, 1, 1, 1, 1, 1, 1, 1, 0]
	35128	0	0	-9	M	100	A		-1	699.729948097	[1.0, 1.0, 1.0, 1.0, 1.0, 1.0, 1.0, 0.0, 1.0, 1.0, 1.0, 1.0]
	35685	35350	335	1	M	187	A		-1	700.744160669	[1, 1, 1, 1, 1, 1, 1, 1, 1, 1, 1, 1]
	50236	35112	14886	1	M	98	A		-1	700.849909849	[1, 1, 1, 1, 1, 1, 1, 1, 1, 1, 1, 1]
	36814	35350	1464	1	M	127	A		-1	701.133606636	[1, 1, 1, 1, 1, 1, 1, 1, 1, 1, 1, 1]
	61456	35115	26106	1	M	16	A		-1	701.354588226	[1, 1, 1, 1, 1, 1, 1, 1, 1, 1, 1, 1]
	60872	35115	25522	1	M	8	A		-1	703.368174493	[1, 1, 1, 1, 1, 1, 1, 1, 1, 1, 1, 1]
	40217	35350	4867	1	M	181	A		-1	703.581608107	[1, 1, 1, 1, 1, 1, 1, 1, 1, 1, 1, 1]
	46293	35112	10943	1	M	197	A		-1	703.905199233	[1, 1, 1, 1, 1, 1, 1, 1, 1, 1, 1, 1]
	64754	35115	29404	1	M	35	A		-1	704.072698655	[1, 1, 1, 1, 1, 1, 1, 1, 1, 1, 1, 1]
	38834	35350	3484	1	M	118	A		-1	704.216171599	[1, 1, 1, 1, 1, 1, 1, 1, 1, 1, 1, 1]
	65257	35115	29907	1	M	62	A		-1	704.734739332	[1, 1, 1, 1, 1, 1, 1, 1, 1, 1, 1, 1]
	61251	35115	25901	1	M	109	A		-1	705.085604642	[1, 1, 1, 1, 1, 1, 1, 1, 1, 1, 1, 1]
	64219	35115	28869	1	M	31	A		-1	705.12332964	[1, 1, 1, 1, 1, 1, 1, 1, 1, 1, 1, 1]
	36633	35350	1283	1	M	80	A		-1	705.168159767	[1, 1, 1, 1, 1, 1, 1, 1, 1, 1, 1, 1]
	45283	35120	9933	1	M	79	A		-1	705.551286518	[1, 1, 1, 1, 1, 1, 1, 1, 1, 1, 1, 1]
	39850	35350	4500	1	M	36	A		-1	705.796609886	[1, 1, 1, 1, 1, 1, 1, 1, 1, 1, 1, 1]
	46378	35112	11028	1	M	51	A		-1	708.137199424	[1, 1, 1, 1, 1, 1, 1, 1, 1, 1, 1, 1]
	37032	35350	1682	1	M	148	A		-1	709.258561785	[1, 1, 1, 1, 1, 1, 1, 1, 1, 1, 1, 1]
	61926	35115	26576	1	M	31	A		-1	709.671155555	[1, 1, 1, 1, 1, 1, 1, 1, 1, 1, 1, 1]
	37775	35350	2425	1	M	160	A		-1	710.068830283	[1, 1, 1, 1, 1, 1, 1, 1, 1, 1, 1, 1]
	41729	35120	6379	1	M	65	A		-1	711.64094814	[1, 1, 1, 1, 1, 1, 1, 1, 1, 1, 1, 1]
	38633	35350	3283	1	M	98	A		-1	711.944686206	[1, 1, 1, 1, 1, 1, 1, 1, 1, 1, 1, 1]
	65183	35115	29833	1	M	92	A		-1	712.291742816	[1, 1, 1, 1, 1, 1, 1, 1, 1, 1, 1, 1]
	46612	35112	11262	1	M	190	A		-1	713.131056531	[1, 1, 1, 1, 1, 1, 1, 1, 1, 1, 1, 1]
	36857	35350	1507	1	M	77	A		-1	713.506204459	[1, 1, 1, 1, 1, 1, 1, 1, 1, 1, 1, 1]
	50534	35113	15184	1	M	72	A		-1	714.512005182	[1, 1, 1, 1, 1, 1, 1, 1, 1, 1, 1, 0]
	59913	35114	24563	1	M	43	A		-1	714.70477158	[1, 1, 1, 1, 1, 1, 1, 1, 1, 1, 1, 1]
	44713	35120	9363	1	M	198	A		-1	716.045130341	[1, 1, 1, 1, 1, 1, 1, 1, 1, 1, 1, 1]
	47346	35112	11996	1	M	128	A		-1	716.143848865	[1, 1, 1, 1, 1, 1, 1, 1, 1, 1, 1, 1]
	39330	35350	3980	1	M	116	A		-1	717.882047505	[1, 1, 1, 1, 1, 1, 1, 1, 1, 1, 1, 1]
	61291	35115	25941	1	M	157	A		-1	719.033409812	[1, 1, 1, 1, 1, 1, 0, 1, 1, 1, 1, 1]
	45802	35112	10452	1	M	153	A		-1	720.190415472	[1, 1, 1, 1, 1, 1, 1, 1, 1, 1, 1, 1]
	38753	35350	3403	1	M	32	A		-1	721.040761614	[1, 1, 1, 0, 1, 1, 1, 1, 1, 1, 1, 1]
	35587	35350	237	1	M	123	A		-1	721.259755287	[1, 1, 1, 1, 1, 1, 1, 1, 1, 1, 1, 0]
	62010	35115	26660	1	M	155	A		-1	722.77612031	[1, 0, 1, 1, 1, 1, 1, 1, 1, 1, 1, 1]
	49145	35112	13795	1	M	79	A		-1	722.988955344	[1, 1, 1, 1, 1, 1, 1, 1, 1, 1, 1, 1]
	63012	35115	27662	1	M	122	A		-1	723.165566511	[1, 1, 1, 1, 1, 1, 1, 1, 1, 1, 1, 1]
	64326	35115	28976	1	M	116	A		-1	724.213864417	[1, 1, 1, 1, 1, 1, 1, 1, 1, 1, 1, 1]
	61834	35115	26484	1	M	41	A		-1	724.857082148	[1, 1, 1, 1, 1, 1, 1, 1, 1, 1, 1, 1]
	64013	35115	28663	1	M	5	A		-1	725.202057591	[1, 1, 1, 1, 1, 1, 1, 1, 1, 1, 1, 1]
	37882	35350	2532	1	M	17	A		-1	726.303137153	[1, 1, 1, 1, 1, 1, 1, 1, 1, 1, 1, 1]
	58423	35114	23073	1	M	14	A		-1	726.544539089	[1, 1, 1, 1, 1, 1, 1, 1, 1, 1, 1, 1]
	38506	35350	3156	1	M	122	A		-1	726.622273306	[1, 1, 1, 1, 1, 1, 1, 1, 1, 1, 1, 1]
	46319	35112	10969	1	M	5	A		-1	726.793148853	[1, 1, 1, 1, 1, 1, 1, 1, 1, 1, 1, 1]
	69803	35116	34453	1	M	171	A		-1	727.118630762	[1, 1, 1, 1, 1, 1, 1, 1, 1, 1, 1, 1]
	36701	35350	1351	1	M	117	A		-1	727.392043881	[1, 1, 1, 1, 1, 1, 1, 1, 1, 1, 1, 1]
	45900	35112	10550	1	M	135	A		-1	728.553657268	[1, 1, 1, 1, 1, 1, 1, 1, 1, 1, 1, 1]
	65042	35115	29692	1	M	134	A		-1	729.536255091	[1, 1, 1, 1, 1, 1, 1, 1, 1, 1, 1, 1]
	49132	35112	13782	1	M	119	A		-1	730.40642419	[1, 1, 1, 1, 1, 1, 1, 1, 1, 1, 1, 0]
	62489	35115	27139	1	M	26	A		-1	730.912332579	[1, 1, 1, 1, 1, 1, 1, 1, 1, 1, 1, 1]
	62948	35115	27598	1	M	11	A		-1	732.461321707	[1, 1, 1, 1, 1, 1, 1, 1, 1, 1, 1, 1]
	35610	35350	260	1	M	149	A		-1	734.39722128	[1, 1, 1, 1, 1, 1, 1, 1, 1, 1, 1, 1]
	36018	35350	668	1	M	93	A		-1	734.918126714	[1, 1, 1, 1, 1, 1, 1, 1, 1, 1, 1, 1]
	38275	35350	2925	1	M	188	A		-1	735.405324053	[1, 1, 1, 1, 1, 1, 1, 1, 1, 1, 1, 1]
	46550	35112	11200	1	M	84	A		-1	736.557957708	[1, 1, 1, 1, 1, 1, 1, 1, 1, 1, 1, 1]
	46113	35112	10763	1	M	180	A		-1	736.674225373	[1, 1, 1, 1, 1, 1, 1, 1, 1, 1, 1, 1]
	37231	35350	1881	1	M	182	A		-1	736.903887097	[1, 1, 1, 1, 1, 1, 1, 1, 1, 1, 1, 1]
	50255	35112	14905	1	M	186	A		-1	737.281349723	[1, 1, 1, 1, 1, 1, 1, 1, 1, 1, 1, 1]
	38722	35350	3372	1	M	89	A		-1	737.618804195	[1, 1, 1, 1, 1, 1, 1, 1, 1, 1, 1, 1]
	35011	0	0	-9	M	164	A		-1	737.916912723	[0.0, 1.0, 1.0, 1.0, 1.0, 1.0, 1.0, 1.0, 1.0, 1.0, 0.0, 1.0]
	50630	35113	15280	1	M	57	A		-1	738.016616366	[1, 1, 1, 0, 1, 1, 1, 1, 1, 1, 1, 0]
	35679	35350	329	1	M	183	A		-1	738.869825522	[1, 1, 1, 1, 1, 1, 1, 1, 1, 1, 1, 1]
	61929	35115	26579	1	M	40	A		-1	739.077271892	[1, 1, 1, 1, 1, 1, 1, 1, 1, 1, 1, 1]
	39498	35350	4148	1	M	64	A		-1	739.813382325	[1, 1, 1, 1, 1, 0, 1, 1, 1, 1, 1, 1]
	37454	35350	2104	1	M	165	A		-1	741.410064894	[1, 1, 1, 1, 1, 1, 1, 1, 1, 1, 1, 1]
	41684	35120	6334	1	M	160	A		-1	741.633544119	[1, 1, 1, 1, 1, 1, 1, 1, 1, 1, 1, 1]
	53038	35113	17688	1	M	72	A		-1	742.126629949	[1, 1, 1, 1, 1, 1, 1, 1, 1, 1, 1, 0]
	50063	35112	14713	1	M	197	A		-1	742.128017798	[1, 1, 1, 1, 1, 1, 1, 1, 1, 1, 1, 1]
	62113	35115	26763	1	M	192	A		-1	742.569624609	[1, 1, 1, 1, 1, 1, 1, 1, 1, 1, 1, 1]
	47988	35112	12638	1	M	106	A		-1	742.987982587	[1, 1, 1, 1, 1, 1, 1, 1, 1, 1, 1, 0]
	43185	35120	7835	1	M	50	A		-1	743.076525683	[1, 1, 1, 1, 1, 1, 1, 1, 1, 1, 1, 1]
	37652	35350	2302	1	M	89	A		-1	743.151293203	[1, 1, 1, 1, 1, 1, 1, 1, 1, 1, 1, 1]
	40219	35350	4869	1	M	118	A		-1	744.25021375	[1, 1, 1, 1, 1, 1, 1, 1, 1, 1, 1, 1]
	68083	35116	32733	1	M	80	A		-1	744.587283905	[1, 1, 1, 0, 1, 0, 1, 1, 1, 1, 1, 1]
	44560	35120	9210	1	M	1	A		-1	747.017797019	[1, 1, 1, 1, 1, 1, 1, 1, 1, 1, 1, 1]
	37013	35350	1663	1	M	133	A		-1	748.191270439	[1, 1, 1, 1, 1, 1, 1, 1, 1, 1, 1, 1]
	40153	35350	4803	1	M	10	A		-1	750.633244966	[1, 1, 1, 1, 1, 1, 1, 1, 1, 1, 1, 1]
	63084	35115	27734	1	M	34	A		-1	751.34211847	[1, 1, 1, 1, 1, 1, 1, 1, 1, 1, 1, 1]
	48225	35112	12875	1	M	164	A		-1	751.518438165	[1, 1, 1, 1, 1, 0, 1, 1, 1, 1, 1, 1]
	50361	35112	15011	1	M	46	A		-1	752.72222928	[1, 1, 1, 1, 1, 1, 1, 1, 1, 1, 1, 1]
	37788	35350	2438	1	M	27	A		-1	753.757474986	[1, 1, 1, 1, 1, 1, 1, 1, 1, 1, 1, 1]
	64753	35115	29403	1	M	67	A		-1	755.642470122	[1, 1, 1, 1, 1, 1, 1, 1, 1, 1, 1, 1]
	36812	35350	1462	1	M	36	A		-1	755.788674717	[1, 1, 1, 1, 1, 1, 1, 1, 1, 1, 1, 1]
	35241	0	0	-9	M	72	A		-1	756.870327342	[1.0, 1.0, 1.0, 1.0, 1.0, 1.0, 1.0, 1.0, 1.0, 1.0, 1.0, 1.0]
	38956	35350	3606	1	M	140	A		-1	758.294411585	[1, 1, 1, 1, 1, 0, 1, 1, 1, 1, 1, 1]
	44214	35120	8864	1	M	134	A		-1	759.055866293	[1, 1, 1, 1, 1, 1, 1, 1, 1, 1, 1, 1]
	40081	35350	4731	1	M	193	A		-1	760.550723481	[1, 1, 1, 1, 1, 1, 1, 1, 1, 1, 1, 1]
	47470	35112	12120	1	M	156	A		-1	761.512719583	[1, 1, 1, 1, 1, 1, 1, 1, 1, 1, 1, 1]
	36115	35350	765	1	M	4	A		-1	764.507115182	[1, 1, 1, 1, 1, 1, 1, 1, 1, 1, 1, 1]
	64223	35115	28873	1	M	172	A		-1	765.169858431	[0, 1, 1, 1, 1, 1, 1, 1, 1, 1, 1, 1]
	48281	35112	12931	1	M	46	A		-1	765.337920449	[1, 1, 1, 1, 1, 1, 1, 1, 1, 1, 1, 1]
	46776	35112	11426	1	M	169	A		-1	766.315224848	[1, 1, 1, 1, 1, 1, 1, 1, 1, 1, 1, 1]
	62182	35115	26832	1	M	39	A		-1	768.286329681	[1, 1, 1, 1, 1, 1, 1, 1, 1, 1, 1, 1]
	39444	35350	4094	1	M	179	A		-1	768.75636688	[1, 1, 1, 1, 1, 1, 1, 1, 1, 1, 1, 1]
	46284	35112	10934	1	M	141	A		-1	768.911008628	[1, 1, 1, 0, 1, 1, 1, 1, 1, 1, 1, 1]
	42914	35120	7564	1	M	184	A		-1	769.025243569	[1, 1, 1, 1, 1, 1, 1, 1, 1, 1, 1, 1]
	50188	35112	14838	1	M	107	A		-1	769.823560808	[1, 1, 1, 1, 1, 1, 1, 1, 1, 1, 1, 1]
	38673	35350	3323	1	M	149	A		-1	772.156668855	[1, 1, 1, 1, 1, 1, 1, 1, 1, 1, 1, 1]
	49126	35112	13776	1	M	102	A		-1	772.731288432	[1, 1, 1, 1, 1, 1, 1, 1, 1, 1, 1, 1]
	64476	35115	29126	1	M	145	A		-1	772.985356075	[1, 1, 1, 1, 1, 1, 1, 1, 1, 1, 1, 1]
	38107	35350	2757	1	M	19	A		-1	773.648530316	[1, 1, 1, 1, 1, 1, 1, 1, 1, 1, 1, 1]
	36763	35350	1413	1	M	195	A		-1	773.751922134	[1, 1, 1, 1, 1, 1, 1, 1, 1, 1, 1, 1]
	67353	35116	32003	1	M	50	A		-1	776.96195161	[1, 1, 1, 1, 1, 1, 1, 1, 1, 1, 1, 1]
	39700	35350	4350	1	M	61	A		-1	777.701437624	[1, 1, 1, 0, 1, 1, 1, 1, 1, 1, 1, 1]
	45973	35112	10623	1	M	15	A		-1	777.751492111	[1, 1, 1, 1, 1, 1, 1, 1, 1, 1, 1, 1]
	61894	35115	26544	1	M	67	A		-1	778.456524719	[1, 1, 1, 1, 1, 1, 1, 1, 1, 1, 1, 1]
	50060	35112	14710	1	M	163	A		-1	778.479360768	[1, 1, 1, 1, 1, 1, 1, 1, 1, 1, 1, 1]
	47031	35112	11681	1	M	166	A		-1	779.342402614	[1, 1, 1, 1, 1, 1, 1, 1, 1, 1, 1, 1]
	35754	35350	404	1	M	93	A		-1	779.665238165	[1, 1, 1, 1, 1, 1, 1, 1, 1, 1, 1, 1]
	60488	35115	25138	1	M	144	A		-1	779.828038782	[1, 1, 1, 1, 1, 1, 1, 1, 1, 1, 1, 1]
	36320	35350	970	1	M	177	A		-1	779.977875626	[1, 1, 1, 1, 1, 1, 1, 1, 1, 1, 1, 1]
	36035	35350	685	1	M	15	A		-1	781.038525194	[1, 1, 1, 1, 1, 1, 1, 1, 1, 1, 1, 1]
	61036	35115	25686	1	M	198	A		-1	782.105174625	[1, 1, 1, 0, 1, 1, 1, 1, 1, 1, 1, 1]
	37626	35350	2276	1	M	95	A		-1	783.321311361	[1, 1, 1, 1, 1, 1, 1, 1, 1, 1, 1, 1]
	66885	35116	31535	1	M	13	A		-1	786.589769134	[1, 1, 1, 1, 1, 1, 1, 1, 1, 1, 1, 1]
	69614	35116	34264	1	M	59	A		-1	786.740663817	[1, 1, 1, 1, 1, 1, 1, 1, 1, 1, 1, 1]
	43527	35120	8177	1	M	157	A		-1	788.041861453	[1, 1, 1, 1, 1, 1, 1, 1, 1, 1, 1, 1]
	61510	35115	26160	1	M	12	A		-1	788.415026242	[1, 1, 1, 1, 1, 1, 1, 1, 1, 1, 1, 1]
	39640	35350	4290	1	M	10	A		-1	790.269986141	[1, 1, 1, 1, 1, 1, 1, 1, 1, 1, 1, 1]
	47587	35112	12237	1	M	178	A		-1	790.371975187	[1, 1, 1, 1, 1, 1, 1, 1, 1, 1, 1, 1]
	51321	35113	15971	1	M	169	A		-1	792.751170054	[1, 1, 1, 1, 1, 1, 1, 1, 1, 1, 1, 1]
	64600	35115	29250	1	M	21	A		-1	792.835201867	[1, 1, 1, 1, 1, 1, 1, 1, 1, 1, 1, 1]
	44872	35120	9522	1	M	112	A		-1	794.492401395	[1, 1, 1, 1, 1, 1, 1, 1, 1, 1, 1, 1]
	37421	35350	2071	1	M	70	A		-1	798.255488477	[1, 1, 1, 1, 1, 1, 1, 1, 1, 1, 1, 1]
	46011	35112	10661	1	M	105	A		-1	798.536816719	[1, 1, 1, 1, 1, 1, 1, 1, 1, 1, 1, 1]
	49393	35112	14043	1	M	111	A		-1	798.886205814	[1, 1, 1, 1, 1, 1, 1, 1, 1, 1, 1, 1]
	49910	35112	14560	1	M	92	A		-1	799.431750909	[1, 1, 1, 1, 1, 1, 1, 1, 1, 1, 1, 1]
	39448	35350	4098	1	M	150	A		-1	800.356673403	[1, 1, 1, 0, 1, 1, 1, 1, 1, 1, 1, 1]
	48916	35112	13566	1	M	54	A		-1	802.50696975	[1, 1, 1, 1, 1, 1, 1, 1, 1, 1, 1, 1]
	64540	35115	29190	1	M	193	A		-1	803.553891299	[1, 1, 1, 1, 1, 1, 1, 1, 1, 1, 1, 0]
	44369	35120	9019	1	M	134	A		-1	804.805864939	[1, 1, 1, 0, 1, 1, 1, 1, 1, 1, 1, 1]
	62998	35115	27648	1	M	193	A		-1	804.862441491	[1, 1, 1, 1, 1, 1, 1, 1, 1, 1, 1, 1]
	35315	0	0	-4	M	14	A		-1	806.25880368	[1.0, 1.0, 1.0, 1.0, 1.0, 1.0, 1.0, 1.0, 1.0, 1.0, 1.0, 1.0]
	69237	35116	33887	1	M	87	A		-1	807.774299994	[1, 1, 1, 1, 1, 1, 1, 1, 1, 1, 1, 1]
	37090	35350	1740	1	M	197	A		-1	807.819533634	[1, 1, 1, 1, 1, 1, 1, 1, 1, 1, 1, 1]
	35538	35350	188	1	M	25	A		-1	808.362872617	[1, 1, 1, 1, 1, 1, 1, 1, 1, 1, 1, 1]
	38964	35350	3614	1	M	92	A		-1	809.153196428	[1, 1, 1, 1, 1, 1, 1, 1, 1, 1, 1, 1]
	40082	35350	4732	1	M	175	A		-1	809.2678652	[1, 1, 1, 1, 1, 1, 1, 1, 1, 1, 1, 0]
	43877	35120	8527	1	M	173	A		-1	810.279384239	[1, 1, 1, 1, 1, 1, 1, 1, 1, 1, 1, 1]
	60882	35115	25532	1	M	154	A		-1	811.318856338	[1, 1, 1, 1, 1, 1, 1, 1, 1, 1, 1, 1]
	39414	35350	4064	1	M	96	A		-1	813.276479467	[1, 1, 1, 1, 1, 1, 1, 1, 1, 1, 1, 1]
	49410	35112	14060	1	M	82	A		-1	815.089715339	[1, 1, 1, 1, 1, 1, 1, 1, 1, 1, 1, 1]
	38720	35350	3370	1	M	157	A		-1	815.811761056	[0, 1, 1, 1, 1, 1, 1, 1, 1, 1, 1, 1]
	62108	35115	26758	1	M	89	A		-1	816.949323298	[1, 1, 1, 1, 1, 1, 1, 1, 1, 1, 1, 1]
	54862	35113	19512	1	M	154	A		-1	817.045344034	[1, 1, 1, 1, 1, 1, 1, 1, 1, 1, 1, 1]
	46684	35112	11334	1	M	28	A		-1	817.097623577	[0, 1, 0, 1, 1, 1, 1, 1, 1, 1, 1, 0]
	48470	35112	13120	1	M	65	A		-1	817.54414448	[1, 1, 1, 1, 1, 1, 1, 1, 1, 1, 1, 1]
	65256	35115	29906	1	M	179	A		-1	818.974991608	[1, 0, 1, 1, 1, 1, 1, 1, 1, 1, 1, 1]
	38786	35350	3436	1	M	77	A		-1	822.267508049	[1, 1, 1, 1, 1, 1, 1, 1, 1, 1, 1, 1]
	37943	35350	2593	1	M	177	A		-1	825.996361938	[1, 1, 1, 1, 1, 1, 1, 1, 1, 1, 1, 1]
	62940	35115	27590	1	M	148	A		-1	829.436559198	[1, 1, 1, 1, 1, 1, 1, 1, 1, 1, 1, 1]
	62419	35115	27069	1	M	142	A		-1	833.949661201	[1, 1, 1, 1, 1, 1, 1, 1, 1, 1, 1, 1]
	38313	35350	2963	1	M	85	A		-1	835.949051041	[0, 1, 1, 1, 1, 0, 1, 1, 1, 1, 1, 1]
	63817	35115	28467	1	M	81	A		-1	836.857201644	[1, 1, 1, 1, 1, 1, 1, 1, 1, 1, 1, 1]
	64993	35115	29643	1	M	84	A		-1	837.427869417	[1, 1, 0, 1, 1, 1, 1, 1, 1, 1, 1, 1]
	63601	35115	28251	1	M	21	A		-1	843.10096126	[1, 1, 1, 1, 1, 1, 1, 1, 1, 1, 1, 1]
	38862	35350	3512	1	M	180	A		-1	844.661297722	[1, 1, 1, 1, 1, 1, 1, 1, 1, 1, 1, 1]
	63172	35115	27822	1	M	63	A		-1	844.97783264	[1, 1, 1, 1, 1, 1, 1, 0, 1, 1, 1, 1]
	67542	35116	32192	1	M	91	A		-1	846.908746106	[1, 1, 1, 1, 1, 1, 1, 1, 1, 1, 1, 1]
	68521	35116	33171	1	M	37	A		-1	847.713022109	[1, 1, 1, 1, 1, 1, 1, 1, 1, 1, 1, 1]
	45422	35112	10072	1	M	60	A		-1	849.701519991	[1, 1, 1, 1, 1, 1, 1, 1, 1, 1, 1, 1]
	36406	35350	1056	1	M	6	A		-1	850.91081563	[1, 1, 1, 1, 1, 1, 1, 1, 1, 1, 1, 1]
	45419	35112	10069	1	M	154	A		-1	852.668753378	[1, 1, 1, 1, 1, 1, 1, 1, 1, 1, 1, 1]
	46596	35112	11246	1	M	133	A		-1	853.294600421	[1, 1, 1, 1, 1, 1, 1, 1, 1, 1, 1, 1]
	61294	35115	25944	1	M	26	A		-1	854.82852949	[1, 1, 1, 1, 1, 1, 1, 1, 1, 1, 1, 1]
	48944	35112	13594	1	M	98	A		-1	855.826708033	[1, 1, 1, 1, 1, 1, 1, 1, 1, 1, 1, 1]
	62960	35115	27610	1	M	126	A		-1	857.640395317	[1, 1, 1, 1, 1, 1, 1, 1, 1, 1, 1, 1]
	64995	35115	29645	1	M	61	A		-1	861.747085434	[1, 1, 1, 1, 1, 1, 1, 1, 1, 1, 1, 1]
	42951	35120	7601	1	M	153	A		-1	862.102948031	[1, 1, 1, 1, 1, 1, 1, 1, 1, 1, 1, 1]
	37145	35350	1795	1	M	83	A		-1	862.216079508	[1, 1, 1, 1, 1, 1, 1, 1, 1, 1, 1, 1]
	45233	35120	9883	1	M	109	A		-1	863.604723101	[1, 1, 1, 1, 1, 1, 1, 1, 1, 1, 1, 1]
	38424	35350	3074	1	M	70	A		-1	864.321795019	[1, 1, 1, 1, 1, 1, 1, 1, 1, 1, 1, 0]
	39550	35350	4200	1	M	98	A		-1	867.517166275	[1, 1, 1, 1, 1, 1, 1, 1, 1, 1, 1, 1]
	44682	35120	9332	1	M	15	A		-1	869.331040736	[1, 1, 1, 1, 1, 1, 1, 1, 1, 1, 1, 1]
	46564	35112	11214	1	M	15	A		-1	869.709274581	[1, 1, 1, 1, 1, 1, 1, 1, 1, 1, 1, 1]
	39563	35350	4213	1	M	22	A		-1	871.66667843	[1, 1, 1, 1, 1, 1, 1, 1, 1, 1, 1, 1]
	35472	35350	122	1	M	36	A		-1	878.009824745	[1, 1, 1, 1, 1, 1, 1, 1, 1, 1, 1, 1]
	37470	35350	2120	1	M	29	A		-1	878.844580711	[1, 1, 1, 1, 1, 1, 1, 1, 1, 1, 1, 1]
	62015	35115	26665	1	M	53	A		-1	886.478067009	[1, 1, 1, 1, 1, 1, 1, 1, 1, 1, 1, 1]
	35866	35350	516	1	M	144	A		-1	887.095303508	[1, 1, 1, 1, 1, 1, 1, 1, 1, 1, 1, 1]
	63707	35115	28357	1	M	30	A		-1	888.851019256	[0, 1, 1, 1, 1, 1, 1, 1, 1, 1, 1, 1]
	48657	35112	13307	1	M	133	A		-1	890.259334563	[1, 1, 1, 0, 1, 1, 1, 1, 1, 1, 1, 1]
	64611	35115	29261	1	M	60	A		-1	898.566623479	[1, 1, 1, 1, 1, 1, 1, 1, 1, 1, 1, 1]
	48219	35112	12869	1	M	148	A		-1	899.397175125	[1, 1, 1, 1, 1, 1, 1, 1, 1, 1, 1, 1]
	35540	35350	190	1	M	98	A		-1	902.128330242	[1, 1, 1, 1, 1, 1, 1, 1, 1, 1, 1, 0]
	38548	35350	3198	1	M	116	A		-1	910.100527635	[1, 1, 1, 1, 1, 1, 1, 1, 1, 1, 1, 1]
	48033	35112	12683	1	M	78	A		-1	910.820550101	[1, 1, 1, 1, 1, 1, 1, 1, 1, 1, 1, 1]
	63331	35115	27981	1	M	31	A		-1	921.612638934	[1, 1, 1, 1, 1, 1, 1, 1, 1, 1, 1, 1]
	61945	35115	26595	1	M	159	A		-1	922.700193287	[1, 1, 1, 1, 1, 1, 1, 1, 1, 1, 1, 1]
	49825	35112	14475	1	M	23	A		-1	930.156504603	[1, 1, 1, 0, 1, 1, 1, 1, 1, 1, 1, 1]
	49715	35112	14365	1	M	114	A		-1	937.611530942	[1, 1, 1, 1, 1, 1, 1, 1, 1, 1, 1, 1]
	47981	35112	12631	1	M	73	A		-1	938.077611071	[1, 1, 1, 1, 1, 1, 1, 1, 1, 1, 1, 1]
	63972	35115	28622	1	M	21	A		-1	952.806212525	[1, 1, 1, 1, 1, 1, 1, 1, 1, 1, 1, 1]
	35016	0	0	-6	M	200	A		-1	959.855038748	[1.0, 1.0, 1.0, 1.0, 1.0, 1.0, 1.0, 1.0, 1.0, 1.0, 1.0, 1.0]
	43562	35120	8212	1	M	55	A		-1	971.262589443	[1, 1, 1, 1, 1, 1, 1, 1, 1, 1, 1, 1]
	63464	35115	28114	1	M	174	A		-1	974.404041331	[0, 1, 1, 1, 1, 1, 1, 1, 1, 1, 1, 1]
	64789	35115	29439	1	M	103	A		-1	990.723458292	[1, 1, 1, 1, 1, 1, 1, 1, 1, 1, 1, 1]
	64076	35115	28726	1	M	157	A		-1	1022.42894384	[0, 1, 1, 1, 1, 1, 1, 1, 1, 1, 1, 1]
	36416	35350	1066	1	M	75	A		-1	1065.63346202	[1, 1, 1, 1, 1, 1, 1, 1, 1, 1, 1, 1]
	64816	35115	29466	1	M	65	A		-1	1128.85695524	[1, 1, 1, 1, 1, 1, 1, 1, 1, 1, 1, 1]
	64291	35115	28941	1	M	189	A		-1	1128.92753021	[1, 1, 1, 1, 1, 1, 1, 1, 1, 1, 1, 1]
