animal	sire	dam	born	sex	herd	status	cause	died	TBV	recessives
	477287	323929	194950	6	M	21	A		-1	1798.78915827	[1, 1, 1, 1, 1, 1, 1, 1, 1, 1, 1, 1]
	461230	317317	299516	6	M	128	A		-1	1798.8222382	[1, 1, 1, 1, 1, 1, 1, 1, 1, 1, 1, 1]
	406805	314182	286026	6	M	183	A		-1	1798.90738442	[1, 1, 1, 1, 1, 1, 1, 1, 1, 1, 1, 1]
	387840	228798	220202	5	M	72	A		-1	1799.150979	[1, 0, 1, 1, 1, 1, 1, 1, 1, 1, 1, 1]
	465562	317623	306030	6	M	121	A		-1	1799.52485511	[1, 1, 1, 1, 1, 1, 1, 1, 1, 1, 1, 1]
	370552	227514	170411	5	M	74	A		-1	1799.69232412	[1, 1, 1, 1, 1, 1, 1, 1, 1, 1, 1, 0]
	442018	315659	358601	6	M	102	A		-1	1799.74153872	[1, 1, 1, 1, 1, 1, 1, 1, 1, 1, 1, 1]
	427083	315278	328760	6	M	86	A		-1	1799.7690633	[1, 1, 1, 1, 1, 1, 1, 1, 1, 1, 1, 1]
	398194	394491	374448	6	M	74	A		-1	1799.80919967	[1, 1, 0, 1, 1, 1, 1, 1, 1, 1, 1, 1]
	477990	323929	353215	6	M	55	A		-1	1799.96899906	[1, 1, 1, 1, 1, 1, 1, 1, 1, 1, 1, 1]
	466223	317623	342106	6	M	157	A		-1	1800.18469818	[1, 1, 1, 0, 1, 1, 1, 1, 1, 1, 1, 1]
	461591	317317	314968	6	M	92	A		-1	1800.34513221	[1, 1, 1, 1, 1, 1, 1, 1, 1, 1, 1, 1]
	486127	318547	390871	6	M	168	A		-1	1800.45574684	[1, 1, 1, 0, 1, 1, 1, 1, 1, 1, 1, 1]
	465740	317623	391440	6	M	89	A		-1	1800.72775648	[1, 1, 1, 1, 1, 1, 1, 1, 1, 1, 1, 1]
	373591	227514	103262	5	M	10	A		-1	1801.09786671	[1, 1, 1, 1, 1, 1, 1, 1, 1, 1, 1, 0]
	453064	316715	159763	6	M	41	A		-1	1801.46197478	[1, 1, 1, 1, 1, 1, 1, 1, 1, 1, 1, 1]
	456456	316921	317082	6	M	43	A		-1	1801.51497221	[1, 1, 1, 1, 1, 1, 1, 1, 1, 1, 1, 1]
	480833	318538	222878	6	M	50	A		-1	1801.54180769	[1, 1, 1, 0, 1, 1, 1, 1, 1, 1, 1, 1]
	493244	318601	326330	6	M	26	A		-1	1801.75364209	[1, 1, 1, 1, 1, 1, 1, 1, 1, 1, 1, 1]
	419123	314848	284491	6	M	5	A		-1	1801.77095887	[1, 1, 1, 1, 1, 1, 1, 1, 1, 1, 1, 1]
	448718	316386	191400	6	M	0	A		-1	1802.24075246	[1, 1, 1, 1, 1, 1, 1, 1, 1, 1, 1, 1]
	462930	317317	375757	6	M	75	A		-1	1802.36358173	[1, 1, 1, 1, 1, 1, 1, 1, 1, 1, 1, 1]
	395197	394491	390629	6	M	35	A		-1	1802.3793026	[1, 1, 1, 1, 1, 1, 1, 1, 1, 1, 1, 0]
	460485	317317	345207	6	M	4	A		-1	1802.43027707	[1, 1, 1, 1, 1, 1, 1, 1, 1, 1, 1, 1]
	403538	318239	260525	6	M	166	A		-1	1802.55127357	[1, 1, 1, 1, 1, 1, 1, 1, 1, 1, 1, 1]
	486685	318547	275302	6	M	121	A		-1	1802.82159362	[1, 1, 1, 0, 1, 1, 1, 1, 1, 1, 1, 1]
	490875	318601	317288	6	M	94	A		-1	1802.95234164	[1, 1, 0, 1, 1, 1, 1, 1, 1, 1, 1, 1]
	393685	229089	290353	5	M	21	A		-1	1802.96672963	[1, 1, 1, 1, 1, 1, 1, 1, 1, 1, 1, -1]
	428613	315278	350199	6	M	94	A		-1	1803.29734415	[1, 1, 1, 1, 1, 1, 1, 1, 1, 1, 1, 1]
	476724	323929	326733	6	M	134	A		-1	1803.4510825	[1, 1, 1, 0, 1, 1, 1, 1, 1, 1, 1, 1]
	364328	226949	286977	5	M	65	A		-1	1803.47229973	[1, 1, 1, 1, 1, 1, 1, 1, 1, 1, 1, 1]
	464827	317623	354929	6	M	43	A		-1	1803.67174226	[1, 1, 1, 1, 1, 1, 1, 1, 1, 1, 1, 1]
	470307	318425	384518	6	M	54	A		-1	1804.18811498	[1, 1, 1, 1, 1, 1, 1, 1, 1, 1, 1, 1]
	433322	315464	351782	6	M	191	A		-1	1804.2367384	[1, 1, 1, 1, 1, 1, 1, 1, 1, 1, 1, 1]
	491876	318601	148885	6	M	62	A		-1	1804.40288383	[1, 1, 0, 1, 1, 1, 1, 1, 1, 1, 1, 1]
	471298	318425	344086	6	M	176	A		-1	1804.6248146	[1, 1, 1, 1, 1, 1, 1, 1, 1, 1, 1, 1]
	482997	318538	251935	6	M	154	A		-1	1804.65606761	[1, 1, 1, 0, 1, 1, 1, 1, 1, 1, 1, 1]
	436590	315606	206231	6	M	152	A		-1	1804.89137935	[1, 1, 1, 1, 1, 1, 1, 1, 1, 1, 1, 1]
	424073	315139	304238	6	M	46	A		-1	1805.04101371	[1, 1, 1, 1, 1, 1, 1, 1, 1, 1, 1, 0]
	308500	224715	256573	5	M	185	A		-1	1805.17198588	[1, 1, 1, 1, 1, 1, 1, 1, 1, 1, 1, 1]
	429677	315278	281297	6	M	124	A		-1	1805.35886759	[1, 1, 1, 1, 1, 1, 1, 1, 1, 1, 1, 1]
	406105	314182	322861	6	M	45	A		-1	1805.59925758	[1, 1, 1, 1, 1, 1, 1, 1, 1, 1, 1, 1]
	480140	318538	387830	6	M	75	A		-1	1805.61749991	[1, 1, 1, 0, 1, 1, 1, 1, 1, 1, 1, 0]
	420692	315139	257914	6	M	174	A		-1	1805.67469545	[1, 1, 1, 1, 1, 1, 1, 1, 1, 1, 1, 1]
	424895	315278	305069	6	M	186	A		-1	1806.0631134	[1, 1, 1, 1, 1, 1, 1, 1, 1, 1, 1, 1]
	416627	314848	305521	6	M	55	A		-1	1806.11080197	[1, 1, 0, 1, 1, 1, 1, 1, 1, 1, 1, 1]
	492763	318601	313757	6	M	57	A		-1	1806.39741062	[1, 1, 0, 1, 1, 1, 1, 1, 1, 1, 1, 1]
	489322	318547	316840	6	M	11	A		-1	1806.52814478	[1, 1, 1, 0, 1, 1, 1, 1, 1, 1, 1, 1]
	403246	318239	301877	6	M	71	A		-1	1806.57029753	[1, 1, 1, 1, 1, 1, 1, 1, 1, 1, 1, 1]
	295895	294688	200682	5	M	29	A		-1	1807.220321	[1, 1, 1, 1, 1, 1, 1, 1, 1, 1, 1, 0]
	479973	318538	307556	6	M	132	A		-1	1807.7244739	[1, 1, 1, 0, 1, 1, 1, 1, 1, 1, 1, 1]
	406292	314182	96585	6	M	152	A		-1	1808.47115829	[1, 1, 1, 1, 1, 1, 1, 1, 1, 1, 1, 1]
	426511	315278	358632	6	M	153	A		-1	1808.9169735	[1, 1, 1, 1, 1, 1, 1, 1, 1, 1, 1, 1]
	353268	226645	260376	5	M	106	A		-1	1809.0356717	[1, 1, 1, 1, 1, 1, 1, 1, 1, 1, 1, 1]
	447817	316386	364783	6	M	75	A		-1	1809.06667704	[1, 1, 1, 1, 1, 1, 1, 1, 1, 1, 1, 1]
	482768	318538	256196	6	M	92	A		-1	1809.10478187	[1, 1, 1, 1, 1, 1, 1, 1, 1, 1, 1, 1]
	432910	315464	360898	6	M	123	A		-1	1809.14998258	[1, 1, 1, 1, 1, 1, 1, 1, 1, 1, 1, 1]
	415830	314848	322003	6	M	7	A		-1	1809.25934964	[1, 1, 1, 0, 1, 1, 1, 1, 1, 1, 1, 1]
	438053	315606	344404	6	M	41	A		-1	1809.27794173	[1, 1, 1, 1, 1, 1, 1, 1, 1, 1, 1, 1]
	481920	318538	365912	6	M	68	A		-1	1809.29894324	[1, 1, 1, 0, 1, 1, 1, 1, 1, 1, 1, 1]
	439767	315606	298554	6	M	61	A		-1	1809.56635344	[1, 1, 1, 1, 1, 1, 1, 1, 1, 1, 1, 1]
	425980	315278	360345	6	M	133	A		-1	1809.60350229	[1, 1, 1, 1, 1, 1, 1, 1, 1, 1, 1, 1]
	403693	318239	327652	6	M	82	A		-1	1809.70201732	[1, 1, 1, 1, 1, 1, 1, 1, 1, 1, 1, 1]
	488288	318547	365335	6	M	162	A		-1	1809.83600323	[1, 1, 1, 0, 1, 1, 1, 1, 1, 1, 1, 1]
	434103	315464	383613	6	M	78	A		-1	1809.88772149	[1, 1, 1, 1, 1, 1, 1, 1, 1, 1, 1, 1]
	420499	315139	254341	6	M	165	A		-1	1810.18118342	[1, 1, 1, 1, 1, 1, 1, 1, 1, 1, 1, 1]
	493468	318601	372178	6	M	28	A		-1	1810.3394155	[1, 1, 1, 1, 1, 1, 1, 1, 1, 1, 1, 1]
	482441	318538	358398	6	M	54	A		-1	1810.56027692	[1, 1, 1, 1, 1, 1, 1, 1, 1, 1, 1, 0]
	426914	315278	285643	6	M	7	A		-1	1810.60489639	[1, 1, 1, 1, 1, 1, 1, 1, 1, 1, 1, 1]
	436152	315606	327545	6	M	166	A		-1	1810.74200885	[1, 1, 1, 1, 1, 1, 1, 1, 1, 1, 1, 1]
	405256	314182	282035	6	M	48	A		-1	1811.29494557	[1, 1, 1, 1, 1, 1, 1, 1, 1, 1, 1, 1]
	442803	315659	343872	6	M	22	A		-1	1811.38204458	[1, 1, 1, 1, 1, 1, 1, 1, 1, 1, 1, 1]
	450778	316715	229783	6	M	72	A		-1	1811.49412372	[1, 1, 1, 1, 1, 1, 1, 1, 1, 1, 1, 1]
	481100	318538	287170	6	M	95	A		-1	1811.59157387	[1, 1, 1, 1, 1, 1, 1, 1, 1, 1, 1, 0]
	486951	318547	353042	6	M	149	A		-1	1811.61962827	[1, 1, 1, 0, 1, 1, 1, 1, 1, 1, 1, 1]
	397652	394491	364716	6	M	50	A		-1	1811.91513511	[1, 1, 1, 1, 1, 1, 1, 1, 1, 1, 1, 1]
	397925	394491	313028	6	M	194	A		-1	1812.12896197	[1, 1, 0, 1, 1, 1, 1, 1, 1, 1, 1, 1]
	401041	318239	321515	6	M	128	A		-1	1812.25415244	[1, 1, 1, 1, 1, 1, 1, 1, 1, 1, 1, 1]
	438522	315606	370056	6	M	168	A		-1	1812.31312527	[1, 1, 1, 1, 1, 1, 1, 1, 1, 1, 1, 1]
	413956	314428	270816	6	M	20	A		-1	1812.37055431	[1, 0, 1, 1, 1, 1, 1, 1, 1, 1, 1, 1]
	465189	317623	171539	6	M	135	A		-1	1812.81070331	[1, 1, 1, 1, 1, 1, 1, 1, 1, 1, 1, 1]
	437694	315606	380844	6	M	67	A		-1	1813.27675354	[1, 1, 1, 1, 1, 1, 1, 1, 1, 1, 1, 0]
	395420	394491	334752	6	M	73	A		-1	1813.3802722	[1, 1, 0, 1, 1, 1, 1, 1, 1, 1, 1, 1]
	481485	318538	339881	6	M	113	A		-1	1813.48497276	[1, 1, 1, 0, 1, 1, 1, 1, 1, 1, 1, 1]
	441566	315659	256085	6	M	166	A		-1	1813.52801519	[1, 1, 1, 1, 1, 1, 1, 1, 1, 1, 1, 1]
	400787	318239	371258	6	M	142	A		-1	1813.56292138	[1, 1, 1, 1, 1, 1, 1, 1, 1, 1, 1, 1]
	451056	316715	288427	6	M	81	A		-1	1813.78914375	[1, 1, 1, 1, 1, 1, 1, 1, 1, 1, 1, 1]
	473648	318425	342904	6	M	139	A		-1	1813.80527619	[1, 1, 1, 1, 1, 1, 1, 1, 1, 1, 1, 0]
	447950	316386	205775	6	M	33	A		-1	1813.84104685	[1, 1, 1, 1, 1, 1, 1, 1, 1, 1, 1, 1]
	444048	315659	306697	6	M	63	A		-1	1814.12414149	[1, 1, 1, 1, 1, 1, 1, 1, 1, 1, 1, 1]
	433260	315464	179276	6	M	133	A		-1	1814.12698955	[1, 1, 1, 1, 1, 1, 1, 1, 1, 1, 1, 1]
	436617	315606	306024	6	M	147	A		-1	1814.34908498	[1, 1, 1, 1, 1, 0, 1, 1, 1, 1, 1, 1]
	466370	317623	386454	6	M	55	A		-1	1814.44450317	[1, 1, 1, 1, 1, 1, 1, 1, 1, 1, 1, 1]
	412696	314428	332379	6	M	47	A		-1	1814.61390565	[1, 0, 1, 1, 1, 1, 1, 1, 1, 1, 1, 1]
	446860	316386	359713	6	M	32	A		-1	1814.70094395	[1, 1, 1, 1, 1, 1, 1, 0, 1, 1, 1, 1]
	426760	315278	338274	6	M	187	A		-1	1815.01603219	[1, 1, 1, 1, 1, 1, 1, 1, 1, 1, 1, 1]
	479174	323929	390654	6	M	136	A		-1	1815.33204039	[1, 1, 1, 1, 1, 1, 1, 1, 1, 1, 1, 1]
	474123	318425	314721	6	M	69	A		-1	1815.34283669	[1, 0, 1, 1, 1, 1, 1, 1, 1, 1, 1, 1]
	457971	316921	301641	6	M	93	A		-1	1815.36214236	[1, 1, 1, 1, 1, 1, 1, 1, 1, 1, 1, 0]
	387410	228798	195944	5	M	10	A		-1	1815.58667274	[1, 1, 1, 1, 1, 1, 1, 1, 1, 1, 1, 1]
	403123	318239	324522	6	M	121	A		-1	1815.99509771	[1, 1, 1, 1, 1, 1, 1, 1, 1, 1, 1, 1]
	443071	315659	244974	6	M	158	A		-1	1816.14995003	[1, 1, 1, 1, 1, 1, 1, 1, 1, 1, 1, 1]
	402216	318239	390139	6	M	158	A		-1	1816.35822227	[1, 1, 1, 1, 1, 1, 1, 1, 1, 1, 1, 0]
	417342	314848	333003	6	M	82	A		-1	1816.54561447	[1, 1, 1, 1, 1, 1, 1, 1, 1, 1, 1, 1]
	419054	314848	314477	6	M	166	A		-1	1816.70043418	[1, 0, 1, 1, 1, 1, 1, 1, 1, 1, 1, 1]
	468417	317623	253657	6	M	92	A		-1	1816.75794933	[1, 1, 1, 0, 1, 1, 1, 1, 1, 1, 1, 1]
	484562	318538	384423	6	M	199	A		-1	1816.8271539	[1, 1, 1, 0, 1, 1, 1, 1, 1, 1, 1, 1]
	418131	314848	318166	6	M	104	A		-1	1817.6165161	[1, 1, 1, 1, 1, 1, 1, 1, 1, 1, 1, 1]
	445278	316386	195161	6	M	176	A		-1	1817.68306088	[1, 1, 1, 1, 1, 1, 1, 1, 1, 1, 1, 1]
	435798	315606	370364	6	M	185	A		-1	1818.28559783	[1, 1, 1, 1, 1, 1, 1, 1, 1, 1, 1, 1]
	462276	317317	209300	6	M	168	A		-1	1818.5440394	[1, 1, 1, 1, 1, 1, 1, 1, 1, 1, 1, 1]
	488375	318547	349272	6	M	60	A		-1	1818.75399651	[1, 1, 1, 0, 1, 1, 1, 1, 1, 1, 1, 1]
	436566	315606	380301	6	M	98	A		-1	1818.82144057	[1, 1, 1, 1, 1, 1, 1, 1, 1, 1, 1, 1]
	443288	315659	335755	6	M	146	A		-1	1819.44016391	[1, 1, 1, 1, 1, 1, 1, 1, 1, 1, 1, 1]
	471125	318425	353533	6	M	48	A		-1	1819.4727959	[1, 1, 1, 1, 1, 1, 1, 1, 1, 1, 1, 1]
	419460	314848	383649	6	M	64	A		-1	1819.77394309	[1, 1, 1, 1, 1, 1, 1, 1, 1, 1, 1, 1]
	359063	226835	260503	5	M	170	A		-1	1819.95258123	[1, 1, 1, 1, 1, 1, 1, 1, 1, 1, 1, 0]
	471767	318425	383650	6	M	122	A		-1	1820.20691743	[1, 1, 1, 1, 1, 1, 1, 1, 1, 1, 1, 1]
	412709	314428	358365	6	M	44	A		-1	1820.33198649	[1, 0, 1, 1, 1, 1, 1, 1, 1, 1, 1, 1]
	436184	315606	374577	6	M	35	A		-1	1820.7661586	[1, 1, 1, 1, 1, 1, 1, 1, 1, 1, 1, 1]
	494439	318601	205247	6	M	56	A		-1	1821.67291394	[1, 1, 1, 1, 1, 1, 1, 1, 1, 1, 1, 1]
	426812	315278	332912	6	M	184	A		-1	1821.78387129	[1, 1, 0, 1, 1, 1, 1, 1, 1, 1, 1, 1]
	435522	315606	323623	6	M	151	A		-1	1821.83060635	[1, 1, 1, 1, 1, 1, 1, 1, 1, 1, 1, 1]
	412470	314428	303108	6	M	1	A		-1	1821.9175591	[1, 1, 1, 1, 1, 1, 1, 1, 1, 1, 1, 1]
	433267	315464	198702	6	M	105	A		-1	1822.38714436	[1, 1, 1, 1, 1, 1, 1, 1, 1, 1, 1, 1]
	490825	318601	359420	6	M	99	A		-1	1822.66636235	[1, 1, 0, 1, 1, 1, 1, 1, 1, 1, 1, 1]
	475578	323929	381977	6	M	75	A		-1	1822.8631477	[1, 1, 1, 1, 1, 1, 1, 1, 1, 1, 1, 1]
	435017	315606	299506	6	M	7	A		-1	1822.91916205	[1, 1, 1, 1, 1, 1, 1, 1, 1, 1, 1, 1]
	419168	314848	377697	6	M	93	A		-1	1822.97660254	[1, 1, 1, 1, 1, 1, 1, 1, 1, 1, 1, 1]
	449707	316386	229722	6	M	194	A		-1	1823.32003973	[1, 1, 1, 1, 1, 1, 1, 1, 1, 1, 1, 1]
	452013	316715	376867	6	M	86	A		-1	1823.75339984	[1, 1, 1, 1, 1, 1, 1, 1, 1, 1, 1, 1]
	453388	316715	195271	6	M	138	A		-1	1823.94434501	[0, 1, 1, 1, 1, 1, 1, 1, 1, 1, 1, 1]
	477214	323929	214486	6	M	127	A		-1	1823.9880959	[1, 1, 1, 0, 1, 1, 1, 1, 1, 1, 1, 1]
	334720	225357	285290	5	M	103	A		-1	1824.11997225	[1, 0, 1, 1, 1, 1, 1, 1, 1, 1, 1, 1]
	471011	318425	357986	6	M	16	A		-1	1824.42898425	[1, 1, 1, 1, 1, 0, 1, 1, 1, 1, 1, 0]
	486693	318547	317964	6	M	120	A		-1	1824.71384612	[1, 1, 1, 0, 1, 1, 1, 1, 1, 1, 1, 1]
	429126	315278	394306	6	M	37	A		-1	1824.78680539	[1, 1, 1, 1, 1, 1, 1, 1, 1, 1, 1, 1]
	437972	315606	316011	6	M	115	A		-1	1825.3923063	[1, 1, 1, 0, 1, 1, 1, 1, 1, 1, 1, 1]
	304074	227131	267148	5	M	133	A		-1	1825.46469824	[1, 1, 1, 1, 1, 1, 1, 1, 1, 1, 1, 1]
	483007	318538	304765	6	M	70	A		-1	1825.50115016	[1, 1, 1, 1, 1, 1, 1, 1, 1, 1, 1, 1]
	405101	314182	305161	6	M	27	A		-1	1825.64994566	[1, 1, 1, 1, 1, 1, 1, 1, 1, 1, 1, 1]
	437450	315606	308542	6	M	73	A		-1	1825.73551903	[1, 1, 1, 1, 1, 1, 1, 1, 1, 1, 1, 1]
	474797	323929	286135	6	M	192	A		-1	1825.8451717	[1, 1, 1, 1, 1, 1, 1, 1, 1, 1, 1, 1]
	459455	316921	299114	6	M	28	A		-1	1826.07901002	[1, 1, 1, 1, 1, 1, 1, 1, 1, 1, 1, 1]
	412489	314428	329557	6	M	64	A		-1	1826.60122472	[1, 1, 1, 1, 1, 1, 1, 1, 1, 1, 1, 1]
	471421	318425	370407	6	M	62	A		-1	1826.7240196	[1, 1, 1, 1, 1, 1, 1, 1, 1, 1, 1, 0]
	422028	315139	383443	6	M	9	A		-1	1826.83015187	[1, 1, 1, 1, 1, 1, 1, 1, 1, 1, 1, 0]
	448946	316386	379798	6	M	194	A		-1	1827.54939616	[1, 1, 1, 1, 1, 1, 1, 1, 1, 1, 1, 1]
	464263	317317	304110	6	M	177	A		-1	1827.66659488	[1, 0, 1, 1, 1, 1, 1, 1, 1, 1, 1, 1]
	414236	314428	357992	6	M	104	A		-1	1828.4630085	[1, 0, 1, 1, 1, 1, 1, 1, 1, 1, 1, 0]
	436143	315606	262998	6	M	122	A		-1	1828.56201571	[1, 1, 1, 1, 1, 1, 1, 1, 1, 1, 1, 0]
	464283	317317	281893	6	M	49	A		-1	1828.79741919	[1, 1, 1, 1, 1, 1, 1, 1, 1, 1, 1, 1]
	480088	318538	372639	6	M	80	A		-1	1828.8571874	[1, 1, 1, 1, 1, 1, 1, 1, 1, 1, 1, 1]
	484892	318547	249428	6	M	6	A		-1	1828.93656451	[1, 1, 1, 1, 1, 1, 1, 1, 1, 1, 1, 0]
	315606	224946	211811	5	M	192	A		-1	1829.07676901	[1, 1, 1, 1, 1, 1, 1, 1, 1, 1, 1, 1]
	473449	318425	264615	6	M	156	A		-1	1829.45047674	[1, 1, 1, 1, 1, 1, 1, 1, 1, 1, 1, 1]
	423748	315139	301876	6	M	107	A		-1	1829.99310228	[1, 0, 1, 1, 1, 1, 1, 1, 1, 1, 1, 1]
	442255	315659	383704	6	M	186	A		-1	1830.36072695	[1, 1, 1, 1, 1, 1, 1, 1, 1, 1, 1, 1]
	436514	315606	190288	6	M	120	A		-1	1830.36721619	[1, 1, 1, 1, 1, 1, 1, 1, 1, 1, 1, 1]
	492570	318601	251058	6	M	161	A		-1	1830.66604938	[1, 1, 1, 1, 1, 1, 1, 1, 1, 1, 1, 1]
	428385	315278	342079	6	M	22	A		-1	1831.01288001	[1, 1, 1, 1, 1, 1, 1, 1, 1, 1, 1, 1]
	470095	318425	383245	6	M	39	A		-1	1831.32319302	[1, 1, 1, 1, 1, 1, 1, 1, 1, 1, 1, 1]
	445311	316386	287864	6	M	10	A		-1	1831.89794179	[1, 1, 1, 1, 1, 1, 1, 1, 1, 1, 1, 1]
	475661	323929	325240	6	M	175	A		-1	1832.30577639	[1, 1, 1, 1, 1, 1, 1, 1, 1, 1, 1, 1]
	405177	314182	353227	6	M	147	A		-1	1832.54723522	[1, 1, 1, 1, 1, 1, 1, 1, 1, 1, 1, 1]
	408643	314182	320368	6	M	24	A		-1	1832.83944062	[1, 1, 1, 1, 1, 1, 1, 1, 1, 1, 1, 1]
	431388	315464	309625	6	M	52	A		-1	1832.93245808	[1, 1, 1, 1, 1, 1, 1, 1, 1, 1, 1, 1]
	477461	323929	382215	6	M	50	A		-1	1833.66931681	[1, 1, 1, 1, 1, 0, 1, 1, 1, 1, 1, 1]
	425479	315278	226208	6	M	182	A		-1	1834.24581541	[1, 1, 1, 1, 1, 1, 1, 1, 1, 1, 1, 1]
	451245	316715	377274	6	M	80	A		-1	1834.57688049	[1, 1, 1, 1, 1, 1, 1, 1, 1, 1, 1, 1]
	456560	316921	369016	6	M	168	A		-1	1834.85060417	[1, 1, 1, 1, 1, 1, 1, 1, 1, 1, 1, 1]
	458339	316921	388697	6	M	182	A		-1	1835.05326411	[1, 1, 1, 1, 1, 1, 1, 1, 1, 1, 1, 0]
	446257	316386	366415	6	M	169	A		-1	1835.11096832	[1, 1, 1, 1, 1, 1, 1, 1, 1, 1, 1, 1]
	439208	315606	301705	6	M	146	A		-1	1835.13396305	[1, 0, 1, 1, 1, 1, 1, 1, 1, 1, 1, 1]
	399709	394491	373274	6	M	177	A		-1	1835.4107177	[1, 1, 0, 1, 1, 1, 1, 1, 1, 1, 1, 0]
	397059	394491	356781	6	M	105	A		-1	1836.08907744	[1, 1, 1, 1, 1, 1, 1, 1, 1, 1, 1, 0]
	437961	315606	331071	6	M	46	A		-1	1836.32979867	[1, 1, 1, 1, 1, 1, 1, 1, 1, 1, 1, 1]
	439794	315659	365420	6	M	164	A		-1	1836.36558878	[1, 1, 1, 1, 1, 1, 1, 1, 1, 1, 1, 1]
	402845	318239	188172	6	M	139	A		-1	1836.42251265	[1, 1, 1, 1, 1, 1, 1, 1, 1, 1, 1, 1]
	409728	314182	228154	6	M	169	A		-1	1836.43455816	[1, 1, 1, 1, 1, 1, 1, 1, 1, 1, 1, 1]
	429945	315464	199642	6	M	119	A		-1	1836.828997	[1, 1, 1, 1, 1, 1, 1, 1, 1, 1, 1, 1]
	467018	317623	363408	6	M	141	A		-1	1836.83837552	[1, 1, 1, 0, 1, 1, 1, 1, 1, 1, 1, 1]
	462227	317317	373575	6	M	136	A		-1	1837.56529764	[1, 1, 1, 1, 1, 1, 1, 1, 1, 1, 1, 1]
	439519	315606	137698	6	M	173	A		-1	1837.62814447	[1, 1, 1, 1, 1, 1, 1, 1, 1, 1, 1, 1]
	470110	318425	140601	6	M	20	A		-1	1838.12543323	[1, 1, 1, 0, 1, 1, 1, 1, 1, 1, 1, 0]
	398192	394491	333114	6	M	120	A		-1	1838.54938577	[1, 1, 0, 1, 1, 1, 1, 1, 1, 1, 1, 1]
	493697	318601	316377	6	M	56	A		-1	1838.66229524	[1, 1, 0, 1, 1, 1, 1, 1, 1, 1, 1, 1]
	427364	315278	360231	6	M	173	A		-1	1838.68789874	[1, 1, 1, 1, 1, 1, 1, 1, 1, 1, 1, 1]
	480188	318538	369825	6	M	197	A		-1	1838.69639977	[1, 1, 1, 1, 1, 1, 1, 1, 1, 1, 1, 1]
	396205	394491	186817	6	M	12	A		-1	1838.80558291	[1, 1, 1, 1, 1, 1, 1, 1, 1, 1, 1, 1]
	435746	315606	363445	6	M	155	A		-1	1839.12980601	[1, 1, 1, 1, 1, 1, 1, 1, 1, 1, 1, 1]
	445683	316386	261292	6	M	41	A		-1	1839.36200751	[1, 1, 1, 1, 1, 1, 1, 1, 1, 1, 1, 1]
	464905	317623	367080	6	M	20	A		-1	1839.4004982	[1, 1, 1, 0, 1, 1, 1, 1, 1, 1, 1, 1]
	440308	315659	282621	6	M	72	A		-1	1839.50314454	[1, 1, 1, 1, 1, 1, 1, 1, 1, 1, 1, 1]
	484785	318547	321486	6	M	143	A		-1	1839.50566518	[1, 1, 1, 1, 1, 1, 1, 1, 1, 1, 1, 1]
	469713	317623	317049	6	M	97	A		-1	1839.96063019	[1, 1, 1, 0, 1, 1, 1, 1, 1, 1, 1, 1]
	440469	315659	326783	6	M	98	A		-1	1840.34487611	[1, 1, 1, 0, 1, 1, 1, 1, 1, 1, 1, 1]
	415279	314848	170621	6	M	14	A		-1	1840.47787029	[1, 1, 1, 1, 1, 1, 1, 1, 1, 1, 1, 1]
	443064	315659	360721	6	M	146	A		-1	1840.56847026	[1, 1, 1, 0, 1, 1, 1, 1, 1, 1, 1, 1]
	424863	315278	314578	6	M	180	A		-1	1840.56988158	[1, 1, 1, 1, 1, 1, 1, 1, 1, 1, 1, 1]
	443958	315659	317102	6	M	93	A		-1	1841.07653346	[1, 1, 1, 1, 1, 1, 1, 1, 1, 1, 1, 1]
	401640	318239	370195	6	M	60	A		-1	1841.30034992	[1, 1, 1, 1, 1, 1, 1, 1, 1, 1, 1, 1]
	477003	323929	327898	6	M	83	A		-1	1841.39137973	[1, 1, 1, 1, 1, 1, 1, 1, 1, 1, 1, 1]
	426263	315278	349104	6	M	134	A		-1	1841.55237358	[1, 1, 1, 1, 1, 1, 1, 1, 1, 1, 1, 1]
	456152	316921	370853	6	M	11	A		-1	1841.62164906	[1, 1, 1, 1, 1, 1, 1, 1, 1, 1, 1, 1]
	493554	318601	303150	6	M	34	A		-1	1841.68334657	[1, 1, 0, 1, 1, 1, 1, 1, 1, 1, 1, 1]
	413582	314428	360509	6	M	174	A		-1	1842.58708757	[1, 0, 1, 1, 1, 1, 1, 1, 1, 1, 1, 1]
	436778	315606	363265	6	M	49	A		-1	1843.32658274	[1, 1, 1, 1, 1, 1, 1, 1, 1, 1, 1, 1]
	397647	394491	301127	6	M	88	A		-1	1843.86282593	[1, 1, 1, 1, 1, 1, 1, 1, 1, 1, 1, 1]
	461058	317317	355973	6	M	94	A		-1	1844.40758247	[1, 1, 1, 1, 1, 0, 1, 1, 1, 1, 1, 0]
	433589	315464	322323	6	M	163	A		-1	1844.46408808	[1, 1, 1, 1, 1, 1, 1, 1, 1, 1, 1, 1]
	482264	318538	251542	6	M	69	A		-1	1844.63756317	[1, 1, 1, 0, 1, 1, 1, 1, 1, 1, 1, 1]
	438754	315606	293757	6	M	20	A		-1	1845.33702817	[1, 1, 1, 1, 1, 1, 1, 1, 1, 1, 1, 1]
	407587	314182	296625	6	M	14	A		-1	1846.06539106	[1, 1, 1, 1, 1, 1, 1, 1, 1, 1, 1, 1]
	431563	315464	138044	6	M	161	A		-1	1846.56605538	[1, 1, 1, 1, 1, 1, 1, 1, 1, 1, 1, 1]
	402230	318239	201139	6	M	153	A		-1	1846.80849602	[1, 1, 1, 1, 1, 1, 1, 1, 1, 1, 1, 1]
	471319	318425	358778	6	M	144	A		-1	1847.38436843	[1, 1, 1, 1, 1, 1, 1, 1, 1, 1, 1, 0]
	483738	318538	356414	6	M	62	A		-1	1847.67574311	[1, 1, 1, 0, 1, 0, 1, 1, 1, 1, 1, 1]
	449835	316715	381649	6	M	80	A		-1	1848.02431988	[1, 1, 1, 1, 1, 1, 1, 1, 1, 1, 1, 1]
	420927	315139	377391	6	M	64	A		-1	1848.24197435	[1, 1, 1, 1, 1, 1, 1, 1, 1, 1, 1, 1]
	465709	317623	331294	6	M	101	A		-1	1848.69569404	[1, 1, 1, 1, 1, 1, 1, 1, 1, 1, 1, 1]
	482985	318538	322051	6	M	124	A		-1	1849.99501153	[1, 1, 1, 1, 1, 1, 1, 1, 1, 1, 1, 1]
	481884	318538	361948	6	M	171	A		-1	1850.87860385	[1, 1, 1, 0, 1, 1, 1, 1, 1, 1, 1, 1]
	481798	318538	218299	6	M	91	A		-1	1850.95604709	[1, 1, 1, 0, 1, 1, 1, 1, 1, 1, 1, 1]
	448756	316386	333008	6	M	77	A		-1	1851.34767093	[1, 1, 1, 1, 1, 1, 1, 1, 1, 1, 1, 1]
	441675	315659	303604	6	M	108	A		-1	1851.77427852	[1, 1, 1, 1, 1, 1, 1, 1, 1, 1, 1, 0]
	473695	318425	287308	6	M	65	A		-1	1851.96501857	[1, 1, 1, 1, 1, 1, 1, 1, 1, 1, 1, 1]
	407493	314182	304781	6	M	53	A		-1	1852.43104071	[1, 1, 1, 1, 1, 1, 1, 1, 1, 1, 1, 1]
	442431	315659	334168	6	M	198	A		-1	1852.45759259	[1, 1, 1, 1, 1, 1, 1, 1, 1, 1, 1, 1]
	432972	315464	370671	6	M	18	A		-1	1852.76423772	[1, 1, 1, 1, 1, 1, 1, 1, 1, 1, 1, 1]
	471163	318425	378948	6	M	35	A		-1	1852.90679138	[1, 1, 1, 1, 1, 1, 1, 1, 1, 1, 1, 1]
	405335	314182	355350	6	M	3	A		-1	1853.09748465	[1, 1, 1, 1, 1, 1, 1, 1, 1, 1, 1, 1]
	405445	314182	193758	6	M	191	A		-1	1853.28535437	[1, 1, 1, 1, 1, 1, 1, 1, 1, 1, 1, 1]
	420906	315139	331065	6	M	151	A		-1	1853.50912181	[1, 1, 1, 1, 1, 1, 1, 1, 1, 1, 1, 1]
	431021	315464	382556	6	M	100	A		-1	1854.08197189	[1, 1, 1, 1, 1, 1, 1, 1, 1, 1, 1, 1]
	488519	318547	308230	6	M	92	A		-1	1854.95910498	[1, 1, 1, 1, 1, 1, 1, 1, 1, 1, 1, 1]
	438178	315606	341329	6	M	63	A		-1	1855.11904528	[1, 1, 1, 1, 1, 1, 1, 1, 1, 1, 1, 1]
	470768	318425	201745	6	M	179	A		-1	1855.36533836	[1, 1, 1, 1, 1, 1, 1, 1, 1, 1, 1, 1]
	405683	314182	384708	6	M	27	A		-1	1855.60655661	[1, 1, 1, 1, 1, 1, 1, 1, 1, 1, 1, 1]
	299892	227131	85470	5	M	100	A		-1	1856.24111616	[1, 1, 1, 1, 1, 1, 1, 1, 1, 1, 1, 0]
	410313	314428	300895	6	M	57	A		-1	1856.3035371	[1, 0, 1, 1, 1, 1, 1, 1, 1, 1, 1, 1]
	399215	394491	319572	6	M	26	A		-1	1856.44454017	[1, 1, 0, 1, 1, 1, 1, 1, 1, 1, 1, 1]
	438065	315606	382553	6	M	47	A		-1	1856.55900033	[1, 1, 1, 1, 1, 1, 1, 1, 1, 1, 1, 1]
	466816	317623	321847	6	M	108	A		-1	1857.41118682	[1, 1, 0, 0, 1, 1, 1, 1, 1, 1, 1, 1]
	441233	315659	277811	6	M	131	A		-1	1857.84168908	[1, 1, 1, 1, 1, 1, 1, 1, 1, 1, 1, 1]
	449335	316386	272259	6	M	81	A		-1	1858.13594687	[1, 1, 1, 1, 1, 1, 1, 1, 1, 1, 1, 0]
	363125	226949	233370	5	M	107	A		-1	1858.37687648	[1, 1, 1, 1, 1, 1, 1, 1, 1, 1, 1, 1]
	371876	227514	291051	5	M	101	A		-1	1858.4034705	[1, 1, 1, 1, 1, 1, 1, 1, 1, 1, 1, 0]
	450270	316715	316690	6	M	118	A		-1	1858.62412664	[1, 1, 1, 1, 1, 1, 1, 1, 1, 1, 1, 1]
	412461	314428	295945	6	M	59	A		-1	1858.65563004	[1, 0, 1, 1, 1, 1, 1, 1, 1, 1, 1, 1]
	484125	318538	289029	6	M	146	A		-1	1858.79437786	[1, 1, 1, 1, 1, 1, 1, 1, 1, 1, 1, 1]
	482014	318538	391384	6	M	41	A		-1	1859.64964141	[1, 1, 1, 0, 1, 1, 1, 1, 1, 1, 1, 0]
	489435	318547	357973	6	M	78	A		-1	1860.14579715	[1, 1, 1, 1, 1, 0, 1, 1, 1, 1, 1, 0]
	397991	394491	307284	6	M	72	A		-1	1860.43317248	[1, 1, 0, 1, 1, 1, 1, 1, 1, 1, 1, 1]
	448134	316386	333199	6	M	0	A		-1	1860.94483882	[1, 1, 1, 1, 1, 1, 1, 1, 1, 1, 1, 1]
	487403	318547	303592	6	M	7	A		-1	1861.39628487	[1, 1, 1, 0, 1, 1, 1, 1, 1, 1, 1, 1]
	397091	394491	331632	6	M	171	A		-1	1861.53545981	[1, 1, 0, 1, 1, 1, 1, 1, 1, 1, 1, 1]
	436902	315606	311680	6	M	127	A		-1	1862.27373302	[1, 1, 1, 1, 1, 1, 1, 1, 1, 1, 1, 1]
	438046	315606	266535	6	M	19	A		-1	1862.42270837	[1, 1, 1, 1, 1, 1, 1, 1, 1, 1, 1, 1]
	438800	315606	333763	6	M	111	A		-1	1863.14886211	[1, 1, 1, 1, 1, 1, 1, 1, 1, 1, 1, 1]
	477753	323929	313030	6	M	186	A		-1	1863.32566317	[1, 1, 1, 1, 1, 1, 1, 1, 1, 1, 1, 1]
	452545	316715	372369	6	M	28	A		-1	1864.01372526	[1, 1, 1, 1, 1, 1, 1, 1, 1, 1, 1, 1]
	435853	315606	333923	6	M	86	A		-1	1864.21714222	[1, 1, 1, 1, 1, 1, 1, 1, 1, 1, 1, 1]
	400219	318239	377284	6	M	5	A		-1	1864.22705635	[1, 1, 1, 1, 1, 1, 1, 1, 1, 1, 1, 1]
	482551	318538	280408	6	M	22	A		-1	1864.2866843	[1, 1, 1, 1, 1, 1, 1, 1, 1, 1, 1, 1]
	405257	314182	374556	6	M	100	A		-1	1864.30687491	[1, 1, 1, 1, 1, 1, 1, 1, 1, 1, 1, 1]
	438798	315606	228336	6	M	37	A		-1	1865.10441003	[1, 1, 1, 1, 1, 1, 1, 1, 1, 1, 1, 1]
	408257	314182	198271	6	M	53	A		-1	1865.20681726	[1, 1, 1, 1, 1, 1, 1, 1, 1, 1, 1, 1]
	439302	315606	372302	6	M	160	A		-1	1865.59481443	[1, 1, 1, 1, 1, 1, 1, 1, 1, 1, 1, 0]
	409004	314182	382288	6	M	69	A		-1	1866.05480171	[1, 1, 1, 1, 1, 1, 1, 1, 1, 1, 1, 1]
	433493	315464	364315	6	M	98	A		-1	1866.47236723	[1, 1, 1, 1, 1, 1, 1, 1, 1, 1, 1, 1]
	477561	323929	338704	6	M	3	A		-1	1866.73019139	[1, 1, 1, 1, 1, 1, 1, 1, 1, 1, 1, 1]
	448579	316386	213161	6	M	146	A		-1	1867.98432588	[1, 1, 1, 1, 1, 1, 1, 1, 1, 1, 1, 1]
	473910	318425	294040	6	M	139	A		-1	1868.39920288	[1, 1, 1, 1, 1, 1, 1, 1, 1, 1, 1, 1]
	490460	318601	244896	6	M	5	A		-1	1868.79799764	[1, 1, 1, 1, 1, 1, 1, 1, 1, 1, 1, 1]
	439607	315606	380689	6	M	86	A		-1	1869.17889575	[1, 0, 1, 1, 1, 1, 1, 1, 1, 1, 1, 1]
	463160	317317	225830	6	M	135	A		-1	1869.26800367	[1, 1, 1, 1, 1, 1, 1, 1, 1, 1, 1, 1]
	470423	318425	377807	6	M	96	A		-1	1870.28932199	[1, 1, 1, 1, 1, 1, 1, 1, 1, 1, 1, 1]
	443120	315659	349470	6	M	128	A		-1	1870.40779206	[1, 1, 1, 1, 1, 1, 1, 1, 1, 1, 1, 1]
	409726	314182	200659	6	M	64	A		-1	1870.50845785	[1, 1, 1, 1, 1, 1, 1, 1, 1, 1, 1, 0]
	399478	394491	291804	6	M	77	A		-1	1870.76864959	[1, 1, 1, 1, 1, 1, 1, 1, 1, 1, 1, 0]
	434872	315606	270186	6	M	163	A		-1	1871.27955445	[1, 1, 1, 1, 1, 1, 1, 1, 1, 1, 1, 0]
	489506	318547	318580	6	M	193	A		-1	1872.27391095	[1, 1, 1, 0, 1, 1, 1, 1, 1, 1, 1, 1]
	486615	318547	238714	6	M	132	A		-1	1872.45858325	[1, 1, 1, 1, 1, 1, 1, 1, 1, 1, 1, 1]
	418147	314848	301765	6	M	107	A		-1	1872.90328844	[1, 1, 1, 1, 1, 1, 1, 1, 1, 1, 1, 1]
	485616	318547	147605	6	M	91	A		-1	1874.27616488	[1, 1, 1, 1, 1, 1, 1, 1, 1, 1, 1, 1]
	424753	315139	311132	6	M	143	A		-1	1875.34109133	[1, 1, 1, 1, 1, 1, 1, 1, 1, 1, 1, 1]
	464547	317317	370884	6	M	44	A		-1	1875.70153434	[1, 1, 1, 1, 1, 1, 1, 1, 1, 1, 1, 1]
	450641	316715	277481	6	M	133	A		-1	1875.77376625	[1, 1, 1, 1, 1, 1, 1, 1, 1, 1, 1, 1]
	425533	315278	324660	6	M	70	A		-1	1875.89518136	[1, 1, 1, 1, 1, 1, 1, 1, 1, 1, 1, 1]
	398653	394491	324377	6	M	45	A		-1	1875.89588636	[1, 1, 0, 1, 1, 1, 1, 1, 1, 1, 1, 1]
	436952	315606	295864	6	M	94	A		-1	1876.60172639	[1, 1, 1, 1, 1, 1, 1, 1, 1, 1, 1, 0]
	437516	315606	326323	6	M	145	A		-1	1876.66102973	[1, 1, 1, 1, 1, 1, 1, 1, 1, 1, 1, 1]
	403521	318239	366027	6	M	192	A		-1	1877.09983826	[1, 1, 1, 1, 1, 1, 1, 1, 1, 1, 1, 1]
	417320	314848	308883	6	M	188	A		-1	1877.21236352	[1, 1, 1, 1, 1, 1, 1, 1, 1, 1, 1, 1]
	437121	315606	301764	6	M	100	A		-1	1877.33476547	[1, 1, 1, 1, 1, 1, 1, 1, 1, 1, 1, 1]
	399206	394491	326755	6	M	57	A		-1	1878.25425425	[1, 1, 1, 1, 1, 1, 1, 1, 1, 1, 1, 1]
	439140	315606	286415	6	M	109	A		-1	1878.89673029	[1, 1, 1, 1, 1, 1, 1, 1, 1, 1, 1, 1]
	429382	315278	321108	6	M	111	A		-1	1879.65142337	[1, 1, 1, 1, 1, 1, 1, 1, 1, 1, 1, 1]
	407151	314182	324757	6	M	22	A		-1	1880.4611703	[1, 1, 1, 1, 1, 1, 1, 1, 1, 1, 1, 1]
	426098	315278	352592	6	M	134	A		-1	1881.59347579	[1, 1, 1, 1, 1, 1, 1, 1, 1, 1, 1, 1]
	398612	394491	394313	6	M	58	A		-1	1881.61301701	[1, 1, 1, 1, 1, 1, 1, 1, 1, 1, 1, 1]
	469294	317623	301578	6	M	161	A		-1	1881.72896336	[1, 0, 1, 1, 1, 1, 1, 1, 1, 1, 1, 0]
	438397	315606	372358	6	M	89	A		-1	1881.81024286	[1, 1, 1, 1, 1, 1, 1, 1, 1, 1, 1, 1]
	426036	315278	384442	6	M	102	A		-1	1881.83749199	[1, 1, 1, 1, 1, 1, 1, 1, 1, 1, 1, 1]
	487276	318547	354006	6	M	125	A		-1	1882.05219922	[1, 1, 1, 0, 1, 1, 1, 1, 1, 1, 1, 1]
	398668	394491	305916	6	M	96	A		-1	1882.09207857	[1, 1, 0, 1, 1, 1, 1, 1, 1, 1, 1, 1]
	460424	317317	317683	6	M	22	A		-1	1882.33620161	[1, 1, 1, 1, 1, 1, 1, 1, 1, 1, 1, 1]
	400049	318239	374910	6	M	110	A		-1	1882.40756633	[1, 1, 1, 1, 1, 1, 1, 0, 1, 1, 1, 1]
	436932	315606	207738	6	M	108	A		-1	1882.9476628	[1, 1, 1, 1, 1, 1, 1, 1, 1, 1, 1, 1]
	480103	318538	362292	6	M	84	A		-1	1883.63923312	[1, 1, 1, 0, 1, 1, 1, 1, 1, 1, 0, 1]
	441761	315659	334679	6	M	61	A		-1	1884.58331576	[1, 1, 1, 1, 1, 1, 1, 1, 1, 1, 1, 1]
	449326	316386	328461	6	M	200	A		-1	1885.43991618	[1, 1, 1, 1, 1, 1, 1, 1, 1, 1, 1, 1]
	486428	318547	355956	6	M	108	A		-1	1885.48003704	[1, 1, 1, 0, 1, 1, 1, 1, 1, 1, 1, 1]
	487410	318547	394003	6	M	148	A		-1	1885.7636903	[1, 1, 1, 1, 1, 1, 1, 1, 1, 1, 1, 1]
	421339	315139	318933	6	M	99	A		-1	1886.66661306	[1, 1, 1, 1, 1, 1, 1, 1, 1, 1, 1, 1]
	469663	317623	348575	6	M	32	A		-1	1887.63179859	[1, 1, 1, 1, 1, 1, 1, 1, 1, 1, 1, 0]
	489523	318547	372941	6	M	197	A		-1	1888.02237947	[1, 1, 1, 1, 1, 1, 1, 1, 1, 1, 1, 0]
	406897	314182	371810	6	M	75	A		-1	1888.92674985	[1, 1, 1, 1, 1, 1, 1, 1, 1, 1, 1, 1]
	457394	316921	337302	6	M	80	A		-1	1889.27940138	[1, 1, 1, 1, 1, 1, 1, 1, 1, 1, 1, 1]
	433137	315464	360359	6	M	44	A		-1	1889.97089968	[1, 1, 1, 1, 1, 1, 1, 1, 1, 1, 1, 0]
	487062	318547	320642	6	M	38	A		-1	1890.41732512	[1, 1, 1, 0, 1, 1, 1, 1, 1, 1, 1, 1]
	436743	315606	276097	6	M	39	A		-1	1890.97708595	[1, 1, 1, 1, 1, 1, 1, 1, 1, 1, 1, 1]
	474032	318425	321076	6	M	16	A		-1	1892.62144569	[1, 1, 1, 1, 1, 1, 1, 1, 1, 1, 1, 1]
	442558	315659	355437	6	M	2	A		-1	1892.72765077	[1, 1, 1, 0, 1, 1, 1, 1, 1, 1, 1, 1]
	471203	318425	154250	6	M	7	A		-1	1893.03838619	[1, 1, 1, 1, 1, 1, 1, 1, 1, 1, 1, 1]
	423692	315139	331231	6	M	2	A		-1	1893.31679749	[1, 1, 1, 1, 1, 1, 1, 1, 1, 1, 1, 1]
	470310	318425	302884	6	M	88	A		-1	1894.35840575	[1, 1, 1, 1, 1, 1, 1, 1, 1, 1, 1, 1]
	381050	227999	227764	5	M	65	A		-1	1895.8675186	[1, 1, 1, 1, 1, 1, 1, 1, 1, 1, 1, 1]
	475118	323929	313898	6	M	144	A		-1	1895.95454056	[1, 1, 1, 1, 1, 1, 1, 1, 1, 1, 1, 1]
	420931	315139	356617	6	M	8	A		-1	1896.00623282	[1, 1, 1, 1, 1, 1, 1, 1, 1, 1, 1, 1]
	434816	315606	383516	6	M	157	A		-1	1896.10426521	[1, 1, 1, 1, 1, 1, 1, 1, 1, 1, 1, 1]
	461034	317317	300092	6	M	88	A		-1	1896.1231726	[1, 1, 1, 0, 1, 1, 1, 1, 1, 1, 1, 1]
	460515	317317	323439	6	M	185	A		-1	1896.39866718	[1, 1, 1, 1, 1, 1, 1, 1, 1, 1, 1, 1]
	441136	315659	349547	6	M	67	A		-1	1897.05753298	[1, 1, 1, 1, 1, 1, 1, 1, 1, 1, 1, 1]
	428228	315278	303593	6	M	196	A		-1	1897.56041936	[1, 1, 1, 1, 1, 1, 1, 1, 1, 1, 1, 1]
	436879	315606	342717	6	M	127	A		-1	1897.79110255	[1, 1, 0, 1, 1, 1, 1, 1, 1, 1, 1, 1]
	406857	314182	371888	6	M	149	A		-1	1898.15751597	[1, 1, 1, 1, 1, 1, 1, 1, 1, 1, 1, 1]
	425218	315278	337437	6	M	54	A		-1	1899.80588887	[1, 1, 1, 1, 1, 1, 1, 1, 1, 1, 1, 1]
	438338	315606	311125	6	M	156	A		-1	1900.47672639	[1, 1, 1, 1, 1, 1, 1, 1, 1, 1, 1, 1]
	367360	227088	254656	5	M	23	A		-1	1900.80490074	[1, 1, 1, 1, 1, 1, 1, 1, 1, 1, 1, 0]
	482159	318538	335039	6	M	100	A		-1	1900.93954957	[1, 1, 1, 1, 1, 1, 1, 1, 1, 1, 1, 1]
	489983	318601	373619	6	M	111	A		-1	1901.03495844	[1, 1, 1, 1, 1, 1, 1, 1, 1, 1, 1, 0]
	445412	316386	310406	6	M	73	A		-1	1901.23097171	[1, 0, 1, 1, 1, 1, 1, 1, 1, 1, 1, 1]
	431412	315464	335326	6	M	149	A		-1	1902.10444377	[1, 1, 1, 1, 1, 1, 1, 1, 1, 1, 1, 1]
	491233	318601	318816	6	M	108	A		-1	1902.49361195	[1, 1, 1, 1, 1, 1, 1, 1, 1, 1, 1, 1]
	474228	318425	335460	6	M	70	A		-1	1902.82009992	[1, 1, 1, 1, 1, 1, 1, 1, 1, 1, 1, 1]
	400357	318239	367141	6	M	50	A		-1	1903.3564397	[1, 1, 1, 1, 1, 1, 1, 1, 1, 1, 1, 1]
	374460	227514	233771	5	M	167	A		-1	1903.94546056	[1, 1, 1, 1, 1, 1, 1, 1, 1, 1, 1, 1]
	467845	317623	384925	6	M	134	A		-1	1904.63978657	[1, 1, 1, 1, 1, 1, 1, 1, 1, 1, 1, 1]
	405508	314182	299402	6	M	136	A		-1	1905.85907188	[1, 1, 0, 1, 1, 1, 1, 1, 1, 1, 1, 1]
	372004	227514	91890	5	M	38	A		-1	1906.02188451	[1, 1, 1, 1, 1, 1, 1, 1, 1, 1, 1, 0]
	473847	318425	323500	6	M	187	A		-1	1906.12859673	[1, 1, 1, 1, 1, 1, 1, 1, 1, 1, 1, 1]
	325115	225329	247494	5	M	15	A		-1	1906.19270068	[1, 1, 1, 0, 1, 1, 1, 1, 1, 1, 1, 1]
	435980	315606	392942	6	M	127	A		-1	1906.47803683	[1, 1, 1, 1, 1, 1, 1, 1, 1, 1, 1, 1]
	395744	394491	374180	6	M	56	A		-1	1906.75193207	[1, 1, 1, 1, 1, 1, 1, 1, 1, 1, 1, 1]
	409783	314428	299375	6	M	121	A		-1	1907.70890588	[1, 0, 1, 1, 1, 1, 1, 1, 1, 1, 1, 1]
	401906	318239	389312	6	M	52	A		-1	1908.07406065	[1, 1, 1, 1, 1, 1, 1, 1, 1, 1, 1, 1]
	304872	224715	228162	5	M	35	A		-1	1909.96752671	[1, 1, 1, 1, 1, 1, 1, 1, 1, 1, 1, 1]
	414559	314428	346315	6	M	140	A		-1	1910.84474504	[1, 1, 1, 1, 1, 1, 1, 1, 1, 1, 1, 1]
	434676	315464	373095	6	M	187	A		-1	1913.08041457	[1, 1, 1, 1, 1, 1, 1, 1, 1, 1, 1, 0]
	400422	318239	257009	6	M	89	A		-1	1913.18687344	[1, 1, 1, 1, 1, 1, 1, 1, 1, 1, 1, 1]
	428333	315278	338666	6	M	116	A		-1	1913.88703966	[1, 1, 1, 1, 1, 1, 1, 1, 1, 1, 1, 1]
	436673	315606	319707	6	M	39	A		-1	1915.54904126	[1, 1, 1, 1, 1, 1, 1, 1, 1, 1, 1, 1]
	437415	315606	332103	6	M	125	A		-1	1915.62066026	[1, 1, 1, 1, 1, 1, 1, 1, 1, 1, 1, 1]
	352321	226645	220665	5	M	15	A		-1	1915.68475568	[1, 1, 1, 1, 1, 1, 1, 0, 1, 1, 1, 1]
	453315	316715	392768	6	M	51	A		-1	1915.8941814	[1, 1, 1, 1, 1, 1, 1, 1, 1, 1, 1, 1]
	480546	318538	319621	6	M	98	A		-1	1916.161785	[1, 1, 1, 1, 1, 1, 1, 1, 1, 1, 1, 1]
	413723	314428	322266	6	M	116	A		-1	1916.27825732	[1, 0, 1, 1, 1, 1, 1, 1, 1, 1, 1, 1]
	457060	316921	304470	6	M	106	A		-1	1917.1512973	[1, 1, 1, 1, 1, 1, 1, 1, 1, 1, 1, 1]
	414018	314428	343729	6	M	5	A		-1	1917.18809381	[1, 0, 1, 1, 1, 1, 1, 1, 1, 1, 1, 1]
	472925	318425	327297	6	M	22	A		-1	1917.23750979	[1, 1, 0, 1, 1, 1, 1, 1, 1, 1, 1, 1]
	486155	318547	295411	6	M	32	A		-1	1918.10795455	[1, 1, 1, 1, 1, 1, 1, 1, 1, 1, 1, 0]
	437825	315606	334939	6	M	20	A		-1	1918.15966902	[1, 1, 1, 1, 1, 1, 1, 1, 1, 1, 1, 1]
	472403	318425	342489	6	M	132	A		-1	1918.17342209	[1, 1, 1, 1, 1, 1, 1, 1, 1, 1, 1, 1]
	429379	315278	374339	6	M	97	A		-1	1920.23806366	[1, 1, 1, 1, 1, 1, 1, 1, 1, 1, 1, 1]
	443801	315659	324875	6	M	13	A		-1	1921.25868641	[1, 1, 1, 1, 1, 1, 1, 1, 1, 1, 1, 1]
	428842	315278	293863	6	M	109	A		-1	1922.39493407	[1, 1, 1, 1, 1, 1, 1, 1, 1, 1, 1, 1]
	474723	318425	212669	6	M	153	A		-1	1922.77920312	[1, 1, 1, 1, 1, 1, 1, 1, 1, 1, 1, 1]
	457983	316921	258560	6	M	55	A		-1	1923.85700315	[1, 1, 1, 1, 1, 1, 1, 1, 1, 1, 1, 1]
	437005	315606	338165	6	M	72	A		-1	1924.25774975	[1, 1, 1, 1, 1, 1, 1, 1, 1, 1, 1, 1]
	414070	314428	305441	6	M	89	A		-1	1925.04694793	[1, 0, 1, 1, 1, 1, 1, 1, 1, 1, 1, 1]
	460658	317317	318779	6	M	138	A		-1	1926.36941491	[1, 1, 1, 1, 1, 1, 1, 1, 1, 1, 1, 1]
	470660	318425	302843	6	M	89	A		-1	1926.45228781	[1, 1, 1, 1, 1, 1, 1, 1, 1, 1, 1, 1]
	443009	315659	372076	6	M	126	A		-1	1927.82256319	[1, 1, 1, 1, 1, 1, 1, 1, 1, 1, 1, 1]
	394798	394491	390669	6	M	89	A		-1	1928.35432203	[1, 1, 0, 1, 1, 1, 1, 1, 1, 1, 1, 1]
	473299	318425	388740	6	M	107	A		-1	1928.54600245	[1, 1, 1, 1, 1, 1, 1, 1, 1, 1, 1, 1]
	463259	317317	388834	6	M	100	A		-1	1928.71335276	[1, 1, 1, 1, 1, 1, 1, 1, 1, 1, 1, 1]
	432272	315464	348620	6	M	130	A		-1	1928.71711746	[1, 1, 1, 1, 1, 1, 1, 1, 1, 1, 1, 1]
	432058	315464	352174	6	M	198	A		-1	1928.77200484	[1, 1, 1, 1, 1, 1, 1, 1, 1, 1, 1, 1]
	436588	315606	311011	6	M	33	A		-1	1928.83274007	[1, 1, 1, 1, 1, 0, 1, 1, 1, 1, 1, 1]
	425431	315278	375686	6	M	85	A		-1	1928.89661265	[1, 1, 1, 1, 1, 1, 1, 1, 1, 1, 1, 1]
	423182	315139	352433	6	M	70	A		-1	1929.06170398	[1, 1, 1, 1, 1, 1, 1, 1, 1, 1, 1, 0]
	477975	323929	278306	6	M	116	A		-1	1929.51677038	[1, 1, 1, 1, 1, 1, 1, 1, 1, 1, 1, 1]
	364302	226949	176982	5	M	119	A		-1	1930.01912085	[1, 1, 1, 1, 1, 1, 1, 1, 1, 1, 1, 0]
	489406	318547	309274	6	M	103	A		-1	1930.20301749	[1, 1, 1, 1, 1, 1, 1, 1, 1, 1, 1, 1]
	450994	316715	175521	6	M	136	A		-1	1931.1023776	[1, 1, 1, 1, 1, 1, 1, 1, 1, 1, 1, 0]
	304758	227131	278442	5	M	11	A		-1	1931.70653733	[1, 1, 1, 1, 1, 1, 1, 1, 1, 1, 1, 1]
	410545	314428	371111	6	M	56	A		-1	1932.88049321	[1, 0, 1, 1, 1, 1, 1, 1, 1, 1, 1, 0]
	432774	315464	371752	6	M	172	A		-1	1933.44827698	[1, 1, 1, 1, 1, 1, 1, 1, 1, 1, 1, 0]
	405785	314182	356454	6	M	132	A		-1	1933.46656894	[1, 1, 1, 1, 1, 1, 1, 1, 1, 1, 1, 1]
	471316	318425	314347	6	M	12	A		-1	1934.45464861	[1, 1, 1, 1, 1, 1, 1, 1, 1, 1, 1, 1]
	451686	316715	306092	6	M	84	A		-1	1935.60215268	[1, 1, 1, 1, 1, 1, 1, 1, 1, 1, 1, 1]
	446768	316386	223073	6	M	189	A		-1	1935.94365895	[1, 1, 1, 1, 1, 1, 1, 1, 1, 1, 1, 1]
	420247	315139	352354	6	M	92	A		-1	1936.58848284	[1, 1, 1, 1, 1, 1, 1, 1, 1, 1, 1, 1]
	435439	315606	383508	6	M	24	A		-1	1936.78972947	[1, 1, 1, 1, 1, 1, 1, 1, 1, 1, 1, 1]
	486999	318547	341550	6	M	29	A		-1	1937.96638139	[1, 1, 1, 0, 1, 1, 1, 1, 1, 1, 1, 1]
	411753	314428	308403	6	M	153	A		-1	1939.0031969	[1, 1, 1, 1, 1, 1, 1, 1, 1, 1, 1, 1]
	415150	314848	362005	6	M	1	A		-1	1939.27064851	[1, 1, 1, 1, 1, 1, 1, 1, 1, 1, 1, 1]
	426292	315278	355218	6	M	104	A		-1	1939.33947715	[1, 1, 1, 1, 1, 1, 1, 1, 1, 1, 1, 1]
	325470	225329	252472	5	M	20	A		-1	1939.46524678	[1, 1, 1, 0, 1, 1, 1, 1, 1, 1, 1, 1]
	444151	315659	306749	6	M	166	A		-1	1940.37267505	[1, 1, 1, 1, 1, 1, 1, 1, 1, 1, 1, 1]
	447103	316386	315789	6	M	150	A		-1	1941.03674326	[1, 1, 1, 1, 1, 1, 1, 1, 1, 1, 1, 1]
	470814	318425	361417	6	M	186	A		-1	1943.2104082	[1, 1, 1, 1, 1, 1, 1, 1, 1, 1, 1, 1]
	436378	315606	303950	6	M	74	A		-1	1943.67667951	[1, 1, 1, 1, 1, 1, 1, 1, 1, 1, 1, 0]
	481999	318538	371794	6	M	59	A		-1	1944.47804298	[1, 1, 1, 1, 1, 1, 1, 1, 1, 1, 1, 1]
	485702	318547	364399	6	M	157	A		-1	1944.82633493	[1, 1, 1, 0, 1, 1, 1, 1, 1, 1, 1, 1]
	449275	316386	360634	6	M	36	A		-1	1945.97210536	[1, 1, 1, 1, 1, 1, 1, 1, 1, 1, 1, 1]
	424935	315278	359162	6	M	47	A		-1	1946.02767722	[1, 1, 1, 1, 1, 1, 1, 1, 1, 1, 1, 1]
	404548	318239	359906	6	M	111	A		-1	1947.6345214	[1, 1, 1, 1, 1, 1, 1, 1, 1, 1, 1, 1]
	461041	317317	161017	6	M	153	A		-1	1947.88116424	[1, 1, 1, 1, 1, 1, 1, 1, 1, 1, 1, 1]
	429569	315278	309392	6	M	129	A		-1	1948.1704688	[1, 1, 1, 1, 1, 1, 1, 1, 1, 1, 1, 1]
	483715	318538	365173	6	M	55	A		-1	1948.92395854	[1, 1, 1, 0, 1, 1, 1, 1, 1, 1, 1, 1]
	437111	315606	359146	6	M	138	A		-1	1949.88545347	[1, 1, 1, 1, 1, 1, 1, 1, 1, 1, 1, 1]
	453967	316715	360704	6	M	121	A		-1	1951.09702806	[1, 1, 0, 1, 1, 1, 1, 1, 1, 1, 1, 1]
	470316	318425	356424	6	M	25	A		-1	1951.88933336	[1, 1, 1, 1, 1, 1, 1, 1, 1, 1, 1, 1]
	397266	394491	380050	6	M	24	A		-1	1952.59538124	[1, 1, 0, 1, 1, 1, 1, 1, 1, 1, 1, 1]
	425817	315278	375967	6	M	146	A		-1	1953.03717643	[1, 1, 1, 1, 1, 1, 1, 1, 1, 1, 1, 1]
	406956	314182	336896	6	M	3	A		-1	1954.68721065	[1, 1, 1, 1, 1, 1, 1, 1, 1, 1, 1, 1]
	437587	315606	361919	6	M	21	A		-1	1955.00965699	[1, 1, 1, 1, 1, 1, 1, 1, 1, 1, 1, 1]
	429665	315278	378981	6	M	125	A		-1	1956.04099278	[1, 1, 1, 1, 1, 1, 1, 1, 1, 1, 1, 1]
	409043	314182	300140	6	M	27	A		-1	1956.26516791	[1, 1, 1, 1, 1, 1, 1, 1, 1, 1, 1, 0]
	431828	315464	350520	6	M	35	A		-1	1956.35781104	[1, 1, 1, 1, 1, 1, 1, 1, 1, 1, 1, 1]
	434860	315606	340554	6	M	113	A		-1	1957.04056337	[1, 1, 1, 1, 1, 1, 1, 1, 1, 1, 1, 1]
	486341	318547	324240	6	M	43	A		-1	1957.62903888	[1, 1, 1, 1, 1, 1, 1, 1, 1, 1, 1, 1]
	411594	314428	356392	6	M	128	A		-1	1957.95041969	[1, 0, 1, 1, 1, 1, 1, 1, 1, 1, 1, 1]
	435275	315606	295551	6	M	98	A		-1	1958.27469915	[1, 1, 1, 1, 1, 1, 1, 1, 1, 1, 1, 1]
	399073	394491	317009	6	M	166	A		-1	1959.42549357	[1, 1, 0, 1, 1, 1, 1, 1, 1, 1, 1, 0]
	400074	318239	291926	6	M	174	A		-1	1961.30954882	[1, 1, 1, 1, 1, 1, 1, 1, 1, 1, 1, 0]
	407750	314182	331184	6	M	25	A		-1	1962.25799905	[1, 1, 1, 1, 1, 1, 1, 1, 1, 1, 1, 0]
	410399	314428	179337	6	M	23	A		-1	1965.20583391	[1, 0, 1, 1, 1, 1, 1, 1, 1, 1, 1, 1]
	457212	316921	280500	6	M	40	A		-1	1965.23669566	[1, 1, 1, 1, 1, 1, 1, 1, 1, 1, 1, 1]
	485082	318547	269647	6	M	189	A		-1	1966.04900548	[1, 1, 1, 1, 1, 1, 1, 1, 1, 1, 1, 1]
	436695	315606	305163	6	M	113	A		-1	1966.11369673	[1, 1, 1, 1, 1, 1, 1, 1, 1, 1, 1, 1]
	462018	317317	315379	6	M	67	A		-1	1966.46943918	[1, 1, 1, 1, 1, 1, 1, 1, 1, 1, 1, 1]
	410006	314428	382264	6	M	72	A		-1	1966.52981486	[1, 0, 1, 1, 1, 1, 1, 1, 1, 1, 1, 1]
	434861	315606	382086	6	M	135	A		-1	1967.07075514	[1, 1, 1, 1, 1, 1, 1, 1, 1, 1, 1, 1]
	418825	314848	319687	6	M	25	A		-1	1967.71234824	[1, 1, 1, 1, 1, 1, 1, 1, 1, 1, 1, 1]
	419228	314848	356953	6	M	64	A		-1	1968.13314813	[1, 1, 1, 1, 1, 1, 1, 1, 1, 1, 1, 1]
	422078	315139	373097	6	M	101	A		-1	1969.15774347	[1, 1, 1, 1, 1, 1, 1, 1, 1, 1, 1, 0]
	493507	318601	314492	6	M	28	A		-1	1969.97475037	[1, 1, 0, 1, 1, 1, 1, 1, 1, 1, 1, 1]
	426600	315278	361508	6	M	190	A		-1	1970.29435282	[1, 1, 1, 1, 1, 1, 1, 1, 1, 1, 1, 1]
	457208	316921	312075	6	M	54	A		-1	1972.42083733	[1, 1, 1, 1, 1, 1, 1, 1, 1, 1, 1, 0]
	428100	315278	354241	6	M	132	A		-1	1972.95729647	[1, 1, 1, 1, 1, 1, 1, 1, 1, 1, 1, 1]
	402116	318239	300707	6	M	155	A		-1	1973.93196836	[1, 1, 1, 1, 1, 1, 1, 1, 1, 1, 1, 1]
	480206	318538	317344	6	M	51	A		-1	1975.22122311	[1, 1, 1, 0, 1, 1, 1, 1, 1, 1, 1, 1]
	483399	318538	347912	6	M	189	A		-1	1976.33289199	[1, 1, 1, 1, 1, 1, 1, 1, 1, 1, 1, 1]
	415983	314848	373705	6	M	146	A		-1	1980.18919038	[1, 1, 1, 1, 1, 1, 1, 1, 1, 1, 1, 0]
	407530	314182	384351	6	M	159	A		-1	1981.49767681	[1, 1, 1, 1, 1, 1, 1, 1, 1, 1, 1, 1]
	426158	315278	277945	6	M	166	A		-1	1981.67251997	[1, 1, 1, 1, 1, 1, 1, 1, 1, 1, 1, 1]
	395136	394491	205318	6	M	95	A		-1	1981.8757646	[1, 1, 1, 1, 1, 1, 1, 1, 1, 1, 1, 1]
	437073	315606	363188	6	M	164	A		-1	1987.03628013	[1, 1, 1, 1, 1, 1, 1, 1, 1, 1, 1, 1]
	425527	315278	313277	6	M	110	A		-1	1988.63776279	[1, 1, 1, 1, 1, 1, 1, 1, 1, 1, 1, 1]
	490922	318601	303147	6	M	180	A		-1	1991.0994713	[1, 1, 0, 1, 1, 1, 1, 1, 1, 1, 1, 1]
	470636	318425	389450	6	M	32	A		-1	1991.58470843	[1, 1, 1, 1, 1, 1, 1, 1, 1, 1, 1, 1]
	430292	315464	391699	6	M	183	A		-1	1993.87240408	[1, 1, 1, 1, 1, 1, 1, 1, 1, 1, 1, 0]
	480236	318538	343323	6	M	66	A		-1	1994.62102958	[1, 1, 1, 1, 1, 1, 1, 1, 1, 1, 1, 1]
	409108	314182	346346	6	M	148	A		-1	1995.93992433	[1, 1, 1, 1, 1, 1, 1, 1, 1, 1, 1, 1]
	442207	315659	216213	6	M	39	A		-1	1996.11191675	[1, 1, 1, 1, 1, 1, 1, 1, 1, 1, 1, 1]
	439898	315659	317702	6	M	27	A		-1	1998.09598664	[1, 1, 1, 1, 1, 0, 1, 1, 1, 1, 1, 1]
	484251	318538	306808	6	M	87	A		-1	2000.76254023	[1, 1, 1, 1, 1, 1, 1, 1, 1, 1, 1, 1]
	431031	315464	364623	6	M	171	A		-1	2001.86543193	[1, 1, 1, 1, 1, 1, 1, 1, 1, 1, 1, 1]
	482638	318538	324996	6	M	164	A		-1	2013.51706101	[1, 1, 1, 1, 1, 1, 1, 1, 1, 1, 1, 1]
	480366	318538	321730	6	M	197	A		-1	2017.1826348	[1, 1, 1, 0, 1, 1, 1, 1, 1, 1, 1, 1]
	474210	318425	360983	6	M	174	A		-1	2018.93678473	[1, 1, 1, 1, 1, 1, 1, 1, 1, 1, 1, 1]
	484258	318538	374314	6	M	44	A		-1	2023.25404828	[1, 1, 1, 0, 1, 1, 1, 1, 1, 1, 1, 1]
	421709	315139	351888	6	M	49	A		-1	2025.97924132	[1, 1, 1, 1, 1, 1, 1, 1, 1, 1, 1, 1]
	438198	315606	300213	6	M	167	A		-1	2026.38083304	[1, 1, 1, 1, 1, 1, 1, 1, 1, 1, 1, 0]
	470496	318425	337505	6	M	88	A		-1	2027.05420092	[1, 1, 1, 1, 1, 1, 1, 1, 1, 1, 1, 1]
	427973	315278	331802	6	M	122	A		-1	2028.48333389	[1, 1, 1, 1, 1, 1, 1, 1, 1, 1, 1, 0]
	409735	314182	356153	6	M	16	A		-1	2028.62650374	[1, 1, 1, 1, 1, 0, 1, 1, 1, 1, 1, 1]
	432775	315464	391554	6	M	114	A		-1	2030.42891983	[1, 1, 1, 1, 1, 1, 1, 1, 1, 1, 1, 0]
	406912	314182	234165	6	M	69	A		-1	2032.15328166	[1, 1, 1, 1, 1, 1, 1, 1, 1, 1, 1, 1]
	414624	314428	338748	6	M	174	A		-1	2034.26564198	[1, 0, 1, 1, 1, 1, 1, 1, 1, 1, 1, 1]
	399106	394491	344620	6	M	36	A		-1	2034.54945943	[1, 1, 1, 1, 1, 1, 1, 1, 1, 1, 1, 1]
	426397	315278	353002	6	M	107	A		-1	2040.22418801	[1, 1, 1, 1, 1, 1, 1, 1, 1, 1, 1, 1]
	410933	314428	382291	6	M	187	A		-1	2054.15952925	[1, 0, 1, 1, 1, 1, 1, 1, 1, 1, 1, 1]
	375016	234749	266001	5	M	19	A		-1	2074.77203462	[1, 1, 1, 1, 1, 1, 1, 1, 1, 1, 1, 1]
	402248	318239	295602	6	M	69	A		-1	2082.69939951	[1, 1, 1, 1, 1, 1, 1, 1, 1, 1, 1, 1]
	429127	315278	297551	6	M	121	A		-1	2087.90287957	[1, 1, 1, 1, 1, 1, 1, 1, 1, 1, 1, 1]
	441306	315659	289764	6	M	188	A		-1	2089.72321455	[1, 1, 1, 1, 1, 1, 1, 1, 1, 1, 1, 1]
	412822	314428	361706	6	M	18	A		-1	2090.59544553	[1, 1, 1, 1, 1, 1, 1, 1, 1, 1, 1, 1]
	462985	317317	345797	6	M	88	A		-1	2092.51997375	[1, 1, 1, 1, 1, 1, 1, 1, 1, 1, 1, 1]
	473900	318425	375851	6	M	92	A		-1	2116.13421197	[1, 1, 1, 1, 1, 1, 1, 1, 1, 1, 1, 1]
	494022	318601	375997	6	M	45	A		-1	2123.62281128	[1, 1, 1, 1, 1, 1, 1, 1, 1, 1, 1, 1]
	429650	315278	384522	6	M	158	A		-1	2170.2074296	[1, 1, 1, 1, 1, 1, 1, 1, 1, 1, 1, 1]
	435861	315606	319741	6	M	85	A		-1	2171.38734915	[1, 1, 1, 1, 1, 1, 1, 1, 1, 1, 1, 1]
	460126	317317	304429	6	M	199	A		-1	2171.84250499	[1, 0, 1, 1, 1, 1, 1, 1, 1, 1, 1, 1]
	467983	317623	334801	6	M	33	A		-1	2276.63566785	[1, 0, 1, 1, 1, 1, 1, 1, 1, 1, 1, 1]
	460127	317317	363868	6	M	176	A		-1	2280.16812005	[1, 1, 1, 1, 1, 1, 1, 1, 1, 1, 1, 1]
