animal	sire	dam	born	sex	herd	status	cause	died	TBV	recessives
	335661	212482	137040	5	M	20	A		-1	1597.26224819	[1, 1, 1, 1, 1, 1, 1, 1, 1, 1, 1, 1]
	355974	263718	124224	5	M	0	A		-1	1597.39738299	[1, 1, 1, 1, 1, 1, 1, 1, 1, 1, 1, 1]
	331749	259552	221150	5	M	79	A		-1	1597.40408089	[1, 1, 1, 1, 1, 1, 1, 1, 1, 1, 1, 1]
	345927	211310	279896	5	M	3	A		-1	1597.62727303	[1, 1, 1, 1, 1, 1, 1, 1, 1, 1, 1, 1]
	392983	143017	207883	5	M	49	A		-1	1598.09173881	[1, 1, 1, 1, 1, 1, 1, 1, 1, 1, 1, 1]
	335774	195598	255860	5	M	33	A		-1	1598.18358241	[1, 1, 1, 1, 1, 1, 1, 1, 1, 1, 1, 1]
	277305	185979	171784	4	M	50	A		-1	1598.22487432	[1, 1, 1, 1, 1, 1, 1, 0, 1, 1, 1, 1]
	356312	254722	286170	5	M	24	A		-1	1598.31933953	[1, 1, 1, 1, 1, 1, 1, 1, 1, 1, 1, 1]
	350141	269223	181234	5	M	52	A		-1	1598.34213864	[1, 1, 1, 1, 1, 1, 1, 1, 1, 1, 1, 1]
	341133	197914	144957	5	M	26	A		-1	1598.34306811	[1, 1, 1, 1, 1, 1, 1, 1, 1, 1, 1, 1]
	330334	245601	91828	5	M	97	A		-1	1599.05530215	[1, 1, 1, 1, 1, 1, 1, 1, 1, 0, 1, 1]
	237695	185066	131391	4	M	81	A		-1	1599.11585803	[1, 1, 1, 1, 1, 1, 1, 1, 1, 1, 1, 1]
	339462	254121	196013	5	M	31	A		-1	1599.24842286	[1, 1, 1, 1, 1, 0, 1, 1, 1, 1, 1, 1]
	380415	289589	208861	5	M	48	A		-1	1599.28035252	[0, 1, 1, 1, 1, 1, 1, 1, 1, 1, 1, 1]
	364562	229944	159600	5	M	86	A		-1	1599.49160788	[1, 1, 1, 1, 1, 1, 1, 1, 1, 1, 1, 1]
	317621	239507	206641	5	M	43	A		-1	1599.54126661	[1, 1, 1, 1, 1, 1, 1, 1, 1, 1, 1, 1]
	208921	75878	108541	4	M	65	A		-1	1599.70697913	[1, 1, 1, 1, 1, 1, 1, 1, 1, 1, 1, 1]
	316484	276653	218191	5	M	52	A		-1	1599.71613159	[1, 1, 1, 1, 1, 1, 1, 1, 1, 1, 1, 1]
	393550	251411	174314	5	M	37	A		-1	1599.81924319	[1, 0, 1, 1, 1, 1, 1, 1, 1, 1, 1, 1]
	309172	230752	230662	5	M	15	A		-1	1599.85395448	[1, 1, 1, 1, 1, 1, 1, 1, 1, 1, 1, 1]
	388805	285381	294601	5	M	42	A		-1	1600.12683132	[1, 1, 1, 1, 1, 1, 1, 1, 1, 1, 1, 0]
	334881	212379	260361	5	M	44	A		-1	1600.25015638	[1, 1, 1, 1, 1, 1, 1, 1, 1, 1, 1, 1]
	375646	246726	88320	5	M	45	A		-1	1600.37482152	[1, 1, 1, 1, 1, 1, 1, 1, 1, 1, 1, 1]
	353193	269223	284563	5	M	50	A		-1	1600.48603736	[1, 1, 0, 1, 1, 1, 1, 1, 1, 1, 1, 1]
	353517	278485	294849	5	M	39	A		-1	1600.66877148	[1, 1, 1, 1, 1, 1, 1, 1, 1, 1, 1, 1]
	357661	291270	214506	5	M	3	A		-1	1600.8095735	[1, 1, 1, 1, 1, 1, 1, 1, 1, 1, 1, 0]
	349349	264488	135897	5	M	29	A		-1	1601.30504833	[1, 1, 1, 1, 1, 1, 1, 1, 1, 1, 1, 1]
	383518	221387	210705	5	M	86	A		-1	1601.53070129	[1, 1, 1, 1, 1, 1, 1, 1, 1, 1, 1, 1]
	394888	288843	281153	5	M	90	A		-1	1601.84152169	[1, 1, 1, 1, 0, 1, 1, 1, 1, 1, 1, 1]
	274824	169697	179238	4	M	67	A		-1	1601.86108428	[1, 0, 1, 1, 1, 1, 1, 1, 1, 1, 1, 1]
	220086	179967	182577	4	M	66	A		-1	1601.90896366	[1, 1, 1, 1, 1, 1, 1, 1, 1, 1, 1, 1]
	368764	220029	214753	5	M	20	A		-1	1601.92687978	[1, 1, 1, 1, 1, 1, 1, 1, 1, 1, 1, 1]
	381342	274249	206239	5	M	7	A		-1	1601.96589423	[1, 1, 1, 1, 1, 1, 1, 1, 1, 1, 1, 1]
	347822	222666	200696	5	M	46	A		-1	1602.11038497	[1, 1, 1, 1, 1, 0, 1, 1, 1, 1, 1, 1]
	312582	273143	124012	5	M	4	A		-1	1602.38758114	[1, 1, 1, 1, 1, 1, 1, 1, 1, 1, 0, 1]
	301372	211310	140737	5	M	14	A		-1	1602.39833144	[1, 1, 1, 0, 1, 1, 1, 1, 1, 1, 1, 1]
	326913	247097	243369	5	M	47	A		-1	1602.48668622	[1, 1, 1, 1, 1, 1, 1, 1, 1, 1, 1, 1]
	305357	225829	230178	5	M	22	A		-1	1602.52717834	[1, 1, 1, 1, 1, 1, 1, 1, 1, 1, 1, 1]
	386264	265141	220931	5	M	67	A		-1	1602.57388949	[1, 1, 1, 1, 1, 1, 1, 1, 1, 1, 1, 1]
	289522	152408	192619	4	M	66	A		-1	1603.24305677	[1, 1, 1, 1, 1, 1, 1, 1, 1, 1, 1, 1]
	318856	214889	255188	5	M	25	A		-1	1603.76727052	[1, 1, 1, 1, 1, 0, 1, 1, 1, 1, 1, 1]
	384123	151767	77992	5	M	37	A		-1	1603.84991425	[1, 1, 0, 1, 1, 1, 1, 1, 1, 1, 1, 0]
	340387	237892	291303	5	M	83	A		-1	1604.02555708	[0, 1, 1, 1, 1, 1, 1, 1, 1, 1, 1, 1]
	385358	271455	277490	5	M	55	A		-1	1604.18143164	[1, 1, 1, 1, 1, 1, 1, 1, 1, 1, 1, 1]
	299042	248944	260558	5	M	49	A		-1	1604.49442432	[1, 1, 1, 1, 1, 1, 1, 1, 1, 1, 1, 1]
	347854	251629	168540	5	M	87	A		-1	1604.5154588	[1, 1, 1, 1, 1, 0, 1, 1, 1, 1, 1, 1]
	353813	241218	269417	5	M	84	A		-1	1604.82147595	[1, 1, 1, 1, 1, 1, 1, 1, 1, 1, 1, 1]
	384608	246660	252696	5	M	41	A		-1	1604.89366892	[1, 1, 1, 1, 1, 1, 1, 1, 1, 1, 1, 1]
	364276	250762	154783	5	M	58	A		-1	1605.20180318	[1, 1, 1, 1, 1, 1, 1, 1, 1, 1, 1, 1]
	307897	206324	259956	5	M	34	A		-1	1605.27925809	[1, 1, 1, 1, 1, 1, 1, 1, 1, 1, 1, 1]
	382347	243287	282267	5	M	42	A		-1	1605.38168995	[1, 1, 1, 1, 1, 0, 1, 1, 1, 1, 1, 1]
	353824	200396	245397	5	M	51	A		-1	1605.42935543	[1, 1, 1, 1, 1, 1, 1, 1, 1, 1, 1, 1]
	388978	283492	252363	5	M	32	A		-1	1605.53404848	[0, 1, 1, 1, 1, 1, 1, 1, 1, 1, 1, 1]
	359788	253127	151716	5	M	73	A		-1	1605.97802079	[1, 1, 1, 0, 1, 1, 1, 1, 1, 1, 1, 1]
	252631	140056	129779	4	M	54	A		-1	1606.21644354	[1, 1, 1, 1, 1, 1, 1, 1, 1, 1, 1, 1]
	241399	138600	151679	4	M	95	A		-1	1606.25253082	[1, 1, 1, 0, 1, 1, 1, 1, 1, 1, 1, 1]
	343518	198332	292036	5	M	70	A		-1	1606.31066059	[1, 1, 1, 1, 1, 1, 1, 1, 1, 1, 1, 1]
	318189	211481	206255	5	M	30	A		-1	1606.69767947	[1, 1, 1, 1, 1, 1, 1, 1, 1, 1, 1, 1]
	252198	123647	155836	4	M	60	A		-1	1607.07535245	[1, 1, 0, 1, 1, 1, 1, 1, 1, 1, 1, 1]
	360768	248658	281832	5	M	54	A		-1	1607.23549242	[1, 1, 1, 1, 1, 1, 0, 1, 1, 1, 1, 1]
	317620	209874	187442	5	M	66	A		-1	1607.3144478	[1, 1, 1, 1, 1, 1, 1, 1, 1, 1, 1, 1]
	318084	243291	131082	5	M	23	A		-1	1607.83151949	[1, 1, 1, 1, 1, 1, 1, 1, 1, 1, 1, 1]
	346294	252524	167257	5	M	98	A		-1	1608.03602733	[1, 1, 1, 1, 1, 1, 1, 1, 1, 1, 1, 1]
	306292	254332	250911	5	M	79	A		-1	1608.17533962	[1, 1, 1, 1, 1, 1, 1, 1, 1, 1, 1, 1]
	394722	281609	222701	5	M	100	A		-1	1608.57691902	[1, 1, 1, 1, 1, 1, 1, 1, 1, 1, 1, 1]
	318420	281405	214401	5	M	16	A		-1	1608.84883015	[1, 1, 0, 1, 1, 1, 1, 1, 1, 1, 1, 1]
	329684	266216	132364	5	M	35	A		-1	1608.91976033	[1, 1, 1, 1, 1, 1, 1, 1, 1, 1, 1, 1]
	343233	242246	175519	5	M	69	A		-1	1609.08135961	[1, 1, 1, 1, 1, 1, 1, 1, 1, 1, 1, 1]
	194932	149447	188537	4	M	60	A		-1	1609.70552853	[1, 1, 1, 1, 1, 1, 1, 1, 1, 1, 1, 1]
	303903	255881	239876	5	M	31	A		-1	1609.81936973	[1, 1, 1, 1, 1, 1, 1, 1, 1, 1, 1, 1]
	357962	205950	228467	5	M	55	A		-1	1610.14690224	[1, 1, 1, 1, 1, 1, 1, 1, 1, 1, 1, 1]
	232612	133385	161315	4	M	14	A		-1	1610.53167024	[1, 1, 1, 1, 1, 1, 1, 1, 1, 1, 1, 1]
	345681	237892	98605	5	M	31	A		-1	1610.93883181	[1, 1, 1, 1, 1, 1, 1, 1, 1, 1, 1, 1]
	365531	250518	198816	5	M	94	A		-1	1611.82087721	[1, 1, 1, 1, 1, 1, 1, 1, 1, 1, 1, 0]
	302530	251629	230340	5	M	95	A		-1	1611.83727992	[1, 1, 1, 1, 1, 1, 1, 1, 1, 1, 1, 0]
	351514	244868	236505	5	M	52	A		-1	1611.95292866	[1, 1, 1, 1, 1, 1, 1, 1, 1, 1, 1, 0]
	368734	243895	236283	5	M	76	A		-1	1612.63020369	[1, 1, 1, 1, 1, 1, 1, 1, 1, 1, 1, 1]
	380727	198690	104474	5	M	30	A		-1	1612.90741154	[1, 1, 1, 1, 1, 1, 1, 1, 1, 1, 1, 1]
	392641	243895	253160	5	M	98	A		-1	1612.97723455	[1, 1, 1, 1, 1, 1, 1, 1, 1, 1, 1, 1]
	361318	209085	290469	5	M	29	A		-1	1613.30881427	[1, 1, 1, 1, 1, 1, 1, 1, 1, 1, 1, 1]
	323156	258647	232003	5	M	53	A		-1	1613.33700187	[1, 1, 1, 1, 1, 1, 1, 1, 1, 1, 1, 1]
	368701	253996	242644	5	M	91	A		-1	1613.45466595	[1, 0, 1, 1, 1, 1, 1, 1, 1, 1, 1, 1]
	325038	207526	282322	5	M	25	A		-1	1613.54375331	[1, 1, 1, 1, 1, 1, 1, 1, 1, 1, 1, 1]
	323401	283299	205270	5	M	42	A		-1	1613.81689106	[1, 1, 1, 1, 1, 1, 1, 1, 1, 1, 1, 1]
	310574	264376	280826	5	M	7	A		-1	1613.82555929	[0, 1, 1, 1, 1, 1, 1, 1, 1, 1, 1, 0]
	234724	189752	170547	4	M	29	A		-1	1613.96994739	[1, 1, 1, 1, 1, 1, 1, 1, 1, 1, 1, 1]
	297423	209874	139999	5	M	92	A		-1	1614.07509859	[1, 1, 1, 1, 1, 1, 1, 1, 1, 1, 1, 1]
	343860	218671	261352	5	M	42	A		-1	1614.32187631	[1, 1, 1, 1, 1, 1, 1, 1, 1, 1, 1, 1]
	394596	267169	216471	5	M	100	A		-1	1614.40492755	[1, 1, 1, 1, 1, 1, 1, 1, 1, 1, 1, 1]
	324358	252198	126748	5	M	20	A		-1	1614.74073751	[1, 1, 1, 1, 1, 1, 1, 1, 1, 1, 1, 1]
	360041	208006	211720	5	M	71	A		-1	1614.87667651	[1, 1, 1, 1, 1, 1, 1, 1, 1, 1, 1, 1]
	349516	243630	266642	5	M	56	A		-1	1615.08330238	[1, 1, 1, 1, 1, 1, 1, 1, 1, 1, 1, 1]
	371688	244680	163783	5	M	78	A		-1	1615.83511566	[1, 1, 1, 1, 1, 1, 1, 1, 1, 1, 1, 1]
	348179	254105	258478	5	M	90	A		-1	1615.97699807	[1, 1, 0, 1, 1, 1, 1, 1, 1, 1, 1, 1]
	391958	124887	229207	5	M	52	A		-1	1616.11907727	[1, 1, 1, 1, 1, 1, 1, 1, 1, 1, 1, 1]
	350727	256939	267390	5	M	38	A		-1	1616.26566938	[1, 1, 1, 1, 1, 1, 1, 1, 1, 1, 1, 1]
	215976	169088	150586	4	M	1	A		-1	1616.48466761	[1, 1, 1, 1, 1, 1, 1, 1, 1, 1, 1, 1]
	372641	262275	266390	5	M	34	A		-1	1616.5791986	[1, 0, 1, 1, 1, 1, 1, 1, 1, 1, 1, 1]
	380072	187932	289642	5	M	18	A		-1	1616.99017205	[1, 1, 1, 1, 1, 1, 1, 1, 1, 1, 1, 1]
	342854	281609	219034	5	M	23	A		-1	1617.03500614	[1, 1, 1, 1, 1, 1, 1, 1, 1, 1, 1, 1]
	301733	205950	141789	5	M	36	A		-1	1617.27618961	[1, 1, 1, 1, 1, 1, 1, 1, 1, 1, 1, 1]
	372972	197377	251518	5	M	86	A		-1	1617.63277842	[1, 1, 1, 1, 1, 1, 1, 1, 1, 1, 1, 1]
	394233	223643	109572	5	M	2	A		-1	1617.98149227	[1, 1, 1, 1, 1, 1, 1, 1, 1, 1, 1, 0]
	317933	273306	229170	5	M	20	A		-1	1618.22436375	[1, 1, 1, 1, 1, 1, 1, 1, 1, 1, 1, 1]
	378228	248961	124333	5	M	81	A		-1	1618.33072233	[1, 1, 1, 1, 1, 1, 1, 1, 1, 1, 1, 1]
	346890	196501	80510	5	M	88	A		-1	1619.29740492	[1, 1, 1, 1, 1, 1, 1, 1, 1, 1, 1, 1]
	386139	208921	202451	5	M	25	A		-1	1619.9590976	[1, 1, 1, 1, 1, 1, 1, 1, 1, 1, 1, 1]
	372007	272317	198762	5	M	64	A		-1	1620.02411804	[1, 1, 1, 1, 1, 1, 1, 1, 1, 1, 1, 1]
	389831	246660	207260	5	M	45	A		-1	1620.4917935	[1, 1, 1, 1, 1, 1, 1, 1, 1, 1, 1, 1]
	297607	194932	270649	5	M	77	A		-1	1620.73219669	[1, 1, 1, 1, 1, 1, 1, 1, 1, 1, 1, 1]
	371960	221055	293203	5	M	53	A		-1	1620.80521949	[1, 1, 1, 1, 1, 1, 1, 1, 1, 1, 1, 1]
	312012	294113	269139	5	M	97	A		-1	1621.33294115	[1, 1, 1, 1, 1, 1, 1, 1, 1, 1, 1, 1]
	360136	285012	203687	5	M	48	A		-1	1621.41055699	[1, 1, 1, 1, 1, 1, 1, 1, 1, 1, 1, 1]
	368284	213843	243423	5	M	16	A		-1	1621.61765494	[1, 1, 1, 1, 1, 1, 1, 1, 1, 1, 1, 1]
	334875	242227	247714	5	M	80	A		-1	1621.8036301	[1, 1, 1, 1, 1, 1, 1, 1, 1, 1, 1, 1]
	377323	218419	199189	5	M	38	A		-1	1622.65831123	[1, 1, 1, 1, 1, 1, 1, 1, 1, 1, 1, 1]
	297299	293906	203159	5	M	94	A		-1	1622.73430091	[1, 1, 1, 1, 1, 1, 1, 1, 1, 1, 1, 1]
	322786	294113	290792	5	M	45	A		-1	1622.94340991	[1, 1, 0, 1, 1, 1, 1, 1, 1, 1, 1, 1]
	385417	275873	152614	5	M	9	A		-1	1623.09679949	[1, 1, 1, 1, 1, 1, 1, 1, 1, 1, 0, 1]
	387605	289343	237109	5	M	88	A		-1	1623.30587209	[1, 1, 1, 1, 1, 1, 1, 1, 1, 1, 1, 1]
	373683	194900	249955	5	M	54	A		-1	1623.83841623	[1, 1, 1, 0, 0, 0, 1, 1, 1, 1, 1, 1]
	348952	243875	204066	5	M	91	A		-1	1623.94902624	[1, 1, 1, 1, 1, 1, 1, 1, 1, 1, 1, 1]
	343129	294113	191312	5	M	35	A		-1	1624.10748359	[1, 1, 1, 1, 1, 1, 1, 1, 1, 1, 1, 1]
	319246	244403	219775	5	M	23	A		-1	1624.11710729	[1, 1, 1, 1, 1, 1, 1, 1, 1, 1, 1, 1]
	371948	276610	244512	5	M	28	A		-1	1624.23973027	[1, 1, 1, 1, 1, 1, 1, 1, 1, 1, 1, 1]
	302063	246726	220647	5	M	48	A		-1	1624.77891485	[1, 1, 1, 1, 1, 1, 1, 1, 1, 1, 1, 1]
	366756	263718	156931	5	M	36	A		-1	1624.80432517	[1, 1, 1, 1, 1, 1, 1, 1, 1, 1, 1, 1]
	310241	204222	282955	5	M	61	A		-1	1625.09856375	[1, 1, 1, 1, 1, 1, 1, 1, 1, 1, 1, 1]
	324648	237581	281171	5	M	56	A		-1	1625.15628845	[1, 0, 1, 1, 1, 1, 1, 1, 1, 1, 1, 1]
	362937	229263	188566	5	M	92	A		-1	1626.40415054	[1, 1, 1, 1, 1, 1, 1, 1, 1, 1, 1, 1]
	372872	255578	200573	5	M	79	A		-1	1626.66193583	[1, 1, 1, 1, 1, 1, 1, 1, 1, 1, 1, 0]
	388855	270813	243032	5	M	14	A		-1	1626.79756159	[1, 1, 1, 1, 1, 1, 1, 1, 1, 1, 1, 1]
	337622	241734	265538	5	M	1	A		-1	1626.81557387	[1, 1, 1, 1, 1, 1, 1, 1, 1, 1, 1, 1]
	314859	252531	199169	5	M	18	A		-1	1627.39028366	[1, 1, 1, 1, 1, 1, 1, 1, 1, 1, 1, 1]
	211310	167743	182593	4	M	86	A		-1	1627.53150992	[1, 1, 1, 1, 1, 1, 1, 1, 1, 1, 1, 1]
	381123	234818	194930	5	M	53	A		-1	1627.81139102	[1, 1, 1, 1, 1, 1, 1, 1, 1, 1, 1, 1]
	323260	246660	274708	5	M	39	A		-1	1628.05052928	[1, 1, 1, 1, 1, 1, 1, 1, 1, 1, 1, 1]
	337774	227024	276406	5	M	31	A		-1	1628.09787125	[1, 1, 1, 1, 1, 1, 1, 1, 1, 1, 1, 1]
	336960	274824	161502	5	M	67	A		-1	1629.19420268	[1, 0, 1, 1, 1, 1, 1, 1, 1, 1, 1, 1]
	352565	288740	216141	5	M	84	A		-1	1629.50867675	[1, 1, 1, 1, 1, 1, 1, 1, 1, 1, 1, 1]
	386017	209874	268628	5	M	56	A		-1	1629.80401151	[1, 1, 1, 1, 1, 1, 1, 1, 1, 1, 1, 1]
	339061	245911	248590	5	M	7	A		-1	1629.83841329	[0, 1, 1, 1, 1, 1, 1, 1, 1, 1, 1, 1]
	369846	220029	124974	5	M	46	A		-1	1630.4163023	[1, 1, 1, 1, 1, 1, 1, 1, 1, 1, 1, 1]
	369772	247021	279148	5	M	18	A		-1	1630.66675442	[1, 1, 1, 1, 1, 1, 1, 1, 1, 1, 1, 1]
	326806	253961	228480	5	M	39	A		-1	1630.94375319	[1, 1, 1, 1, 1, 1, 1, 1, 1, 1, 1, 0]
	309075	252631	290951	5	M	12	A		-1	1631.01560576	[1, 1, 1, 1, 1, 1, 1, 1, 1, 1, 1, 1]
	384093	194932	182879	5	M	84	A		-1	1631.33030628	[1, 1, 1, 1, 1, 1, 1, 1, 1, 1, 1, 1]
	318028	197436	274766	5	M	43	A		-1	1631.45713236	[1, 1, 1, 1, 1, 1, 1, 1, 1, 1, 1, 1]
	350632	199733	212653	5	M	93	A		-1	1631.58649407	[1, 1, 1, 1, 1, 0, 1, 1, 1, 1, 1, 1]
	339508	280954	241467	5	M	95	A		-1	1631.86687887	[1, 1, 1, 1, 1, 1, 1, 1, 1, 1, 1, 1]
	384200	290625	156117	5	M	2	A		-1	1631.94149254	[1, 0, 1, 1, 1, 1, 1, 1, 1, 1, 1, 1]
	294113	148017	143702	4	M	9	A		-1	1632.598001	[1, 1, 1, 1, 1, 1, 1, 1, 1, 1, 1, 1]
	318078	289099	218501	5	M	8	A		-1	1632.614502	[1, 1, 1, 1, 1, 1, 1, 1, 1, 1, 1, 1]
	341574	256529	235978	5	M	19	A		-1	1632.85323528	[1, 1, 1, 1, 1, 1, 1, 1, 1, 1, 1, 0]
	375578	223846	223187	5	M	14	A		-1	1632.99772519	[1, 1, 1, 1, 1, 1, 1, 1, 1, 1, 1, 1]
	380337	210922	132775	5	M	20	A		-1	1633.02030632	[1, 1, 1, 1, 1, 0, 1, 1, 1, 1, 1, 1]
	377814	221203	220584	5	M	61	A		-1	1633.11952231	[1, 1, 0, 1, 1, 1, 1, 1, 1, 1, 1, 1]
	327683	222483	289923	5	M	97	A		-1	1633.21961658	[1, 1, 0, 1, 1, 1, 1, 1, 1, 1, 1, 1]
	344266	267541	183714	5	M	75	A		-1	1633.3463995	[1, 1, 1, 1, 1, 1, 1, 1, 1, 1, 1, 1]
	341868	255630	144571	5	M	20	A		-1	1633.49933691	[1, 1, 1, 1, 1, 1, 1, 1, 1, 1, 1, 0]
	376479	221055	161137	5	M	45	A		-1	1633.66641347	[1, 1, 1, 1, 1, 1, 1, 1, 1, 1, 1, 0]
	330230	277305	151814	5	M	76	A		-1	1633.68609258	[1, 1, 1, 1, 1, 1, 1, 0, 1, 1, 1, 1]
	374180	277018	275301	5	M	86	A		-1	1633.6936964	[1, 1, 1, 1, 1, 1, 1, 1, 1, 1, 1, 1]
	298820	271073	217212	5	M	0	A		-1	1634.12615185	[1, 1, 1, 1, 1, 1, 1, 1, 1, 1, 1, 1]
	379664	264488	143890	5	M	99	A		-1	1634.7585141	[1, 1, 1, 1, 1, 1, 1, 1, 1, 1, 1, 1]
	340268	217075	203538	5	M	52	A		-1	1635.5269254	[0, 1, 1, 1, 1, 1, 1, 1, 1, 1, 1, 1]
	326242	153910	155112	5	M	19	A		-1	1635.53205289	[1, 1, 1, 1, 1, 1, 1, 1, 1, 1, 1, 1]
	350457	281405	214534	5	M	9	A		-1	1635.65156077	[0, 1, 1, 1, 1, 1, 1, 1, 1, 1, 1, 1]
	323358	237892	157202	5	M	69	A		-1	1635.84005172	[0, 1, 1, 1, 1, 1, 1, 1, 1, 1, 1, 1]
	299353	264903	171093	5	M	49	A		-1	1635.84507695	[1, 1, 1, 1, 1, 1, 1, 1, 1, 1, 1, 1]
	360486	273306	100946	5	M	87	A		-1	1635.90121539	[1, 1, 1, 1, 1, 1, 1, 1, 1, 1, 1, 1]
	302855	205781	289851	5	M	73	A		-1	1636.05386275	[1, 1, 1, 1, 1, 1, 1, 1, 1, 1, 1, 1]
	375136	197884	203202	5	M	3	A		-1	1636.34641518	[1, 1, 1, 0, 1, 1, 1, 1, 1, 1, 1, 1]
	277717	149754	104691	4	M	8	A		-1	1637.05610993	[1, 1, 0, 1, 1, 1, 1, 1, 1, 1, 1, 1]
	341824	276653	143054	5	M	25	A		-1	1637.53666304	[1, 1, 1, 1, 1, 1, 1, 1, 1, 1, 1, 0]
	305895	267541	290856	5	M	54	A		-1	1637.96523289	[1, 1, 1, 0, 1, 1, 1, 1, 1, 1, 1, 1]
	354169	213298	266846	5	M	3	A		-1	1638.61045697	[1, 1, 0, 1, 1, 1, 1, 0, 1, 1, 1, 1]
	393952	243500	229980	5	M	31	A		-1	1638.94031116	[0, 1, 1, 1, 1, 1, 1, 1, 1, 1, 1, 1]
	353920	207526	209107	5	M	71	A		-1	1639.13506054	[1, 1, 1, 1, 1, 1, 1, 1, 1, 1, 1, 1]
	360765	256939	281762	5	M	3	A		-1	1639.32112018	[1, 1, 1, 1, 1, 1, 1, 1, 1, 1, 1, 1]
	337660	287267	231437	5	M	57	A		-1	1639.61998401	[1, 1, 1, 1, 1, 1, 1, 1, 1, 1, 1, 1]
	360879	246660	280803	5	M	72	A		-1	1640.93673025	[1, 1, 1, 1, 1, 1, 1, 1, 1, 1, 1, 1]
	371545	229944	256229	5	M	0	A		-1	1641.0420964	[1, 1, 0, 1, 1, 1, 1, 1, 1, 1, 1, 0]
	315942	264197	284780	5	M	34	A		-1	1641.4378084	[1, 1, 1, 1, 1, 1, 1, 1, 1, 1, 1, 1]
	301867	225250	126749	5	M	34	A		-1	1641.49814977	[1, 1, 1, 0, 1, 1, 1, 1, 1, 1, 1, 1]
	324268	288836	204111	5	M	92	A		-1	1641.61951371	[1, 1, 1, 1, 1, 1, 1, 1, 1, 1, 1, 1]
	296489	250896	250179	5	M	13	A		-1	1642.29807218	[1, 1, 1, 1, 1, 1, 1, 1, 1, 1, 1, 1]
	382856	282196	277114	5	M	41	A		-1	1642.8303392	[1, 1, 1, 1, 1, 0, 1, 1, 1, 1, 1, 1]
	379698	229630	204115	5	M	68	A		-1	1642.92685029	[1, 1, 1, 1, 1, 1, 1, 1, 1, 1, 1, 1]
	317629	252524	223244	5	M	50	A		-1	1643.14449176	[1, 1, 1, 1, 1, 1, 1, 1, 1, 1, 1, 1]
	355574	194932	228155	5	M	2	A		-1	1643.17790597	[1, 1, 1, 1, 1, 1, 1, 1, 1, 1, 1, 1]
	336789	264101	265431	5	M	3	A		-1	1643.52843093	[1, 1, 1, 1, 1, 1, 1, 1, 1, 1, 1, 1]
	392603	213843	279011	5	M	57	A		-1	1643.78972701	[1, 1, 1, 1, 1, 1, 1, 1, 1, 1, 1, 1]
	334459	222276	218869	5	M	92	A		-1	1643.93727006	[1, 1, 1, 1, 1, 1, 1, 1, 1, 1, 1, 1]
	305922	197712	260300	5	M	96	A		-1	1643.99865205	[1, 1, 1, 1, 1, 1, 1, 1, 1, 1, 1, 1]
	320746	253996	222296	5	M	87	A		-1	1644.15231083	[1, 0, 0, 1, 1, 1, 1, 1, 1, 1, 1, 1]
	388432	276821	222196	5	M	9	A		-1	1644.30398029	[1, 1, 1, 1, 1, 1, 1, 1, 1, 1, 1, 1]
	303053	234741	260201	5	M	96	A		-1	1644.3840195	[1, 1, 1, 1, 1, 1, 1, 1, 1, 1, 1, 1]
	346573	273143	248403	5	M	20	A		-1	1644.39896598	[1, 1, 1, 1, 1, 1, 1, 1, 1, 1, 1, 1]
	312359	233833	266176	5	M	100	A		-1	1644.56644131	[1, 1, 1, 1, 1, 1, 1, 1, 1, 1, 1, 1]
	394638	205781	244157	5	M	76	A		-1	1644.7475739	[1, 1, 1, 1, 1, 1, 1, 1, 1, 1, 1, 1]
	379388	205467	261678	5	M	10	A		-1	1644.81492148	[1, 1, 0, 1, 1, 1, 1, 1, 1, 1, 1, 1]
	304998	286624	236631	5	M	5	A		-1	1644.93793607	[1, 1, 1, 1, 1, 1, 1, 1, 1, 1, 1, 1]
	335545	236885	276047	5	M	15	A		-1	1644.97493521	[1, 1, 1, 1, 1, 1, 1, 1, 1, 1, 1, 1]
	312424	271032	149016	5	M	10	A		-1	1645.26216227	[1, 1, 1, 1, 1, 1, 1, 1, 1, 1, 1, 1]
	371823	278490	90340	5	M	17	A		-1	1645.50157932	[1, 1, 1, 1, 1, 1, 1, 1, 1, 1, 1, 1]
	323514	234724	260884	5	M	59	A		-1	1645.67794258	[1, 1, 1, 1, 1, 1, 1, 1, 1, 1, 1, 1]
	330220	225250	65573	5	M	37	A		-1	1646.32400526	[1, 1, 1, 1, 1, 1, 1, 1, 1, 1, 1, 1]
	379172	276610	195500	5	M	17	A		-1	1646.55473638	[1, 1, 1, 1, 1, 1, 1, 1, 1, 1, 1, 1]
	377941	221387	276053	5	M	58	A		-1	1646.95744887	[1, 1, 1, 1, 1, 1, 1, 1, 1, 1, 1, 1]
	326173	277305	173613	5	M	21	A		-1	1646.97439686	[1, 1, 1, 1, 1, 1, 1, 0, 1, 1, 1, 1]
	350304	222446	287386	5	M	29	A		-1	1647.20746755	[1, 1, 1, 1, 1, 1, 1, 1, 1, 1, 1, 1]
	314145	198041	241508	5	M	81	A		-1	1647.75670004	[1, 1, 0, 1, 1, 1, 1, 1, 1, 1, 1, 1]
	329152	200207	264755	5	M	47	A		-1	1647.76129226	[1, 1, 1, 1, 1, 1, 1, 1, 1, 1, 1, 1]
	390661	232595	266433	5	M	4	A		-1	1648.12133027	[1, 1, 1, 1, 1, 1, 1, 1, 1, 1, 1, 1]
	391783	197725	239083	5	M	25	A		-1	1648.94894464	[1, 1, 1, 1, 1, 1, 1, 1, 1, 1, 1, 1]
	357786	229263	209818	5	M	60	A		-1	1649.00077896	[1, 1, 1, 1, 1, 1, 1, 1, 1, 1, 1, 1]
	366685	253035	266460	5	M	75	A		-1	1649.09365765	[1, 1, 1, 1, 1, 1, 1, 1, 1, 1, 1, 1]
	299283	218332	275813	5	M	49	A		-1	1649.20358985	[1, 1, 1, 1, 1, 0, 1, 1, 1, 1, 1, 1]
	241734	174683	172104	4	M	95	A		-1	1649.49058802	[1, 1, 1, 1, 1, 1, 1, 1, 1, 1, 1, 1]
	387696	181781	241739	5	M	1	A		-1	1649.73326555	[1, 1, 0, 1, 1, 1, 1, 1, 1, 1, 1, 1]
	336435	281590	181542	5	M	84	A		-1	1649.73784471	[1, 1, 1, 1, 1, 1, 1, 1, 1, 1, 1, 0]
	365280	204035	256162	5	M	54	A		-1	1649.78695437	[1, 1, 1, 1, 1, 1, 1, 1, 1, 1, 1, 1]
	389107	212482	229892	5	M	2	A		-1	1650.13913155	[1, 1, 1, 1, 1, 1, 1, 1, 1, 1, 1, 1]
	366676	264930	258012	5	M	94	A		-1	1650.35399206	[1, 0, 1, 1, 1, 1, 1, 1, 1, 1, 1, 1]
	360754	215691	219618	5	M	76	A		-1	1650.53994071	[1, 0, 1, 1, 1, 1, 1, 1, 1, 1, 1, 1]
	394295	255630	106143	5	M	15	A		-1	1650.70943918	[1, 1, 0, 1, 1, 1, 1, 1, 1, 1, 1, 0]
	350591	243291	284647	5	M	71	A		-1	1650.72380909	[1, 1, 1, 1, 1, 1, 1, 1, 1, 1, 1, 1]
	296454	241734	280014	5	M	93	A		-1	1651.43754359	[1, 1, 1, 1, 1, 1, 1, 1, 1, 1, 1, 1]
	298365	216144	246158	5	M	66	A		-1	1652.02682822	[1, 1, 1, 1, 1, 1, 1, 1, 1, 1, 1, 1]
	334827	208921	254553	5	M	99	A		-1	1652.27648787	[1, 1, 1, 1, 1, 1, 1, 1, 1, 1, 1, 1]
	303489	253961	227920	5	M	17	A		-1	1652.69959508	[1, 1, 1, 1, 1, 1, 1, 1, 1, 1, 1, 1]
	362025	208006	75196	5	M	56	A		-1	1652.72664664	[1, 1, 1, 1, 1, 1, 1, 1, 1, 1, 1, 1]
	346757	276255	282631	5	M	10	A		-1	1652.90397365	[1, 1, 1, 0, 1, 1, 1, 1, 1, 1, 1, 1]
	343316	198838	166676	5	M	85	A		-1	1653.06503533	[1, 1, 1, 1, 1, 1, 1, 1, 1, 1, 1, 0]
	334680	285012	233052	5	M	71	A		-1	1653.08921246	[1, 1, 1, 1, 1, 1, 1, 1, 1, 1, 1, 1]
	339124	225250	145325	5	M	86	A		-1	1653.56020753	[1, 1, 1, 1, 1, 1, 1, 1, 1, 1, 1, 0]
	331336	237892	148002	5	M	21	A		-1	1653.58126906	[1, 1, 1, 1, 1, 1, 1, 1, 1, 1, 1, 1]
	310576	211481	117868	5	M	75	A		-1	1654.13229438	[1, 1, 1, 1, 1, 0, 1, 1, 1, 1, 1, 1]
	296596	206413	291596	5	M	72	A		-1	1654.47501534	[1, 1, 1, 1, 1, 1, 1, 1, 1, 1, 1, 1]
	328552	252804	220456	5	M	52	A		-1	1654.49647841	[1, 0, 1, 1, 1, 1, 1, 1, 1, 1, 1, 1]
	363894	219241	283714	5	M	55	A		-1	1654.64308654	[0, 1, 1, 1, 1, 1, 1, 1, 1, 1, 1, 1]
	376374	254332	242701	5	M	84	A		-1	1654.69603744	[1, 1, 1, 1, 1, 1, 1, 1, 1, 1, 1, 1]
	297157	181778	270325	5	M	58	A		-1	1654.71413819	[1, 1, 1, 1, 1, 1, 1, 1, 1, 1, 1, 1]
	366239	294113	168942	5	M	84	A		-1	1655.63972384	[1, 1, 1, 1, 1, 1, 1, 1, 1, 1, 1, 1]
	365953	287373	293492	5	M	55	A		-1	1655.71699319	[1, 1, 1, 1, 1, 1, 1, 1, 1, 1, 1, 1]
	391956	197893	259843	5	M	99	A		-1	1655.78215581	[1, 1, 1, 1, 1, 1, 1, 1, 1, 1, 1, 1]
	301125	293131	248208	5	M	21	A		-1	1655.90769294	[1, 1, 1, 1, 1, 1, 1, 1, 1, 1, 1, 1]
	321503	254121	226934	5	M	64	A		-1	1656.33081826	[1, 1, 1, 1, 1, 1, 1, 1, 1, 1, 1, 1]
	354941	274824	260070	5	M	72	A		-1	1656.58646707	[1, 0, 1, 1, 1, 1, 1, 1, 1, 1, 1, 1]
	325645	250896	210823	5	M	65	A		-1	1657.02754443	[1, 1, 0, 1, 1, 1, 1, 1, 1, 1, 1, 1]
	310377	248961	165538	5	M	70	A		-1	1657.15790049	[0, 1, 1, 1, 1, 1, 1, 1, 1, 1, 1, 0]
	387042	214109	277073	5	M	85	A		-1	1657.28712461	[1, 1, 1, 1, 1, 1, 1, 1, 1, 1, 1, 1]
	319208	271032	119044	5	M	25	A		-1	1657.48494161	[1, 1, 1, 1, 1, 1, 1, 0, 1, 1, 1, 1]
	310383	209874	275556	5	M	51	A		-1	1658.58239108	[1, 1, 1, 1, 1, 1, 1, 1, 1, 1, 1, 1]
	365997	252524	274067	5	M	61	A		-1	1658.58339658	[1, 1, 1, 1, 1, 1, 1, 1, 1, 1, 1, 1]
	317238	225699	90126	5	M	96	A		-1	1659.59678851	[1, 1, 1, 1, 1, 1, 1, 1, 1, 1, 1, 0]
	343017	266686	216668	5	M	32	A		-1	1660.31205336	[1, 1, 1, 1, 1, 1, 1, 1, 1, 1, 1, 1]
	350862	233833	253898	5	M	2	A		-1	1660.48431773	[1, 1, 1, 1, 1, 1, 1, 1, 1, 1, 1, 1]
	339012	207884	278515	5	M	7	A		-1	1661.45205477	[1, 1, 1, 1, 1, 1, 1, 1, 1, 1, 1, 1]
	391787	266248	124048	5	M	2	A		-1	1661.57304647	[1, 1, 1, 1, 1, 1, 1, 1, 1, 1, 1, 1]
	384220	209858	68875	5	M	40	A		-1	1661.71128861	[1, 1, 0, 1, 1, 1, 1, 1, 1, 1, 1, 1]
	304943	214727	220601	5	M	35	A		-1	1662.07708043	[1, 1, 1, 1, 1, 1, 1, 1, 1, 1, 1, 1]
	237892	174427	82045	4	M	69	A		-1	1662.1729697	[0, 1, 1, 1, 1, 1, 1, 1, 1, 1, 1, 1]
	393859	233833	229569	5	M	10	A		-1	1662.35169858	[1, 1, 1, 1, 1, 1, 1, 1, 1, 1, 1, 1]
	391556	207884	198743	5	M	57	A		-1	1662.69876505	[1, 1, 1, 1, 1, 1, 1, 1, 1, 1, 1, 1]
	317308	252804	260608	5	M	49	A		-1	1662.82252862	[1, 1, 1, 1, 1, 1, 1, 1, 1, 1, 1, 1]
	336098	276255	262115	5	M	11	A		-1	1663.79138235	[1, 1, 1, 1, 1, 1, 1, 1, 1, 1, 1, 1]
	362436	291466	192118	5	M	18	A		-1	1664.41323685	[1, 1, 1, 1, 1, 1, 1, 1, 1, 1, 1, 1]
	315531	262275	272624	5	M	84	A		-1	1664.44046205	[1, 1, 1, 1, 1, 1, 1, 1, 1, 1, 1, 1]
	335540	223846	202209	5	M	35	A		-1	1664.53997086	[1, 1, 1, 1, 1, 1, 1, 1, 1, 1, 1, 1]
	342998	292302	213724	5	M	20	A		-1	1665.09575105	[1, 1, 1, 1, 1, 1, 1, 1, 1, 1, 1, 1]
	354731	291835	293211	5	M	1	A		-1	1665.23695235	[1, 1, 1, 1, 1, 1, 1, 1, 1, 1, 1, 1]
	342511	218671	142595	5	M	19	A		-1	1665.661656	[1, 1, 1, 1, 1, 1, 1, 1, 1, 1, 1, 1]
	310739	201412	261340	5	M	89	A		-1	1665.73716786	[1, 1, 1, 1, 1, 1, 1, 0, 1, 1, 1, 1]
	304280	198683	284730	5	M	33	A		-1	1666.00286049	[1, 1, 1, 1, 1, 1, 1, 1, 1, 1, 1, 1]
	376520	283465	223308	5	M	92	A		-1	1666.34218064	[1, 1, 1, 1, 1, 1, 1, 1, 1, 1, 1, 1]
	315649	207526	256010	5	M	24	A		-1	1666.5707132	[1, 1, 1, 1, 1, 1, 1, 1, 1, 1, 1, 1]
	337406	262275	283822	5	M	26	A		-1	1667.59134558	[1, 1, 1, 1, 1, 1, 1, 1, 1, 1, 1, 1]
	332592	282570	169495	5	M	99	A		-1	1668.31126147	[1, 1, 1, 1, 1, 1, 1, 1, 1, 1, 1, 1]
	317030	258542	150653	5	M	27	A		-1	1668.85252932	[1, 1, 1, 1, 1, 1, 1, 1, 1, 1, 1, 1]
	295659	237892	283483	5	M	94	A		-1	1668.92984579	[0, 1, 1, 1, 1, 1, 1, 1, 1, 1, 1, 1]
	351077	287267	231122	5	M	77	A		-1	1669.30210897	[1, 1, 1, 1, 1, 1, 1, 1, 1, 1, 1, 0]
	335570	244868	218366	5	M	71	A		-1	1669.31982645	[1, 1, 1, 1, 1, 1, 1, 1, 1, 1, 1, 0]
	310906	272317	268505	5	M	4	A		-1	1669.35745536	[1, 1, 1, 1, 1, 1, 1, 1, 1, 1, 1, 1]
	352249	245257	265573	5	M	25	A		-1	1669.51319365	[0, 1, 1, 1, 1, 1, 1, 1, 1, 1, 1, 1]
	255630	168079	151693	4	M	46	A		-1	1669.81038865	[1, 1, 1, 1, 1, 1, 1, 1, 1, 1, 1, 0]
	346754	219878	261065	5	M	87	A		-1	1671.05077125	[0, 1, 1, 1, 1, 1, 1, 1, 1, 1, 1, 1]
	354950	234269	203919	5	M	2	A		-1	1671.31593904	[1, 1, 1, 1, 1, 1, 1, 1, 1, 1, 1, 1]
	339932	287373	227701	5	M	29	A		-1	1671.92855523	[1, 1, 1, 1, 1, 1, 1, 1, 1, 1, 1, 1]
	341123	274271	219466	5	M	41	A		-1	1672.39457034	[1, 1, 1, 1, 1, 1, 1, 1, 1, 1, 1, 1]
	290306	132496	78436	4	M	59	A		-1	1672.60214327	[1, 1, 1, 0, 1, 1, 1, 1, 1, 1, 1, 1]
	318259	239649	290803	5	M	26	A		-1	1672.61499542	[1, 1, 1, 1, 1, 1, 1, 1, 1, 1, 1, 1]
	389957	242246	148740	5	M	0	A		-1	1672.91803164	[1, 1, 1, 1, 1, 1, 1, 1, 1, 1, 1, 1]
	392612	252531	145052	5	M	33	A		-1	1672.92679746	[1, 1, 1, 1, 1, 1, 1, 1, 1, 1, 1, 1]
	336331	261463	256606	5	M	11	A		-1	1673.10224115	[1, 1, 1, 1, 1, 0, 1, 1, 1, 1, 1, 1]
	301122	252524	255679	5	M	81	A		-1	1673.28233546	[1, 1, 1, 1, 1, 1, 1, 1, 1, 1, 1, 1]
	311187	264197	204384	5	M	1	A		-1	1675.16589516	[1, 1, 1, 1, 1, 1, 1, 1, 1, 1, 1, 1]
	394600	209874	135594	5	M	80	A		-1	1675.39114099	[1, 1, 1, 1, 1, 1, 1, 1, 1, 1, 1, 1]
	329740	274824	264981	5	M	21	A		-1	1675.56462338	[1, 1, 1, 1, 1, 1, 1, 1, 1, 1, 1, 1]
	309953	197830	249259	5	M	2	A		-1	1675.98790997	[1, 1, 1, 1, 1, 1, 1, 1, 1, 1, 1, 1]
	378101	230273	273109	5	M	0	A		-1	1676.07940368	[1, 1, 1, 1, 1, 1, 1, 1, 1, 1, 1, 1]
	329444	197830	164613	5	M	99	A		-1	1676.70268895	[1, 1, 1, 1, 1, 1, 1, 1, 1, 1, 1, 1]
	361912	223846	235170	5	M	16	A		-1	1677.91685632	[1, 1, 1, 1, 1, 1, 1, 1, 1, 1, 1, 1]
	331143	244868	246821	5	M	48	A		-1	1677.95984947	[1, 1, 1, 1, 1, 1, 1, 1, 1, 1, 1, 0]
	345040	222483	226205	5	M	83	A		-1	1678.52156239	[1, 1, 0, 1, 1, 1, 1, 1, 1, 1, 1, 1]
	318516	237695	282485	5	M	54	A		-1	1678.58684431	[1, 1, 1, 1, 1, 1, 1, 1, 1, 1, 1, 1]
	300186	242798	217469	5	M	54	A		-1	1679.42428456	[0, 1, 1, 1, 1, 1, 1, 1, 1, 1, 1, 1]
	328798	242971	216987	5	M	92	A		-1	1681.14469049	[1, 1, 1, 1, 1, 1, 1, 1, 1, 1, 1, 1]
	362528	222276	228034	5	M	35	A		-1	1682.47804793	[1, 1, 1, 1, 1, 1, 1, 1, 1, 1, 1, 1]
	253996	158946	137402	4	M	53	A		-1	1682.5833789	[1, 0, 1, 1, 1, 1, 1, 1, 1, 1, 1, 1]
	383066	288650	191820	5	M	98	A		-1	1682.93601473	[1, 1, 1, 1, 1, 1, 1, 1, 1, 1, 1, 1]
	326850	200396	205770	5	M	14	A		-1	1683.68128009	[1, 1, 1, 1, 1, 1, 1, 1, 1, 1, 0, 1]
	333958	276331	142744	5	M	46	A		-1	1683.69608334	[1, 1, 1, 1, 1, 1, 1, 1, 1, 1, 1, 1]
	379398	271577	242128	5	M	87	A		-1	1683.71881427	[1, 1, 1, 1, 1, 1, 1, 1, 1, 1, 1, 1]
	375293	225829	277988	5	M	89	A		-1	1684.56905135	[1, 1, 1, 0, 1, 1, 1, 1, 1, 1, 1, 1]
	312118	248944	241382	5	M	1	A		-1	1685.0380875	[1, 1, 1, 1, 1, 1, 1, 0, 1, 1, 1, 1]
	317857	262275	188578	5	M	33	A		-1	1685.37678299	[1, 1, 1, 1, 1, 1, 1, 1, 1, 1, 1, 1]
	334373	183135	246878	5	M	80	A		-1	1685.45021975	[1, 1, 1, 1, 1, 1, 1, 1, 1, 1, 1, 1]
	311241	258457	160690	5	M	32	A		-1	1685.46183398	[1, 1, 1, 1, 1, 1, 1, 0, 1, 1, 1, 1]
	385778	262275	232532	5	M	32	A		-1	1685.69710968	[1, 1, 1, 1, 1, 1, 1, 1, 1, 1, 1, 1]
	374813	224471	264818	5	M	37	A		-1	1685.84957995	[1, 1, 1, 0, 1, 1, 1, 1, 1, 1, 1, 1]
	352781	262275	210036	5	M	100	A		-1	1686.02029957	[1, 1, 1, 1, 1, 1, 1, 1, 1, 1, 1, 1]
	361222	199729	219902	5	M	70	A		-1	1687.23929656	[1, 1, 0, 1, 1, 1, 1, 1, 1, 1, 1, 0]
	384289	211310	280495	5	M	20	A		-1	1687.77265146	[1, 0, 1, 1, 1, 1, 1, 1, 1, 1, 1, 1]
	305874	285276	230458	5	M	57	A		-1	1688.76977899	[1, 1, 1, 1, 1, 1, 1, 1, 1, 1, 1, 0]
	339155	281051	90787	5	M	41	A		-1	1688.85815757	[1, 1, 0, 1, 1, 1, 1, 1, 1, 1, 1, 1]
	313121	272825	268852	5	M	47	A		-1	1689.04676618	[1, 1, 1, 0, 1, 1, 1, 1, 1, 1, 1, 1]
	276255	130610	150055	4	M	12	A		-1	1689.4920023	[1, 1, 1, 1, 1, 1, 1, 1, 1, 1, 1, 1]
	302012	195036	277084	5	M	38	A		-1	1689.93893651	[1, 1, 1, 1, 1, 1, 1, 1, 1, 1, 1, 1]
	373178	206413	293485	5	M	83	A		-1	1689.99381503	[1, 1, 1, 1, 1, 1, 1, 1, 1, 1, 1, 1]
	306924	255216	257610	5	M	32	A		-1	1690.48956955	[1, 1, 1, 1, 1, 1, 1, 1, 1, 1, 1, 1]
	389335	248658	223068	5	M	40	A		-1	1690.5011318	[1, 1, 1, 1, 1, 1, 1, 1, 1, 1, 1, 1]
	317948	221462	252247	5	M	74	A		-1	1691.03620756	[1, 0, 1, 0, 1, 1, 1, 1, 1, 1, 1, 1]
	370268	287267	143799	5	M	84	A		-1	1691.6386483	[1, 1, 1, 1, 1, 1, 1, 1, 1, 1, 1, 0]
	379762	237892	140578	5	M	32	A		-1	1691.68708735	[1, 1, 1, 1, 1, 1, 1, 1, 1, 1, 1, 1]
	347733	250238	269071	5	M	81	A		-1	1691.7497702	[1, 1, 1, 1, 1, 1, 1, 1, 1, 1, 1, 1]
	325990	211481	227461	5	M	56	A		-1	1691.75052982	[1, 1, 1, 1, 1, 1, 1, 1, 1, 1, 1, 1]
	309364	253996	207463	5	M	24	A		-1	1692.17299476	[1, 0, 1, 1, 1, 1, 1, 1, 1, 1, 1, 1]
	356437	269223	293068	5	M	14	A		-1	1693.26003986	[1, 1, 0, 1, 1, 1, 1, 1, 1, 1, 1, 1]
	334145	222666	219752	5	M	90	A		-1	1693.88939254	[1, 1, 1, 1, 1, 0, 1, 1, 1, 1, 1, 1]
	338806	215045	217481	5	M	26	A		-1	1694.05624802	[1, 1, 1, 1, 1, 1, 1, 1, 1, 1, 1, 1]
	365314	244868	291790	5	M	24	A		-1	1694.24864478	[1, 1, 1, 1, 1, 1, 1, 1, 1, 1, 1, 0]
	385867	198108	210055	5	M	21	A		-1	1694.86029544	[1, 1, 1, 1, 1, 1, 1, 1, 1, 1, 1, 1]
	349305	283492	270804	5	M	40	A		-1	1694.94225801	[1, 1, 1, 1, 1, 1, 1, 1, 1, 1, 1, 1]
	252524	143017	87142	4	M	8	A		-1	1695.4312347	[1, 1, 1, 1, 1, 1, 1, 1, 1, 1, 1, 1]
	340259	243895	260971	5	M	99	A		-1	1695.5798387	[1, 1, 1, 1, 1, 1, 1, 1, 1, 1, 1, 1]
	338568	255630	232686	5	M	56	A		-1	1695.68739214	[1, 1, 1, 1, 1, 1, 1, 1, 1, 1, 1, 1]
	388966	284360	132760	5	M	26	A		-1	1696.2588252	[1, 1, 1, 1, 1, 1, 1, 1, 1, 1, 1, 1]
	352392	264101	245090	5	M	66	A		-1	1696.7505428	[1, 1, 1, 1, 1, 1, 1, 1, 1, 1, 1, 1]
	322358	215976	200350	5	M	65	A		-1	1696.80741296	[1, 1, 1, 1, 1, 1, 1, 1, 1, 1, 1, 1]
	345310	252143	129925	5	M	34	A		-1	1697.39243786	[1, 1, 1, 1, 1, 1, 1, 1, 1, 1, 1, 1]
	339991	292302	124055	5	M	82	A		-1	1697.74729808	[1, 1, 1, 1, 1, 1, 1, 1, 1, 1, 1, 1]
	368657	286809	162849	5	M	90	A		-1	1698.3553993	[1, 1, 0, 1, 1, 1, 1, 0, 1, 1, 1, 1]
	386466	232260	222613	5	M	42	A		-1	1699.4681461	[1, 1, 1, 1, 1, 1, 1, 1, 1, 1, 1, 1]
	313713	219887	275241	5	M	87	A		-1	1701.73705822	[1, 1, 1, 1, 1, 1, 1, 1, 1, 1, 1, 1]
	307173	261193	258339	5	M	83	A		-1	1702.04078073	[1, 1, 1, 0, 1, 1, 1, 1, 1, 1, 1, 1]
	377283	285381	239727	5	M	46	A		-1	1702.06962856	[1, 1, 1, 1, 1, 1, 1, 1, 1, 1, 1, 0]
	394155	195036	216087	5	M	54	A		-1	1703.78145424	[1, 1, 1, 1, 1, 1, 1, 1, 1, 1, 0, 1]
	333461	185066	259519	5	M	77	A		-1	1704.24908196	[1, 1, 1, 1, 1, 1, 1, 1, 1, 1, 1, 1]
	303354	221055	281662	5	M	47	A		-1	1704.25551272	[1, 1, 1, 1, 1, 1, 1, 1, 1, 1, 1, 0]
	305491	211310	246321	5	M	73	A		-1	1705.06842176	[1, 1, 1, 1, 1, 1, 1, 1, 1, 1, 1, 1]
	341879	196679	270075	5	M	91	A		-1	1705.40085012	[1, 1, 1, 1, 1, 1, 1, 1, 1, 1, 1, 1]
	315682	221462	259551	5	M	57	A		-1	1706.42687312	[1, 0, 1, 1, 1, 1, 1, 1, 1, 1, 1, 1]
	365613	211481	214852	5	M	30	A		-1	1707.84826792	[1, 1, 1, 1, 1, 1, 1, 1, 1, 1, 1, 1]
	319296	267169	143180	5	M	74	A		-1	1708.76077287	[1, 1, 1, 1, 1, 1, 1, 1, 1, 1, 1, 1]
	377908	280323	217265	5	M	21	A		-1	1708.846939	[1, 1, 1, 1, 1, 1, 1, 1, 1, 1, 1, 0]
	391693	280987	257353	5	M	11	A		-1	1708.93652345	[1, 1, 1, 1, 1, 1, 1, 1, 1, 1, 1, 1]
	304151	260813	269808	5	M	96	A		-1	1709.37167873	[1, 1, 1, 1, 1, 1, 1, 1, 1, 1, 1, 1]
	328273	272452	163741	5	M	1	A		-1	1710.20378325	[1, 1, 1, 1, 1, 1, 1, 1, 1, 1, 1, 1]
	323955	246660	282191	5	M	0	A		-1	1710.64054267	[1, 1, 1, 1, 1, 1, 1, 1, 1, 1, 1, 1]
	336626	271905	212393	5	M	25	A		-1	1711.66358626	[1, 1, 1, 1, 1, 1, 1, 1, 1, 1, 1, 1]
	302558	271905	244531	5	M	74	A		-1	1711.73129366	[1, 1, 1, 1, 1, 1, 1, 1, 1, 1, 1, 1]
	316862	247021	254699	5	M	37	A		-1	1712.15070765	[1, 1, 1, 1, 1, 1, 1, 1, 1, 1, 1, 1]
	392785	220858	218461	5	M	99	A		-1	1712.35878077	[1, 1, 1, 1, 1, 0, 1, 1, 1, 1, 1, 1]
	360705	215045	260654	5	M	48	A		-1	1712.3715127	[1, 1, 1, 1, 1, 1, 1, 1, 1, 1, 1, 1]
	356684	207122	279848	5	M	2	A		-1	1712.54760905	[1, 1, 1, 1, 1, 1, 1, 1, 1, 1, 1, 1]
	322602	266501	220433	5	M	41	A		-1	1712.91957784	[1, 1, 1, 1, 1, 1, 1, 1, 1, 1, 1, 0]
	356770	292302	206163	5	M	66	A		-1	1713.50543108	[1, 1, 1, 0, 1, 1, 1, 1, 1, 1, 1, 1]
	332729	263769	213800	5	M	82	A		-1	1713.70236616	[1, 1, 1, 0, 1, 1, 1, 1, 1, 1, 1, 0]
	370231	243291	80354	5	M	46	A		-1	1715.33548848	[1, 1, 1, 1, 1, 1, 1, 1, 1, 1, 1, 1]
	368868	271905	93097	5	M	7	A		-1	1715.9614914	[1, 1, 1, 1, 1, 1, 1, 1, 1, 1, 1, 1]
	302564	205781	165187	5	M	75	A		-1	1716.18206848	[1, 1, 1, 1, 1, 1, 1, 0, 1, 1, 1, 1]
	342680	236434	246274	5	M	61	A		-1	1716.97592446	[1, 1, 0, 1, 1, 1, 1, 1, 1, 1, 1, 1]
	387406	294321	182950	5	M	72	A		-1	1717.25959858	[1, 1, 1, 1, 1, 1, 1, 1, 1, 1, 1, 1]
	384000	278076	204856	5	M	64	A		-1	1718.11805853	[1, 1, 1, 1, 1, 1, 1, 1, 1, 1, 1, 1]
	297649	246660	256247	5	M	13	A		-1	1719.06899493	[1, 1, 1, 1, 1, 1, 1, 1, 1, 1, 1, 1]
	362725	268597	258608	5	M	66	A		-1	1720.00763244	[1, 1, 1, 1, 1, 1, 1, 1, 1, 1, 1, 1]
	371752	135934	240847	5	M	10	A		-1	1720.44918831	[1, 1, 1, 1, 1, 0, 1, 1, 1, 1, 1, 1]
	348408	230752	270791	5	M	80	A		-1	1721.86592401	[1, 1, 1, 1, 1, 1, 1, 1, 1, 1, 1, 1]
	354226	258542	256120	5	M	89	A		-1	1722.86014645	[1, 1, 1, 1, 1, 1, 1, 0, 1, 1, 1, 1]
	315739	290306	215075	5	M	82	A		-1	1724.27256859	[1, 1, 1, 0, 1, 1, 1, 1, 1, 1, 1, 1]
	316368	212379	290725	5	M	67	A		-1	1725.96719734	[1, 1, 1, 1, 1, 1, 1, 1, 1, 1, 1, 1]
	326395	252524	136447	5	M	77	A		-1	1726.92015398	[1, 1, 1, 1, 1, 1, 1, 1, 1, 1, 1, 0]
	299444	208006	134920	5	M	32	A		-1	1727.51576967	[0, 1, 1, 1, 1, 1, 1, 1, 1, 1, 1, 1]
	375815	253127	95056	5	M	95	A		-1	1728.22409525	[1, 1, 1, 1, 1, 1, 1, 1, 1, 1, 1, 1]
	348132	222170	285850	5	M	27	A		-1	1730.53424854	[0, 1, 1, 1, 1, 1, 1, 1, 1, 1, 1, 1]
	314265	255630	261571	5	M	0	A		-1	1730.80769183	[1, 1, 1, 1, 1, 1, 1, 1, 1, 1, 1, 1]
	309312	209874	200847	5	M	14	A		-1	1733.27497987	[1, 1, 1, 1, 1, 1, 1, 1, 1, 1, 1, 1]
	340589	252549	202649	5	M	65	A		-1	1734.22218792	[1, 1, 1, 1, 1, 1, 1, 1, 1, 1, 1, 1]
	308344	242246	253547	5	M	63	A		-1	1734.23523927	[1, 1, 1, 1, 1, 1, 1, 1, 1, 1, 1, 1]
	333832	254722	280122	5	M	82	A		-1	1734.74146972	[1, 1, 1, 1, 1, 1, 1, 1, 1, 1, 1, 1]
	359208	237892	284302	5	M	33	A		-1	1735.54207155	[0, 1, 1, 1, 1, 1, 1, 1, 1, 1, 1, 1]
	336617	278535	255046	5	M	71	A		-1	1735.58221402	[1, 1, 1, 1, 1, 1, 1, 1, 1, 1, 1, 1]
	347812	264883	284181	5	M	57	A		-1	1735.72972185	[1, 1, 1, 1, 1, 1, 1, 1, 1, 1, 1, 1]
	326402	235952	254478	5	M	69	A		-1	1735.73927396	[1, 1, 1, 1, 1, 1, 1, 1, 1, 1, 1, 1]
	297286	212379	288744	5	M	100	A		-1	1736.37236266	[1, 1, 1, 1, 1, 1, 1, 1, 1, 1, 1, 1]
	328858	246660	232674	5	M	58	A		-1	1736.38340102	[0, 1, 1, 1, 1, 1, 1, 1, 1, 1, 1, 1]
	311405	270357	250188	5	M	21	A		-1	1737.08309645	[1, 1, 1, 1, 1, 1, 1, 1, 1, 1, 1, 1]
	355430	264101	244453	5	M	26	A		-1	1737.44798223	[1, 1, 1, 0, 1, 1, 1, 1, 1, 1, 1, 1]
	361240	215660	132948	5	M	31	A		-1	1738.66505573	[1, 1, 1, 1, 1, 1, 1, 1, 1, 1, 1, 1]
	314277	217719	252844	5	M	14	A		-1	1743.11016359	[1, 1, 1, 0, 1, 1, 1, 1, 1, 1, 1, 1]
	308980	276255	262252	5	M	34	A		-1	1743.85890417	[1, 1, 1, 1, 1, 1, 1, 1, 1, 1, 1, 1]
	323564	252631	125593	5	M	41	A		-1	1745.31062232	[1, 1, 1, 1, 1, 1, 1, 1, 1, 1, 1, 0]
	304341	252631	241941	5	M	38	A		-1	1745.62651227	[1, 0, 1, 1, 1, 1, 1, 1, 1, 1, 1, 1]
	371170	255630	263588	5	M	45	A		-1	1746.17276386	[1, 1, 1, 1, 1, 1, 1, 1, 1, 1, 1, 1]
	341724	237892	235293	5	M	64	A		-1	1746.27808617	[1, 1, 1, 1, 1, 1, 1, 1, 1, 1, 1, 1]
	358368	208590	217453	5	M	35	A		-1	1746.78978783	[1, 1, 1, 1, 1, 1, 1, 1, 1, 1, 1, 1]
	384973	198690	247750	5	M	58	A		-1	1747.47514887	[1, 1, 1, 1, 1, 1, 1, 1, 1, 1, 1, 1]
	295204	252549	181303	5	M	52	A		-1	1748.39592925	[1, 1, 1, 1, 1, 1, 1, 1, 1, 1, 1, 1]
	342747	286624	223945	5	M	63	A		-1	1748.71087058	[1, 0, 1, 1, 1, 1, 1, 1, 1, 1, 1, 1]
	392754	235952	212190	5	M	40	A		-1	1749.7854155	[1, 1, 1, 1, 1, 1, 1, 1, 1, 1, 1, 1]
	301791	287267	212110	5	M	78	A		-1	1749.94693467	[1, 1, 1, 1, 1, 1, 1, 1, 1, 1, 1, 0]
	342960	265141	272156	5	M	40	A		-1	1751.66677328	[0, 1, 1, 1, 1, 1, 1, 0, 1, 1, 1, 0]
	340599	202621	232631	5	M	37	A		-1	1754.20956619	[1, 1, 1, 1, 1, 0, 1, 1, 1, 1, 1, 1]
	369562	197830	203464	5	M	20	A		-1	1754.28108563	[1, 1, 1, 1, 1, 1, 1, 1, 1, 1, 1, 1]
	347114	198683	219526	5	M	75	A		-1	1754.82806781	[1, 1, 1, 1, 1, 1, 1, 1, 1, 1, 1, 1]
	339418	266754	253503	5	M	54	A		-1	1755.56068203	[1, 1, 1, 1, 1, 1, 1, 1, 1, 1, 1, 1]
	380287	289522	169357	5	M	43	A		-1	1757.21112578	[0, 1, 1, 1, 1, 1, 1, 1, 1, 1, 1, 1]
	346379	251719	266966	5	M	23	A		-1	1758.4770962	[0, 1, 1, 1, 1, 1, 1, 1, 1, 1, 1, 1]
	309697	221055	199812	5	M	70	A		-1	1758.49139538	[1, 1, 1, 1, 1, 1, 1, 1, 1, 1, 1, 0]
	382750	241734	140324	5	M	72	A		-1	1759.09543575	[1, 1, 1, 1, 1, 1, 1, 1, 1, 1, 1, 1]
	334715	209874	126746	5	M	55	A		-1	1759.11629977	[1, 1, 1, 1, 1, 1, 1, 1, 1, 1, 1, 1]
	298795	183135	262683	5	M	53	A		-1	1763.91030047	[1, 1, 1, 1, 1, 1, 1, 1, 1, 1, 1, 1]
	315110	168079	248751	5	M	28	A		-1	1764.06235493	[1, 1, 1, 1, 1, 1, 1, 1, 1, 1, 1, 0]
	360080	225241	251759	5	M	67	A		-1	1764.39586026	[1, 1, 1, 1, 1, 0, 1, 1, 1, 1, 1, 1]
	328875	229263	258835	5	M	17	A		-1	1764.66236486	[1, 1, 1, 1, 1, 1, 1, 1, 1, 1, 1, 0]
	302839	183135	253319	5	M	10	A		-1	1767.67473922	[1, 1, 1, 1, 1, 1, 1, 1, 1, 1, 1, 1]
	335838	124363	266347	5	M	71	A		-1	1767.78700814	[1, 1, 1, 1, 1, 1, 1, 1, 1, 1, 1, 1]
	379594	227024	253647	5	M	34	A		-1	1770.10042204	[1, 1, 1, 1, 1, 1, 1, 1, 1, 1, 1, 1]
	367375	211310	210804	5	M	40	A		-1	1770.32788016	[1, 1, 1, 1, 1, 1, 1, 1, 1, 1, 1, 1]
	271905	124363	126768	4	M	23	A		-1	1776.4613063	[1, 1, 1, 1, 1, 1, 1, 1, 1, 1, 1, 1]
	391345	288843	180793	5	M	38	A		-1	1777.45125497	[1, 1, 1, 1, 1, 1, 1, 1, 1, 1, 1, 1]
	382074	197289	249471	5	M	68	A		-1	1777.58454845	[1, 1, 1, 0, 1, 1, 0, 1, 1, 1, 1, 1]
	365177	276789	232160	5	M	38	A		-1	1778.0501563	[1, 1, 1, 1, 1, 1, 1, 1, 1, 1, 1, 1]
	341916	271905	128226	5	M	85	A		-1	1778.34305081	[1, 1, 1, 1, 1, 1, 1, 1, 1, 1, 1, 1]
	388195	286624	250592	5	M	52	A		-1	1780.93215789	[1, 1, 1, 1, 1, 1, 1, 1, 1, 1, 1, 1]
	332391	221203	230922	5	M	77	A		-1	1782.0044535	[1, 1, 1, 0, 1, 0, 1, 1, 1, 1, 1, 1]
	317432	129287	250833	5	M	9	A		-1	1782.92330294	[1, 1, 1, 0, 1, 1, 1, 1, 1, 1, 1, 1]
	298099	247097	202281	5	M	82	A		-1	1783.02284267	[0, 1, 1, 1, 1, 1, 1, 1, 1, 1, 1, 0]
	296010	217623	294152	5	M	87	A		-1	1784.2954204	[1, 1, 1, 1, 1, 1, 1, 1, 1, 1, 1, 1]
	381185	198683	265260	5	M	6	A		-1	1786.13630395	[1, 1, 1, 1, 1, 1, 1, 1, 1, 1, 1, 1]
	319370	277018	216338	5	M	52	A		-1	1786.57167862	[1, 1, 1, 0, 1, 1, 1, 1, 1, 1, 1, 1]
	375044	194932	217655	5	M	4	A		-1	1786.72039487	[1, 1, 1, 1, 1, 1, 1, 1, 1, 1, 1, 0]
	361408	228274	287043	5	M	1	A		-1	1787.58669032	[1, 1, 1, 1, 1, 1, 1, 1, 1, 1, 1, 1]
	297085	212956	200424	5	M	63	A		-1	1788.88810803	[1, 1, 1, 1, 1, 1, 1, 1, 1, 1, 1, 1]
	339672	224017	195754	5	M	82	A		-1	1791.33973836	[1, 1, 1, 1, 1, 1, 1, 1, 1, 1, 1, 1]
	333822	246726	284905	5	M	18	A		-1	1794.56844404	[1, 1, 1, 1, 1, 0, 1, 1, 1, 1, 1, 1]
	310395	250062	111934	5	M	84	A		-1	1797.20679618	[1, 1, 1, 1, 1, 1, 1, 1, 1, 1, 1, 1]
	314388	245837	145254	5	M	46	A		-1	1799.35177949	[1, 1, 1, 1, 1, 1, 1, 1, 1, 1, 1, 1]
	369559	209874	273225	5	M	37	A		-1	1800.3620849	[1, 1, 1, 1, 1, 1, 1, 1, 1, 1, 1, 1]
	347136	209874	276221	5	M	52	A		-1	1801.11751405	[1, 1, 1, 1, 1, 1, 1, 1, 1, 1, 1, 1]
	325529	243291	141126	5	M	29	A		-1	1801.94237882	[1, 1, 1, 1, 1, 1, 1, 1, 1, 1, 1, 1]
	306345	241399	236685	5	M	7	A		-1	1803.47206439	[1, 1, 1, 1, 1, 1, 1, 1, 1, 1, 1, 1]
	373039	245905	294279	5	M	36	A		-1	1807.82896095	[1, 1, 1, 1, 1, 1, 1, 1, 1, 1, 1, 1]
	384382	250518	241471	5	M	72	A		-1	1808.12223276	[1, 1, 1, 1, 1, 1, 1, 1, 1, 1, 1, 1]
	375525	205568	248607	5	M	43	A		-1	1813.15208271	[1, 1, 1, 1, 1, 1, 1, 1, 1, 1, 0, 1]
	331983	243291	248994	5	M	9	A		-1	1813.33856042	[1, 1, 1, 1, 1, 1, 1, 1, 1, 1, 1, 1]
	313782	220086	283331	5	M	97	A		-1	1815.12760592	[1, 1, 1, 1, 1, 1, 1, 1, 1, 1, 1, 1]
	246660	153704	181768	4	M	75	A		-1	1815.31215466	[1, 1, 1, 1, 1, 1, 1, 1, 1, 1, 1, 1]
	391714	277018	206922	5	M	10	A		-1	1818.15064429	[1, 1, 1, 0, 1, 1, 1, 1, 1, 1, 1, 1]
	389681	254121	280317	5	M	1	A		-1	1820.03741907	[1, 1, 1, 1, 1, 1, 1, 1, 1, 1, 1, 1]
	343962	204244	265103	5	M	53	A		-1	1820.90053357	[0, 1, 1, 1, 1, 1, 1, 1, 1, 1, 1, 0]
	386536	243630	266992	5	M	80	A		-1	1825.67480451	[1, 1, 1, 1, 1, 1, 1, 1, 1, 1, 1, 1]
	385517	219788	201453	5	M	87	A		-1	1827.02024136	[1, 1, 1, 1, 1, 0, 1, 1, 1, 1, 1, 0]
	330556	255844	143853	5	M	54	A		-1	1835.90235151	[1, 1, 1, 1, 1, 1, 1, 1, 1, 1, 1, 1]
	321347	267654	254183	5	M	66	A		-1	1836.85904868	[1, 1, 1, 1, 1, 0, 1, 1, 1, 1, 1, 1]
	355908	271905	203842	5	M	1	A		-1	1844.33435342	[1, 1, 1, 1, 1, 1, 1, 1, 1, 1, 1, 1]
	370314	222170	241960	5	M	37	A		-1	1851.15537735	[1, 1, 1, 1, 1, 1, 1, 1, 1, 1, 1, 1]
	363784	288905	226903	5	M	51	A		-1	1853.19587651	[1, 1, 1, 1, 1, 1, 1, 1, 1, 1, 1, 1]
	302135	256939	289473	5	M	76	A		-1	1856.21526478	[1, 1, 0, 1, 1, 1, 1, 1, 1, 1, 1, 1]
	371121	209874	271149	5	M	97	A		-1	1856.63943272	[1, 1, 1, 1, 1, 1, 1, 1, 1, 1, 1, 1]
	380246	208006	150440	5	M	100	A		-1	1859.0606427	[1, 1, 1, 1, 1, 1, 1, 1, 1, 1, 1, 1]
	375121	241399	265703	5	M	50	A		-1	1861.04167967	[1, 1, 1, 0, 1, 1, 1, 1, 1, 1, 1, 1]
	383581	259169	216664	5	M	15	A		-1	1864.56982465	[1, 0, 1, 1, 1, 1, 1, 1, 1, 1, 1, 1]
	335208	271577	126725	5	M	72	A		-1	1866.11894937	[1, 1, 1, 1, 1, 1, 1, 1, 1, 1, 1, 1]
	349025	251965	232436	5	M	24	A		-1	1866.34789972	[1, 1, 1, 1, 1, 1, 1, 1, 1, 1, 1, 1]
	209874	153808	176595	4	M	36	A		-1	1868.51733727	[1, 1, 1, 1, 1, 1, 1, 1, 1, 1, 1, 1]
	302182	276255	233559	5	M	78	A		-1	1873.96925332	[1, 1, 1, 1, 1, 1, 1, 1, 1, 1, 1, 1]
	355613	208006	225759	5	M	81	A		-1	1884.43251956	[1, 1, 1, 1, 1, 1, 1, 1, 1, 1, 1, 1]
	377670	256796	186984	5	M	87	A		-1	1896.98053702	[1, 1, 1, 1, 1, 1, 1, 1, 1, 1, 1, 1]
	324155	209874	172442	5	M	11	A		-1	1901.35180757	[1, 1, 1, 1, 1, 1, 1, 1, 1, 1, 1, 1]
	333727	263985	263725	5	M	74	A		-1	1907.08047139	[0, 1, 1, 1, 1, 1, 1, 1, 1, 1, 1, 1]
	337826	197884	212483	5	M	82	A		-1	1912.51890088	[1, 1, 1, 1, 1, 1, 1, 1, 1, 1, 1, 1]
	295433	223643	202607	5	M	100	A		-1	1914.08716435	[1, 1, 1, 1, 1, 1, 1, 1, 1, 1, 1, 1]
	392885	290306	211202	5	M	98	A		-1	1914.98834287	[1, 1, 1, 0, 1, 1, 1, 1, 1, 1, 1, 1]
	365064	283354	274940	5	M	20	A		-1	1955.24861855	[0, 1, 1, 1, 1, 1, 1, 1, 1, 1, 1, 1]
	312812	248532	263757	5	M	48	A		-1	1959.18182336	[1, 1, 1, 1, 1, 1, 1, 1, 1, 1, 1, 1]
	296691	200207	227907	5	M	51	A		-1	1963.59470411	[1, 1, 1, 1, 1, 1, 1, 1, 1, 1, 1, 1]
	374139	292464	275357	5	M	14	A		-1	1975.41843584	[0, 1, 1, 1, 1, 1, 1, 1, 1, 1, 1, 1]
