animal	sire	dam	born	sex	herd	status	cause	died	TBV	recessives
	1327294	1221636	1250819	15	M	90	A		-1	3795.64936058	[0, 1, 1, 1, 1, 1, 1, 1, 1, 1, 1, 1]
	1315838	1140073	1286969	15	M	25	A		-1	3796.01152639	[1, 1, 1, 1, 1, 1, 1, 1, 1, 1, 1, 1]
	1359641	1219071	1182781	15	M	60	A		-1	3796.12819129	[1, 1, 1, 1, 1, 1, 1, 1, 1, 1, 1, 1]
	1356498	1276622	1250778	15	M	8	A		-1	3796.17770099	[1, 1, 1, 1, 1, 1, 1, 1, 1, 1, 1, 1]
	1330305	1249035	1218632	15	M	79	A		-1	3796.4647212	[1, 1, 1, 1, 1, 1, 1, 1, 1, 1, 1, 1]
	1337393	1287368	1219229	15	M	52	A		-1	3796.6623313	[1, 1, 1, 1, 1, 1, 1, 1, 1, 1, 1, 1]
	1378259	1255753	1133940	15	M	57	A		-1	3796.67834701	[1, 1, 1, 1, 1, 1, 1, 1, 1, 1, 1, 1]
	1302920	1253646	1078258	15	M	65	A		-1	3796.69992602	[1, 1, 1, 1, 1, 1, 1, 1, 1, 1, 1, 1]
	1320601	1211356	1228291	15	M	89	A		-1	3796.7931057	[1, 1, 1, 1, 1, 1, 1, 1, 1, 1, 1, 1]
	1333005	1247323	1198158	15	M	85	A		-1	3796.87596756	[1, 1, 1, 1, 1, 1, 1, 1, 1, 1, 1, 1]
	1340670	1265934	1126516	15	M	16	A		-1	3796.87751725	[1, 1, 1, 1, 1, 1, 1, 1, 1, 1, 1, 1]
	1291253	1163928	1128773	14	M	66	A		-1	3796.93106502	[1, 1, 1, 1, 1, 1, 1, 1, 1, 1, 1, 1]
	1373940	1287368	1289827	15	M	34	A		-1	3796.98540819	[1, 1, 1, 1, 1, 1, 1, 1, 1, 1, 1, 1]
	1385692	1292314	1069177	15	M	46	A		-1	3797.06922768	[1, 1, 1, 1, 1, 1, 1, 1, 1, 1, 1, 1]
	1344518	1278058	1222970	15	M	52	A		-1	3797.29442503	[1, 1, 1, 1, 1, 1, 1, 1, 1, 1, 1, 1]
	1350256	1238546	1248320	15	M	44	A		-1	3797.56632763	[1, 1, 1, 1, 1, 1, 1, 1, 1, 1, 1, 1]
	1239705	1190399	1077848	14	M	84	A		-1	3797.65695217	[1, 1, 1, 1, 1, 1, 1, 1, 1, 1, 1, 1]
	1308789	1288055	997689	15	M	4	A		-1	3797.87905424	[1, 1, 1, 1, 1, 1, 1, 1, 1, 1, 1, 1]
	1384661	1256940	1245320	15	M	14	A		-1	3797.9978475	[0, 1, 1, 1, 1, 1, 1, 1, 1, 1, 1, 1]
	1351337	1246798	1287205	15	M	92	A		-1	3798.2666715	[1, 1, 1, 0, 1, 1, 1, 1, 1, 1, 1, 1]
	1340302	1200555	1112005	15	M	12	A		-1	3798.28954014	[1, 0, 1, 1, 1, 1, 1, 1, 1, 1, 1, 1]
	1328654	1272510	1224269	15	M	22	A		-1	3798.5353031	[1, 1, 1, 1, 1, 1, 1, 1, 1, 1, 1, 1]
	1316858	1253753	902949	15	M	35	A		-1	3798.82710777	[1, 1, 1, 1, 1, 1, 1, 1, 1, 1, 1, 1]
	1316063	1228140	1274921	15	M	66	A		-1	3799.46340876	[1, 1, 1, 1, 1, 1, 1, 1, 1, 1, 1, 0]
	1282624	1172889	1128794	14	M	76	A		-1	3799.77240532	[1, 1, 1, 1, 1, 1, 1, 0, 1, 1, 1, 1]
	1299315	1095241	1116007	15	M	45	A		-1	3799.86126946	[1, 1, 0, 1, 1, 1, 1, 1, 1, 1, 1, 1]
	1274190	1101480	1064228	14	M	91	A		-1	3799.93965376	[1, 1, 0, 1, 1, 1, 1, 1, 1, 1, 1, 1]
	1305451	1238403	1240797	15	M	55	A		-1	3800.09209839	[1, 1, 1, 1, 1, 1, 1, 1, 1, 1, 1, 1]
	1301583	1284529	1282718	15	M	27	A		-1	3800.74122414	[1, 1, 1, 1, 1, 1, 1, 0, 1, 1, 1, 1]
	1295524	1278185	1195443	15	M	60	A		-1	3800.92889518	[1, 1, 1, 1, 1, 1, 1, 1, 1, 1, 1, 1]
	1367437	1251893	1255284	15	M	29	A		-1	3801.6154753	[1, 1, 1, 1, 1, 1, 1, 1, 1, 1, 1, 1]
	1361809	1265102	1288650	15	M	98	A		-1	3801.64723159	[1, 1, 1, 1, 1, 1, 1, 1, 1, 1, 1, 1]
	1368588	1197718	1204558	15	M	68	A		-1	3801.82388917	[1, 1, 1, 1, 1, 1, 1, 1, 1, 1, 1, 1]
	1321619	1213700	1231363	15	M	33	A		-1	3801.93321958	[1, 1, 1, 1, 1, 1, 1, 1, 1, 1, 1, 1]
	1375097	1154435	1285401	15	M	94	A		-1	3802.01652896	[1, 1, 1, 1, 1, 1, 1, 1, 1, 1, 1, 1]
	1355163	1217245	1249843	15	M	63	A		-1	3802.06093476	[1, 1, 1, 1, 1, 1, 1, 1, 1, 1, 0, 1]
	1295359	1196421	1260067	15	M	78	A		-1	3803.09025043	[1, 1, 1, 1, 1, 1, 1, 1, 1, 1, 1, 1]
	1377195	1243646	1271403	15	M	20	A		-1	3803.25428393	[1, 1, 0, 1, 1, 1, 1, 1, 1, 1, 1, 0]
	1304467	1263220	1294245	15	M	75	A		-1	3803.43580214	[1, 1, 1, 1, 1, 1, 1, 1, 1, 1, 1, 1]
	1346193	1110649	1199557	15	M	77	A		-1	3803.49253149	[1, 1, 1, 1, 1, 1, 1, 1, 1, 1, 1, 0]
	1347073	1281130	1131971	15	M	64	A		-1	3803.68557718	[1, 1, 1, 1, 1, 1, 1, 1, 1, 1, 1, 1]
	1308783	1266383	1197394	15	M	90	A		-1	3803.82113008	[1, 1, 1, 1, 1, 1, 1, 1, 1, 1, 1, 1]
	1342195	1239890	1231357	15	M	93	A		-1	3804.280647	[1, 1, 1, 1, 1, 1, 1, 1, 1, 1, 1, 1]
	1307673	1228030	1200322	15	M	4	A		-1	3804.29788837	[1, 1, 1, 1, 1, 1, 1, 1, 1, 1, 1, 1]
	1355569	1214116	1202520	15	M	40	A		-1	3804.3208795	[1, 1, 1, 1, 1, 1, 1, 1, 1, 1, 1, 1]
	1338752	1291253	1190050	15	M	98	A		-1	3804.36879408	[1, 1, 1, 1, 1, 1, 1, 1, 1, 1, 1, 1]
	1321879	1239997	1254845	15	M	66	A		-1	3804.4377562	[1, 1, 1, 1, 1, 1, 1, 1, 1, 1, 1, 1]
	1327986	1262161	1097586	15	M	43	A		-1	3804.57309542	[1, 1, 1, 1, 1, 1, 1, 1, 1, 1, 1, 1]
	1340004	1247887	1147021	15	M	40	A		-1	3804.66788915	[1, 1, 1, 1, 1, 1, 1, 1, 1, 1, 1, 1]
	1272623	1134536	1114977	14	M	100	A		-1	3804.74953723	[1, 1, 1, 1, 1, 1, 1, 1, 1, 1, 1, 1]
	1321582	1203398	1129230	15	M	4	A		-1	3805.04235798	[1, 1, 1, 1, 1, 1, 1, 1, 1, 1, 1, 1]
	1313655	1211153	1225668	15	M	76	A		-1	3805.17406353	[1, 1, 1, 1, 1, 1, 1, 1, 1, 1, 1, 1]
	1344183	1252910	1145174	15	M	64	A		-1	3805.18362178	[1, 1, 0, 1, 1, 1, 1, 1, 1, 1, 1, 0]
	1337705	1287368	1238570	15	M	9	A		-1	3805.81314929	[1, 1, 1, 1, 1, 1, 1, 1, 1, 1, 1, 1]
	1311626	1262891	1242301	15	M	63	A		-1	3806.10625598	[1, 1, 1, 1, 1, 1, 1, 1, 1, 1, 1, 1]
	1394315	1282174	1282886	15	M	28	A		-1	3806.27889425	[0, 1, 1, 1, 1, 1, 1, 1, 1, 1, 1, 1]
	1312029	1233844	1286592	15	M	82	A		-1	3806.71573007	[1, 1, 1, 1, 1, 1, 1, 1, 1, 1, 1, 1]
	1223904	1164748	1104793	14	M	0	A		-1	3806.7358981	[1, 1, 1, 0, 1, 1, 1, 1, 1, 1, 1, 1]
	1218401	1066160	1163952	14	M	18	A		-1	3806.76518504	[1, 1, 1, 0, 1, 1, 1, 1, 1, 1, 1, 0]
	1311088	1253953	1180349	15	M	91	A		-1	3807.14970009	[1, 1, 1, 1, 1, 1, 1, 1, 1, 1, 1, 1]
	1338419	1218448	1230524	15	M	3	A		-1	3807.42512965	[1, 1, 1, 1, 1, 1, 1, 1, 1, 1, 1, 0]
	1394282	1238928	1264482	15	M	87	A		-1	3807.45345695	[1, 1, 1, 1, 1, 1, 1, 1, 1, 1, 1, 1]
	1340884	1108264	1290771	15	M	59	A		-1	3807.76011456	[1, 1, 1, 1, 1, 1, 1, 1, 1, 1, 1, 1]
	1298098	1166864	1221598	15	M	11	A		-1	3808.01740707	[1, 1, 1, 1, 1, 1, 1, 1, 1, 1, 1, 1]
	1334673	1276347	1006548	15	M	97	A		-1	3808.06492818	[1, 1, 1, 1, 1, 1, 1, 1, 1, 1, 1, 1]
	1384952	1258764	1038671	15	M	60	A		-1	3808.30289369	[1, 1, 1, 1, 1, 1, 1, 1, 1, 1, 1, 1]
	1371259	1194974	1220165	15	M	11	A		-1	3808.60573803	[1, 1, 1, 1, 1, 1, 1, 1, 1, 1, 1, 1]
	1351039	1169235	1264118	15	M	96	A		-1	3809.14973104	[1, 1, 1, 0, 1, 1, 1, 1, 1, 1, 1, 1]
	1392637	1215233	1121961	15	M	30	A		-1	3809.52781664	[1, 1, 1, 1, 1, 1, 1, 1, 1, 1, 1, 0]
	1295372	1288506	1228464	15	M	68	A		-1	3809.59289623	[1, 1, 1, 1, 1, 1, 1, 1, 1, 1, 1, 1]
	1303503	1221636	1260239	15	M	65	A		-1	3809.62956994	[0, 1, 1, 1, 1, 1, 1, 1, 1, 1, 1, 0]
	1345160	1239705	1106587	15	M	45	A		-1	3809.736454	[1, 1, 1, 1, 1, 1, 1, 1, 1, 1, 1, 1]
	1320924	1281130	1239732	15	M	81	A		-1	3809.83153694	[1, 1, 1, 1, 1, 1, 1, 1, 1, 1, 1, 1]
	1345759	1226692	1205504	15	M	9	A		-1	3810.0484843	[1, 1, 1, 1, 1, 1, 1, 1, 1, 1, 1, 1]
	1300098	1248801	1278481	15	M	70	A		-1	3810.34991017	[1, 1, 1, 1, 1, 1, 1, 1, 1, 1, 1, 1]
	1348093	1286251	1042780	15	M	76	A		-1	3810.58111544	[1, 1, 1, 1, 1, 1, 1, 1, 1, 1, 1, 1]
	1334784	1212718	1138367	15	M	80	A		-1	3811.0700672	[1, 1, 1, 1, 1, 0, 1, 1, 1, 1, 1, -1]
	1321683	1265784	1221579	15	M	77	A		-1	3811.47965589	[1, 1, 1, 1, 1, 1, 1, 1, 1, 1, 1, 1]
	1392211	1277769	1283364	15	M	19	A		-1	3812.17652933	[0, 1, 1, 0, 1, 1, 1, 1, 1, 1, 1, 1]
	1305370	1230969	1129489	15	M	49	A		-1	3812.30654332	[1, 1, 1, 1, 1, 1, 1, 1, 1, 1, 1, 1]
	1334446	1272783	1273074	15	M	1	A		-1	3812.3763129	[1, 1, 1, 1, 1, 0, 1, 1, 1, 1, 1, 1]
	1324398	1207321	1130233	15	M	39	A		-1	3812.66287233	[1, 1, 1, 1, 1, 1, 1, 1, 1, 1, 1, 1]
	1335629	1212892	1222408	15	M	62	A		-1	3812.70028237	[1, 1, 1, 1, 1, 1, 1, 1, 1, 1, 1, 1]
	1383885	1287368	1106168	15	M	93	A		-1	3812.85423255	[1, 1, 1, 1, 1, 1, 1, 1, 1, 1, 1, 1]
	1383543	1225358	1214547	15	M	39	A		-1	3813.34578189	[1, 1, 1, 1, 1, 1, 1, 1, 1, 1, 1, 1]
	1382351	1249117	1224407	15	M	95	A		-1	3813.48018368	[1, 1, 1, 1, 1, 1, 1, 1, 1, 1, 1, 1]
	1319926	1257476	1240550	15	M	23	A		-1	3813.57926645	[1, 1, 1, 1, 1, 1, 1, 1, 1, 1, 1, 1]
	1358422	1199614	1237738	15	M	31	A		-1	3813.58193564	[1, 1, 1, 1, 1, 1, 1, 1, 1, 1, 1, 1]
	1306185	1263220	1258815	15	M	33	A		-1	3813.71775744	[1, 1, 1, 0, 1, 1, 1, 1, 1, 1, 1, 1]
	1369119	1274619	1230430	15	M	80	A		-1	3813.83063304	[1, 1, 1, 1, 1, 1, 1, 1, 1, 1, 1, 1]
	1298107	1253241	1284028	15	M	9	A		-1	3814.0173145	[1, 1, 1, 1, 1, 1, 1, 1, 1, 1, 1, 1]
	1390000	1223978	1195581	15	M	42	A		-1	3814.59935276	[1, 1, 1, 1, 1, 1, 1, 1, 1, 1, 1, 1]
	1378215	1249745	1114256	15	M	53	A		-1	3814.66651539	[1, 1, 1, 1, 1, 1, 1, 1, 1, 1, 1, 1]
	1392391	1196421	1264555	15	M	85	A		-1	3815.06320686	[1, 1, 1, 1, 1, 1, 1, 1, 1, 1, 1, 1]
	1319274	1253869	1199586	15	M	34	A		-1	3815.16364771	[1, 1, 1, 1, 1, 1, 1, 1, 1, 1, 1, 1]
	1389686	1280317	1218498	15	M	64	A		-1	3815.27839007	[1, 1, 1, 1, 1, 1, 1, 1, 1, 1, 1, 1]
	1304967	1275075	1271606	15	M	53	A		-1	3815.46755184	[1, 1, 1, 1, 1, 1, 1, 1, 1, 1, 1, 1]
	1366300	1269349	1281197	15	M	85	A		-1	3815.53766721	[1, 1, 1, 1, 1, 1, 1, 1, 1, 1, 1, 0]
	1296507	1294404	1155027	15	M	21	A		-1	3815.67901476	[1, 0, 1, 1, 1, 1, 1, 1, 1, 1, 1, 1]
	1309781	1289681	1222711	15	M	45	A		-1	3815.85638308	[1, 1, 1, 1, 1, 1, 1, 1, 1, 1, 1, 1]
	1390978	1100671	1234561	15	M	21	A		-1	3815.8805686	[1, 1, 1, 1, 1, 1, 1, 1, 1, 1, 1, 1]
	1259274	1151773	1173048	14	M	26	A		-1	3816.16745024	[1, 1, 1, 1, 1, 1, 1, 1, 1, 1, 1, 1]
	1361461	1250451	1293635	15	M	49	A		-1	3816.22857369	[1, 1, 1, 1, 1, 1, 1, 1, 1, 1, 1, 0]
	1390580	1273980	1285429	15	M	17	A		-1	3816.42936684	[1, 1, 1, 1, 1, 1, 1, 1, 1, 1, 1, 1]
	1354898	1208152	1284032	15	M	2	A		-1	3817.05297641	[1, 1, 1, 1, 1, 1, 1, 1, 1, 1, 1, 1]
	1295362	1200797	1232484	15	M	46	A		-1	3817.31263942	[1, 1, 1, 1, 1, 1, 1, 1, 1, 1, 1, 1]
	1330453	1266579	1107044	15	M	24	A		-1	3817.42101297	[1, 1, 1, 1, 1, 1, 1, 1, 1, 1, 1, 1]
	1357754	1285529	1243986	15	M	18	A		-1	3817.46937703	[1, 1, 1, 1, 1, 1, 1, 1, 1, 1, 1, 1]
	1393424	1218448	1249682	15	M	3	A		-1	3817.4700514	[1, 1, 1, 1, 1, 1, 1, 1, 1, 1, 1, 1]
	1301202	1200555	1285649	15	M	24	A		-1	3817.62392583	[1, 1, 1, 1, 1, 1, 1, 1, 1, 1, 1, 1]
	1349426	1207720	1289541	15	M	99	A		-1	3817.67607765	[1, 1, 1, 1, 1, 1, 1, 1, 1, 1, 1, 1]
	1297099	1275075	1287673	15	M	98	A		-1	3817.688602	[1, 1, 1, 1, 1, 0, 1, 1, 1, 1, 1, 1]
	1353334	1232598	1222288	15	M	49	A		-1	3817.85002068	[1, 1, 1, 1, 1, 1, 1, 1, 1, 1, 1, 1]
	1309567	1286306	1285067	15	M	76	A		-1	3818.12604241	[1, 1, 1, 1, 1, 1, 1, 1, 1, 1, 1, 1]
	1387560	1247887	1243239	15	M	19	A		-1	3818.43844593	[0, 1, 1, 1, 1, 1, 1, 1, 1, 1, 1, 1]
	1345007	1271969	1229933	15	M	34	A		-1	3818.62793356	[1, 1, 1, 1, 1, 1, 1, 1, 1, 1, 1, 1]
	1336099	1264719	1231850	15	M	30	A		-1	3818.99486794	[1, 1, 1, 1, 1, 1, 1, 1, 1, 1, 1, 1]
	1344830	1252910	1162142	15	M	3	A		-1	3819.00059593	[1, 1, 0, 1, 1, 1, 1, 1, 1, 1, 1, 1]
	1369062	1213752	1223432	15	M	3	A		-1	3819.24194507	[1, 1, 1, 1, 1, 1, 1, 1, 1, 1, 1, 1]
	1385296	1289478	1219636	15	M	99	A		-1	3819.26518509	[1, 1, 1, 1, 1, 1, 1, 1, 1, 1, 1, 0]
	1378476	1245329	1210471	15	M	76	A		-1	3819.64844417	[1, 1, 1, 1, 1, 1, 1, 1, 1, 1, 1, 1]
	1302426	1199637	1210431	15	M	32	A		-1	3820.2858503	[1, 1, 1, 1, 1, 1, 1, 1, 1, 1, 1, 1]
	1298861	1215233	1249830	15	M	72	A		-1	3820.4338212	[1, 1, 1, 1, 1, 1, 1, 1, 1, 1, 1, 0]
	1364200	1239705	1115358	15	M	46	A		-1	3820.97460908	[1, 1, 1, 1, 1, 1, 1, 1, 1, 1, 1, 1]
	1345755	1229049	1286393	15	M	98	A		-1	3821.68417858	[1, 1, 1, 1, 1, 1, 1, 1, 1, 1, 1, 1]
	1302162	1230840	1201804	15	M	18	A		-1	3821.75289827	[1, 1, 1, 1, 1, 1, 1, 1, 1, 1, 1, 1]
	1320511	1230791	1180732	15	M	24	A		-1	3821.97525215	[1, 1, 1, 1, 1, 0, 1, 1, 1, 1, 1, 1]
	1364646	1283089	1212539	15	M	84	A		-1	3822.21140954	[1, 1, 1, 0, 1, 1, 1, 1, 1, 1, 1, 1]
	1304072	1280816	1138549	15	M	34	A		-1	3822.70268043	[1, 1, 1, 1, 1, 1, 1, 1, 1, 1, 1, 0]
	1315280	1223904	1251465	15	M	52	A		-1	3822.70328381	[1, 1, 1, 1, 1, 1, 1, 1, 1, 1, 1, 1]
	1337237	1249745	1243276	15	M	40	A		-1	3823.15650184	[1, 1, 1, 1, 1, 1, 1, 1, 1, 1, 1, 1]
	1322855	1250000	1245811	15	M	82	A		-1	3823.6625873	[1, 1, 1, 1, 1, 1, 1, 1, 1, 1, 1, 1]
	1327343	1249683	1095692	15	M	46	A		-1	3823.81556441	[1, 1, 1, 1, 1, 1, 1, 1, 1, 1, 1, 0]
	1384587	1258423	1220550	15	M	47	A		-1	3823.84152725	[1, 1, 1, 1, 1, 1, 1, 1, 1, 1, 1, 1]
	1221636	1096121	1170586	14	M	51	A		-1	3824.18259203	[0, 1, 1, 1, 1, 1, 1, 1, 1, 1, 1, 1]
	1313393	1213700	1209981	15	M	85	A		-1	3824.30920426	[1, 1, 1, 0, 1, 1, 1, 1, 1, 1, 1, 1]
	1320371	1212751	1283237	15	M	47	A		-1	3824.31950054	[1, 1, 1, 1, 1, 1, 1, 1, 1, 1, 1, 1]
	1293742	1152712	1183811	14	M	87	A		-1	3824.3352053	[0, 1, 1, 0, 1, 0, 1, 1, 1, 1, 1, 1]
	1317506	1199312	1289084	15	M	67	A		-1	3824.66940296	[1, 1, 1, 1, 1, 1, 1, 1, 1, 1, 1, -1]
	1262361	1096645	1175058	14	M	42	A		-1	3825.71407018	[1, 1, 1, 1, 1, 0, 1, 1, 1, 1, 1, 1]
	1351410	1272623	1267910	15	M	17	A		-1	3825.83051177	[1, 1, 1, 1, 1, 1, 1, 1, 1, 1, 1, 0]
	1303137	1202622	1254467	15	M	1	A		-1	3825.83117874	[1, 1, 1, 1, 1, 1, 1, 1, 1, 1, 1, 1]
	1332082	1214823	1148477	15	M	34	A		-1	3827.1654061	[1, 1, 1, 1, 1, 1, 1, 1, 1, 1, 1, 1]
	1297875	1276649	1259722	15	M	96	A		-1	3827.19441759	[1, 1, 1, 1, 1, 1, 1, 1, 1, 1, 1, 1]
	1363365	1216686	1274565	15	M	8	A		-1	3827.9788362	[1, 1, 1, 1, 1, 1, 1, 1, 1, 1, 1, 1]
	1373677	1248163	1277587	15	M	46	A		-1	3828.09966671	[1, 1, 1, 0, 1, 0, 1, 1, 1, 1, 1, 1]
	1308196	1281773	1135373	15	M	80	A		-1	3828.3690338	[1, 1, 1, 1, 1, 1, 1, 1, 1, 1, 1, 1]
	1304091	1211356	1273988	15	M	62	A		-1	3828.86681548	[1, 1, 1, 1, 1, 1, 1, 1, 1, 1, 1, 1]
	1304162	1215233	1145921	15	M	30	A		-1	3828.89578658	[1, 1, 1, 1, 1, 1, 1, 1, 1, 1, 1, 0]
	1343633	1272783	1238996	15	M	10	A		-1	3828.95971359	[1, 1, 1, 1, 1, 1, 1, 1, 1, 1, 1, 1]
	1368543	1236154	1286683	15	M	70	A		-1	3829.08188092	[1, 0, 1, 1, 1, 1, 1, 1, 1, 1, 1, 1]
	1300091	1223620	1110564	15	M	68	A		-1	3829.25777599	[1, 1, 1, 0, 1, 1, 1, 1, 1, 1, 1, 0]
	1373592	1206666	1260142	15	M	42	A		-1	3829.32141126	[1, 1, 0, 0, 1, 1, 1, 1, 1, 1, 1, 1]
	1225562	1107929	1184956	14	M	31	A		-1	3829.34728575	[1, 1, 1, 1, 1, 1, 1, 1, 1, 1, 1, 1]
	1303108	1213372	1127971	15	M	79	A		-1	3829.37888025	[1, 1, 1, 1, 1, 1, 1, 1, 1, 1, 0, 1]
	1298874	1235201	1253018	15	M	53	A		-1	3830.22930463	[1, 1, 1, 1, 1, 1, 1, 1, 1, 1, 1, 1]
	1351070	1193241	1236224	15	M	71	A		-1	3830.33467626	[1, 1, 1, 1, 1, 1, 1, 1, 1, 1, 1, 1]
	1373692	1140073	1184757	15	M	72	A		-1	3830.38802818	[1, 1, 0, 1, 1, 1, 1, 1, 1, 1, 1, 1]
	1361469	1247341	1213145	15	M	27	A		-1	3830.49804408	[1, 1, 1, 1, 1, 1, 1, 1, 1, 1, 1, 1]
	1391585	1287568	1272838	15	M	13	A		-1	3830.84421485	[1, 1, 1, 1, 1, 1, 1, 1, 1, 1, 1, 1]
	1300027	1290809	1285715	15	M	44	A		-1	3830.90384547	[1, 1, 1, 1, 1, 1, 1, 1, 1, 1, 1, 1]
	1380142	1274190	1262557	15	M	63	A		-1	3831.00711593	[1, 1, 1, 1, 1, 1, 1, 1, 1, 1, 1, 1]
	1314138	1268058	1194008	15	M	40	A		-1	3831.21045242	[1, 1, 1, 1, 1, 1, 1, 1, 1, 1, 1, 1]
	1368522	1212674	1247893	15	M	75	A		-1	3831.4460184	[1, 1, 1, 1, 1, 0, 1, 1, 1, 1, 1, 1]
	1308578	1287368	1207138	15	M	86	A		-1	3832.64823512	[1, 1, 1, 1, 1, 1, 1, 1, 1, 1, 1, 1]
	1353826	1216888	1266374	15	M	47	A		-1	3833.24048392	[1, 1, 1, 1, 1, 1, 1, 1, 1, 1, 1, 1]
	1262891	1141637	1172324	14	M	34	A		-1	3833.36982405	[1, 1, 1, 1, 1, 1, 1, 1, 1, 1, 1, 1]
	1378104	1250820	1212961	15	M	9	A		-1	3833.42339598	[1, 1, 1, 1, 1, 1, 1, 1, 1, 1, 1, 1]
	1258423	1096645	1132001	14	M	93	A		-1	3833.42584215	[1, 1, 1, 1, 1, 1, 1, 1, 1, 1, 1, 1]
	1361670	1224933	1246131	15	M	27	A		-1	3833.42890959	[1, 1, 1, 1, 1, 1, 1, 1, 1, 1, 1, 1]
	1347701	1281564	1214998	15	M	83	A		-1	3833.69945454	[1, 1, 1, 1, 1, 1, 1, 1, 1, 1, 1, 1]
	1369543	1262956	1217576	15	M	34	A		-1	3833.74066019	[1, 1, 0, 1, 1, 1, 1, 1, 1, 1, 0, 1]
	1262161	1119870	1101240	14	M	55	A		-1	3834.26127729	[1, 1, 1, 1, 1, 1, 1, 1, 1, 1, 1, 1]
	1323174	1183245	1269802	15	M	55	A		-1	3834.37523901	[1, 1, 1, 1, 1, 1, 1, 1, 1, 1, 1, 1]
	1308781	1234028	1221701	15	M	60	A		-1	3834.41068463	[1, 1, 1, 1, 1, 1, 1, 1, 1, 1, 1, 0]
	1235505	1111809	1168749	14	M	71	A		-1	3834.46190593	[1, 1, 1, 1, 1, 1, 1, 1, 1, 1, 1, 1]
	1272498	1181231	1023401	14	M	76	A		-1	3834.50575761	[1, 1, 1, 1, 1, 1, 1, 1, 1, 1, 1, 1]
	1321784	1217140	1147978	15	M	53	A		-1	3834.51512263	[1, 1, 1, 1, 1, 1, 1, 1, 1, 1, 1, 1]
	1370966	1213056	1159665	15	M	10	A		-1	3834.95260068	[1, 1, 1, 1, 1, 1, 1, 1, 1, 1, 1, 1]
	1379467	1197327	1281246	15	M	30	A		-1	3835.28858475	[1, 1, 1, 1, 1, 1, 1, 1, 1, 1, 1, 1]
	1297519	1253404	1178366	15	M	30	A		-1	3835.46680385	[1, 1, 1, 1, 1, 1, 1, 1, 1, 1, 1, 0]
	1335841	1261888	1279142	15	M	44	A		-1	3835.55647988	[1, 1, 1, 1, 1, 1, 1, 1, 1, 1, 1, 1]
	1375060	1269123	1256712	15	M	85	A		-1	3835.70838718	[1, 1, 1, 1, 1, 1, 1, 1, 1, 1, 1, 1]
	1343982	1273344	1280322	15	M	21	A		-1	3836.21300756	[1, 1, 1, 1, 1, 1, 1, 1, 1, 1, 0, 1]
	1364400	1283089	1272021	15	M	46	A		-1	3836.49422861	[1, 1, 1, 0, 1, 1, 1, 1, 1, 1, 1, 1]
	1374549	1262161	1252446	15	M	20	A		-1	3836.66587397	[1, 1, 1, 1, 1, 1, 1, 1, 1, 1, 1, 1]
	1322763	1116095	1205804	15	M	66	A		-1	3836.885943	[1, 1, 1, 1, 1, 1, 1, 1, 1, 1, 1, 1]
	1312655	1268598	924346	15	M	30	A		-1	3837.22897113	[1, 1, 1, 1, 1, 1, 1, 1, 1, 1, 1, 1]
	1388448	1258901	1267143	15	M	20	A		-1	3837.34648201	[1, 1, 1, 1, 1, 1, 1, 1, 1, 1, 1, 1]
	1383284	1275401	1167012	15	M	40	A		-1	3837.40830323	[1, 1, 1, 1, 1, 1, 1, 1, 1, 1, 1, 1]
	1346940	1277582	1251985	15	M	21	A		-1	3837.45444421	[1, 1, 1, 0, 1, 1, 1, 1, 1, 1, 1, 1]
	1333587	1293953	1187098	15	M	64	A		-1	3837.46638562	[1, 1, 1, 1, 1, 1, 1, 1, 1, 1, 1, 0]
	1359595	1214261	1240448	15	M	74	A		-1	3838.43323991	[1, 1, 1, 1, 1, 1, 1, 1, 1, 1, 1, 1]
	1376377	1196421	1271694	15	M	3	A		-1	3839.02130871	[1, 1, 1, 1, 1, 1, 1, 1, 1, 1, 1, 1]
	1366961	1293223	1286260	15	M	7	A		-1	3839.3137319	[1, 1, 1, 1, 1, 1, 1, 1, 1, 1, 1, 1]
	1353870	1292645	1289743	15	M	65	A		-1	3839.33888594	[1, 0, 1, 1, 1, 1, 1, 1, 1, 1, 1, 1]
	1322693	1115238	1132979	15	M	27	A		-1	3839.42238957	[1, 1, 1, 1, 1, 1, 1, 1, 1, 1, 1, 1]
	1318764	1290809	1230640	15	M	91	A		-1	3839.44632133	[1, 1, 1, 1, 1, 1, 1, 1, 1, 1, 1, 1]
	1391291	1202570	1228555	15	M	32	A		-1	3839.47111756	[1, 1, 1, 1, 1, 1, 1, 1, 1, 1, 1, 1]
	1302322	1230840	1210299	15	M	35	A		-1	3839.6175784	[1, 1, 1, 1, 1, 1, 1, 1, 1, 1, 1, 1]
	1357879	1273980	1218874	15	M	41	A		-1	3840.07653445	[1, 1, 1, 1, 1, 1, 1, 1, 1, 1, 1, 1]
	1200555	1108969	1110543	14	M	15	A		-1	3840.73581826	[1, 1, 1, 1, 1, 1, 1, 1, 1, 1, 1, 1]
	1329288	1186501	1278280	15	M	0	A		-1	3840.73892888	[1, 1, 1, 0, 1, 1, 1, 1, 1, 1, 1, 1]
	1350836	1253788	1274340	15	M	7	A		-1	3841.27359733	[1, 1, 1, 1, 1, 1, 1, 1, 1, 1, 1, 1]
	1277769	1110810	1155131	14	M	19	A		-1	3841.59906437	[0, 1, 1, 0, 1, 1, 1, 1, 1, 1, 1, 1]
	1352947	1288834	1198269	15	M	90	A		-1	3841.79386001	[1, 1, 1, 1, 1, 1, 1, 1, 1, 1, 1, 1]
	1296404	1211011	1253200	15	M	86	A		-1	3842.06618791	[1, 1, 1, 1, 1, 0, 1, 1, 1, 1, 1, 1]
	1196816	1174203	1164012	14	M	34	A		-1	3842.24218986	[1, 1, 1, 1, 1, 1, 1, 1, 1, 1, 1, 1]
	1351142	1277451	1267438	15	M	96	A		-1	3842.35322613	[1, 1, 1, 1, 1, 1, 1, 1, 1, 1, 1, 0]
	1304092	1216686	1170159	15	M	48	A		-1	3842.79763698	[1, 1, 1, 1, 1, 1, 1, 1, 1, 1, 1, 1]
	1183245	1091721	1025042	13	M	33	A		-1	3843.20982108	[1, 1, 1, 1, 1, 1, 1, 1, 1, 1, 0, 1]
	1347168	1247057	1158772	15	M	75	A		-1	3843.67855883	[1, 1, 1, 0, 1, 1, 1, 1, 1, 1, 1, 1]
	1355184	1253421	1272597	15	M	72	A		-1	3843.7989901	[1, 1, 1, 1, 1, 1, 1, 1, 1, 1, 1, 1]
	1363321	1281564	1162214	15	M	81	A		-1	3844.47060758	[1, 1, 1, 1, 1, 1, 1, 1, 1, 1, 1, 1]
	1359507	1199328	1289835	15	M	8	A		-1	3844.64853606	[1, 1, 1, 1, 1, 1, 1, 1, 1, 1, 1, 1]
	1304517	1195765	1262912	15	M	82	A		-1	3845.20456785	[1, 1, 0, 1, 1, 1, 1, 1, 1, 1, 1, 1]
	1384469	1249237	1269419	15	M	95	A		-1	3845.25869166	[1, 1, 1, 1, 1, 1, 1, 1, 1, 1, 1, 1]
	1388265	1291551	1104738	15	M	52	A		-1	3845.89213941	[1, 1, 1, 1, 1, 1, 1, 1, 1, 1, 1, 1]
	1300439	1237020	1246570	15	M	37	A		-1	3845.90049784	[1, 0, 1, 1, 1, 1, 1, 1, 1, 1, 1, 1]
	1341860	1260043	1226346	15	M	69	A		-1	3846.07735021	[1, 1, 1, 1, 1, 1, 1, 1, 1, 1, 1, 0]
	1224437	1150786	1189262	14	M	41	A		-1	3846.52698231	[1, 1, 1, 1, 1, 1, 1, 1, 1, 1, 1, 0]
	1318457	1234988	1285044	15	M	54	A		-1	3846.58491936	[1, 1, 1, 1, 1, 1, 1, 1, 1, 1, 1, 1]
	1370458	1243141	1199402	15	M	32	A		-1	3846.72137524	[1, 1, 1, 1, 1, 1, 1, 1, 1, 1, 1, 1]
	1350058	1246798	1242983	15	M	3	A		-1	3846.93688854	[1, 0, 1, 1, 1, 1, 1, 1, 1, 1, 1, 1]
	1382187	1234528	1236449	15	M	39	A		-1	3848.6628081	[1, 1, 1, 1, 1, 1, 1, 1, 1, 1, 1, 1]
	1330864	1154192	1098058	15	M	91	A		-1	3848.78116287	[1, 1, 1, 1, 1, 1, 1, 1, 1, 1, 1, 1]
	1324639	1186501	1182074	15	M	100	A		-1	3848.95168558	[1, 1, 1, 1, 1, 1, 1, 1, 1, 1, 1, 1]
	1372263	1107590	1236757	15	M	1	A		-1	3849.08247586	[1, 1, 1, 1, 1, 1, 1, 1, 1, 1, 1, 1]
	1310022	1242306	1287209	15	M	42	A		-1	3849.58538741	[1, 1, 1, 1, 1, 1, 1, 1, 1, 1, 1, 1]
	1322203	1186501	1244693	15	M	28	A		-1	3850.26917622	[1, 1, 1, 0, 1, 1, 1, 1, 1, 1, 1, 1]
	1329746	1259027	1272357	15	M	63	A		-1	3850.49502575	[1, 1, 1, 1, 1, 1, 1, 1, 1, 1, 1, 0]
	1369773	1292645	1249834	15	M	3	A		-1	3850.6519253	[1, 1, 0, 1, 1, 1, 1, 1, 1, 1, 1, 1]
	1334836	1215932	1248852	15	M	79	A		-1	3850.85677232	[1, 1, 1, 1, 1, 1, 1, 1, 1, 1, 1, 1]
	1295648	1203398	1225135	15	M	47	A		-1	3851.44581332	[1, 1, 1, 0, 1, 1, 1, 1, 1, 1, 1, 1]
	1333035	1218445	1196336	15	M	85	A		-1	3852.00032508	[1, 1, 1, 0, 1, 1, 1, 1, 1, 1, 1, 0]
	1287368	1135739	1010041	14	M	36	A		-1	3852.40644552	[1, 1, 1, 1, 1, 1, 1, 1, 1, 1, 1, 1]
	1260043	1130602	1149611	14	M	53	A		-1	3852.60263483	[1, 1, 1, 1, 1, 1, 0, 1, 1, 1, 1, 0]
	1389218	1186501	1266830	15	M	76	A		-1	3853.06726884	[1, 1, 1, 1, 1, 1, 1, 1, 1, 1, 1, 1]
	1327998	1263935	1261910	15	M	51	A		-1	3853.68373218	[1, 1, 1, 1, 1, 1, 1, 1, 1, 1, 1, 1]
	1371082	1230410	1194956	15	M	3	A		-1	3853.80743738	[1, 1, 1, 1, 1, 1, 1, 1, 1, 1, 1, 1]
	1384739	1274217	1268241	15	M	82	A		-1	3854.108896	[1, 1, 1, 1, 1, 1, 1, 1, 1, 1, 1, 0]
	1364505	1196826	1281633	15	M	97	A		-1	3854.49731258	[1, 1, 1, 0, 1, 1, 1, 1, 1, 1, 1, 1]
	1352464	1272498	1154038	15	M	100	A		-1	3854.78981037	[1, 1, 1, 1, 1, 1, 1, 1, 1, 1, 1, 1]
	1390640	1227555	1282030	15	M	43	A		-1	3855.066142	[1, 1, 1, 1, 1, 1, 1, 1, 1, 1, 1, 1]
	1297120	1196816	1212053	15	M	75	A		-1	3855.14332018	[1, 1, 1, 1, 1, 1, 1, 1, 1, 1, 1, 1]
	1305821	1212674	1200416	15	M	5	A		-1	3855.9634221	[1, 1, 1, 1, 1, 1, 1, 1, 1, 1, 1, 0]
	1369575	1211186	1128281	15	M	84	A		-1	3856.37541269	[1, 1, 1, 1, 1, 1, 1, 1, 1, 1, 1, 1]
	1329329	1238000	1197353	15	M	96	A		-1	3856.39857273	[1, 1, 1, 0, 1, 1, 1, 1, 1, 1, 1, 1]
	1390843	1166864	1120682	15	M	60	A		-1	3856.40733121	[1, 1, 1, 1, 1, 1, 1, 1, 1, 1, 1, 1]
	1382997	1252496	1249576	15	M	73	A		-1	3856.93878756	[1, 1, 1, 1, 1, 1, 1, 1, 1, 1, 1, 1]
	1289083	1101666	1103392	14	M	39	A		-1	3856.93884947	[1, 1, 1, 1, 1, 1, 1, 1, 1, 1, 1, 1]
	1343276	1291741	1289344	15	M	47	A		-1	3857.23749009	[1, 1, 1, 1, 1, 1, 1, 1, 1, 1, 1, 1]
	1314399	1240132	1160168	15	M	37	A		-1	3857.63688636	[1, 1, 0, 1, 1, 1, 1, 1, 1, 1, 1, 1]
	1361678	1217003	1213880	15	M	66	A		-1	3857.78058237	[1, 1, 1, 1, 1, 1, 1, 1, 1, 1, 1, 1]
	1342891	1275030	1248675	15	M	20	A		-1	3857.81070364	[1, 1, 1, 1, 1, 1, 1, 1, 1, 1, 1, 0]
	1389077	1211197	1254190	15	M	96	A		-1	3857.98694803	[1, 1, 1, 1, 1, 1, 1, 1, 1, 1, 1, 1]
	1236154	1127073	1139202	14	M	91	A		-1	3858.73713562	[1, 1, 1, 1, 1, 1, 1, 1, 1, 1, 1, 1]
	1299574	1262161	1238201	15	M	23	A		-1	3859.45280756	[1, 1, 1, 1, 1, 1, 1, 1, 1, 1, 1, 1]
	1354738	1271302	1271944	15	M	66	A		-1	3859.47979778	[1, 1, 1, 1, 1, 1, 1, 1, 1, 1, 1, 1]
	1366550	1258901	1281406	15	M	16	A		-1	3859.89462256	[1, 1, 1, 1, 1, 1, 1, 1, 1, 1, 1, 1]
	1318411	1228186	1293329	15	M	49	A		-1	3860.2187343	[1, 1, 1, 1, 1, 1, 1, 1, 1, 1, 1, 1]
	1379071	1221217	1133827	15	M	87	A		-1	3860.48272786	[0, 1, 1, 1, 1, 1, 1, 1, 1, 1, 1, 1]
	1380476	1291216	1199501	15	M	42	A		-1	3860.66381764	[1, 1, 1, 1, 1, 1, 1, 1, 1, 1, 1, 1]
	1302174	1218445	1238211	15	M	22	A		-1	3861.26139259	[1, 1, 1, 1, 1, 1, 1, 1, 1, 1, 1, 1]
	1351823	1293648	1214988	15	M	69	A		-1	3861.39853589	[1, 1, 1, 1, 1, 1, 1, 1, 1, 1, 1, 1]
	1374997	1221421	1243576	15	M	69	A		-1	3861.41300465	[1, 1, 1, 1, 1, 1, 1, 1, 1, 1, 1, 1]
	1354502	1251893	1277649	15	M	67	A		-1	3861.65197724	[1, 1, 1, 1, 1, 1, 1, 1, 1, 1, 1, 1]
	1356675	1231085	1205621	15	M	31	A		-1	3862.01548184	[1, 1, 1, 1, 1, 0, 1, 1, 1, 1, 1, 1]
	1361683	1216686	1290193	15	M	18	A		-1	3862.086342	[1, 1, 1, 1, 1, 1, 1, 1, 1, 1, 1, 1]
	1359627	1289938	1275896	15	M	90	A		-1	3862.34754523	[0, 1, 0, 1, 1, 1, 1, 1, 1, 1, 1, 1]
	1384785	1220911	1217534	15	M	1	A		-1	3862.50105853	[1, 1, 1, 1, 1, 1, 1, 1, 1, 1, 1, 1]
	1389609	1198862	1270462	15	M	38	A		-1	3864.0657304	[1, 1, 1, 1, 1, 1, 1, 1, 1, 1, 1, 0]
	1362184	1214119	1182598	15	M	18	A		-1	3864.62563368	[1, 1, 1, 1, 1, 1, 1, 1, 1, 1, 1, 1]
	1317863	1248935	1247776	15	M	47	A		-1	3865.2669994	[1, 1, 1, 1, 1, 1, 1, 1, 1, 1, 1, 1]
	1341235	1242306	1291251	15	M	26	A		-1	3865.46623693	[1, 1, 1, 1, 1, 1, 1, 1, 1, 1, 1, 1]
	1365914	1285937	1192026	15	M	22	A		-1	3866.0600699	[1, 1, 1, 1, 1, 1, 1, 1, 1, 1, 1, 1]
	1296800	1204433	1229050	15	M	21	A		-1	3866.94174426	[1, 1, 1, 1, 1, 1, 1, 1, 1, 1, 1, 0]
	1348346	1243141	1264778	15	M	95	A		-1	3867.1735446	[1, 1, 1, 1, 1, 1, 1, 1, 1, 1, 1, 1]
	1318847	1237776	1254355	15	M	3	A		-1	3867.61661354	[0, 1, 1, 1, 1, 1, 1, 1, 1, 1, 1, 1]
	1322711	1252000	1225639	15	M	90	A		-1	3867.74004998	[1, 1, 1, 1, 1, 1, 1, 1, 1, 1, 1, 1]
	1353707	1292314	1209919	15	M	100	A		-1	3868.06793582	[1, 1, 1, 1, 1, 1, 1, 1, 1, 1, 1, 1]
	1385541	1276790	1261651	15	M	32	A		-1	3868.14963618	[1, 1, 1, 1, 1, 1, 1, 1, 1, 1, 1, 1]
	1388926	1218445	1231778	15	M	72	A		-1	3868.7959638	[1, 1, 1, 0, 1, 1, 1, 1, 1, 1, 1, 1]
	1374927	1066160	1259881	15	M	26	A		-1	3870.01831763	[1, 1, 1, 1, 1, 1, 1, 1, 1, 1, 1, 1]
	1200797	1145790	1124133	14	M	12	A		-1	3870.11214041	[1, 1, 1, 1, 1, 1, 1, 1, 1, 1, 1, 1]
	1386538	1239890	1242212	15	M	71	A		-1	3870.76822679	[1, 1, 1, 1, 1, 1, 1, 1, 1, 1, 1, 1]
	1309633	1252000	1275099	15	M	17	A		-1	3871.61866911	[1, 1, 1, 0, 1, 1, 1, 1, 1, 1, 1, 1]
	1313382	1279327	1257045	15	M	85	A		-1	3871.64153918	[1, 1, 1, 1, 1, 1, 1, 1, 1, 1, 1, 1]
	1320466	1282624	1284128	15	M	71	A		-1	3872.73096701	[1, 1, 1, 1, 1, 1, 1, 1, 1, 1, 1, 1]
	1329925	1199519	1285483	15	M	71	A		-1	3872.88670103	[1, 1, 1, 1, 1, 1, 1, 1, 1, 1, 1, 1]
	1353575	1283089	1255882	15	M	4	A		-1	3873.42366917	[1, 1, 1, 1, 1, 0, 1, 1, 1, 1, 1, 1]
	1310861	1290809	1280648	15	M	82	A		-1	3874.07904272	[1, 1, 1, 1, 1, 1, 1, 1, 1, 1, 1, 1]
	1314080	1231551	1104731	15	M	25	A		-1	3874.95753653	[1, 1, 1, 1, 1, 1, 1, 1, 1, 1, 1, 1]
	1368453	1243141	1214302	15	M	59	A		-1	3877.55368964	[1, 1, 1, 1, 1, 1, 1, 1, 1, 1, 1, 1]
	1325299	1242082	1265750	15	M	24	A		-1	3877.5729877	[1, 1, 1, 1, 1, 1, 1, 1, 1, 1, 0, 0]
	1390091	1228008	1214734	15	M	50	A		-1	3877.85841799	[1, 1, 1, 0, 1, 1, 1, 1, 1, 1, 1, 1]
	1382920	1248411	1260820	15	M	99	A		-1	3878.00682246	[1, 1, 1, 1, 1, 1, 1, 1, 1, 1, 1, 1]
	1353488	1272783	1290597	15	M	73	A		-1	3878.25102601	[1, 1, 1, 1, 1, 1, 1, 1, 1, 1, 1, 1]
	1313860	1244075	1158505	15	M	69	A		-1	3878.73364749	[1, 1, 1, 1, 1, 1, 1, 1, 1, 1, 1, 1]
	1376886	1183245	1212964	15	M	28	A		-1	3878.81253973	[1, 1, 1, 1, 1, 1, 1, 1, 1, 1, 0, 1]
	1305603	1220867	1241683	15	M	93	A		-1	3879.64055416	[1, 1, 1, 1, 1, 1, 1, 1, 1, 1, 1, 1]
	1316220	1292645	1272458	15	M	64	A		-1	3879.82435745	[1, 1, 1, 1, 1, 1, 1, 1, 1, 1, 1, 1]
	1394065	1281564	1274562	15	M	13	A		-1	3879.94171121	[1, 1, 1, 1, 1, 1, 1, 1, 1, 1, 1, 1]
	1346059	1252000	1161602	15	M	29	A		-1	3880.1148387	[1, 0, 1, 1, 1, 1, 1, 1, 1, 1, 1, 1]
	1380052	1231085	1189262	15	M	41	A		-1	3880.54590425	[1, 1, 1, 1, 1, 1, 1, 1, 1, 1, 1, 0]
	1384347	1280317	1256042	15	M	96	A		-1	3880.63842999	[1, 0, 1, 1, 1, 1, 1, 1, 1, 1, 1, 1]
	1325696	1274607	1224783	15	M	43	A		-1	3881.202946	[1, 1, 1, 1, 1, 1, 1, 1, 1, 1, 1, 1]
	1361974	1201726	1151088	15	M	26	A		-1	3881.31580372	[1, 1, 1, 1, 1, 1, 1, 1, 1, 1, 1, 1]
	1345888	1238403	1276237	15	M	10	A		-1	3882.210543	[1, 1, 1, 1, 1, 1, 1, 1, 1, 1, 1, 1]
	1328288	1228030	1275880	15	M	20	A		-1	3882.53455501	[1, 1, 1, 1, 1, 1, 1, 1, 1, 1, 1, 1]
	1338885	1293648	1247552	15	M	12	A		-1	3882.65972149	[1, 1, 1, 1, 1, 1, 1, 1, 1, 1, 1, 1]
	1370840	1250820	1266346	15	M	59	A		-1	3882.96143726	[1, 1, 1, 1, 1, 1, 1, 1, 1, 1, 1, 1]
	1384479	1224437	1208410	15	M	15	A		-1	3883.31936619	[1, 1, 0, 1, 1, 1, 1, 1, 1, 1, 1, 1]
	1323757	1214724	1275887	15	M	24	A		-1	3883.44952845	[1, 1, 1, 1, 1, 1, 1, 1, 1, 1, 1, 1]
	1309677	1228565	1289543	15	M	77	A		-1	3883.46404197	[1, 1, 1, 1, 0, 1, 1, 0, 1, 1, 1, 1]
	1238403	1112738	1128385	14	M	15	A		-1	3883.82703186	[1, 1, 1, 1, 1, 1, 1, 1, 1, 1, 1, 1]
	1323956	1150152	1238657	15	M	89	A		-1	3884.21529309	[0, 1, 1, 0, 1, 1, 1, 1, 1, 1, 1, 0]
	1214116	1135496	1145404	14	M	52	A		-1	3884.6224965	[1, 1, 1, 1, 1, 1, 1, 1, 1, 1, 1, 1]
	1310460	1225358	1237645	15	M	38	A		-1	3886.36633163	[1, 1, 1, 1, 1, 1, 1, 1, 1, 1, 1, 1]
	1376502	1226692	1243572	15	M	4	A		-1	3886.40839777	[1, 1, 1, 1, 1, 1, 1, 1, 1, 1, 1, 1]
	1386981	1169235	1214621	15	M	80	A		-1	3886.58272557	[1, 1, 1, 1, 1, 1, 1, 1, 1, 1, 1, 1]
	1387881	1272498	1240842	15	M	38	A		-1	3886.74192701	[1, 1, 1, 1, 1, 1, 1, 1, 1, 1, 1, 1]
	1314342	1202622	1098390	15	M	100	A		-1	3886.92704714	[1, 1, 1, 1, 1, 1, 1, 1, 1, 1, 0, 1]
	1345774	1250873	1289525	15	M	30	A		-1	3887.61343329	[1, 1, 1, 1, 1, 1, 1, 1, 1, 1, 1, 1]
	1249745	1169235	1153811	14	M	64	A		-1	3888.51417368	[1, 1, 1, 1, 1, 1, 1, 1, 1, 1, 1, 1]
	1374749	1239705	1232642	15	M	9	A		-1	3888.67454817	[1, 1, 1, 0, 1, 1, 1, 1, 1, 1, 1, 1]
	1296531	1207738	1259153	15	M	54	A		-1	3891.06114791	[1, 1, 0, 1, 1, 1, 1, 1, 1, 1, 1, 0]
	1356279	1217772	1266277	15	M	37	A		-1	3891.20103501	[1, 1, 1, 1, 1, 1, 0, 1, 1, 1, 1, 0]
	1387655	1230969	1156153	15	M	13	A		-1	3891.33076771	[0, 1, 0, 1, 1, 1, 1, 1, 1, 1, 1, 1]
	1348528	1225358	1113537	15	M	80	A		-1	3894.23327534	[1, 1, 1, 1, 1, 1, 1, 1, 1, 1, 1, 1]
	1390085	1211011	1168080	15	M	32	A		-1	3894.24536735	[1, 1, 1, 1, 1, 1, 1, 1, 1, 1, 1, 0]
	1375747	1272831	1264188	15	M	2	A		-1	3894.40017144	[1, 1, 1, 1, 1, 1, 1, 1, 1, 1, 1, 1]
	1337765	1200376	1250051	15	M	72	A		-1	3895.10417288	[1, 1, 1, 1, 1, 1, 1, 1, 1, 1, 1, 1]
	1292314	1101666	1186308	14	M	25	A		-1	3895.44156337	[1, 1, 1, 1, 1, 1, 1, 1, 1, 1, 1, 1]
	1388318	1231551	1278789	15	M	93	A		-1	3895.49415348	[1, 1, 1, 1, 1, 1, 1, 1, 1, 1, 1, 1]
	1377937	1212674	1238897	15	M	51	A		-1	3895.9699926	[1, 1, 1, 1, 1, 1, 1, 1, 1, 1, 1, 1]
	1348445	1233844	1153927	15	M	18	A		-1	3896.8898548	[1, 1, 1, 1, 1, 1, 1, 1, 1, 1, 1, 1]
	1302374	1228186	1132394	15	M	63	A		-1	3897.15454469	[1, 1, 1, 1, 1, 1, 1, 1, 1, 1, 1, 1]
	1326391	1242306	1263295	15	M	59	A		-1	3897.56517973	[0, 1, 1, 1, 1, 1, 1, 1, 1, 1, 1, 1]
	1372571	1256940	1234754	15	M	36	A		-1	3898.27596452	[0, 1, 1, 1, 1, 1, 1, 1, 1, 1, 1, 1]
	1325907	1153389	1211536	15	M	83	A		-1	3898.4838902	[1, 1, 1, 1, 1, 1, 1, 1, 1, 1, 1, 1]
	1304578	1274190	1243208	15	M	55	A		-1	3898.57702705	[1, 1, 0, 1, 1, 1, 1, 1, 1, 1, 1, 1]
	1387551	1221712	1285010	15	M	23	A		-1	3898.85415992	[0, 1, 1, 1, 1, 1, 1, 1, 1, 1, 1, 1]
	1208116	1176559	1036566	14	M	90	A		-1	3899.91318081	[1, 1, 1, 1, 1, 1, 1, 0, 1, 1, 1, 1]
	1341332	1183245	1129246	15	M	97	A		-1	3900.58102782	[1, 1, 1, 1, 1, 1, 1, 1, 1, 1, 1, 1]
	1303580	1154192	1277480	15	M	60	A		-1	3900.65041468	[1, 1, 1, 1, 1, 1, 1, 1, 1, 1, 1, 1]
	1387303	1266579	1233862	15	M	56	A		-1	3900.98071891	[1, 1, 1, 1, 1, 1, 1, 1, 1, 1, 1, 1]
	1368727	1292314	1176016	15	M	3	A		-1	3901.84258323	[1, 1, 1, 1, 1, 1, 1, 1, 1, 1, 1, 1]
	1326405	1275075	931529	15	M	27	A		-1	3902.66780785	[1, 1, 0, 1, 1, 0, 1, 1, 1, 1, 1, 1]
	1299881	1211011	1291694	15	M	63	A		-1	3903.67882861	[1, 1, 1, 1, 1, 1, 1, 1, 1, 1, 1, 1]
	1385070	1217772	1102656	15	M	16	A		-1	3903.81935457	[1, 1, 1, 1, 1, 1, 0, 1, 1, 1, 1, 1]
	1392749	1237014	1250925	15	M	24	A		-1	3904.18193379	[1, 1, 1, 1, 1, 1, 1, 1, 1, 1, 1, 1]
	1298007	1253254	1209372	15	M	77	A		-1	3904.21556375	[1, 1, 1, 1, 1, 1, 1, 1, 1, 1, 1, 1]
	1325546	1262932	1261628	15	M	100	A		-1	3904.43312726	[1, 1, 1, 1, 1, 1, 1, 1, 1, 1, 1, 1]
	1316035	1264890	1254377	15	M	100	A		-1	3905.59128786	[0, 1, 1, 0, 1, 1, 1, 1, 1, 1, 1, 1]
	1350196	1197885	1270335	15	M	12	A		-1	3906.44081231	[1, 1, 1, 1, 1, 1, 1, 1, 1, 1, 1, 1]
	1377385	1239705	1250043	15	M	9	A		-1	3907.914096	[1, 1, 1, 1, 1, 1, 1, 1, 1, 1, 1, 1]
	1339967	1204433	1197693	15	M	2	A		-1	3908.23956161	[1, 1, 1, 1, 1, 1, 1, 1, 1, 1, 1, 1]
	1339852	1236154	1286901	15	M	22	A		-1	3908.76258588	[1, 1, 1, 1, 1, 1, 1, 1, 1, 1, 1, 1]
	1347011	1285445	1229352	15	M	88	A		-1	3909.26232712	[1, 0, 1, 0, 1, 1, 1, 1, 1, 1, 1, 1]
	1306785	1266579	1141055	15	M	68	A		-1	3909.62178521	[1, 1, 1, 0, 1, 1, 1, 1, 1, 1, 1, 1]
	1314019	1280177	1277476	15	M	58	A		-1	3909.71629714	[1, 1, 1, 1, 1, 1, 1, 1, 1, 1, 1, 1]
	1352861	1212746	1265753	15	M	3	A		-1	3910.22069862	[1, 1, 1, 1, 1, 1, 1, 1, 1, 1, 1, 1]
	1335666	1239997	1248114	15	M	77	A		-1	3910.74804701	[1, 1, 1, 1, 1, 1, 1, 1, 1, 1, 1, 1]
	1219633	1101480	1193194	14	M	14	A		-1	3911.49567456	[1, 1, 0, 1, 1, 1, 1, 1, 1, 1, 1, 1]
	1345165	1276801	1250172	15	M	37	A		-1	3912.07711688	[1, 1, 1, 1, 1, 1, 1, 1, 1, 1, 1, 1]
	1392502	1259274	1213086	15	M	42	A		-1	3912.35537052	[1, 1, 1, 1, 1, 1, 1, 1, 1, 1, 1, 1]
	1359401	1218401	1243659	15	M	95	A		-1	3912.36988729	[1, 1, 1, 0, 1, 1, 1, 1, 1, 1, 1, 0]
	1357983	1227473	1221948	15	M	93	A		-1	3912.43591887	[1, 1, 1, 1, 1, 1, 1, 1, 1, 1, 1, 1]
	1333939	1066160	1184784	15	M	47	A		-1	3912.75161667	[1, 1, 1, 1, 1, 1, 1, 1, 1, 1, 1, 0]
	1306122	1269992	1273384	15	M	34	A		-1	3913.04501378	[1, 1, 1, 1, 1, 1, 1, 1, 1, 1, 1, 0]
	1290809	1131859	1099212	14	M	59	A		-1	3913.10546587	[1, 1, 1, 1, 1, 1, 1, 1, 1, 1, 1, 1]
	1356260	1275075	1234079	15	M	47	A		-1	3913.22532155	[1, 1, 1, 1, 1, 0, 1, 1, 1, 1, 1, 1]
	1311648	1227553	1273325	15	M	4	A		-1	3914.18186718	[0, 1, 1, 0, 1, 1, 1, 1, 1, 1, 1, 0]
	1381370	1290982	1214620	15	M	47	A		-1	3914.30265857	[1, 1, 1, 1, 1, 1, 1, 1, 1, 1, 1, 1]
	1257476	1107590	1138015	14	M	65	A		-1	3915.39910052	[1, 1, 1, 1, 1, 1, 1, 1, 1, 1, 1, 1]
	1340011	1274190	1252761	15	M	45	A		-1	3917.08873453	[1, 1, 0, 1, 1, 1, 1, 1, 1, 1, 1, 1]
	1274607	1109647	1173137	14	M	79	A		-1	3917.5655837	[1, 1, 1, 1, 1, 1, 1, 1, 1, 1, 1, 1]
	1381807	1206738	1111082	15	M	24	A		-1	3921.49509143	[1, 1, 1, 1, 1, 1, 1, 1, 1, 1, 1, 1]
	1316460	1239890	1149296	15	M	15	A		-1	3922.56979402	[1, 1, 1, 1, 1, 1, 1, 1, 1, 1, 1, 1]
	1337760	1237776	1279670	15	M	93	A		-1	3923.39420741	[1, 1, 1, 1, 1, 1, 1, 1, 1, 1, 1, 1]
	1378407	1279580	1266530	15	M	87	A		-1	3923.53762278	[1, 1, 1, 0, 1, 0, 1, 1, 1, 1, 1, 1]
	1322618	1221421	1259861	15	M	62	A		-1	3924.2418248	[1, 1, 1, 1, 1, 1, 1, 1, 1, 1, 1, 1]
	1348354	1237747	1196887	15	M	76	A		-1	3924.76297566	[1, 1, 1, 1, 1, 1, 1, 1, 1, 1, 1, 1]
	1320414	1274607	1209916	15	M	99	A		-1	3924.94463117	[1, 1, 1, 1, 1, 1, 1, 1, 1, 1, 1, 1]
	1368718	1285937	1272108	15	M	65	A		-1	3926.50708184	[1, 1, 1, 1, 1, 1, 1, 1, 1, 1, 1, 1]
	1339733	1233901	1126103	15	M	58	A		-1	3926.99314391	[1, 1, 1, 1, 1, 1, 1, 1, 1, 1, 1, 1]
	1350419	1275075	1196175	15	M	63	A		-1	3927.66899534	[1, 1, 1, 1, 1, 1, 1, 1, 1, 1, 1, 1]
	1384157	1228186	1203027	15	M	90	A		-1	3927.72729918	[1, 1, 1, 1, 1, 1, 1, 1, 1, 1, 1, 1]
	1365175	1230969	1133248	15	M	34	A		-1	3928.83155801	[0, 1, 1, 1, 1, 1, 1, 1, 1, 1, 1, 1]
	1360014	1269123	1279978	15	M	59	A		-1	3930.50962107	[1, 1, 1, 0, 1, 1, 1, 1, 1, 1, 1, 1]
	1325010	1107590	1214010	15	M	78	A		-1	3930.67060755	[1, 1, 1, 1, 1, 1, 1, 1, 1, 1, 1, 1]
	1299544	1290777	1229537	15	M	82	A		-1	3930.70102896	[1, 1, 1, 1, 1, 1, 1, 1, 1, 1, 1, 1]
	1323841	1247323	1278843	15	M	84	A		-1	3931.9414973	[1, 1, 1, 1, 1, 1, 1, 1, 1, 1, 1, 1]
	1370924	1207738	1142613	15	M	0	A		-1	3933.09318795	[1, 1, 0, 1, 1, 1, 1, 1, 1, 1, 1, 0]
	1317122	1240620	1203157	15	M	71	A		-1	3933.17331951	[1, 1, 1, 1, 1, 1, 1, 1, 1, 1, 1, 1]
	1322810	1196421	1260231	15	M	73	A		-1	3935.32165169	[1, 1, 1, 1, 1, 1, 1, 1, 1, 1, 1, 1]
	1377325	1242306	1225060	15	M	19	A		-1	3936.69179828	[1, 1, 1, 1, 1, 1, 1, 1, 1, 1, 1, 1]
	1323709	1213752	1163298	15	M	58	A		-1	3937.50123263	[1, 1, 1, 1, 1, 1, 1, 1, 1, 1, 1, 0]
	1311300	1219633	1013993	15	M	82	A		-1	3939.61721217	[1, 1, 0, 1, 1, 1, 1, 1, 1, 1, 1, 1]
	1319586	1108264	1286692	15	M	37	A		-1	3939.9575757	[0, 1, 1, 1, 1, 1, 1, 1, 1, 1, 1, 1]
	1300511	1100115	1199225	15	M	100	A		-1	3941.41934383	[1, 1, 1, 1, 1, 1, 1, 1, 1, 1, 1, 1]
	1370784	1208116	1250678	15	M	56	A		-1	3941.88663015	[1, 1, 1, 1, 1, 1, 1, 0, 1, 1, 1, 1]
	1363159	1277451	1294063	15	M	74	A		-1	3943.13289124	[1, 1, 1, 1, 1, 1, 1, 1, 1, 1, 1, 0]
	1374402	1292436	1231191	15	M	11	A		-1	3943.46748702	[1, 1, 1, 1, 1, 1, 1, 1, 1, 1, 1, 1]
	1365473	1240620	1281169	15	M	68	A		-1	3943.65326329	[1, 1, 1, 1, 1, 1, 1, 0, 1, 1, 1, 1]
	1300414	1219633	1038325	15	M	43	A		-1	3943.87841651	[1, 1, 1, 1, 0, 1, 1, 1, 1, 1, 1, 1]
	1339624	1269440	1257665	15	M	45	A		-1	3944.17834938	[1, 1, 1, 1, 1, 1, 1, 1, 1, 1, 1, 1]
	1328549	1166864	1261145	15	M	30	A		-1	3944.35997549	[1, 1, 1, 1, 1, 1, 1, 1, 1, 1, 1, 1]
	1325333	1202622	1106144	15	M	23	A		-1	3946.41387071	[1, 1, 1, 1, 1, 1, 1, 1, 1, 1, 1, 1]
	1352791	1292314	1223136	15	M	35	A		-1	3948.01366058	[1, 1, 1, 1, 1, 1, 1, 1, 1, 1, 1, 1]
	1318251	1247887	1207903	15	M	36	A		-1	3948.44689289	[0, 1, 1, 1, 1, 1, 1, 1, 1, 1, 1, 1]
	1369263	1066160	1213343	15	M	89	A		-1	3949.64556515	[1, 1, 1, 1, 1, 1, 1, 1, 1, 1, 1, 0]
	1186501	1066160	1008146	13	M	59	A		-1	3950.66584771	[1, 1, 1, 0, 1, 1, 1, 1, 1, 1, 1, 1]
	1326500	1166864	1292320	15	M	44	A		-1	3951.88818335	[1, 1, 1, 1, 1, 1, 1, 1, 1, 1, 1, 1]
	1365631	1232578	1265237	15	M	77	A		-1	3952.65593698	[1, 1, 1, 1, 1, 0, 1, 1, 1, 1, 0, 1]
	1394715	1206666	1206730	15	M	24	A		-1	3954.02164677	[1, 1, 1, 1, 1, 1, 1, 1, 1, 1, 1, 1]
	1295498	1220911	1239259	15	M	64	A		-1	3955.08136315	[1, 1, 1, 1, 1, 1, 1, 1, 1, 1, 1, 1]
	1309919	1213013	1230074	15	M	21	A		-1	3956.02795433	[1, 1, 1, 1, 1, 1, 1, 1, 1, 1, 1, 1]
	1339081	1253753	1211680	15	M	87	A		-1	3956.12906743	[1, 1, 1, 1, 1, 1, 1, 1, 1, 1, 1, 1]
	1298967	1219633	1227091	15	M	0	A		-1	3958.44705801	[1, 1, 1, 1, 1, 1, 1, 1, 1, 1, 1, 1]
	1369739	1241628	1264484	15	M	72	A		-1	3958.5523532	[1, 1, 1, 1, 1, 1, 1, 1, 1, 1, 1, 1]
	1331241	1212746	1255915	15	M	37	A		-1	3963.33146431	[1, 1, 1, 0, 1, 1, 1, 1, 1, 1, 1, 0]
	1344199	1287368	1250352	15	M	2	A		-1	3963.7351322	[1, 1, 1, 1, 1, 1, 1, 1, 1, 1, 1, 1]
	1379291	1284026	1264723	15	M	58	A		-1	3963.89770088	[1, 1, 1, 1, 1, 1, 1, 1, 1, 1, 1, 0]
	1247323	1190076	1188383	14	M	27	A		-1	3964.47785952	[1, 1, 1, 1, 1, 1, 1, 1, 1, 1, 1, 1]
	1323785	1214116	1198771	15	M	69	A		-1	3965.6135588	[1, 1, 1, 1, 1, 1, 1, 1, 1, 1, 1, 1]
	1303109	1247887	1274264	15	M	47	A		-1	3966.2075573	[0, 1, 1, 1, 1, 1, 1, 1, 1, 1, 1, 1]
	1336495	1215932	1249094	15	M	51	A		-1	3966.37662025	[1, 1, 1, 1, 1, 1, 1, 1, 1, 1, 1, 1]
	1298420	1234528	1141705	15	M	64	A		-1	3966.61742815	[1, 1, 1, 1, 1, 1, 1, 1, 1, 1, 1, 1]
	1373223	1238403	1261937	15	M	38	A		-1	3967.86420864	[1, 1, 1, 1, 1, 1, 1, 1, 1, 1, 1, 1]
	1346035	1221636	1088747	15	M	52	A		-1	3972.29967525	[1, 1, 1, 1, 1, 1, 1, 1, 1, 1, 1, 1]
	1379670	1262161	1229967	15	M	51	A		-1	3973.16631231	[1, 1, 1, 1, 1, 0, 1, 1, 1, 1, 1, 1]
	1350152	1211204	1214424	15	M	85	A		-1	3973.75164625	[1, 1, 1, 0, 1, 1, 1, 0, 1, 1, 1, 1]
	1304599	1257476	1275054	15	M	39	A		-1	3975.76646171	[1, 1, 1, 1, 1, 1, 1, 1, 1, 1, 1, 1]
	1389190	1212751	1256646	15	M	98	A		-1	3977.88336775	[1, 1, 1, 1, 1, 1, 1, 1, 1, 1, 0, 1]
	1312285	1239705	1294658	15	M	87	A		-1	3978.98851012	[1, 1, 1, 1, 1, 1, 1, 1, 1, 1, 1, 1]
	1318842	1257061	1255977	15	M	67	A		-1	3980.53120586	[1, 1, 1, 1, 1, 1, 1, 1, 1, 1, 1, 1]
	1366934	1211204	1133427	15	M	64	A		-1	3982.01438369	[1, 1, 1, 1, 1, 1, 1, 1, 1, 1, 1, 1]
	1392190	1196421	1244056	15	M	33	A		-1	3983.9994111	[1, 1, 1, 1, 1, 1, 1, 1, 1, 1, 1, 1]
	1356264	1246281	1241017	15	M	17	A		-1	3984.25348961	[1, 1, 1, 1, 1, 1, 1, 1, 1, 1, 1, 1]
	1322172	1247887	1117645	15	M	23	A		-1	3985.01995596	[0, 1, 1, 1, 1, 1, 1, 1, 1, 1, 1, 1]
	1371260	1288506	1264033	15	M	30	A		-1	3986.16807663	[1, 1, 1, 1, 1, 1, 1, 1, 1, 1, 1, 1]
	1308667	1237747	1198728	15	M	88	A		-1	3986.4363547	[1, 1, 1, 1, 1, 1, 1, 1, 1, 1, 1, 1]
	1357845	1199328	1232054	15	M	35	A		-1	3989.9528857	[1, 1, 1, 1, 1, 1, 1, 1, 1, 1, 1, 1]
	1389370	1256960	1106510	15	M	41	A		-1	3992.40685037	[1, 1, 1, 1, 1, 1, 1, 1, 1, 1, 1, 1]
	1323376	1151773	1266397	15	M	72	A		-1	3993.88480828	[1, 0, 1, 1, 1, 1, 1, 1, 1, 1, 1, 1]
	1327959	1169235	1259138	15	M	69	A		-1	3998.93388702	[1, 1, 1, 1, 1, 1, 1, 1, 1, 1, 1, 1]
	1325434	1229049	1200439	15	M	59	A		-1	3999.34345278	[1, 1, 1, 1, 1, 1, 1, 1, 1, 1, 1, 1]
	1344823	1253421	1240370	15	M	47	A		-1	3999.70651312	[1, 1, 1, 1, 1, 1, 1, 1, 1, 1, 1, 1]
	1389515	1286917	1202375	15	M	53	A		-1	4001.04875466	[1, 1, 1, 1, 1, 1, 1, 1, 1, 1, 1, 1]
	1380533	1234028	1289999	15	M	30	A		-1	4003.93875824	[1, 1, 1, 1, 1, 1, 1, 1, 1, 1, 1, 1]
	1318292	1262932	1201051	15	M	12	A		-1	4006.77937903	[1, 1, 1, 1, 1, 1, 1, 1, 1, 1, 1, 0]
	1304891	1221636	1113110	15	M	81	A		-1	4007.56872479	[0, 1, 1, 1, 1, 1, 1, 1, 1, 1, 1, 1]
	1349171	1293648	1227758	15	M	62	A		-1	4010.74768637	[1, 1, 1, 1, 1, 1, 1, 1, 1, 1, 1, 1]
	1388243	1239967	1018492	15	M	23	A		-1	4012.63759628	[1, 1, 1, 1, 1, 1, 1, 1, 1, 1, 1, 1]
	1322176	1233844	1227403	15	M	39	A		-1	4012.9712525	[1, 1, 1, 1, 1, 1, 1, 1, 1, 1, 1, 1]
	1280317	1177226	1104184	14	M	46	A		-1	4014.33859645	[1, 1, 1, 1, 1, 1, 1, 1, 1, 1, 1, 1]
	1295675	1228008	1229246	15	M	25	A		-1	4014.42161577	[1, 1, 1, 1, 0, 1, 1, 1, 1, 1, 1, 1]
	1321609	1231085	1277698	15	M	19	A		-1	4015.63538129	[1, 1, 1, 1, 1, 1, 1, 1, 1, 1, 1, 1]
	1324903	1200555	1230623	15	M	24	A		-1	4016.93254882	[1, 1, 1, 1, 1, 1, 1, 1, 1, 1, 1, 1]
	1296243	1256993	1198357	15	M	54	A		-1	4017.0378683	[1, 1, 1, 1, 1, 1, 1, 1, 1, 1, 1, 1]
	1358291	1196824	1221884	15	M	71	A		-1	4017.25741528	[0, 1, 1, 1, 1, 1, 1, 1, 1, 1, 1, 0]
	1297376	1236154	1240435	15	M	87	A		-1	4018.72724613	[1, 1, 1, 1, 1, 1, 1, 1, 1, 1, 1, 1]
	1360534	1200376	1240044	15	M	84	A		-1	4021.20392486	[1, 1, 1, 1, 1, 1, 1, 1, 1, 1, 1, 1]
	1354236	1293953	1122606	15	M	23	A		-1	4022.40586006	[1, 1, 1, 1, 1, 1, 1, 1, 1, 1, 1, 0]
	1313504	1258423	1217721	15	M	44	A		-1	4022.59463942	[1, 1, 1, 1, 1, 1, 1, 1, 1, 1, 1, 1]
	1299313	1225825	1266321	15	M	33	A		-1	4025.39729702	[1, 1, 1, 1, 1, 1, 1, 1, 1, 1, 1, 1]
	1329037	1219633	1290941	15	M	41	A		-1	4025.56617585	[1, 1, 1, 1, 1, 1, 1, 1, 1, 1, 1, 1]
	1303323	1218190	1273154	15	M	100	A		-1	4030.98480957	[1, 1, 1, 1, 1, 1, 1, 1, 1, 1, 1, 1]
	1299446	1207097	1169860	15	M	68	A		-1	4036.05869616	[1, 1, 1, 1, 1, 1, 1, 1, 1, 1, 1, 1]
	1346904	1289014	1272691	15	M	85	A		-1	4036.215239	[1, 1, 1, 0, 1, 1, 1, 1, 1, 1, 1, 0]
	1295535	1230410	1226969	15	M	29	A		-1	4039.57312794	[1, 1, 1, 1, 1, 1, 1, 1, 1, 1, 1, 1]
	1318043	1217409	1237316	15	M	37	A		-1	4043.59031664	[1, 1, 1, 1, 1, 1, 1, 1, 1, 1, 1, 0]
	1334488	1200797	1198059	15	M	60	A		-1	4043.67403756	[1, 1, 1, 1, 1, 1, 1, 1, 1, 1, 1, 1]
	1344455	1279327	1176205	15	M	25	A		-1	4044.28898735	[1, 1, 1, 1, 1, 1, 1, 1, 1, 1, 1, 1]
	1303617	1218468	1230165	15	M	53	A		-1	4046.26237365	[1, 1, 1, 1, 1, 1, 1, 1, 1, 1, 1, 1]
	1366770	1260043	1263637	15	M	20	A		-1	4048.54918302	[1, 1, 0, 1, 1, 1, 0, 1, 1, 1, 1, 1]
	1308188	1213700	1286826	15	M	1	A		-1	4049.92158758	[1, 1, 1, 1, 1, 1, 1, 1, 1, 1, 1, 1]
	1196421	1191185	1107351	14	M	81	A		-1	4058.96950511	[1, 1, 1, 1, 1, 1, 1, 1, 1, 1, 1, 1]
	1295155	1218401	1211081	15	M	76	A		-1	4064.68105519	[1, 1, 1, 0, 1, 1, 1, 1, 1, 1, 1, 0]
	1329594	1289478	1199189	15	M	37	A		-1	4066.42827476	[1, 1, 1, 1, 1, 1, 1, 1, 1, 1, 1, 1]
	1366410	1235505	1227154	15	M	12	A		-1	4068.1932795	[1, 1, 1, 1, 1, 1, 1, 1, 1, 1, 1, 1]
	1341730	1221581	1200622	15	M	7	A		-1	4073.53441495	[1, 1, 1, 1, 1, 1, 1, 1, 1, 1, 1, 1]
	1372890	1264793	1247501	15	M	29	A		-1	4080.21578704	[1, 1, 1, 1, 1, 1, 1, 1, 1, 1, 1, 1]
	1337097	1291253	1268064	15	M	69	A		-1	4090.72503793	[1, 1, 1, 1, 1, 1, 1, 1, 1, 1, 1, 1]
	1319263	1203398	1234080	15	M	38	A		-1	4095.72920723	[1, 1, 1, 1, 1, 1, 1, 1, 1, 1, 1, 1]
	1311415	1225562	1263608	15	M	63	A		-1	4096.23097007	[1, 1, 1, 0, 1, 1, 1, 1, 1, 1, 1, 1]
	1363677	1232578	1236887	15	M	59	A		-1	4120.13803275	[1, 1, 1, 1, 1, 1, 1, 1, 1, 1, 0, 1]
	1366719	1227826	1161978	15	M	27	A		-1	4122.99997739	[1, 1, 1, 1, 1, 1, 1, 1, 1, 1, 1, 1]
	1299029	1196285	1287601	15	M	97	A		-1	4130.17530492	[1, 1, 1, 1, 1, 1, 1, 1, 1, 1, 1, 0]
	1327040	1276176	1220747	15	M	95	A		-1	4140.49048656	[1, 1, 1, 1, 1, 1, 1, 1, 1, 1, 1, 1]
	1336066	1215088	1125749	15	M	2	A		-1	4141.38905703	[1, 1, 0, 1, 1, 1, 1, 1, 1, 1, 1, 1]
	1357725	1276347	1260490	15	M	27	A		-1	4144.81165284	[1, 1, 1, 1, 1, 1, 1, 1, 1, 1, 1, 1]
	1300840	1265102	1233691	15	M	65	A		-1	4166.66240379	[1, 1, 1, 1, 1, 0, 1, 1, 1, 1, 1, 1]
	1307337	1257476	1268964	15	M	26	A		-1	4222.24526872	[1, 1, 1, 1, 1, 1, 1, 1, 1, 1, 1, 1]
	1329422	1249745	1263106	15	M	88	A		-1	4224.57704164	[1, 1, 1, 1, 1, 1, 1, 1, 1, 1, 1, 1]
	1294912	1226098	1266348	15	M	15	A		-1	4226.20210604	[1, 1, 1, 1, 1, 1, 1, 1, 1, 1, 1, 1]
	1321365	1223219	1280959	15	M	5	A		-1	4275.70168885	[1, 1, 1, 1, 1, 1, 1, 1, 1, 1, 1, 1]
	1345101	1226426	1200485	15	M	5	A		-1	4285.06480042	[1, 1, 1, 1, 1, 1, 1, 1, 1, 1, 1, 1]
