animal	sire	dam	born	sex	herd	status	cause	died	TBV	recessives
	1778438	1632975	1595246	19	M	77	A		-1	6026.73641502	[1, 1, 0, 1, 1, 1, 1, 1, 1, 1, 1, 1]
	1758930	1644018	1640793	19	M	84	A		-1	6026.86462999	[1, 1, 0, 0, 1, 1, 1, 1, 1, 1, 1, 1]
	1715476	1646936	1641510	19	M	26	A		-1	6027.08661558	[1, 1, 1, 1, 1, 1, 1, 1, 1, 1, 1, 1]
	1750169	1648949	1607653	19	M	59	A		-1	6027.23693239	[1, 1, 1, 1, 1, 1, 1, 1, 1, 1, 1, 0]
	1725096	1674144	1672716	19	M	15	A		-1	6027.25537925	[1, 1, 1, 1, 1, 1, 1, 1, 1, 1, 1, 1]
	1706032	1689141	1638000	19	M	67	A		-1	6027.60534048	[1, 1, 1, 1, 1, 1, 1, 1, 1, 1, 1, 1]
	1710164	1672144	1503557	19	M	74	A		-1	6028.00798227	[1, 1, 1, 1, 1, 1, 1, 1, 1, 1, 1, 1]
	1693911	1685149	1674936	19	M	41	A		-1	6028.04929277	[1, 1, 0, 1, 1, 1, 1, 1, 1, 1, 1, 1]
	1776455	1672144	1664950	19	M	27	A		-1	6028.11880789	[1, 1, 1, 1, 1, 1, 1, 1, 1, 1, 1, 1]
	1772127	1615856	1623654	19	M	5	A		-1	6028.41146566	[1, 1, 1, 1, 1, 1, 1, 1, 1, 1, 1, 1]
	1747123	1653390	1674444	19	M	18	A		-1	6028.68466235	[1, 1, 1, 1, 1, 1, 1, 1, 1, 1, 1, 1]
	1791650	1667216	1609043	19	M	4	A		-1	6028.85751039	[1, 1, 1, 1, 1, 1, 1, 1, 1, 1, 1, 1]
	1698473	1598644	1595298	19	M	24	A		-1	6028.88063975	[1, 1, 1, 1, 1, 1, 1, 1, 1, 1, 1, 1]
	1699047	1621177	1683045	19	M	52	A		-1	6029.04303179	[1, 1, 1, 1, 1, 1, 1, 1, 1, 1, 1, 1]
	1732578	1653390	1614764	19	M	78	A		-1	6029.07683735	[1, 1, 1, 1, 1, 1, 1, 1, 1, 1, 1, 1]
	1636816	1511745	1524962	18	M	64	A		-1	6029.40964947	[1, 1, 1, 1, 1, 1, 1, 1, 1, 1, 1, 1]
	1741113	1616021	1516676	19	M	89	A		-1	6029.6597972	[1, 1, 1, 1, 1, 1, 1, 1, 1, 1, 1, 1]
	1782721	1645213	1546018	19	M	95	A		-1	6029.70062422	[1, 1, 1, 0, 1, 1, 1, 1, 1, 1, 1, 1]
	1744640	1654003	1673174	19	M	41	A		-1	6029.97808216	[0, 1, 1, 1, 1, 1, 1, 1, 1, 1, 1, 1]
	1738239	1632496	1659376	19	M	17	A		-1	6030.15384602	[1, 1, 1, 1, 1, 1, 1, 1, 1, 1, 1, 1]
	1719573	1688438	1681671	19	M	7	A		-1	6030.21003309	[1, 1, 1, 1, 1, 1, 1, 1, 1, 1, 1, 1]
	1699043	1653663	1670997	19	M	41	A		-1	6030.24774996	[1, 1, 1, 1, 1, 1, 1, 1, 1, 1, 1, 1]
	1790214	1653390	1529491	19	M	81	A		-1	6031.24686341	[1, 1, 1, 1, 1, 1, 1, 1, 1, 1, 1, 1]
	1725761	1645213	1671583	19	M	100	A		-1	6031.24970471	[1, 1, 1, 1, 1, 1, 1, 1, 1, 1, 1, 1]
	1708468	1625296	1500252	19	M	30	A		-1	6031.54662065	[1, 1, 1, 1, 1, 1, 1, 1, 1, 1, 1, 1]
	1735321	1688438	1688994	19	M	0	A		-1	6031.58647923	[1, 1, 1, 1, 1, 1, 1, 1, 1, 1, 1, 1]
	1718940	1668132	1670787	19	M	1	A		-1	6031.75363072	[1, 1, 1, 1, 1, 1, 1, 1, 1, 0, 1, 1]
	1735774	1653918	1687547	19	M	65	A		-1	6031.78759818	[1, 1, 1, 1, 1, 1, 1, 1, 1, 1, 1, 1]
	1734385	1653390	1611782	19	M	81	A		-1	6032.24407178	[1, 1, 1, 1, 1, 1, 1, 1, 1, 1, 1, 1]
	1766009	1673622	1622858	19	M	90	A		-1	6032.32424331	[1, 1, 1, 1, 1, 1, 1, 1, 1, 1, 1, 1]
	1757531	1651239	1670558	19	M	34	A		-1	6032.60653673	[1, 1, 1, 1, 1, 1, 1, 1, 1, 1, 1, 1]
	1726601	1645213	1626710	19	M	80	A		-1	6032.73900742	[1, 1, 1, 1, 1, 1, 1, 1, 1, 1, 1, 1]
	1766617	1654003	1693291	19	M	87	A		-1	6033.98488946	[1, 1, 1, 0, 1, 1, 1, 1, 1, 1, 1, 1]
	1705432	1624348	1637406	19	M	51	A		-1	6034.09757752	[1, 1, 1, 1, 1, 1, 1, 1, 1, 1, 1, 1]
	1720626	1688830	1693480	19	M	87	A		-1	6034.14632166	[1, 1, 1, 1, 1, 1, 1, 1, 1, 1, 1, 1]
	1624348	1546664	1515688	18	M	52	A		-1	6034.50497643	[1, 1, 1, 1, 1, 1, 1, 1, 1, 1, 1, 1]
	1715920	1624348	1628398	19	M	34	A		-1	6034.68173479	[0, 1, 1, 1, 1, 1, 1, 1, 1, 1, 1, 1]
	1789368	1674144	1685013	19	M	14	A		-1	6034.94745569	[0, 1, 1, 1, 1, 1, 1, 1, 1, 1, 1, 1]
	1749497	1650064	1682179	19	M	54	A		-1	6035.34874524	[1, 1, 1, 1, 1, 1, 1, 1, 1, 1, 1, 1]
	1742330	1674144	1532725	19	M	84	A		-1	6036.11612459	[1, 1, 1, 1, 1, 1, 1, 1, 1, 1, 1, 1]
	1770092	1660257	1646082	19	M	84	A		-1	6036.2084064	[1, 1, 1, 1, 1, 1, 1, 1, 1, 1, 1, 1]
	1727720	1673622	1645160	19	M	36	A		-1	6036.60578801	[1, 1, 1, 0, 1, 1, 1, 1, 1, 1, 1, 1]
	1720228	1674629	1607693	19	M	90	A		-1	6036.72222649	[1, 1, 1, 1, 1, 1, 1, 1, 1, 1, 1, 1]
	1756100	1673622	1650035	19	M	70	A		-1	6036.72242953	[1, 1, 1, 1, 1, 1, 1, 1, 1, 1, 1, 1]
	1730453	1636816	1608683	19	M	12	A		-1	6037.12324599	[1, 1, 1, 1, 1, 1, 1, 1, 1, 1, 1, 1]
	1755881	1646936	1545616	19	M	27	A		-1	6037.25291279	[1, 1, 1, 1, 1, 1, 1, 1, 1, 1, 1, 1]
	1769558	1640175	1675059	19	M	83	A		-1	6037.30730205	[1, 1, 1, 1, 1, 1, 1, 1, 1, 1, 1, 1]
	1724163	1654003	1640475	19	M	0	A		-1	6037.72100664	[1, 1, 1, 0, 1, 1, 1, 1, 1, 1, 1, 1]
	1774386	1653918	1649476	19	M	72	A		-1	6037.92586637	[1, 1, 1, 1, 1, 1, 1, 1, 1, 1, 1, 1]
	1723890	1688830	1671837	19	M	77	A		-1	6037.95089768	[1, 1, 1, 1, 1, 1, 1, 1, 1, 1, 1, 1]
	1744814	1648949	1684948	19	M	51	A		-1	6038.19193845	[1, 1, 1, 1, 1, 1, 1, 1, 1, 1, 1, 1]
	1751008	1673622	1610706	19	M	1	A		-1	6038.29942707	[1, 1, 1, 1, 1, 1, 1, 1, 1, 1, 1, 1]
	1720564	1673622	1693033	19	M	85	A		-1	6039.21509167	[1, 1, 1, 1, 1, 1, 1, 1, 1, 1, 1, 1]
	1695409	1675654	1616124	19	M	43	A		-1	6039.29930685	[1, 1, 1, 1, 1, 1, 1, 1, 1, 1, 1, 1]
	1725589	1688438	1666036	19	M	82	A		-1	6039.50817289	[0, 1, 1, 1, 1, 1, 1, 1, 1, 1, 1, 1]
	1757837	1622121	1685182	19	M	86	A		-1	6039.74813008	[1, 1, 1, 1, 1, 1, 1, 1, 1, 1, 1, 1]
	1741071	1654003	1673473	19	M	26	A		-1	6040.09918211	[1, 1, 1, 1, 1, 1, 1, 1, 1, 1, 1, 1]
	1710532	1673622	1674118	19	M	24	A		-1	6040.17436956	[1, 1, 1, 1, 1, 1, 1, 1, 1, 1, 1, 1]
	1720284	1674629	1655980	19	M	8	A		-1	6040.62634365	[1, 1, 1, 1, 1, 1, 1, 1, 1, 1, 1, 1]
	1700159	1648949	1653896	19	M	40	A		-1	6040.87802554	[0, 1, 1, 1, 1, 1, 1, 1, 1, 1, 1, 1]
	1692888	1526690	1582375	18	M	44	A		-1	6040.89457242	[1, 1, 1, 1, 1, 1, 1, 1, 1, 1, 1, 1]
	1751557	1668132	1595766	19	M	88	A		-1	6041.05984184	[1, 1, 0, 1, 1, 1, 1, 1, 1, 1, 1, 1]
	1784581	1607480	1605599	19	M	46	A		-1	6041.11180405	[1, 1, 1, 1, 1, 1, 1, 1, 1, 1, 1, 1]
	1788735	1667216	1690864	19	M	21	A		-1	6041.37354588	[1, 1, 1, 1, 1, 1, 1, 1, 1, 1, 1, 1]
	1707370	1645213	1636269	19	M	46	A		-1	6041.3850402	[1, 1, 1, 1, 1, 1, 1, 1, 1, 1, 1, 1]
	1648949	1547326	1588660	18	M	45	A		-1	6041.55849157	[1, 1, 1, 1, 1, 1, 1, 1, 1, 1, 1, 1]
	1732370	1667216	1673877	19	M	30	A		-1	6042.00439131	[1, 1, 1, 1, 1, 1, 1, 1, 1, 1, 1, 1]
	1709559	1624348	1680270	19	M	26	A		-1	6042.12541556	[1, 1, 1, 1, 1, 1, 1, 1, 1, 1, 1, 1]
	1789868	1651239	1686551	19	M	69	A		-1	6042.5550366	[1, 1, 1, 1, 1, 1, 1, 1, 1, 1, 1, 1]
	1713963	1601898	1640027	19	M	53	A		-1	6042.77288134	[1, 1, 1, 1, 1, 1, 1, 1, 1, 1, 1, 1]
	1733961	1675281	1640462	19	M	15	A		-1	6042.80348616	[1, 1, 1, 1, 1, 1, 1, 1, 1, 1, 1, 1]
	1650064	1552173	1527644	18	M	45	A		-1	6043.35580248	[1, 1, 1, 1, 1, 1, 1, 1, 1, 1, 1, 1]
	1738697	1678814	1678138	19	M	42	A		-1	6043.51885088	[1, 1, 1, 1, 1, 1, 1, 1, 1, 1, 1, 1]
	1734712	1644018	1532188	19	M	70	A		-1	6043.68192503	[1, 1, 1, 0, 1, 1, 1, 1, 1, 1, 1, 1]
	1755791	1659616	1607155	19	M	27	A		-1	6043.79927446	[1, 1, 1, 0, 1, 1, 1, 1, 1, 1, 1, 1]
	1749591	1692888	1606749	19	M	0	A		-1	6043.92644156	[1, 1, 1, 1, 1, 1, 1, 1, 1, 1, 1, 1]
	1777505	1654003	1524371	19	M	53	A		-1	6044.25162435	[1, 1, 1, 0, 1, 1, 1, 1, 1, 1, 1, 1]
	1790916	1673622	1600905	19	M	42	A		-1	6044.43873595	[1, 1, 1, 1, 1, 1, 1, 1, 1, 1, 1, 1]
	1742860	1688830	1651676	19	M	9	A		-1	6044.58673128	[1, 1, 1, 1, 1, 1, 1, 1, 1, 1, 1, 1]
	1710785	1625296	1661708	19	M	33	A		-1	6044.72680013	[1, 1, 1, 1, 1, 1, 1, 1, 1, 1, 1, 1]
	1698751	1636816	1496988	19	M	65	A		-1	6044.78181945	[1, 1, 1, 1, 1, 1, 1, 1, 1, 1, 1, 1]
	1774629	1666853	1605093	19	M	27	A		-1	6044.83456504	[1, 1, 1, 1, 1, 1, 1, 1, 1, 1, 1, 1]
	1761587	1626606	1611600	19	M	27	A		-1	6044.93569658	[1, 1, 1, 1, 1, 1, 1, 1, 1, 1, 1, 1]
	1654003	1572457	1550490	18	M	83	A		-1	6044.96592063	[1, 1, 1, 0, 1, 1, 1, 1, 1, 1, 1, 1]
	1694616	1607480	1601863	19	M	57	A		-1	6045.01384474	[1, 1, 1, 1, 1, 1, 1, 1, 1, 1, 1, 1]
	1719250	1605414	1659038	19	M	3	A		-1	6045.62779317	[1, 1, 1, 1, 1, 1, 1, 1, 1, 1, 1, 1]
	1730184	1615856	1519991	19	M	22	A		-1	6045.75724978	[1, 1, 1, 1, 1, 1, 1, 1, 1, 1, 1, 1]
	1742650	1616021	1591834	19	M	21	A		-1	6045.98148441	[1, 1, 0, 1, 1, 1, 1, 1, 1, 1, 1, 1]
	1781161	1653663	1689666	19	M	94	A		-1	6046.02384287	[1, 1, 0, 1, 1, 1, 1, 1, 1, 1, 1, 1]
	1729999	1624348	1608978	19	M	15	A		-1	6046.22112971	[1, 1, 1, 1, 1, 1, 1, 1, 1, 1, 1, 1]
	1632496	1547326	1567890	18	M	98	A		-1	6046.22319608	[1, 1, 1, 1, 1, 1, 1, 1, 1, 1, 1, 1]
	1699773	1636816	1596676	19	M	67	A		-1	6046.30885601	[1, 1, 1, 1, 1, 1, 1, 1, 1, 1, 1, 1]
	1780468	1668132	1596508	19	M	18	A		-1	6046.38468287	[1, 1, 1, 1, 1, 1, 1, 1, 1, 1, 1, 1]
	1752518	1636816	1645161	19	M	90	A		-1	6046.91335056	[1, 1, 1, 1, 1, 1, 1, 1, 1, 1, 1, 1]
	1756098	1674755	1633426	19	M	89	A		-1	6047.02371431	[1, 1, 1, 1, 1, 1, 1, 1, 1, 1, 1, 1]
	1722571	1644018	1674084	19	M	33	A		-1	6048.03626601	[1, 1, 1, 1, 1, 1, 1, 1, 1, 1, 1, 1]
	1764618	1616021	1636518	19	M	64	A		-1	6048.16941085	[1, 1, 1, 1, 1, 1, 1, 1, 1, 1, 1, 1]
	1779583	1644018	1606207	19	M	64	A		-1	6048.46735799	[1, 1, 1, 0, 1, 1, 1, 1, 1, 1, 1, 1]
	1694689	1632975	1614905	19	M	54	A		-1	6048.47175788	[1, 1, 1, 1, 1, 1, 1, 1, 1, 1, 1, 1]
	1775849	1688830	1619240	19	M	38	A		-1	6048.47744138	[1, 1, 1, 1, 1, 1, 1, 1, 1, 1, 1, 1]
	1738438	1636816	1600259	19	M	43	A		-1	6048.52448837	[1, 1, 1, 1, 1, 1, 1, 1, 1, 1, 1, 1]
	1715380	1636816	1634421	19	M	45	A		-1	6048.70981964	[1, 1, 1, 1, 1, 1, 1, 1, 1, 1, 1, 1]
	1755179	1644018	1683840	19	M	58	A		-1	6048.94805003	[1, 1, 1, 0, 1, 1, 1, 1, 1, 1, 1, 1]
	1750795	1666853	1515508	19	M	20	A		-1	6048.98649991	[1, 1, 1, 1, 1, 1, 1, 1, 1, 1, 1, 1]
	1742213	1645213	1657765	19	M	70	A		-1	6049.22157704	[1, 1, 1, 1, 1, 1, 1, 1, 1, 1, 1, 1]
	1772233	1636816	1620053	19	M	67	A		-1	6049.2459564	[1, 1, 1, 1, 1, 1, 1, 1, 1, 1, 1, 1]
	1708847	1674629	1631565	19	M	77	A		-1	6049.35686919	[1, 1, 1, 1, 1, 1, 1, 1, 1, 1, 1, 1]
	1674144	1544120	1447206	18	M	53	A		-1	6049.36212898	[1, 1, 1, 1, 1, 1, 1, 1, 1, 1, 1, 1]
	1713985	1666853	1494592	19	M	9	A		-1	6049.88834589	[0, 1, 1, 1, 1, 1, 1, 1, 1, 1, 1, 1]
	1722736	1685149	1693619	19	M	23	A		-1	6049.92140324	[1, 1, 0, 1, 1, 1, 1, 1, 1, 1, 1, 1]
	1708849	1646936	1605971	19	M	59	A		-1	6050.02655193	[1, 1, 1, 1, 1, 1, 1, 1, 1, 1, 1, 1]
	1773713	1675654	1668543	19	M	98	A		-1	6050.18514589	[1, 1, 1, 1, 1, 1, 1, 1, 1, 1, 1, 1]
	1720169	1653390	1608427	19	M	67	A		-1	6050.50039118	[1, 1, 1, 1, 1, 1, 1, 1, 1, 1, 1, 1]
	1742901	1675281	1605216	19	M	72	A		-1	6050.51438569	[1, 1, 1, 1, 1, 1, 1, 1, 1, 1, 1, 1]
	1717987	1644018	1598797	19	M	36	A		-1	6050.72507167	[1, 1, 1, 1, 1, 1, 1, 1, 1, 1, 1, 1]
	1706889	1626606	1622439	19	M	1	A		-1	6050.79016583	[1, 1, 1, 1, 1, 1, 1, 1, 1, 1, 1, 1]
	1727856	1650064	1616537	19	M	39	A		-1	6050.79177385	[1, 1, 1, 1, 1, 1, 1, 1, 1, 1, 1, 1]
	1698124	1674144	1513635	19	M	19	A		-1	6050.96071805	[1, 1, 1, 1, 1, 1, 1, 1, 1, 1, 1, 1]
	1705434	1644018	1533206	19	M	72	A		-1	6051.08446603	[1, 1, 1, 0, 1, 1, 1, 0, 1, 1, 1, 1]
	1730686	1648949	1642808	19	M	82	A		-1	6051.29305996	[1, 1, 1, 1, 1, 1, 1, 1, 1, 1, 1, 1]
	1733653	1681680	1600674	19	M	19	A		-1	6051.60669676	[1, 1, 1, 1, 1, 1, 1, 1, 1, 1, 1, 1]
	1741778	1598644	1627128	19	M	16	A		-1	6051.6147194	[1, 1, 1, 1, 1, 1, 1, 1, 1, 1, 1, 1]
	1747313	1619653	1581339	19	M	4	A		-1	6051.79396032	[1, 1, 1, 1, 1, 1, 1, 1, 1, 1, 1, 1]
	1721234	1673622	1677816	19	M	83	A		-1	6051.94225747	[1, 1, 1, 1, 1, 1, 1, 1, 1, 1, 1, 1]
	1743741	1616021	1500999	19	M	70	A		-1	6052.01686089	[1, 1, 1, 1, 1, 1, 1, 1, 1, 1, 1, 1]
	1758731	1654003	1678627	19	M	71	A		-1	6052.2339704	[1, 1, 1, 0, 1, 1, 1, 1, 1, 1, 1, 1]
	1790471	1646905	1614037	19	M	57	A		-1	6052.73078241	[1, 1, 1, 1, 1, 1, 1, 1, 1, 1, 1, 1]
	1728322	1601898	1640565	19	M	47	A		-1	6052.88595218	[1, 1, 1, 1, 1, 1, 1, 1, 1, 1, 1, 1]
	1740939	1666853	1597676	19	M	7	A		-1	6053.00755865	[1, 1, 1, 1, 1, 1, 1, 1, 1, 1, 1, 1]
	1720383	1688438	1632465	19	M	47	A		-1	6053.45816419	[1, 1, 1, 1, 1, 1, 1, 1, 1, 1, 1, 1]
	1713608	1645213	1510499	19	M	54	A		-1	6053.54572766	[1, 1, 1, 1, 1, 1, 1, 1, 1, 1, 1, 1]
	1758152	1688830	1602871	19	M	28	A		-1	6054.08867366	[1, 1, 1, 1, 1, 1, 1, 1, 1, 1, 1, 1]
	1748598	1667216	1658848	19	M	24	A		-1	6054.13044709	[1, 1, 1, 1, 1, 1, 1, 1, 1, 1, 1, 1]
	1726012	1668132	1662006	19	M	35	A		-1	6054.13977909	[1, 1, 1, 1, 1, 1, 1, 1, 1, 0, 1, 1]
	1777163	1653663	1666329	19	M	24	A		-1	6054.17244547	[1, 1, 1, 1, 1, 1, 1, 1, 1, 1, 1, 1]
	1782502	1674629	1651902	19	M	69	A		-1	6054.77829126	[1, 1, 1, 0, 1, 1, 1, 1, 1, 1, 1, 1]
	1772623	1688830	1679718	19	M	86	A		-1	6055.12167707	[1, 1, 1, 1, 1, 1, 1, 1, 1, 1, 1, 1]
	1759542	1632496	1679863	19	M	62	A		-1	6056.01871515	[0, 1, 1, 1, 1, 1, 1, 1, 1, 1, 1, 1]
	1767723	1601898	1633111	19	M	0	A		-1	6056.17296304	[1, 1, 1, 0, 1, 1, 1, 1, 1, 1, 1, 1]
	1749290	1688830	1532258	19	M	84	A		-1	6056.35705698	[1, 1, 1, 1, 1, 1, 1, 1, 1, 1, 1, 1]
	1730502	1685149	1644388	19	M	58	A		-1	6056.47381225	[1, 1, 1, 1, 1, 1, 1, 1, 1, 1, 1, 1]
	1716681	1640417	1669246	19	M	28	A		-1	6056.69453714	[1, 1, 1, 1, 1, 1, 1, 1, 1, 1, 1, 1]
	1777287	1674144	1620498	19	M	50	A		-1	6056.74097513	[1, 1, 1, 1, 1, 1, 1, 1, 1, 1, 1, 1]
	1712209	1619653	1652169	19	M	25	A		-1	6056.77579834	[1, 1, 1, 1, 1, 1, 1, 1, 1, 1, 1, 1]
	1731565	1619653	1599148	19	M	95	A		-1	6056.94144923	[1, 1, 1, 1, 1, 1, 1, 1, 1, 1, 1, 1]
	1753554	1659616	1511125	19	M	23	A		-1	6057.20253556	[1, 1, 1, 1, 1, 1, 1, 1, 1, 1, 1, 1]
	1725966	1645213	1680194	19	M	23	A		-1	6057.5603449	[1, 1, 1, 1, 1, 1, 1, 1, 1, 1, 1, 1]
	1748024	1675281	1619131	19	M	1	A		-1	6057.77386618	[1, 1, 1, 1, 1, 1, 1, 1, 1, 1, 1, 1]
	1710169	1692888	1603881	19	M	16	A		-1	6057.90429124	[1, 1, 1, 1, 1, 1, 1, 1, 1, 1, 1, 1]
	1678814	1584336	1557074	18	M	57	A		-1	6058.31946828	[1, 1, 1, 1, 1, 1, 1, 1, 1, 1, 1, 1]
	1747708	1651239	1605115	19	M	13	A		-1	6058.32573548	[1, 1, 1, 1, 1, 1, 1, 1, 1, 1, 1, 1]
	1758522	1688830	1675967	19	M	57	A		-1	6059.06188869	[1, 1, 1, 1, 1, 1, 1, 1, 1, 1, 1, 1]
	1720101	1645213	1642105	19	M	53	A		-1	6059.31048206	[1, 1, 1, 0, 1, 1, 1, 1, 1, 1, 1, 1]
	1717745	1689141	1661451	19	M	100	A		-1	6059.41558275	[1, 1, 1, 1, 1, 1, 1, 1, 1, 1, 1, 1]
	1787609	1678071	1693634	19	M	13	A		-1	6059.64232288	[1, 1, 1, 1, 1, 1, 1, 1, 1, 1, 1, 1]
	1700380	1688830	1676461	19	M	21	A		-1	6059.94385456	[1, 1, 1, 1, 1, 1, 1, 1, 1, 1, 1, 1]
	1694704	1653918	1672995	19	M	20	A		-1	6060.00668997	[1, 1, 1, 1, 1, 1, 1, 1, 1, 1, 1, 1]
	1748569	1650064	1624007	19	M	51	A		-1	6060.12000789	[1, 1, 1, 1, 1, 1, 1, 1, 1, 1, 1, 1]
	1753228	1688438	1637100	19	M	30	A		-1	6060.18083776	[1, 1, 1, 1, 1, 1, 1, 1, 1, 1, 1, 1]
	1705593	1640175	1618026	19	M	35	A		-1	6060.22507467	[1, 1, 1, 1, 1, 1, 1, 1, 1, 1, 1, 1]
	1653663	1522621	1547037	18	M	41	A		-1	6060.22908474	[1, 1, 0, 1, 1, 1, 1, 1, 1, 1, 1, 1]
	1748212	1666853	1547826	19	M	70	A		-1	6060.29754096	[0, 1, 1, 1, 1, 1, 1, 1, 1, 1, 1, 1]
	1779575	1674144	1599058	19	M	69	A		-1	6060.51918395	[1, 1, 1, 1, 1, 1, 1, 1, 1, 1, 1, 1]
	1760849	1689141	1631750	19	M	73	A		-1	6060.65625968	[1, 1, 1, 1, 1, 1, 1, 1, 1, 1, 1, 1]
	1783458	1688830	1633420	19	M	26	A		-1	6060.93155402	[1, 1, 1, 1, 1, 1, 1, 1, 1, 1, 1, 1]
	1762124	1650064	1668006	19	M	45	A		-1	6061.50930484	[1, 1, 1, 1, 1, 1, 1, 1, 1, 1, 1, 1]
	1768374	1622121	1689794	19	M	72	A		-1	6061.57803086	[1, 1, 1, 1, 1, 1, 1, 1, 1, 1, 1, 1]
	1749188	1685149	1631318	19	M	95	A		-1	6062.74998021	[1, 1, 0, 1, 1, 1, 1, 1, 1, 1, 1, 1]
	1734575	1646936	1649282	19	M	91	A		-1	6062.88625543	[1, 1, 1, 1, 1, 1, 1, 1, 1, 1, 1, 1]
	1714232	1601898	1673573	19	M	78	A		-1	6063.8623315	[1, 1, 1, 1, 1, 1, 1, 1, 1, 1, 1, 1]
	1694536	1644018	1542105	19	M	22	A		-1	6064.05730746	[1, 1, 1, 1, 1, 1, 1, 1, 1, 1, 1, 1]
	1781921	1673622	1692548	19	M	66	A		-1	6064.32047796	[1, 1, 1, 1, 1, 1, 1, 1, 1, 1, 1, 1]
	1714665	1653918	1534512	19	M	71	A		-1	6064.54869634	[1, 1, 1, 1, 1, 1, 1, 1, 1, 1, 1, 1]
	1777514	1668132	1619384	19	M	74	A		-1	6064.58260594	[1, 1, 1, 1, 1, 1, 1, 1, 1, 1, 1, 1]
	1707006	1674144	1668856	19	M	73	A		-1	6064.84175359	[1, 1, 1, 1, 1, 1, 1, 1, 1, 1, 1, 1]
	1743523	1609995	1686544	19	M	82	A		-1	6065.22283012	[1, 1, 1, 1, 1, 1, 1, 1, 1, 1, 1, 1]
	1746056	1653390	1646242	19	M	57	A		-1	6065.53308294	[1, 1, 1, 1, 1, 1, 1, 1, 1, 1, 1, 1]
	1775491	1673622	1630543	19	M	58	A		-1	6065.96306469	[1, 1, 1, 1, 1, 1, 1, 1, 1, 1, 1, 1]
	1700891	1666853	1671777	19	M	14	A		-1	6066.12403142	[1, 1, 1, 1, 1, 1, 1, 1, 1, 1, 1, 1]
	1765282	1660257	1643374	19	M	41	A		-1	6066.27144871	[1, 1, 1, 1, 1, 1, 1, 1, 1, 1, 1, 1]
	1701404	1598644	1614992	19	M	83	A		-1	6066.39725964	[1, 1, 1, 1, 1, 1, 1, 1, 1, 1, 1, 1]
	1720499	1646936	1655674	19	M	26	A		-1	6066.51075483	[1, 1, 1, 1, 1, 1, 1, 1, 1, 1, 1, 1]
	1695261	1674144	1506361	19	M	41	A		-1	6066.66790469	[0, 1, 1, 1, 1, 1, 1, 1, 1, 1, 1, 1]
	1776079	1601898	1636691	19	M	30	A		-1	6067.24827208	[1, 1, 1, 1, 1, 1, 1, 1, 1, 1, 1, 1]
	1761053	1645213	1659189	19	M	68	A		-1	6067.39812048	[1, 1, 1, 1, 1, 1, 1, 1, 1, 1, 1, 1]
	1792728	1640417	1613157	19	M	57	A		-1	6067.47194207	[1, 1, 1, 1, 1, 1, 1, 1, 1, 1, 1, 1]
	1741025	1681680	1393937	19	M	42	A		-1	6067.66979234	[1, 1, 1, 1, 1, 1, 1, 1, 1, 1, 1, 1]
	1705582	1673622	1666001	19	M	92	A		-1	6067.97554926	[1, 1, 1, 1, 1, 1, 1, 1, 1, 1, 1, 1]
	1711022	1650064	1651949	19	M	35	A		-1	6068.09304697	[1, 1, 1, 1, 1, 1, 1, 1, 1, 1, 1, 1]
	1719704	1616021	1539278	19	M	42	A		-1	6068.47900153	[1, 1, 1, 1, 1, 1, 1, 1, 1, 1, 1, 1]
	1765992	1688438	1639201	19	M	71	A		-1	6068.68382613	[1, 1, 1, 1, 1, 1, 1, 1, 1, 1, 1, 1]
	1776286	1674629	1693554	19	M	4	A		-1	6068.76159904	[1, 1, 1, 1, 1, 1, 1, 1, 1, 1, 1, 1]
	1746709	1678071	1519666	19	M	48	A		-1	6069.6426254	[0, 1, 1, 1, 1, 1, 1, 1, 1, 1, 1, 1]
	1704681	1644018	1628724	19	M	95	A		-1	6070.51006019	[1, 1, 1, 0, 1, 1, 1, 1, 1, 1, 1, 1]
	1762893	1650064	1500834	19	M	93	A		-1	6071.35991158	[1, 1, 0, 1, 1, 1, 1, 1, 1, 1, 1, 1]
	1770366	1678814	1685649	19	M	3	A		-1	6071.70972705	[1, 1, 1, 1, 1, 1, 1, 1, 1, 1, 1, 1]
	1725516	1667216	1641427	19	M	20	A		-1	6071.80345177	[1, 1, 1, 1, 1, 1, 1, 1, 1, 1, 1, 1]
	1746435	1616021	1657616	19	M	9	A		-1	6072.55809022	[1, 1, 1, 0, 1, 1, 1, 1, 1, 1, 1, 1]
	1787643	1688830	1576332	19	M	7	A		-1	6073.50637676	[1, 1, 1, 1, 1, 1, 1, 1, 1, 1, 1, 1]
	1792559	1607480	1624354	19	M	21	A		-1	6073.55303096	[1, 1, 1, 1, 1, 1, 1, 1, 1, 1, 1, 1]
	1718748	1654003	1620578	19	M	5	A		-1	6073.84027388	[1, 1, 1, 0, 1, 1, 1, 1, 1, 1, 1, 1]
	1710992	1688830	1693221	19	M	14	A		-1	6073.97347289	[1, 1, 1, 1, 1, 1, 1, 1, 1, 1, 1, 1]
	1786426	1648949	1543990	19	M	13	A		-1	6074.2640816	[1, 1, 1, 1, 1, 1, 1, 1, 1, 1, 1, 1]
	1754176	1681680	1625418	19	M	39	A		-1	6074.96676652	[1, 1, 1, 1, 1, 1, 1, 1, 1, 1, 1, 1]
	1747538	1632496	1597558	19	M	94	A		-1	6075.3222395	[1, 1, 1, 1, 1, 1, 1, 1, 1, 1, 1, 1]
	1723552	1667216	1665095	19	M	45	A		-1	6075.49525504	[1, 1, 1, 1, 1, 1, 1, 1, 1, 1, 1, 1]
	1769965	1675281	1681088	19	M	6	A		-1	6075.54326303	[1, 1, 1, 1, 1, 1, 1, 1, 1, 1, 1, 1]
	1723467	1621177	1656625	19	M	59	A		-1	6075.70073533	[1, 1, 1, 1, 1, 1, 1, 1, 1, 1, 1, 1]
	1779071	1674755	1611394	19	M	62	A		-1	6076.98561828	[1, 1, 1, 1, 1, 1, 1, 1, 1, 1, 1, 1]
	1742225	1645213	1633459	19	M	81	A		-1	6077.04468918	[1, 1, 1, 1, 1, 1, 1, 1, 1, 1, 1, 1]
	1700448	1632496	1658068	19	M	84	A		-1	6077.42311854	[1, 1, 1, 1, 1, 1, 1, 1, 1, 1, 1, 1]
	1729970	1678071	1584888	19	M	27	A		-1	6077.5301623	[1, 1, 1, 1, 1, 1, 1, 1, 1, 1, 1, 1]
	1751560	1673622	1513231	19	M	5	A		-1	6077.7260825	[1, 1, 1, 1, 1, 1, 1, 1, 1, 1, 1, 1]
	1699349	1675654	1683058	19	M	94	A		-1	6078.07832766	[1, 1, 1, 1, 1, 1, 1, 1, 1, 1, 1, 1]
	1771844	1624348	1633580	19	M	94	A		-1	6078.58300055	[1, 1, 1, 1, 1, 1, 1, 1, 1, 1, 1, 1]
	1728471	1616021	1635518	19	M	56	A		-1	6078.96071344	[1, 1, 1, 1, 1, 1, 1, 1, 1, 1, 1, 1]
	1696160	1632975	1645264	19	M	66	A		-1	6079.3359652	[1, 1, 1, 1, 1, 1, 1, 1, 1, 1, 1, 1]
	1708157	1651239	1664294	19	M	90	A		-1	6079.51896919	[0, 1, 1, 1, 1, 1, 1, 1, 1, 1, 1, 1]
	1673622	1511745	1510149	18	M	90	A		-1	6080.46088133	[1, 1, 1, 1, 1, 1, 1, 1, 1, 1, 1, 1]
	1716414	1640175	1683728	19	M	83	A		-1	6080.92152996	[1, 1, 1, 1, 1, 1, 1, 1, 1, 1, 1, 1]
	1757716	1685149	1652396	19	M	38	A		-1	6081.35311447	[1, 1, 0, 1, 1, 1, 1, 1, 1, 1, 1, 1]
	1783813	1672144	1595835	19	M	57	A		-1	6081.38102367	[1, 1, 1, 1, 1, 1, 1, 1, 1, 1, 1, 1]
	1713951	1653390	1673916	19	M	13	A		-1	6081.65318478	[1, 1, 1, 1, 1, 1, 1, 1, 1, 1, 1, 1]
	1750706	1673622	1683519	19	M	77	A		-1	6081.67224261	[1, 1, 1, 1, 1, 1, 1, 1, 1, 1, 1, 1]
	1779007	1651239	1684363	19	M	17	A		-1	6082.20907029	[1, 1, 1, 1, 1, 1, 1, 1, 1, 1, 1, 1]
	1697086	1660257	1602763	19	M	20	A		-1	6082.21631537	[1, 1, 1, 1, 1, 1, 1, 1, 1, 1, 1, 1]
	1645213	1557041	1571254	18	M	3	A		-1	6082.31680202	[1, 1, 1, 1, 1, 1, 1, 1, 1, 1, 1, 1]
	1733243	1674144	1637019	19	M	39	A		-1	6083.46992883	[1, 1, 1, 1, 1, 1, 1, 1, 1, 1, 1, 1]
	1792425	1688830	1588096	19	M	78	A		-1	6083.47569823	[1, 1, 1, 1, 1, 1, 1, 1, 1, 1, 1, 1]
	1739245	1667216	1684296	19	M	74	A		-1	6083.99326756	[1, 1, 1, 1, 1, 1, 1, 1, 1, 1, 1, 1]
	1748175	1605414	1648112	19	M	14	A		-1	6084.45569451	[1, 1, 1, 1, 1, 1, 1, 1, 1, 1, 1, 1]
	1757000	1692888	1509870	19	M	21	A		-1	6084.72099643	[1, 1, 1, 1, 1, 1, 1, 1, 1, 1, 1, 1]
	1710199	1672144	1622591	19	M	74	A		-1	6084.82199877	[1, 1, 1, 1, 1, 1, 1, 1, 1, 1, 1, 1]
	1700411	1678071	1640992	19	M	68	A		-1	6085.25017719	[0, 1, 1, 1, 1, 1, 1, 1, 1, 1, 1, 1]
	1738132	1668132	1672498	19	M	48	A		-1	6085.7795089	[1, 1, 1, 1, 1, 1, 1, 1, 1, 1, 1, 1]
	1708653	1681680	1586519	19	M	54	A		-1	6085.82222427	[1, 1, 1, 1, 1, 1, 1, 1, 1, 1, 1, 1]
	1777255	1598644	1680506	19	M	52	A		-1	6085.85021546	[1, 1, 1, 1, 1, 1, 1, 1, 1, 1, 1, 1]
	1711966	1605414	1614058	19	M	22	A		-1	6086.41472819	[1, 1, 1, 1, 1, 1, 1, 1, 1, 1, 1, 1]
	1754777	1645213	1692726	19	M	79	A		-1	6086.41991334	[1, 1, 1, 1, 1, 1, 1, 1, 1, 1, 1, 1]
	1783568	1666853	1503650	19	M	23	A		-1	6086.82126775	[1, 1, 1, 1, 1, 1, 1, 1, 1, 1, 1, 1]
	1733713	1619653	1628856	19	M	91	A		-1	6087.30537705	[1, 1, 1, 1, 1, 1, 1, 1, 1, 1, 1, 1]
	1777938	1678071	1635225	19	M	59	A		-1	6087.53146816	[0, 1, 1, 1, 1, 1, 1, 1, 1, 1, 1, 1]
	1704000	1646905	1597349	19	M	50	A		-1	6087.59093588	[1, 1, 1, 1, 1, 1, 1, 1, 1, 1, 1, 1]
	1747365	1632496	1539377	19	M	14	A		-1	6088.02549006	[1, 1, 1, 1, 1, 1, 1, 1, 1, 1, 1, 1]
	1755072	1673622	1684201	19	M	24	A		-1	6088.16650282	[1, 1, 1, 1, 1, 1, 1, 1, 1, 1, 1, 1]
	1790836	1645213	1600623	19	M	86	A		-1	6088.6342605	[1, 1, 1, 1, 1, 1, 1, 1, 1, 1, 1, 1]
	1701168	1685149	1651260	19	M	99	A		-1	6088.77039905	[1, 1, 0, 1, 1, 1, 1, 1, 1, 1, 1, 1]
	1776561	1616021	1669534	19	M	7	A		-1	6089.16953131	[1, 1, 1, 1, 1, 1, 1, 1, 1, 1, 1, 1]
	1791564	1688830	1632459	19	M	47	A		-1	6089.84918068	[1, 1, 1, 1, 1, 1, 1, 1, 1, 1, 1, 1]
	1791403	1654003	1685860	19	M	74	A		-1	6089.91960559	[1, 1, 1, 0, 1, 1, 1, 1, 1, 1, 1, 1]
	1666853	1535030	1440685	18	M	84	A		-1	6089.94605681	[0, 1, 1, 1, 1, 1, 1, 1, 1, 1, 1, 1]
	1713030	1616021	1605010	19	M	60	A		-1	6090.58561503	[1, 1, 1, 1, 1, 1, 1, 1, 1, 1, 1, 1]
	1741480	1668132	1681400	19	M	68	A		-1	6091.55367216	[1, 1, 1, 1, 1, 1, 1, 1, 1, 0, 1, 1]
	1719723	1678071	1692961	19	M	29	A		-1	6091.74927801	[0, 1, 1, 1, 1, 1, 1, 1, 1, 1, 1, 1]
	1694710	1674144	1608620	19	M	68	A		-1	6091.93024187	[1, 1, 1, 1, 1, 1, 1, 1, 1, 1, 1, 1]
	1768326	1607480	1661328	19	M	44	A		-1	6092.76758752	[1, 1, 1, 1, 1, 1, 1, 1, 1, 1, 1, 1]
	1709236	1689141	1636378	19	M	1	A		-1	6093.56539138	[0, 1, 1, 1, 1, 1, 1, 1, 1, 1, 1, 1]
	1738178	1674629	1665183	19	M	16	A		-1	6093.75190103	[1, 1, 1, 1, 1, 1, 1, 1, 1, 1, 1, 1]
	1721474	1668132	1624183	19	M	83	A		-1	6095.49352884	[1, 1, 1, 1, 1, 1, 1, 1, 1, 1, 1, 1]
	1768034	1650064	1626906	19	M	16	A		-1	6095.79534733	[1, 1, 1, 1, 1, 1, 1, 1, 1, 1, 1, 1]
	1743329	1646936	1600156	19	M	66	A		-1	6096.32655694	[1, 1, 1, 1, 1, 1, 1, 1, 1, 0, 1, 1]
	1711091	1644018	1600792	19	M	25	A		-1	6096.43633463	[1, 1, 1, 1, 1, 1, 1, 1, 1, 1, 1, 1]
	1779893	1688438	1612722	19	M	38	A		-1	6097.16317408	[1, 1, 1, 1, 1, 1, 1, 1, 1, 1, 1, 1]
	1668132	1569817	1566295	18	M	79	A		-1	6097.31683835	[1, 1, 1, 1, 1, 1, 1, 1, 1, 0, 1, 1]
	1693954	1624348	1601904	19	M	96	A		-1	6097.42286099	[1, 1, 1, 1, 1, 1, 1, 1, 1, 1, 1, 1]
	1792535	1621177	1628916	19	M	41	A		-1	6097.89081538	[1, 1, 1, 0, 1, 1, 1, 1, 1, 1, 1, 1]
	1705737	1636816	1613913	19	M	19	A		-1	6098.26828921	[1, 1, 1, 1, 1, 1, 1, 1, 1, 1, 1, 1]
	1769359	1644018	1616623	19	M	27	A		-1	6098.84514518	[1, 1, 1, 1, 1, 1, 1, 1, 1, 1, 1, 1]
	1772377	1681680	1652004	19	M	46	A		-1	6099.05295532	[1, 1, 1, 1, 1, 1, 1, 1, 1, 1, 1, 1]
	1772734	1634092	1661036	19	M	12	A		-1	6099.16593607	[1, 1, 1, 1, 1, 1, 1, 1, 1, 1, 1, 1]
	1760348	1640417	1679051	19	M	42	A		-1	6099.46741226	[1, 1, 1, 1, 1, 1, 1, 1, 1, 1, 1, 1]
	1792164	1674144	1614205	19	M	50	A		-1	6099.68665274	[1, 1, 1, 1, 1, 1, 1, 1, 1, 1, 1, 1]
	1717550	1668132	1640341	19	M	68	A		-1	6100.12787241	[1, 1, 1, 1, 1, 1, 1, 1, 1, 1, 1, 1]
	1759984	1645213	1608961	19	M	78	A		-1	6100.1894132	[1, 1, 1, 1, 1, 1, 1, 1, 1, 1, 1, 1]
	1754599	1598644	1685155	19	M	63	A		-1	6100.50351516	[1, 1, 1, 1, 1, 1, 1, 1, 1, 1, 1, 1]
	1734129	1644018	1615306	19	M	96	A		-1	6101.9354319	[1, 1, 1, 1, 1, 1, 1, 1, 1, 1, 1, 1]
	1746931	1654003	1636925	19	M	39	A		-1	6102.13878835	[1, 1, 0, 0, 1, 1, 1, 1, 1, 1, 1, 1]
	1770838	1645213	1632874	19	M	48	A		-1	6102.57835445	[1, 1, 1, 1, 1, 1, 1, 1, 1, 1, 1, 1]
	1713787	1672144	1681591	19	M	36	A		-1	6103.01732921	[1, 1, 1, 1, 1, 1, 1, 1, 1, 1, 1, 1]
	1708447	1644018	1665269	19	M	56	A		-1	6103.574543	[1, 1, 1, 0, 1, 1, 1, 1, 1, 1, 1, 1]
	1774992	1648949	1603670	19	M	62	A		-1	6103.84555977	[1, 1, 1, 1, 1, 1, 1, 1, 1, 1, 1, 1]
	1700246	1653390	1604089	19	M	79	A		-1	6104.37950156	[1, 1, 1, 1, 1, 1, 1, 0, 1, 1, 1, 1]
	1672144	1545062	1574403	18	M	50	A		-1	6104.38560441	[1, 1, 1, 1, 1, 1, 1, 1, 1, 1, 1, 1]
	1718238	1675654	1666027	19	M	34	A		-1	6104.38693899	[1, 1, 1, 0, 1, 1, 1, 1, 1, 1, 1, 1]
	1780941	1598644	1617575	19	M	50	A		-1	6105.10345294	[1, 1, 1, 1, 1, 1, 1, 1, 1, 1, 1, 1]
	1746466	1644018	1653687	19	M	97	A		-1	6105.11129863	[1, 1, 1, 0, 1, 1, 1, 1, 1, 1, 1, 1]
	1729550	1685149	1690557	19	M	56	A		-1	6106.14042603	[1, 1, 0, 1, 1, 1, 1, 1, 1, 1, 1, 1]
	1757825	1607480	1599207	19	M	60	A		-1	6106.18930572	[1, 1, 1, 1, 1, 1, 1, 1, 1, 1, 1, 1]
	1770974	1688830	1668944	19	M	2	A		-1	6106.37007127	[1, 1, 1, 1, 1, 1, 1, 1, 1, 1, 1, 1]
	1792964	1659616	1672227	19	M	16	A		-1	6106.45095605	[1, 1, 1, 0, 1, 1, 1, 1, 1, 1, 1, 1]
	1716103	1681680	1594211	19	M	37	A		-1	6106.79070822	[1, 1, 1, 1, 1, 1, 1, 1, 1, 1, 1, 1]
	1749341	1648949	1647447	19	M	4	A		-1	6107.42268271	[1, 1, 1, 1, 1, 1, 1, 1, 1, 1, 1, 1]
	1736327	1673622	1595476	19	M	19	A		-1	6107.87844123	[1, 1, 1, 1, 1, 1, 1, 1, 1, 1, 1, 1]
	1781092	1688830	1632348	19	M	58	A		-1	6107.88991559	[1, 1, 1, 1, 1, 1, 1, 1, 1, 1, 1, 1]
	1712714	1688830	1674774	19	M	98	A		-1	6108.16868368	[1, 1, 1, 1, 1, 1, 1, 1, 1, 1, 1, 1]
	1772349	1675281	1666781	19	M	93	A		-1	6108.53590946	[1, 1, 1, 1, 1, 1, 1, 1, 1, 1, 1, 1]
	1711546	1674629	1650711	19	M	97	A		-1	6109.07042677	[1, 1, 1, 1, 1, 1, 1, 1, 1, 1, 1, 1]
	1735092	1634092	1655457	19	M	28	A		-1	6109.44942763	[1, 1, 1, 1, 1, 1, 1, 1, 1, 1, 1, 1]
	1758598	1675281	1596827	19	M	58	A		-1	6109.62723536	[1, 1, 1, 1, 1, 1, 1, 1, 1, 1, 1, 1]
	1699319	1644018	1642286	19	M	34	A		-1	6109.63702561	[1, 1, 1, 0, 1, 1, 1, 1, 1, 1, 1, 1]
	1695709	1660257	1642203	19	M	33	A		-1	6109.67351198	[1, 1, 1, 1, 1, 1, 1, 1, 1, 1, 1, 1]
	1712871	1644018	1530675	19	M	1	A		-1	6109.82949068	[1, 1, 1, 1, 1, 1, 1, 1, 1, 1, 1, 1]
	1745384	1651239	1679409	19	M	54	A		-1	6110.12829272	[1, 1, 1, 1, 1, 1, 1, 1, 1, 1, 1, 1]
	1754974	1674629	1634986	19	M	28	A		-1	6110.13214137	[1, 1, 1, 1, 1, 1, 1, 1, 1, 1, 1, 1]
	1713494	1607480	1640164	19	M	79	A		-1	6110.9913903	[1, 1, 1, 1, 1, 1, 1, 1, 1, 1, 1, 1]
	1784779	1673622	1664396	19	M	83	A		-1	6111.22226064	[1, 1, 1, 1, 1, 1, 1, 1, 1, 1, 1, 1]
	1764125	1646905	1538271	19	M	7	A		-1	6111.40986568	[1, 1, 1, 1, 1, 1, 1, 1, 1, 1, 1, 1]
	1763114	1609995	1688271	19	M	55	A		-1	6111.62248912	[1, 1, 1, 1, 1, 1, 1, 1, 1, 1, 1, 1]
	1740978	1688830	1626879	19	M	79	A		-1	6111.70821382	[1, 1, 1, 1, 1, 1, 1, 1, 1, 1, 1, 1]
	1734050	1624348	1663973	19	M	19	A		-1	6111.83838604	[1, 1, 1, 1, 1, 1, 1, 1, 1, 1, 1, 1]
	1776899	1666853	1665691	19	M	39	A		-1	6111.8558757	[1, 1, 1, 1, 1, 1, 1, 1, 1, 1, 1, 1]
	1704948	1685149	1579570	19	M	68	A		-1	6111.91573377	[1, 1, 0, 1, 1, 1, 1, 1, 1, 1, 1, 1]
	1767548	1653663	1621863	19	M	11	A		-1	6112.41603968	[0, 1, 0, 1, 1, 1, 1, 1, 1, 1, 1, 1]
	1713814	1645213	1686130	19	M	29	A		-1	6112.55692805	[1, 1, 1, 1, 1, 1, 1, 1, 1, 1, 1, 1]
	1752255	1654003	1622949	19	M	100	A		-1	6112.98824327	[0, 1, 1, 1, 1, 1, 1, 1, 1, 1, 1, 1]
	1747272	1651239	1503427	19	M	94	A		-1	6113.30536514	[1, 1, 1, 1, 1, 1, 1, 1, 1, 1, 1, 1]
	1769645	1605414	1668878	19	M	25	A		-1	6114.1061811	[1, 1, 1, 1, 1, 1, 1, 1, 1, 1, 1, 1]
	1703691	1675281	1465928	19	M	66	A		-1	6114.25863487	[1, 1, 1, 1, 1, 1, 1, 1, 1, 1, 1, 1]
	1746641	1688830	1551625	19	M	78	A		-1	6114.5091513	[1, 1, 1, 1, 1, 1, 1, 1, 1, 1, 1, 1]
	1759970	1678814	1607025	19	M	100	A		-1	6115.26001308	[1, 1, 1, 1, 1, 1, 1, 1, 1, 1, 1, 1]
	1726819	1601898	1639308	19	M	40	A		-1	6115.30499324	[1, 1, 1, 1, 1, 1, 1, 1, 1, 1, 1, 1]
	1788115	1653390	1622340	19	M	85	A		-1	6115.61911995	[1, 1, 1, 1, 1, 1, 1, 1, 1, 1, 1, 1]
	1707674	1616021	1671057	19	M	27	A		-1	6116.6906734	[1, 1, 1, 1, 1, 1, 1, 1, 1, 1, 1, 1]
	1734517	1688830	1638320	19	M	82	A		-1	6117.11480422	[1, 1, 1, 1, 1, 1, 1, 1, 1, 1, 1, 1]
	1728062	1654003	1564374	19	M	47	A		-1	6120.95162961	[1, 1, 1, 1, 1, 1, 1, 1, 1, 1, 1, 1]
	1701593	1640417	1674243	19	M	27	A		-1	6123.13173844	[1, 1, 1, 1, 1, 1, 1, 1, 1, 1, 1, 1]
	1758889	1674755	1532650	19	M	79	A		-1	6123.18182323	[1, 1, 1, 1, 1, 1, 1, 1, 1, 1, 1, 1]
	1762689	1625296	1662954	19	M	32	A		-1	6124.53741609	[1, 1, 1, 1, 1, 1, 1, 1, 1, 1, 1, 1]
	1729056	1616021	1686475	19	M	80	A		-1	6125.12597642	[1, 1, 1, 1, 1, 1, 1, 1, 1, 1, 1, 1]
	1785767	1650064	1618952	19	M	92	A		-1	6126.1551871	[1, 1, 1, 1, 1, 1, 1, 1, 1, 1, 1, 1]
	1763216	1644018	1680172	19	M	1	A		-1	6127.50029028	[1, 1, 1, 1, 1, 1, 1, 1, 1, 1, 1, 1]
	1743757	1685149	1639422	19	M	95	A		-1	6127.95553515	[1, 1, 1, 1, 1, 1, 1, 1, 1, 1, 1, 1]
	1699307	1654003	1690289	19	M	61	A		-1	6128.88075571	[1, 1, 1, 1, 1, 1, 1, 1, 1, 1, 1, 1]
	1727038	1653390	1608566	19	M	70	A		-1	6129.34287646	[1, 1, 1, 1, 1, 1, 1, 1, 1, 1, 1, 1]
	1788117	1648949	1630042	19	M	87	A		-1	6129.41182288	[1, 1, 1, 1, 1, 1, 1, 1, 1, 1, 1, 1]
	1719176	1605414	1598163	19	M	53	A		-1	6129.61485492	[0, 1, 1, 1, 1, 1, 1, 1, 1, 1, 1, 1]
	1706065	1667216	1608882	19	M	83	A		-1	6129.77112388	[1, 1, 1, 1, 1, 1, 1, 1, 1, 1, 1, 1]
	1779277	1645213	1660606	19	M	94	A		-1	6130.1561704	[1, 1, 1, 1, 1, 1, 1, 1, 1, 1, 1, 1]
	1761644	1666853	1659450	19	M	64	A		-1	6130.19580218	[0, 1, 1, 1, 1, 1, 1, 1, 1, 1, 1, 1]
	1769839	1672144	1630051	19	M	28	A		-1	6130.79140806	[1, 1, 1, 1, 1, 1, 1, 1, 1, 1, 1, 1]
	1764778	1668132	1687768	19	M	43	A		-1	6131.32452259	[1, 1, 1, 1, 1, 1, 1, 1, 1, 1, 1, 1]
	1754625	1607480	1647863	19	M	97	A		-1	6131.87892366	[1, 1, 1, 1, 1, 1, 1, 1, 1, 1, 1, 1]
	1781455	1640417	1685612	19	M	8	A		-1	6132.11181136	[1, 1, 1, 1, 1, 1, 1, 1, 1, 1, 1, 1]
	1728469	1673622	1639126	19	M	85	A		-1	6133.77038892	[1, 1, 1, 1, 1, 1, 1, 1, 1, 1, 1, 1]
	1761559	1616021	1635506	19	M	99	A		-1	6133.99560654	[1, 1, 1, 1, 1, 1, 1, 1, 1, 1, 1, 1]
	1738213	1672144	1647934	19	M	79	A		-1	6134.82320308	[1, 1, 1, 0, 1, 1, 1, 1, 1, 1, 1, 1]
	1756202	1688830	1543138	19	M	5	A		-1	6134.99311872	[1, 1, 1, 1, 1, 1, 1, 1, 1, 1, 1, 1]
	1740811	1621177	1676663	19	M	38	A		-1	6135.39805865	[1, 1, 1, 1, 1, 1, 1, 1, 1, 1, 1, 1]
	1770094	1598644	1608798	19	M	4	A		-1	6135.7113903	[1, 1, 1, 1, 1, 1, 1, 1, 1, 1, 1, 1]
	1715720	1668132	1638448	19	M	14	A		-1	6135.71523281	[1, 1, 1, 1, 1, 1, 1, 1, 1, 1, 1, 1]
	1731231	1672144	1626794	19	M	43	A		-1	6136.53931049	[1, 1, 1, 1, 1, 1, 1, 1, 1, 1, 1, 1]
	1739243	1659616	1684344	19	M	3	A		-1	6136.89915204	[1, 1, 1, 1, 1, 1, 1, 1, 1, 1, 1, 1]
	1742325	1675654	1680936	19	M	3	A		-1	6137.26053809	[1, 1, 1, 1, 1, 1, 1, 1, 1, 1, 1, 1]
	1765833	1615856	1689015	19	M	33	A		-1	6137.62720845	[1, 1, 1, 1, 1, 1, 1, 1, 1, 1, 1, 1]
	1719894	1653390	1617365	19	M	48	A		-1	6138.01195152	[1, 1, 1, 1, 1, 1, 1, 1, 1, 1, 1, 1]
	1720156	1667216	1687051	19	M	97	A		-1	6138.13874251	[1, 1, 1, 1, 1, 1, 1, 1, 1, 1, 1, 1]
	1761068	1644018	1642536	19	M	19	A		-1	6138.91167755	[1, 1, 1, 1, 1, 1, 1, 1, 1, 1, 1, 1]
	1701275	1678814	1524971	19	M	31	A		-1	6139.25689177	[1, 1, 1, 1, 1, 1, 1, 1, 1, 1, 1, 1]
	1727972	1636816	1684300	19	M	79	A		-1	6139.72587114	[1, 1, 1, 1, 1, 1, 1, 1, 1, 1, 1, 1]
	1707507	1605414	1611299	19	M	53	A		-1	6140.0644217	[1, 1, 1, 1, 1, 1, 1, 1, 1, 1, 1, 1]
	1789126	1632975	1682047	19	M	91	A		-1	6140.671525	[1, 1, 0, 1, 1, 1, 1, 1, 1, 1, 1, 1]
	1785543	1644018	1614163	19	M	3	A		-1	6140.8272877	[1, 1, 1, 1, 1, 1, 1, 1, 1, 1, 1, 1]
	1715842	1645213	1588298	19	M	38	A		-1	6140.85734121	[1, 1, 1, 1, 1, 1, 1, 1, 1, 1, 1, 1]
	1776459	1621177	1608380	19	M	35	A		-1	6141.03646967	[1, 1, 1, 1, 1, 1, 1, 1, 1, 1, 1, 1]
	1763080	1674755	1673198	19	M	86	A		-1	6143.74765071	[1, 1, 1, 1, 1, 1, 1, 1, 1, 1, 1, 1]
	1688830	1575467	1530399	18	M	89	A		-1	6144.22936792	[1, 1, 1, 1, 1, 1, 1, 1, 1, 1, 1, 1]
	1695711	1626606	1681289	19	M	54	A		-1	6146.22405776	[0, 1, 1, 1, 1, 1, 1, 1, 1, 1, 1, 1]
	1778790	1648949	1652537	19	M	57	A		-1	6146.50950473	[1, 1, 1, 1, 1, 1, 1, 1, 1, 1, 1, 1]
	1748384	1646905	1685718	19	M	75	A		-1	6146.58561657	[1, 1, 1, 1, 1, 1, 1, 1, 1, 1, 1, 1]
	1726044	1640175	1648702	19	M	72	A		-1	6147.3226178	[1, 1, 1, 1, 1, 1, 1, 1, 1, 1, 1, 1]
	1702975	1654003	1639223	19	M	87	A		-1	6147.7326765	[1, 1, 1, 0, 1, 1, 1, 1, 1, 1, 1, 1]
	1720599	1672144	1596815	19	M	66	A		-1	6148.33545142	[1, 1, 1, 1, 1, 1, 1, 1, 1, 1, 1, 1]
	1741142	1681680	1628582	19	M	58	A		-1	6151.38238879	[1, 1, 0, 1, 1, 1, 1, 1, 1, 1, 1, 1]
	1763476	1624348	1663878	19	M	85	A		-1	6152.24132508	[1, 1, 1, 1, 1, 1, 1, 1, 1, 1, 1, 1]
	1732931	1632975	1604606	19	M	16	A		-1	6153.94883304	[1, 1, 1, 1, 1, 1, 1, 1, 1, 1, 1, 1]
	1783803	1646905	1620452	19	M	3	A		-1	6154.05702995	[1, 1, 1, 1, 1, 1, 1, 1, 1, 1, 1, 1]
	1705178	1640175	1598394	19	M	66	A		-1	6154.63251958	[1, 1, 1, 1, 1, 1, 1, 1, 1, 1, 1, 1]
	1778272	1644018	1617012	19	M	43	A		-1	6155.00249932	[1, 1, 1, 0, 1, 1, 1, 1, 1, 1, 1, 1]
	1745307	1624348	1654038	19	M	99	A		-1	6155.04381111	[1, 1, 1, 1, 1, 1, 1, 1, 1, 1, 1, 1]
	1723085	1598644	1532175	19	M	75	A		-1	6156.37897717	[1, 1, 1, 1, 1, 1, 1, 1, 1, 1, 1, 1]
	1709629	1653918	1598864	19	M	42	A		-1	6157.18410642	[1, 1, 1, 1, 1, 1, 1, 1, 1, 1, 1, 1]
	1694791	1653663	1634531	19	M	6	A		-1	6160.06658488	[0, 1, 1, 1, 1, 1, 1, 1, 1, 1, 1, 1]
	1760690	1673622	1603663	19	M	52	A		-1	6160.18619105	[1, 1, 1, 1, 1, 1, 1, 1, 1, 1, 1, 1]
	1755397	1615856	1642029	19	M	66	A		-1	6160.55358468	[1, 1, 1, 1, 1, 1, 1, 0, 1, 1, 1, 1]
	1753916	1688438	1664695	19	M	97	A		-1	6161.90422035	[1, 1, 1, 1, 1, 1, 1, 1, 1, 1, 1, 1]
	1704610	1644018	1687967	19	M	64	A		-1	6162.96790261	[1, 1, 1, 0, 1, 1, 1, 1, 1, 1, 1, 1]
	1788776	1668132	1525635	19	M	43	A		-1	6164.78252839	[1, 1, 1, 1, 1, 1, 1, 1, 1, 0, 1, 1]
	1748267	1644018	1622103	19	M	47	A		-1	6164.98446936	[1, 1, 1, 1, 1, 1, 1, 1, 1, 1, 1, 1]
	1700402	1660257	1677843	19	M	96	A		-1	6165.57684354	[1, 1, 1, 1, 1, 1, 1, 1, 1, 1, 1, 1]
	1734687	1660257	1596843	19	M	91	A		-1	6167.36354148	[1, 1, 1, 1, 1, 1, 1, 1, 1, 1, 1, 1]
	1722854	1621177	1648914	19	M	54	A		-1	6168.70510197	[1, 1, 1, 1, 1, 1, 1, 1, 1, 1, 1, 1]
	1788276	1668132	1604415	19	M	71	A		-1	6170.36110345	[1, 1, 1, 1, 1, 1, 1, 1, 1, 0, 1, 1]
	1727117	1651239	1629384	19	M	59	A		-1	6170.83233511	[1, 1, 1, 1, 1, 1, 1, 1, 1, 1, 1, 1]
	1715691	1672144	1632162	19	M	62	A		-1	6172.25487492	[1, 1, 1, 1, 1, 1, 1, 1, 1, 1, 1, 1]
	1700836	1644018	1646967	19	M	20	A		-1	6172.52996701	[1, 1, 1, 0, 1, 1, 1, 1, 1, 1, 1, 1]
	1730581	1668132	1599132	19	M	65	A		-1	6173.40531496	[1, 1, 1, 1, 1, 1, 1, 1, 1, 0, 1, 1]
	1616021	1520218	1498801	18	M	94	A		-1	6174.1597013	[1, 1, 1, 1, 1, 1, 1, 1, 1, 1, 1, 1]
	1727559	1632496	1623517	19	M	59	A		-1	6174.52424005	[1, 1, 1, 1, 1, 1, 1, 1, 1, 1, 1, 1]
	1740229	1646905	1655288	19	M	90	A		-1	6174.94029607	[1, 1, 1, 1, 1, 1, 1, 1, 1, 1, 1, 1]
	1754828	1653663	1606885	19	M	2	A		-1	6177.32026469	[1, 1, 1, 1, 1, 1, 1, 1, 1, 1, 1, 1]
	1753869	1672144	1634604	19	M	71	A		-1	6177.38854066	[0, 1, 1, 1, 1, 1, 1, 1, 1, 0, 1, 1]
	1703371	1616021	1649272	19	M	82	A		-1	6177.76577119	[1, 1, 1, 1, 1, 1, 1, 1, 1, 1, 1, 1]
	1742295	1625296	1497721	19	M	6	A		-1	6179.69909394	[1, 1, 1, 1, 1, 1, 1, 1, 1, 1, 1, 1]
	1763321	1653663	1627492	19	M	28	A		-1	6182.50479888	[1, 1, 1, 1, 1, 1, 1, 1, 1, 1, 1, 1]
	1776527	1688830	1537716	19	M	38	A		-1	6185.34756025	[1, 1, 1, 1, 1, 1, 1, 1, 1, 1, 1, 1]
	1787481	1644018	1629950	19	M	2	A		-1	6186.32946813	[1, 1, 1, 1, 1, 1, 1, 1, 1, 1, 1, 1]
	1738434	1674629	1670867	19	M	6	A		-1	6187.01332996	[1, 1, 1, 1, 1, 1, 1, 1, 1, 1, 1, 1]
	1762949	1673622	1614131	19	M	15	A		-1	6189.70531852	[1, 1, 1, 1, 1, 1, 1, 1, 1, 1, 1, 1]
	1722256	1666853	1676599	19	M	89	A		-1	6190.79740558	[1, 1, 1, 1, 1, 1, 1, 1, 1, 1, 1, 1]
	1790724	1622121	1690531	19	M	37	A		-1	6191.41439493	[1, 1, 1, 1, 1, 1, 1, 1, 1, 1, 1, 1]
	1789984	1653663	1516970	19	M	38	A		-1	6191.94317192	[1, 1, 1, 1, 1, 1, 1, 1, 1, 1, 1, 1]
	1783690	1632975	1630605	19	M	71	A		-1	6192.59978558	[1, 1, 1, 0, 1, 1, 1, 1, 1, 1, 1, 1]
	1724812	1667216	1690475	19	M	52	A		-1	6193.3984114	[1, 1, 1, 1, 1, 1, 1, 1, 1, 1, 1, 1]
	1709434	1616021	1639676	19	M	85	A		-1	6193.58639135	[1, 1, 1, 1, 1, 1, 1, 1, 1, 1, 1, 1]
	1740403	1644018	1677554	19	M	62	A		-1	6193.72069449	[1, 1, 1, 0, 1, 1, 1, 1, 1, 1, 1, 1]
	1737770	1660257	1652604	19	M	90	A		-1	6195.27354638	[1, 1, 1, 1, 1, 1, 1, 1, 1, 1, 1, 1]
	1720827	1626606	1600864	19	M	79	A		-1	6197.30300727	[1, 1, 1, 1, 1, 1, 1, 1, 1, 1, 1, 1]
	1722546	1644018	1600148	19	M	22	A		-1	6199.055544	[1, 1, 1, 1, 1, 1, 1, 1, 1, 1, 1, 1]
	1721405	1692888	1597963	19	M	84	A		-1	6199.55465638	[1, 1, 1, 1, 1, 1, 1, 1, 1, 1, 1, 1]
	1749846	1668132	1653688	19	M	28	A		-1	6200.1426995	[1, 1, 1, 1, 1, 1, 1, 1, 1, 0, 1, 1]
	1722410	1646905	1643744	19	M	1	A		-1	6201.54663401	[1, 1, 1, 1, 1, 1, 1, 1, 1, 1, 1, 1]
	1702245	1636816	1550371	19	M	61	A		-1	6201.66236388	[1, 1, 1, 1, 1, 1, 1, 1, 1, 1, 1, 1]
	1753291	1632975	1561918	19	M	41	A		-1	6201.67476842	[1, 1, 1, 1, 1, 1, 1, 1, 1, 1, 1, 1]
	1709354	1678814	1662928	19	M	94	A		-1	6201.78274912	[1, 1, 1, 1, 1, 1, 1, 1, 1, 1, 1, 1]
	1712482	1672144	1611052	19	M	85	A		-1	6202.29171968	[1, 1, 1, 1, 1, 1, 1, 1, 1, 1, 1, 1]
	1718450	1645213	1690932	19	M	99	A		-1	6206.64515109	[1, 1, 1, 1, 1, 1, 1, 1, 1, 1, 1, 1]
	1782341	1626606	1606687	19	M	46	A		-1	6209.77026575	[1, 1, 1, 1, 1, 1, 1, 1, 1, 1, 1, 1]
	1772603	1673622	1611134	19	M	15	A		-1	6211.00392672	[1, 1, 1, 1, 1, 1, 1, 1, 1, 1, 1, 1]
	1768655	1636816	1632053	19	M	90	A		-1	6211.05301062	[1, 1, 1, 1, 1, 1, 1, 1, 1, 1, 1, 1]
	1700718	1636816	1510198	19	M	93	A		-1	6214.8075706	[1, 1, 1, 1, 1, 1, 1, 1, 1, 1, 1, 1]
	1731835	1673622	1616587	19	M	81	A		-1	6216.15306344	[1, 1, 1, 1, 1, 1, 1, 1, 1, 1, 1, 1]
	1740898	1644018	1616123	19	M	62	A		-1	6217.11766543	[1, 1, 1, 1, 1, 1, 1, 1, 1, 1, 1, 1]
	1721843	1619653	1546803	19	M	68	A		-1	6218.15771346	[1, 1, 1, 0, 1, 1, 1, 1, 1, 1, 1, 1]
	1724406	1601898	1488068	19	M	99	A		-1	6218.95422177	[1, 1, 1, 0, 1, 1, 1, 1, 1, 1, 1, 1]
	1721426	1651239	1659509	19	M	90	A		-1	6220.94366137	[1, 1, 1, 1, 1, 1, 1, 1, 1, 1, 1, 1]
	1749571	1619653	1656670	19	M	27	A		-1	6221.24930621	[1, 1, 1, 1, 1, 1, 1, 1, 1, 1, 1, 1]
	1644018	1572457	1544074	18	M	16	A		-1	6222.34781457	[1, 1, 1, 0, 1, 1, 1, 1, 1, 1, 1, 1]
	1698442	1654003	1682665	19	M	54	A		-1	6224.02280758	[1, 1, 1, 0, 1, 1, 1, 1, 1, 1, 1, 1]
	1714747	1659616	1624224	19	M	31	A		-1	6224.21684682	[1, 1, 1, 0, 1, 1, 1, 1, 1, 1, 1, 1]
	1744331	1675654	1618048	19	M	72	A		-1	6224.7677901	[1, 1, 1, 1, 1, 1, 1, 1, 1, 1, 1, 1]
	1717899	1672144	1672259	19	M	82	A		-1	6228.00054253	[1, 1, 1, 1, 1, 1, 1, 1, 1, 1, 1, 1]
	1750538	1674144	1653878	19	M	24	A		-1	6229.12078229	[1, 1, 1, 1, 1, 1, 1, 1, 1, 1, 1, 1]
	1780356	1646905	1655685	19	M	20	A		-1	6229.50335137	[1, 1, 1, 1, 1, 1, 1, 1, 1, 1, 1, 1]
	1788075	1648949	1616774	19	M	6	A		-1	6233.938539	[1, 1, 1, 1, 1, 1, 1, 1, 1, 1, 1, 1]
	1700014	1598644	1691346	19	M	18	A		-1	6234.95000423	[1, 1, 1, 1, 1, 1, 1, 1, 1, 1, 1, 1]
	1700353	1668132	1680060	19	M	100	A		-1	6235.19607217	[1, 1, 1, 1, 1, 1, 1, 1, 1, 0, 1, 1]
	1779500	1632975	1673810	19	M	44	A		-1	6238.05303792	[1, 1, 1, 1, 1, 1, 1, 1, 1, 1, 1, 1]
	1733873	1667216	1600776	19	M	2	A		-1	6238.58644851	[1, 1, 1, 1, 1, 1, 1, 1, 1, 1, 1, 1]
	1790860	1621177	1684496	19	M	23	A		-1	6239.43213771	[1, 1, 1, 1, 1, 1, 1, 1, 1, 1, 1, 1]
	1783698	1616021	1646027	19	M	31	A		-1	6239.52274654	[1, 1, 1, 1, 1, 1, 1, 1, 1, 1, 1, 1]
	1765406	1646936	1659712	19	M	56	A		-1	6240.08161184	[1, 1, 1, 1, 1, 1, 1, 1, 1, 1, 1, 1]
	1790557	1646905	1690596	19	M	90	A		-1	6240.09915196	[1, 1, 1, 1, 1, 1, 1, 1, 1, 1, 1, 1]
	1762923	1678814	1644410	19	M	2	A		-1	6240.72383691	[1, 1, 1, 1, 1, 1, 1, 1, 1, 1, 1, 1]
	1697660	1598644	1634079	19	M	7	A		-1	6240.98796309	[1, 1, 1, 1, 1, 1, 1, 1, 1, 1, 1, 1]
	1729528	1632496	1678573	19	M	21	A		-1	6241.60542401	[1, 1, 1, 1, 1, 1, 1, 1, 1, 1, 1, 1]
	1737367	1634092	1630624	19	M	87	A		-1	6244.11292296	[1, 1, 1, 1, 1, 1, 1, 1, 1, 1, 1, 1]
	1763246	1672144	1666773	19	M	33	A		-1	6244.92570907	[1, 1, 1, 1, 1, 1, 1, 1, 1, 1, 1, 1]
	1758123	1678814	1623188	19	M	94	A		-1	6245.51615083	[1, 1, 1, 1, 1, 1, 1, 1, 1, 1, 1, 1]
	1787534	1653390	1634582	19	M	92	A		-1	6246.94891431	[1, 1, 1, 1, 1, 1, 1, 1, 1, 1, 1, 1]
	1737786	1640175	1668810	19	M	4	A		-1	6248.21930272	[1, 1, 1, 1, 1, 1, 1, 1, 1, 1, 1, 1]
	1733371	1653663	1671270	19	M	97	A		-1	6249.12871361	[1, 1, 1, 1, 1, 1, 1, 1, 1, 1, 1, 1]
	1743405	1605414	1664402	19	M	28	A		-1	6258.96713892	[1, 1, 1, 1, 1, 1, 1, 1, 1, 1, 1, 1]
	1769755	1689141	1629674	19	M	20	A		-1	6266.3176774	[1, 1, 1, 1, 1, 1, 1, 1, 1, 1, 1, 1]
	1754041	1653918	1673578	19	M	15	A		-1	6270.15909171	[1, 1, 1, 1, 1, 1, 1, 1, 1, 1, 1, 1]
	1755625	1692888	1662674	19	M	67	A		-1	6271.61043825	[1, 1, 1, 1, 1, 1, 1, 1, 1, 1, 1, 1]
	1781592	1636816	1687416	19	M	38	A		-1	6272.0362369	[1, 1, 1, 1, 1, 1, 1, 1, 1, 1, 1, 1]
	1780343	1688830	1640771	19	M	91	A		-1	6277.64261594	[1, 1, 1, 1, 1, 1, 1, 1, 1, 1, 1, 1]
	1758425	1609995	1657607	19	M	62	A		-1	6283.08717795	[1, 1, 1, 1, 1, 1, 1, 1, 1, 1, 1, 1]
	1752445	1681680	1617260	19	M	69	A		-1	6289.83696926	[1, 1, 1, 0, 1, 1, 1, 1, 1, 1, 1, 1]
	1700117	1634092	1604489	19	M	17	A		-1	6291.15326613	[1, 1, 1, 1, 1, 1, 1, 1, 1, 1, 1, 1]
	1699059	1673622	1637877	19	M	97	A		-1	6294.16507962	[1, 1, 1, 1, 1, 1, 1, 1, 1, 1, 1, 1]
	1722638	1646936	1636643	19	M	39	A		-1	6295.10571283	[1, 1, 1, 1, 1, 1, 1, 1, 1, 1, 1, 1]
	1722323	1644018	1670887	19	M	10	A		-1	6300.90836184	[1, 1, 1, 0, 1, 1, 1, 1, 1, 1, 1, 1]
	1750081	1668132	1645970	19	M	18	A		-1	6306.26107091	[1, 1, 1, 1, 1, 1, 1, 1, 1, 0, 1, 1]
	1703965	1654003	1628260	19	M	25	A		-1	6307.18483257	[1, 1, 1, 1, 1, 1, 1, 1, 1, 1, 1, 1]
	1767689	1688830	1688974	19	M	80	A		-1	6307.67780996	[1, 1, 1, 0, 1, 1, 1, 1, 1, 1, 1, 1]
	1749032	1666853	1650815	19	M	73	A		-1	6308.83673369	[0, 1, 1, 1, 1, 1, 1, 1, 1, 1, 1, 1]
	1710714	1646936	1634851	19	M	16	A		-1	6309.19427334	[1, 1, 1, 1, 1, 1, 1, 1, 1, 1, 1, 1]
	1709589	1607480	1526049	19	M	83	A		-1	6310.04528505	[0, 1, 1, 1, 1, 1, 1, 1, 1, 1, 1, 1]
	1740220	1672144	1549536	19	M	25	A		-1	6316.78243438	[1, 1, 1, 1, 1, 1, 1, 1, 1, 1, 1, 1]
	1747798	1653663	1674163	19	M	99	A		-1	6319.57973219	[1, 1, 1, 1, 1, 1, 1, 1, 1, 1, 1, 1]
	1742515	1674144	1604231	19	M	4	A		-1	6321.52485181	[1, 1, 1, 1, 1, 1, 1, 1, 1, 1, 1, 1]
	1741306	1634092	1606092	19	M	24	A		-1	6323.92454924	[1, 1, 1, 1, 1, 1, 1, 1, 1, 1, 1, 1]
	1772605	1675654	1650656	19	M	11	A		-1	6325.36155579	[1, 1, 1, 1, 1, 1, 1, 1, 1, 1, 1, 1]
	1733987	1688830	1603580	19	M	13	A		-1	6326.16655506	[1, 1, 1, 1, 1, 1, 1, 1, 1, 1, 1, 1]
	1774391	1673622	1646754	19	M	35	A		-1	6337.27120815	[1, 1, 1, 1, 1, 1, 1, 1, 1, 1, 1, 1]
	1777443	1648949	1666868	19	M	74	A		-1	6345.53301519	[1, 1, 1, 1, 1, 1, 1, 1, 1, 1, 1, 1]
	1705758	1650064	1670505	19	M	81	A		-1	6347.51738288	[1, 1, 1, 1, 1, 1, 1, 1, 1, 1, 1, 1]
	1736377	1648949	1693642	19	M	25	A		-1	6357.47522719	[1, 1, 1, 1, 1, 1, 1, 1, 1, 1, 1, 1]
	1704990	1692888	1632109	19	M	1	A		-1	6361.65743579	[1, 1, 0, 1, 1, 1, 1, 1, 1, 1, 1, 1]
	1712227	1653390	1623463	19	M	72	A		-1	6370.73690051	[1, 1, 1, 1, 1, 1, 1, 1, 1, 1, 1, 1]
	1791510	1668132	1621403	19	M	15	A		-1	6376.27995087	[1, 1, 1, 1, 1, 1, 1, 1, 1, 0, 1, 1]
	1724146	1667216	1671420	19	M	66	A		-1	6379.87605062	[1, 1, 1, 1, 1, 1, 1, 1, 1, 1, 1, 1]
	1772299	1688830	1618581	19	M	87	A		-1	6383.15336339	[1, 1, 1, 1, 1, 1, 1, 1, 1, 1, 1, 1]
	1699214	1674755	1501972	19	M	46	A		-1	6392.8975146	[1, 1, 1, 1, 1, 1, 1, 1, 1, 1, 1, 1]
	1710561	1621177	1630574	19	M	39	A		-1	6397.88532855	[1, 1, 1, 1, 1, 1, 1, 1, 1, 1, 1, 1]
	1752200	1654003	1650346	19	M	43	A		-1	6420.28077806	[1, 1, 1, 1, 1, 1, 1, 1, 1, 1, 1, 1]
	1750112	1672144	1662811	19	M	73	A		-1	6424.38763417	[0, 1, 1, 1, 1, 1, 1, 1, 1, 1, 1, 1]
	1737437	1644018	1660644	19	M	83	A		-1	6425.29511157	[1, 1, 1, 0, 1, 1, 1, 1, 1, 1, 1, 1]
	1764541	1688830	1649786	19	M	99	A		-1	6471.74521371	[1, 1, 1, 1, 1, 1, 1, 1, 1, 1, 1, 1]
