animal	sire	dam	born	sex	herd	status	cause	died	TBV	recessives
	458236	305874	308222	6	M	21	A		-1	1813.03945228	[1, 1, 1, 1, 1, 1, 1, 1, 1, 1, 1, 0]
	404063	338568	343055	6	M	84	A		-1	1813.13940783	[1, 1, 0, 1, 1, 1, 1, 0, 1, 1, 1, 1]
	375525	205568	248607	5	M	43	A		-1	1813.15208271	[1, 1, 1, 1, 1, 1, 1, 1, 1, 1, 0, 1]
	331983	243291	248994	5	M	9	A		-1	1813.33856042	[1, 1, 1, 1, 1, 1, 1, 1, 1, 1, 1, 1]
	440398	359208	277988	6	M	89	A		-1	1813.47678802	[0, 1, 1, 0, 1, 1, 1, 1, 1, 1, 1, 1]
	402512	380727	114360	6	M	60	A		-1	1813.59813465	[1, 1, 1, 1, 1, 1, 1, 1, 1, 1, 1, 1]
	428935	373178	276374	6	M	12	A		-1	1814.143927	[1, 1, 1, 1, 1, 1, 1, 1, 1, 1, 1, 1]
	414848	341916	352204	6	M	2	A		-1	1814.22504324	[1, 1, 1, 1, 1, 1, 1, 1, 1, 1, 1, 1]
	418876	388432	376092	6	M	17	A		-1	1814.48095908	[1, 1, 1, 0, 1, 1, 1, 1, 1, 1, 1, 1]
	435226	382074	230118	6	M	63	A		-1	1814.70234529	[1, 1, 1, 0, 1, 1, 0, 1, 1, 1, 1, 1]
	416416	325529	286525	6	M	100	A		-1	1814.76109429	[1, 1, 1, 1, 1, 1, 1, 1, 1, 1, 1, 1]
	428128	323401	288128	6	M	52	A		-1	1814.81203847	[1, 1, 1, 1, 1, 1, 1, 1, 1, 1, 1, 1]
	425888	368868	369908	6	M	10	A		-1	1814.93306249	[1, 0, 1, 1, 1, 1, 1, 1, 1, 1, 1, 1]
	313782	220086	283331	5	M	97	A		-1	1815.12760592	[1, 1, 1, 1, 1, 1, 1, 1, 1, 1, 1, 1]
	246660	153704	181768	4	M	75	A		-1	1815.31215466	[1, 1, 1, 1, 1, 1, 1, 1, 1, 1, 1, 1]
	452017	341824	192318	6	M	97	A		-1	1815.50607096	[1, 1, 1, 1, 1, 1, 1, 1, 1, 1, 1, 0]
	399954	349349	339620	6	M	53	A		-1	1815.62277458	[1, 1, 1, 1, 1, 1, 1, 1, 1, 1, 1, 1]
	407460	301791	327423	6	M	98	A		-1	1815.97558921	[1, 1, 1, 1, 1, 1, 1, 1, 1, 1, 1, 1]
	468215	246660	313275	6	M	33	A		-1	1815.98309829	[1, 1, 1, 1, 1, 1, 1, 1, 1, 1, 1, 1]
	451733	312812	351027	6	M	80	A		-1	1816.19485149	[1, 1, 1, 1, 1, 1, 1, 1, 1, 1, 1, 1]
	399508	296489	253507	6	M	34	A		-1	1816.22196135	[1, 1, 1, 1, 1, 1, 1, 1, 1, 1, 1, 1]
	458686	368284	394041	6	M	72	A		-1	1816.4214558	[1, 1, 1, 1, 1, 1, 1, 1, 1, 1, 1, 1]
	398769	388195	328634	6	M	2	A		-1	1817.11666725	[1, 1, 1, 1, 1, 1, 1, 1, 1, 1, 1, 1]
	441282	373039	310478	6	M	3	A		-1	1817.11812876	[1, 1, 1, 1, 1, 1, 1, 1, 1, 1, 1, 1]
	397634	350632	332122	6	M	49	A		-1	1817.32088523	[1, 1, 1, 1, 1, 1, 1, 0, 1, 1, 1, 1]
	481276	375121	248451	6	M	5	A		-1	1817.48604949	[1, 1, 1, 1, 1, 1, 1, 1, 1, 1, 1, 1]
	427597	375044	296918	6	M	62	A		-1	1817.5340421	[1, 1, 1, 1, 1, 1, 1, 1, 1, 1, 1, 1]
	453752	339012	360139	6	M	2	A		-1	1817.89048614	[1, 1, 1, 1, 1, 1, 1, 1, 1, 1, 1, 1]
	444923	271905	305420	6	M	58	A		-1	1818.02267296	[1, 1, 1, 0, 1, 1, 1, 1, 1, 1, 1, 1]
	391714	277018	206922	5	M	10	A		-1	1818.15064429	[1, 1, 1, 0, 1, 1, 1, 1, 1, 1, 1, 1]
	433088	295204	348706	6	M	10	A		-1	1818.33460352	[1, 1, 1, 1, 1, 1, 1, 1, 1, 1, 1, 1]
	449020	393952	390261	6	M	82	A		-1	1818.38435249	[0, 1, 1, 1, 1, 1, 1, 1, 1, 1, 1, 1]
	446044	350632	142033	6	M	96	A		-1	1818.52850103	[1, 1, 1, 1, 1, 1, 1, 1, 1, 1, 1, 1]
	492306	383581	274465	6	M	12	A		-1	1818.53199308	[1, 1, 1, 1, 1, 1, 1, 1, 1, 1, 1, 1]
	475283	342747	267895	6	M	94	A		-1	1818.82631731	[1, 1, 1, 1, 1, 1, 1, 1, 1, 1, 1, 1]
	476136	388855	370844	6	M	45	A		-1	1819.00509473	[1, 1, 1, 1, 1, 1, 1, 1, 1, 1, 1, 1]
	451045	317238	382467	6	M	3	A		-1	1819.46016535	[1, 1, 1, 1, 1, 1, 1, 1, 1, 1, 1, 1]
	444322	301791	295663	6	M	62	A		-1	1819.79211093	[1, 1, 1, 1, 1, 1, 1, 1, 1, 1, 1, 0]
	389681	254121	280317	5	M	1	A		-1	1820.03741907	[1, 1, 1, 1, 1, 1, 1, 1, 1, 1, 1, 1]
	478922	336960	306229	6	M	57	A		-1	1820.75534512	[1, 1, 1, 1, 1, 1, 1, 1, 1, 1, 1, 1]
	447164	298099	260798	6	M	66	A		-1	1820.84468612	[1, 1, 1, 1, 1, 1, 1, 1, 1, 1, 1, 1]
	343962	204244	265103	5	M	53	A		-1	1820.90053357	[0, 1, 1, 1, 1, 1, 1, 1, 1, 1, 1, 0]
	428084	296691	278063	6	M	17	A		-1	1821.10082297	[1, 1, 1, 1, 1, 1, 1, 1, 1, 1, 1, 1]
	424184	389681	298121	6	M	90	A		-1	1821.13490602	[1, 1, 1, 1, 1, 1, 1, 1, 1, 1, 1, 1]
	486431	335661	241778	6	M	87	A		-1	1821.32109763	[1, 1, 1, 1, 1, 1, 1, 1, 1, 1, 1, 1]
	489819	385517	359531	6	M	68	A		-1	1821.98120398	[1, 1, 1, 1, 1, 1, 1, 1, 1, 1, 1, 1]
	446668	361222	282971	6	M	65	A		-1	1822.03212496	[1, 1, 1, 1, 1, 1, 1, 1, 1, 1, 1, 0]
	420922	388805	316529	6	M	11	A		-1	1822.23055408	[1, 1, 1, 1, 1, 1, 1, 1, 1, 1, 1, 1]
	478850	342854	336281	6	M	31	A		-1	1822.28800416	[1, 1, 1, 1, 1, 1, 1, 1, 1, 1, 1, 1]
	448412	375815	319424	6	M	14	A		-1	1822.80704103	[1, 1, 1, 1, 1, 1, 1, 1, 1, 1, 1, 1]
	463692	367375	388262	6	M	6	A		-1	1822.86435132	[1, 1, 1, 1, 1, 1, 1, 1, 1, 1, 1, 1]
	484269	381185	149626	6	M	30	A		-1	1822.8740715	[1, 0, 1, 1, 1, 1, 1, 1, 1, 1, 1, 1]
	454965	297299	376223	6	M	33	A		-1	1823.48237497	[1, 1, 1, 1, 1, 1, 1, 1, 1, 1, 1, 1]
	399808	372641	362977	6	M	67	A		-1	1823.50615451	[1, 1, 1, 1, 1, 1, 1, 1, 1, 1, 1, 1]
	471312	299444	133290	6	M	71	A		-1	1823.77996943	[0, 1, 1, 0, 1, 1, 1, 1, 1, 1, 1, 1]
	430292	355613	249266	6	M	91	A		-1	1823.80894629	[1, 1, 1, 1, 1, 1, 1, 1, 1, 1, 1, 1]
	422261	392785	386300	6	M	35	A		-1	1823.94352701	[1, 1, 1, 1, 1, 0, 1, 1, 1, 1, 1, 0]
	436282	349025	335546	6	M	87	A		-1	1824.15244223	[1, 1, 1, 1, 1, 1, 1, 1, 1, 1, 1, 1]
	476981	305357	393448	6	M	22	A		-1	1824.19863459	[1, 1, 1, 1, 1, 1, 1, 1, 1, 1, 1, 1]
	414688	319370	350781	6	M	26	A		-1	1824.47378603	[1, 1, 1, 1, 1, 1, 1, 1, 1, 1, 1, 1]
	480320	373683	385404	6	M	92	A		-1	1824.53759377	[1, 1, 1, 0, 0, 0, 1, 1, 1, 1, 1, 1]
	428874	367375	364878	6	M	88	A		-1	1824.79604879	[1, 1, 1, 1, 1, 1, 1, 1, 1, 1, 1, 1]
	486144	326913	354839	6	M	77	A		-1	1824.8277968	[1, 1, 1, 1, 1, 1, 1, 1, 1, 1, 1, 1]
	439229	289522	316705	6	M	41	A		-1	1825.09440257	[1, 1, 1, 1, 1, 1, 1, 1, 1, 1, 1, 1]
	487389	316368	381181	6	M	39	A		-1	1825.30324385	[1, 1, 1, 1, 1, 1, 1, 1, 1, 1, 1, 1]
	408395	329740	296967	6	M	89	A		-1	1825.32345569	[1, 1, 1, 1, 1, 1, 1, 1, 1, 1, 1, 1]
	416821	385358	343889	6	M	60	A		-1	1825.3950627	[1, 1, 1, 1, 1, 1, 1, 1, 1, 1, 1, 0]
	468490	341824	310335	6	M	91	A		-1	1825.45294522	[1, 1, 1, 1, 1, 1, 1, 1, 1, 1, 1, 0]
	479266	371545	350274	6	M	78	A		-1	1825.52187735	[1, 1, 0, 1, 1, 1, 1, 1, 1, 1, 1, 1]
	386536	243630	266992	5	M	80	A		-1	1825.67480451	[1, 1, 1, 1, 1, 1, 1, 1, 1, 1, 1, 1]
	401707	369772	356483	6	M	74	A		-1	1825.70628934	[1, 1, 1, 1, 1, 1, 1, 1, 1, 1, 1, 1]
	457918	384382	314556	6	M	39	A		-1	1826.03605602	[1, 0, 1, 1, 1, 1, 1, 1, 1, 1, 1, 1]
	461924	317621	321056	6	M	68	A		-1	1826.06751844	[1, 1, 1, 1, 1, 1, 1, 1, 1, 1, 1, 1]
	441583	331983	339793	6	M	42	A		-1	1826.30197584	[1, 1, 1, 1, 1, 1, 1, 1, 1, 1, 1, 1]
	429972	315110	348337	6	M	100	A		-1	1826.31860711	[1, 1, 1, 1, 1, 1, 1, 1, 1, 1, 1, 1]
	487226	318516	302027	6	M	2	A		-1	1826.33903018	[1, 1, 1, 1, 1, 1, 1, 1, 1, 1, 1, 1]
	452543	391714	363641	6	M	17	A		-1	1826.41467525	[1, 1, 1, 1, 1, 1, 1, 1, 1, 1, 1, 1]
	422141	340259	331295	6	M	87	A		-1	1826.51757324	[1, 1, 1, 1, 1, 1, 1, 1, 1, 1, 1, 1]
	451009	386466	276830	6	M	89	A		-1	1826.70549721	[1, 0, 0, 1, 1, 1, 1, 1, 1, 1, 1, 0]
	385517	219788	201453	5	M	87	A		-1	1827.02024136	[1, 1, 1, 1, 1, 0, 1, 1, 1, 1, 1, 0]
	435574	392641	379142	6	M	40	A		-1	1827.1895773	[1, 1, 1, 1, 1, 1, 1, 1, 1, 1, 1, 1]
	452591	343233	376235	6	M	45	A		-1	1827.6159991	[1, 1, 1, 1, 1, 1, 1, 1, 1, 1, 1, 1]
	489281	366685	330776	6	M	9	A		-1	1827.61776476	[1, 1, 1, 1, 1, 1, 1, 1, 1, 1, 1, 0]
	435964	312012	329612	6	M	72	A		-1	1827.89917604	[1, 1, 1, 1, 1, 1, 1, 1, 1, 1, 1, 1]
	435221	304943	309996	6	M	44	A		-1	1828.06484231	[1, 1, 1, 1, 1, 1, 1, 1, 1, 1, 1, 1]
	447272	314265	324590	6	M	8	A		-1	1828.36750879	[1, 1, 1, 1, 1, 1, 1, 1, 1, 1, 1, 1]
	476839	358368	310393	6	M	2	A		-1	1828.58957885	[1, 1, 1, 0, 1, 1, 1, 1, 1, 1, 1, 1]
	413320	347733	359725	6	M	84	A		-1	1828.71368768	[1, 1, 1, 1, 1, 1, 1, 1, 1, 1, 1, 1]
	441140	341133	255506	6	M	45	A		-1	1828.82639947	[1, 1, 1, 1, 1, 1, 1, 1, 1, 1, 1, 1]
	446038	317030	343628	6	M	68	A		-1	1829.21331255	[1, 1, 1, 1, 1, 1, 1, 1, 1, 1, 1, 1]
	482207	305922	372345	6	M	38	A		-1	1829.76344248	[1, 1, 1, 0, 1, 1, 1, 1, 1, 1, 1, 1]
	452661	313713	273008	6	M	36	A		-1	1829.98786461	[1, 1, 1, 1, 1, 1, 1, 1, 1, 1, 1, 1]
	422839	301125	349442	6	M	4	A		-1	1830.05609185	[1, 1, 1, 1, 1, 1, 1, 1, 1, 1, 1, 1]
	401515	361240	319021	6	M	13	A		-1	1830.09889591	[1, 1, 1, 1, 1, 1, 1, 1, 1, 1, 1, 1]
	414186	340599	359763	6	M	12	A		-1	1830.23405375	[1, 1, 1, 1, 1, 1, 1, 1, 1, 1, 1, 1]
	493284	311187	319426	6	M	99	A		-1	1830.29322286	[1, 1, 1, 1, 1, 1, 1, 1, 1, 1, 1, 1]
	426488	389681	377221	6	M	22	A		-1	1831.01152366	[1, 1, 1, 0, 1, 1, 1, 1, 1, 1, 1, 1]
	423855	373039	325079	6	M	7	A		-1	1831.32525897	[1, 1, 1, 1, 1, 1, 1, 1, 1, 1, 1, 1]
	416005	351514	302235	6	M	87	A		-1	1831.35562168	[1, 1, 1, 1, 1, 1, 1, 1, 1, 1, 1, 0]
	403889	361222	339599	6	M	94	A		-1	1831.5472008	[1, 1, 0, 1, 1, 1, 1, 1, 1, 1, 1, 0]
	417291	334145	348873	6	M	9	A		-1	1831.87861348	[1, 1, 1, 1, 1, 1, 1, 1, 1, 1, 1, 1]
	433199	323260	279153	6	M	75	A		-1	1832.55714644	[1, 1, 1, 1, 1, 1, 1, 1, 1, 1, 1, 1]
	467182	383066	351797	6	M	16	A		-1	1832.56587173	[1, 1, 1, 1, 1, 1, 1, 1, 1, 1, 1, 1]
	421011	333832	356227	6	M	28	A		-1	1832.56920626	[1, 1, 1, 1, 1, 1, 1, 1, 1, 1, 1, 1]
	404306	346379	340026	6	M	14	A		-1	1832.85721139	[1, 1, 1, 1, 1, 1, 1, 1, 1, 1, 1, 1]
	405339	394596	390302	6	M	83	A		-1	1833.04223502	[1, 1, 1, 1, 1, 1, 1, 1, 1, 1, 1, 1]
	421205	339672	358126	6	M	10	A		-1	1833.13212041	[1, 1, 1, 1, 1, 1, 1, 1, 1, 1, 1, 1]
	405446	394596	369505	6	M	16	A		-1	1833.29829273	[1, 1, 1, 1, 1, 1, 1, 1, 1, 1, 1, 1]
	402635	321347	212639	6	M	35	A		-1	1833.52151564	[1, 1, 1, 1, 1, 0, 1, 1, 1, 1, 1, 1]
	407582	302558	379052	6	M	13	A		-1	1833.53480286	[1, 1, 1, 1, 1, 1, 1, 1, 1, 1, 1, 1]
	485501	328798	322811	6	M	25	A		-1	1833.99652877	[1, 1, 1, 1, 1, 1, 1, 1, 1, 1, 1, 1]
	446304	392612	204515	6	M	54	A		-1	1834.11162932	[1, 1, 1, 1, 1, 1, 1, 1, 1, 1, 1, 1]
	434706	298820	331050	6	M	93	A		-1	1834.15499521	[1, 1, 1, 1, 1, 1, 1, 1, 1, 1, 1, 1]
	399476	332592	366817	6	M	66	A		-1	1834.38490332	[1, 1, 1, 1, 1, 1, 1, 1, 1, 1, 1, 1]
	492442	368764	341535	6	M	76	A		-1	1834.70419971	[1, 1, 1, 1, 1, 1, 1, 1, 1, 1, 1, 1]
	473982	296596	298771	6	M	80	A		-1	1834.80207952	[1, 1, 1, 1, 1, 1, 1, 1, 1, 1, 1, 1]
	401431	365064	298600	6	M	74	A		-1	1834.89711246	[1, 1, 0, 1, 1, 1, 1, 1, 1, 1, 1, 1]
	493456	296010	391731	6	M	56	A		-1	1834.952969	[1, 1, 1, 1, 1, 1, 1, 1, 1, 1, 1, 1]
	413106	361222	335909	6	M	91	A		-1	1835.35349056	[1, 1, 1, 1, 1, 1, 1, 1, 1, 1, 1, 0]
	441955	328875	382086	6	M	84	A		-1	1835.36193814	[1, 1, 1, 1, 1, 1, 1, 1, 1, 1, 1, 1]
	396687	324155	297427	6	M	36	A		-1	1835.44458975	[1, 1, 1, 1, 1, 1, 1, 1, 1, 1, 1, 1]
	424211	368868	267351	6	M	15	A		-1	1835.54547032	[1, 1, 1, 1, 1, 1, 1, 1, 1, 1, 1, 1]
	418429	360136	362671	6	M	78	A		-1	1835.63064012	[1, 1, 1, 1, 1, 1, 1, 1, 1, 1, 1, 0]
	429458	313782	380263	6	M	22	A		-1	1835.67579639	[1, 1, 1, 1, 1, 1, 1, 1, 1, 1, 1, 1]
	466994	333832	378582	6	M	53	A		-1	1835.8243618	[1, 1, 1, 1, 1, 1, 1, 1, 1, 1, 1, 1]
	330556	255844	143853	5	M	54	A		-1	1835.90235151	[1, 1, 1, 1, 1, 1, 1, 1, 1, 1, 1, 1]
	413488	383581	350794	6	M	56	A		-1	1836.04940666	[1, 1, 1, 1, 1, 1, 1, 1, 1, 1, 1, 1]
	493203	334680	245242	6	M	18	A		-1	1836.11664276	[1, 1, 1, 1, 1, 1, 1, 1, 1, 1, 1, 1]
	456904	297423	324489	6	M	51	A		-1	1836.25885545	[1, 1, 1, 1, 1, 1, 1, 1, 1, 1, 1, 1]
	488130	309364	219117	6	M	22	A		-1	1836.59544754	[1, 0, 1, 1, 1, 1, 1, 1, 1, 1, 1, 1]
	430391	356312	366441	6	M	41	A		-1	1836.74618183	[1, 1, 1, 1, 1, 1, 1, 1, 1, 1, 1, 1]
	451335	298795	375306	6	M	23	A		-1	1836.75874277	[1, 1, 1, 1, 1, 1, 1, 1, 1, 1, 1, 1]
	321347	267654	254183	5	M	66	A		-1	1836.85904868	[1, 1, 1, 1, 1, 0, 1, 1, 1, 1, 1, 1]
	484026	394600	299527	6	M	48	A		-1	1836.90969688	[1, 1, 0, 1, 1, 1, 1, 1, 1, 1, 1, 1]
	426362	309312	194784	6	M	25	A		-1	1837.57599344	[1, 1, 1, 1, 1, 1, 1, 1, 1, 1, 1, 1]
	460080	391956	302598	6	M	52	A		-1	1837.61755478	[1, 1, 1, 1, 1, 1, 1, 1, 1, 1, 1, 1]
	397309	336960	375698	6	M	88	A		-1	1837.77664083	[1, 1, 1, 1, 1, 1, 1, 1, 1, 1, 1, 1]
	459300	337406	345294	6	M	81	A		-1	1837.88003208	[1, 1, 1, 0, 1, 1, 1, 1, 1, 1, 1, 1]
	432388	339155	354808	6	M	92	A		-1	1837.94619159	[1, 1, 0, 1, 1, 1, 1, 1, 1, 1, 1, 1]
	472966	375646	142664	6	M	56	A		-1	1838.05550229	[1, 1, 1, 1, 1, 1, 1, 1, 1, 1, 1, 1]
	461715	392612	359932	6	M	44	A		-1	1838.2116341	[1, 1, 1, 1, 1, 1, 1, 1, 1, 1, 1, 1]
	473868	360080	296187	6	M	87	A		-1	1838.69706771	[1, 1, 1, 1, 1, 1, 1, 1, 1, 1, 1, 1]
	478787	350141	248762	6	M	55	A		-1	1839.11245318	[1, 1, 1, 1, 1, 1, 1, 1, 1, 1, 1, 1]
	450116	368657	316565	6	M	12	A		-1	1839.16377965	[1, 1, 0, 1, 1, 1, 1, 1, 1, 1, 1, 1]
	469164	322358	349261	6	M	63	A		-1	1839.28326596	[1, 1, 1, 1, 1, 1, 1, 1, 1, 1, 1, 1]
	438735	252524	276984	6	M	50	A		-1	1839.61452438	[1, 1, 1, 1, 1, 1, 1, 1, 1, 1, 1, 1]
	488047	296691	224523	6	M	66	A		-1	1839.72277759	[1, 1, 1, 1, 1, 1, 1, 1, 1, 1, 1, 0]
	415501	234724	259955	6	M	61	A		-1	1839.84082809	[1, 1, 1, 1, 1, 1, 1, 1, 1, 1, 1, 1]
	409799	340599	383740	6	M	85	A		-1	1839.87190124	[1, 1, 1, 1, 1, 1, 1, 1, 1, 1, 1, 1]
	435915	319246	350973	6	M	15	A		-1	1840.24400593	[1, 1, 1, 1, 1, 1, 1, 1, 1, 1, 1, 1]
	443316	365997	306339	6	M	28	A		-1	1840.32445462	[1, 1, 1, 1, 1, 1, 1, 1, 1, 1, 1, 1]
	494084	309697	310584	6	M	5	A		-1	1840.3347289	[1, 1, 1, 1, 1, 1, 1, 1, 1, 1, 1, 0]
	462976	371121	374846	6	M	100	A		-1	1840.34991497	[1, 1, 1, 1, 1, 1, 1, 1, 1, 1, 1, 1]
	478314	334875	302650	6	M	38	A		-1	1840.50330147	[0, 1, 1, 1, 1, 1, 1, 1, 1, 1, 1, 1]
	490399	330334	334231	6	M	55	A		-1	1840.79884855	[1, 1, 1, 1, 1, 1, 1, 1, 1, 1, 1, 1]
	488901	392983	307266	6	M	12	A		-1	1840.84981809	[1, 1, 1, 1, 1, 1, 1, 1, 1, 1, 1, 1]
	482839	355908	344441	6	M	19	A		-1	1841.11162574	[1, 1, 1, 1, 1, 1, 1, 1, 1, 1, 1, 1]
	464325	301125	323862	6	M	55	A		-1	1841.23209556	[1, 1, 1, 1, 1, 1, 1, 1, 1, 1, 1, 1]
	433763	347733	341414	6	M	29	A		-1	1841.42434584	[1, 1, 1, 1, 1, 1, 1, 1, 1, 1, 1, 1]
	404187	333461	317612	6	M	5	A		-1	1841.55975515	[1, 1, 1, 1, 1, 1, 1, 1, 1, 1, 1, 1]
	441138	387696	358969	6	M	37	A		-1	1842.02089467	[1, 1, 0, 1, 1, 1, 1, 1, 1, 1, 1, 1]
	440442	209874	317199	6	M	43	A		-1	1842.04704012	[0, 0, 1, 1, 1, 1, 1, 1, 1, 1, 1, 1]
	464829	392983	348560	6	M	74	A		-1	1843.1089894	[1, 1, 1, 0, 1, 1, 1, 1, 1, 1, 1, 1]
	481823	344266	386211	6	M	30	A		-1	1843.25367348	[0, 1, 1, 1, 1, 1, 1, 1, 1, 1, 1, 1]
	395393	384608	384981	6	M	100	A		-1	1843.50600239	[1, 1, 1, 1, 1, 1, 1, 1, 1, 1, 1, 1]
	443556	314388	317961	6	M	1	A		-1	1843.86103453	[1, 1, 1, 1, 1, 1, 1, 1, 1, 1, 1, 1]
	479419	392983	143693	6	M	29	A		-1	1843.95624291	[1, 1, 1, 1, 1, 1, 1, 1, 1, 1, 1, 1]
	355908	271905	203842	5	M	1	A		-1	1844.33435342	[1, 1, 1, 1, 1, 1, 1, 1, 1, 1, 1, 1]
	438278	314388	365341	6	M	68	A		-1	1844.7302325	[1, 1, 1, 1, 1, 1, 1, 1, 1, 1, 1, 1]
	444682	336435	343475	6	M	62	A		-1	1844.73345063	[1, 1, 1, 1, 1, 1, 1, 1, 1, 1, 1, 0]
	448540	380072	329603	6	M	63	A		-1	1845.2885945	[1, 1, 1, 1, 1, 1, 1, 1, 1, 1, 1, 1]
	427947	298099	393445	6	M	15	A		-1	1846.76541103	[0, 1, 1, 1, 1, 1, 0, 0, 1, 1, 1, 1]
	493552	296691	334211	6	M	81	A		-1	1846.87026769	[1, 1, 1, 1, 1, 1, 1, 1, 1, 1, 1, 1]
	475388	349305	316882	6	M	57	A		-1	1846.98021495	[1, 1, 1, 1, 1, 1, 1, 1, 1, 1, 1, 1]
	405302	317620	377010	6	M	18	A		-1	1847.16841468	[1, 1, 1, 1, 1, 1, 1, 1, 1, 1, 1, 1]
	470135	347136	337100	6	M	68	A		-1	1847.17239412	[1, 1, 1, 1, 1, 1, 1, 0, 1, 1, 1, 1]
	423220	342511	209575	6	M	93	A		-1	1847.81430269	[1, 1, 1, 1, 1, 1, 1, 1, 1, 1, 1, 1]
	444497	312424	361281	6	M	55	A		-1	1848.0578495	[1, 1, 1, 1, 1, 1, 1, 1, 1, 1, 1, 1]
	470162	309075	305769	6	M	26	A		-1	1848.15893566	[1, 1, 1, 1, 1, 1, 1, 1, 1, 1, 1, 1]
	429250	390661	304529	6	M	78	A		-1	1848.17971625	[1, 1, 1, 1, 1, 1, 1, 1, 1, 1, 1, 1]
	398749	302182	306139	6	M	96	A		-1	1848.29698534	[1, 1, 1, 1, 1, 1, 1, 1, 1, 1, 1, 1]
	433592	338568	394679	6	M	35	A		-1	1849.47331756	[1, 1, 1, 1, 1, 1, 1, 1, 1, 1, 1, 1]
	433129	362528	378016	6	M	83	A		-1	1849.6411151	[1, 1, 1, 1, 1, 1, 1, 1, 1, 1, 1, 1]
	461897	296691	266347	6	M	71	A		-1	1849.71677539	[1, 1, 1, 1, 1, 1, 1, 1, 1, 1, 1, 1]
	453051	394600	304702	6	M	55	A		-1	1849.72239436	[1, 1, 1, 1, 1, 1, 1, 1, 1, 1, 1, 1]
	452089	307173	310292	6	M	30	A		-1	1850.03145149	[1, 1, 1, 1, 1, 1, 1, 1, 1, 1, 1, 1]
	456957	323955	187059	6	M	4	A		-1	1850.35695552	[1, 1, 1, 1, 1, 1, 1, 1, 1, 1, 1, 1]
	455639	392612	357225	6	M	70	A		-1	1850.36254123	[1, 1, 1, 1, 1, 1, 1, 1, 1, 1, 1, 1]
	487786	379664	355322	6	M	97	A		-1	1850.5194317	[1, 1, 1, 1, 1, 1, 1, 1, 1, 1, 1, 0]
	446214	343518	302409	6	M	59	A		-1	1850.6102592	[1, 1, 1, 1, 1, 1, 1, 1, 1, 1, 1, 1]
	478400	351077	364336	6	M	12	A		-1	1851.00995033	[1, 1, 1, 1, 1, 1, 1, 1, 1, 1, 1, 1]
	370314	222170	241960	5	M	37	A		-1	1851.15537735	[1, 1, 1, 1, 1, 1, 1, 1, 1, 1, 1, 1]
	437607	337826	301902	6	M	4	A		-1	1851.57785043	[1, 1, 1, 1, 1, 1, 1, 1, 1, 1, 1, 1]
	450742	365064	300572	6	M	46	A		-1	1852.03423551	[0, 1, 1, 1, 1, 1, 1, 1, 1, 1, 1, 1]
	398135	383581	380167	6	M	91	A		-1	1852.2951819	[1, 1, 1, 1, 1, 1, 1, 0, 1, 1, 1, 1]
	404559	365314	318414	6	M	17	A		-1	1852.39442788	[1, 1, 1, 1, 1, 1, 1, 1, 1, 1, 1, 0]
	461390	365314	343828	6	M	81	A		-1	1852.5667885	[1, 1, 1, 1, 1, 1, 1, 1, 1, 1, 1, 0]
	443481	302063	313332	6	M	37	A		-1	1852.6254863	[1, 1, 1, 1, 1, 1, 1, 1, 1, 1, 1, 1]
	363784	288905	226903	5	M	51	A		-1	1853.19587651	[1, 1, 1, 1, 1, 1, 1, 1, 1, 1, 1, 1]
	410393	394295	339128	6	M	12	A		-1	1853.65567882	[1, 1, 1, 0, 1, 1, 1, 1, 1, 1, 1, 0]
	395351	345040	365334	6	M	26	A		-1	1854.11016973	[1, 1, 1, 1, 1, 1, 1, 1, 1, 1, 1, 1]
	493576	330220	304795	6	M	36	A		-1	1854.5709151	[1, 1, 1, 1, 1, 1, 1, 1, 1, 1, 1, 1]
	409873	323955	347489	6	M	9	A		-1	1855.13960443	[1, 1, 1, 1, 1, 1, 1, 1, 1, 1, 1, 1]
	302135	256939	289473	5	M	76	A		-1	1856.21526478	[1, 1, 0, 1, 1, 1, 1, 1, 1, 1, 1, 1]
	487009	330556	391355	6	M	72	A		-1	1856.40978552	[1, 0, 1, 1, 1, 1, 1, 1, 1, 1, 1, 1]
	481916	350591	306738	6	M	22	A		-1	1856.46817849	[1, 1, 1, 1, 1, 1, 1, 1, 1, 1, 1, 1]
	410447	310395	378358	6	M	96	A		-1	1856.54564449	[1, 1, 1, 1, 1, 1, 1, 1, 1, 1, 1, 1]
	410141	326395	350858	6	M	34	A		-1	1856.575517	[1, 1, 1, 1, 1, 1, 1, 1, 1, 1, 1, 1]
	399034	380246	328073	6	M	15	A		-1	1856.57990969	[1, 1, 1, 1, 1, 1, 1, 1, 1, 1, 1, 1]
	371121	209874	271149	5	M	97	A		-1	1856.63943272	[1, 1, 1, 1, 1, 1, 1, 1, 1, 1, 1, 1]
	404560	309697	238036	6	M	66	A		-1	1856.69167942	[1, 1, 1, 1, 1, 1, 1, 1, 1, 1, 1, 1]
	405421	375525	291961	6	M	44	A		-1	1857.05179632	[1, 1, 1, 1, 1, 1, 1, 1, 1, 1, 0, 1]
	441167	314388	233461	6	M	77	A		-1	1857.4871239	[1, 0, 1, 1, 1, 1, 1, 1, 1, 1, 1, 1]
	436863	391714	329168	6	M	7	A		-1	1857.56689478	[1, 1, 1, 0, 1, 1, 1, 1, 1, 1, 1, 1]
	441749	295433	276203	6	M	57	A		-1	1857.65240597	[1, 1, 1, 1, 1, 1, 1, 1, 1, 1, 1, 1]
	466703	393859	223466	6	M	39	A		-1	1857.73872018	[1, 1, 1, 1, 1, 1, 1, 1, 1, 1, 1, 1]
	443264	386264	311320	6	M	26	A		-1	1857.91461024	[1, 1, 1, 1, 1, 0, 1, 1, 1, 1, 1, 1]
	430165	363784	335353	6	M	47	A		-1	1857.91648007	[1, 1, 1, 1, 1, 1, 1, 1, 1, 1, 1, 1]
	466588	380246	394278	6	M	9	A		-1	1858.24302829	[1, 1, 1, 1, 1, 1, 1, 1, 1, 1, 1, 1]
	444263	342680	341126	6	M	39	A		-1	1858.25847745	[1, 1, 0, 1, 1, 1, 1, 1, 1, 1, 1, 1]
	380246	208006	150440	5	M	100	A		-1	1859.0606427	[1, 1, 1, 1, 1, 1, 1, 1, 1, 1, 1, 1]
	468616	312812	265007	6	M	49	A		-1	1859.1987368	[1, 1, 1, 1, 1, 1, 1, 1, 1, 1, 1, 0]
	423579	394155	317728	6	M	78	A		-1	1859.37167246	[1, 1, 1, 1, 1, 1, 1, 1, 1, 1, 0, 1]
	479855	380287	309302	6	M	54	A		-1	1859.44990348	[1, 1, 1, 1, 1, 1, 1, 1, 1, 1, 1, 1]
	473803	303053	391593	6	M	95	A		-1	1859.49568801	[1, 1, 1, 1, 1, 1, 1, 1, 1, 1, 1, 1]
	469357	353920	255164	6	M	94	A		-1	1860.9582506	[1, 1, 1, 0, 1, 1, 1, 1, 1, 1, 1, 1]
	493322	297649	394022	6	M	10	A		-1	1861.02913808	[1, 1, 1, 1, 1, 1, 1, 1, 1, 1, 1, 1]
	375121	241399	265703	5	M	50	A		-1	1861.04167967	[1, 1, 1, 0, 1, 1, 1, 1, 1, 1, 1, 1]
	488305	337826	326674	6	M	82	A		-1	1861.06504918	[1, 1, 1, 1, 1, 1, 1, 1, 1, 1, 1, 1]
	484547	333832	166444	6	M	92	A		-1	1861.37567565	[1, 1, 1, 1, 1, 1, 1, 1, 1, 1, 1, 1]
	402385	350862	329272	6	M	81	A		-1	1861.50768678	[1, 1, 1, 1, 1, 1, 1, 0, 1, 1, 1, 1]
	459861	383581	342512	6	M	90	A		-1	1862.25134951	[1, 1, 1, 1, 1, 1, 1, 1, 1, 1, 1, 1]
	400859	374813	267906	6	M	55	A		-1	1862.46894868	[1, 1, 1, 1, 1, 1, 1, 1, 1, 1, 1, 1]
	404810	301791	331944	6	M	38	A		-1	1862.66567443	[1, 1, 1, 1, 1, 1, 1, 1, 1, 1, 1, 0]
	462074	302012	327180	6	M	90	A		-1	1862.72883787	[1, 1, 1, 1, 1, 1, 1, 1, 1, 1, 1, 1]
	458843	323564	332089	6	M	81	A		-1	1863.3345755	[1, 1, 1, 1, 1, 1, 1, 1, 1, 1, 1, 0]
	383581	259169	216664	5	M	15	A		-1	1864.56982465	[1, 0, 1, 1, 1, 1, 1, 1, 1, 1, 1, 1]
	437121	358368	322276	6	M	33	A		-1	1864.86663183	[1, 1, 1, 1, 1, 1, 1, 1, 1, 1, 1, 1]
	477229	309312	319261	6	M	23	A		-1	1865.07584238	[1, 1, 1, 1, 1, 1, 1, 1, 1, 1, 1, 1]
	442195	329444	380260	6	M	50	A		-1	1865.48475736	[1, 1, 1, 1, 1, 1, 1, 1, 1, 1, 1, 1]
	335208	271577	126725	5	M	72	A		-1	1866.11894937	[1, 1, 1, 1, 1, 1, 1, 1, 1, 1, 1, 1]
	450405	322358	365319	6	M	83	A		-1	1866.29657761	[1, 1, 1, 1, 1, 1, 1, 1, 1, 1, 1, 1]
	349025	251965	232436	5	M	24	A		-1	1866.34789972	[1, 1, 1, 1, 1, 1, 1, 1, 1, 1, 1, 1]
	407131	377908	347336	6	M	89	A		-1	1867.48920633	[1, 1, 1, 1, 1, 1, 1, 1, 1, 1, 1, 0]
	477078	385778	363314	6	M	5	A		-1	1868.12802794	[1, 1, 1, 1, 1, 1, 1, 1, 1, 1, 1, 1]
	209874	153808	176595	4	M	36	A		-1	1868.51733727	[1, 1, 1, 1, 1, 1, 1, 1, 1, 1, 1, 1]
	487234	377908	260380	6	M	48	A		-1	1869.14878166	[1, 1, 1, 1, 1, 1, 1, 1, 1, 1, 1, 0]
	472122	365177	386766	6	M	1	A		-1	1869.15588632	[1, 1, 1, 1, 1, 1, 1, 1, 1, 1, 1, 1]
	438147	359788	157584	6	M	78	A		-1	1869.1865678	[1, 1, 1, 0, 1, 1, 1, 0, 1, 1, 1, 1]
	406616	302135	262882	6	M	23	A		-1	1869.54654955	[1, 1, 1, 1, 1, 1, 1, 1, 1, 1, 1, 1]
	436342	363784	357082	6	M	36	A		-1	1869.62461719	[1, 1, 1, 1, 1, 1, 1, 1, 1, 1, 1, 1]
	476078	376479	300374	6	M	50	A		-1	1871.1473927	[1, 1, 1, 1, 1, 1, 1, 1, 1, 1, 1, 1]
	468047	334680	392700	6	M	52	A		-1	1871.45093949	[1, 1, 1, 1, 1, 1, 1, 1, 1, 1, 1, 1]
	448391	334881	391093	6	M	94	A		-1	1871.56941233	[1, 1, 1, 1, 1, 1, 1, 1, 1, 1, 1, 1]
	421556	355613	344714	6	M	45	A		-1	1871.89267569	[1, 1, 1, 1, 1, 1, 1, 1, 1, 1, 1, 1]
	461555	320746	373219	6	M	66	A		-1	1872.65300676	[1, 0, 1, 1, 1, 1, 1, 1, 1, 1, 1, 1]
	451485	319370	285141	6	M	68	A		-1	1873.29196521	[1, 1, 1, 1, 1, 1, 1, 1, 1, 1, 1, 1]
	398452	375293	246969	6	M	79	A		-1	1873.56067019	[0, 1, 1, 1, 1, 1, 1, 1, 1, 1, 1, 1]
	302182	276255	233559	5	M	78	A		-1	1873.96925332	[1, 1, 1, 1, 1, 1, 1, 1, 1, 1, 1, 1]
	401625	315682	379684	6	M	34	A		-1	1874.05348787	[1, 0, 1, 1, 1, 1, 1, 1, 1, 1, 1, 1]
	411482	215976	366598	6	M	71	A		-1	1876.19194023	[1, 1, 1, 1, 1, 1, 1, 1, 1, 1, 1, 1]
	467317	332729	372929	6	M	92	A		-1	1876.3234231	[1, 1, 1, 0, 1, 1, 1, 1, 1, 1, 1, -1]
	471882	368657	299579	6	M	56	A		-1	1876.67926196	[1, 1, 1, 1, 1, 1, 1, 0, 1, 1, 1, 1]
	479235	298795	268003	6	M	18	A		-1	1876.81073467	[1, 1, 1, 1, 1, 1, 1, 1, 1, 1, 1, 1]
	408138	340387	295061	6	M	53	A		-1	1877.18250711	[0, 1, 1, 1, 1, 1, 1, 1, 1, 1, 1, 1]
	407818	336617	384908	6	M	74	A		-1	1877.5585472	[1, 1, 1, 1, 1, 1, 1, 1, 1, 1, 1, 1]
	459304	314265	348013	6	M	21	A		-1	1877.70382203	[1, 1, 1, 1, 1, 1, 1, 1, 1, 1, 1, 1]
	482811	349305	288048	6	M	78	A		-1	1878.13422586	[1, 1, 1, 1, 1, 1, 1, 1, 1, 1, 1, 1]
	466811	392885	381647	6	M	75	A		-1	1878.20098699	[1, 1, 1, 1, 1, 1, 1, 1, 1, 1, 1, 1]
	465942	377670	150115	6	M	57	A		-1	1878.42310625	[0, 1, 1, 1, 1, 1, 1, 1, 1, 1, 1, 1]
	409353	316484	373500	6	M	76	A		-1	1878.70143417	[1, 1, 1, 1, 1, 1, 1, 1, 1, 1, 1, 1]
	397028	334715	346756	6	M	39	A		-1	1878.83241858	[1, 1, 1, 1, 1, 1, 1, 1, 1, 1, 1, 1]
	493405	326395	353477	6	M	94	A		-1	1879.23349613	[1, 1, 1, 1, 1, 1, 1, 1, 1, 1, 1, 0]
	428915	234724	335298	6	M	26	A		-1	1879.50575016	[1, 1, 1, 1, 1, 1, 1, 1, 1, 1, 1, 1]
	422895	383581	308962	6	M	80	A		-1	1879.80912276	[1, 1, 1, 1, 1, 1, 1, 1, 1, 1, 1, 1]
	407366	388966	351379	6	M	98	A		-1	1879.8249195	[1, 1, 1, 1, 1, 1, 1, 1, 1, 1, 1, 1]
	416922	379594	305575	6	M	47	A		-1	1881.03730453	[1, 1, 1, 1, 1, 1, 1, 1, 1, 1, 1, 1]
	487801	377908	322420	6	M	77	A		-1	1881.45807448	[1, 1, 1, 1, 1, 1, 1, 1, 1, 1, 1, 0]
	409827	208921	315582	6	M	26	A		-1	1882.12748013	[1, 1, 1, 1, 1, 1, 1, 1, 1, 1, 1, 1]
	446312	317948	224268	6	M	77	A		-1	1882.2658996	[1, 1, 1, 0, 1, 1, 1, 1, 1, 1, 1, 1]
	441013	309312	390262	6	M	56	A		-1	1883.12023326	[1, 1, 1, 1, 1, 1, 1, 1, 1, 1, 1, 1]
	444220	209874	328027	6	M	29	A		-1	1883.51997109	[1, 1, 1, 1, 1, 1, 1, 1, 1, 1, 1, 1]
	355613	208006	225759	5	M	81	A		-1	1884.43251956	[1, 1, 1, 1, 1, 1, 1, 1, 1, 1, 1, 1]
	422017	306292	312268	6	M	54	A		-1	1884.7426985	[1, 1, 1, 1, 1, 1, 1, 1, 1, 1, 1, 1]
	491450	356312	295004	6	M	47	A		-1	1885.32441094	[1, 1, 1, 1, 1, 1, 1, 1, 1, 1, 1, 1]
	447188	347136	308689	6	M	3	A		-1	1885.33035081	[1, 1, 1, 1, 1, 1, 1, 1, 1, 1, 1, 1]
	450141	252524	366358	6	M	68	A		-1	1885.82006923	[1, 0, 1, 1, 1, 1, 1, 1, 1, 1, 1, 1]
	493001	357786	305449	6	M	56	A		-1	1885.9383663	[1, 1, 1, 1, 1, 1, 1, 1, 1, 1, 1, 1]
	429707	304341	234798	6	M	5	A		-1	1886.09798247	[1, 1, 1, 1, 1, 1, 1, 1, 1, 1, 1, 1]
	421480	315682	376762	6	M	97	A		-1	1886.13973485	[1, 0, 1, 1, 1, 1, 1, 1, 1, 1, 1, 1]
	428577	354226	318411	6	M	5	A		-1	1886.22525195	[1, 1, 1, 1, 1, 1, 1, 0, 1, 1, 1, 1]
	477966	296454	317325	6	M	86	A		-1	1886.68463391	[1, 1, 1, 1, 1, 1, 1, 1, 1, 1, 1, 1]
	427148	355974	372143	6	M	80	A		-1	1887.48018492	[1, 1, 1, 1, 1, 1, 1, 1, 1, 1, 1, 1]
	490681	341724	321637	6	M	64	A		-1	1888.8029768	[1, 1, 1, 1, 1, 1, 1, 0, 1, 1, 1, 1]
	492253	323514	361039	6	M	4	A		-1	1889.06656447	[1, 1, 1, 1, 1, 1, 1, 1, 1, 1, 1, 1]
	408173	339155	256708	6	M	94	A		-1	1889.09092848	[1, 1, 0, 1, 1, 1, 1, 1, 1, 1, 1, 1]
	427651	318516	370495	6	M	18	A		-1	1889.4288643	[1, 1, 1, 1, 1, 1, 1, 1, 1, 1, 1, 1]
	443131	349305	332502	6	M	68	A		-1	1890.58499629	[1, 1, 1, 0, 1, 1, 1, 1, 1, 1, 1, 1]
	430389	374139	184026	6	M	51	A		-1	1891.02721525	[1, 1, 1, 1, 1, 1, 1, 1, 1, 1, 1, 0]
	463420	346294	329049	6	M	40	A		-1	1891.58906483	[1, 1, 1, 1, 1, 1, 1, 1, 1, 1, 1, 0]
	403630	379172	313257	6	M	36	A		-1	1891.8970388	[1, 1, 0, 1, 1, 1, 0, 0, 1, 0, 1, 0]
	461813	315531	354862	6	M	81	A		-1	1893.51444023	[1, 1, 1, 1, 1, 1, 1, 1, 1, 1, 1, 1]
	452023	347136	357914	6	M	80	A		-1	1893.86614627	[1, 1, 1, 1, 1, 1, 1, 1, 1, 1, 1, 1]
	427691	334459	376579	6	M	13	A		-1	1894.39655529	[1, 1, 1, 1, 1, 1, 1, 1, 1, 1, 1, 1]
	418209	383581	316549	6	M	49	A		-1	1894.55185512	[1, 1, 1, 1, 1, 1, 1, 1, 1, 1, 1, 1]
	450568	333727	341415	6	M	39	A		-1	1895.22902733	[1, 1, 1, 1, 1, 1, 1, 1, 1, 1, 1, 1]
	471887	316862	382311	6	M	94	A		-1	1895.61291495	[1, 1, 1, 1, 1, 1, 1, 1, 1, 1, 1, 1]
	463812	362436	369556	6	M	37	A		-1	1895.6151872	[1, 1, 1, 1, 1, 1, 1, 1, 1, 1, 1, 1]
	421445	301125	313797	6	M	84	A		-1	1895.9178731	[1, 1, 1, 1, 1, 1, 1, 1, 1, 1, 1, 1]
	426357	394722	309272	6	M	74	A		-1	1896.24964046	[1, 1, 1, 1, 1, 1, 1, 1, 1, 1, 1, 1]
	469832	343316	322619	6	M	24	A		-1	1896.42414273	[1, 1, 1, 1, 1, 1, 1, 1, 1, 1, 1, 0]
	448575	341916	304426	6	M	56	A		-1	1896.81601126	[1, 1, 1, 1, 1, 1, 1, 1, 1, 1, 1, 1]
	377670	256796	186984	5	M	87	A		-1	1896.98053702	[1, 1, 1, 1, 1, 1, 1, 1, 1, 1, 1, 1]
	413964	386017	336459	6	M	34	A		-1	1897.11304873	[1, 1, 1, 1, 1, 1, 1, 1, 1, 1, 1, 1]
	465419	362725	312995	6	M	32	A		-1	1897.99447131	[0, 1, 1, 1, 1, 1, 1, 1, 1, 1, 1, 1]
	429958	377908	345760	6	M	58	A		-1	1898.03106155	[1, 1, 1, 1, 1, 1, 1, 1, 1, 1, 1, 1]
	491365	351077	302948	6	M	44	A		-1	1898.10371971	[1, 1, 1, 1, 1, 1, 1, 1, 1, 1, 1, 0]
	458048	314388	295873	6	M	100	A		-1	1898.17436856	[1, 1, 1, 1, 1, 1, 1, 1, 1, 1, 1, 1]
	422127	384093	367086	6	M	52	A		-1	1898.23548089	[1, 1, 1, 1, 1, 1, 1, 1, 1, 1, 1, 1]
	468952	347136	337463	6	M	5	A		-1	1900.77935479	[1, 1, 1, 1, 1, 1, 1, 1, 1, 1, 1, 1]
	324155	209874	172442	5	M	11	A		-1	1901.35180757	[1, 1, 1, 1, 1, 1, 1, 1, 1, 1, 1, 1]
	426737	335208	204787	6	M	98	A		-1	1902.3056738	[1, 1, 1, 1, 1, 1, 1, 1, 1, 1, 1, 1]
	426883	301122	90249	6	M	21	A		-1	1902.48729001	[1, 1, 1, 1, 1, 0, 1, 1, 1, 1, 1, 0]
	472435	376374	345829	6	M	68	A		-1	1903.07854622	[1, 1, 1, 1, 1, 1, 1, 1, 1, 1, 1, 1]
	476462	335774	296983	6	M	20	A		-1	1903.7068902	[1, 1, 1, 1, 1, 1, 1, 1, 1, 1, 1, 1]
	402006	341724	367681	6	M	78	A		-1	1903.75513973	[1, 1, 1, 1, 1, 1, 1, 1, 1, 1, 1, 1]
	460924	333832	344912	6	M	78	A		-1	1903.76600537	[1, 1, 1, 1, 1, 1, 1, 1, 1, 1, 1, 1]
	457359	313713	364063	6	M	52	A		-1	1904.77707514	[0, 1, 1, 1, 1, 1, 1, 1, 1, 1, 1, 0]
	422835	388966	282816	6	M	22	A		-1	1905.0390358	[1, 1, 1, 1, 1, 1, 1, 1, 1, 1, 1, 0]
	434466	311405	366379	6	M	1	A		-1	1905.66004528	[1, 1, 1, 1, 1, 1, 1, 1, 1, 1, 1, 1]
	474412	305874	287528	6	M	41	A		-1	1905.91112206	[1, 1, 1, 1, 1, 1, 1, 1, 1, 1, 1, 1]
	451164	308344	364058	6	M	63	A		-1	1905.93987796	[1, 1, 1, 1, 1, 1, 1, 1, 1, 1, 1, 1]
	476026	350862	249728	6	M	76	A		-1	1905.96441232	[1, 1, 1, 1, 1, 1, 1, 1, 1, 1, 1, 1]
	453782	339508	387517	6	M	17	A		-1	1906.57932847	[1, 1, 1, 1, 1, 1, 1, 1, 1, 1, 1, 1]
	333727	263985	263725	5	M	74	A		-1	1907.08047139	[0, 1, 1, 1, 1, 1, 1, 1, 1, 1, 1, 1]
	406112	303354	359498	6	M	87	A		-1	1907.67574064	[1, 1, 1, 1, 1, 1, 1, 1, 1, 1, 1, 1]
	478811	375121	301828	6	M	84	A		-1	1909.34225687	[1, 1, 1, 0, 1, 1, 1, 1, 1, 1, 1, 0]
	485103	352249	374712	6	M	100	A		-1	1909.42247683	[1, 1, 1, 1, 1, 1, 1, 1, 1, 1, 1, 1]
	437793	377323	278840	6	M	85	A		-1	1909.67498335	[1, 1, 1, 1, 1, 1, 1, 1, 1, 1, 1, 1]
	456177	366676	352037	6	M	10	A		-1	1910.29487519	[1, 0, 1, 1, 1, 1, 1, 1, 1, 1, 1, 1]
	398966	297299	320419	6	M	47	A		-1	1910.57444698	[1, 1, 1, 1, 1, 1, 1, 1, 1, 1, 1, 1]
	491713	302182	214525	6	M	24	A		-1	1911.18255314	[1, 1, 1, 1, 1, 1, 1, 1, 1, 1, 1, 1]
	432533	327683	334266	6	M	77	A		-1	1911.45143858	[1, 1, 1, 1, 1, 1, 1, 1, 1, 1, 1, 1]
	337826	197884	212483	5	M	82	A		-1	1912.51890088	[1, 1, 1, 1, 1, 1, 1, 1, 1, 1, 1, 1]
	412614	337826	266563	6	M	34	A		-1	1912.92783465	[1, 1, 1, 1, 1, 1, 1, 1, 1, 1, 1, 1]
	421620	307897	333786	6	M	21	A		-1	1913.03615963	[1, 1, 1, 1, 1, 1, 1, 1, 1, 1, 1, 1]
	408496	341724	385063	6	M	38	A		-1	1914.03754609	[0, 1, 1, 1, 1, 1, 1, 1, 1, 1, 1, 1]
	295433	223643	202607	5	M	100	A		-1	1914.08716435	[1, 1, 1, 1, 1, 1, 1, 1, 1, 1, 1, 1]
	491553	386466	158930	6	M	6	A		-1	1914.31032814	[1, 1, 1, 0, 1, 1, 1, 1, 1, 1, 1, 1]
	400508	318084	344957	6	M	82	A		-1	1914.42413655	[1, 1, 1, 0, 1, 1, 1, 1, 1, 1, 1, 1]
	436228	329740	336887	6	M	87	A		-1	1914.73873687	[1, 1, 1, 1, 1, 1, 1, 1, 1, 1, 1, 1]
	392885	290306	211202	5	M	98	A		-1	1914.98834287	[1, 1, 1, 0, 1, 1, 1, 1, 1, 1, 1, 1]
	491576	295433	370672	6	M	38	A		-1	1915.39024229	[1, 1, 1, 1, 1, 1, 1, 1, 1, 1, 1, 1]
	466936	343233	366745	6	M	49	A		-1	1916.98561283	[1, 1, 1, 1, 1, 1, 1, 1, 1, 1, 1, 1]
	449589	312812	336870	6	M	78	A		-1	1917.42503858	[1, 1, 1, 1, 1, 1, 1, 1, 1, 1, 1, 1]
	454940	336789	295395	6	M	10	A		-1	1917.82731234	[1, 1, 1, 1, 1, 1, 1, 1, 1, 1, 1, 1]
	395649	375121	387552	6	M	17	A		-1	1918.23712207	[1, 1, 1, 1, 1, 1, 1, 1, 1, 1, 1, 1]
	443593	361240	388757	6	M	68	A		-1	1920.04961588	[1, 1, 1, 1, 1, 1, 1, 1, 1, 1, 1, 1]
	422155	342747	355300	6	M	20	A		-1	1920.75635147	[1, 0, 1, 1, 1, 1, 1, 1, 1, 1, 1, 1]
	484697	341868	193632	6	M	49	A		-1	1921.10054304	[1, 1, 1, 1, 1, 1, 1, 1, 1, 1, 1, 0]
	460385	348132	316099	6	M	0	A		-1	1921.36820261	[0, 1, 1, 1, 1, 1, 1, 1, 1, 1, 1, 1]
	456982	375121	300247	6	M	17	A		-1	1922.84005896	[1, 1, 0, 0, 1, 1, 1, 1, 1, 1, 1, 0]
	478433	371121	350360	6	M	8	A		-1	1923.69869338	[1, 1, 1, 1, 1, 1, 1, 1, 1, 1, 1, 1]
	446520	333958	338239	6	M	67	A		-1	1923.75720793	[1, 1, 1, 1, 1, 1, 1, 1, 1, 1, 1, 0]
	417595	348408	181392	6	M	0	A		-1	1924.94379219	[1, 1, 1, 1, 1, 1, 1, 1, 1, 1, 1, 1]
	465060	322602	349472	6	M	84	A		-1	1925.11730195	[1, 1, 1, 1, 1, 1, 1, 1, 1, 1, 1, 0]
	479306	333822	373995	6	M	23	A		-1	1925.6449331	[1, 1, 1, 1, 1, 1, 1, 1, 1, 1, 1, 1]
	476147	361222	206627	6	M	20	A		-1	1930.37712517	[1, 1, 0, 1, 1, 1, 1, 1, 1, 1, 1, 0]
	417723	339418	366550	6	M	50	A		-1	1931.31391693	[1, 1, 1, 1, 1, 1, 1, 1, 1, 1, 1, 0]
	413724	324155	236789	6	M	79	A		-1	1931.59837217	[1, 1, 1, 1, 1, 1, 1, 1, 1, 1, 1, 1]
	395200	342960	302544	6	M	38	A		-1	1933.25456386	[1, 1, 1, 1, 1, 1, 1, 0, 1, 1, 1, 1]
	494642	317857	164521	6	M	42	A		-1	1934.48440515	[1, 1, 1, 1, 1, 1, 1, 1, 1, 1, 1, 1]
	443649	317432	356487	6	M	17	A		-1	1934.5039414	[1, 1, 1, 1, 1, 1, 1, 1, 1, 1, 1, 1]
	459606	391556	264621	6	M	37	A		-1	1935.846032	[1, 0, 1, 1, 1, 1, 1, 1, 1, 1, 1, 1]
	463512	374139	309434	6	M	50	A		-1	1936.86350758	[0, 1, 1, 1, 1, 1, 1, 1, 1, 1, 1, 1]
	459771	384200	302301	6	M	26	A		-1	1937.39750889	[1, 0, 1, 1, 1, 1, 1, 1, 1, 1, 1, 1]
	396027	385517	257781	6	M	48	A		-1	1937.61813641	[1, 1, 1, 1, 1, 0, 1, 1, 1, 1, 1, 1]
	477162	377908	298076	6	M	55	A		-1	1938.13599831	[1, 1, 1, 1, 1, 1, 1, 1, 1, 1, 1, 0]
	467160	355613	285499	6	M	11	A		-1	1938.5489828	[1, 1, 1, 1, 1, 1, 1, 1, 1, 1, 1, 1]
	487422	357786	296148	6	M	27	A		-1	1939.55077261	[1, 1, 1, 1, 1, 1, 1, 1, 1, 1, 1, 1]
	405780	302558	303829	6	M	44	A		-1	1939.71916122	[1, 1, 1, 1, 1, 1, 1, 1, 1, 1, 1, 1]
	488166	324358	388579	6	M	9	A		-1	1939.84435222	[1, 1, 1, 1, 1, 1, 1, 1, 1, 1, 1, 0]
	407099	369846	371980	6	M	17	A		-1	1940.08961157	[1, 1, 1, 1, 1, 1, 1, 1, 1, 1, 1, 1]
	395292	310739	310271	6	M	64	A		-1	1941.29322485	[1, 1, 1, 1, 1, 1, 1, 1, 1, 1, 1, 1]
	411085	368764	315602	6	M	97	A		-1	1941.94808709	[1, 1, 1, 1, 1, 1, 1, 1, 1, 1, 1, 1]
	485107	299444	366846	6	M	89	A		-1	1943.04028407	[1, 1, 1, 1, 1, 1, 1, 1, 1, 1, 1, 1]
	435245	359788	339784	6	M	61	A		-1	1943.267435	[1, 1, 1, 0, 1, 1, 1, 1, 1, 1, 1, 1]
	471186	309697	332656	6	M	53	A		-1	1943.85536903	[1, 1, 1, 1, 1, 1, 1, 1, 1, 1, 1, 1]
	476176	376520	344444	6	M	61	A		-1	1943.88133635	[1, 1, 1, 1, 1, 1, 1, 1, 1, 1, 1, 1]
	486772	297286	294950	6	M	79	A		-1	1945.6163519	[1, 1, 1, 1, 1, 1, 1, 1, 1, 1, 1, 1]
	457370	295659	198954	6	M	62	A		-1	1946.72170575	[0, 1, 1, 1, 1, 1, 1, 1, 1, 1, 1, 1]
	466566	354941	361147	6	M	9	A		-1	1946.89008469	[1, 1, 1, 1, 1, 1, 1, 1, 1, 1, 1, 1]
	467990	310395	309251	6	M	7	A		-1	1947.16056878	[1, 1, 1, 1, 1, 1, 1, 1, 1, 1, 1, 1]
	397411	215976	364330	6	M	65	A		-1	1947.19253285	[1, 1, 1, 1, 1, 1, 1, 1, 1, 1, 1, 1]
	420391	346573	323917	6	M	96	A		-1	1948.32851409	[1, 1, 1, 1, 1, 1, 1, 1, 1, 1, 1, 1]
	401438	330334	381095	6	M	94	A		-1	1948.80571324	[1, 1, 1, 1, 1, 1, 1, 1, 1, 1, 1, 1]
	491951	382074	204833	6	M	39	A		-1	1949.59258925	[1, 1, 1, 0, 1, 1, 0, 1, 1, 1, 1, 1]
	453386	333727	361666	6	M	73	A		-1	1950.29927474	[0, 1, 1, 1, 1, 1, 1, 1, 1, 1, 1, 1]
	444529	333727	278676	6	M	24	A		-1	1952.05390174	[1, 1, 1, 1, 1, 1, 1, 1, 1, 1, 1, 1]
	414076	310395	389940	6	M	71	A		-1	1952.99529657	[1, 1, 1, 1, 1, 1, 1, 1, 1, 1, 1, 1]
	365064	283354	274940	5	M	20	A		-1	1955.24861855	[0, 1, 1, 1, 1, 1, 1, 1, 1, 1, 1, 1]
	450412	361408	193370	6	M	21	A		-1	1955.2893381	[1, 1, 1, 1, 1, 0, 1, 1, 1, 1, 1, 1]
	426303	302182	361762	6	M	26	A		-1	1955.57450754	[1, 1, 1, 1, 1, 1, 1, 1, 1, 1, 1, 1]
	408554	211310	305404	6	M	19	A		-1	1956.26919783	[1, 1, 1, 1, 1, 1, 1, 1, 1, 1, 1, 1]
	470191	355908	343379	6	M	51	A		-1	1957.32002779	[1, 1, 1, 1, 1, 1, 1, 1, 1, 1, 1, 1]
	409789	318420	244939	6	M	59	A		-1	1957.33082966	[1, 1, 0, 1, 1, 1, 1, 1, 1, 1, 1, 1]
	494639	361408	319140	6	M	78	A		-1	1957.35517097	[1, 1, 1, 1, 1, 1, 1, 1, 1, 1, 1, 1]
	410547	392754	274252	6	M	69	A		-1	1958.22442542	[1, 1, 1, 1, 1, 1, 1, 1, 1, 1, 1, 1]
	312812	248532	263757	5	M	48	A		-1	1959.18182336	[1, 1, 1, 1, 1, 1, 1, 1, 1, 1, 1, 1]
	427116	361240	364215	6	M	23	A		-1	1962.17164743	[1, 1, 1, 1, 1, 0, 1, 1, 1, 1, 1, 1]
	460316	310395	371901	6	M	26	A		-1	1962.62712174	[1, 1, 1, 1, 1, 1, 1, 1, 1, 1, 1, 1]
	296691	200207	227907	5	M	51	A		-1	1963.59470411	[1, 1, 1, 1, 1, 1, 1, 1, 1, 1, 1, 1]
	405023	316484	313826	6	M	26	A		-1	1963.97349339	[1, 1, 1, 1, 1, 1, 1, 1, 1, 1, 1, 1]
	444206	375121	302121	6	M	24	A		-1	1966.36463144	[1, 1, 1, 0, 1, 1, 1, 1, 1, 1, 1, 1]
	486554	369562	256300	6	M	20	A		-1	1969.89817062	[1, 1, 1, 1, 1, 1, 1, 1, 1, 1, 1, 1]
	444731	380246	337226	6	M	11	A		-1	1974.98368243	[1, 1, 1, 1, 1, 1, 1, 1, 1, 1, 1, 1]
	487291	393952	340852	6	M	81	A		-1	1975.17073476	[1, 1, 1, 1, 1, 1, 1, 1, 1, 1, 1, 1]
	374139	292464	275357	5	M	14	A		-1	1975.41843584	[0, 1, 1, 1, 1, 1, 1, 1, 1, 1, 1, 1]
	491204	356437	377673	6	M	33	A		-1	1976.99037693	[1, 1, 1, 1, 1, 1, 1, 1, 1, 1, 1, 1]
	414565	307897	317811	6	M	1	A		-1	1977.24969716	[1, 1, 1, 1, 1, 1, 1, 1, 1, 1, 1, 1]
	466953	312812	319586	6	M	14	A		-1	1977.82751285	[1, 1, 1, 1, 1, 1, 1, 1, 1, 1, 1, 1]
	403109	355908	342378	6	M	30	A		-1	1977.89319397	[1, 1, 1, 1, 1, 1, 1, 1, 1, 1, 1, 1]
	446430	385867	317613	6	M	37	A		-1	1979.1559768	[1, 1, 1, 1, 1, 1, 1, 1, 1, 1, 1, 1]
	457673	318259	334378	6	M	45	A		-1	1979.18000886	[1, 1, 1, 1, 1, 1, 1, 1, 1, 1, 1, 1]
	474600	311405	212275	6	M	27	A		-1	1979.73481557	[1, 1, 1, 1, 1, 1, 1, 1, 1, 1, 1, 1]
	436008	310241	353396	6	M	6	A		-1	1980.60832865	[1, 1, 1, 1, 1, 1, 1, 1, 1, 1, 1, 1]
	415867	304280	317643	6	M	94	A		-1	1982.25725758	[1, 1, 1, 1, 1, 1, 1, 1, 1, 1, 1, 1]
	440969	382074	362297	6	M	20	A		-1	1983.25168198	[1, 1, 1, 0, 1, 1, 1, 1, 1, 1, 1, 1]
	414229	320746	357514	6	M	32	A		-1	1984.38324295	[0, 1, 1, 1, 1, 1, 1, 1, 1, 1, 1, 1]
	418593	365064	351862	6	M	54	A		-1	1985.75399868	[0, 1, 1, 1, 1, 1, 1, 1, 1, 1, 1, 0]
	437759	343860	349394	6	M	23	A		-1	1988.3026532	[1, 1, 1, 1, 1, 1, 1, 1, 1, 1, 1, 1]
	459930	299042	394405	6	M	45	A		-1	1990.08374512	[1, 1, 1, 1, 1, 1, 1, 1, 1, 1, 1, 1]
	477667	302855	260839	6	M	39	A		-1	1990.88594459	[1, 1, 1, 1, 1, 1, 1, 1, 1, 1, 1, 1]
	493833	365064	311905	6	M	17	A		-1	1990.94537465	[0, 1, 1, 1, 1, 1, 1, 1, 1, 1, 1, 1]
	468217	337826	364931	6	M	98	A		-1	1996.17606576	[1, 1, 1, 1, 1, 1, 1, 1, 1, 1, 1, 1]
	488437	391714	392921	6	M	39	A		-1	1997.78550783	[1, 1, 1, 1, 1, 1, 1, 1, 1, 1, 1, 1]
	448970	363894	371882	6	M	81	A		-1	1998.05305841	[1, 1, 1, 1, 1, 1, 1, 1, 1, 1, 1, 1]
	406431	366239	188881	6	M	67	A		-1	1998.20083666	[1, 1, 1, 1, 1, 1, 1, 1, 1, 1, 1, 1]
	410782	379664	225588	6	M	68	A		-1	1999.12758963	[1, 1, 1, 1, 1, 1, 1, 1, 1, 1, 1, 1]
	445090	392754	313443	6	M	78	A		-1	1999.98179617	[1, 1, 1, 1, 1, 1, 1, 1, 1, 1, 1, 1]
	483831	309075	386494	6	M	21	A		-1	2000.68875372	[1, 1, 1, 1, 1, 1, 1, 1, 1, 1, 1, 1]
	426330	308344	272376	6	M	94	A		-1	2002.80004358	[1, 1, 1, 1, 1, 1, 1, 1, 1, 1, 1, 1]
	450180	345310	188462	6	M	32	A		-1	2002.85510471	[1, 1, 1, 1, 1, 0, 1, 1, 1, 1, 1, 1]
	406291	365531	311467	6	M	58	A		-1	2003.10009855	[1, 1, 1, 1, 1, 1, 1, 1, 1, 1, 1, 0]
	425810	296010	274777	6	M	10	A		-1	2003.2040767	[1, 1, 1, 1, 1, 1, 1, 1, 1, 1, 1, 1]
	419632	194932	389425	6	M	82	A		-1	2003.83914501	[1, 1, 1, 1, 1, 1, 1, 1, 1, 1, 1, 1]
	456345	341133	276514	6	M	52	A		-1	2008.9318795	[1, 1, 1, 1, 1, 1, 1, 1, 1, 1, 1, 1]
	466150	295433	207631	6	M	68	A		-1	2008.96997483	[1, 1, 1, 1, 1, 1, 1, 1, 1, 1, 1, 1]
	480655	320746	355758	6	M	98	A		-1	2009.44313057	[1, 1, 0, 1, 1, 1, 1, 1, 1, 1, 1, 1]
	430949	365953	366942	6	M	97	A		-1	2010.27432721	[1, 1, 1, 1, 1, 1, 1, 1, 1, 1, 1, 1]
	486229	355613	169543	6	M	88	A		-1	2014.18168323	[1, 1, 1, 1, 1, 1, 1, 1, 1, 1, 1, 1]
	459694	389681	350403	6	M	99	A		-1	2014.41853373	[1, 1, 1, 1, 1, 1, 1, 1, 1, 1, 1, 1]
	425093	365177	391415	6	M	33	A		-1	2014.73165971	[1, 1, 1, 1, 1, 1, 1, 1, 1, 1, 1, 1]
	438870	330230	320243	6	M	50	A		-1	2015.1843648	[1, 1, 1, 1, 1, 1, 1, 0, 1, 1, 1, 1]
	440993	386536	340740	6	M	85	A		-1	2019.0659342	[1, 1, 1, 1, 1, 1, 1, 1, 1, 1, 1, 1]
	457724	374139	289073	6	M	18	A		-1	2022.36856712	[0, 1, 1, 1, 1, 1, 1, 1, 1, 1, 1, 1]
	398018	296454	274671	6	M	59	A		-1	2023.18106473	[1, 1, 1, 1, 1, 1, 1, 1, 1, 1, 1, 1]
	449301	318420	292038	6	M	57	A		-1	2023.34946651	[1, 1, 0, 1, 1, 1, 1, 1, 1, 1, 1, 1]
	480903	374139	305327	6	M	98	A		-1	2024.49275341	[1, 1, 1, 1, 1, 0, 1, 1, 1, 1, 1, 1]
	441082	271905	350113	6	M	9	A		-1	2025.31584627	[1, 1, 1, 0, 1, 1, 1, 1, 1, 1, 1, 1]
	427218	339508	295988	6	M	70	A		-1	2030.5516346	[1, 1, 1, 1, 1, 1, 1, 1, 1, 1, 1, 1]
	452688	322358	295461	6	M	88	A		-1	2030.89092961	[1, 1, 1, 1, 1, 1, 1, 1, 1, 1, 1, 1]
	417968	349305	307073	6	M	68	A		-1	2033.36723032	[1, 1, 1, 1, 1, 1, 1, 0, 1, 1, 1, 1]
	455192	331336	388014	6	M	4	A		-1	2035.77756688	[1, 1, 1, 1, 1, 1, 1, 1, 1, 1, 1, 1]
	444521	346890	355933	6	M	82	A		-1	2035.88747372	[1, 1, 1, 1, 1, 1, 1, 1, 1, 1, 1, 1]
	480867	368764	394081	6	M	5	A		-1	2041.77738317	[1, 1, 1, 1, 1, 1, 1, 1, 1, 1, 1, 1]
	398843	276255	335851	6	M	32	A		-1	2043.49052569	[1, 1, 1, 1, 1, 1, 1, 1, 1, 1, 1, 1]
	434859	339124	319554	6	M	14	A		-1	2049.5690423	[1, 1, 1, 1, 1, 1, 1, 1, 1, 1, 1, 0]
	432463	336331	198765	6	M	39	A		-1	2052.01450256	[1, 1, 1, 1, 1, 1, 1, 1, 1, 1, 1, 1]
	446435	305491	308974	6	M	52	A		-1	2057.22629169	[1, 1, 0, 1, 1, 1, 1, 1, 1, 1, 1, 1]
	427731	340268	310027	6	M	28	A		-1	2060.65299484	[1, 1, 1, 1, 1, 1, 1, 1, 1, 1, 1, 1]
	485249	252524	75498	6	M	93	A		-1	2061.2298819	[1, 1, 1, 1, 1, 1, 1, 1, 1, 1, 1, 1]
	472092	322786	307794	6	M	0	A		-1	2062.08507696	[1, 1, 0, 1, 1, 1, 1, 1, 1, 1, 1, 1]
	453903	326395	394387	6	M	72	A		-1	2063.80063647	[1, 1, 1, 1, 1, 1, 1, 1, 1, 1, 1, 0]
	420718	296596	348011	6	M	63	A		-1	2071.56995568	[1, 1, 1, 1, 1, 1, 1, 1, 1, 1, 1, 1]
	423842	309697	332916	6	M	79	A		-1	2072.45389482	[1, 1, 1, 1, 1, 1, 1, 1, 1, 1, 1, 1]
	461046	391958	386930	6	M	86	A		-1	2072.6414037	[1, 1, 1, 1, 1, 1, 1, 1, 1, 1, 1, 1]
	398598	383581	326807	6	M	30	A		-1	2076.48825637	[1, 1, 1, 1, 1, 1, 1, 1, 1, 1, 1, 1]
	436088	335545	351839	6	M	77	A		-1	2082.03010765	[1, 1, 1, 1, 1, 1, 1, 1, 1, 1, 1, 1]
	437857	316862	310507	6	M	33	A		-1	2083.04881056	[1, 1, 1, 1, 1, 1, 1, 1, 1, 1, 1, 1]
	479174	319370	347016	6	M	38	A		-1	2089.94223115	[1, 1, 1, 0, 1, 1, 1, 1, 1, 1, 1, 1]
	465093	380727	323300	6	M	1	A		-1	2092.47353719	[1, 1, 1, 1, 1, 1, 1, 1, 1, 1, 1, 1]
	449921	392885	115521	6	M	61	A		-1	2094.62575002	[1, 1, 1, 1, 1, 1, 1, 1, 1, 1, 1, 1]
	465653	345681	314821	6	M	56	A		-1	2103.68544453	[1, 1, 1, 1, 1, 1, 1, 1, 1, 1, 1, 1]
	407817	333727	349445	6	M	22	A		-1	2106.97083493	[1, 1, 1, 1, 1, 1, 1, 1, 1, 1, 1, 1]
	423848	367375	186932	6	M	6	A		-1	2111.46541843	[1, 1, 1, 1, 1, 1, 1, 1, 1, 1, 1, 1]
	478912	388966	364113	6	M	45	A		-1	2114.51602075	[1, 1, 1, 1, 1, 1, 1, 1, 1, 1, 1, 1]
	479141	347822	375354	6	M	58	A		-1	2118.07716404	[1, 1, 1, 1, 1, 0, 1, 1, 1, 1, 1, 1]
	412782	335540	357645	6	M	8	A		-1	2122.36668203	[1, 1, 1, 1, 1, 1, 1, 1, 1, 1, 1, 1]
	432164	340599	307719	6	M	27	A		-1	2133.11243116	[1, 1, 1, 1, 1, 1, 1, 1, 1, 1, 1, 1]
	478885	341916	333471	6	M	18	A		-1	2134.57514368	[1, 1, 1, 1, 1, 1, 1, 1, 1, 1, 1, 1]
	458782	365177	195666	6	M	45	A		-1	2135.92256588	[1, 1, 1, 1, 1, 1, 1, 1, 1, 1, 1, 1]
	469889	373683	313074	6	M	95	A		-1	2149.02648238	[1, 1, 1, 1, 0, 0, 1, 1, 1, 1, 1, 1]
	445749	350862	385065	6	M	69	A		-1	2156.27118517	[1, 1, 1, 1, 1, 1, 1, 1, 1, 1, 1, 1]
	414147	290306	309490	6	M	2	A		-1	2158.32898466	[1, 1, 1, 0, 1, 1, 1, 1, 1, 1, 1, 1]
	445463	341879	324990	6	M	8	A		-1	2160.46024512	[1, 1, 1, 1, 1, 1, 1, 1, 1, 1, 1, 1]
	480277	322602	303309	6	M	51	A		-1	2178.43783272	[1, 1, 1, 1, 1, 1, 1, 1, 1, 1, 1, 1]
	399106	340589	354134	6	M	52	A		-1	2183.76464787	[1, 1, 1, 1, 1, 1, 1, 1, 1, 1, 1, 1]
	411061	365314	310705	6	M	65	A		-1	2188.81573937	[1, 1, 1, 1, 1, 1, 1, 1, 1, 1, 1, 1]
	445352	394600	329396	6	M	48	A		-1	2224.96653191	[1, 1, 1, 1, 1, 1, 1, 1, 1, 1, 1, 1]
