animal	sire	dam	born	sex	herd	status	cause	died	TBV	recessives
	1712896	1686322	1600925	19	M	3	A		-1	4675.50715257	[1, 1, 1, 1, 1, 1, 1, 1, 1, 1, 1, 1]
	1753280	1667600	1597603	19	M	78	A		-1	4675.54121729	[1, 1, 1, 1, 1, 1, 1, 1, 1, 1, 1, 1]
	1774657	1559362	1615775	19	M	58	A		-1	4675.7254947	[1, 1, 1, 1, 1, 0, 1, 1, 1, 1, 1, 1]
	1740736	1602961	1645585	19	M	41	A		-1	4675.98623406	[1, 1, 1, 1, 1, 0, 1, 1, 1, 1, 1, 1]
	1715815	1623700	1599959	19	M	88	A		-1	4676.41283953	[1, 1, 1, 1, 1, 0, 1, 1, 1, 1, 1, 1]
	1734140	1614525	1662352	19	M	96	A		-1	4676.59047713	[1, 1, 1, 1, 1, 1, 1, 1, 1, 1, 1, 1]
	1771188	1598093	1502972	19	M	96	A		-1	4676.87054162	[1, 1, 1, 1, 1, 1, 1, 1, 1, 1, 1, 1]
	1744893	1684281	1612341	19	M	0	A		-1	4677.26322938	[1, 1, 1, 0, 1, 1, 1, 1, 1, 1, 1, 1]
	1752812	1609288	1648301	19	M	74	A		-1	4677.52894542	[1, 1, 1, 1, 1, 1, 1, 1, 1, 1, 1, 1]
	1716167	1612772	1637538	19	M	88	A		-1	4677.74585907	[1, 1, 0, 1, 1, 1, 1, 1, 1, 1, 1, 0]
	1696487	1689853	1648947	19	M	51	A		-1	4678.46952329	[1, 1, 1, 1, 1, 1, 1, 1, 1, 1, 1, 1]
	1715800	1633459	1676824	19	M	13	A		-1	4678.53848275	[1, 1, 1, 1, 1, 1, 1, 1, 1, 1, 1, 1]
	1736434	1636076	1639447	19	M	29	A		-1	4678.6726815	[1, 0, 1, 1, 1, 1, 1, 1, 1, 1, 1, 1]
	1689106	1518999	1580754	18	M	69	A		-1	4679.03653244	[1, 1, 1, 1, 1, 1, 1, 1, 1, 1, 1, 1]
	1754210	1612507	1683232	19	M	43	A		-1	4679.49050432	[1, 1, 1, 1, 1, 1, 1, 1, 1, 1, 1, 1]
	1767982	1678872	1685375	19	M	26	A		-1	4679.52681494	[1, 1, 1, 1, 1, 1, 1, 1, 1, 1, 1, 1]
	1647517	1549474	1562649	18	M	7	A		-1	4679.60371367	[0, 1, 1, 1, 1, 1, 1, 1, 1, 1, 1, 1]
	1754851	1670571	1639324	19	M	9	A		-1	4679.91313053	[1, 1, 1, 1, 1, 1, 1, 1, 1, 1, 1, 1]
	1742165	1607303	1609535	19	M	31	A		-1	4680.02399312	[1, 1, 1, 1, 1, 1, 1, 1, 1, 1, 1, 1]
	1667600	1553563	1566977	18	M	65	A		-1	4680.199686	[1, 1, 1, 1, 1, 1, 1, 1, 1, 1, 1, 1]
	1757764	1506945	1530150	19	M	4	A		-1	4680.29904216	[1, 1, 0, 1, 1, 0, 1, 1, 1, 1, 1, 0]
	1755806	1600662	1525320	19	M	38	A		-1	4680.40705355	[1, 1, 1, 1, 1, 1, 1, 1, 1, 1, 1, 1]
	1702319	1647393	1571340	19	M	62	A		-1	4680.47602879	[1, 1, 1, 1, 1, 1, 1, 1, 1, 1, 1, 1]
	1776372	1540973	1570015	19	M	48	A		-1	4680.65898671	[1, 1, 1, 1, 1, 1, 1, 1, 1, 1, 1, 1]
	1766089	1586367	1691796	19	M	8	A		-1	4680.92096305	[1, 1, 1, 1, 1, 1, 1, 1, 1, 1, 1, 1]
	1759501	1671014	1505054	19	M	98	A		-1	4681.43808684	[1, 1, 1, 1, 1, 1, 1, 1, 1, 1, 1, 1]
	1737533	1654380	1517334	19	M	82	A		-1	4681.45877052	[1, 0, 1, 1, 1, 1, 1, 1, 1, 1, 1, 1]
	1731440	1625021	1517856	19	M	58	A		-1	4681.52344137	[1, 1, 0, 1, 1, 1, 1, 1, 1, 1, 1, 1]
	1733946	1528820	1364923	19	M	23	A		-1	4681.67771998	[1, 1, 1, 1, 1, 1, 1, 1, 1, 1, 1, 1]
	1711350	1692566	1605665	19	M	0	A		-1	4682.04180654	[1, 1, 1, 1, 1, 1, 1, 1, 1, 1, 1, 1]
	1750411	1678872	1506553	19	M	83	A		-1	4682.36698143	[0, 1, 1, 1, 1, 1, 1, 1, 1, 1, 1, 1]
	1752819	1667464	1678968	19	M	92	A		-1	4682.93119087	[1, 0, 1, 1, 1, 0, 1, 1, 1, 1, 1, 1]
	1697014	1693602	1686006	19	M	83	A		-1	4683.14276247	[1, 1, 1, 1, 1, 1, 1, 1, 1, 1, 1, 1]
	1791005	1689106	1442823	19	M	81	A		-1	4683.15181795	[1, 1, 1, 1, 1, 1, 1, 1, 1, 1, 1, 1]
	1713682	1690317	1629829	19	M	3	A		-1	4683.18067211	[1, 1, 1, 0, 1, 1, 1, 1, 1, 1, 1, 1]
	1695149	1647348	1682208	19	M	22	A		-1	4683.50010587	[1, 1, 0, 1, 1, 1, 1, 1, 1, 1, 1, 1]
	1703233	1601460	1595098	19	M	30	A		-1	4683.72166546	[1, 1, 1, 1, 1, 1, 1, 1, 1, 1, 1, 1]
	1743991	1654380	1613683	19	M	49	A		-1	4683.75911493	[1, 1, 1, 1, 1, 1, 1, 1, 1, 1, 1, 1]
	1759436	1624165	1668114	19	M	100	A		-1	4683.86703535	[1, 1, 1, 1, 1, 1, 1, 1, 1, 1, 1, 1]
	1776655	1613827	1556849	19	M	82	A		-1	4683.9801918	[1, 1, 1, 1, 1, 1, 1, 1, 1, 1, 1, 0]
	1740282	1678756	1613151	19	M	60	A		-1	4684.28324099	[1, 1, 1, 1, 1, 1, 1, 1, 1, 1, 1, 1]
	1720353	1615006	1680889	19	M	3	A		-1	4684.32302369	[1, 1, 1, 1, 1, 1, 1, 1, 1, 1, 1, 1]
	1768439	1659573	1460850	19	M	8	A		-1	4684.350738	[1, 0, 1, 1, 1, 1, 1, 1, 1, 1, 1, 0]
	1655857	1518458	1584252	18	M	55	A		-1	4684.53330436	[1, 1, 1, 1, 1, 1, 1, 1, 1, 1, 1, 1]
	1780416	1655857	1672737	19	M	44	A		-1	4684.57367141	[1, 1, 1, 1, 1, 1, 1, 1, 1, 1, 1, 0]
	1709024	1637257	1612429	19	M	34	A		-1	4684.68916423	[1, 1, 1, 1, 1, 1, 1, 1, 1, 1, 1, 1]
	1736672	1531077	1669388	19	M	1	A		-1	4684.76251517	[1, 1, 1, 1, 1, 1, 1, 1, 1, 1, 1, 1]
	1771840	1662080	1655155	19	M	76	A		-1	4684.77812255	[1, 1, 1, 1, 1, 1, 1, 1, 1, 1, 1, 1]
	1702076	1586367	1586412	19	M	14	A		-1	4684.78795774	[1, 1, 1, 1, 1, 1, 1, 1, 1, 1, 1, 1]
	1749603	1676001	1652061	19	M	60	A		-1	4684.89005749	[1, 1, 1, 1, 1, 0, 1, 1, 1, 1, 1, 1]
	1727752	1645158	1659504	19	M	70	A		-1	4685.14074766	[1, 1, 0, 1, 1, 1, 1, 1, 1, 1, 1, 1]
	1748140	1658351	1519358	19	M	34	A		-1	4685.38094627	[1, 1, 1, 1, 1, 1, 1, 1, 1, 1, 1, 1]
	1772494	1640602	1675334	19	M	36	A		-1	4685.39244318	[1, 1, 1, 1, 1, 1, 1, 1, 1, 1, 1, 1]
	1727264	1600579	1639560	19	M	36	A		-1	4685.44189996	[1, 1, 1, 1, 1, 1, 1, 1, 1, 1, 1, 1]
	1771680	1622073	1640825	19	M	58	A		-1	4685.53340063	[1, 1, 1, 1, 1, 1, 1, 1, 1, 1, 1, 1]
	1706576	1658066	1682131	19	M	93	A		-1	4685.87456604	[1, 1, 1, 1, 1, 1, 1, 1, 1, 1, 1, 1]
	1735101	1668862	1598857	19	M	80	A		-1	4686.0046909	[1, 1, 1, 1, 1, 1, 1, 1, 1, 1, 1, 1]
	1764058	1682724	1648229	19	M	2	A		-1	4686.21109262	[1, 1, 1, 1, 1, 1, 1, 1, 1, 1, 1, 1]
	1719569	1618439	1624993	19	M	80	A		-1	4686.26776608	[1, 1, 1, 1, 1, 1, 1, 1, 1, 1, 1, 1]
	1711488	1657606	1676628	19	M	81	A		-1	4686.35534974	[1, 1, 1, 0, 1, 1, 1, 1, 1, 1, 1, 1]
	1738427	1678756	1693179	19	M	3	A		-1	4686.80843182	[1, 1, 1, 1, 1, 1, 1, 1, 1, 1, 1, 1]
	1791934	1611605	1682722	19	M	74	A		-1	4686.8433764	[1, 1, 1, 1, 1, 1, 1, 1, 1, 1, 1, 1]
	1770298	1650339	1644268	19	M	19	A		-1	4687.67226168	[1, 1, 1, 1, 1, 1, 1, 1, 1, 1, 1, 1]
	1762077	1684514	1616398	19	M	2	A		-1	4687.67602347	[1, 1, 1, 1, 1, 1, 1, 1, 1, 1, 1, 1]
	1714671	1645110	1615496	19	M	62	A		-1	4687.73913166	[1, 1, 1, 1, 0, 1, 1, 1, 1, 1, 1, 1]
	1782927	1608531	1680514	19	M	75	A		-1	4687.7515234	[1, 1, 1, 1, 1, 1, 1, 1, 1, 1, 1, 1]
	1756318	1601460	1645355	19	M	93	A		-1	4687.94004466	[1, 1, 1, 1, 1, 1, 1, 1, 1, 1, 1, 1]
	1745357	1665860	1687586	19	M	56	A		-1	4688.13549315	[1, 1, 1, 1, 1, 1, 1, 1, 1, 1, 1, 1]
	1780098	1677347	1596165	19	M	57	A		-1	4688.62052951	[1, 1, 1, 0, 1, 1, 1, 1, 1, 1, 1, 1]
	1613479	1586367	1527336	18	M	0	A		-1	4688.79598985	[1, 1, 1, 1, 1, 1, 1, 1, 1, 1, 1, 1]
	1676546	1512471	1453980	18	M	12	A		-1	4688.95877082	[1, 1, 1, 1, 1, 1, 1, 1, 1, 1, 1, 0]
	1788005	1693362	1665748	19	M	12	A		-1	4689.03286761	[1, 1, 1, 1, 1, 1, 1, 1, 1, 1, 1, 1]
	1689299	1531077	1496064	18	M	1	A		-1	4689.31149692	[1, 1, 1, 1, 1, 1, 1, 1, 1, 1, 1, 1]
	1729621	1613349	1514018	19	M	74	A		-1	4690.19259028	[1, 1, 1, 1, 1, 1, 1, 1, 1, 1, 1, 1]
	1611948	1549474	1497390	18	M	15	A		-1	4690.21574921	[0, 1, 1, 1, 1, 1, 1, 1, 1, 1, 1, 1]
	1741820	1677347	1508052	19	M	18	A		-1	4690.38215146	[1, 1, 0, 1, 1, 1, 1, 1, 1, 1, 1, 1]
	1756464	1686682	1626528	19	M	40	A		-1	4690.64258178	[1, 1, 1, 1, 1, 1, 1, 1, 1, 1, 1, 1]
	1755305	1619819	1650676	19	M	38	A		-1	4690.94522976	[1, 1, 1, 0, 1, 1, 1, 1, 1, 1, 1, 1]
	1599552	1588428	1538069	18	M	13	A		-1	4690.99786225	[1, 1, 1, 1, 1, 1, 1, 1, 1, 1, 1, 1]
	1787804	1650339	1495685	19	M	34	A		-1	4691.0108492	[1, 1, 1, 1, 1, 1, 1, 1, 1, 1, 1, 1]
	1755800	1662080	1623651	19	M	26	A		-1	4691.03581754	[1, 1, 1, 1, 1, 1, 1, 1, 1, 1, 1, 1]
	1707949	1617594	1664201	19	M	10	A		-1	4691.11893236	[1, 1, 1, 1, 1, 1, 1, 1, 1, 1, 1, 1]
	1751499	1635080	1631873	19	M	47	A		-1	4691.22075068	[1, 1, 1, 1, 1, 1, 1, 1, 1, 1, 1, 1]
	1641258	1395339	1524613	18	M	18	A		-1	4691.29010819	[1, 1, 1, 1, 1, 1, 1, 1, 1, 1, 1, 1]
	1781920	1605459	1685889	19	M	28	A		-1	4691.31746769	[1, 1, 1, 1, 1, 1, 1, 1, 1, 1, 1, 0]
	1749872	1632185	1497134	19	M	63	A		-1	4691.52032192	[0, 1, 1, 1, 1, 1, 1, 1, 1, 1, 1, 1]
	1747003	1637607	1691511	19	M	87	A		-1	4691.83641581	[1, 1, 1, 1, 1, 1, 1, 1, 1, 1, 1, 1]
	1779633	1692566	1664927	19	M	66	A		-1	4691.8832453	[1, 1, 1, 1, 1, 1, 1, 1, 1, 1, 1, 1]
	1752593	1661009	1664891	19	M	8	A		-1	4692.07441653	[1, 1, 1, 1, 1, 1, 1, 1, 1, 1, 1, 1]
	1713165	1662249	1660402	19	M	2	A		-1	4692.09686809	[1, 1, 1, 0, 1, 1, 1, 1, 1, 1, 1, 1]
	1625857	1557180	1577620	18	M	47	A		-1	4693.76451836	[1, 1, 1, 1, 1, 1, 1, 1, 1, 1, 1, 1]
	1714286	1656014	1679087	19	M	48	A		-1	4693.83073924	[1, 1, 1, 0, 1, 1, 1, 1, 1, 1, 1, 1]
	1707864	1512571	1531693	19	M	89	A		-1	4693.89673864	[1, 1, 1, 1, 1, 1, 1, 1, 1, 1, 1, 1]
	1697034	1671257	1642766	19	M	69	A		-1	4693.92562385	[1, 1, 1, 1, 1, 1, 1, 1, 1, 1, 1, 1]
	1720619	1626417	1657194	19	M	24	A		-1	4694.19807935	[1, 1, 1, 1, 1, 1, 1, 1, 1, 1, 1, 1]
	1771734	1637496	1654931	19	M	9	A		-1	4694.21660567	[1, 1, 1, 1, 1, 1, 1, 1, 1, 1, 1, 1]
	1751741	1609211	1626265	19	M	35	A		-1	4694.87942596	[1, 1, 1, 1, 1, 1, 1, 1, 1, 1, 1, 1]
	1731109	1679585	1626162	19	M	52	A		-1	4695.16153087	[1, 1, 1, 1, 1, 1, 1, 1, 1, 1, 1, 1]
	1726214	1654757	1686545	19	M	51	A		-1	4695.44714963	[1, 1, 1, 1, 1, 0, 1, 1, 1, 1, 1, 1]
	1788083	1660569	1658879	19	M	9	A		-1	4696.20690617	[1, 1, 1, 1, 1, 1, 1, 1, 1, 1, 1, 1]
	1704345	1667695	1646583	19	M	78	A		-1	4696.24264709	[1, 1, 1, 1, 1, 1, 1, 1, 1, 1, 1, 0]
	1739990	1665854	1520284	19	M	78	A		-1	4696.6777279	[1, 1, 1, 1, 1, 1, 1, 1, 1, 1, 1, 0]
	1760332	1636359	1622350	19	M	73	A		-1	4697.07668446	[1, 1, 1, 1, 1, 1, 1, 1, 1, 1, 1, 0]
	1724954	1682900	1649873	19	M	91	A		-1	4697.50104845	[1, 1, 1, 1, 1, 1, 1, 1, 1, 1, 1, 1]
	1640558	1513697	1541345	18	M	53	A		-1	4697.78278606	[1, 1, 1, 1, 1, 1, 1, 1, 1, 1, 1, 1]
	1712761	1686322	1682081	19	M	38	A		-1	4697.90300285	[1, 1, 1, 1, 1, 1, 1, 1, 1, 1, 1, 1]
	1768213	1669974	1565219	19	M	0	A		-1	4697.97119498	[1, 1, 1, 1, 1, 1, 1, 1, 1, 1, 1, 0]
	1750942	1671411	1552085	19	M	5	A		-1	4698.09496891	[1, 1, 1, 1, 1, 1, 1, 1, 1, 1, 1, 1]
	1765558	1651867	1673857	19	M	62	A		-1	4698.1192141	[1, 1, 1, 1, 1, 1, 1, 1, 1, 1, 1, 1]
	1771958	1631303	1589549	19	M	12	A		-1	4698.15345801	[1, 1, 1, 0, 1, 1, 1, 1, 1, 1, 1, 1]
	1747008	1679890	1689671	19	M	7	A		-1	4698.48324752	[1, 1, 1, 1, 1, 1, 1, 1, 1, 1, 1, 1]
	1783411	1531077	1556427	19	M	98	A		-1	4698.57609563	[1, 1, 1, 1, 1, 1, 1, 1, 1, 1, 1, 1]
	1707164	1637607	1637100	19	M	60	A		-1	4698.71556999	[1, 1, 1, 1, 1, 1, 1, 1, 1, 1, 1, 1]
	1724879	1615885	1651838	19	M	66	A		-1	4698.7228672	[1, 1, 1, 0, 1, 1, 1, 1, 1, 1, 1, 1]
	1770634	1650161	1687035	19	M	85	A		-1	4698.91910366	[1, 1, 1, 1, 1, 1, 1, 1, 1, 1, 1, 1]
	1695762	1660834	1495890	19	M	4	A		-1	4699.0139854	[1, 0, 1, 1, 1, 1, 1, 1, 1, 1, 1, 1]
	1755614	1619334	1529043	19	M	20	A		-1	4699.08941299	[1, 1, 1, 1, 1, 1, 1, 1, 1, 1, 1, 1]
	1703482	1637496	1598135	19	M	22	A		-1	4699.12513443	[1, 1, 1, 1, 1, 1, 1, 1, 1, 1, 1, 1]
	1755723	1682245	1687549	19	M	62	A		-1	4699.56959744	[1, 1, 1, 1, 1, 1, 1, 1, 1, 1, 1, 0]
	1699931	1679871	1596760	19	M	18	A		-1	4699.7505228	[1, 1, 1, 0, 1, 1, 1, 1, 1, 1, 1, 1]
	1704879	1664821	1642267	19	M	48	A		-1	4700.32324528	[1, 1, 1, 1, 1, 1, 1, 1, 1, 1, 1, 1]
	1784132	1652683	1655970	19	M	76	A		-1	4700.63439864	[1, 1, 1, 1, 1, 1, 1, 1, 1, 1, 1, 1]
	1682900	1543555	1456184	18	M	0	A		-1	4700.79504747	[1, 1, 1, 1, 1, 1, 1, 1, 1, 1, 1, 1]
	1774290	1636359	1645472	19	M	27	A		-1	4700.9136518	[0, 1, 1, 1, 1, 1, 1, 1, 1, 1, 1, 1]
	1703594	1679890	1635045	19	M	49	A		-1	4701.38188041	[1, 1, 1, 1, 1, 1, 1, 1, 1, 1, 1, 1]
	1783149	1625857	1612716	19	M	74	A		-1	4701.64257688	[1, 1, 1, 1, 1, 1, 1, 1, 1, 1, 1, 1]
	1788095	1651867	1602323	19	M	75	A		-1	4701.78347223	[1, 1, 1, 1, 1, 1, 1, 1, 1, 1, 1, 1]
	1782649	1605459	1673311	19	M	91	A		-1	4702.44615104	[1, 1, 1, 1, 1, 1, 1, 1, 1, 1, 1, 1]
	1751531	1677344	1605873	19	M	81	A		-1	4702.52168489	[0, 1, 1, 1, 1, 1, 1, 1, 1, 1, 1, 1]
	1729469	1678976	1651179	19	M	83	A		-1	4702.55713474	[1, 1, 1, 1, 1, 1, 1, 1, 1, 1, 1, 1]
	1745766	1512571	1691647	19	M	77	A		-1	4702.77977783	[1, 1, 1, 1, 1, 1, 1, 1, 1, 1, 1, 1]
	1754620	1684590	1612099	19	M	79	A		-1	4702.97059213	[1, 1, 1, 0, 1, 1, 1, 1, 1, 1, 1, 0]
	1712719	1607303	1630129	19	M	95	A		-1	4703.00985418	[1, 1, 1, 1, 1, 1, 1, 1, 1, 1, 1, 1]
	1766933	1622269	1615984	19	M	25	A		-1	4703.42963381	[1, 1, 1, 1, 1, 1, 1, 1, 1, 1, 1, 1]
	1712085	1633394	1656674	19	M	16	A		-1	4703.48959846	[1, 1, 1, 1, 1, 1, 1, 1, 1, 1, 1, 1]
	1720584	1661009	1654152	19	M	11	A		-1	4703.82260154	[1, 1, 1, 1, 1, 1, 1, 1, 1, 1, 1, 1]
	1645110	1562108	1457839	18	M	53	A		-1	4704.10123074	[1, 1, 1, 1, 0, 1, 1, 1, 1, 1, 1, 1]
	1705351	1621440	1529014	19	M	93	A		-1	4704.11897951	[1, 1, 1, 1, 1, 0, 1, 1, 1, 1, 1, 1]
	1739145	1618439	1636636	19	M	96	A		-1	4704.77128118	[1, 1, 1, 1, 1, 1, 1, 1, 1, 1, 1, 1]
	1758119	1686322	1596897	19	M	88	A		-1	4704.95821633	[1, 1, 0, 1, 1, 1, 1, 1, 1, 1, 1, 0]
	1778844	1641005	1638079	19	M	27	A		-1	4704.99419256	[1, 1, 0, 1, 1, 1, 1, 1, 1, 1, 1, 1]
	1729709	1606930	1685568	19	M	53	A		-1	4705.05516969	[1, 1, 1, 1, 1, 1, 1, 1, 1, 1, 1, 1]
	1789132	1631415	1622308	19	M	100	A		-1	4705.30980115	[1, 1, 1, 1, 1, 1, 1, 1, 1, 1, 1, 1]
	1708046	1662249	1606510	19	M	18	A		-1	4705.39074018	[1, 1, 1, 1, 1, 1, 1, 1, 1, 1, 1, 0]
	1706168	1615885	1628467	19	M	80	A		-1	4705.49887483	[1, 1, 1, 1, 1, 1, 1, 1, 1, 1, 1, 1]
	1794161	1599164	1693708	19	M	69	A		-1	4705.8437315	[1, 1, 1, 1, 1, 1, 1, 1, 1, 1, 1, 1]
	1709142	1512571	1608039	19	M	34	A		-1	4706.03708536	[1, 1, 1, 1, 1, 1, 1, 1, 1, 1, 1, 1]
	1778341	1595154	1665022	19	M	80	A		-1	4706.56138797	[1, 1, 1, 1, 1, 1, 1, 1, 1, 1, 1, 1]
	1722945	1667586	1677902	19	M	7	A		-1	4706.56888246	[1, 1, 1, 1, 1, 1, 1, 1, 1, 1, 1, 0]
	1738600	1609211	1604669	19	M	57	A		-1	4706.74430321	[1, 1, 1, 1, 1, 1, 1, 1, 1, 1, 1, 1]
	1730482	1607590	1632689	19	M	87	A		-1	4707.23271149	[1, 1, 1, 1, 1, 1, 1, 1, 1, 1, 1, 1]
	1744173	1665548	1626020	19	M	50	A		-1	4707.47562767	[1, 1, 1, 1, 1, 1, 1, 1, 1, 1, 1, 1]
	1763832	1664934	1693940	19	M	10	A		-1	4707.76762492	[1, 1, 1, 1, 1, 1, 1, 1, 1, 1, 1, 1]
	1743747	1662925	1639051	19	M	0	A		-1	4707.82236888	[1, 1, 1, 1, 1, 1, 1, 1, 1, 1, 1, 1]
	1689853	1586229	1554573	18	M	78	A		-1	4707.97949056	[1, 1, 1, 1, 1, 1, 1, 1, 1, 1, 1, 1]
	1717653	1609211	1687800	19	M	28	A		-1	4707.99602703	[1, 1, 1, 1, 1, 1, 1, 1, 1, 1, 1, 1]
	1609211	1420950	1530573	18	M	40	A		-1	4708.42638793	[1, 1, 1, 1, 1, 1, 1, 1, 1, 1, 1, 1]
	1781082	1641005	1627471	19	M	99	A		-1	4708.53624679	[1, 1, 1, 1, 1, 1, 1, 1, 1, 1, 1, 1]
	1789427	1678976	1626988	19	M	94	A		-1	4708.72835682	[1, 1, 1, 1, 1, 1, 1, 1, 1, 1, 1, 1]
	1710552	1608531	1644312	19	M	82	A		-1	4708.84213193	[1, 1, 1, 1, 1, 1, 1, 1, 1, 1, 1, 1]
	1787778	1621577	1666167	19	M	9	A		-1	4708.91159462	[1, 1, 1, 1, 1, 1, 1, 1, 1, 1, 1, 1]
	1728309	1625021	1496700	19	M	100	A		-1	4709.12400732	[1, 1, 0, 1, 1, 1, 1, 1, 1, 1, 1, 1]
	1787298	1621440	1674103	19	M	48	A		-1	4709.5267213	[1, 1, 1, 1, 1, 1, 1, 1, 1, 1, 1, 1]
	1745988	1617448	1431085	19	M	28	A		-1	4709.63593182	[1, 1, 1, 1, 1, 1, 1, 1, 1, 1, 1, 1]
	1773448	1599274	1544765	19	M	76	A		-1	4709.81876095	[1, 1, 1, 1, 1, 1, 1, 1, 1, 1, 1, 1]
	1737899	1665438	1414203	19	M	64	A		-1	4710.37505685	[1, 1, 1, 1, 1, 1, 1, 1, 1, 1, 1, 1]
	1763402	1644769	1691723	19	M	53	A		-1	4710.40926055	[1, 1, 1, 1, 1, 1, 1, 1, 1, 1, 1, 1]
	1740022	1615277	1609993	19	M	93	A		-1	4710.65027186	[1, 1, 0, 1, 1, 1, 1, 1, 1, 1, 1, 1]
	1789758	1641005	1677807	19	M	98	A		-1	4710.79273248	[1, 1, 0, 1, 1, 1, 1, 1, 1, 1, 1, 1]
	1709705	1597967	1616218	19	M	36	A		-1	4711.57910154	[1, 1, 1, 1, 1, 1, 1, 1, 1, 1, 1, 1]
	1733847	1682245	1683466	19	M	99	A		-1	4711.60893141	[1, 1, 1, 1, 1, 1, 1, 1, 1, 1, 1, 1]
	1764723	1675046	1660372	19	M	10	A		-1	4712.98383356	[1, 1, 1, 1, 1, 1, 1, 1, 1, 1, 1, 1]
	1775742	1622309	1659891	19	M	60	A		-1	4713.45474403	[1, 1, 1, 1, 1, 1, 1, 1, 1, 1, 1, 1]
	1790441	1614525	1670335	19	M	44	A		-1	4713.52187437	[1, 1, 1, 1, 1, 1, 1, 1, 1, 1, 1, 1]
	1793747	1526636	1673925	19	M	94	A		-1	4713.92153559	[1, 1, 1, 1, 1, 1, 1, 1, 1, 1, 1, 1]
	1749202	1609211	1603416	19	M	66	A		-1	4714.03284067	[1, 1, 1, 1, 1, 1, 1, 1, 1, 1, 1, 1]
	1765051	1656063	1597899	19	M	47	A		-1	4714.91067022	[1, 1, 1, 1, 1, 1, 1, 1, 1, 1, 1, 1]
	1665854	1590160	1535174	18	M	73	A		-1	4715.53556202	[1, 1, 1, 1, 1, 1, 1, 1, 1, 1, 1, 0]
	1741736	1654959	1664439	19	M	68	A		-1	4715.90413261	[1, 1, 1, 1, 1, 1, 1, 1, 1, 1, 1, 1]
	1710448	1612772	1637912	19	M	7	A		-1	4716.04484833	[1, 1, 1, 1, 1, 1, 1, 1, 1, 1, 1, 1]
	1722652	1607254	1580644	19	M	20	A		-1	4716.33699758	[1, 1, 1, 1, 1, 1, 1, 1, 1, 1, 1, 1]
	1698169	1600662	1610804	19	M	26	A		-1	4716.41782962	[1, 1, 1, 1, 1, 1, 1, 1, 1, 1, 1, 1]
	1783619	1606558	1675258	19	M	84	A		-1	4716.69907474	[1, 1, 1, 1, 1, 1, 1, 1, 1, 1, 1, 1]
	1739502	1632185	1562333	19	M	4	A		-1	4716.75907467	[1, 1, 1, 1, 1, 1, 1, 1, 1, 1, 1, 1]
	1773685	1665854	1624445	19	M	88	A		-1	4717.03616465	[1, 1, 1, 1, 1, 1, 1, 1, 1, 1, 1, 1]
	1778974	1674443	1692255	19	M	66	A		-1	4717.28625661	[1, 1, 1, 1, 1, 1, 1, 1, 1, 1, 1, 1]
	1732940	1564074	1688451	19	M	11	A		-1	4717.33679553	[1, 1, 1, 1, 1, 1, 1, 1, 1, 1, 1, 1]
	1703313	1615885	1637429	19	M	14	A		-1	4717.51196846	[1, 1, 1, 0, 1, 1, 1, 1, 1, 1, 1, 1]
	1754812	1597995	1672723	19	M	60	A		-1	4718.12407556	[1, 1, 1, 1, 1, 1, 1, 1, 1, 1, 1, 1]
	1754765	1674443	1601692	19	M	80	A		-1	4718.14898932	[1, 1, 1, 1, 1, 1, 1, 1, 1, 1, 1, 1]
	1791593	1645080	1680710	19	M	19	A		-1	4718.26901192	[1, 1, 1, 1, 1, 1, 1, 1, 1, 1, 1, 0]
	1724228	1651051	1626460	19	M	71	A		-1	4718.7150104	[1, 1, 1, 1, 1, 1, 1, 1, 1, 1, 1, 1]
	1783604	1582234	1664447	19	M	100	A		-1	4719.02810119	[1, 1, 1, 1, 1, 1, 1, 1, 1, 1, 1, 1]
	1739581	1653358	1674490	19	M	25	A		-1	4719.03871628	[1, 1, 1, 1, 1, 1, 1, 1, 1, 1, 1, 0]
	1725568	1692566	1600179	19	M	79	A		-1	4719.06037289	[1, 1, 1, 1, 1, 1, 1, 1, 1, 1, 1, 1]
	1613349	1524645	1548019	18	M	37	A		-1	4719.28633887	[1, 1, 1, 0, 1, 1, 1, 1, 1, 1, 1, 1]
	1754659	1691311	1673807	19	M	78	A		-1	4719.42577577	[1, 1, 1, 1, 1, 1, 1, 1, 1, 1, 1, 1]
	1743570	1636521	1670643	19	M	58	A		-1	4719.48399216	[1, 1, 1, 1, 1, 0, 1, 1, 1, 1, 1, 1]
	1728035	1608493	1667675	19	M	9	A		-1	4719.82880947	[1, 1, 1, 1, 1, 1, 1, 1, 1, 1, 1, 1]
	1779989	1665518	1622741	19	M	68	A		-1	4719.94651837	[1, 1, 1, 1, 1, 1, 1, 1, 1, 1, 1, 1]
	1632185	1516846	1594422	18	M	93	A		-1	4720.04286379	[1, 1, 1, 1, 1, 1, 1, 1, 1, 1, 1, 1]
	1697826	1642644	1680166	19	M	38	A		-1	4720.10933666	[1, 1, 1, 1, 1, 1, 1, 1, 1, 1, 1, 1]
	1738502	1661009	1584366	19	M	34	A		-1	4720.11525395	[1, 1, 1, 1, 1, 1, 1, 1, 1, 1, 1, 1]
	1694941	1631383	1546955	19	M	93	A		-1	4720.32637769	[1, 1, 1, 1, 1, 1, 1, 1, 1, 1, 1, 1]
	1782197	1525605	1670752	19	M	69	A		-1	4720.46529072	[1, 1, 1, 1, 1, 1, 1, 1, 1, 1, 1, 0]
	1784746	1613906	1655853	19	M	15	A		-1	4720.62086245	[1, 1, 1, 1, 1, 1, 1, 1, 1, 1, 1, 1]
	1720175	1636359	1608424	19	M	68	A		-1	4720.84289459	[1, 1, 1, 1, 1, 1, 1, 1, 1, 1, 1, 1]
	1663763	1520831	1561149	18	M	0	A		-1	4721.00920564	[0, 1, 1, 1, 1, 1, 1, 1, 1, 1, 1, 1]
	1714662	1611605	1578756	19	M	32	A		-1	4721.10221343	[1, 1, 1, 1, 1, 0, 1, 1, 1, 1, 1, 1]
	1699586	1625021	1583218	19	M	7	A		-1	4721.11456764	[1, 1, 1, 1, 1, 0, 1, 1, 1, 1, 1, 1]
	1728916	1654959	1436392	19	M	32	A		-1	4721.28515045	[1, 1, 1, 1, 1, 1, 1, 1, 1, 1, 1, 1]
	1786347	1626417	1602237	19	M	5	A		-1	4721.36688329	[1, 1, 1, 1, 1, 1, 1, 1, 1, 1, 0, 1]
	1732008	1662925	1611545	19	M	78	A		-1	4721.44607926	[1, 1, 1, 1, 1, 1, 1, 1, 1, 1, 1, 1]
	1608987	1520599	1511992	18	M	27	A		-1	4721.66511023	[1, 1, 1, 1, 1, 1, 1, 1, 1, 1, 1, 1]
	1709869	1618316	1470924	19	M	64	A		-1	4721.97900961	[1, 1, 1, 1, 1, 1, 1, 1, 1, 1, 1, 1]
	1732386	1678474	1652384	19	M	69	A		-1	4722.05205277	[1, 1, 1, 1, 1, 1, 1, 1, 1, 1, 1, 1]
	1742763	1613502	1676816	19	M	93	A		-1	4722.20276275	[1, 1, 1, 1, 1, 0, 1, 1, 1, 1, 1, 1]
	1729197	1527938	1605004	19	M	82	A		-1	4723.03681152	[1, 1, 1, 1, 1, 1, 1, 1, 1, 1, 1, 1]
	1789693	1654377	1437133	19	M	78	A		-1	4723.14189051	[1, 1, 1, 1, 1, 1, 1, 1, 1, 1, 1, 1]
	1740547	1685733	1597729	19	M	60	A		-1	4723.34233186	[1, 1, 1, 1, 1, 1, 1, 1, 1, 1, 1, 1]
	1763546	1645158	1591326	19	M	75	A		-1	4723.56584977	[1, 1, 1, 1, 1, 1, 1, 1, 1, 1, 1, 1]
	1706760	1620777	1691046	19	M	93	A		-1	4723.58747047	[1, 1, 1, 1, 1, 1, 1, 1, 1, 1, 1, 1]
	1774567	1642644	1653542	19	M	21	A		-1	4723.7228282	[1, 1, 1, 1, 1, 1, 1, 1, 1, 1, 1, 1]
	1718588	1678474	1638920	19	M	66	A		-1	4723.84815178	[1, 1, 1, 1, 1, 1, 1, 1, 1, 1, 1, 1]
	1742701	1615277	1550213	19	M	94	A		-1	4723.95448211	[1, 1, 1, 1, 1, 1, 1, 1, 1, 1, 1, 1]
	1739630	1622254	1675910	19	M	21	A		-1	4724.9562093	[1, 1, 1, 1, 1, 1, 1, 1, 1, 1, 1, 1]
	1790024	1624055	1610077	19	M	29	A		-1	4725.02510485	[1, 1, 0, 1, 1, 1, 1, 0, 1, 1, 1, 1]
	1779296	1641516	1558320	19	M	30	A		-1	4725.12451622	[1, 1, 1, 1, 1, 1, 1, 1, 1, 1, 1, 1]
	1712901	1689299	1688444	19	M	36	A		-1	4725.63842122	[1, 1, 1, 1, 1, 1, 1, 1, 1, 1, 1, 1]
	1785501	1686019	1639731	19	M	80	A		-1	4726.0059583	[1, 1, 1, 1, 1, 1, 1, 1, 1, 1, 1, 1]
	1708843	1645080	1650633	19	M	33	A		-1	4726.15164179	[1, 1, 1, 1, 1, 1, 1, 1, 1, 1, 1, 1]
	1760580	1667464	1609876	19	M	89	A		-1	4727.0057478	[1, 1, 1, 1, 1, 1, 1, 1, 1, 1, 1, 1]
	1773025	1515842	1650329	19	M	94	A		-1	4727.59537781	[1, 1, 1, 1, 1, 0, 1, 1, 1, 1, 1, 0]
	1759163	1598093	1627751	19	M	22	A		-1	4727.65361396	[1, 1, 1, 1, 1, 1, 1, 1, 1, 1, 1, 1]
	1755161	1645630	1521641	19	M	43	A		-1	4728.02069394	[1, 1, 1, 1, 1, 1, 1, 1, 1, 1, 1, 0]
	1791449	1629724	1672156	19	M	37	A		-1	4728.52692597	[1, 1, 1, 1, 1, 1, 1, 1, 1, 1, 1, 1]
	1713687	1661009	1617185	19	M	89	A		-1	4728.58441733	[1, 1, 1, 1, 1, 1, 1, 1, 1, 1, 1, 1]
	1775675	1691920	1638856	19	M	82	A		-1	4728.94459739	[1, 1, 1, 1, 1, 1, 1, 1, 1, 1, 1, 1]
	1785748	1647517	1683082	19	M	20	A		-1	4729.01859527	[0, 1, 1, 1, 1, 1, 1, 1, 1, 1, 1, 1]
	1707260	1691920	1687751	19	M	13	A		-1	4729.11270814	[1, 1, 1, 1, 1, 1, 1, 1, 1, 1, 1, 1]
	1794392	1686322	1559207	19	M	15	A		-1	4729.14384132	[1, 1, 0, 1, 1, 1, 1, 1, 1, 1, 1, 1]
	1735107	1621584	1648405	19	M	7	A		-1	4729.16273273	[1, 1, 1, 1, 1, 1, 1, 1, 1, 1, 1, 1]
	1708669	1615744	1663106	19	M	7	A		-1	4730.00200072	[1, 1, 1, 1, 1, 1, 1, 1, 1, 1, 0, 1]
	1714894	1637520	1634153	19	M	29	A		-1	4730.33342606	[1, 1, 1, 1, 1, 1, 1, 1, 1, 1, 1, 1]
	1789716	1662916	1683915	19	M	96	A		-1	4730.41694438	[1, 1, 1, 1, 1, 1, 1, 1, 1, 1, 1, 1]
	1753927	1606558	1439647	19	M	32	A		-1	4731.06761483	[1, 1, 1, 1, 1, 1, 1, 1, 1, 1, 1, 0]
	1720476	1665685	1657874	19	M	36	A		-1	4731.47812764	[1, 1, 1, 1, 1, 1, 1, 1, 1, 1, 1, 1]
	1748650	1611605	1647834	19	M	28	A		-1	4732.09745854	[1, 1, 1, 1, 1, 1, 1, 1, 1, 1, 1, 1]
	1727015	1627083	1667704	19	M	98	A		-1	4732.12667774	[1, 1, 1, 1, 1, 1, 1, 1, 1, 1, 1, 1]
	1748372	1671858	1507953	19	M	17	A		-1	4732.7001617	[1, 1, 1, 1, 1, 1, 1, 1, 1, 1, 1, 1]
	1621175	1522012	1438045	18	M	29	A		-1	4732.864501	[1, 1, 1, 1, 1, 1, 1, 1, 1, 1, 1, 1]
	1731947	1669508	1632184	19	M	36	A		-1	4733.29806893	[1, 1, 1, 1, 1, 1, 1, 1, 1, 1, 1, 1]
	1732324	1661009	1674168	19	M	62	A		-1	4734.73797613	[1, 1, 1, 1, 1, 1, 1, 1, 1, 1, 1, 1]
	1741513	1666013	1546024	19	M	34	A		-1	4734.77855149	[1, 1, 1, 1, 1, 1, 1, 1, 1, 1, 1, 1]
	1781346	1682900	1656907	19	M	97	A		-1	4734.98804151	[1, 1, 1, 0, 1, 1, 1, 1, 1, 1, 1, 1]
	1738726	1677862	1673782	19	M	66	A		-1	4735.99891412	[1, 1, 1, 0, 1, 1, 1, 1, 1, 1, 1, 1]
	1709613	1678872	1632833	19	M	95	A		-1	4736.6140647	[1, 1, 0, 1, 1, 1, 1, 1, 1, 1, 1, 1]
	1739209	1692566	1626959	19	M	88	A		-1	4737.08015576	[1, 1, 1, 0, 1, 1, 1, 1, 1, 1, 1, 1]
	1779015	1654996	1685022	19	M	99	A		-1	4737.53892001	[1, 1, 1, 1, 1, 1, 1, 1, 1, 1, 1, 1]
	1737942	1666379	1628963	19	M	88	A		-1	4737.82212966	[1, 1, 1, 0, 1, 1, 1, 1, 1, 1, 1, 1]
	1754432	1667600	1664245	19	M	36	A		-1	4737.95442897	[1, 1, 1, 1, 1, 1, 1, 1, 1, 1, 1, 1]
	1758960	1620971	1677565	19	M	81	A		-1	4737.96273645	[1, 1, 1, 1, 1, 1, 1, 1, 1, 1, 1, 1]
	1699508	1629724	1660478	19	M	66	A		-1	4738.69439678	[1, 1, 1, 1, 1, 1, 1, 1, 1, 1, 1, 1]
	1708667	1677862	1665529	19	M	0	A		-1	4738.87068809	[1, 1, 1, 1, 1, 1, 1, 1, 1, 1, 1, 1]
	1654491	1559031	1482396	18	M	72	A		-1	4739.04039308	[1, 1, 1, 1, 1, 1, 1, 1, 1, 1, 1, 0]
	1745491	1550840	1650895	19	M	94	A		-1	4739.34102363	[1, 1, 1, 1, 1, 1, 1, 1, 1, 1, 1, 1]
	1698301	1625857	1689338	19	M	58	A		-1	4740.10562076	[1, 1, 1, 1, 1, 1, 1, 1, 1, 1, 1, 1]
	1778753	1670741	1643004	19	M	32	A		-1	4740.13328418	[1, 1, 1, 1, 1, 1, 1, 1, 1, 1, 1, 1]
	1721570	1655857	1621704	19	M	40	A		-1	4740.19506742	[1, 1, 1, 1, 1, 1, 1, 1, 1, 1, 1, 1]
	1753980	1638219	1672391	19	M	32	A		-1	4740.87321331	[1, 1, 1, 1, 1, 1, 1, 1, 1, 1, 1, 1]
	1722791	1606930	1684291	19	M	71	A		-1	4741.04460474	[1, 1, 1, 1, 1, 1, 1, 1, 1, 1, 1, 1]
	1717098	1688518	1660555	19	M	89	A		-1	4742.77732133	[1, 1, 1, 1, 1, 0, 1, 1, 1, 1, 1, 1]
	1775036	1634891	1523268	19	M	49	A		-1	4742.88374613	[1, 1, 1, 1, 1, 1, 1, 1, 1, 1, 1, 1]
	1743042	1618731	1657530	19	M	90	A		-1	4743.851023	[1, 1, 1, 1, 1, 1, 1, 1, 1, 1, 1, 1]
	1766363	1662365	1678214	19	M	27	A		-1	4744.68710879	[1, 1, 1, 1, 1, 1, 1, 1, 1, 1, 1, 1]
	1719364	1658321	1597823	19	M	95	A		-1	4745.40789999	[1, 1, 1, 0, 1, 0, 1, 1, 1, 1, 1, 1]
	1620971	1549841	1385141	18	M	0	A		-1	4745.87813507	[1, 1, 1, 1, 1, 1, 1, 1, 1, 1, 1, 0]
	1748160	1621175	1668516	19	M	39	A		-1	4747.48516336	[1, 1, 1, 1, 1, 1, 1, 1, 1, 1, 1, 1]
	1782327	1603017	1620347	19	M	85	A		-1	4748.94709327	[1, 1, 1, 1, 1, 1, 1, 1, 1, 1, 1, 1]
	1747479	1640602	1571338	19	M	26	A		-1	4749.11940687	[1, 1, 1, 1, 1, 1, 1, 1, 1, 1, 1, 1]
	1722674	1600962	1608798	19	M	76	A		-1	4749.16149127	[1, 1, 1, 1, 1, 1, 1, 1, 1, 1, 1, 1]
	1713213	1640395	1598885	19	M	4	A		-1	4749.59618919	[1, 1, 1, 1, 1, 1, 1, 1, 1, 1, 1, 1]
	1755358	1620119	1663137	19	M	79	A		-1	4749.80706732	[1, 1, 1, 1, 1, 1, 1, 1, 1, 1, 1, 1]
	1770694	1677862	1620039	19	M	11	A		-1	4749.86658792	[1, 1, 1, 1, 1, 0, 1, 1, 1, 1, 1, 1]
	1779438	1601005	1578242	19	M	2	A		-1	4750.28497274	[1, 1, 1, 1, 1, 1, 1, 1, 1, 1, 1, 1]
	1713620	1627508	1676079	19	M	37	A		-1	4750.73162453	[1, 1, 1, 1, 1, 1, 1, 1, 1, 1, 1, 1]
	1765585	1563301	1683769	19	M	58	A		-1	4751.14099293	[1, 1, 1, 1, 1, 1, 1, 1, 1, 1, 1, 1]
	1769083	1621440	1659486	19	M	20	A		-1	4751.14224202	[1, 1, 1, 1, 1, 1, 1, 1, 1, 1, 1, 1]
	1719034	1670230	1629165	19	M	58	A		-1	4751.63608957	[1, 1, 1, 1, 1, 1, 1, 1, 1, 1, 1, 1]
	1743992	1662080	1540868	19	M	6	A		-1	4752.02735843	[1, 1, 1, 1, 1, 1, 1, 1, 1, 1, 1, 1]
	1712318	1625857	1530184	19	M	10	A		-1	4752.04347466	[1, 1, 1, 1, 1, 1, 1, 1, 1, 1, 1, 1]
	1783290	1682555	1582848	19	M	95	A		-1	4752.64364283	[1, 1, 1, 1, 1, 1, 1, 1, 1, 1, 1, 1]
	1716723	1601329	1654199	19	M	47	A		-1	4753.16480485	[1, 1, 1, 1, 1, 1, 1, 1, 1, 1, 1, 1]
	1762405	1674297	1570179	19	M	60	A		-1	4753.33630108	[1, 1, 1, 1, 1, 1, 1, 1, 1, 1, 1, 1]
	1743168	1611948	1671399	19	M	76	A		-1	4753.52079213	[1, 1, 1, 1, 1, 1, 1, 1, 1, 1, 1, 1]
	1741570	1612507	1661104	19	M	39	A		-1	4754.15173225	[1, 1, 1, 1, 1, 1, 1, 1, 1, 1, 1, 1]
	1794255	1614970	1663317	19	M	47	A		-1	4754.64078225	[1, 1, 1, 1, 1, 1, 1, 1, 1, 1, 1, 1]
	1746450	1634410	1587710	19	M	13	A		-1	4754.86428516	[1, 1, 1, 1, 1, 1, 1, 1, 1, 1, 1, 1]
	1684590	1540315	1587441	18	M	43	A		-1	4755.72841075	[1, 1, 1, 1, 1, 1, 1, 1, 1, 1, 1, 0]
	1662080	1506945	1523289	18	M	24	A		-1	4756.01499921	[1, 1, 0, 1, 1, 1, 1, 1, 1, 1, 1, 1]
	1754694	1635080	1617298	19	M	85	A		-1	4756.35730899	[1, 1, 1, 1, 1, 1, 1, 0, 1, 1, 1, 1]
	1744947	1625842	1581036	19	M	100	A		-1	4756.68457836	[1, 1, 1, 1, 1, 1, 1, 1, 1, 1, 1, 0]
	1725763	1654166	1684294	19	M	38	A		-1	4756.97855702	[1, 1, 1, 1, 1, 1, 1, 1, 1, 1, 1, 1]
	1678872	1495186	1548840	18	M	22	A		-1	4757.13885536	[1, 1, 1, 1, 1, 1, 1, 1, 1, 1, 1, 1]
	1746141	1631303	1674184	19	M	0	A		-1	4758.04540374	[1, 1, 1, 0, 1, 1, 1, 1, 1, 1, 1, 1]
	1704564	1600227	1621974	19	M	34	A		-1	4758.1148453	[1, 1, 1, 1, 1, 1, 1, 1, 1, 1, 1, 1]
	1713764	1673768	1622476	19	M	9	A		-1	4758.52343145	[1, 1, 1, 1, 1, 1, 1, 1, 1, 1, 1, 0]
	1754669	1653098	1568703	19	M	98	A		-1	4759.01666864	[1, 1, 1, 1, 1, 1, 1, 1, 1, 1, 1, 1]
	1786465	1625857	1689145	19	M	38	A		-1	4759.28771943	[1, 1, 1, 1, 1, 1, 1, 1, 1, 1, 1, 1]
	1709343	1653082	1526641	19	M	25	A		-1	4759.30245844	[1, 1, 1, 0, 1, 1, 1, 1, 1, 1, 1, 1]
	1709600	1641258	1670369	19	M	8	A		-1	4759.80999706	[1, 1, 1, 1, 1, 1, 1, 1, 1, 1, 1, 0]
	1759253	1644727	1628951	19	M	100	A		-1	4760.44369541	[1, 1, 1, 1, 1, 1, 1, 1, 1, 1, 1, 1]
	1756239	1637875	1615470	19	M	82	A		-1	4761.36901799	[1, 1, 1, 1, 1, 1, 1, 1, 1, 1, 1, 1]
	1787391	1660834	1504420	19	M	53	A		-1	4761.82808734	[1, 0, 1, 1, 1, 1, 1, 1, 1, 1, 1, 1]
	1735866	1660148	1638491	19	M	72	A		-1	4762.00949285	[1, 1, 0, 1, 1, 1, 1, 1, 1, 1, 1, 1]
	1708012	1527938	1622475	19	M	19	A		-1	4762.28978116	[1, 1, 1, 1, 1, 1, 1, 1, 1, 1, 1, 1]
	1792181	1667695	1445437	19	M	67	A		-1	4762.57603864	[1, 1, 1, 1, 1, 1, 1, 1, 1, 1, 1, 1]
	1740519	1688704	1691331	19	M	65	A		-1	4763.28376793	[1, 1, 1, 1, 1, 1, 1, 1, 1, 1, 1, 1]
	1606558	1506237	1582584	18	M	68	A		-1	4765.26861558	[1, 1, 1, 1, 1, 1, 1, 1, 1, 1, 1, 1]
	1776082	1646029	1638979	19	M	10	A		-1	4766.0468248	[1, 1, 1, 1, 1, 1, 1, 1, 1, 1, 1, 1]
	1600703	1549582	1561376	18	M	16	A		-1	4766.37026922	[1, 1, 1, 1, 1, 1, 1, 1, 1, 1, 1, 1]
	1721628	1647796	1598391	19	M	4	A		-1	4766.48317368	[1, 1, 1, 1, 1, 1, 1, 1, 1, 1, 1, 1]
	1748654	1618501	1666593	19	M	83	A		-1	4767.0873292	[1, 1, 1, 1, 1, 1, 1, 1, 1, 1, 1, 1]
	1726779	1660725	1624171	19	M	75	A		-1	4767.60300556	[1, 1, 1, 1, 1, 1, 1, 1, 1, 1, 1, 1]
	1741580	1667464	1678215	19	M	29	A		-1	4768.36118146	[1, 1, 1, 0, 1, 1, 1, 1, 1, 1, 1, 1]
	1706897	1671858	1669983	19	M	10	A		-1	4768.88532676	[1, 1, 1, 1, 1, 1, 1, 1, 1, 1, 1, 1]
	1722903	1687496	1646122	19	M	86	A		-1	4770.08715419	[1, 1, 1, 1, 1, 1, 1, 1, 1, 1, 1, 1]
	1695194	1646803	1655496	19	M	83	A		-1	4770.10705389	[1, 1, 1, 1, 1, 1, 1, 1, 1, 1, 1, 1]
	1786657	1654996	1549215	19	M	25	A		-1	4770.13101822	[1, 1, 1, 1, 1, 1, 1, 1, 1, 1, 1, 1]
	1769240	1663763	1640272	19	M	27	A		-1	4770.33014781	[0, 1, 1, 1, 1, 1, 1, 1, 1, 1, 1, 1]
	1733467	1655596	1569463	19	M	98	A		-1	4770.87367709	[1, 1, 1, 1, 1, 1, 1, 1, 1, 1, 1, 1]
	1711221	1650935	1614819	19	M	4	A		-1	4771.09916124	[1, 1, 1, 1, 1, 1, 1, 1, 1, 1, 1, 1]
	1720767	1679890	1682394	19	M	95	A		-1	4771.51297628	[1, 1, 1, 1, 1, 1, 1, 1, 1, 1, 1, 1]
	1621440	1594653	1506770	18	M	69	A		-1	4772.66439615	[1, 1, 1, 1, 1, 1, 1, 1, 1, 1, 1, 1]
	1788730	1615277	1633276	19	M	50	A		-1	4774.45738673	[1, 1, 1, 1, 1, 1, 1, 1, 1, 1, 1, 1]
	1775412	1525605	1511033	19	M	16	A		-1	4774.57281773	[1, 1, 1, 1, 1, 1, 1, 1, 1, 1, 1, 1]
	1741997	1601005	1683409	19	M	71	A		-1	4775.56141418	[1, 1, 1, 1, 1, 1, 1, 1, 1, 1, 1, 1]
	1771518	1661009	1623185	19	M	83	A		-1	4775.75472531	[1, 1, 1, 1, 1, 1, 1, 1, 1, 1, 1, 1]
	1711602	1611004	1652385	19	M	0	A		-1	4776.04122991	[1, 1, 1, 1, 1, 1, 1, 1, 1, 1, 1, 1]
	1723740	1548664	1658423	19	M	38	A		-1	4776.10900739	[1, 1, 0, 1, 1, 1, 1, 1, 1, 1, 1, 0]
	1772424	1665854	1662427	19	M	32	A		-1	4776.92413611	[1, 1, 1, 1, 1, 1, 1, 1, 1, 1, 1, 1]
	1714941	1615431	1622858	19	M	33	A		-1	4776.95562933	[1, 0, 1, 1, 1, 1, 1, 1, 1, 1, 1, 1]
	1612772	1582234	1519995	18	M	22	A		-1	4778.5977631	[1, 1, 1, 1, 1, 1, 1, 1, 1, 1, 1, 0]
	1697151	1618316	1649835	19	M	12	A		-1	4778.64790398	[0, 1, 1, 1, 1, 1, 1, 1, 1, 1, 1, 1]
	1705013	1614934	1602868	19	M	58	A		-1	4778.6677777	[1, 1, 1, 1, 1, 1, 1, 1, 1, 1, 1, 1]
	1752545	1648399	1549658	19	M	31	A		-1	4779.31053129	[1, 1, 1, 1, 1, 0, 1, 1, 1, 1, 1, 1]
	1788910	1648322	1638746	19	M	31	A		-1	4779.43904631	[1, 1, 1, 1, 1, 1, 1, 1, 1, 1, 1, 1]
	1770368	1660148	1637180	19	M	68	A		-1	4780.2062695	[1, 1, 1, 1, 1, 1, 1, 1, 1, 1, 1, 1]
	1780834	1622254	1620984	19	M	2	A		-1	4780.56652334	[1, 1, 1, 1, 1, 1, 1, 1, 1, 1, 1, 1]
	1744464	1684514	1667483	19	M	55	A		-1	4781.33583609	[1, 0, 1, 1, 1, 1, 1, 1, 1, 1, 1, 1]
	1712268	1681986	1608038	19	M	50	A		-1	4782.57512384	[1, 1, 1, 1, 1, 1, 1, 1, 1, 1, 1, 1]
	1618880	1496283	1585539	18	M	63	A		-1	4783.27051184	[1, 1, 1, 1, 1, 0, 1, 1, 1, 1, 1, 1]
	1733137	1657694	1627956	19	M	68	A		-1	4783.51571476	[1, 1, 1, 1, 1, 1, 1, 1, 1, 1, 1, 1]
	1748689	1637257	1629183	19	M	95	A		-1	4783.59620645	[1, 1, 1, 1, 1, 1, 1, 1, 1, 1, 1, 1]
	1716137	1676001	1636475	19	M	28	A		-1	4784.45620956	[1, 1, 1, 1, 1, 1, 1, 1, 1, 1, 1, 1]
	1722672	1613349	1658298	19	M	29	A		-1	4784.9599821	[1, 1, 1, 1, 1, 1, 1, 1, 1, 1, 1, 1]
	1742392	1670230	1652516	19	M	47	A		-1	4785.00410072	[1, 1, 1, 1, 1, 1, 1, 1, 1, 1, 1, 1]
	1733043	1608987	1448252	19	M	11	A		-1	4785.46641	[1, 1, 1, 1, 1, 1, 1, 1, 1, 1, 1, 1]
	1675046	1540973	1529363	18	M	60	A		-1	4786.77295882	[1, 1, 1, 1, 1, 1, 1, 1, 1, 1, 1, 1]
	1748495	1657694	1657275	19	M	46	A		-1	4787.65426707	[1, 1, 1, 1, 1, 1, 1, 1, 1, 1, 1, 1]
	1705670	1601885	1646731	19	M	15	A		-1	4787.75377181	[1, 1, 1, 1, 1, 1, 1, 1, 1, 1, 1, 1]
	1778156	1621175	1605088	19	M	89	A		-1	4788.08803898	[1, 1, 1, 1, 1, 1, 1, 1, 1, 1, 1, 1]
	1780156	1656035	1684289	19	M	15	A		-1	4788.34816161	[1, 1, 1, 1, 1, 1, 1, 1, 1, 1, 1, 0]
	1744033	1661009	1657349	19	M	51	A		-1	4789.94118575	[1, 1, 1, 1, 1, 1, 1, 1, 1, 1, 1, 1]
	1789922	1606477	1689008	19	M	10	A		-1	4790.69086803	[1, 1, 1, 1, 1, 1, 1, 1, 1, 1, 1, 1]
	1703357	1627508	1595317	19	M	27	A		-1	4790.77404484	[1, 1, 1, 1, 1, 1, 1, 1, 1, 1, 1, 1]
	1740095	1634347	1601362	19	M	4	A		-1	4791.36297156	[1, 1, 1, 1, 1, 1, 1, 1, 1, 1, 1, 1]
	1776551	1675393	1634618	19	M	74	A		-1	4791.42636	[1, 1, 1, 1, 1, 1, 1, 1, 1, 1, 1, 1]
	1786089	1633459	1647142	19	M	97	A		-1	4794.24203925	[1, 1, 1, 0, 1, 1, 1, 1, 1, 1, 1, 1]
	1763671	1665860	1513521	19	M	98	A		-1	4794.66440024	[1, 1, 1, 1, 1, 1, 1, 1, 1, 1, 1, 1]
	1696223	1645158	1545220	19	M	93	A		-1	4794.88093765	[0, 1, 0, 1, 1, 1, 1, 1, 1, 1, 1, 1]
	1700951	1683931	1640688	19	M	56	A		-1	4795.45412377	[1, 1, 0, 1, 1, 1, 1, 1, 1, 1, 1, 1]
	1764885	1621269	1544012	19	M	76	A		-1	4796.64873258	[1, 1, 1, 1, 1, 1, 1, 1, 1, 1, 1, 1]
	1764481	1633459	1621209	19	M	25	A		-1	4797.53601817	[1, 1, 0, 0, 1, 1, 1, 1, 1, 1, 1, 1]
	1718870	1689853	1654251	19	M	43	A		-1	4798.79324657	[1, 1, 1, 1, 1, 1, 1, 1, 1, 1, 1, 1]
	1737724	1520599	1612824	19	M	13	A		-1	4799.20397997	[1, 1, 1, 1, 1, 1, 1, 1, 1, 1, 1, 0]
	1794862	1614699	1642830	19	M	100	A		-1	4800.46103718	[1, 1, 1, 1, 1, 1, 1, 1, 1, 1, 1, 1]
	1701067	1609288	1676660	19	M	39	A		-1	4800.71151963	[1, 1, 1, 1, 1, 1, 1, 1, 1, 1, 1, 1]
	1793622	1647517	1684142	19	M	17	A		-1	4801.07760046	[1, 1, 1, 1, 1, 1, 1, 1, 1, 1, 0, 1]
	1711215	1633459	1681430	19	M	26	A		-1	4802.3159472	[1, 1, 1, 1, 1, 1, 1, 1, 1, 1, 1, 1]
	1768787	1658321	1658288	19	M	90	A		-1	4803.37707231	[1, 1, 1, 0, 1, 0, 1, 1, 1, 1, 1, 1]
	1717190	1667600	1603827	19	M	33	A		-1	4804.12616444	[1, 1, 1, 1, 1, 1, 1, 1, 1, 1, 1, 1]
	1758323	1621175	1639601	19	M	66	A		-1	4806.08769169	[1, 1, 1, 1, 1, 1, 1, 1, 1, 1, 1, 1]
	1773500	1609211	1648483	19	M	96	A		-1	4807.12294184	[1, 1, 1, 1, 1, 1, 1, 1, 1, 1, 0, 1]
	1615277	1540315	1542265	18	M	34	A		-1	4807.79499871	[1, 1, 1, 1, 1, 1, 1, 1, 1, 1, 1, 1]
	1710212	1689106	1623543	19	M	38	A		-1	4808.97288513	[1, 1, 1, 1, 1, 1, 1, 1, 1, 1, 1, 1]
	1720079	1634891	1567409	19	M	17	A		-1	4809.23269997	[1, 1, 1, 1, 1, 1, 1, 1, 1, 1, 1, 1]
	1700399	1607254	1623349	19	M	96	A		-1	4809.89574005	[1, 1, 1, 1, 1, 1, 1, 1, 1, 1, 1, 1]
	1701292	1651643	1683141	19	M	27	A		-1	4810.08206939	[1, 1, 1, 1, 1, 1, 1, 1, 1, 1, 1, 1]
	1705718	1643739	1692959	19	M	34	A		-1	4810.09324899	[1, 1, 1, 1, 1, 1, 1, 1, 1, 1, 1, 1]
	1787146	1607590	1613992	19	M	40	A		-1	4810.39564878	[1, 1, 1, 1, 1, 1, 1, 1, 1, 1, 1, 0]
	1762136	1638133	1528344	19	M	69	A		-1	4811.15370185	[1, 1, 1, 1, 1, 1, 1, 1, 1, 1, 1, 1]
	1716025	1661009	1674900	19	M	45	A		-1	4811.38587292	[1, 1, 1, 1, 1, 1, 1, 1, 1, 1, 1, 1]
	1723560	1600579	1637503	19	M	97	A		-1	4811.60717986	[1, 1, 1, 0, 1, 1, 1, 1, 1, 1, 1, 1]
	1763524	1607620	1659661	19	M	66	A		-1	4812.45810952	[1, 1, 1, 1, 1, 1, 1, 1, 1, 1, 1, 1]
	1726266	1611948	1647957	19	M	89	A		-1	4813.22265689	[0, 1, 1, 1, 1, 1, 1, 1, 1, 1, 1, 1]
	1760824	1667798	1368034	19	M	8	A		-1	4813.37027328	[1, 1, 1, 1, 1, 1, 1, 1, 1, 1, 1, 1]
	1745811	1678904	1658769	19	M	16	A		-1	4813.6683993	[1, 1, 1, 1, 1, 1, 1, 1, 1, 1, 1, 1]
	1753793	1675046	1678314	19	M	92	A		-1	4813.82270769	[1, 1, 1, 1, 1, 1, 1, 1, 1, 1, 1, 1]
	1730459	1693602	1662992	19	M	49	A		-1	4816.26792326	[1, 1, 1, 1, 1, 1, 1, 1, 1, 1, 1, 1]
	1734300	1582234	1558280	19	M	93	A		-1	4816.70636618	[1, 1, 1, 1, 1, 1, 1, 1, 1, 1, 1, 1]
	1740966	1665685	1607440	19	M	75	A		-1	4816.78001571	[1, 1, 1, 1, 1, 1, 1, 1, 1, 1, 1, 1]
	1793393	1648316	1583084	19	M	5	A		-1	4816.83006544	[1, 1, 1, 1, 1, 1, 1, 1, 1, 1, 1, 1]
	1703744	1660725	1623319	19	M	28	A		-1	4817.00595375	[1, 1, 1, 1, 1, 0, 1, 1, 1, 1, 1, 1]
	1706319	1676546	1625854	19	M	65	A		-1	4818.13272566	[1, 0, 1, 1, 1, 1, 1, 1, 1, 1, 1, 1]
	1661009	1523034	1412531	18	M	38	A		-1	4818.42753548	[1, 1, 1, 1, 1, 1, 1, 1, 1, 1, 1, 1]
	1695099	1628180	1655467	19	M	47	A		-1	4820.11803181	[1, 1, 1, 1, 1, 1, 1, 1, 1, 1, 1, 1]
	1767666	1672703	1533580	19	M	12	A		-1	4823.33025351	[0, 1, 1, 1, 1, 1, 1, 1, 1, 1, 1, 1]
	1774663	1642750	1544704	19	M	91	A		-1	4823.37509209	[1, 1, 1, 1, 1, 1, 1, 1, 1, 1, 1, 1]
	1779238	1630495	1624351	19	M	85	A		-1	4823.67391081	[1, 1, 1, 1, 1, 1, 1, 1, 1, 1, 1, 1]
	1786760	1598093	1627103	19	M	64	A		-1	4823.793305	[1, 1, 1, 1, 1, 1, 1, 1, 1, 1, 1, 1]
	1767801	1613147	1694214	19	M	95	A		-1	4824.26848962	[1, 1, 1, 1, 1, 1, 1, 1, 1, 1, 1, 1]
	1770292	1665518	1620998	19	M	23	A		-1	4824.90896487	[1, 1, 1, 1, 1, 1, 1, 1, 1, 1, 1, 1]
	1762516	1664415	1600139	19	M	5	A		-1	4824.94992784	[1, 1, 1, 1, 1, 1, 1, 1, 1, 1, 1, 1]
	1789676	1607590	1665444	19	M	48	A		-1	4826.44749057	[1, 1, 1, 1, 1, 1, 1, 1, 1, 1, 1, 1]
	1786279	1654757	1644609	19	M	12	A		-1	4827.25534955	[1, 1, 1, 1, 1, 0, 1, 1, 1, 1, 1, 1]
	1746119	1633980	1676982	19	M	46	A		-1	4827.56522841	[1, 1, 1, 1, 1, 0, 1, 1, 1, 1, 1, 1]
	1695914	1671014	1591708	19	M	95	A		-1	4828.34457994	[1, 1, 1, 1, 1, 1, 1, 1, 1, 1, 1, 1]
	1780805	1621440	1466207	19	M	74	A		-1	4830.71535221	[1, 1, 1, 1, 1, 1, 1, 1, 1, 1, 1, 1]
	1735207	1678474	1623266	19	M	62	A		-1	4832.97652798	[1, 1, 1, 1, 1, 1, 1, 1, 1, 1, 1, 1]
	1770794	1644508	1598694	19	M	81	A		-1	4833.02756691	[1, 1, 1, 1, 1, 1, 1, 1, 1, 1, 1, 1]
	1778890	1637496	1622637	19	M	49	A		-1	4833.64919989	[1, 1, 1, 1, 1, 1, 1, 1, 1, 1, 1, 1]
	1727711	1600703	1655475	19	M	18	A		-1	4834.25287923	[1, 1, 1, 1, 1, 1, 1, 1, 1, 1, 1, 1]
	1760127	1631673	1606638	19	M	78	A		-1	4834.30027304	[1, 1, 1, 1, 1, 1, 1, 1, 1, 1, 1, 1]
	1717655	1548664	1677073	19	M	60	A		-1	4834.32877395	[1, 1, 1, 1, 1, 1, 1, 1, 1, 1, 1, 0]
	1646029	1501295	1588498	18	M	51	A		-1	4834.53645224	[1, 1, 1, 1, 1, 1, 1, 1, 1, 1, 1, 1]
	1784747	1608987	1665090	19	M	16	A		-1	4835.33429318	[1, 1, 1, 1, 1, 1, 1, 1, 1, 1, 1, 1]
	1725096	1652009	1626748	19	M	47	A		-1	4835.48237889	[1, 1, 1, 1, 1, 1, 1, 1, 1, 1, 1, 1]
	1711173	1622269	1688185	19	M	98	A		-1	4836.3754223	[1, 1, 1, 1, 1, 1, 1, 1, 1, 1, 1, 0]
	1770595	1668630	1681989	19	M	34	A		-1	4837.88652212	[1, 1, 1, 1, 1, 1, 1, 1, 1, 1, 1, 1]
	1736787	1607756	1607911	19	M	87	A		-1	4839.66544617	[1, 1, 1, 1, 1, 1, 1, 1, 1, 1, 1, 1]
	1743790	1660725	1346159	19	M	54	A		-1	4840.73962246	[0, 1, 1, 1, 1, 1, 1, 1, 1, 1, 1, 1]
	1758521	1663692	1603069	19	M	17	A		-1	4842.78856194	[1, 1, 1, 1, 1, 1, 1, 1, 1, 1, 1, 0]
	1768726	1678327	1619889	19	M	62	A		-1	4842.90955718	[1, 1, 1, 1, 1, 1, 1, 1, 1, 1, 1, 1]
	1711543	1643112	1653792	19	M	75	A		-1	4851.26038642	[1, 1, 1, 1, 1, 1, 1, 1, 1, 1, 1, 1]
	1773847	1636359	1617735	19	M	73	A		-1	4851.47529265	[1, 1, 1, 1, 1, 1, 1, 1, 1, 1, 1, 1]
	1760192	1643818	1600021	19	M	70	A		-1	4851.89500019	[1, 1, 1, 1, 1, 1, 1, 1, 1, 1, 1, 1]
	1749432	1647517	1604795	19	M	84	A		-1	4859.4638768	[0, 1, 1, 1, 1, 1, 1, 1, 1, 1, 1, 1]
	1770431	1648322	1623780	19	M	68	A		-1	4859.53190151	[1, 1, 1, 1, 1, 1, 1, 1, 1, 1, 1, 1]
	1747681	1655596	1643578	19	M	25	A		-1	4861.6870795	[1, 1, 1, 1, 1, 1, 1, 1, 1, 1, 1, 0]
	1700992	1654380	1586458	19	M	84	A		-1	4863.06671029	[1, 1, 1, 1, 1, 1, 1, 1, 1, 1, 1, 1]
	1700242	1662365	1560159	19	M	41	A		-1	4863.31779775	[1, 1, 1, 1, 1, 1, 1, 1, 1, 1, 1, 1]
	1776059	1677344	1617851	19	M	27	A		-1	4863.359233	[1, 1, 1, 1, 1, 1, 1, 1, 1, 1, 0, 1]
	1701561	1647796	1535915	19	M	34	A		-1	4864.08256123	[1, 1, 1, 1, 1, 1, 1, 1, 1, 1, 1, 1]
	1695218	1608987	1626599	19	M	77	A		-1	4866.1332392	[1, 1, 1, 1, 1, 1, 1, 1, 1, 1, 1, 0]
	1712872	1646029	1602414	19	M	63	A		-1	4866.61918448	[1, 1, 1, 1, 1, 1, 1, 1, 1, 1, 1, 1]
	1734856	1600750	1667150	19	M	57	A		-1	4869.85406221	[1, 1, 1, 1, 1, 1, 1, 1, 1, 1, 1, 1]
	1767876	1617948	1610343	19	M	49	A		-1	4871.009084	[1, 1, 1, 1, 1, 1, 1, 1, 1, 1, 1, 1]
	1697478	1636521	1598984	19	M	7	A		-1	4872.22359267	[1, 1, 1, 0, 1, 1, 1, 1, 1, 1, 1, 0]
	1764089	1678872	1581519	19	M	81	A		-1	4873.02521901	[1, 1, 1, 1, 1, 1, 1, 1, 1, 1, 1, 1]
	1761225	1653082	1495110	19	M	8	A		-1	4875.87609325	[1, 1, 1, 1, 1, 1, 1, 1, 1, 1, 1, 1]
	1788958	1618316	1604100	19	M	16	A		-1	4876.33610325	[0, 1, 1, 1, 1, 1, 1, 1, 1, 1, 1, 1]
	1736655	1642750	1510352	19	M	58	A		-1	4876.75880957	[1, 1, 1, 1, 1, 1, 1, 1, 1, 1, 1, 1]
	1727246	1665518	1598326	19	M	37	A		-1	4877.27727241	[1, 1, 0, 1, 1, 1, 1, 1, 1, 1, 1, 1]
	1745439	1612772	1626928	19	M	69	A		-1	4878.03042925	[1, 1, 1, 1, 1, 1, 1, 1, 1, 1, 1, 1]
	1773778	1678976	1611792	19	M	56	A		-1	4879.97044843	[0, 1, 1, 1, 1, 1, 1, 1, 1, 1, 1, 0]
	1712352	1679890	1600602	19	M	26	A		-1	4880.37416339	[1, 1, 1, 1, 1, 1, 1, 1, 1, 1, 1, 1]
	1722263	1689106	1671265	19	M	50	A		-1	4882.092045	[1, 1, 1, 1, 1, 1, 1, 1, 1, 1, 1, 1]
	1772854	1640395	1597911	19	M	62	A		-1	4883.65051597	[1, 1, 1, 0, 1, 1, 1, 1, 1, 1, 1, 1]
	1745938	1689853	1650097	19	M	4	A		-1	4884.73863478	[1, 1, 1, 1, 1, 1, 1, 1, 1, 1, 1, 1]
	1714743	1648316	1682993	19	M	23	A		-1	4885.64213911	[1, 1, 0, 1, 1, 1, 1, 1, 1, 1, 1, 1]
	1719871	1621440	1586159	19	M	60	A		-1	4888.40643975	[1, 1, 1, 1, 1, 1, 1, 1, 1, 1, 1, 1]
	1748146	1615744	1656418	19	M	91	A		-1	4889.82626643	[1, 1, 1, 1, 1, 1, 1, 1, 1, 1, 1, 1]
	1763774	1633980	1676064	19	M	69	A		-1	4891.60144106	[1, 1, 1, 1, 1, 1, 1, 1, 1, 1, 1, 1]
	1761039	1621269	1579509	19	M	67	A		-1	4892.10003913	[1, 0, 1, 1, 1, 1, 1, 1, 1, 1, 1, 1]
	1761562	1660630	1646343	19	M	60	A		-1	4892.46810091	[0, 0, 1, 1, 1, 1, 1, 1, 1, 1, 1, 1]
	1787857	1671411	1686594	19	M	17	A		-1	4898.20886902	[1, 1, 1, 1, 1, 1, 1, 1, 1, 1, 1, 1]
	1732603	1653098	1670212	19	M	22	A		-1	4899.1249976	[1, 1, 1, 1, 1, 1, 1, 1, 1, 1, 1, 1]
	1607590	1521575	1545220	18	M	93	A		-1	4899.61693988	[1, 1, 1, 1, 1, 1, 1, 1, 1, 1, 1, 0]
	1699229	1672206	1694014	19	M	31	A		-1	4900.28271431	[1, 1, 1, 1, 1, 1, 1, 1, 1, 1, 1, 0]
	1755010	1614934	1693240	19	M	8	A		-1	4900.52092751	[1, 1, 1, 1, 1, 1, 1, 1, 1, 1, 1, 1]
	1720595	1604701	1546526	19	M	46	A		-1	4901.48065202	[1, 1, 1, 1, 1, 1, 1, 1, 1, 1, 1, 1]
	1753651	1665396	1570444	19	M	50	A		-1	4902.83495353	[1, 1, 1, 0, 1, 1, 1, 1, 1, 1, 1, 1]
	1701808	1664415	1538492	19	M	14	A		-1	4906.28851322	[1, 1, 1, 1, 1, 1, 1, 1, 1, 1, 1, 1]
	1726387	1648322	1634898	19	M	4	A		-1	4907.10556025	[1, 1, 1, 1, 1, 1, 1, 1, 1, 1, 1, 1]
	1705842	1647796	1682151	19	M	16	A		-1	4910.64969625	[1, 1, 1, 1, 1, 1, 1, 1, 1, 1, 1, 1]
	1744939	1674297	1442923	19	M	26	A		-1	4922.25921163	[1, 1, 1, 1, 1, 1, 1, 1, 1, 1, 1, 1]
	1697504	1627095	1664493	19	M	2	A		-1	4923.7962308	[1, 1, 1, 1, 1, 1, 1, 1, 1, 1, 1, 1]
	1792566	1611948	1658860	19	M	38	A		-1	4926.17747143	[1, 1, 1, 1, 1, 1, 1, 1, 1, 1, 1, 1]
	1739213	1528820	1602033	19	M	6	A		-1	4926.81575551	[1, 1, 1, 1, 1, 1, 1, 1, 1, 1, 1, 1]
	1582234	1469128	1381321	17	M	78	A		-1	4930.56336129	[1, 1, 1, 1, 1, 1, 1, 1, 1, 1, 1, 0]
	1785659	1597995	1515900	19	M	81	A		-1	4933.15718212	[1, 1, 1, 1, 1, 1, 1, 1, 1, 1, 1, 0]
	1714355	1670571	1606130	19	M	14	A		-1	4933.96608673	[1, 1, 1, 1, 1, 1, 1, 1, 1, 1, 1, 1]
	1775642	1600703	1604338	19	M	51	A		-1	4938.4664401	[1, 1, 1, 1, 1, 1, 1, 1, 1, 1, 1, 1]
	1781143	1615277	1672347	19	M	81	A		-1	4940.0069291	[1, 1, 1, 1, 1, 1, 1, 1, 1, 1, 1, 1]
	1723783	1686019	1656183	19	M	69	A		-1	4948.36937625	[1, 1, 1, 1, 1, 1, 1, 1, 1, 1, 1, 1]
	1715504	1540973	1692051	19	M	33	A		-1	4952.00252957	[1, 1, 1, 1, 1, 1, 1, 1, 1, 1, 1, 1]
	1764785	1620777	1587685	19	M	74	A		-1	4963.21800041	[1, 1, 1, 1, 1, 1, 1, 1, 1, 1, 1, 1]
	1784130	1618316	1607712	19	M	54	A		-1	4964.51423097	[0, 1, 1, 1, 1, 1, 1, 1, 1, 1, 1, 1]
	1747068	1656647	1648073	19	M	58	A		-1	4973.89176802	[1, 1, 1, 1, 1, 1, 1, 1, 1, 1, 1, 1]
	1747789	1670206	1641552	19	M	24	A		-1	4982.5850168	[1, 1, 1, 1, 1, 1, 1, 1, 1, 1, 1, 1]
	1707218	1597577	1572911	19	M	91	A		-1	4983.89940117	[1, 1, 1, 1, 1, 1, 1, 1, 1, 1, 1, 1]
	1779165	1635570	1682049	19	M	0	A		-1	4990.87230978	[1, 1, 1, 1, 1, 1, 1, 1, 1, 1, 1, 1]
	1724307	1612521	1592986	19	M	9	A		-1	5002.78913929	[1, 1, 0, 0, 1, 1, 1, 1, 1, 1, 1, 1]
	1779991	1611948	1674316	19	M	73	A		-1	5010.28299649	[1, 1, 1, 1, 1, 1, 1, 1, 1, 1, 1, 1]
	1701176	1655857	1600565	19	M	66	A		-1	5022.62810618	[1, 1, 0, 1, 1, 1, 1, 1, 1, 1, 1, 1]
	1761179	1621440	1616400	19	M	12	A		-1	5024.68796381	[1, 1, 1, 1, 1, 1, 1, 1, 1, 1, 1, 1]
	1777740	1564074	1610029	19	M	86	A		-1	5037.81159668	[1, 1, 1, 1, 1, 1, 1, 1, 1, 1, 1, 1]
	1764509	1657134	1653862	19	M	68	A		-1	5084.3540175	[1, 1, 1, 1, 1, 0, 1, 1, 1, 1, 1, 1]
	1747054	1662080	1674902	19	M	56	A		-1	5122.25103477	[1, 1, 1, 1, 1, 1, 1, 1, 1, 1, 1, 1]
