animal	sire	dam	born	sex	herd	status	cause	died	TBV	recessives
	1445569	1315766	1355871	16	M	188	A		-1	4046.71834889	[1, 1, 1, 1, 1, 1, 1, 1, 1, 1, 1, 1]
	1419579	1315352	1384929	16	M	70	A		-1	4046.82532584	[1, 1, 1, 1, 1, 1, 1, 1, 1, 1, 1, 1]
	1452138	1316047	1199923	16	M	14	A		-1	4047.42372536	[1, 1, 1, 1, 1, 1, 1, 1, 1, 1, 1, 1]
	1488229	1317534	1238223	16	M	126	A		-1	4047.42485856	[1, 1, 1, 1, 1, 1, 1, 1, 1, 1, 1, 1]
	1444972	1315766	1312374	16	M	165	A		-1	4047.49634498	[1, 1, 1, 1, 1, 1, 1, 1, 1, 1, 1, 1]
	1463441	1316460	1005684	16	M	62	A		-1	4047.52682783	[1, 1, 1, 1, 1, 1, 1, 1, 1, 1, 1, 1]
	1413281	1315310	1306142	16	M	177	A		-1	4047.5566275	[1, 1, 1, 1, 1, 1, 1, 1, 1, 1, 1, 1]
	1382010	1233316	1215776	15	M	194	A		-1	4047.66707277	[1, 1, 1, 1, 1, 1, 1, 1, 1, 1, 1, 1]
	1488314	1317534	1256398	16	M	111	A		-1	4047.90239993	[1, 1, 1, 1, 1, 1, 1, 1, 1, 1, 1, 1]
	1296954	1294311	1273566	15	M	63	A		-1	4047.995424	[1, 1, 1, 1, 1, 1, 1, 1, 1, 1, 1, 1]
	1311580	1228593	1135971	15	M	13	A		-1	4048.0774718	[1, 1, 1, 1, 1, 1, 1, 1, 1, 1, 1, 1]
	1449733	1316047	1385763	16	M	6	A		-1	4048.20658164	[1, 1, 1, 1, 1, 1, 1, 1, 1, 1, 1, 1]
	1489857	1317561	1339840	16	M	23	A		-1	4048.34767506	[1, 1, 1, 1, 1, 1, 1, 1, 1, 1, 1, 1]
	1475710	1319891	1366669	16	M	163	A		-1	4048.53804492	[1, 1, 1, 1, 1, 1, 1, 1, 1, 1, 1, 1]
	1339824	1230767	1286941	15	M	59	A		-1	4048.62112849	[1, 1, 1, 1, 1, 1, 1, 1, 1, 1, 1, 1]
	1386811	1233454	1272713	15	M	66	A		-1	4048.65895889	[1, 1, 1, 1, 1, 1, 1, 1, 1, 1, 1, 1]
	1396939	1394386	1380667	16	M	28	A		-1	4048.75666112	[1, 1, 1, 1, 1, 1, 1, 1, 1, 1, 1, 1]
	1449972	1316047	1319394	16	M	53	A		-1	4048.93162209	[1, 1, 1, 1, 1, 1, 1, 1, 1, 1, 1, 1]
	1472377	1317330	1383742	16	M	184	A		-1	4049.01699756	[1, 1, 1, 1, 1, 1, 1, 1, 1, 1, 1, 1]
	1416452	1315323	1379420	16	M	153	A		-1	4049.22477828	[1, 1, 1, 1, 1, 1, 1, 1, 1, 1, 1, 1]
	1482064	1317429	1165002	16	M	37	A		-1	4049.25504265	[1, 1, 1, 1, 1, 1, 1, 1, 1, 1, 1, 1]
	1411643	1315310	1353949	16	M	37	A		-1	4049.30264696	[1, 1, 1, 1, 1, 1, 1, 1, 1, 1, 1, 1]
	1364767	1232717	1273632	15	M	77	A		-1	4049.32235624	[1, 1, 1, 1, 1, 1, 1, 1, 1, 1, 1, 1]
	1461012	1316460	1302952	16	M	62	A		-1	4049.84538029	[1, 1, 1, 1, 1, 1, 1, 1, 1, 1, 1, 1]
	1449638	1316047	1335013	16	M	195	A		-1	4049.97522333	[1, 1, 1, 1, 1, 1, 1, 1, 1, 1, 1, 1]
	1459627	1316460	1256591	16	M	4	A		-1	4050.15237145	[1, 1, 1, 1, 1, 1, 1, 1, 1, 1, 1, 1]
	1468115	1316514	1377330	16	M	98	A		-1	4050.33393792	[1, 1, 1, 1, 1, 1, 1, 1, 1, 1, 1, 1]
	1440240	1315705	1365861	16	M	29	A		-1	4050.48178051	[1, 1, 1, 1, 1, 1, 1, 1, 1, 1, 1, 1]
	1473234	1317330	1338020	16	M	44	A		-1	4050.5221772	[1, 1, 1, 1, 1, 1, 1, 1, 1, 1, 1, 1]
	1458671	1316392	1373323	16	M	70	A		-1	4050.52873819	[1, 1, 1, 1, 1, 1, 1, 1, 1, 1, 1, 1]
	1491596	1317561	1336878	16	M	2	A		-1	4050.5794742	[1, 1, 1, 1, 1, 1, 1, 1, 1, 1, 1, 1]
	1449301	1315766	1380911	16	M	186	A		-1	4050.68646724	[1, 1, 1, 1, 1, 1, 1, 1, 1, 1, 1, 1]
	1431958	1315503	1315266	16	M	194	A		-1	4050.78148126	[1, 1, 1, 1, 1, 1, 1, 1, 1, 1, 1, 1]
	1420830	1315352	1290603	16	M	53	A		-1	4050.841087	[1, 1, 1, 1, 1, 1, 1, 1, 1, 1, 1, 1]
	1491333	1317561	1296198	16	M	130	A		-1	4051.40214962	[1, 1, 1, 1, 1, 1, 1, 1, 1, 1, 1, 1]
	1449543	1316047	1322222	16	M	106	A		-1	4051.41561286	[1, 1, 1, 1, 1, 1, 1, 1, 1, 1, 1, 1]
	1399353	1394386	1297526	16	M	117	A		-1	4051.49387884	[1, 1, 1, 1, 1, 1, 1, 1, 1, 1, 1, 1]
	1411995	1315310	1391837	16	M	123	A		-1	4051.60866506	[1, 1, 1, 1, 1, 1, 1, 1, 1, 1, 1, 1]
	1414869	1315323	1352550	16	M	147	A		-1	4051.86365563	[1, 1, 1, 1, 1, 1, 1, 1, 1, 1, 1, 1]
	1462610	1316460	1172651	16	M	12	A		-1	4052.5989949	[1, 1, 1, 1, 1, 1, 1, 1, 1, 1, 1, 1]
	1404040	1316769	1115269	16	M	147	A		-1	4052.86707417	[1, 1, 1, 1, 1, 1, 1, 1, 1, 1, 1, 1]
	1458295	1316392	1277798	16	M	196	A		-1	4052.98154313	[1, 1, 1, 1, 1, 1, 1, 1, 1, 1, 1, 1]
	1408880	1315140	1361502	16	M	173	A		-1	4053.52289728	[1, 1, 1, 1, 1, 1, 1, 1, 1, 1, 1, 1]
	1417263	1315323	1344350	16	M	9	A		-1	4053.91749973	[1, 1, 1, 1, 1, 1, 1, 1, 1, 1, 1, 1]
	1419975	1315352	1254458	16	M	66	A		-1	4053.94072176	[1, 1, 1, 1, 1, 1, 1, 1, 1, 1, 1, 1]
	1398170	1394386	1294723	16	M	17	A		-1	4053.95105747	[1, 1, 1, 1, 1, 1, 1, 1, 1, 1, 1, 1]
	1448915	1315766	1340060	16	M	149	A		-1	4054.07980752	[1, 1, 1, 1, 1, 1, 1, 1, 1, 1, 1, 1]
	1464592	1316514	1377017	16	M	85	A		-1	4054.31829771	[1, 1, 1, 1, 1, 1, 1, 1, 1, 1, 1, 1]
	1430391	1315503	1306696	16	M	112	A		-1	4054.33504383	[1, 1, 1, 1, 1, 1, 1, 1, 1, 1, 1, 1]
	1475101	1319891	1325966	16	M	130	A		-1	4054.34441434	[1, 1, 1, 1, 1, 1, 1, 1, 1, 1, 1, 1]
	1424383	1315352	1273242	16	M	157	A		-1	4054.61131671	[1, 1, 1, 1, 1, 1, 1, 1, 1, 1, 1, 1]
	1458872	1316392	1320361	16	M	29	A		-1	4054.87372221	[1, 1, 1, 1, 1, 1, 1, 1, 1, 1, 1, 1]
	1468820	1316514	1278752	16	M	194	A		-1	4054.90571893	[1, 1, 1, 1, 1, 1, 1, 1, 1, 1, 1, 1]
	1416243	1315323	1299965	16	M	18	A		-1	4054.91216621	[1, 1, 1, 1, 1, 1, 1, 1, 1, 1, 1, 1]
	1413040	1315310	1200346	16	M	134	A		-1	4055.11385205	[1, 1, 1, 1, 1, 1, 1, 1, 1, 1, 1, 1]
	1470136	1317330	1289212	16	M	160	A		-1	4055.4370176	[1, 1, 1, 1, 1, 1, 1, 1, 1, 1, 1, 1]
	1395025	1394386	1334282	16	M	188	A		-1	4055.48035824	[1, 1, 1, 1, 1, 1, 1, 1, 1, 1, 1, 1]
	1445327	1315766	1193671	16	M	22	A		-1	4055.52511375	[1, 1, 1, 1, 1, 1, 1, 1, 1, 1, 1, 1]
	1489127	1317534	1308292	16	M	57	A		-1	4055.9893085	[1, 1, 1, 1, 1, 1, 1, 1, 1, 1, 1, 1]
	1413779	1315310	1364256	16	M	56	A		-1	4055.99307552	[1, 1, 1, 1, 1, 1, 1, 1, 1, 1, 1, 1]
	1418700	1315323	1328639	16	M	161	A		-1	4056.45175435	[1, 1, 1, 1, 1, 1, 1, 1, 1, 1, 1, 1]
	1463714	1316460	1313871	16	M	151	A		-1	4056.62318373	[1, 1, 1, 1, 1, 1, 1, 1, 1, 1, 1, 1]
	1448799	1315766	1338355	16	M	170	A		-1	4056.90447537	[1, 1, 1, 1, 1, 1, 1, 1, 1, 1, 1, 1]
	1296982	1294311	1264405	15	M	48	A		-1	4057.37429121	[1, 1, 1, 1, 1, 1, 1, 1, 1, 1, 1, 1]
	1447856	1315766	1160644	16	M	172	A		-1	4057.40498267	[1, 1, 1, 1, 1, 1, 1, 1, 1, 1, 1, 1]
	1457522	1316392	1281323	16	M	181	A		-1	4057.54895822	[1, 1, 1, 1, 1, 1, 1, 1, 1, 1, 1, 1]
	1401860	1316769	1359260	16	M	165	A		-1	4057.89024119	[1, 1, 1, 1, 1, 1, 1, 1, 1, 1, 1, 1]
	1493507	1317561	1358627	16	M	20	A		-1	4058.9238824	[1, 1, 1, 1, 1, 1, 1, 1, 1, 1, 1, 1]
	1410080	1315310	1326092	16	M	49	A		-1	4058.9590206	[1, 1, 1, 1, 1, 1, 1, 1, 1, 1, 1, 1]
	1403632	1316769	1306321	16	M	177	A		-1	4059.09652179	[1, 1, 1, 1, 1, 1, 1, 1, 1, 1, 1, 1]
	1456315	1316392	1323517	16	M	22	A		-1	4059.17462685	[1, 1, 1, 1, 1, 1, 1, 1, 1, 1, 1, 1]
	1446389	1315766	1298617	16	M	166	A		-1	4059.40885489	[1, 1, 1, 1, 1, 1, 1, 1, 1, 1, 1, 1]
	1458800	1316392	1321226	16	M	177	A		-1	4059.43105515	[1, 1, 1, 1, 1, 1, 1, 1, 1, 1, 1, 1]
	1451227	1316047	1327599	16	M	145	A		-1	4059.49060756	[1, 1, 1, 1, 1, 1, 1, 1, 1, 1, 1, 1]
	1439774	1315705	1368215	16	M	163	A		-1	4059.50226473	[1, 1, 1, 1, 1, 1, 1, 1, 1, 1, 1, 1]
	1399705	1316769	1203422	16	M	126	A		-1	4059.82437455	[1, 1, 1, 1, 1, 1, 1, 1, 1, 1, 1, 1]
	1454382	1316047	1318599	16	M	192	A		-1	4060.28635298	[1, 1, 1, 1, 1, 1, 1, 1, 1, 1, 1, 1]
	1419727	1315352	1352213	16	M	56	A		-1	4060.33562969	[1, 1, 1, 1, 1, 1, 1, 1, 1, 1, 1, 1]
	1424120	1315352	1325413	16	M	47	A		-1	4060.46886871	[1, 1, 1, 1, 1, 1, 1, 1, 1, 1, 1, 1]
	1414187	1315310	1312710	16	M	116	A		-1	4060.54719526	[1, 1, 1, 1, 1, 1, 1, 1, 1, 1, 1, 1]
	1449207	1315766	1374580	16	M	1	A		-1	4060.96640112	[1, 1, 1, 1, 1, 1, 1, 1, 1, 1, 1, 1]
	1325528	1229437	1224622	15	M	37	A		-1	4061.28553726	[1, 1, 1, 1, 1, 1, 1, 1, 1, 1, 1, 1]
	1414900	1315323	1199783	16	M	35	A		-1	4061.68328309	[1, 1, 1, 1, 1, 1, 1, 1, 1, 1, 1, 1]
	1458740	1316392	1338258	16	M	181	A		-1	4061.74913952	[1, 1, 1, 1, 1, 1, 1, 1, 1, 1, 1, 1]
	1470705	1317330	1390509	16	M	130	A		-1	4062.27460914	[1, 1, 1, 1, 1, 1, 1, 1, 1, 1, 1, 1]
	1468182	1316514	1341465	16	M	120	A		-1	4062.40137549	[1, 1, 1, 1, 1, 1, 1, 1, 1, 1, 1, 1]
	1476604	1319891	1367634	16	M	197	A		-1	4062.41030812	[1, 1, 1, 1, 1, 1, 1, 1, 1, 1, 1, 1]
	1446695	1315766	1298344	16	M	16	A		-1	4062.48961495	[1, 1, 1, 1, 1, 1, 1, 1, 1, 1, 1, 1]
	1407819	1315140	1246640	16	M	49	A		-1	4062.83225047	[1, 1, 1, 1, 1, 1, 1, 1, 1, 1, 1, 1]
	1402249	1316769	1220432	16	M	134	A		-1	4062.8731709	[1, 1, 1, 1, 1, 1, 1, 1, 1, 1, 1, 1]
	1476909	1319891	1320694	16	M	5	A		-1	4062.93691253	[1, 1, 1, 1, 1, 1, 1, 1, 1, 1, 1, 1]
	1466829	1316514	1276558	16	M	71	A		-1	4062.9871215	[1, 1, 1, 1, 1, 1, 1, 1, 1, 1, 1, 1]
	1399657	1316769	1318811	16	M	157	A		-1	4063.1134272	[1, 1, 1, 1, 1, 1, 1, 1, 1, 1, 1, 1]
	1464852	1316514	1306602	16	M	28	A		-1	4063.19514123	[1, 1, 1, 1, 1, 1, 1, 1, 1, 1, 1, 1]
	1415695	1315323	1308649	16	M	151	A		-1	4063.86967175	[1, 1, 1, 1, 1, 1, 1, 1, 1, 1, 1, 1]
	1419477	1315352	1327485	16	M	21	A		-1	4064.06659533	[1, 1, 1, 1, 1, 1, 1, 1, 1, 1, 1, 1]
	1432815	1315503	1386019	16	M	154	A		-1	4064.33744342	[1, 1, 1, 1, 1, 1, 1, 1, 1, 1, 1, 1]
	1406993	1315140	1330918	16	M	164	A		-1	4064.34516057	[1, 1, 1, 1, 1, 1, 1, 1, 1, 1, 1, 1]
	1457368	1316392	1229298	16	M	58	A		-1	4064.40604809	[1, 1, 1, 1, 1, 1, 1, 1, 1, 1, 1, 1]
	1486452	1317534	1329944	16	M	37	A		-1	4064.45604766	[1, 1, 1, 1, 1, 1, 1, 1, 1, 1, 1, 1]
	1446857	1315766	1381036	16	M	38	A		-1	4065.61717229	[1, 1, 1, 1, 1, 1, 1, 1, 1, 1, 1, 1]
	1482936	1317429	1319596	16	M	35	A		-1	4065.62494736	[1, 1, 1, 1, 1, 1, 1, 1, 1, 1, 1, 1]
	1455521	1316392	1356338	16	M	31	A		-1	4065.69953908	[1, 1, 1, 1, 1, 1, 1, 1, 1, 1, 1, 1]
	1489237	1317534	1372439	16	M	169	A		-1	4065.77125496	[1, 1, 1, 1, 1, 1, 1, 1, 1, 1, 1, 1]
	1420563	1315352	1327442	16	M	189	A		-1	4065.87120606	[1, 1, 1, 1, 1, 1, 1, 1, 1, 1, 1, 1]
	1443271	1315705	1295063	16	M	112	A		-1	4065.89572035	[1, 1, 1, 1, 1, 1, 1, 1, 1, 1, 1, 1]
	1438355	1315606	1323244	16	M	17	A		-1	4065.95663458	[1, 1, 1, 1, 1, 1, 1, 1, 1, 1, 1, 1]
	1397902	1394386	1326456	16	M	63	A		-1	4066.12833054	[1, 1, 1, 1, 1, 1, 1, 1, 1, 1, 1, 1]
	1424977	1315388	1197871	16	M	187	A		-1	4066.33763897	[1, 1, 1, 1, 1, 1, 1, 1, 1, 1, 1, 1]
	1410883	1315310	1075371	16	M	58	A		-1	4066.63091877	[1, 1, 1, 1, 1, 1, 1, 1, 1, 1, 1, 1]
	1415699	1315323	1321011	16	M	160	A		-1	4066.68161603	[1, 1, 1, 1, 1, 1, 1, 1, 1, 1, 1, 1]
	1461488	1316460	1153440	16	M	121	A		-1	4067.34174787	[1, 1, 1, 1, 1, 1, 1, 1, 1, 1, 1, 1]
	1425039	1315388	1303983	16	M	47	A		-1	4067.40848121	[1, 1, 1, 1, 1, 1, 1, 1, 1, 1, 1, 1]
	1357298	1231917	1203013	15	M	151	A		-1	4067.49895399	[1, 1, 1, 1, 1, 1, 1, 1, 1, 1, 1, 1]
	1453929	1316047	1392898	16	M	88	A		-1	4067.52309443	[1, 1, 1, 1, 1, 1, 1, 1, 1, 1, 1, 1]
	1437829	1315606	1239345	16	M	156	A		-1	4067.52710106	[1, 1, 1, 1, 1, 1, 1, 1, 1, 1, 1, 1]
	1458284	1316392	1374914	16	M	18	A		-1	4067.53466296	[1, 1, 1, 1, 1, 1, 1, 1, 1, 1, 1, 1]
	1409731	1315310	1392721	16	M	14	A		-1	4067.57061559	[1, 1, 1, 1, 1, 1, 1, 1, 1, 1, 1, 1]
	1434978	1315606	1316541	16	M	164	A		-1	4067.72504516	[1, 1, 1, 1, 1, 1, 1, 1, 1, 1, 1, 1]
	1425985	1315388	1310665	16	M	155	A		-1	4068.01933331	[1, 1, 1, 1, 1, 1, 1, 1, 1, 1, 1, 1]
	1433310	1315503	1359910	16	M	190	A		-1	4068.25436262	[1, 1, 1, 1, 1, 1, 1, 1, 1, 1, 1, 1]
	1468423	1316514	1111481	16	M	102	A		-1	4068.80555301	[1, 1, 1, 1, 1, 1, 1, 1, 1, 1, 1, 1]
	1428138	1315388	1353139	16	M	180	A		-1	4068.85160273	[1, 1, 1, 1, 1, 1, 1, 1, 1, 1, 1, 1]
	1446588	1315766	1392512	16	M	105	A		-1	4069.18127927	[1, 1, 1, 1, 1, 1, 1, 1, 1, 1, 1, 1]
	1463654	1316460	1292756	16	M	14	A		-1	4069.37239301	[1, 1, 1, 1, 1, 1, 1, 1, 1, 1, 1, 1]
	1418821	1315323	1136997	16	M	151	A		-1	4069.52936096	[1, 1, 1, 1, 1, 1, 1, 1, 1, 1, 1, 1]
	1418364	1315323	1306938	16	M	76	A		-1	4069.5355353	[1, 1, 1, 1, 1, 1, 1, 1, 1, 1, 1, 1]
	1349484	1231624	1214255	15	M	153	A		-1	4070.23892084	[1, 1, 1, 1, 1, 1, 1, 1, 1, 1, 1, 1]
	1448566	1315766	1356125	16	M	197	A		-1	4070.36821199	[1, 1, 1, 1, 1, 1, 1, 1, 1, 1, 1, 1]
	1425833	1315388	1337544	16	M	25	A		-1	4071.2351743	[1, 1, 1, 1, 1, 1, 1, 1, 1, 1, 1, 1]
	1406784	1315140	1351470	16	M	48	A		-1	4071.30141236	[1, 1, 1, 1, 1, 1, 1, 1, 1, 1, 1, 1]
	1446900	1315766	1310019	16	M	21	A		-1	4071.47087473	[1, 1, 1, 1, 1, 1, 1, 1, 1, 1, 1, 1]
	1421132	1315352	1340954	16	M	125	A		-1	4071.55610899	[1, 1, 1, 1, 1, 1, 1, 1, 1, 1, 1, 1]
	1417166	1315323	1313044	16	M	95	A		-1	4071.77837979	[1, 1, 1, 1, 1, 1, 1, 1, 1, 1, 1, 1]
	1446866	1315766	1257309	16	M	3	A		-1	4071.79786948	[1, 1, 1, 1, 1, 1, 1, 1, 1, 1, 1, 1]
	1421552	1315352	1322579	16	M	110	A		-1	4071.86600894	[1, 1, 1, 1, 1, 1, 1, 1, 1, 1, 1, 1]
	1426231	1315388	1386455	16	M	44	A		-1	4071.88080297	[1, 1, 1, 1, 1, 1, 1, 1, 1, 1, 1, 1]
	1460318	1316460	1291358	16	M	47	A		-1	4072.23020934	[1, 1, 1, 1, 1, 1, 1, 1, 1, 1, 1, 1]
	1473597	1317330	1321598	16	M	151	A		-1	4072.34157708	[1, 1, 1, 1, 1, 1, 1, 1, 1, 1, 1, 1]
	1485161	1317534	1312436	16	M	84	A		-1	4072.43203274	[1, 1, 1, 1, 1, 1, 1, 1, 1, 1, 1, 1]
	1443410	1315705	1358941	16	M	97	A		-1	4072.5574404	[1, 1, 1, 1, 1, 1, 1, 1, 1, 1, 1, 1]
	1455934	1316392	1236516	16	M	158	A		-1	4073.02317421	[1, 1, 1, 1, 1, 1, 1, 1, 1, 1, 1, 1]
	1434766	1315606	1386700	16	M	126	A		-1	4073.17493508	[1, 1, 1, 1, 1, 1, 1, 1, 1, 1, 1, 1]
	1465902	1316514	1377058	16	M	34	A		-1	4073.47846632	[1, 1, 1, 1, 1, 1, 1, 1, 1, 1, 1, 1]
	1345577	1231421	1207591	15	M	133	A		-1	4074.19006973	[1, 1, 1, 1, 1, 1, 1, 1, 1, 1, 1, 1]
	1413825	1315310	1327738	16	M	25	A		-1	4074.2339089	[1, 1, 1, 1, 1, 1, 1, 1, 1, 1, 1, 1]
	1352114	1231624	1224332	15	M	151	A		-1	4074.26079791	[1, 1, 1, 1, 1, 1, 1, 1, 1, 1, 1, 1]
	1447231	1315766	1368758	16	M	97	A		-1	4074.35964019	[1, 1, 1, 1, 1, 1, 1, 1, 1, 1, 1, 1]
	1402220	1316769	1273108	16	M	67	A		-1	4074.78156302	[1, 1, 1, 1, 1, 1, 1, 1, 1, 1, 1, 1]
	1409912	1315310	1366754	16	M	168	A		-1	4074.95585811	[1, 1, 1, 1, 1, 1, 1, 1, 1, 1, 1, 1]
	1421163	1315352	1314060	16	M	87	A		-1	4075.37493821	[1, 1, 1, 1, 1, 1, 1, 1, 1, 1, 1, 1]
	1486627	1317534	1332347	16	M	142	A		-1	4075.51933126	[1, 1, 1, 1, 1, 1, 1, 1, 1, 1, 1, 1]
	1424103	1315352	1344450	16	M	186	A		-1	4075.52741685	[1, 1, 1, 1, 1, 1, 1, 1, 1, 1, 1, 1]
	1428722	1315388	1311601	16	M	21	A		-1	4075.55357821	[1, 1, 1, 1, 1, 1, 1, 1, 1, 1, 1, 1]
	1486689	1317534	1245191	16	M	138	A		-1	4075.68130176	[1, 1, 1, 1, 1, 1, 1, 1, 1, 1, 1, 1]
	1470249	1317330	1392799	16	M	83	A		-1	4076.43151801	[1, 1, 1, 1, 1, 1, 1, 1, 1, 1, 1, 1]
	1409155	1315140	1310744	16	M	199	A		-1	4076.52722426	[1, 1, 1, 1, 1, 1, 1, 1, 1, 1, 1, 1]
	1465304	1316514	1345788	16	M	25	A		-1	4076.70760213	[1, 1, 1, 1, 1, 1, 1, 1, 1, 1, 1, 1]
	1468103	1316514	1331748	16	M	30	A		-1	4077.03689789	[1, 1, 1, 1, 1, 1, 1, 1, 1, 1, 1, 1]
	1412090	1315310	1366139	16	M	23	A		-1	4077.6022202	[1, 1, 1, 1, 1, 1, 1, 1, 1, 1, 1, 1]
	1405418	1315140	1299747	16	M	157	A		-1	4077.65420481	[1, 1, 1, 1, 1, 1, 1, 1, 1, 1, 1, 1]
	1465315	1316514	1209807	16	M	14	A		-1	4077.85532997	[1, 1, 1, 1, 1, 1, 1, 1, 1, 1, 1, 1]
	1448279	1315766	1317915	16	M	123	A		-1	4078.21230325	[1, 1, 1, 1, 1, 1, 1, 1, 1, 1, 1, 1]
	1461774	1316460	1350941	16	M	57	A		-1	4078.29244096	[1, 1, 1, 1, 1, 1, 1, 1, 1, 1, 1, 1]
	1471791	1317330	1293959	16	M	79	A		-1	4078.72333531	[1, 1, 1, 1, 1, 1, 1, 1, 1, 1, 1, 1]
	1450374	1316047	1381477	16	M	196	A		-1	4079.0414617	[1, 1, 1, 1, 1, 1, 1, 1, 1, 1, 1, 1]
	1433460	1315503	1326091	16	M	166	A		-1	4079.08010989	[1, 1, 1, 1, 1, 1, 1, 1, 1, 1, 1, 1]
	1479870	1317429	1280676	16	M	141	A		-1	4079.14881347	[1, 1, 1, 1, 1, 1, 1, 1, 1, 1, 1, 1]
	1414710	1315323	1307539	16	M	141	A		-1	4080.60690297	[1, 1, 1, 1, 1, 1, 1, 1, 1, 1, 1, 1]
	1346793	1231421	1213952	15	M	166	A		-1	4080.61134467	[1, 1, 1, 1, 1, 1, 1, 1, 1, 1, 1, 1]
	1395421	1394386	1353310	16	M	45	A		-1	4080.85646632	[1, 1, 1, 1, 1, 1, 1, 1, 1, 1, 1, 1]
	1416316	1315323	1349605	16	M	24	A		-1	4080.8967306	[1, 1, 1, 1, 1, 1, 1, 1, 1, 1, 1, 1]
	1421192	1315352	1313144	16	M	136	A		-1	4081.1021201	[1, 1, 1, 1, 1, 1, 1, 1, 1, 1, 1, 1]
	1334135	1230012	1225722	15	M	6	A		-1	4081.46060867	[1, 1, 1, 1, 1, 1, 1, 1, 1, 1, 1, 1]
	1443055	1315705	1317864	16	M	50	A		-1	4081.83348281	[1, 1, 1, 1, 1, 1, 1, 1, 1, 1, 1, 1]
	1418285	1315323	1313240	16	M	194	A		-1	4082.03204531	[1, 1, 1, 1, 1, 1, 1, 1, 1, 1, 1, 1]
	1447387	1315766	1364234	16	M	160	A		-1	4082.08955898	[1, 1, 1, 1, 1, 1, 1, 1, 1, 1, 1, 1]
	1478810	1319891	1313324	16	M	109	A		-1	4082.57495493	[1, 1, 1, 1, 1, 1, 1, 1, 1, 1, 1, 1]
	1479030	1319891	1353295	16	M	33	A		-1	4082.91813679	[1, 1, 1, 1, 1, 1, 1, 1, 1, 1, 1, 1]
	1483466	1317429	1338331	16	M	133	A		-1	4083.39891635	[1, 1, 1, 1, 1, 1, 1, 1, 1, 1, 1, 1]
	1454369	1316047	1359948	16	M	138	A		-1	4083.41039746	[1, 1, 1, 1, 1, 1, 1, 1, 1, 1, 1, 1]
	1445348	1315766	1056214	16	M	154	A		-1	4083.78210202	[1, 1, 1, 1, 1, 0, 1, 1, 1, 1, 1, 1]
	1323484	1229115	1196697	15	M	178	A		-1	4083.85336576	[1, 1, 1, 1, 1, 1, 1, 1, 1, 1, 1, 1]
	1456732	1316392	1358504	16	M	180	A		-1	4083.9204311	[1, 1, 1, 1, 1, 1, 1, 1, 1, 1, 1, 1]
	1491086	1317561	1359771	16	M	90	A		-1	4084.06761654	[1, 1, 1, 1, 1, 1, 1, 1, 1, 1, 1, 1]
	1420329	1315352	1325501	16	M	13	A		-1	4084.27734032	[1, 1, 1, 1, 1, 1, 1, 1, 1, 1, 1, 1]
	1414507	1315323	1346882	16	M	101	A		-1	4084.55631398	[1, 1, 1, 1, 1, 1, 1, 1, 1, 1, 1, 1]
	1466148	1316514	1387075	16	M	182	A		-1	4085.13034175	[1, 1, 1, 1, 1, 1, 1, 1, 1, 1, 1, 1]
	1376003	1235980	1210857	15	M	37	A		-1	4085.19220326	[1, 1, 1, 1, 1, 1, 1, 1, 1, 1, 1, 1]
	1444095	1315705	1384542	16	M	197	A		-1	4085.2576699	[1, 1, 1, 1, 1, 1, 1, 1, 1, 1, 1, 1]
	1459546	1316460	1356317	16	M	136	A		-1	4085.28325191	[1, 1, 1, 1, 1, 1, 1, 1, 1, 1, 1, 1]
	1425804	1315388	1324857	16	M	54	A		-1	4085.83110825	[1, 1, 1, 1, 1, 1, 1, 1, 1, 1, 1, 1]
	1387756	1233454	1263725	15	M	191	A		-1	4085.92920291	[1, 1, 1, 1, 1, 1, 1, 1, 1, 1, 1, 1]
	1450032	1316047	1091454	16	M	165	A		-1	4086.07090038	[1, 1, 1, 1, 1, 1, 1, 1, 1, 1, 1, 1]
	1450832	1316047	1305861	16	M	41	A		-1	4086.18063658	[1, 1, 1, 1, 1, 1, 1, 1, 1, 1, 1, 1]
	1449006	1315766	1308238	16	M	1	A		-1	4086.4931649	[1, 1, 1, 1, 1, 1, 1, 1, 1, 1, 1, 1]
	1318906	1228667	1222304	15	M	197	A		-1	4086.91606774	[1, 1, 1, 1, 1, 1, 1, 1, 1, 1, 1, 1]
	1490552	1317561	1352649	16	M	138	A		-1	4087.19547686	[1, 1, 1, 1, 1, 1, 1, 1, 1, 1, 1, 1]
	1358160	1231917	1246528	15	M	54	A		-1	4087.70914571	[1, 1, 1, 1, 1, 1, 1, 1, 1, 1, 1, 1]
	1427780	1315388	1394433	16	M	41	A		-1	4088.00463491	[1, 1, 1, 1, 1, 1, 1, 1, 1, 1, 1, 1]
	1405222	1315140	1211663	16	M	16	A		-1	4088.36180868	[1, 1, 1, 1, 1, 1, 1, 1, 1, 1, 1, 1]
	1471641	1317330	1367844	16	M	178	A		-1	4089.25544106	[1, 1, 1, 1, 1, 1, 1, 1, 1, 1, 1, 1]
	1440391	1315705	1372025	16	M	186	A		-1	4089.30871251	[1, 1, 1, 1, 1, 1, 1, 1, 1, 1, 1, 1]
	1458215	1316392	1388651	16	M	151	A		-1	4089.83139748	[1, 1, 1, 1, 1, 1, 1, 1, 1, 1, 1, 1]
	1411359	1315310	1341525	16	M	162	A		-1	4090.44655442	[1, 1, 1, 1, 1, 1, 1, 1, 1, 1, 1, 1]
	1479223	1319891	1324442	16	M	121	A		-1	4090.70301047	[1, 1, 1, 1, 1, 1, 1, 1, 1, 1, 1, 1]
	1390690	1233465	1211825	15	M	59	A		-1	4090.76475847	[1, 1, 1, 1, 1, 1, 1, 1, 1, 1, 1, 1]
	1424817	1315388	1305623	16	M	172	A		-1	4091.3971115	[1, 1, 1, 1, 1, 1, 1, 1, 1, 1, 1, 1]
	1433211	1315503	1358934	16	M	198	A		-1	4091.93125235	[1, 1, 1, 1, 1, 1, 1, 1, 1, 1, 1, 1]
	1449463	1316047	1353806	16	M	120	A		-1	4092.1408815	[1, 1, 1, 1, 1, 1, 1, 1, 1, 1, 1, 1]
	1481642	1317429	1323889	16	M	0	A		-1	4092.17683309	[1, 1, 1, 1, 1, 1, 1, 1, 1, 1, 1, 1]
	1461335	1316460	1311917	16	M	34	A		-1	4092.32159904	[1, 1, 1, 1, 1, 1, 1, 1, 1, 1, 1, 1]
	1413807	1315310	1391335	16	M	3	A		-1	4092.86978967	[1, 1, 1, 1, 1, 1, 1, 1, 1, 1, 1, 1]
	1407564	1315140	1291705	16	M	22	A		-1	4092.90473181	[1, 1, 1, 1, 1, 1, 1, 1, 1, 1, 1, 1]
	1442672	1315705	1386459	16	M	132	A		-1	4092.90559531	[1, 1, 1, 1, 1, 1, 1, 1, 1, 1, 1, 1]
	1397825	1394386	1380024	16	M	113	A		-1	4093.14726421	[1, 1, 1, 1, 1, 1, 1, 1, 1, 1, 1, 1]
	1418487	1315323	1350778	16	M	76	A		-1	4093.54724915	[1, 1, 1, 1, 1, 1, 1, 1, 1, 1, 1, 1]
	1305679	1228072	1279849	15	M	115	A		-1	4093.92278332	[1, 1, 1, 1, 1, 1, 1, 1, 1, 1, 1, 1]
	1397915	1394386	1335229	16	M	135	A		-1	4094.02282171	[1, 1, 1, 1, 1, 1, 1, 1, 1, 1, 1, 1]
	1444478	1315766	1227946	16	M	65	A		-1	4094.54843951	[1, 1, 1, 1, 1, 1, 1, 1, 1, 1, 1, 1]
	1462858	1316460	1145806	16	M	178	A		-1	4094.60386275	[1, 1, 1, 1, 1, 1, 1, 1, 1, 1, 1, 1]
	1423543	1315352	1306954	16	M	116	A		-1	4095.26993875	[1, 1, 1, 1, 1, 1, 1, 1, 1, 1, 1, 1]
	1478097	1319891	1351332	16	M	42	A		-1	4096.37586734	[1, 1, 1, 1, 1, 1, 1, 1, 1, 1, 1, 1]
	1471793	1317330	1279812	16	M	107	A		-1	4096.88121485	[1, 1, 1, 1, 1, 1, 1, 1, 1, 1, 1, 1]
	1478370	1319891	1322769	16	M	27	A		-1	4097.07290052	[1, 1, 1, 1, 1, 1, 1, 1, 1, 1, 1, 1]
	1447905	1315766	1378639	16	M	1	A		-1	4098.01425857	[1, 1, 1, 1, 1, 1, 1, 1, 1, 1, 1, 1]
	1313250	1228593	1210224	15	M	23	A		-1	4099.25477588	[1, 1, 1, 1, 1, 1, 1, 1, 1, 1, 1, 1]
	1408383	1315140	1363147	16	M	190	A		-1	4099.61999105	[1, 1, 1, 1, 1, 1, 1, 1, 1, 1, 1, 1]
	1445222	1315766	1379431	16	M	152	A		-1	4100.77992498	[1, 1, 1, 1, 1, 1, 1, 1, 1, 1, 1, 1]
	1440573	1315705	1366933	16	M	59	A		-1	4100.91510032	[1, 1, 1, 1, 1, 1, 1, 1, 1, 1, 1, 1]
	1442414	1315705	1197357	16	M	39	A		-1	4101.00616518	[1, 1, 1, 1, 1, 1, 1, 1, 1, 1, 1, 1]
	1453748	1316047	1309664	16	M	195	A		-1	4102.49094798	[1, 1, 1, 1, 1, 1, 1, 1, 1, 1, 1, 1]
	1456280	1316392	1211825	16	M	59	A		-1	4103.07388166	[1, 1, 1, 1, 1, 1, 1, 1, 1, 1, 1, 1]
	1398275	1394386	1351620	16	M	32	A		-1	4103.18381393	[1, 1, 1, 1, 1, 1, 1, 1, 1, 1, 1, 1]
	1416555	1315323	1382524	16	M	73	A		-1	4103.5012782	[1, 1, 1, 1, 1, 1, 1, 1, 1, 1, 1, 1]
	1446579	1315766	1376416	16	M	63	A		-1	4103.50639473	[1, 1, 1, 1, 1, 1, 1, 1, 1, 1, 1, 1]
	1488305	1317534	1385880	16	M	145	A		-1	4103.68197842	[1, 1, 1, 1, 1, 1, 1, 1, 1, 1, 1, 1]
	1271086	1126118	1192861	14	M	37	A		-1	4104.16971322	[1, 1, 1, 1, 1, 1, 1, 1, 1, 1, 1, 1]
	1438260	1315606	1370319	16	M	81	A		-1	4104.35168419	[1, 1, 1, 1, 1, 1, 1, 1, 1, 1, 1, 1]
	1426900	1315388	1337984	16	M	43	A		-1	4105.34693601	[1, 1, 1, 1, 1, 1, 1, 1, 1, 1, 1, 1]
	1411932	1315310	1392564	16	M	170	A		-1	4106.54310559	[1, 1, 1, 1, 1, 1, 1, 1, 1, 1, 1, 1]
	1478366	1319891	1209178	16	M	106	A		-1	4106.91975094	[1, 1, 1, 1, 1, 1, 1, 1, 1, 1, 1, 1]
	1374967	1235980	1238426	15	M	178	A		-1	4107.27844915	[1, 1, 1, 1, 1, 1, 1, 1, 1, 1, 1, 1]
	1493424	1317561	1220806	16	M	195	A		-1	4107.45278789	[1, 1, 1, 1, 1, 1, 1, 1, 1, 1, 1, 1]
	1412049	1315310	1216507	16	M	97	A		-1	4107.64942811	[1, 1, 1, 1, 1, 1, 1, 1, 1, 1, 1, 1]
	1473395	1317330	1279563	16	M	43	A		-1	4108.1567661	[1, 1, 1, 1, 1, 1, 1, 1, 1, 1, 1, 1]
	1416981	1315323	1307959	16	M	147	A		-1	4108.44833201	[1, 1, 1, 1, 1, 1, 1, 1, 1, 1, 1, 0]
	1492360	1317561	1387001	16	M	148	A		-1	4108.89125309	[1, 1, 1, 1, 1, 1, 1, 1, 1, 1, 1, 1]
	1454144	1316047	1339944	16	M	39	A		-1	4110.66853912	[1, 1, 1, 1, 1, 1, 1, 1, 1, 1, 1, 1]
	1420258	1315352	1241383	16	M	173	A		-1	4111.26841345	[1, 1, 1, 1, 1, 1, 1, 1, 1, 1, 1, 1]
	1445405	1315766	1388869	16	M	66	A		-1	4112.20906528	[1, 1, 1, 1, 1, 1, 1, 1, 1, 1, 1, 1]
	1432153	1315503	1295282	16	M	92	A		-1	4112.66894626	[1, 1, 1, 1, 1, 1, 1, 1, 1, 1, 1, 1]
	1490889	1317561	1260231	16	M	115	A		-1	4112.97347441	[1, 1, 1, 1, 1, 1, 1, 1, 1, 1, 1, 1]
	1409566	1315310	1303326	16	M	122	A		-1	4113.24687311	[1, 1, 1, 1, 1, 1, 1, 1, 1, 1, 1, 1]
	1388985	1233454	1189612	15	M	1	A		-1	4113.82741643	[1, 1, 1, 1, 1, 1, 1, 1, 1, 1, 1, 0]
	1365221	1232717	1276898	15	M	11	A		-1	4114.24674187	[1, 1, 1, 1, 1, 1, 1, 1, 1, 1, 1, 1]
	1395971	1394386	1280862	16	M	68	A		-1	4114.3488259	[1, 1, 1, 1, 1, 1, 1, 1, 1, 1, 1, 1]
	1446076	1315766	1357364	16	M	164	A		-1	4114.42639568	[1, 1, 1, 1, 1, 1, 1, 1, 1, 1, 1, 1]
	1417669	1315323	1369228	16	M	84	A		-1	4114.99017924	[1, 1, 1, 1, 1, 1, 1, 1, 1, 1, 1, 1]
	1418239	1315323	1379556	16	M	131	A		-1	4115.05811509	[1, 1, 1, 1, 1, 1, 1, 1, 1, 1, 1, 1]
	1447056	1315766	1381061	16	M	183	A		-1	4115.17224639	[1, 1, 1, 1, 1, 1, 1, 1, 1, 1, 1, 1]
	1408553	1315140	1255173	16	M	103	A		-1	4115.48988215	[1, 1, 1, 1, 1, 1, 1, 1, 1, 1, 1, 1]
	1488590	1317534	1313625	16	M	106	A		-1	4115.54399511	[1, 1, 1, 1, 1, 1, 1, 1, 1, 1, 1, 1]
	1435360	1315606	1336831	16	M	155	A		-1	4116.32755879	[1, 1, 1, 1, 1, 1, 1, 1, 1, 1, 1, 1]
	1449325	1315766	1313768	16	M	136	A		-1	4116.34213212	[1, 1, 1, 1, 1, 1, 1, 1, 1, 1, 1, 1]
	1413733	1315310	1097949	16	M	122	A		-1	4116.34865798	[1, 1, 1, 1, 1, 1, 1, 1, 1, 1, 1, 1]
	1469868	1317330	1379351	16	M	118	A		-1	4116.64496874	[1, 1, 1, 1, 1, 1, 1, 1, 1, 1, 1, 1]
	1465417	1316514	1300128	16	M	84	A		-1	4117.18841794	[1, 1, 1, 1, 1, 1, 1, 1, 1, 1, 1, 1]
	1427438	1315388	1365442	16	M	34	A		-1	4117.37914377	[1, 1, 1, 1, 1, 1, 1, 1, 1, 1, 1, 1]
	1447887	1315766	1303453	16	M	147	A		-1	4117.4513412	[1, 1, 1, 1, 1, 1, 1, 1, 1, 1, 1, 1]
	1410740	1315310	1342693	16	M	171	A		-1	4118.6589429	[1, 1, 1, 1, 1, 1, 1, 1, 1, 1, 1, 1]
	1433810	1315503	1301597	16	M	111	A		-1	4118.73313733	[1, 1, 1, 1, 1, 1, 1, 1, 1, 1, 1, 1]
	1479167	1319891	1283559	16	M	156	A		-1	4118.81308947	[1, 1, 1, 1, 1, 1, 1, 1, 1, 1, 1, 1]
	1425673	1315388	1357613	16	M	35	A		-1	4118.89098604	[1, 1, 1, 1, 1, 1, 1, 1, 1, 1, 1, 1]
	1486253	1317534	1385767	16	M	33	A		-1	4119.21734667	[1, 1, 1, 1, 1, 1, 1, 1, 1, 1, 1, 1]
	1386321	1233454	1220429	15	M	57	A		-1	4119.24725724	[1, 1, 1, 1, 1, 1, 1, 1, 1, 1, 1, 1]
	1413402	1315310	1364114	16	M	48	A		-1	4119.8467811	[1, 1, 1, 1, 1, 1, 1, 1, 1, 1, 1, 1]
	1462983	1316460	1367386	16	M	16	A		-1	4120.20556516	[1, 1, 1, 1, 1, 1, 1, 1, 1, 1, 1, 1]
	1314643	1228667	1256077	15	M	180	A		-1	4120.55964305	[1, 1, 1, 1, 1, 1, 1, 1, 1, 1, 1, 1]
	1440384	1315705	1311945	16	M	147	A		-1	4120.59908196	[1, 1, 1, 1, 1, 1, 1, 1, 1, 1, 1, 1]
	1466220	1316514	1294971	16	M	133	A		-1	4120.62498164	[1, 1, 1, 1, 1, 1, 1, 1, 1, 1, 1, 1]
	1425371	1315388	1371412	16	M	15	A		-1	4120.76937234	[1, 1, 1, 1, 1, 1, 1, 1, 1, 1, 1, 1]
	1476150	1319891	1317278	16	M	164	A		-1	4120.87993541	[1, 1, 1, 1, 1, 1, 1, 1, 1, 1, 1, 1]
	1424861	1315388	1378538	16	M	38	A		-1	4120.9537761	[1, 1, 1, 1, 1, 1, 1, 1, 1, 1, 1, 1]
	1441019	1315705	1112524	16	M	144	A		-1	4120.9660877	[1, 1, 1, 1, 1, 1, 1, 1, 1, 1, 1, 1]
	1466043	1316514	1381262	16	M	36	A		-1	4121.10243102	[1, 1, 1, 1, 1, 1, 1, 1, 1, 1, 1, 1]
	1460991	1316460	1366317	16	M	3	A		-1	4121.58065522	[1, 1, 1, 1, 1, 1, 1, 1, 1, 1, 1, 1]
	1399600	1316769	1260791	16	M	156	A		-1	4123.84228069	[1, 1, 1, 1, 1, 1, 1, 1, 1, 1, 1, 1]
	1429788	1315503	1317060	16	M	169	A		-1	4124.20102242	[1, 1, 1, 1, 1, 1, 1, 1, 1, 1, 1, 1]
	1457528	1316392	1312165	16	M	194	A		-1	4124.43590517	[1, 1, 1, 1, 1, 1, 1, 1, 1, 1, 1, 1]
	1414923	1315323	1195112	16	M	62	A		-1	4124.61781629	[1, 1, 1, 1, 1, 1, 1, 1, 1, 1, 1, 1]
	1418121	1315323	1341938	16	M	144	A		-1	4124.96933075	[1, 1, 1, 1, 1, 1, 1, 1, 1, 1, 1, 1]
	1399687	1316769	1349387	16	M	171	A		-1	4125.22733283	[1, 1, 1, 1, 1, 1, 1, 1, 1, 1, 1, 1]
	1467803	1316514	1332418	16	M	185	A		-1	4125.52249419	[1, 1, 1, 1, 1, 1, 1, 1, 1, 1, 1, 1]
	1490225	1317561	1336521	16	M	77	A		-1	4125.73062421	[1, 1, 1, 1, 1, 1, 1, 1, 1, 1, 1, 1]
	1473713	1317330	1296665	16	M	119	A		-1	4125.91794498	[1, 1, 1, 1, 1, 1, 1, 1, 1, 1, 1, 1]
	1420986	1315352	1213123	16	M	119	A		-1	4126.99971497	[1, 1, 1, 1, 1, 1, 1, 1, 1, 1, 1, 1]
	1437460	1315606	1344883	16	M	105	A		-1	4127.09121796	[1, 1, 1, 1, 1, 1, 1, 1, 1, 1, 1, 1]
	1461447	1316460	1110422	16	M	25	A		-1	4127.11686733	[1, 1, 1, 1, 1, 1, 1, 1, 1, 1, 1, 1]
	1399810	1316769	1387514	16	M	127	A		-1	4127.61418482	[1, 1, 1, 1, 1, 1, 1, 1, 1, 1, 1, 1]
	1412157	1315310	1300811	16	M	121	A		-1	4127.69428073	[1, 1, 1, 1, 1, 1, 1, 1, 1, 1, 1, 1]
	1475446	1319891	1297307	16	M	28	A		-1	4128.26842914	[1, 1, 1, 1, 1, 1, 1, 1, 1, 1, 1, 1]
	1418862	1315323	1190061	16	M	85	A		-1	4128.31925728	[1, 1, 1, 1, 1, 1, 1, 1, 1, 1, 1, 1]
	1433892	1315503	1304963	16	M	52	A		-1	4129.47137559	[1, 1, 1, 1, 1, 1, 1, 1, 1, 1, 1, 1]
	1297501	1294311	1268677	15	M	6	A		-1	4130.08742952	[1, 1, 1, 1, 1, 1, 1, 1, 1, 1, 1, 1]
	1486111	1317534	1305893	16	M	9	A		-1	4130.10823825	[1, 1, 1, 1, 1, 1, 1, 1, 1, 1, 1, 1]
	1458194	1316392	1369337	16	M	33	A		-1	4131.60772869	[1, 1, 1, 1, 1, 1, 1, 1, 1, 1, 1, 1]
	1430215	1315503	1347511	16	M	39	A		-1	4131.86487469	[1, 1, 1, 1, 1, 1, 1, 1, 1, 1, 1, 1]
	1404413	1316769	1320648	16	M	40	A		-1	4132.79278816	[1, 1, 1, 1, 1, 1, 1, 1, 1, 1, 1, 1]
	1411574	1315310	1305159	16	M	152	A		-1	4133.16167975	[1, 1, 1, 1, 1, 1, 1, 1, 1, 1, 1, 1]
	1428166	1315388	1320397	16	M	39	A		-1	4133.25152953	[1, 1, 1, 1, 1, 1, 1, 1, 1, 1, 1, 1]
	1467889	1316514	1385499	16	M	23	A		-1	4133.51447859	[1, 1, 1, 1, 1, 1, 1, 1, 1, 1, 1, 1]
	1403645	1316769	1345301	16	M	109	A		-1	4134.32512231	[1, 1, 1, 1, 1, 1, 1, 1, 1, 1, 1, 1]
	1448559	1315766	1309134	16	M	124	A		-1	4134.50609749	[1, 1, 1, 1, 1, 1, 1, 1, 1, 1, 1, 1]
	1315766	1228667	1242732	15	M	94	A		-1	4134.55874822	[1, 1, 1, 1, 1, 1, 1, 1, 1, 1, 1, 1]
	1449788	1316047	1298045	16	M	17	A		-1	4134.86337951	[1, 1, 1, 1, 1, 1, 1, 1, 1, 1, 1, 1]
	1448364	1315766	1368570	16	M	157	A		-1	4134.95500693	[1, 1, 1, 1, 1, 1, 1, 1, 1, 1, 1, 1]
	1445280	1315766	1359594	16	M	11	A		-1	4136.41481354	[1, 1, 1, 1, 1, 1, 1, 1, 1, 1, 1, 1]
	1466490	1316514	1385476	16	M	123	A		-1	4136.59766188	[1, 1, 1, 1, 1, 1, 1, 1, 1, 1, 1, 1]
	1470211	1317330	1348567	16	M	65	A		-1	4136.74896218	[1, 1, 1, 1, 1, 1, 1, 1, 1, 1, 1, 1]
	1423162	1315352	1335349	16	M	148	A		-1	4137.16124943	[1, 1, 1, 1, 1, 1, 1, 1, 1, 1, 1, 1]
	1412628	1315310	1305478	16	M	80	A		-1	4137.38022706	[1, 1, 1, 1, 1, 1, 1, 1, 1, 1, 1, 1]
	1333400	1230012	1223523	15	M	82	A		-1	4138.86270172	[1, 1, 1, 1, 1, 1, 1, 1, 1, 1, 1, 1]
	1490243	1317561	1179777	16	M	118	A		-1	4139.31656497	[1, 1, 1, 1, 1, 1, 1, 1, 1, 1, 1, 1]
	1449960	1316047	1302851	16	M	86	A		-1	4139.64792692	[1, 1, 1, 1, 1, 1, 1, 1, 1, 1, 1, 1]
	1428001	1315388	1139663	16	M	38	A		-1	4140.1725447	[1, 1, 1, 1, 1, 1, 1, 1, 1, 1, 1, 1]
	1489597	1317561	1295265	16	M	98	A		-1	4140.85693113	[1, 1, 1, 1, 1, 1, 1, 1, 1, 1, 1, 1]
	1336304	1230690	1243431	15	M	56	A		-1	4142.77638476	[1, 1, 1, 1, 1, 1, 1, 1, 1, 1, 1, 1]
	1410975	1315310	1221817	16	M	123	A		-1	4143.24601083	[1, 1, 1, 1, 1, 1, 1, 1, 1, 1, 1, 1]
	1420558	1315352	1357829	16	M	172	A		-1	4143.46047227	[1, 1, 1, 1, 1, 1, 1, 1, 1, 1, 1, 1]
	1465320	1316514	1392745	16	M	194	A		-1	4144.65930871	[1, 1, 1, 1, 1, 1, 1, 1, 1, 1, 1, 1]
	1441113	1315705	1339481	16	M	83	A		-1	4144.88879888	[1, 1, 1, 1, 1, 1, 1, 1, 1, 1, 1, 1]
	1334514	1230690	1282421	15	M	145	A		-1	4144.89566185	[1, 1, 1, 1, 1, 1, 1, 1, 1, 1, 1, 0]
	1492322	1317561	1258252	16	M	5	A		-1	4145.46844149	[1, 1, 1, 1, 1, 1, 1, 1, 1, 1, 1, 1]
	1395146	1394386	1367567	16	M	32	A		-1	4145.63051533	[1, 1, 1, 1, 1, 1, 1, 1, 1, 1, 1, 1]
	1488283	1317534	1354294	16	M	135	A		-1	4146.51452695	[1, 1, 1, 1, 1, 1, 1, 1, 1, 1, 1, 1]
	1431677	1315503	1328958	16	M	45	A		-1	4146.51810697	[1, 1, 1, 1, 1, 1, 1, 1, 1, 1, 1, 1]
	1488343	1317534	1325306	16	M	193	A		-1	4147.75535129	[1, 1, 1, 1, 1, 1, 1, 1, 1, 1, 1, 1]
	1398120	1394386	1301062	16	M	198	A		-1	4147.8208043	[1, 1, 1, 1, 1, 1, 1, 1, 1, 1, 1, 1]
	1452807	1316047	1301027	16	M	146	A		-1	4148.97151216	[1, 1, 1, 1, 1, 1, 1, 1, 1, 1, 1, 1]
	1352243	1231624	1290971	15	M	196	A		-1	4149.5352778	[1, 1, 1, 1, 1, 1, 1, 1, 1, 1, 1, 1]
	1314741	1228667	1022186	15	M	25	A		-1	4149.78578005	[1, 1, 1, 1, 1, 1, 1, 1, 1, 1, 1, 1]
	1448068	1315766	1256465	16	M	4	A		-1	4150.12082729	[1, 1, 1, 1, 1, 1, 1, 1, 1, 1, 1, 1]
	1478814	1319891	1384150	16	M	93	A		-1	4151.13783886	[1, 1, 1, 1, 1, 1, 1, 1, 1, 1, 1, 1]
	1493057	1317561	1337249	16	M	157	A		-1	4151.232425	[1, 1, 1, 1, 1, 1, 1, 1, 1, 1, 1, 1]
	1394873	1394386	1296453	16	M	35	A		-1	4151.28177406	[1, 1, 1, 1, 1, 1, 1, 1, 1, 1, 1, 1]
	1477443	1319891	1393519	16	M	77	A		-1	4151.51496771	[1, 1, 1, 1, 1, 1, 1, 1, 1, 1, 1, 1]
	1489564	1317561	1307563	16	M	26	A		-1	4152.97861336	[1, 1, 1, 1, 1, 1, 1, 1, 1, 1, 1, 1]
	1416005	1315323	1376291	16	M	105	A		-1	4153.03190767	[1, 1, 1, 1, 1, 1, 1, 1, 1, 1, 1, 1]
	1364729	1232717	1212657	15	M	68	A		-1	4153.09476947	[1, 1, 1, 1, 1, 1, 1, 1, 1, 1, 1, 1]
	1478749	1319891	1307461	16	M	62	A		-1	4153.95326674	[1, 1, 1, 1, 1, 1, 1, 1, 1, 1, 1, 1]
	1447621	1315766	1386318	16	M	169	A		-1	4154.88059285	[1, 1, 1, 1, 1, 1, 1, 1, 1, 1, 1, 1]
	1444969	1315766	1290293	16	M	50	A		-1	4154.89697875	[1, 1, 1, 1, 1, 1, 1, 1, 1, 1, 1, 1]
	1478051	1319891	1239666	16	M	126	A		-1	4154.90494361	[1, 1, 1, 1, 1, 1, 1, 1, 1, 1, 1, 1]
	1463386	1316460	1356293	16	M	63	A		-1	4155.00326595	[1, 1, 1, 1, 1, 1, 1, 1, 1, 1, 1, 1]
	1469213	1316514	1350908	16	M	190	A		-1	4155.3684736	[1, 1, 1, 1, 1, 1, 1, 1, 1, 1, 1, 1]
	1492057	1317561	1295351	16	M	52	A		-1	4156.13217388	[1, 1, 1, 1, 1, 1, 1, 1, 1, 1, 1, 1]
	1388266	1233454	1293985	15	M	54	A		-1	4156.15302362	[1, 1, 1, 1, 1, 1, 1, 1, 1, 1, 1, 1]
	1444930	1315766	1309786	16	M	11	A		-1	4156.15563362	[1, 1, 1, 1, 1, 1, 1, 1, 1, 1, 1, 1]
	1373182	1233011	1251001	15	M	106	A		-1	4157.55242789	[1, 1, 1, 1, 1, 1, 1, 1, 1, 1, 1, 1]
	1447418	1315766	1323750	16	M	26	A		-1	4159.06184598	[1, 1, 1, 1, 1, 1, 1, 1, 1, 1, 1, 1]
	1416403	1315323	1369696	16	M	10	A		-1	4160.59513572	[1, 1, 1, 1, 1, 1, 1, 1, 1, 1, 1, 1]
	1440803	1315705	1387734	16	M	146	A		-1	4161.49060284	[1, 1, 1, 1, 1, 1, 1, 1, 1, 1, 1, 1]
	1314670	1228667	1241576	15	M	177	A		-1	4162.59627934	[1, 1, 1, 1, 1, 1, 1, 1, 1, 1, 1, 1]
	1403450	1316769	1347274	16	M	143	A		-1	4163.42738358	[1, 1, 1, 1, 1, 1, 1, 1, 1, 1, 1, 1]
	1452983	1316047	1362239	16	M	181	A		-1	4163.50164157	[1, 1, 1, 1, 1, 1, 1, 1, 1, 1, 1, 1]
	1491459	1317561	1343340	16	M	186	A		-1	4163.6313694	[1, 1, 1, 1, 1, 1, 1, 1, 1, 1, 1, 1]
	1418843	1315323	1370625	16	M	84	A		-1	4163.7334185	[1, 1, 1, 1, 1, 1, 1, 1, 1, 1, 1, 1]
	1460557	1316460	1373473	16	M	181	A		-1	4163.75570378	[1, 1, 1, 1, 1, 1, 1, 1, 1, 1, 1, 1]
	1414295	1315310	1345186	16	M	1	A		-1	4164.60662962	[1, 1, 1, 1, 1, 1, 1, 1, 1, 1, 1, 1]
	1396786	1394386	1215687	16	M	185	A		-1	4164.74658096	[1, 1, 1, 1, 1, 1, 1, 1, 1, 1, 1, 1]
	1458730	1316392	1369912	16	M	130	A		-1	4166.76659798	[1, 1, 1, 1, 1, 1, 1, 1, 1, 1, 1, 1]
	1444968	1315766	1388631	16	M	83	A		-1	4166.886193	[1, 1, 1, 1, 1, 1, 1, 1, 1, 1, 1, 1]
	1358253	1231917	1267762	15	M	75	A		-1	4167.02467742	[1, 1, 1, 1, 1, 1, 1, 1, 1, 1, 1, 1]
	1445913	1315766	1364241	16	M	158	A		-1	4167.85435634	[1, 1, 1, 1, 1, 1, 1, 1, 1, 1, 1, 1]
	1491251	1317561	1306099	16	M	169	A		-1	4168.13485737	[1, 1, 1, 1, 1, 1, 1, 1, 1, 1, 1, 1]
	1470169	1317330	1014951	16	M	139	A		-1	4168.66964405	[1, 1, 1, 1, 1, 1, 1, 1, 1, 1, 1, 1]
	1409023	1315140	1331463	16	M	42	A		-1	4169.55606849	[1, 1, 1, 1, 1, 1, 1, 1, 1, 1, 1, 1]
	1439764	1315705	1383120	16	M	104	A		-1	4170.90449352	[1, 1, 1, 1, 1, 1, 1, 1, 1, 1, 1, 1]
	1483171	1317429	1376849	16	M	175	A		-1	4171.80771545	[1, 1, 1, 1, 1, 1, 1, 1, 1, 1, 1, 1]
	1417805	1315323	1314901	16	M	194	A		-1	4174.32980374	[1, 1, 1, 1, 1, 1, 1, 1, 1, 1, 1, 1]
	1414539	1315323	1292910	16	M	59	A		-1	4174.64466098	[1, 1, 1, 1, 1, 1, 1, 1, 1, 1, 1, 1]
	1446613	1315766	1351679	16	M	179	A		-1	4174.85502745	[1, 1, 1, 1, 1, 1, 1, 1, 1, 1, 1, 1]
	1489807	1317561	1274113	16	M	50	A		-1	4175.1243572	[1, 1, 1, 1, 1, 1, 1, 1, 1, 1, 1, 1]
	1476391	1319891	1385044	16	M	150	A		-1	4177.92210099	[1, 1, 1, 1, 1, 1, 1, 1, 1, 1, 1, 1]
	1445032	1315766	1324004	16	M	142	A		-1	4178.38283801	[1, 1, 1, 1, 1, 1, 1, 1, 1, 1, 1, 1]
	1443207	1315705	1122762	16	M	163	A		-1	4180.87875707	[1, 1, 1, 1, 1, 1, 1, 1, 1, 1, 1, 1]
	1484287	1317429	1365944	16	M	116	A		-1	4181.36304396	[1, 1, 1, 1, 1, 1, 1, 1, 1, 1, 1, 1]
	1446242	1315766	1273262	16	M	135	A		-1	4181.72460088	[1, 1, 1, 1, 1, 1, 1, 1, 1, 1, 1, 1]
	1427976	1315388	1213257	16	M	43	A		-1	4182.28414639	[1, 1, 1, 1, 1, 1, 1, 1, 1, 1, 1, 1]
	1420388	1315352	1293546	16	M	87	A		-1	4182.7370843	[1, 1, 1, 1, 1, 1, 1, 1, 1, 1, 1, 1]
	1442786	1315705	1320709	16	M	74	A		-1	4184.33872307	[1, 1, 1, 1, 1, 1, 1, 1, 1, 1, 1, 1]
	1428256	1315388	1358115	16	M	75	A		-1	4184.59683788	[1, 1, 1, 1, 1, 1, 1, 1, 1, 1, 1, 1]
	1473127	1317330	1245099	16	M	10	A		-1	4185.73014984	[1, 1, 1, 1, 1, 1, 1, 1, 1, 1, 1, 1]
	1400489	1316769	1332158	16	M	32	A		-1	4186.61114226	[1, 1, 1, 1, 1, 1, 1, 1, 1, 1, 1, 1]
	1474335	1317330	1343830	16	M	74	A		-1	4186.89643415	[1, 1, 1, 1, 1, 1, 1, 1, 1, 1, 1, 1]
	1446036	1315766	1339279	16	M	153	A		-1	4188.29970343	[1, 1, 1, 1, 1, 1, 1, 1, 1, 1, 1, 1]
	1447744	1315766	1384814	16	M	143	A		-1	4188.94558975	[1, 1, 1, 1, 1, 1, 1, 1, 1, 1, 1, 1]
	1403148	1316769	1369967	16	M	191	A		-1	4189.33348133	[1, 1, 1, 1, 1, 1, 1, 1, 1, 1, 1, 1]
	1438437	1315606	1385037	16	M	200	A		-1	4190.95126213	[1, 1, 1, 1, 1, 1, 1, 1, 1, 1, 1, 1]
	1456794	1316392	1361337	16	M	154	A		-1	4191.32394284	[1, 1, 1, 1, 1, 1, 1, 1, 1, 1, 1, 1]
	1406472	1315140	1384478	16	M	118	A		-1	4194.4559599	[1, 1, 1, 1, 1, 1, 1, 1, 1, 1, 1, 1]
	1466010	1316514	1316380	16	M	180	A		-1	4194.8731505	[1, 1, 1, 1, 1, 1, 1, 1, 1, 1, 1, 1]
	1437222	1315606	1378616	16	M	14	A		-1	4195.00078434	[1, 1, 1, 1, 1, 1, 1, 1, 1, 1, 1, 1]
	1487831	1317534	1342810	16	M	80	A		-1	4196.37875825	[1, 1, 1, 1, 1, 1, 1, 1, 1, 1, 1, 1]
	1472159	1317330	1349979	16	M	41	A		-1	4196.44947943	[1, 1, 1, 1, 1, 1, 1, 1, 1, 1, 1, 1]
	1424453	1315352	1228834	16	M	15	A		-1	4197.37765058	[1, 1, 1, 1, 1, 1, 1, 1, 1, 1, 1, 1]
	1416507	1315323	1219326	16	M	4	A		-1	4198.77310593	[1, 1, 1, 1, 1, 1, 1, 1, 1, 1, 1, 1]
	1480533	1317429	1321646	16	M	152	A		-1	4198.91897595	[1, 1, 1, 1, 1, 1, 1, 1, 1, 1, 1, 1]
	1449296	1315766	1374300	16	M	108	A		-1	4199.9249758	[1, 1, 1, 1, 1, 1, 1, 1, 1, 1, 1, 1]
	1396642	1394386	1306067	16	M	10	A		-1	4200.06357951	[1, 1, 1, 1, 1, 1, 1, 1, 1, 1, 1, 1]
	1406574	1315140	1381126	16	M	57	A		-1	4202.03638034	[1, 1, 1, 1, 1, 1, 1, 1, 1, 1, 1, 1]
	1456300	1316392	1386256	16	M	193	A		-1	4204.6480102	[1, 1, 1, 1, 1, 1, 1, 1, 1, 1, 1, 1]
	1470001	1317330	1387789	16	M	49	A		-1	4204.84493574	[1, 1, 1, 1, 1, 1, 1, 1, 1, 1, 1, 1]
	1440491	1315705	1325491	16	M	113	A		-1	4205.72656163	[1, 1, 1, 1, 1, 1, 1, 1, 1, 1, 1, 1]
	1473199	1317330	1299674	16	M	27	A		-1	4206.34454359	[1, 1, 1, 1, 1, 1, 1, 1, 1, 1, 1, 1]
	1470010	1317330	1383163	16	M	137	A		-1	4207.43114867	[1, 1, 1, 1, 1, 1, 1, 1, 1, 1, 1, 1]
	1455181	1316392	1314129	16	M	115	A		-1	4208.14591648	[1, 1, 1, 1, 1, 1, 1, 1, 1, 1, 1, 1]
	1489312	1317534	1350105	16	M	22	A		-1	4209.74598232	[1, 1, 1, 1, 1, 1, 1, 1, 1, 1, 1, 1]
	1444221	1315705	1289124	16	M	144	A		-1	4210.55158716	[1, 1, 1, 1, 1, 1, 1, 1, 1, 1, 1, 1]
	1406870	1315140	1304061	16	M	156	A		-1	4210.94753439	[1, 1, 1, 1, 1, 1, 1, 1, 1, 1, 1, 1]
	1445459	1315766	1308192	16	M	189	A		-1	4211.16418969	[1, 1, 1, 1, 1, 1, 1, 1, 1, 1, 1, 1]
	1463535	1316460	1365295	16	M	6	A		-1	4212.28312446	[1, 1, 1, 1, 1, 1, 1, 1, 1, 1, 1, 1]
	1465435	1316514	1297077	16	M	43	A		-1	4212.86020186	[1, 1, 1, 1, 1, 1, 1, 1, 1, 1, 1, 1]
	1417072	1315323	1369182	16	M	39	A		-1	4212.95244648	[1, 1, 1, 1, 1, 1, 1, 1, 1, 1, 1, 1]
	1446294	1315766	1364192	16	M	33	A		-1	4214.35515837	[1, 1, 1, 1, 1, 1, 1, 1, 1, 1, 1, 1]
	1445325	1315766	1171892	16	M	99	A		-1	4214.66353206	[1, 1, 1, 1, 1, 1, 1, 1, 1, 1, 1, 1]
	1407754	1315140	1389898	16	M	53	A		-1	4215.33352327	[1, 1, 1, 1, 1, 1, 1, 1, 1, 1, 1, 1]
	1477445	1319891	1318359	16	M	119	A		-1	4216.17192655	[1, 1, 1, 1, 1, 1, 1, 1, 1, 1, 1, 1]
	1321590	1229115	1281821	15	M	22	A		-1	4219.22690189	[1, 1, 1, 1, 1, 1, 1, 1, 1, 1, 1, 1]
	1308859	1228072	1256321	15	M	15	A		-1	4220.46282604	[1, 1, 1, 1, 1, 1, 1, 1, 1, 1, 1, 1]
	1419877	1315352	1243475	16	M	83	A		-1	4220.65042421	[1, 1, 1, 1, 1, 1, 1, 1, 1, 1, 1, 1]
	1471433	1317330	1318605	16	M	30	A		-1	4220.70377354	[1, 1, 1, 1, 1, 1, 1, 1, 1, 1, 1, 1]
	1458647	1316392	1394226	16	M	127	A		-1	4221.34032373	[1, 1, 1, 1, 1, 1, 1, 1, 1, 1, 1, 1]
	1449263	1315766	1325391	16	M	62	A		-1	4221.60099874	[1, 1, 1, 1, 1, 1, 1, 1, 1, 1, 1, 1]
	1493496	1317561	1310667	16	M	32	A		-1	4222.8397483	[1, 1, 1, 1, 1, 1, 1, 1, 1, 1, 1, 1]
	1448568	1315766	1347677	16	M	95	A		-1	4228.53468057	[1, 1, 1, 1, 1, 1, 1, 1, 1, 1, 1, 1]
	1330325	1230012	1291013	15	M	1	A		-1	4231.56824608	[1, 1, 1, 1, 1, 1, 1, 1, 1, 1, 1, 1]
	1416255	1315323	1040946	16	M	147	A		-1	4234.81023001	[1, 1, 1, 0, 1, 1, 1, 1, 1, 1, 1, 1]
	1396047	1394386	1360803	16	M	32	A		-1	4236.55879863	[1, 1, 1, 1, 1, 1, 1, 1, 1, 1, 1, 1]
	1484598	1317534	1349824	16	M	36	A		-1	4236.87697891	[1, 1, 1, 1, 1, 1, 1, 1, 1, 1, 1, 1]
	1473740	1317330	1350658	16	M	94	A		-1	4237.709342	[1, 1, 1, 1, 1, 1, 1, 1, 1, 1, 1, 1]
	1488879	1317534	1377927	16	M	28	A		-1	4239.24015836	[1, 1, 1, 1, 1, 1, 1, 1, 1, 1, 1, 1]
	1424048	1315352	1360032	16	M	78	A		-1	4239.64424412	[1, 1, 1, 1, 1, 1, 1, 1, 1, 1, 1, 1]
	1352652	1231624	1100252	15	M	91	A		-1	4239.76970288	[1, 1, 1, 1, 1, 1, 1, 1, 1, 1, 1, 1]
	1445297	1315766	1327197	16	M	140	A		-1	4240.24768428	[1, 1, 1, 1, 1, 1, 1, 1, 1, 1, 1, 1]
	1417052	1315323	1318886	16	M	101	A		-1	4240.56429323	[1, 1, 1, 1, 1, 1, 1, 1, 1, 1, 1, 1]
	1351524	1231624	1265802	15	M	200	A		-1	4245.19974438	[1, 1, 1, 1, 1, 1, 1, 1, 1, 1, 1, 1]
	1491498	1317561	1251801	16	M	3	A		-1	4245.24836032	[1, 1, 1, 1, 1, 1, 1, 1, 1, 1, 1, 1]
	1448065	1315766	1332091	16	M	175	A		-1	4246.96268622	[1, 1, 1, 1, 1, 1, 1, 1, 1, 1, 1, 1]
	1416070	1315323	1390959	16	M	160	A		-1	4251.05450148	[1, 1, 1, 1, 1, 1, 1, 1, 1, 1, 1, 1]
	1443364	1315705	1374296	16	M	27	A		-1	4251.88148596	[1, 1, 1, 1, 1, 1, 1, 1, 1, 1, 1, 1]
	1351272	1231624	1156699	15	M	144	A		-1	4254.00692624	[1, 1, 1, 1, 1, 1, 1, 1, 1, 1, 1, 1]
	1449227	1315766	1308979	16	M	13	A		-1	4257.16796284	[1, 1, 1, 1, 1, 1, 1, 1, 1, 1, 1, 1]
	1418644	1315323	1297787	16	M	162	A		-1	4259.60786533	[1, 1, 1, 1, 1, 1, 1, 1, 1, 1, 1, 1]
	1459384	1316392	1324077	16	M	178	A		-1	4264.56285301	[1, 1, 1, 1, 1, 1, 1, 1, 1, 1, 1, 1]
	1434561	1315606	1316879	16	M	80	A		-1	4273.1767318	[1, 1, 1, 1, 1, 1, 1, 1, 1, 1, 1, 1]
	1392555	1233465	1281959	15	M	144	A		-1	4273.43343036	[1, 1, 1, 1, 1, 1, 1, 1, 1, 1, 1, 1]
	1475579	1319891	1325543	16	M	175	A		-1	4276.26237667	[1, 1, 1, 1, 1, 1, 1, 1, 1, 1, 1, 1]
	1434684	1315606	1310561	16	M	142	A		-1	4276.45591217	[1, 1, 1, 1, 1, 1, 1, 1, 1, 1, 1, 1]
	1456405	1316392	1340520	16	M	26	A		-1	4277.79476084	[1, 1, 1, 1, 1, 1, 1, 1, 1, 1, 1, 1]
	1425438	1315388	1388604	16	M	34	A		-1	4278.45189287	[1, 1, 1, 1, 1, 1, 1, 1, 1, 1, 1, 1]
	1459102	1316392	1366943	16	M	47	A		-1	4279.09063692	[1, 1, 1, 1, 1, 1, 1, 1, 1, 1, 1, 1]
	1456990	1316392	1336725	16	M	160	A		-1	4280.35779571	[1, 1, 1, 1, 1, 1, 1, 1, 1, 1, 1, 1]
	1439654	1315705	1219693	16	M	133	A		-1	4280.52864584	[1, 1, 1, 1, 1, 1, 1, 1, 1, 1, 1, 1]
	1448189	1315766	1241942	16	M	74	A		-1	4281.53427307	[1, 1, 1, 1, 1, 1, 1, 1, 1, 1, 1, 1]
	1414309	1315310	1353453	16	M	140	A		-1	4284.78036503	[1, 1, 1, 1, 1, 1, 1, 1, 1, 1, 1, 1]
	1431366	1315503	1363777	16	M	172	A		-1	4286.55549705	[1, 1, 1, 1, 1, 1, 1, 1, 1, 1, 1, 1]
	1426062	1315388	1343296	16	M	42	A		-1	4287.40580481	[1, 1, 1, 1, 1, 1, 1, 1, 1, 1, 1, 1]
	1405275	1315140	1343089	16	M	119	A		-1	4288.4229286	[1, 1, 1, 1, 1, 1, 1, 1, 1, 1, 1, 1]
	1468629	1316514	1224516	16	M	171	A		-1	4292.06342694	[1, 1, 1, 1, 1, 1, 1, 1, 1, 1, 1, 1]
	1319230	1228667	1101047	15	M	197	A		-1	4292.36811756	[1, 1, 1, 1, 1, 1, 1, 1, 1, 1, 1, 1]
	1422380	1315352	1289472	16	M	132	A		-1	4293.44828891	[1, 1, 1, 1, 1, 1, 1, 1, 1, 1, 1, 1]
	1406023	1315140	1394416	16	M	200	A		-1	4297.80332426	[1, 1, 1, 1, 1, 1, 1, 1, 1, 1, 1, 1]
	1447839	1315766	1321584	16	M	63	A		-1	4299.4072563	[1, 1, 1, 1, 1, 1, 1, 1, 1, 1, 1, 1]
	1457328	1316392	1301807	16	M	137	A		-1	4303.60815313	[1, 1, 1, 1, 1, 1, 1, 1, 1, 1, 1, 1]
	1307206	1228072	1291995	15	M	114	A		-1	4313.71485355	[1, 1, 1, 1, 1, 1, 1, 1, 1, 1, 1, 1]
	1440228	1315705	1347312	16	M	6	A		-1	4321.41291053	[1, 1, 1, 1, 1, 1, 1, 1, 1, 1, 1, 1]
	1423122	1315352	1308993	16	M	173	A		-1	4322.47636608	[1, 1, 1, 1, 1, 1, 1, 1, 1, 1, 1, 1]
	1464374	1316460	1360502	16	M	87	A		-1	4323.31274144	[1, 1, 1, 1, 1, 1, 1, 1, 1, 1, 1, 1]
	1451918	1316047	1316764	16	M	62	A		-1	4327.72538177	[1, 1, 1, 1, 1, 1, 1, 1, 1, 1, 1, 1]
	1457174	1316392	1365876	16	M	44	A		-1	4331.17782204	[1, 1, 1, 1, 1, 1, 1, 1, 1, 1, 1, 1]
	1426009	1315388	1250457	16	M	14	A		-1	4333.01976865	[1, 1, 1, 1, 1, 1, 1, 1, 1, 1, 1, 1]
	1426094	1315388	1342224	16	M	24	A		-1	4336.00968965	[1, 1, 1, 1, 1, 1, 1, 1, 1, 1, 1, 1]
	1439500	1315705	1374031	16	M	121	A		-1	4337.01397048	[1, 1, 1, 1, 1, 1, 1, 1, 1, 1, 1, 1]
	1416088	1315323	1306684	16	M	190	A		-1	4341.64836634	[1, 1, 1, 1, 1, 1, 1, 1, 1, 1, 1, 1]
	1393048	1233465	1193655	15	M	107	A		-1	4347.36538293	[1, 1, 1, 1, 1, 1, 1, 1, 1, 1, 1, 1]
	1446436	1315766	1321400	16	M	84	A		-1	4356.27958633	[1, 1, 1, 1, 1, 1, 1, 1, 1, 1, 1, 1]
	1449120	1315766	1195144	16	M	1	A		-1	4358.74671326	[1, 1, 1, 1, 1, 1, 1, 1, 1, 1, 1, 1]
	1398556	1394386	1370344	16	M	132	A		-1	4360.51049393	[1, 1, 1, 1, 1, 1, 1, 1, 1, 1, 1, 1]
	1458993	1316392	1236347	16	M	83	A		-1	4367.68642063	[1, 1, 1, 1, 1, 1, 1, 1, 1, 1, 1, 1]
	1420013	1315352	1327441	16	M	135	A		-1	4368.51277575	[1, 1, 1, 1, 1, 1, 1, 1, 1, 1, 1, 1]
	1447528	1315766	1390560	16	M	34	A		-1	4373.37623257	[1, 1, 1, 1, 1, 1, 1, 1, 1, 1, 1, 1]
	1465403	1316514	1306058	16	M	42	A		-1	4380.56731133	[1, 1, 1, 1, 1, 1, 1, 1, 1, 1, 1, 1]
	1448739	1315766	1306538	16	M	102	A		-1	4386.39487061	[1, 1, 1, 0, 1, 1, 1, 1, 1, 1, 1, 1]
	1444690	1315766	1312025	16	M	61	A		-1	4391.01406489	[1, 1, 1, 1, 1, 1, 1, 1, 1, 1, 1, 1]
	1447469	1315766	1336165	16	M	43	A		-1	4419.66648549	[1, 1, 1, 1, 1, 1, 1, 1, 1, 1, 1, 1]
	1449247	1315766	1297911	16	M	74	A		-1	4453.20182439	[1, 1, 1, 1, 1, 1, 1, 1, 1, 1, 1, 1]
	1477221	1319891	1246715	16	M	23	A		-1	4455.78919776	[1, 1, 1, 1, 1, 1, 1, 1, 1, 1, 1, 1]
	1429658	1315503	1322245	16	M	171	A		-1	4498.43338406	[1, 1, 1, 1, 1, 1, 1, 1, 1, 1, 1, 1]
