animal	sire	dam	born	sex	herd	status	cause	died	TBV	recessives
	1843655	1712227	1701192	20	M	26	A		-1	6316.65888335	[1, 1, 1, 1, 1, 1, 1, 1, 1, 1, 1, 1]
	1861837	1733987	1721383	20	M	35	A		-1	6316.76064849	[1, 1, 1, 1, 1, 1, 1, 1, 1, 1, 1, 1]
	1882418	1724146	1718127	20	M	8	A		-1	6316.77699532	[1, 1, 1, 1, 1, 1, 1, 1, 1, 1, 1, 1]
	1740220	1672144	1549536	19	M	25	A		-1	6316.78243438	[1, 1, 1, 1, 1, 1, 1, 1, 1, 1, 1, 1]
	1793777	1699059	1689647	20	M	94	A		-1	6316.79510019	[1, 1, 1, 1, 1, 1, 1, 1, 1, 1, 1, 1]
	1827353	1781592	1696668	20	M	14	A		-1	6316.89014989	[1, 1, 1, 1, 1, 1, 1, 1, 1, 1, 1, 1]
	1875420	1749032	1717608	20	M	53	A		-1	6317.14082299	[0, 1, 1, 1, 1, 1, 1, 1, 1, 1, 1, 1]
	1865399	1790557	1738341	20	M	23	A		-1	6317.19469624	[1, 1, 1, 1, 1, 1, 1, 1, 1, 1, 1, 1]
	1877289	1777443	1720903	20	M	24	A		-1	6317.31213163	[1, 1, 1, 1, 1, 1, 1, 1, 1, 1, 1, 1]
	1877910	1767689	1743212	20	M	87	A		-1	6317.35648325	[1, 1, 1, 0, 1, 1, 1, 1, 1, 1, 1, 1]
	1808944	1774391	1709463	20	M	10	A		-1	6317.68643922	[1, 1, 1, 1, 1, 1, 1, 1, 1, 1, 1, 1]
	1813192	1737786	1770928	20	M	35	A		-1	6317.85472134	[1, 1, 1, 1, 1, 1, 1, 1, 1, 1, 1, 1]
	1799287	1791510	1640288	20	M	59	A		-1	6317.87707902	[1, 1, 1, 1, 1, 1, 1, 1, 1, 1, 1, 1]
	1883039	1764541	1716256	20	M	44	A		-1	6317.92798539	[1, 1, 1, 1, 1, 1, 1, 1, 1, 1, 1, 1]
	1822730	1752445	1722386	20	M	56	A		-1	6318.14598159	[1, 1, 1, 1, 1, 1, 1, 1, 1, 1, 1, 1]
	1824939	1747798	1700929	20	M	84	A		-1	6318.18917954	[1, 1, 1, 1, 1, 1, 1, 1, 1, 1, 1, 1]
	1812054	1736377	1743148	20	M	42	A		-1	6318.4251751	[1, 1, 1, 1, 1, 1, 1, 1, 1, 1, 1, 1]
	1833877	1762923	1769885	20	M	7	A		-1	6318.47244462	[1, 1, 1, 1, 1, 1, 1, 1, 1, 1, 1, 1]
	1796792	1710714	1736886	20	M	63	A		-1	6318.48538851	[1, 1, 1, 1, 1, 1, 1, 1, 1, 1, 1, 1]
	1872869	1722323	1632764	20	M	61	A		-1	6318.56666096	[1, 1, 1, 0, 1, 1, 1, 1, 1, 1, 1, 1]
	1824406	1750081	1768491	20	M	7	A		-1	6318.77682549	[1, 1, 1, 1, 1, 1, 1, 1, 1, 1, 1, 1]
	1822072	1712227	1780662	20	M	15	A		-1	6319.04076068	[1, 1, 1, 1, 1, 1, 1, 1, 1, 1, 1, 1]
	1838316	1737437	1755323	20	M	24	A		-1	6319.07596897	[1, 1, 1, 1, 1, 1, 1, 1, 1, 1, 1, 1]
	1879805	1712227	1695089	20	M	66	A		-1	6319.17605476	[1, 1, 1, 1, 1, 1, 1, 1, 1, 1, 1, 1]
	1804655	1733987	1743857	20	M	64	A		-1	6319.37761446	[0, 1, 1, 1, 1, 1, 1, 1, 1, 1, 1, 1]
	1855164	1737437	1784817	20	M	54	A		-1	6319.57216662	[1, 1, 1, 0, 1, 1, 1, 1, 1, 1, 1, 1]
	1747798	1653663	1674163	19	M	99	A		-1	6319.57973219	[1, 1, 1, 1, 1, 1, 1, 1, 1, 1, 1, 1]
	1874711	1736377	1721869	20	M	90	A		-1	6319.60489291	[1, 1, 1, 1, 1, 1, 1, 1, 1, 1, 1, 1]
	1853589	1737367	1745363	20	M	57	A		-1	6320.19812546	[1, 1, 1, 1, 1, 1, 1, 1, 1, 1, 1, 1]
	1858919	1737786	1787246	20	M	34	A		-1	6320.2657281	[1, 1, 1, 1, 1, 1, 1, 1, 1, 1, 1, 1]
	1867991	1709589	1667023	20	M	10	A		-1	6320.64975876	[0, 1, 1, 1, 1, 1, 1, 1, 1, 1, 1, 1]
	1828146	1722638	1716371	20	M	60	A		-1	6321.42701753	[1, 1, 1, 1, 1, 1, 1, 1, 1, 1, 1, 1]
	1799399	1754041	1754967	20	M	2	A		-1	6321.43574578	[1, 1, 1, 1, 1, 1, 1, 1, 1, 1, 1, 1]
	1742515	1674144	1604231	19	M	4	A		-1	6321.52485181	[1, 1, 1, 1, 1, 1, 1, 1, 1, 1, 1, 1]
	1822110	1752200	1784787	20	M	2	A		-1	6321.66410189	[1, 1, 1, 1, 1, 1, 1, 1, 1, 1, 1, 1]
	1855529	1733987	1752707	20	M	51	A		-1	6321.73075617	[1, 1, 1, 1, 1, 1, 1, 1, 1, 1, 1, 1]
	1839330	1767689	1638172	20	M	98	A		-1	6321.73877817	[1, 1, 1, 0, 1, 1, 1, 1, 1, 1, 1, 1]
	1807860	1758425	1718981	20	M	17	A		-1	6321.99490839	[1, 1, 1, 1, 1, 1, 1, 1, 1, 1, 1, 1]
	1853776	1750112	1729969	20	M	27	A		-1	6322.37198694	[1, 1, 1, 1, 1, 1, 1, 1, 1, 1, 1, 1]
	1836595	1767689	1732997	20	M	36	A		-1	6322.87241412	[1, 1, 1, 0, 1, 1, 1, 1, 1, 1, 1, 1]
	1881589	1722323	1703441	20	M	92	A		-1	6323.15520137	[1, 1, 1, 0, 1, 1, 1, 1, 1, 1, 1, 1]
	1838610	1704990	1751655	20	M	87	A		-1	6323.36352612	[1, 1, 1, 1, 1, 1, 1, 1, 1, 1, 1, 1]
	1824076	1765406	1621212	20	M	53	A		-1	6323.66545724	[1, 1, 1, 1, 1, 1, 1, 1, 1, 1, 1, 1]
	1741306	1634092	1606092	19	M	24	A		-1	6323.92454924	[1, 1, 1, 1, 1, 1, 1, 1, 1, 1, 1, 1]
	1859425	1787534	1709608	20	M	61	A		-1	6324.28914559	[1, 1, 1, 1, 1, 1, 1, 1, 1, 1, 1, 1]
	1819853	1754041	1755457	20	M	93	A		-1	6324.41426555	[1, 1, 1, 1, 1, 1, 1, 1, 1, 1, 1, 1]
	1872517	1700117	1732582	20	M	72	A		-1	6324.45912738	[1, 1, 1, 1, 1, 1, 1, 1, 1, 1, 1, 1]
	1850493	1777443	1737046	20	M	88	A		-1	6324.52409264	[1, 1, 1, 1, 1, 1, 1, 1, 1, 1, 1, 1]
	1810370	1777443	1787227	20	M	12	A		-1	6324.90606572	[1, 1, 1, 1, 1, 1, 1, 1, 1, 1, 1, 1]
	1817170	1740220	1791746	20	M	78	A		-1	6324.95861306	[1, 1, 1, 1, 1, 1, 1, 1, 1, 1, 1, 1]
	1810401	1777443	1626759	20	M	24	A		-1	6325.12463448	[1, 1, 1, 1, 1, 1, 1, 1, 1, 1, 1, 1]
	1772605	1675654	1650656	19	M	11	A		-1	6325.36155579	[1, 1, 1, 1, 1, 1, 1, 1, 1, 1, 1, 1]
	1882633	1752445	1752489	20	M	25	A		-1	6325.82824256	[1, 1, 1, 1, 1, 1, 1, 1, 1, 1, 1, 1]
	1881377	1704990	1750278	20	M	94	A		-1	6325.99997128	[1, 1, 0, 1, 1, 1, 1, 1, 1, 1, 1, 1]
	1733987	1688830	1603580	19	M	13	A		-1	6326.16655506	[1, 1, 1, 1, 1, 1, 1, 1, 1, 1, 1, 1]
	1861368	1699059	1771019	20	M	54	A		-1	6326.68008313	[1, 1, 1, 1, 1, 1, 1, 1, 1, 1, 1, 1]
	1811860	1743405	1702246	20	M	40	A		-1	6327.47976049	[1, 1, 1, 1, 1, 1, 1, 1, 1, 1, 1, 1]
	1849133	1752445	1726281	20	M	52	A		-1	6327.4925099	[1, 1, 1, 0, 1, 1, 1, 1, 1, 1, 1, 1]
	1815632	1781592	1630953	20	M	87	A		-1	6328.08911008	[1, 1, 1, 1, 1, 1, 1, 1, 1, 1, 1, 1]
	1805857	1762923	1784694	20	M	53	A		-1	6328.18624492	[1, 1, 1, 1, 1, 1, 1, 1, 1, 1, 1, 1]
	1887218	1742515	1734986	20	M	14	A		-1	6328.24050485	[1, 1, 1, 1, 1, 1, 1, 1, 1, 1, 1, 1]
	1882680	1752200	1600431	20	M	80	A		-1	6328.46474638	[1, 1, 1, 1, 1, 1, 1, 1, 1, 1, 1, 1]
	1870451	1750112	1693638	20	M	32	A		-1	6329.07403953	[0, 1, 1, 1, 1, 1, 1, 1, 1, 1, 1, 1]
	1871712	1769755	1649755	20	M	19	A		-1	6329.09006154	[1, 1, 1, 1, 1, 1, 1, 1, 1, 1, 1, 1]
	1888071	1752200	1733380	20	M	44	A		-1	6329.22204878	[1, 1, 1, 1, 1, 1, 1, 1, 1, 1, 1, 1]
	1804864	1724146	1740635	20	M	99	A		-1	6329.58040293	[1, 1, 1, 1, 1, 1, 1, 1, 1, 1, 1, 1]
	1820393	1750081	1778002	20	M	49	A		-1	6330.46089373	[1, 1, 1, 1, 1, 1, 1, 1, 1, 1, 1, 1]
	1869710	1772299	1778820	20	M	62	A		-1	6330.47588286	[1, 1, 1, 1, 1, 1, 1, 1, 1, 1, 1, 1]
	1855817	1755625	1711352	20	M	69	A		-1	6330.50018222	[1, 1, 1, 1, 1, 1, 1, 1, 1, 1, 1, 1]
	1809241	1765406	1731248	20	M	38	A		-1	6330.52715584	[1, 1, 1, 1, 1, 1, 1, 1, 1, 1, 1, 1]
	1866666	1777443	1728975	20	M	55	A		-1	6330.66041169	[1, 1, 1, 1, 1, 1, 1, 1, 1, 1, 1, 1]
	1837532	1722323	1771040	20	M	13	A		-1	6330.83225434	[1, 1, 1, 1, 1, 1, 1, 1, 1, 1, 1, 1]
	1863130	1791510	1700649	20	M	88	A		-1	6331.03859615	[1, 1, 1, 1, 1, 1, 1, 1, 1, 0, 1, 1]
	1847084	1781592	1655720	20	M	41	A		-1	6331.07478476	[1, 1, 1, 1, 1, 1, 1, 1, 1, 1, 1, 1]
	1805144	1703965	1496198	20	M	6	A		-1	6331.12498824	[1, 1, 1, 1, 1, 1, 1, 1, 1, 1, 1, 1]
	1865238	1704990	1742403	20	M	96	A		-1	6331.26567827	[1, 1, 0, 1, 1, 1, 1, 1, 1, 1, 1, 1]
	1863571	1755625	1750564	20	M	35	A		-1	6331.43658844	[1, 1, 1, 1, 1, 1, 1, 1, 1, 1, 1, 1]
	1804654	1765406	1784233	20	M	82	A		-1	6331.61988077	[1, 1, 1, 1, 1, 1, 1, 1, 1, 1, 1, 1]
	1828628	1758123	1694425	20	M	76	A		-1	6332.44493888	[1, 1, 1, 1, 1, 1, 1, 1, 1, 1, 1, 1]
	1802505	1733987	1750472	20	M	55	A		-1	6332.52330573	[1, 1, 1, 1, 1, 1, 1, 1, 1, 1, 1, 1]
	1833094	1777443	1751871	20	M	94	A		-1	6332.84158177	[1, 1, 1, 0, 1, 1, 1, 1, 1, 1, 1, 1]
	1867432	1750081	1776853	20	M	18	A		-1	6332.90455068	[1, 1, 1, 1, 1, 1, 1, 1, 1, 0, 1, 1]
	1828778	1705758	1706213	20	M	62	A		-1	6332.96946253	[1, 1, 1, 1, 1, 1, 1, 1, 1, 1, 1, 1]
	1878074	1710714	1757177	20	M	70	A		-1	6333.0610617	[1, 1, 1, 1, 1, 1, 1, 1, 1, 1, 1, 1]
	1862768	1736377	1736564	20	M	71	A		-1	6333.4239166	[1, 1, 1, 1, 1, 1, 1, 1, 1, 1, 1, 1]
	1828200	1697660	1717204	20	M	51	A		-1	6333.55821705	[1, 1, 1, 1, 1, 1, 1, 1, 1, 1, 1, 1]
	1814724	1752200	1639334	20	M	33	A		-1	6334.28811415	[1, 1, 1, 1, 1, 1, 1, 1, 1, 1, 1, 1]
	1883913	1754041	1756415	20	M	60	A		-1	6334.33987263	[1, 1, 1, 1, 1, 1, 1, 1, 1, 1, 1, 1]
	1821532	1758425	1768897	20	M	38	A		-1	6334.41503172	[1, 1, 1, 1, 1, 1, 1, 1, 1, 1, 1, 1]
	1873569	1710561	1740738	20	M	3	A		-1	6334.53332774	[1, 1, 1, 1, 1, 1, 1, 1, 1, 1, 1, 1]
	1798701	1764541	1787619	20	M	33	A		-1	6334.97747228	[1, 1, 1, 1, 1, 1, 1, 1, 1, 1, 1, 1]
	1874662	1741306	1760236	20	M	28	A		-1	6335.39329503	[1, 1, 1, 1, 1, 1, 1, 1, 1, 1, 1, 1]
	1823265	1758425	1754818	20	M	77	A		-1	6335.44425117	[1, 1, 1, 1, 1, 1, 1, 1, 1, 1, 1, 1]
	1812414	1722323	1764881	20	M	4	A		-1	6335.46225773	[1, 1, 1, 0, 1, 1, 1, 1, 1, 1, 1, 1]
	1816691	1791510	1737747	20	M	54	A		-1	6335.56691758	[1, 1, 1, 1, 1, 1, 1, 1, 1, 0, 1, 1]
	1835864	1743405	1792137	20	M	80	A		-1	6335.75464188	[1, 1, 1, 1, 1, 1, 1, 1, 1, 1, 1, 1]
	1886581	1767689	1668056	20	M	47	A		-1	6335.93758159	[1, 1, 1, 1, 1, 1, 1, 1, 1, 1, 1, 1]
	1842871	1697660	1698086	20	M	91	A		-1	6336.1599156	[1, 1, 1, 1, 1, 1, 1, 1, 1, 1, 1, 1]
	1804877	1740220	1715224	20	M	93	A		-1	6336.47993938	[1, 1, 1, 1, 1, 1, 1, 1, 1, 1, 1, 1]
	1881765	1772299	1661273	20	M	32	A		-1	6336.86731104	[1, 1, 1, 1, 1, 1, 1, 1, 1, 1, 1, 1]
	1833587	1742515	1747221	20	M	23	A		-1	6336.9039452	[1, 1, 1, 1, 1, 1, 1, 1, 1, 1, 1, 1]
	1774391	1673622	1646754	19	M	35	A		-1	6337.27120815	[1, 1, 1, 1, 1, 1, 1, 1, 1, 1, 1, 1]
	1867062	1736377	1647123	20	M	62	A		-1	6337.39433453	[1, 1, 1, 1, 1, 1, 1, 1, 1, 1, 1, 1]
	1847015	1704990	1709997	20	M	94	A		-1	6337.72225443	[1, 1, 1, 1, 1, 1, 1, 1, 1, 1, 1, 1]
	1819609	1772605	1784086	20	M	57	A		-1	6338.27038211	[1, 1, 1, 1, 1, 1, 1, 1, 1, 1, 1, 1]
	1810132	1790557	1745603	20	M	40	A		-1	6338.51584642	[1, 1, 1, 0, 1, 1, 1, 1, 1, 1, 1, 1]
	1871316	1752200	1723366	20	M	2	A		-1	6339.39408191	[1, 1, 1, 1, 1, 1, 1, 1, 1, 1, 1, 1]
	1881354	1752200	1759752	20	M	68	A		-1	6339.67961206	[1, 1, 1, 1, 1, 1, 1, 1, 1, 1, 1, 1]
	1855545	1736377	1679658	20	M	26	A		-1	6339.96167353	[1, 1, 1, 1, 1, 1, 1, 1, 1, 1, 1, 1]
	1845402	1764541	1701843	20	M	5	A		-1	6339.96565742	[1, 1, 1, 1, 1, 1, 1, 1, 1, 1, 1, 1]
	1838822	1724146	1776804	20	M	89	A		-1	6340.41110128	[1, 1, 1, 1, 1, 1, 1, 1, 1, 1, 1, 1]
	1818660	1774391	1780330	20	M	53	A		-1	6340.42139876	[1, 1, 1, 1, 1, 1, 1, 1, 1, 1, 1, 1]
	1881055	1712227	1791110	20	M	33	A		-1	6340.43697533	[1, 1, 1, 1, 1, 1, 1, 1, 1, 1, 1, 1]
	1865529	1724146	1600860	20	M	37	A		-1	6340.52717399	[1, 1, 1, 1, 1, 1, 1, 1, 1, 1, 1, 1]
	1883107	1709589	1770096	20	M	81	A		-1	6340.68918249	[1, 1, 1, 1, 1, 1, 1, 1, 1, 1, 1, 1]
	1892535	1737786	1744648	20	M	81	A		-1	6340.82489116	[1, 1, 1, 1, 1, 1, 1, 1, 1, 1, 1, 1]
	1856755	1704990	1709289	20	M	75	A		-1	6340.82716989	[1, 1, 1, 1, 1, 1, 1, 1, 1, 1, 1, 1]
	1863852	1704990	1787744	20	M	13	A		-1	6341.083112	[1, 1, 0, 1, 1, 1, 1, 1, 1, 0, 1, 1]
	1799303	1752445	1751163	20	M	81	A		-1	6341.25631642	[1, 1, 1, 0, 1, 1, 1, 1, 1, 1, 1, 1]
	1887425	1705758	1755841	20	M	17	A		-1	6341.6707001	[1, 1, 1, 1, 1, 1, 1, 1, 1, 1, 1, 1]
	1859088	1729528	1782938	20	M	92	A		-1	6342.04956812	[1, 1, 1, 1, 1, 1, 1, 1, 1, 1, 1, 1]
	1872105	1737367	1782014	20	M	63	A		-1	6342.07585464	[1, 1, 1, 1, 1, 1, 1, 1, 1, 1, 1, 1]
	1886952	1722638	1697840	20	M	1	A		-1	6342.10925509	[1, 1, 1, 1, 1, 1, 1, 1, 1, 1, 1, 1]
	1866209	1758425	1739342	20	M	58	A		-1	6342.20933209	[1, 1, 1, 1, 1, 1, 1, 1, 1, 1, 1, 1]
	1819160	1742515	1642265	20	M	76	A		-1	6342.50557631	[1, 1, 1, 1, 1, 1, 1, 1, 1, 1, 1, 1]
	1832145	1710561	1752623	20	M	37	A		-1	6342.75909035	[1, 1, 1, 1, 1, 1, 1, 1, 1, 1, 1, 1]
	1864480	1712227	1659802	20	M	24	A		-1	6343.24883729	[1, 1, 1, 1, 1, 1, 1, 1, 1, 1, 1, 1]
	1832462	1722638	1778402	20	M	36	A		-1	6344.28415452	[1, 1, 1, 1, 1, 1, 1, 1, 1, 1, 1, 1]
	1845244	1750112	1746809	20	M	4	A		-1	6344.82075495	[0, 1, 1, 1, 1, 1, 1, 1, 1, 1, 1, 1]
	1880849	1697660	1779836	20	M	33	A		-1	6344.84590295	[1, 1, 1, 1, 1, 1, 1, 1, 1, 1, 1, 1]
	1886693	1752200	1701025	20	M	49	A		-1	6345.04737264	[1, 1, 1, 1, 1, 1, 1, 1, 1, 1, 1, 1]
	1777443	1648949	1666868	19	M	74	A		-1	6345.53301519	[1, 1, 1, 1, 1, 1, 1, 1, 1, 1, 1, 1]
	1796552	1699214	1676061	20	M	23	A		-1	6345.54935338	[1, 1, 1, 1, 1, 1, 0, 1, 1, 1, 1, 1]
	1846996	1710714	1730529	20	M	13	A		-1	6345.59502035	[1, 1, 1, 1, 1, 1, 1, 1, 1, 1, 1, 1]
	1835760	1737437	1608981	20	M	11	A		-1	6346.29907236	[1, 1, 0, 1, 1, 1, 1, 1, 1, 1, 1, 1]
	1891852	1742515	1592552	20	M	74	A		-1	6346.41109284	[1, 1, 1, 1, 1, 1, 1, 1, 1, 1, 1, 1]
	1811271	1752200	1667595	20	M	63	A		-1	6346.57651046	[1, 1, 1, 1, 1, 1, 0, 1, 1, 1, 1, 1]
	1821545	1733987	1757508	20	M	34	A		-1	6346.84613224	[1, 1, 1, 1, 1, 1, 1, 1, 1, 1, 1, 1]
	1870372	1712227	1706909	20	M	24	A		-1	6346.9597223	[1, 1, 1, 1, 1, 1, 1, 1, 1, 1, 1, 1]
	1797372	1764541	1789581	20	M	81	A		-1	6347.28910998	[1, 1, 1, 1, 1, 1, 1, 1, 1, 1, 1, 1]
	1848949	1699214	1712778	20	M	60	A		-1	6347.29355492	[1, 1, 1, 1, 1, 1, 1, 1, 1, 1, 1, 1]
	1705758	1650064	1670505	19	M	81	A		-1	6347.51738288	[1, 1, 1, 1, 1, 1, 1, 1, 1, 1, 1, 1]
	1889263	1791510	1787421	20	M	70	A		-1	6347.66514067	[1, 1, 1, 1, 1, 1, 1, 1, 1, 0, 1, 1]
	1887462	1774391	1755211	20	M	68	A		-1	6348.13679025	[1, 1, 1, 1, 1, 1, 1, 1, 1, 1, 1, 1]
	1833652	1764541	1735893	20	M	51	A		-1	6348.30036987	[1, 1, 1, 1, 1, 1, 1, 1, 1, 1, 1, 1]
	1817139	1741306	1750847	20	M	96	A		-1	6348.46018877	[1, 1, 1, 1, 1, 1, 1, 1, 1, 1, 1, 1]
	1801151	1767689	1766474	20	M	29	A		-1	6348.57754164	[1, 1, 0, 1, 1, 1, 1, 1, 1, 1, 1, 1]
	1856361	1774391	1789266	20	M	93	A		-1	6349.06391562	[1, 1, 1, 1, 1, 1, 1, 1, 1, 1, 1, 1]
	1826492	1774391	1714266	20	M	87	A		-1	6349.22032526	[1, 1, 1, 1, 1, 1, 1, 1, 1, 1, 1, 1]
	1831573	1737437	1688308	20	M	61	A		-1	6349.25129212	[1, 1, 1, 1, 1, 1, 1, 1, 1, 0, 1, 1]
	1866047	1737367	1738389	20	M	69	A		-1	6349.40172753	[1, 1, 1, 1, 1, 1, 1, 1, 1, 1, 1, 1]
	1828513	1758123	1782330	20	M	82	A		-1	6349.54485431	[1, 1, 1, 1, 1, 1, 1, 1, 1, 1, 1, 1]
	1866982	1763246	1658633	20	M	91	A		-1	6349.99873304	[1, 1, 1, 1, 1, 1, 1, 1, 1, 1, 1, 1]
	1884582	1787534	1788873	20	M	23	A		-1	6350.2621721	[1, 1, 1, 1, 0, 1, 1, 1, 1, 1, 1, 1]
	1801674	1749032	1704926	20	M	57	A		-1	6350.64381758	[0, 1, 1, 1, 1, 1, 0, 1, 1, 1, 1, 1]
	1806021	1752200	1748186	20	M	55	A		-1	6350.89509071	[1, 1, 1, 1, 1, 1, 1, 1, 1, 1, 1, 1]
	1802913	1724146	1644237	20	M	17	A		-1	6351.54222855	[1, 1, 1, 1, 1, 1, 1, 1, 1, 1, 1, 1]
	1888183	1737367	1768617	20	M	21	A		-1	6351.92413276	[1, 1, 1, 1, 1, 1, 1, 1, 1, 1, 1, 1]
	1886132	1743405	1729162	20	M	32	A		-1	6353.64199804	[1, 1, 1, 0, 1, 1, 1, 1, 1, 1, 1, 1]
	1880152	1710714	1610385	20	M	34	A		-1	6353.97835801	[1, 1, 1, 1, 1, 1, 1, 1, 1, 1, 1, 1]
	1849981	1741306	1729488	20	M	80	A		-1	6354.00549861	[1, 1, 1, 1, 1, 1, 1, 1, 1, 1, 1, 1]
	1892349	1724146	1733149	20	M	61	A		-1	6354.37967143	[1, 1, 1, 1, 1, 1, 1, 1, 1, 1, 1, 1]
	1845262	1772299	1780292	20	M	32	A		-1	6354.8008407	[1, 1, 1, 1, 1, 1, 1, 1, 1, 1, 1, 1]
	1855542	1740220	1705931	20	M	65	A		-1	6355.39452877	[1, 1, 1, 1, 1, 1, 1, 1, 1, 1, 1, 1]
	1856536	1762923	1782517	20	M	69	A		-1	6355.49347863	[1, 1, 1, 1, 1, 1, 1, 1, 1, 1, 1, 1]
	1862854	1740220	1717222	20	M	67	A		-1	6356.03756382	[1, 1, 1, 1, 1, 1, 1, 1, 1, 1, 1, 1]
	1836498	1709589	1746824	20	M	19	A		-1	6356.34154153	[0, 1, 1, 1, 1, 1, 1, 1, 1, 1, 1, 1]
	1795875	1709589	1627545	20	M	72	A		-1	6356.66724773	[0, 1, 1, 1, 1, 1, 1, 1, 1, 1, 1, 1]
	1874453	1724146	1725585	20	M	40	A		-1	6356.85290191	[1, 1, 1, 1, 1, 1, 1, 1, 1, 1, 1, 1]
	1736377	1648949	1693642	19	M	25	A		-1	6357.47522719	[1, 1, 1, 1, 1, 1, 1, 1, 1, 1, 1, 1]
	1866348	1704990	1731319	20	M	58	A		-1	6357.7977317	[1, 1, 1, 1, 1, 1, 1, 1, 1, 1, 1, 1]
	1817598	1765406	1756479	20	M	47	A		-1	6358.73707231	[1, 1, 1, 1, 1, 1, 1, 1, 1, 1, 1, 1]
	1849747	1737437	1710222	20	M	80	A		-1	6358.93107175	[1, 1, 1, 0, 1, 1, 1, 1, 1, 1, 1, 1]
	1828688	1722638	1755146	20	M	14	A		-1	6359.0916619	[1, 1, 0, 1, 1, 1, 1, 1, 1, 1, 1, 1]
	1805503	1733987	1722164	20	M	71	A		-1	6359.12762043	[1, 1, 1, 1, 1, 1, 1, 1, 1, 1, 1, 1]
	1827815	1758123	1793071	20	M	63	A		-1	6359.16849657	[1, 1, 1, 1, 1, 1, 1, 1, 1, 1, 1, 1]
	1845093	1743405	1709390	20	M	25	A		-1	6359.26999763	[1, 1, 1, 1, 1, 1, 1, 1, 1, 1, 1, 1]
	1835991	1710561	1728999	20	M	47	A		-1	6359.36581688	[1, 1, 1, 1, 1, 1, 1, 1, 1, 1, 1, 1]
	1809132	1699214	1700616	20	M	44	A		-1	6359.80018332	[1, 1, 1, 1, 1, 1, 1, 1, 1, 1, 1, 1]
	1829419	1764541	1729903	20	M	60	A		-1	6360.82910241	[1, 1, 1, 1, 1, 1, 1, 1, 1, 1, 1, 1]
	1874022	1781592	1779788	20	M	14	A		-1	6360.98339816	[1, 1, 1, 1, 1, 1, 1, 1, 1, 1, 1, 1]
	1824027	1710714	1725022	20	M	8	A		-1	6361.33045515	[1, 1, 1, 1, 1, 1, 1, 1, 1, 1, 1, 1]
	1866503	1737367	1707930	20	M	83	A		-1	6361.37456217	[1, 1, 1, 1, 1, 1, 1, 1, 1, 1, 1, 1]
	1831423	1752445	1743069	20	M	8	A		-1	6361.50172194	[1, 1, 1, 0, 1, 1, 1, 1, 1, 1, 1, 1]
	1826247	1791510	1736906	20	M	94	A		-1	6361.51759463	[1, 1, 1, 1, 1, 1, 1, 1, 1, 0, 1, 1]
	1826999	1750081	1753637	20	M	16	A		-1	6361.61331603	[1, 1, 1, 1, 1, 1, 1, 1, 1, 1, 1, 1]
	1704990	1692888	1632109	19	M	1	A		-1	6361.65743579	[1, 1, 0, 1, 1, 1, 1, 1, 1, 1, 1, 1]
	1843325	1704990	1750872	20	M	16	A		-1	6361.80795506	[1, 1, 1, 1, 1, 1, 1, 1, 1, 1, 1, 1]
	1809131	1752200	1726046	20	M	43	A		-1	6362.97560835	[1, 1, 1, 1, 1, 1, 1, 1, 1, 1, 1, 1]
	1870560	1762923	1719365	20	M	3	A		-1	6363.03943423	[1, 1, 1, 1, 1, 1, 1, 1, 1, 1, 1, 1]
	1805049	1729528	1697437	20	M	30	A		-1	6363.23229994	[1, 1, 1, 1, 1, 1, 1, 1, 1, 1, 1, 1]
	1864161	1750112	1767007	20	M	86	A		-1	6363.31677927	[1, 1, 1, 1, 1, 1, 1, 1, 1, 1, 1, 1]
	1856068	1742515	1727836	20	M	32	A		-1	6363.62148445	[1, 1, 1, 1, 1, 1, 1, 1, 1, 1, 1, 1]
	1803255	1755625	1790537	20	M	31	A		-1	6365.19373131	[1, 1, 1, 0, 1, 1, 1, 1, 1, 1, 1, 1]
	1837235	1780343	1627139	20	M	47	A		-1	6365.26562145	[1, 1, 1, 1, 1, 1, 1, 1, 1, 1, 1, 1]
	1849848	1774391	1671455	20	M	65	A		-1	6365.41520456	[1, 1, 1, 1, 1, 1, 1, 1, 1, 1, 1, 1]
	1830608	1752200	1718827	20	M	28	A		-1	6365.6311938	[1, 1, 1, 1, 1, 1, 1, 1, 1, 1, 1, 1]
	1793967	1709589	1652894	20	M	62	A		-1	6365.97440032	[0, 1, 1, 1, 1, 1, 1, 1, 1, 1, 1, 1]
	1815370	1737786	1668566	20	M	73	A		-1	6366.00632561	[1, 1, 1, 1, 1, 1, 1, 1, 1, 1, 1, 1]
	1795544	1710714	1791717	20	M	59	A		-1	6366.65847497	[1, 1, 1, 1, 1, 1, 1, 1, 1, 1, 1, 1]
	1879826	1764541	1724157	20	M	2	A		-1	6366.89317307	[1, 1, 1, 1, 1, 1, 1, 1, 1, 1, 1, 1]
	1826657	1710561	1769985	20	M	56	A		-1	6366.92177814	[1, 1, 1, 1, 1, 1, 1, 1, 1, 1, 1, 1]
	1867993	1704990	1734083	20	M	75	A		-1	6367.04997365	[1, 1, 1, 1, 1, 1, 1, 1, 1, 1, 1, 1]
	1882713	1740220	1724873	20	M	99	A		-1	6367.12653649	[1, 1, 1, 1, 1, 1, 1, 1, 1, 1, 1, 1]
	1800254	1758123	1696987	20	M	61	A		-1	6367.19582517	[1, 1, 1, 1, 1, 1, 1, 1, 1, 1, 1, 1]
	1891241	1791510	1696673	20	M	21	A		-1	6367.69841478	[1, 1, 1, 1, 1, 1, 1, 1, 1, 1, 1, 1]
	1869945	1781592	1701735	20	M	76	A		-1	6368.25814324	[1, 1, 1, 1, 1, 1, 1, 1, 1, 1, 1, 1]
	1837598	1740220	1648684	20	M	3	A		-1	6368.31482409	[1, 1, 1, 1, 1, 1, 1, 1, 1, 1, 1, 1]
	1891207	1699214	1743065	20	M	98	A		-1	6368.3824147	[1, 1, 1, 1, 1, 1, 1, 1, 1, 1, 1, 1]
	1867918	1762923	1782673	20	M	13	A		-1	6369.01214745	[1, 1, 1, 1, 1, 1, 1, 1, 1, 1, 1, 1]
	1825738	1710714	1793032	20	M	71	A		-1	6369.37998176	[1, 1, 1, 1, 1, 1, 1, 1, 1, 1, 1, 1]
	1821889	1790557	1650000	20	M	77	A		-1	6369.46983239	[1, 1, 1, 1, 1, 1, 1, 1, 1, 1, 1, 1]
	1867611	1769755	1740623	20	M	17	A		-1	6369.53990772	[1, 1, 1, 1, 1, 1, 1, 1, 1, 1, 1, 1]
	1858554	1749032	1603742	20	M	4	A		-1	6370.34408322	[1, 1, 1, 1, 1, 1, 1, 1, 1, 1, 1, 1]
	1806905	1777443	1669302	20	M	74	A		-1	6370.73243484	[1, 1, 1, 1, 1, 1, 1, 1, 1, 1, 1, 1]
	1712227	1653390	1623463	19	M	72	A		-1	6370.73690051	[1, 1, 1, 1, 1, 1, 1, 1, 1, 1, 1, 1]
	1867178	1742515	1602405	20	M	74	A		-1	6370.88253832	[1, 1, 1, 1, 1, 1, 1, 1, 1, 1, 1, 1]
	1873512	1758123	1709543	20	M	23	A		-1	6371.07941016	[1, 1, 1, 1, 1, 1, 1, 1, 1, 1, 1, 1]
	1866561	1722638	1743838	20	M	67	A		-1	6371.21671288	[1, 1, 1, 1, 1, 1, 1, 1, 1, 1, 1, 1]
	1865341	1791510	1723657	20	M	52	A		-1	6372.30816888	[1, 1, 1, 1, 1, 1, 1, 1, 1, 1, 1, 1]
	1880043	1743405	1734012	20	M	29	A		-1	6372.5339704	[1, 1, 1, 1, 1, 1, 1, 1, 1, 1, 1, 1]
	1875027	1767689	1760672	20	M	59	A		-1	6372.58277917	[1, 1, 1, 1, 1, 1, 0, 1, 1, 1, 1, 1]
	1810735	1703965	1722583	20	M	53	A		-1	6373.07959841	[1, 1, 1, 1, 1, 1, 1, 1, 1, 1, 1, 1]
	1840893	1747798	1703201	20	M	97	A		-1	6373.67478542	[1, 1, 1, 1, 1, 1, 1, 1, 1, 1, 1, 1]
	1878087	1736377	1772872	20	M	42	A		-1	6373.70365012	[1, 1, 1, 1, 1, 1, 1, 1, 1, 1, 1, 1]
	1817196	1699214	1659798	20	M	30	A		-1	6374.19705248	[1, 1, 1, 1, 1, 1, 1, 1, 1, 1, 1, 1]
	1799933	1747798	1714941	20	M	65	A		-1	6374.67919998	[1, 1, 1, 1, 1, 1, 1, 1, 1, 1, 1, 1]
	1891115	1743405	1718060	20	M	98	A		-1	6375.07667512	[1, 1, 1, 1, 1, 1, 1, 1, 1, 1, 1, 1]
	1837058	1747798	1769803	20	M	41	A		-1	6375.77960147	[1, 1, 1, 1, 1, 1, 1, 1, 1, 1, 1, 1]
	1836616	1699059	1751333	20	M	32	A		-1	6376.1890027	[1, 1, 1, 1, 1, 1, 1, 1, 1, 1, 1, 1]
	1842998	1740220	1742202	20	M	52	A		-1	6376.20766913	[1, 1, 1, 1, 1, 1, 1, 1, 1, 1, 1, 1]
	1856564	1781592	1771197	20	M	30	A		-1	6376.22597805	[1, 1, 1, 1, 1, 1, 1, 1, 1, 1, 1, 1]
	1791510	1668132	1621403	19	M	15	A		-1	6376.27995087	[1, 1, 1, 1, 1, 1, 1, 1, 1, 0, 1, 1]
	1875221	1772299	1714831	20	M	93	A		-1	6376.48842055	[1, 1, 1, 1, 1, 1, 1, 1, 1, 1, 1, 1]
	1798450	1700117	1730811	20	M	22	A		-1	6376.87721478	[1, 1, 1, 1, 1, 1, 1, 1, 1, 1, 1, 1]
	1888690	1737437	1747032	20	M	63	A		-1	6376.99670205	[1, 1, 1, 1, 1, 1, 1, 1, 1, 1, 1, 1]
	1794430	1704990	1608630	20	M	38	A		-1	6377.14415175	[1, 1, 1, 1, 1, 1, 1, 1, 1, 1, 1, 1]
	1826617	1722323	1653727	20	M	21	A		-1	6377.26298636	[1, 1, 1, 1, 1, 1, 1, 1, 1, 1, 1, 1]
	1852462	1772605	1780570	20	M	75	A		-1	6377.33765541	[1, 1, 1, 1, 1, 1, 1, 1, 1, 1, 1, 1]
	1839572	1722638	1746011	20	M	84	A		-1	6377.57715687	[1, 1, 1, 1, 1, 1, 1, 1, 1, 1, 1, 1]
	1803531	1699214	1651116	20	M	54	A		-1	6378.6422859	[1, 1, 1, 1, 1, 1, 1, 1, 1, 1, 1, 1]
	1871614	1729528	1604180	20	M	90	A		-1	6378.928515	[1, 1, 1, 1, 1, 1, 1, 1, 1, 1, 1, 1]
	1806114	1737437	1729282	20	M	54	A		-1	6379.67320965	[1, 1, 1, 0, 1, 1, 1, 1, 1, 1, 1, 1]
	1724146	1667216	1671420	19	M	66	A		-1	6379.87605062	[1, 1, 1, 1, 1, 1, 1, 1, 1, 1, 1, 1]
	1827296	1758425	1741359	20	M	87	A		-1	6379.95660247	[1, 1, 1, 1, 1, 1, 1, 1, 1, 1, 1, 1]
	1865471	1781592	1724258	20	M	30	A		-1	6380.32473064	[1, 1, 1, 0, 1, 1, 1, 1, 1, 1, 1, 1]
	1818836	1750112	1778565	20	M	97	A		-1	6381.32793586	[1, 1, 1, 1, 1, 1, 1, 1, 1, 0, 1, 1]
	1867767	1758425	1708359	20	M	47	A		-1	6381.34759067	[1, 1, 1, 1, 1, 1, 1, 1, 1, 1, 1, 1]
	1807554	1774391	1698364	20	M	23	A		-1	6381.45059723	[1, 1, 1, 1, 1, 1, 1, 1, 1, 1, 1, 1]
	1842659	1742515	1710305	20	M	24	A		-1	6382.30466186	[1, 1, 1, 1, 1, 1, 1, 1, 1, 1, 1, 1]
	1805609	1777443	1708385	20	M	37	A		-1	6382.71426815	[1, 1, 1, 1, 1, 1, 1, 1, 1, 1, 1, 1]
	1808728	1755625	1754986	20	M	43	A		-1	6382.83115192	[1, 1, 1, 1, 1, 1, 1, 1, 1, 1, 1, 1]
	1772299	1688830	1618581	19	M	87	A		-1	6383.15336339	[1, 1, 1, 1, 1, 1, 1, 1, 1, 1, 1, 1]
	1824938	1699059	1657364	20	M	39	A		-1	6383.38462308	[1, 1, 1, 1, 1, 1, 1, 1, 1, 1, 1, 1]
	1849188	1740220	1780147	20	M	30	A		-1	6383.42985856	[1, 1, 1, 1, 1, 1, 1, 1, 1, 1, 1, 1]
	1850084	1737437	1780776	20	M	98	A		-1	6384.26097483	[1, 1, 1, 0, 1, 1, 1, 1, 1, 1, 1, 1]
	1799402	1703965	1786051	20	M	29	A		-1	6384.35917065	[1, 1, 1, 1, 1, 1, 1, 1, 1, 1, 1, 1]
	1800395	1752200	1739559	20	M	15	A		-1	6384.41491307	[1, 1, 1, 1, 1, 1, 1, 1, 1, 1, 1, 1]
	1877346	1705758	1788721	20	M	65	A		-1	6384.87981363	[1, 1, 1, 0, 1, 1, 1, 1, 1, 1, 1, 1]
	1882750	1712227	1761379	20	M	49	A		-1	6384.93495731	[1, 1, 1, 1, 1, 1, 1, 1, 1, 1, 1, 1]
	1882809	1791510	1731839	20	M	55	A		-1	6385.30483798	[1, 1, 1, 1, 1, 1, 1, 1, 1, 1, 1, 1]
	1823262	1741306	1766396	20	M	99	A		-1	6385.44854937	[1, 1, 1, 1, 1, 1, 1, 1, 1, 1, 1, 1]
	1887633	1749032	1695375	20	M	56	A		-1	6385.55018029	[0, 1, 1, 1, 1, 1, 1, 1, 1, 1, 1, 1]
	1875008	1772605	1745061	20	M	57	A		-1	6385.63403427	[1, 1, 1, 1, 1, 1, 1, 1, 1, 1, 1, 1]
	1863135	1752445	1729482	20	M	98	A		-1	6385.76175924	[1, 1, 1, 1, 1, 1, 1, 1, 1, 1, 1, 1]
	1846984	1741306	1707572	20	M	33	A		-1	6386.61484694	[1, 1, 1, 1, 1, 1, 1, 1, 1, 1, 1, 1]
	1796575	1781592	1702700	20	M	74	A		-1	6387.04566873	[1, 1, 1, 1, 1, 1, 1, 1, 1, 1, 1, 1]
	1797830	1781592	1787749	20	M	34	A		-1	6387.99277147	[1, 1, 1, 1, 1, 1, 1, 1, 1, 1, 1, 1]
	1868021	1722323	1680125	20	M	58	A		-1	6388.04528547	[1, 1, 1, 0, 1, 1, 1, 1, 1, 1, 1, 1]
	1801620	1697660	1698917	20	M	55	A		-1	6389.17578397	[1, 1, 1, 1, 1, 1, 0, 1, 1, 1, 1, 1]
	1831830	1736377	1735130	20	M	74	A		-1	6389.77358056	[1, 1, 1, 1, 1, 1, 1, 1, 1, 1, 1, 1]
	1834977	1787534	1515521	20	M	13	A		-1	6389.87648379	[0, 1, 1, 1, 1, 1, 1, 1, 1, 1, 1, 1]
	1879346	1752200	1776638	20	M	9	A		-1	6390.15633888	[1, 1, 1, 1, 1, 1, 1, 1, 1, 1, 1, 1]
	1847513	1762923	1613408	20	M	13	A		-1	6390.42297166	[1, 1, 1, 1, 1, 1, 1, 1, 1, 1, 1, 1]
	1843501	1733987	1708017	20	M	21	A		-1	6390.46427974	[1, 1, 1, 1, 1, 1, 1, 1, 1, 1, 1, 1]
	1838689	1764541	1646377	20	M	86	A		-1	6390.7158038	[1, 1, 1, 1, 1, 1, 1, 1, 1, 1, 1, 1]
	1832419	1777443	1746146	20	M	23	A		-1	6391.75756575	[0, 1, 1, 1, 1, 1, 1, 1, 1, 1, 1, 1]
	1804147	1772605	1703508	20	M	49	A		-1	6392.07107951	[1, 1, 1, 1, 1, 1, 1, 1, 1, 1, 1, 1]
	1849692	1709589	1735801	20	M	3	A		-1	6392.77671408	[1, 1, 0, 1, 1, 1, 1, 1, 1, 1, 1, 1]
	1864560	1703965	1719643	20	M	47	A		-1	6392.80217887	[1, 1, 0, 1, 1, 1, 1, 1, 1, 1, 1, 1]
	1699214	1674755	1501972	19	M	46	A		-1	6392.8975146	[1, 1, 1, 1, 1, 1, 1, 1, 1, 1, 1, 1]
	1872452	1750081	1748787	20	M	58	A		-1	6393.41202099	[1, 1, 1, 1, 1, 1, 1, 1, 1, 0, 1, 1]
	1873833	1737437	1739699	20	M	75	A		-1	6393.55338683	[1, 1, 1, 1, 1, 1, 1, 1, 1, 1, 1, 1]
	1859323	1743405	1740309	20	M	87	A		-1	6394.90072524	[1, 1, 1, 1, 1, 1, 1, 1, 1, 1, 1, 1]
	1845547	1763246	1753448	20	M	91	A		-1	6395.0526858	[1, 1, 1, 1, 1, 1, 1, 1, 1, 1, 1, 1]
	1879842	1740220	1658378	20	M	38	A		-1	6395.35410446	[1, 1, 1, 1, 1, 1, 1, 1, 1, 1, 1, 1]
	1802232	1704990	1716172	20	M	27	A		-1	6395.43083362	[1, 1, 1, 1, 1, 1, 1, 1, 1, 1, 1, 1]
	1835202	1729528	1765908	20	M	60	A		-1	6395.95410048	[1, 1, 1, 1, 1, 1, 1, 1, 1, 1, 1, 1]
	1797725	1767689	1733347	20	M	91	A		-1	6396.01834582	[1, 1, 1, 1, 1, 1, 1, 1, 1, 1, 1, 1]
	1828193	1772299	1727615	20	M	56	A		-1	6396.54736267	[1, 1, 1, 1, 1, 1, 1, 1, 1, 1, 1, 1]
	1869045	1772299	1748360	20	M	47	A		-1	6397.19101395	[1, 1, 1, 1, 1, 1, 1, 1, 1, 1, 1, 1]
	1874654	1764541	1732644	20	M	61	A		-1	6397.4291585	[1, 1, 0, 1, 1, 1, 1, 1, 1, 1, 1, 1]
	1710561	1621177	1630574	19	M	39	A		-1	6397.88532855	[1, 1, 1, 1, 1, 1, 1, 1, 1, 1, 1, 1]
	1823453	1754041	1694217	20	M	34	A		-1	6398.21662781	[1, 1, 1, 1, 1, 1, 1, 1, 1, 1, 1, 1]
	1808741	1743405	1722848	20	M	40	A		-1	6399.52397426	[1, 1, 1, 1, 1, 1, 1, 1, 1, 1, 1, 1]
	1857065	1699059	1759032	20	M	76	A		-1	6399.70395478	[1, 1, 1, 1, 1, 1, 1, 1, 1, 1, 1, 1]
	1884435	1750081	1709130	20	M	86	A		-1	6400.04469556	[1, 1, 1, 1, 1, 1, 1, 1, 1, 1, 1, 1]
	1840461	1722323	1707120	20	M	96	A		-1	6400.61281879	[1, 1, 1, 1, 1, 1, 1, 1, 1, 1, 1, 1]
	1832049	1700117	1668245	20	M	7	A		-1	6402.29431463	[1, 1, 1, 1, 1, 1, 1, 1, 1, 1, 1, 1]
	1827230	1750112	1738175	20	M	9	A		-1	6402.62412169	[1, 1, 1, 1, 1, 1, 1, 1, 1, 1, 1, 1]
	1810431	1764541	1725897	20	M	14	A		-1	6403.74586211	[1, 1, 1, 1, 1, 1, 1, 1, 1, 1, 1, 1]
	1877449	1703965	1698635	20	M	84	A		-1	6403.82861823	[1, 1, 1, 1, 1, 1, 1, 1, 1, 1, 1, 1]
	1811532	1697660	1791686	20	M	49	A		-1	6404.49425576	[0, 1, 1, 1, 1, 1, 1, 1, 1, 1, 1, 1]
	1889800	1767689	1708642	20	M	61	A		-1	6405.39704206	[1, 1, 1, 1, 1, 1, 1, 1, 1, 1, 1, 1]
	1796589	1763246	1739162	20	M	96	A		-1	6406.67503862	[1, 1, 1, 1, 1, 1, 1, 1, 1, 1, 1, 1]
	1799007	1787534	1767377	20	M	73	A		-1	6407.59457148	[1, 1, 1, 1, 1, 1, 1, 1, 1, 1, 1, 1]
	1838290	1747798	1788769	20	M	97	A		-1	6409.5817819	[1, 1, 1, 1, 1, 1, 1, 1, 1, 1, 1, 1]
	1810383	1780343	1660684	20	M	40	A		-1	6409.66623939	[1, 1, 1, 0, 1, 1, 1, 1, 1, 1, 1, 1]
	1835423	1752445	1718904	20	M	98	A		-1	6410.07016736	[1, 1, 1, 1, 1, 1, 1, 1, 1, 1, 1, 1]
	1819033	1769755	1622305	20	M	60	A		-1	6410.79453228	[1, 1, 1, 1, 1, 1, 1, 1, 1, 1, 1, 1]
	1798312	1767689	1713967	20	M	85	A		-1	6411.44551078	[1, 1, 1, 0, 1, 1, 1, 1, 1, 1, 1, 1]
	1828021	1752200	1791610	20	M	4	A		-1	6412.18691807	[1, 1, 1, 1, 1, 1, 1, 1, 1, 1, 1, 1]
	1847514	1729528	1781319	20	M	78	A		-1	6413.06249094	[1, 1, 1, 1, 1, 1, 1, 1, 1, 1, 1, 1]
	1807352	1772299	1710436	20	M	39	A		-1	6413.23649577	[1, 1, 1, 1, 1, 1, 1, 1, 1, 1, 1, 1]
	1885417	1742515	1704886	20	M	97	A		-1	6413.65413773	[1, 1, 1, 1, 1, 1, 1, 1, 1, 1, 1, 1]
	1876253	1700117	1786770	20	M	22	A		-1	6413.81477097	[1, 1, 1, 1, 1, 1, 1, 1, 1, 1, 1, 1]
	1827817	1710561	1730255	20	M	38	A		-1	6414.2500229	[1, 1, 1, 1, 1, 1, 1, 1, 1, 1, 1, 1]
	1796212	1781592	1694978	20	M	65	A		-1	6414.27619241	[1, 1, 1, 1, 1, 1, 1, 1, 1, 1, 1, 1]
	1884030	1752200	1604415	20	M	71	A		-1	6416.43849339	[1, 1, 1, 1, 1, 1, 1, 1, 1, 1, 1, 1]
	1830434	1780343	1696041	20	M	2	A		-1	6417.89953893	[1, 1, 1, 1, 1, 1, 1, 1, 1, 1, 1, 1]
	1875414	1780343	1763314	20	M	6	A		-1	6418.03913656	[1, 1, 1, 1, 1, 1, 1, 1, 1, 1, 1, 1]
	1820798	1700117	1759175	20	M	45	A		-1	6418.82708437	[1, 1, 1, 1, 1, 1, 1, 1, 1, 1, 1, 1]
	1801046	1787534	1735884	20	M	0	A		-1	6419.00287371	[1, 1, 1, 1, 1, 1, 1, 1, 1, 1, 1, 1]
	1842194	1737786	1774615	20	M	44	A		-1	6419.56551491	[1, 1, 1, 1, 1, 1, 1, 1, 1, 1, 1, 1]
	1752200	1654003	1650346	19	M	43	A		-1	6420.28077806	[1, 1, 1, 1, 1, 1, 1, 1, 1, 1, 1, 1]
	1860228	1733987	1736028	20	M	76	A		-1	6420.42455461	[1, 1, 1, 1, 1, 1, 0, 1, 1, 1, 1, 1]
	1873441	1709589	1737020	20	M	57	A		-1	6421.12843502	[1, 1, 1, 1, 1, 1, 1, 1, 1, 1, 1, 1]
	1796430	1754041	1754791	20	M	40	A		-1	6421.20079399	[1, 1, 1, 1, 1, 1, 1, 1, 1, 1, 1, 1]
	1809506	1777443	1637377	20	M	22	A		-1	6421.44649258	[1, 1, 1, 1, 1, 1, 1, 1, 1, 1, 1, 1]
	1803233	1758425	1775141	20	M	60	A		-1	6421.49885386	[1, 1, 1, 1, 1, 1, 1, 1, 1, 1, 1, 1]
	1805591	1700117	1742715	20	M	80	A		-1	6422.04897786	[1, 1, 1, 1, 1, 1, 1, 1, 1, 1, 1, 1]
	1825011	1781592	1666070	20	M	96	A		-1	6422.08825575	[1, 1, 1, 1, 1, 1, 1, 1, 1, 1, 1, 1]
	1817926	1722323	1789463	20	M	22	A		-1	6422.38682913	[1, 1, 1, 0, 1, 1, 1, 1, 1, 1, 1, 1]
	1868306	1737437	1726351	20	M	9	A		-1	6422.48817405	[1, 1, 1, 0, 1, 1, 1, 1, 1, 1, 1, 1]
	1857133	1772605	1743565	20	M	94	A		-1	6422.69844347	[1, 1, 1, 1, 1, 1, 1, 1, 1, 1, 1, 1]
	1861196	1741306	1746414	20	M	6	A		-1	6422.74262733	[1, 1, 1, 1, 1, 1, 1, 1, 1, 1, 1, 1]
	1818416	1712227	1606279	20	M	16	A		-1	6423.81187999	[1, 1, 1, 1, 1, 1, 1, 1, 1, 1, 1, 1]
	1819331	1774391	1772149	20	M	74	A		-1	6424.34331708	[1, 1, 1, 1, 1, 1, 1, 1, 1, 1, 1, 1]
	1750112	1672144	1662811	19	M	73	A		-1	6424.38763417	[0, 1, 1, 1, 1, 1, 1, 1, 1, 1, 1, 1]
	1877951	1743405	1535914	20	M	64	A		-1	6424.41766558	[1, 1, 1, 1, 1, 1, 1, 1, 1, 1, 1, 1]
	1853177	1737437	1570097	20	M	57	A		-1	6424.49719677	[1, 1, 1, 1, 1, 1, 1, 1, 1, 1, 1, 1]
	1737437	1644018	1660644	19	M	83	A		-1	6425.29511157	[1, 1, 1, 0, 1, 1, 1, 1, 1, 1, 1, 1]
	1807695	1764541	1707531	20	M	47	A		-1	6426.6579574	[0, 1, 1, 1, 1, 1, 1, 1, 1, 1, 1, 1]
	1843719	1704990	1786323	20	M	72	A		-1	6426.7444014	[1, 1, 0, 1, 1, 1, 1, 1, 1, 1, 1, 1]
	1869594	1777443	1464047	20	M	17	A		-1	6427.42259406	[1, 1, 1, 1, 1, 1, 1, 1, 1, 1, 1, 1]
	1794304	1781592	1746811	20	M	92	A		-1	6427.7248226	[1, 1, 1, 1, 1, 1, 1, 1, 1, 1, 1, 1]
	1858118	1709589	1764020	20	M	70	A		-1	6428.14714642	[0, 1, 1, 1, 1, 1, 1, 1, 1, 1, 1, 1]
	1823199	1710714	1788677	20	M	69	A		-1	6428.93485357	[1, 1, 1, 1, 1, 1, 1, 1, 1, 1, 1, 1]
	1827257	1772605	1636139	20	M	5	A		-1	6429.06841418	[1, 1, 1, 1, 1, 1, 1, 1, 1, 1, 1, 1]
	1841904	1737786	1723673	20	M	26	A		-1	6429.42462597	[1, 1, 1, 1, 1, 1, 1, 1, 1, 1, 1, 1]
	1849264	1741306	1756995	20	M	74	A		-1	6429.55139502	[1, 1, 1, 1, 1, 1, 1, 1, 1, 1, 1, 1]
	1880544	1764541	1763173	20	M	26	A		-1	6431.9377733	[1, 1, 1, 1, 1, 1, 1, 1, 1, 1, 1, 1]
	1819686	1747798	1767961	20	M	43	A		-1	6432.15955742	[1, 1, 1, 1, 1, 1, 1, 1, 1, 1, 1, 1]
	1811984	1733987	1780978	20	M	45	A		-1	6433.09588446	[1, 1, 1, 1, 1, 1, 1, 1, 1, 1, 1, 1]
	1877935	1710714	1792304	20	M	25	A		-1	6433.14667823	[1, 1, 1, 1, 1, 1, 1, 1, 1, 1, 1, 1]
	1888456	1703965	1787286	20	M	96	A		-1	6433.25078527	[1, 1, 1, 1, 1, 1, 1, 1, 1, 1, 1, 1]
	1886427	1780343	1765823	20	M	91	A		-1	6433.40704888	[1, 1, 1, 1, 1, 1, 1, 1, 1, 1, 1, 1]
	1798685	1737786	1735935	20	M	63	A		-1	6433.89098692	[1, 1, 1, 1, 1, 1, 1, 1, 1, 1, 1, 1]
	1814267	1704990	1791595	20	M	28	A		-1	6434.05269946	[1, 1, 0, 1, 1, 1, 1, 1, 1, 1, 1, 1]
	1859481	1733371	1784067	20	M	49	A		-1	6434.60972986	[0, 1, 1, 1, 1, 1, 1, 1, 1, 1, 1, 1]
	1824782	1737437	1774155	20	M	27	A		-1	6435.61960504	[1, 1, 1, 1, 1, 1, 1, 1, 1, 1, 1, 1]
	1873023	1764541	1776170	20	M	16	A		-1	6436.19664804	[1, 1, 1, 1, 1, 1, 1, 1, 1, 1, 1, 1]
	1801111	1758425	1790309	20	M	53	A		-1	6436.64931634	[1, 1, 1, 1, 1, 1, 1, 1, 1, 1, 1, 1]
	1854090	1769755	1637714	20	M	35	A		-1	6437.14711418	[1, 1, 1, 1, 1, 1, 1, 1, 1, 1, 1, 1]
	1849395	1791510	1750121	20	M	21	A		-1	6437.98953349	[1, 1, 1, 1, 1, 1, 1, 1, 1, 0, 1, 1]
	1875587	1743405	1735223	20	M	87	A		-1	6438.42798363	[1, 1, 1, 1, 1, 1, 1, 1, 1, 1, 1, 1]
	1856838	1700117	1736309	20	M	0	A		-1	6439.07058116	[1, 1, 1, 1, 1, 1, 1, 1, 1, 1, 1, 1]
	1891217	1762923	1725300	20	M	56	A		-1	6439.18482864	[1, 1, 1, 1, 1, 1, 1, 1, 1, 1, 1, 1]
	1834136	1758123	1671339	20	M	45	A		-1	6439.62188032	[1, 1, 1, 1, 1, 1, 1, 1, 1, 1, 1, 1]
	1822053	1777443	1723787	20	M	66	A		-1	6440.06898001	[1, 1, 1, 0, 1, 1, 1, 1, 1, 1, 1, 1]
	1874630	1763246	1705950	20	M	64	A		-1	6440.48016939	[1, 1, 1, 0, 1, 1, 1, 1, 1, 1, 1, 1]
	1827770	1742515	1747581	20	M	91	A		-1	6443.00543207	[1, 1, 1, 1, 1, 1, 1, 1, 1, 1, 1, 1]
	1848387	1758123	1643899	20	M	75	A		-1	6443.69964337	[1, 1, 1, 1, 1, 1, 1, 1, 1, 1, 1, 1]
	1804815	1737437	1658187	20	M	35	A		-1	6444.90289008	[1, 1, 1, 1, 1, 1, 1, 1, 1, 1, 1, 1]
	1835392	1790557	1714138	20	M	54	A		-1	6445.31257296	[1, 1, 1, 1, 1, 1, 1, 1, 1, 1, 1, 1]
	1890893	1765406	1760683	20	M	62	A		-1	6447.02310211	[1, 1, 1, 0, 1, 1, 1, 1, 1, 1, 1, 1]
	1841382	1772299	1543529	20	M	91	A		-1	6450.41483542	[1, 1, 1, 1, 1, 1, 1, 1, 1, 1, 1, 1]
	1799164	1754041	1709659	20	M	27	A		-1	6450.75092639	[1, 1, 1, 1, 1, 1, 1, 1, 1, 1, 1, 1]
	1886303	1752200	1774003	20	M	73	A		-1	6452.74964098	[1, 1, 1, 1, 1, 1, 1, 1, 1, 1, 1, 1]
	1805331	1700117	1714235	20	M	67	A		-1	6453.07208847	[1, 1, 1, 1, 1, 1, 1, 1, 1, 1, 1, 1]
	1864930	1747798	1710669	20	M	70	A		-1	6453.12302434	[1, 1, 1, 1, 1, 1, 1, 1, 1, 1, 1, 1]
	1808982	1750081	1756025	20	M	23	A		-1	6454.42096146	[1, 1, 1, 1, 1, 1, 1, 1, 1, 0, 1, 1]
	1858004	1764541	1711844	20	M	30	A		-1	6454.69338546	[1, 1, 1, 1, 1, 1, 1, 1, 1, 1, 1, 1]
	1824913	1750112	1761825	20	M	87	A		-1	6454.7864089	[0, 1, 1, 1, 1, 1, 1, 1, 1, 1, 1, 1]
	1796090	1742515	1724364	20	M	0	A		-1	6455.08647642	[1, 1, 1, 1, 1, 1, 1, 1, 1, 1, 1, 1]
	1853737	1762923	1739474	20	M	99	A		-1	6457.32311257	[1, 1, 1, 1, 1, 1, 1, 1, 1, 1, 1, 1]
	1801466	1790557	1763695	20	M	66	A		-1	6457.76833421	[1, 1, 1, 1, 1, 1, 1, 1, 1, 1, 1, 1]
	1885731	1762923	1543753	20	M	5	A		-1	6458.14346284	[1, 1, 1, 1, 1, 1, 1, 1, 1, 0, 1, 1]
	1797519	1722323	1787157	20	M	34	A		-1	6459.0780342	[1, 1, 1, 0, 1, 1, 1, 1, 1, 1, 1, 1]
	1814897	1737437	1758108	20	M	38	A		-1	6459.71490068	[1, 1, 1, 0, 1, 1, 1, 1, 1, 1, 1, 1]
	1828754	1777443	1749195	20	M	70	A		-1	6460.19950605	[1, 1, 1, 1, 1, 1, 1, 1, 1, 1, 1, 1]
	1823250	1752200	1724144	20	M	53	A		-1	6460.98337724	[1, 1, 1, 1, 1, 1, 1, 1, 1, 1, 1, 1]
	1839558	1777443	1790319	20	M	6	A		-1	6461.12488092	[1, 1, 1, 1, 1, 1, 1, 1, 1, 1, 1, 1]
	1854167	1740220	1774799	20	M	91	A		-1	6461.9429034	[1, 1, 1, 1, 1, 1, 1, 1, 1, 1, 1, 1]
	1840267	1704990	1781500	20	M	33	A		-1	6462.70071575	[1, 1, 1, 1, 1, 1, 1, 1, 1, 1, 1, 1]
	1811250	1724146	1751302	20	M	46	A		-1	6462.955485	[1, 1, 1, 1, 1, 1, 1, 1, 1, 1, 1, 1]
	1891619	1705758	1773140	20	M	82	A		-1	6464.2249295	[1, 1, 1, 1, 1, 1, 1, 1, 1, 1, 1, 1]
	1832929	1769755	1699784	20	M	87	A		-1	6465.67919474	[1, 1, 1, 1, 1, 1, 1, 1, 1, 1, 1, 1]
	1887869	1791510	1644530	20	M	83	A		-1	6468.79627604	[1, 1, 1, 1, 1, 1, 1, 1, 1, 0, 1, 1]
	1821685	1709589	1731845	20	M	50	A		-1	6469.64802147	[1, 1, 1, 1, 1, 1, 1, 1, 1, 1, 1, 1]
	1885468	1704990	1692403	20	M	41	A		-1	6469.85893035	[1, 1, 1, 1, 1, 1, 1, 1, 1, 1, 1, 1]
	1828034	1710714	1751715	20	M	56	A		-1	6470.1616857	[1, 1, 1, 1, 1, 1, 1, 1, 1, 1, 1, 1]
	1764541	1688830	1649786	19	M	99	A		-1	6471.74521371	[1, 1, 1, 1, 1, 1, 1, 1, 1, 1, 1, 1]
	1800667	1710714	1755159	20	M	90	A		-1	6472.71059269	[1, 1, 1, 1, 1, 1, 1, 1, 1, 1, 1, 1]
	1802341	1724146	1764029	20	M	47	A		-1	6473.5014719	[1, 1, 1, 1, 1, 1, 1, 1, 1, 1, 1, 1]
	1825467	1710714	1698127	20	M	88	A		-1	6473.62456599	[1, 1, 1, 1, 1, 1, 1, 1, 1, 1, 1, 1]
	1880370	1699214	1776791	20	M	60	A		-1	6474.66075499	[1, 1, 1, 1, 1, 1, 1, 1, 1, 1, 1, 1]
	1813428	1729528	1753994	20	M	93	A		-1	6475.17890289	[1, 1, 1, 1, 1, 1, 1, 1, 1, 1, 1, 1]
	1817956	1737367	1726140	20	M	31	A		-1	6475.63946118	[1, 1, 1, 1, 1, 1, 1, 1, 1, 1, 1, 1]
	1860153	1710561	1736236	20	M	7	A		-1	6478.63393622	[1, 1, 1, 1, 1, 1, 1, 1, 1, 1, 1, 1]
	1830533	1767689	1709620	20	M	12	A		-1	6478.65050701	[1, 1, 1, 1, 1, 1, 1, 1, 1, 1, 1, 1]
	1887623	1737437	1693837	20	M	52	A		-1	6478.67703001	[1, 1, 1, 0, 1, 1, 1, 1, 1, 1, 1, 1]
	1874769	1764541	1788862	20	M	75	A		-1	6480.34984299	[1, 1, 1, 1, 1, 1, 1, 1, 1, 1, 1, 1]
	1837889	1710714	1709131	20	M	7	A		-1	6481.03618416	[1, 1, 1, 1, 1, 1, 1, 1, 1, 1, 1, 1]
	1800151	1741306	1776691	20	M	33	A		-1	6481.69262804	[1, 1, 1, 1, 1, 1, 1, 1, 1, 1, 1, 1]
	1828680	1740220	1733745	20	M	46	A		-1	6482.5425993	[1, 1, 1, 1, 1, 1, 1, 1, 1, 1, 1, 1]
	1841434	1758123	1768298	20	M	77	A		-1	6485.35049609	[1, 1, 1, 1, 1, 1, 1, 1, 1, 1, 1, 1]
	1808754	1752200	1736756	20	M	62	A		-1	6485.40001113	[1, 1, 1, 1, 1, 1, 1, 1, 1, 1, 1, 1]
	1832826	1764541	1782948	20	M	72	A		-1	6486.78184877	[1, 1, 1, 1, 1, 1, 1, 1, 1, 1, 1, 1]
	1808131	1697660	1747680	20	M	73	A		-1	6488.89638518	[1, 1, 1, 1, 1, 1, 1, 1, 1, 1, 1, 1]
	1821781	1710561	1790012	20	M	35	A		-1	6489.51561842	[1, 1, 1, 1, 1, 1, 1, 1, 1, 1, 1, 1]
	1872840	1697660	1638881	20	M	62	A		-1	6492.30300341	[1, 1, 1, 1, 1, 1, 1, 1, 1, 1, 1, 1]
	1851108	1740220	1787607	20	M	55	A		-1	6492.9414138	[1, 1, 1, 0, 1, 1, 1, 1, 1, 1, 1, 1]
	1839931	1781592	1700845	20	M	33	A		-1	6493.35720774	[1, 1, 1, 1, 1, 1, 1, 1, 1, 1, 1, 1]
	1806335	1747798	1695300	20	M	67	A		-1	6495.81831462	[1, 1, 1, 1, 1, 1, 1, 1, 1, 1, 1, 1]
	1859141	1781592	1766678	20	M	90	A		-1	6497.27731251	[1, 1, 1, 1, 1, 1, 1, 1, 1, 1, 1, 1]
	1795337	1750112	1735271	20	M	52	A		-1	6497.75612041	[1, 1, 1, 1, 1, 1, 1, 1, 1, 1, 1, 1]
	1798657	1736377	1766668	20	M	7	A		-1	6498.5341434	[1, 1, 1, 1, 1, 1, 1, 1, 1, 1, 1, 1]
	1807193	1700117	1728767	20	M	71	A		-1	6498.77423735	[1, 1, 1, 1, 1, 1, 1, 1, 1, 1, 1, 1]
	1829655	1769755	1745243	20	M	53	A		-1	6499.2051693	[1, 1, 1, 1, 1, 1, 1, 1, 1, 1, 1, 1]
	1859461	1710561	1705106	20	M	63	A		-1	6499.38032567	[1, 1, 1, 1, 1, 1, 1, 1, 1, 1, 1, 1]
	1805018	1791510	1711602	20	M	60	A		-1	6499.71764046	[1, 1, 1, 1, 1, 1, 1, 1, 1, 0, 1, 1]
	1833412	1791510	1791202	20	M	69	A		-1	6501.55732744	[1, 1, 1, 1, 1, 1, 1, 1, 1, 0, 1, 1]
	1808781	1774391	1775359	20	M	82	A		-1	6501.60516688	[1, 1, 1, 1, 1, 1, 1, 1, 1, 1, 1, 1]
	1802906	1724146	1707205	20	M	88	A		-1	6502.63910317	[1, 1, 1, 1, 1, 1, 1, 1, 1, 1, 1, 1]
	1862379	1700117	1774605	20	M	87	A		-1	6504.61824969	[1, 1, 0, 1, 1, 1, 1, 1, 1, 1, 1, 1]
	1819566	1787534	1721440	20	M	30	A		-1	6506.2006698	[1, 1, 1, 1, 1, 1, 1, 1, 1, 1, 1, 1]
	1831288	1791510	1746592	20	M	99	A		-1	6506.38012915	[0, 1, 1, 1, 1, 1, 1, 1, 1, 0, 1, 1]
	1838270	1737437	1791149	20	M	88	A		-1	6506.85811477	[1, 1, 1, 1, 1, 1, 1, 1, 1, 1, 1, 1]
	1857761	1741306	1729641	20	M	42	A		-1	6507.36814852	[1, 1, 1, 1, 1, 1, 1, 1, 1, 1, 1, 1]
	1799525	1767689	1650921	20	M	47	A		-1	6508.23955228	[1, 1, 1, 1, 1, 1, 1, 1, 1, 1, 1, 1]
	1843715	1722638	1713865	20	M	39	A		-1	6508.42156561	[1, 1, 1, 0, 1, 1, 1, 1, 1, 1, 1, 1]
	1804157	1791510	1764059	20	M	9	A		-1	6508.65004329	[1, 1, 1, 1, 1, 1, 1, 1, 1, 1, 1, 1]
	1808902	1772299	1697944	20	M	57	A		-1	6511.02759218	[1, 1, 1, 1, 1, 1, 1, 1, 1, 1, 1, 1]
	1829487	1709589	1785420	20	M	52	A		-1	6511.56732319	[1, 1, 1, 1, 1, 1, 1, 1, 1, 1, 1, 1]
	1823111	1750112	1606970	20	M	76	A		-1	6512.21151916	[0, 1, 1, 1, 1, 1, 1, 1, 1, 1, 1, 1]
	1847999	1737786	1769953	20	M	43	A		-1	6512.27610617	[1, 1, 1, 1, 1, 1, 1, 1, 1, 1, 1, 1]
	1861758	1772299	1767217	20	M	14	A		-1	6513.98110338	[1, 1, 1, 1, 1, 1, 1, 1, 1, 1, 1, 1]
	1871509	1722638	1756809	20	M	50	A		-1	6517.56501046	[1, 1, 1, 1, 1, 1, 1, 1, 1, 1, 1, 1]
	1827136	1754041	1776945	20	M	78	A		-1	6519.13436587	[1, 1, 1, 1, 1, 1, 1, 1, 1, 1, 1, 1]
	1851745	1750112	1736804	20	M	37	A		-1	6519.26669998	[1, 1, 1, 1, 1, 1, 1, 1, 1, 1, 1, 1]
	1866300	1737437	1741350	20	M	25	A		-1	6519.43326198	[1, 1, 1, 0, 1, 1, 1, 1, 1, 1, 1, 1]
	1851416	1742515	1741102	20	M	10	A		-1	6520.79677477	[1, 1, 1, 1, 1, 1, 1, 1, 1, 1, 1, 1]
	1887386	1750112	1780569	20	M	86	A		-1	6524.16211879	[0, 1, 1, 1, 1, 1, 1, 1, 1, 1, 1, 1]
	1816734	1712227	1780914	20	M	47	A		-1	6528.55564946	[1, 1, 1, 1, 1, 1, 1, 1, 1, 1, 1, 1]
	1800130	1781592	1705196	20	M	5	A		-1	6529.870553	[1, 1, 1, 1, 1, 1, 1, 1, 1, 1, 1, 1]
	1885773	1764541	1716046	20	M	16	A		-1	6531.49215769	[0, 1, 1, 1, 1, 1, 1, 1, 1, 1, 1, 1]
	1824007	1704990	1735889	20	M	79	A		-1	6532.06386242	[1, 1, 0, 1, 1, 1, 1, 1, 1, 1, 1, 1]
	1847660	1758425	1765791	20	M	58	A		-1	6532.31660518	[1, 1, 1, 1, 1, 1, 1, 1, 1, 1, 1, 1]
	1828469	1722323	1756943	20	M	70	A		-1	6534.41120047	[1, 1, 1, 0, 1, 1, 1, 1, 1, 1, 1, 1]
	1802811	1724146	1791781	20	M	56	A		-1	6535.7143718	[1, 1, 1, 1, 1, 1, 1, 1, 1, 1, 1, 1]
	1812335	1750112	1745578	20	M	79	A		-1	6536.42784308	[0, 1, 1, 1, 1, 1, 1, 1, 1, 1, 1, 1]
	1821731	1762923	1747758	20	M	83	A		-1	6536.46810519	[1, 1, 1, 1, 1, 1, 1, 1, 1, 1, 1, 1]
	1813012	1764541	1714948	20	M	41	A		-1	6537.38116769	[1, 1, 1, 1, 1, 1, 1, 1, 1, 1, 1, 1]
	1842777	1710561	1705209	20	M	10	A		-1	6538.67025792	[1, 1, 1, 1, 1, 1, 1, 1, 1, 1, 1, 1]
	1871042	1700117	1748779	20	M	46	A		-1	6538.90503367	[1, 1, 1, 1, 1, 1, 1, 1, 1, 1, 1, 1]
	1890714	1764541	1729348	20	M	74	A		-1	6549.00630703	[1, 1, 1, 1, 1, 1, 1, 1, 1, 1, 1, 1]
	1798945	1750081	1634047	20	M	78	A		-1	6549.67129498	[1, 1, 1, 1, 1, 1, 1, 1, 1, 1, 1, 1]
	1880896	1777443	1647487	20	M	61	A		-1	6551.21460051	[1, 1, 1, 1, 1, 1, 1, 1, 1, 1, 1, 1]
	1853300	1729528	1732635	20	M	25	A		-1	6551.42952421	[1, 1, 1, 1, 1, 1, 1, 1, 1, 1, 1, 1]
	1833284	1750112	1736554	20	M	99	A		-1	6556.9183002	[0, 1, 1, 1, 1, 1, 1, 1, 1, 1, 1, 1]
	1836216	1767689	1708441	20	M	14	A		-1	6559.68213076	[1, 1, 1, 0, 1, 1, 1, 1, 1, 1, 1, 1]
	1824186	1724146	1737148	20	M	92	A		-1	6564.69903233	[1, 1, 1, 1, 1, 1, 1, 1, 1, 1, 1, 1]
	1865776	1777443	1789810	20	M	89	A		-1	6564.74400208	[1, 1, 1, 1, 1, 1, 1, 1, 1, 1, 1, 1]
	1839160	1733371	1792584	20	M	71	A		-1	6568.99455855	[1, 1, 1, 1, 1, 1, 1, 1, 1, 1, 1, 1]
	1851325	1769755	1710371	20	M	1	A		-1	6571.0789051	[1, 1, 1, 1, 1, 1, 1, 1, 1, 1, 1, 1]
	1808588	1705758	1645621	20	M	95	A		-1	6575.84728632	[1, 1, 1, 1, 1, 1, 1, 1, 1, 1, 1, 1]
	1840064	1750081	1675637	20	M	5	A		-1	6580.26029677	[1, 1, 1, 1, 1, 1, 1, 1, 1, 0, 1, 1]
	1845109	1750081	1793181	20	M	6	A		-1	6581.80184663	[1, 1, 1, 1, 1, 1, 1, 1, 1, 0, 1, 1]
	1820824	1700117	1697658	20	M	88	A		-1	6586.26880653	[1, 1, 1, 1, 1, 1, 1, 1, 1, 1, 1, 1]
	1806895	1764541	1767490	20	M	7	A		-1	6587.8345343	[1, 1, 1, 1, 1, 1, 1, 1, 1, 1, 1, 1]
	1814737	1705758	1696819	20	M	79	A		-1	6589.13560089	[1, 1, 1, 1, 1, 1, 1, 1, 1, 1, 1, 1]
	1889460	1767689	1775949	20	M	14	A		-1	6589.1478258	[1, 1, 1, 1, 1, 1, 1, 1, 1, 1, 1, 1]
	1813491	1724146	1737254	20	M	89	A		-1	6601.21225885	[1, 1, 1, 1, 1, 1, 1, 1, 1, 1, 1, 1]
	1815418	1699059	1706488	20	M	59	A		-1	6602.10254233	[1, 1, 1, 1, 1, 1, 1, 1, 1, 1, 1, 1]
	1794801	1772299	1786449	20	M	26	A		-1	6602.10898098	[1, 1, 1, 1, 1, 1, 1, 1, 1, 1, 1, 1]
	1864039	1737437	1737911	20	M	57	A		-1	6611.08667637	[1, 1, 1, 0, 1, 1, 1, 1, 1, 1, 1, 1]
	1804106	1772299	1755546	20	M	97	A		-1	6615.86380008	[1, 1, 1, 1, 1, 1, 1, 1, 1, 1, 1, 1]
	1841163	1755625	1755126	20	M	90	A		-1	6619.97619925	[1, 1, 1, 1, 1, 1, 1, 1, 1, 1, 1, 1]
	1875430	1703965	1778320	20	M	81	A		-1	6626.83897712	[1, 1, 1, 1, 1, 1, 1, 1, 1, 1, 1, 1]
	1887840	1767689	1768097	20	M	35	A		-1	6638.46890243	[1, 1, 1, 1, 1, 1, 1, 1, 1, 1, 1, 1]
	1872563	1737367	1730606	20	M	20	A		-1	6667.19140706	[1, 1, 1, 1, 1, 1, 1, 1, 1, 1, 1, 1]
	1844356	1780343	1783643	20	M	56	A		-1	6668.07537352	[1, 1, 1, 1, 1, 1, 1, 1, 1, 1, 1, 1]
	1852207	1750112	1719167	20	M	44	A		-1	6671.74611817	[1, 1, 1, 1, 1, 1, 1, 1, 1, 1, 1, 1]
	1811075	1764541	1727156	20	M	88	A		-1	6671.94061376	[1, 1, 1, 1, 1, 1, 1, 1, 1, 1, 1, 1]
	1874077	1737786	1780880	20	M	53	A		-1	6696.76262794	[1, 1, 1, 1, 1, 1, 1, 1, 1, 1, 1, 1]
	1856220	1737437	1746215	20	M	19	A		-1	6697.01884936	[1, 1, 1, 1, 1, 1, 1, 1, 1, 1, 1, 1]
	1796666	1737437	1747630	20	M	25	A		-1	6737.24344362	[1, 1, 1, 0, 1, 1, 1, 1, 1, 1, 1, 1]
	1874209	1712227	1753284	20	M	14	A		-1	6766.38979264	[1, 1, 1, 1, 1, 1, 1, 1, 1, 1, 1, 1]
	1855464	1749032	1707661	20	M	13	A		-1	6800.80846559	[0, 1, 1, 1, 1, 1, 1, 1, 1, 1, 1, 1]
