animal	sire	dam	born	sex	herd	status	cause	died	TBV	recessives
	1658631	1511745	1456803	18	M	49	A		-1	5732.52057807	[1, 1, 1, 1, 1, 1, 1, 1, 1, 1, 1, 1]
	1602443	1569817	1435744	18	M	8	A		-1	5732.54241232	[1, 1, 1, 1, 1, 1, 1, 1, 1, 1, 1, 1]
	1626502	1568167	1495238	18	M	5	A		-1	5732.56317852	[1, 1, 1, 1, 1, 1, 1, 1, 1, 1, 1, 1]
	1636078	1534564	1546304	18	M	54	A		-1	5732.66904194	[1, 1, 1, 1, 1, 1, 1, 1, 1, 1, 1, 1]
	1637283	1546596	1499524	18	M	0	A		-1	5732.79321712	[0, 1, 1, 1, 1, 1, 1, 1, 1, 1, 1, 1]
	1601927	1569817	1498239	18	M	31	A		-1	5733.01620345	[0, 1, 1, 1, 1, 1, 1, 1, 1, 0, 1, 1]
	1557041	1477243	1473568	17	M	79	A		-1	5733.23826308	[1, 1, 1, 0, 1, 1, 1, 1, 1, 1, 1, 1]
	1607800	1552173	1547788	18	M	96	A		-1	5733.42671712	[1, 1, 1, 1, 1, 1, 1, 1, 1, 1, 1, 1]
	1668164	1555572	1554557	18	M	36	A		-1	5733.57895813	[1, 1, 1, 1, 1, 1, 1, 1, 1, 0, 1, 1]
	1676681	1515823	1509816	18	M	86	A		-1	5733.72023614	[1, 1, 1, 1, 1, 1, 1, 1, 1, 1, 1, 1]
	1611157	1546596	1496158	18	M	13	A		-1	5734.20772728	[1, 1, 1, 1, 1, 1, 1, 1, 1, 1, 1, 1]
	1648759	1542682	1577655	18	M	47	A		-1	5734.33060798	[1, 1, 1, 1, 1, 1, 1, 1, 1, 1, 1, 1]
	1631796	1528293	1549735	18	M	55	A		-1	5734.38138238	[1, 1, 1, 1, 1, 1, 1, 1, 1, 1, 1, 1]
	1597889	1515823	1548501	18	M	22	A		-1	5734.41481599	[1, 1, 1, 1, 1, 1, 1, 1, 1, 1, 1, 1]
	1626253	1533027	1580413	18	M	72	A		-1	5734.87151439	[1, 1, 1, 1, 1, 1, 1, 1, 1, 1, 1, 1]
	1682089	1530074	1494585	18	M	79	A		-1	5734.9274025	[1, 1, 1, 1, 1, 1, 1, 1, 1, 1, 1, 1]
	1647733	1546664	1530453	18	M	98	A		-1	5734.9275442	[1, 1, 1, 1, 1, 1, 1, 1, 1, 1, 1, 1]
	1629438	1575202	1471595	18	M	94	A		-1	5735.4558689	[1, 1, 1, 1, 1, 1, 1, 1, 1, 1, 1, 1]
	1653775	1547326	1569232	18	M	61	A		-1	5735.81488776	[1, 1, 1, 1, 1, 1, 1, 1, 1, 1, 1, 1]
	1566342	1403650	1458336	17	M	65	A		-1	5735.8520832	[1, 1, 1, 1, 1, 1, 1, 1, 1, 1, 1, 1]
	1624402	1547326	1566065	18	M	94	A		-1	5736.00811761	[1, 1, 1, 1, 1, 1, 1, 1, 1, 1, 1, 1]
	1608711	1555572	1494687	18	M	91	A		-1	5736.15027741	[1, 1, 1, 1, 1, 1, 1, 1, 1, 1, 1, 1]
	1621759	1553676	1581905	18	M	1	A		-1	5736.18325783	[1, 1, 1, 1, 1, 1, 1, 1, 1, 1, 1, 1]
	1655256	1502891	1450813	18	M	20	A		-1	5736.42709805	[1, 1, 0, 1, 1, 1, 1, 1, 1, 1, 1, 1]
	1598510	1566342	1549594	18	M	46	A		-1	5736.54064827	[1, 1, 1, 1, 1, 1, 1, 1, 1, 1, 1, 1]
	1654229	1568167	1532942	18	M	83	A		-1	5736.95095356	[1, 1, 1, 1, 1, 1, 1, 1, 1, 1, 1, 1]
	1598311	1549852	1562390	18	M	19	A		-1	5737.02088974	[1, 1, 1, 1, 1, 1, 1, 1, 1, 1, 1, 1]
	1691242	1515823	1552395	18	M	38	A		-1	5737.11848788	[1, 1, 1, 1, 1, 1, 1, 1, 1, 1, 1, 1]
	1678371	1530074	1591213	18	M	60	A		-1	5737.14861272	[1, 1, 1, 1, 1, 1, 1, 1, 1, 1, 1, 1]
	1691043	1577247	1409315	18	M	100	A		-1	5738.23467761	[1, 1, 1, 1, 1, 1, 1, 1, 1, 1, 1, 1]
	1689933	1403650	1450289	18	M	59	A		-1	5738.6671467	[1, 1, 1, 1, 1, 1, 1, 1, 1, 1, 1, 1]
	1653372	1575202	1567861	18	M	4	A		-1	5738.8443627	[1, 1, 1, 1, 1, 1, 1, 1, 1, 1, 1, 1]
	1632252	1557041	1525033	18	M	59	A		-1	5739.26276785	[1, 1, 1, 0, 1, 1, 1, 1, 1, 1, 1, 1]
	1625002	1514025	1523711	18	M	96	A		-1	5739.31674745	[1, 1, 1, 1, 1, 1, 1, 1, 1, 1, 1, 1]
	1612245	1502891	1520023	18	M	99	A		-1	5739.39622274	[1, 1, 0, 1, 1, 1, 1, 1, 1, 1, 1, 1]
	1628457	1508261	1395055	18	M	88	A		-1	5739.4347298	[0, 1, 1, 1, 1, 1, 1, 1, 1, 1, 1, 1]
	1646999	1553676	1438901	18	M	61	A		-1	5739.67156176	[1, 1, 1, 1, 1, 1, 1, 1, 1, 1, 1, 1]
	1595619	1517061	1536638	18	M	50	A		-1	5739.82408683	[1, 1, 1, 1, 1, 1, 1, 1, 1, 1, 1, 1]
	1636308	1503851	1553078	18	M	31	A		-1	5740.00687922	[1, 1, 1, 1, 1, 1, 1, 1, 1, 1, 1, 1]
	1664962	1520218	1561237	18	M	24	A		-1	5740.09769157	[1, 1, 1, 1, 1, 1, 1, 1, 1, 1, 1, 1]
	1626209	1575467	1467987	18	M	51	A		-1	5740.40733899	[1, 1, 1, 1, 1, 1, 1, 1, 1, 1, 1, 1]
	1651921	1522621	1407816	18	M	47	A		-1	5740.41314723	[0, 1, 1, 1, 1, 1, 1, 1, 1, 1, 1, 1]
	1633705	1543168	1507255	18	M	27	A		-1	5740.56235729	[1, 1, 1, 1, 1, 1, 1, 1, 1, 1, 1, 1]
	1594633	1499480	1537676	18	M	57	A		-1	5740.57079268	[1, 1, 1, 1, 1, 1, 1, 1, 1, 1, 1, 1]
	1613087	1530074	1517214	18	M	40	A		-1	5741.38145594	[1, 1, 1, 0, 1, 1, 1, 1, 1, 1, 1, 1]
	1642764	1557041	1496487	18	M	62	A		-1	5741.75081083	[1, 1, 1, 0, 1, 1, 1, 1, 1, 1, 1, 1]
	1596342	1552173	1576058	18	M	6	A		-1	5742.15579931	[1, 1, 1, 1, 1, 1, 1, 0, 1, 1, 1, 1]
	1646013	1546664	1516619	18	M	43	A		-1	5742.24681258	[1, 1, 1, 1, 1, 1, 1, 1, 1, 1, 1, 1]
	1625389	1547326	1565566	18	M	32	A		-1	5742.28288671	[1, 1, 1, 1, 1, 1, 1, 1, 1, 1, 1, 1]
	1639273	1587249	1485912	18	M	12	A		-1	5743.78985624	[1, 1, 1, 1, 1, 1, 1, 1, 1, 1, 1, 1]
	1646070	1572457	1521725	18	M	60	A		-1	5743.86042792	[1, 1, 1, 1, 1, 1, 1, 1, 1, 1, 1, 1]
	1595603	1534564	1582148	18	M	40	A		-1	5744.00878802	[1, 1, 1, 1, 1, 1, 1, 1, 1, 1, 1, 1]
	1654634	1515823	1577723	18	M	63	A		-1	5744.14942246	[1, 1, 1, 1, 1, 1, 1, 1, 1, 1, 1, 1]
	1631771	1513008	1523167	18	M	91	A		-1	5745.0144716	[1, 1, 1, 1, 1, 1, 1, 1, 1, 1, 1, 1]
	1691345	1514025	1542976	18	M	27	A		-1	5745.13954207	[0, 1, 1, 1, 1, 1, 1, 1, 1, 1, 1, 1]
	1690939	1546596	1546186	18	M	40	A		-1	5745.16020183	[1, 1, 1, 1, 1, 1, 1, 1, 1, 1, 1, 1]
	1681589	1511745	1564756	18	M	65	A		-1	5745.32290665	[1, 1, 1, 0, 1, 1, 1, 1, 1, 1, 1, 1]
	1680137	1529015	1554291	18	M	77	A		-1	5745.44022741	[1, 1, 0, 1, 1, 1, 1, 1, 1, 1, 1, 1]
	1634353	1553566	1563717	18	M	19	A		-1	5745.80482159	[1, 1, 1, 1, 1, 1, 1, 1, 1, 1, 1, 1]
	1626442	1584336	1536812	18	M	15	A		-1	5746.22515199	[1, 1, 1, 1, 1, 1, 1, 1, 1, 1, 1, 1]
	1642162	1557041	1551458	18	M	50	A		-1	5746.29308783	[1, 1, 1, 0, 1, 1, 1, 1, 1, 1, 1, 1]
	1594085	1545062	1479220	18	M	77	A		-1	5746.53282576	[1, 1, 1, 1, 1, 1, 1, 1, 1, 1, 1, 1]
	1620549	1522621	1532650	18	M	79	A		-1	5746.65080623	[1, 1, 1, 1, 1, 1, 1, 1, 1, 0, 1, 1]
	1603906	1566774	1533879	18	M	73	A		-1	5746.92568768	[1, 1, 1, 0, 1, 1, 1, 1, 1, 1, 1, 1]
	1638948	1552173	1494332	18	M	12	A		-1	5747.06676653	[1, 1, 1, 1, 1, 1, 1, 1, 1, 1, 1, 1]
	1602083	1585239	1496915	18	M	36	A		-1	5747.25617403	[1, 1, 1, 1, 1, 1, 1, 1, 1, 1, 1, 1]
	1638978	1544489	1481099	18	M	94	A		-1	5747.47962572	[1, 1, 1, 1, 1, 1, 1, 1, 1, 1, 1, 1]
	1662282	1513008	1584292	18	M	33	A		-1	5747.49569831	[0, 1, 1, 1, 1, 1, 1, 1, 1, 1, 1, 1]
	1629360	1506304	1539552	18	M	56	A		-1	5747.54715629	[1, 1, 1, 1, 1, 1, 1, 1, 1, 1, 1, 1]
	1665319	1577729	1591170	18	M	82	A		-1	5747.69327375	[1, 1, 1, 1, 1, 1, 1, 1, 1, 1, 1, 1]
	1657746	1522621	1524825	18	M	65	A		-1	5747.74165071	[1, 1, 1, 1, 1, 1, 1, 1, 1, 1, 1, 1]
	1670856	1515823	1562089	18	M	23	A		-1	5747.84699222	[1, 1, 1, 1, 1, 1, 1, 1, 1, 1, 1, 1]
	1661496	1566660	1552624	18	M	30	A		-1	5747.88618593	[1, 1, 1, 1, 1, 1, 1, 1, 1, 1, 1, 1]
	1598402	1515823	1495249	18	M	13	A		-1	5748.15155142	[1, 1, 1, 1, 1, 1, 1, 1, 1, 1, 1, 1]
	1627094	1553566	1547939	18	M	61	A		-1	5748.44944178	[1, 1, 1, 1, 1, 1, 1, 1, 1, 1, 1, 1]
	1595290	1587249	1570302	18	M	78	A		-1	5748.4960887	[1, 1, 1, 1, 1, 1, 1, 1, 1, 1, 1, 1]
	1622386	1575467	1515384	18	M	79	A		-1	5748.69540215	[1, 1, 1, 1, 1, 1, 1, 1, 1, 1, 1, 1]
	1658417	1513008	1520447	18	M	27	A		-1	5748.84929335	[1, 1, 1, 1, 1, 1, 1, 1, 1, 1, 1, 1]
	1595825	1553676	1299407	18	M	57	A		-1	5749.01532564	[1, 1, 1, 1, 1, 1, 1, 1, 1, 1, 1, 1]
	1650156	1575202	1503650	18	M	23	A		-1	5749.47552143	[1, 1, 1, 1, 1, 1, 1, 1, 1, 1, 1, 1]
	1639662	1576915	1589895	18	M	25	A		-1	5749.57647256	[1, 1, 0, 1, 1, 1, 1, 1, 1, 1, 1, 1]
	1679331	1555572	1549795	18	M	2	A		-1	5749.90685031	[1, 1, 1, 1, 1, 1, 1, 1, 1, 1, 1, 1]
	1658171	1566342	1583231	18	M	75	A		-1	5749.97839606	[1, 1, 1, 1, 1, 1, 1, 1, 1, 1, 1, 1]
	1671260	1506304	1556319	18	M	13	A		-1	5750.05801491	[1, 1, 1, 1, 1, 1, 1, 1, 1, 1, 1, 1]
	1667971	1575467	1534544	18	M	23	A		-1	5750.27507833	[1, 1, 1, 1, 1, 1, 1, 1, 1, 1, 1, 1]
	1645103	1533027	1584413	18	M	12	A		-1	5750.7209058	[1, 1, 1, 1, 1, 1, 1, 1, 1, 1, 1, 1]
	1604437	1577247	1421569	18	M	35	A		-1	5750.89588003	[1, 1, 1, 1, 1, 1, 1, 1, 1, 1, 1, 1]
	1659230	1515823	1530883	18	M	64	A		-1	5750.90642533	[1, 1, 1, 1, 1, 1, 1, 1, 1, 1, 1, 1]
	1657009	1568167	1497922	18	M	0	A		-1	5750.99842288	[1, 1, 1, 1, 1, 1, 1, 1, 1, 1, 1, 1]
	1655131	1502891	1579583	18	M	96	A		-1	5751.00367645	[1, 1, 0, 1, 1, 1, 1, 1, 1, 1, 1, 1]
	1667964	1576915	1500252	18	M	30	A		-1	5751.2577069	[1, 1, 0, 1, 1, 1, 1, 1, 1, 1, 1, 1]
	1665886	1572457	1572244	18	M	7	A		-1	5751.5670837	[1, 1, 1, 1, 1, 1, 1, 1, 1, 0, 1, 1]
	1659366	1511745	1544516	18	M	37	A		-1	5751.61744062	[1, 1, 1, 1, 1, 1, 1, 1, 1, 1, 1, 1]
	1597267	1547326	1532469	18	M	2	A		-1	5751.74450261	[1, 1, 1, 1, 1, 1, 1, 1, 1, 1, 1, 1]
	1686078	1535030	1530476	18	M	89	A		-1	5751.84644962	[1, 1, 1, 1, 1, 1, 1, 1, 1, 1, 1, 1]
	1637289	1528293	1568179	18	M	43	A		-1	5751.93089651	[1, 1, 1, 0, 1, 1, 1, 1, 1, 1, 1, 1]
	1646033	1546664	1497345	18	M	21	A		-1	5751.96707414	[1, 1, 1, 1, 1, 1, 1, 1, 1, 1, 1, 1]
	1641426	1526690	1562488	18	M	15	A		-1	5752.01284896	[0, 1, 1, 1, 1, 1, 1, 1, 1, 1, 1, 1]
	1665292	1515823	1507091	18	M	34	A		-1	5752.71846221	[1, 1, 1, 1, 1, 1, 1, 1, 1, 1, 1, 1]
	1644888	1553566	1592732	18	M	48	A		-1	5752.84519806	[1, 1, 1, 1, 1, 1, 1, 1, 1, 1, 1, 1]
	1674332	1587249	1572938	18	M	65	A		-1	5753.18008551	[1, 1, 1, 1, 1, 1, 1, 1, 1, 1, 1, 1]
	1576915	1412535	1457805	17	M	3	A		-1	5753.38826554	[1, 1, 0, 1, 1, 1, 1, 1, 1, 1, 1, 1]
	1608908	1522621	1572694	18	M	82	A		-1	5753.91091631	[1, 1, 1, 1, 1, 1, 1, 1, 1, 1, 1, 1]
	1667433	1544120	1524870	18	M	49	A		-1	5754.27778018	[1, 1, 1, 1, 1, 1, 1, 1, 1, 1, 1, 1]
	1596343	1508261	1518119	18	M	99	A		-1	5754.38719126	[0, 1, 0, 1, 1, 1, 1, 1, 1, 1, 1, 1]
	1609023	1555572	1536511	18	M	64	A		-1	5754.51326799	[1, 1, 1, 1, 1, 1, 1, 1, 1, 1, 1, 1]
	1683399	1522621	1565593	18	M	27	A		-1	5754.56042067	[1, 1, 1, 1, 1, 1, 1, 1, 1, 1, 1, 1]
	1641581	1526690	1580644	18	M	75	A		-1	5755.672058	[1, 1, 1, 1, 1, 1, 1, 1, 1, 1, 1, 1]
	1633427	1545062	1520107	18	M	82	A		-1	5756.02938897	[1, 1, 1, 1, 1, 1, 1, 1, 1, 1, 1, 1]
	1669836	1520218	1482749	18	M	50	A		-1	5756.21586936	[1, 1, 1, 1, 1, 1, 1, 1, 1, 1, 1, 1]
	1626885	1576915	1580194	18	M	43	A		-1	5756.715621	[1, 1, 0, 1, 1, 1, 0, 1, 1, 1, 1, 1]
	1661690	1545062	1398837	18	M	80	A		-1	5756.994277	[1, 1, 1, 1, 1, 1, 1, 1, 1, 1, 1, 1]
	1674512	1522621	1537267	18	M	52	A		-1	5757.16897592	[1, 1, 1, 1, 1, 1, 1, 1, 1, 1, 1, 1]
	1658172	1575467	1436798	18	M	38	A		-1	5757.44784363	[1, 1, 1, 1, 1, 1, 1, 1, 1, 1, 1, 1]
	1639729	1526690	1458596	18	M	21	A		-1	5757.52992473	[1, 1, 1, 1, 1, 1, 1, 1, 1, 1, 1, 1]
	1670784	1515823	1547786	18	M	19	A		-1	5757.80562357	[1, 1, 1, 1, 1, 1, 1, 1, 1, 1, 1, 1]
	1597763	1530074	1552385	18	M	23	A		-1	5757.85217457	[1, 1, 1, 1, 1, 1, 1, 1, 1, 1, 1, 1]
	1664834	1515823	1577604	18	M	77	A		-1	5758.26297168	[1, 1, 1, 1, 1, 1, 1, 1, 1, 1, 1, 1]
	1620923	1542682	1579196	18	M	16	A		-1	5758.42948354	[1, 1, 1, 1, 1, 1, 1, 1, 1, 1, 1, 1]
	1685739	1553566	1586519	18	M	54	A		-1	5758.53828059	[1, 1, 1, 1, 1, 1, 1, 1, 1, 1, 1, 1]
	1634768	1575467	1492736	18	M	10	A		-1	5758.68597407	[1, 1, 1, 1, 1, 1, 1, 1, 1, 1, 1, 1]
	1595390	1577247	1520262	18	M	92	A		-1	5758.93336671	[1, 1, 1, 1, 1, 1, 0, 1, 1, 1, 1, 1]
	1602727	1499480	1537965	18	M	12	A		-1	5758.96720105	[1, 1, 1, 1, 1, 1, 1, 1, 1, 1, 1, 1]
	1529015	1422335	1407982	17	M	39	A		-1	5759.1515541	[1, 1, 1, 1, 1, 1, 1, 1, 1, 1, 1, 1]
	1612774	1533027	1512569	18	M	40	A		-1	5759.79896633	[1, 1, 1, 1, 1, 1, 1, 1, 1, 1, 1, 1]
	1594165	1575202	1450129	18	M	26	A		-1	5760.77554677	[1, 1, 1, 1, 1, 1, 1, 1, 1, 1, 1, 1]
	1647921	1514025	1499598	18	M	66	A		-1	5761.15572181	[1, 1, 1, 1, 1, 1, 1, 1, 1, 1, 1, 1]
	1614318	1403650	1506412	18	M	12	A		-1	5761.16641375	[1, 1, 0, 1, 1, 1, 1, 1, 1, 1, 1, 1]
	1681000	1587249	1510889	18	M	32	A		-1	5761.36722433	[1, 1, 1, 1, 1, 1, 1, 1, 1, 1, 1, 1]
	1667509	1553676	1494537	18	M	39	A		-1	5761.78632742	[1, 1, 1, 0, 1, 1, 1, 1, 1, 1, 1, 1]
	1614129	1530074	1514386	18	M	12	A		-1	5761.91961547	[1, 1, 1, 1, 1, 1, 1, 1, 1, 1, 1, 1]
	1657930	1535030	1409756	18	M	41	A		-1	5761.98493087	[1, 1, 1, 1, 1, 1, 1, 1, 1, 0, 1, 1]
	1659513	1577729	1561944	18	M	97	A		-1	5762.11507996	[1, 1, 1, 1, 1, 1, 1, 0, 1, 1, 1, 1]
	1598603	1577729	1520526	18	M	5	A		-1	5762.16694552	[1, 1, 1, 1, 1, 1, 1, 1, 1, 1, 1, 1]
	1677597	1529015	1522871	18	M	28	A		-1	5762.23552867	[1, 1, 1, 1, 1, 1, 1, 1, 1, 1, 1, 1]
	1609518	1544489	1428500	18	M	41	A		-1	5762.40485108	[1, 1, 1, 1, 1, 1, 1, 1, 1, 1, 1, 1]
	1644204	1533027	1543234	18	M	70	A		-1	5763.03170671	[1, 1, 1, 1, 1, 1, 1, 1, 1, 1, 1, 1]
	1644954	1568167	1591511	18	M	89	A		-1	5764.07954215	[1, 1, 1, 1, 1, 1, 1, 1, 1, 1, 1, 1]
	1602420	1515823	1528803	18	M	27	A		-1	5764.40965697	[1, 1, 1, 1, 1, 1, 1, 1, 1, 1, 1, 1]
	1544489	1471326	1371843	17	M	69	A		-1	5764.58784204	[1, 1, 1, 1, 1, 1, 1, 1, 1, 1, 1, 1]
	1678685	1542682	1575738	18	M	25	A		-1	5764.68754957	[1, 1, 1, 1, 1, 1, 1, 1, 1, 1, 1, 1]
	1607823	1535030	1582209	18	M	73	A		-1	5765.17078747	[1, 1, 1, 0, 1, 1, 1, 1, 1, 1, 1, 1]
	1616604	1575202	1592496	18	M	8	A		-1	5765.20105868	[1, 1, 1, 1, 1, 1, 1, 1, 1, 1, 1, 1]
	1620381	1543168	1552015	18	M	90	A		-1	5765.45917848	[1, 1, 1, 1, 1, 1, 1, 1, 1, 1, 1, 1]
	1650408	1503851	1499262	18	M	91	A		-1	5765.71371462	[1, 1, 1, 1, 1, 1, 1, 1, 1, 1, 1, 1]
	1632716	1499480	1507220	18	M	57	A		-1	5766.08487686	[1, 1, 1, 1, 1, 1, 1, 1, 1, 1, 1, 1]
	1650669	1587249	1530749	18	M	33	A		-1	5766.46687496	[1, 1, 1, 1, 1, 1, 1, 1, 1, 1, 1, 1]
	1617527	1546664	1412650	18	M	20	A		-1	5766.49575721	[1, 1, 1, 1, 1, 1, 0, 1, 1, 1, 1, 1]
	1604693	1553676	1553661	18	M	87	A		-1	5766.55674679	[1, 1, 0, 1, 1, 1, 1, 1, 1, 1, 1, 1]
	1680461	1566342	1471828	18	M	38	A		-1	5766.81391343	[1, 1, 1, 1, 1, 1, 1, 1, 1, 1, 1, 1]
	1626632	1566342	1499306	18	M	73	A		-1	5767.01842324	[1, 1, 1, 1, 1, 1, 1, 1, 1, 1, 1, 1]
	1676063	1546596	1572561	18	M	80	A		-1	5767.9700414	[1, 1, 1, 1, 1, 1, 1, 1, 1, 1, 1, 1]
	1681365	1520218	1538796	18	M	2	A		-1	5768.02442475	[1, 1, 1, 1, 1, 1, 1, 1, 1, 1, 1, 1]
	1692192	1542682	1530649	18	M	80	A		-1	5768.23471091	[0, 1, 1, 1, 1, 1, 1, 1, 1, 1, 1, 1]
	1622313	1557041	1501590	18	M	23	A		-1	5768.40204807	[1, 1, 1, 0, 1, 1, 1, 1, 1, 1, 1, 1]
	1526690	1456735	1489144	17	M	13	A		-1	5768.66126183	[1, 1, 1, 1, 1, 1, 1, 1, 1, 1, 1, 1]
	1655888	1542682	1523889	18	M	48	A		-1	5768.67293318	[1, 1, 1, 1, 1, 1, 1, 1, 1, 1, 1, 1]
	1688565	1566342	1557111	18	M	12	A		-1	5769.1928304	[1, 1, 1, 1, 1, 1, 1, 0, 1, 1, 1, 1]
	1628625	1514025	1510178	18	M	62	A		-1	5769.22330045	[1, 1, 1, 1, 1, 1, 1, 1, 1, 1, 1, 1]
	1646414	1502891	1565108	18	M	0	A		-1	5769.84749764	[1, 1, 1, 1, 1, 1, 1, 1, 1, 1, 1, 1]
	1677419	1520218	1508520	18	M	93	A		-1	5770.06241246	[1, 1, 1, 1, 1, 1, 1, 1, 1, 1, 1, 1]
	1669378	1555572	1576338	18	M	70	A		-1	5770.15314408	[1, 1, 1, 1, 1, 1, 1, 1, 1, 1, 1, 1]
	1508261	1466921	1484551	17	M	66	A		-1	5770.15751458	[0, 1, 1, 1, 1, 1, 1, 1, 1, 1, 1, 1]
	1680440	1546664	1537013	18	M	78	A		-1	5770.52307416	[1, 1, 1, 1, 1, 1, 1, 1, 1, 1, 1, 1]
	1608756	1529015	1578905	18	M	54	A		-1	5770.79339039	[1, 1, 1, 1, 1, 1, 1, 1, 1, 1, 1, 1]
	1619033	1526690	1577123	18	M	98	A		-1	5771.04799244	[1, 1, 1, 1, 1, 1, 1, 1, 1, 1, 1, 1]
	1690584	1577247	1576659	18	M	70	A		-1	5771.18977897	[1, 1, 1, 1, 1, 1, 1, 1, 1, 1, 1, 1]
	1630728	1557041	1515720	18	M	97	A		-1	5773.27914752	[1, 1, 1, 0, 1, 1, 1, 1, 1, 1, 1, 1]
	1643299	1577247	1457218	18	M	73	A		-1	5773.909167	[0, 1, 1, 1, 1, 1, 1, 1, 1, 1, 1, 1]
	1649583	1570047	1516489	18	M	61	A		-1	5774.53671995	[1, 1, 1, 1, 1, 1, 1, 1, 1, 1, 1, 1]
	1624103	1520218	1575730	18	M	44	A		-1	5774.84513538	[1, 1, 1, 1, 1, 1, 1, 1, 1, 1, 1, 1]
	1599692	1546664	1558564	18	M	25	A		-1	5774.85628926	[1, 1, 1, 0, 1, 1, 1, 1, 1, 1, 1, 1]
	1685894	1575202	1552012	18	M	77	A		-1	5775.06268382	[1, 1, 1, 1, 1, 1, 1, 1, 1, 1, 1, 1]
	1627242	1555572	1587694	18	M	27	A		-1	5775.44006106	[1, 1, 1, 1, 1, 1, 1, 1, 1, 1, 1, 1]
	1607127	1587249	1534656	18	M	62	A		-1	5775.44614825	[1, 1, 1, 1, 1, 1, 1, 1, 1, 1, 1, 1]
	1624533	1576915	1577969	18	M	10	A		-1	5775.59821633	[1, 1, 0, 1, 1, 1, 1, 1, 1, 1, 1, 1]
	1621991	1514025	1554213	18	M	44	A		-1	5776.26585651	[1, 1, 1, 1, 1, 1, 1, 1, 1, 1, 1, 1]
	1636724	1502891	1496772	18	M	66	A		-1	5776.76401094	[1, 1, 1, 1, 1, 1, 1, 1, 1, 1, 1, 1]
	1643622	1544489	1545846	18	M	17	A		-1	5778.60817284	[1, 1, 1, 1, 1, 1, 1, 1, 1, 1, 1, 1]
	1599289	1526690	1344380	18	M	79	A		-1	5779.10283405	[1, 1, 1, 1, 1, 1, 1, 1, 1, 1, 1, 1]
	1535030	1396197	1443134	17	M	9	A		-1	5779.14321907	[1, 1, 1, 1, 1, 1, 1, 1, 1, 1, 1, 1]
	1668440	1513008	1420109	18	M	50	A		-1	5779.39628624	[1, 1, 1, 1, 1, 1, 1, 1, 1, 1, 1, 1]
	1625836	1403650	1499783	18	M	13	A		-1	5779.50928872	[1, 1, 1, 1, 1, 1, 1, 1, 1, 1, 1, 1]
	1598805	1566342	1588359	18	M	24	A		-1	5779.67073263	[1, 1, 1, 1, 1, 1, 1, 1, 1, 1, 1, 1]
	1677585	1535030	1552958	18	M	63	A		-1	5780.13541838	[1, 1, 1, 1, 1, 1, 1, 1, 1, 1, 1, 1]
	1630399	1547326	1498713	18	M	56	A		-1	5780.20054468	[1, 1, 1, 1, 1, 1, 1, 1, 1, 1, 1, 1]
	1668221	1547326	1517525	18	M	57	A		-1	5780.5096986	[1, 1, 1, 1, 1, 1, 1, 1, 1, 1, 1, 1]
	1658636	1528293	1496100	18	M	0	A		-1	5781.02402364	[1, 1, 1, 1, 1, 1, 1, 1, 1, 1, 1, 1]
	1688790	1587249	1516802	18	M	34	A		-1	5781.05742456	[1, 1, 1, 1, 1, 1, 1, 1, 1, 1, 1, 1]
	1687274	1575467	1453194	18	M	69	A		-1	5781.39151964	[1, 1, 1, 1, 1, 1, 1, 1, 1, 1, 1, 1]
	1600422	1566342	1396893	18	M	70	A		-1	5781.43567995	[1, 1, 1, 1, 1, 1, 1, 1, 1, 1, 1, 1]
	1640346	1542682	1526125	18	M	32	A		-1	5781.81667832	[1, 1, 1, 1, 1, 1, 1, 1, 1, 1, 1, 1]
	1610398	1520218	1509416	18	M	94	A		-1	5781.82434861	[1, 1, 1, 1, 1, 1, 1, 1, 1, 1, 1, 1]
	1612022	1566660	1543796	18	M	36	A		-1	5782.0394127	[1, 1, 1, 1, 1, 1, 1, 1, 1, 1, 1, 1]
	1638325	1568167	1526286	18	M	30	A		-1	5782.12251948	[0, 1, 1, 1, 1, 1, 1, 1, 1, 1, 1, 1]
	1639031	1508261	1563092	18	M	84	A		-1	5782.1316614	[1, 1, 1, 1, 1, 1, 1, 1, 1, 1, 1, 1]
	1606724	1544120	1561192	18	M	31	A		-1	5782.24518834	[1, 1, 1, 1, 1, 1, 1, 1, 1, 1, 1, 1]
	1673562	1547326	1413189	18	M	10	A		-1	5782.73753114	[1, 1, 1, 1, 1, 1, 1, 1, 1, 1, 1, 1]
	1594179	1566660	1501344	18	M	73	A		-1	5782.74588339	[1, 1, 1, 1, 1, 1, 1, 1, 1, 1, 1, 1]
	1606094	1557041	1503757	18	M	9	A		-1	5783.14232781	[1, 1, 0, 0, 1, 1, 1, 1, 1, 1, 1, 1]
	1655645	1508261	1593131	18	M	84	A		-1	5783.23511788	[1, 1, 1, 1, 1, 1, 1, 1, 1, 1, 1, 1]
	1661423	1544120	1551378	18	M	79	A		-1	5783.41867123	[1, 1, 1, 1, 1, 1, 1, 1, 1, 1, 1, 1]
	1634700	1522621	1515735	18	M	8	A		-1	5783.43490224	[0, 1, 1, 1, 1, 1, 1, 1, 1, 1, 1, 1]
	1645419	1557041	1455326	18	M	82	A		-1	5783.59970943	[1, 1, 1, 0, 1, 1, 1, 1, 1, 1, 1, 1]
	1690075	1557041	1429133	18	M	90	A		-1	5784.11871965	[1, 1, 1, 1, 1, 1, 1, 1, 1, 1, 1, 1]
	1663836	1566660	1556643	18	M	34	A		-1	5784.90262712	[1, 1, 1, 1, 1, 1, 1, 1, 1, 1, 1, 1]
	1689907	1552173	1583295	18	M	62	A		-1	5784.99722921	[1, 1, 1, 0, 1, 1, 1, 1, 1, 1, 1, 1]
	1650828	1566774	1524704	18	M	93	A		-1	5785.00657863	[1, 1, 1, 1, 1, 1, 1, 1, 1, 1, 1, 1]
	1632261	1568167	1360936	18	M	6	A		-1	5785.0175895	[1, 1, 1, 1, 1, 1, 1, 1, 1, 1, 1, 1]
	1607593	1566342	1584008	18	M	56	A		-1	5785.54631883	[1, 1, 1, 1, 1, 1, 1, 1, 1, 1, 1, 1]
	1602110	1576915	1524044	18	M	1	A		-1	5785.58795577	[1, 1, 0, 1, 1, 1, 1, 1, 1, 1, 1, 1]
	1656061	1555572	1497000	18	M	30	A		-1	5785.74514316	[1, 1, 1, 1, 1, 1, 1, 1, 1, 1, 1, 1]
	1653176	1526690	1506023	18	M	5	A		-1	5785.79907404	[1, 1, 1, 1, 1, 1, 1, 1, 1, 1, 1, 1]
	1598074	1520218	1542512	18	M	19	A		-1	5786.21289146	[1, 1, 1, 1, 1, 1, 1, 1, 1, 1, 1, 1]
	1594702	1499480	1585441	18	M	39	A		-1	5786.31496203	[1, 1, 1, 1, 1, 1, 1, 1, 1, 1, 1, 1]
	1612543	1575202	1563319	18	M	75	A		-1	5786.56985668	[1, 1, 1, 1, 1, 1, 1, 1, 1, 1, 1, 1]
	1624112	1547326	1590669	18	M	58	A		-1	5786.68082471	[1, 1, 1, 1, 1, 1, 1, 1, 1, 1, 1, 1]
	1693042	1528592	1551021	18	M	72	A		-1	5787.02948095	[1, 1, 1, 1, 1, 1, 1, 1, 1, 1, 1, 1]
	1654979	1529015	1553370	18	M	99	A		-1	5787.09306687	[1, 1, 1, 1, 1, 1, 0, 1, 1, 1, 1, 1]
	1625620	1529015	1593454	18	M	9	A		-1	5787.38619057	[1, 1, 1, 1, 1, 1, 1, 1, 1, 1, 1, 1]
	1650504	1575467	1586302	18	M	57	A		-1	5788.67106326	[1, 1, 1, 1, 1, 1, 1, 1, 1, 1, 1, 1]
	1628957	1528293	1547703	18	M	3	A		-1	5789.48019495	[1, 1, 1, 1, 1, 1, 1, 1, 1, 1, 1, 1]
	1647825	1566660	1518178	18	M	78	A		-1	5789.55878729	[1, 1, 1, 1, 1, 1, 1, 1, 1, 1, 1, 1]
	1638229	1503851	1515817	18	M	52	A		-1	5789.88537752	[1, 1, 1, 1, 1, 1, 1, 1, 1, 1, 1, 1]
	1626569	1508261	1522216	18	M	79	A		-1	5790.01068972	[0, 1, 1, 1, 1, 1, 1, 1, 1, 1, 1, 1]
	1640491	1530074	1399183	18	M	4	A		-1	5790.38759226	[1, 1, 1, 1, 1, 1, 1, 1, 1, 1, 1, 1]
	1689262	1587249	1566361	18	M	7	A		-1	5790.76071285	[1, 1, 1, 1, 1, 1, 1, 1, 1, 1, 1, 1]
	1658383	1575467	1523489	18	M	71	A		-1	5790.92088925	[1, 1, 1, 1, 1, 1, 1, 1, 1, 1, 1, 1]
	1664370	1517061	1527060	18	M	83	A		-1	5791.77891316	[1, 1, 1, 1, 1, 1, 1, 1, 1, 1, 1, 1]
	1641547	1508261	1543760	18	M	36	A		-1	5791.90788857	[1, 1, 1, 1, 1, 1, 1, 1, 1, 1, 1, 1]
	1542682	1406733	1448160	17	M	32	A		-1	5791.98917081	[1, 1, 1, 1, 1, 1, 1, 1, 1, 1, 1, 1]
	1646443	1566774	1558470	18	M	76	A		-1	5792.02915767	[1, 1, 1, 1, 1, 1, 1, 1, 1, 1, 1, 1]
	1662714	1511745	1544716	18	M	49	A		-1	5792.2454294	[1, 1, 1, 1, 1, 1, 1, 1, 1, 1, 1, 1]
	1648844	1572457	1514294	18	M	68	A		-1	5793.13881408	[1, 1, 1, 1, 1, 1, 1, 1, 1, 1, 1, 1]
	1617268	1529015	1430616	18	M	16	A		-1	5793.19346867	[1, 1, 1, 1, 1, 1, 1, 1, 1, 1, 1, 1]
	1610528	1577247	1515191	18	M	50	A		-1	5793.21735012	[1, 1, 1, 1, 1, 1, 1, 1, 1, 1, 1, 1]
	1627256	1553676	1544769	18	M	34	A		-1	5793.22758545	[1, 1, 1, 1, 1, 1, 1, 1, 1, 1, 1, 1]
	1623001	1575467	1586979	18	M	3	A		-1	5793.45857087	[1, 1, 1, 1, 1, 1, 1, 1, 1, 1, 1, 1]
	1692587	1587249	1543077	18	M	14	A		-1	5793.47601695	[1, 1, 1, 1, 1, 1, 1, 1, 1, 1, 1, 1]
	1688258	1587249	1531267	18	M	99	A		-1	5793.50029564	[1, 1, 1, 1, 1, 1, 1, 1, 1, 1, 1, 1]
	1677535	1544120	1454851	18	M	85	A		-1	5793.6393283	[1, 1, 1, 1, 1, 1, 1, 1, 1, 1, 1, 1]
	1605783	1502891	1584638	18	M	31	A		-1	5793.66797468	[1, 1, 0, 1, 1, 1, 1, 1, 1, 1, 1, 1]
	1615996	1566342	1553166	18	M	46	A		-1	5793.67135459	[1, 1, 1, 1, 1, 1, 1, 1, 1, 1, 1, 1]
	1623991	1522621	1519272	18	M	88	A		-1	5793.95525113	[1, 1, 1, 1, 1, 1, 1, 1, 1, 1, 1, 1]
	1593916	1546664	1562820	18	M	11	A		-1	5794.41604098	[1, 1, 1, 1, 1, 1, 1, 1, 1, 1, 1, 1]
	1599037	1553676	1340249	18	M	17	A		-1	5794.62052391	[1, 1, 1, 1, 1, 1, 1, 1, 1, 1, 1, 1]
	1680403	1575467	1505528	18	M	94	A		-1	5795.95051788	[1, 1, 1, 1, 1, 1, 1, 1, 1, 1, 1, 1]
	1672797	1542682	1508659	18	M	45	A		-1	5796.7124534	[1, 1, 1, 1, 1, 1, 1, 1, 1, 1, 1, 1]
	1669210	1508261	1533622	18	M	83	A		-1	5796.78647317	[1, 1, 1, 1, 1, 1, 1, 1, 1, 1, 1, 1]
	1655952	1572457	1524010	18	M	33	A		-1	5796.97565202	[1, 1, 1, 0, 1, 1, 1, 1, 1, 1, 1, 1]
	1691147	1514025	1538396	18	M	21	A		-1	5797.02807005	[1, 1, 1, 1, 1, 1, 1, 1, 1, 1, 1, 1]
	1546664	1456859	1407068	17	M	61	A		-1	5797.55884385	[1, 1, 1, 1, 1, 1, 1, 1, 1, 1, 1, 1]
	1659165	1546664	1539886	18	M	49	A		-1	5797.76237066	[1, 1, 1, 1, 1, 1, 1, 1, 1, 1, 1, 1]
	1662111	1547326	1509874	18	M	84	A		-1	5798.96327453	[0, 1, 1, 1, 1, 1, 1, 1, 1, 1, 1, 1]
	1661853	1552173	1579755	18	M	99	A		-1	5799.32947368	[1, 1, 1, 1, 1, 1, 1, 1, 1, 1, 1, 1]
	1636018	1514025	1552561	18	M	83	A		-1	5799.59666214	[1, 1, 1, 1, 1, 1, 1, 1, 1, 1, 1, 1]
	1647746	1517061	1442404	18	M	51	A		-1	5799.87211545	[1, 1, 1, 1, 1, 1, 1, 1, 1, 1, 1, 1]
	1611996	1508261	1514035	18	M	15	A		-1	5800.94064891	[0, 1, 1, 1, 1, 1, 1, 1, 1, 1, 1, 1]
	1649221	1570047	1531014	18	M	10	A		-1	5801.82081718	[1, 1, 1, 1, 1, 1, 1, 1, 1, 1, 1, 1]
	1622221	1403650	1586940	18	M	35	A		-1	5802.65341512	[1, 1, 1, 1, 1, 1, 1, 1, 1, 1, 1, 1]
	1670885	1528293	1570973	18	M	63	A		-1	5803.86190153	[1, 1, 1, 1, 1, 1, 1, 1, 1, 1, 1, 1]
	1606080	1511745	1569780	18	M	27	A		-1	5804.87865854	[1, 1, 1, 1, 1, 1, 1, 1, 1, 1, 1, 1]
	1629748	1502891	1592559	18	M	22	A		-1	5804.92567057	[1, 1, 0, 1, 1, 1, 1, 1, 1, 1, 1, 1]
	1639503	1542682	1557781	18	M	59	A		-1	5804.93980186	[1, 1, 1, 1, 1, 1, 1, 1, 1, 1, 1, 1]
	1687762	1530074	1575122	18	M	47	A		-1	5805.33324916	[1, 1, 1, 1, 1, 1, 1, 1, 1, 1, 1, 1]
	1681569	1514025	1495638	18	M	8	A		-1	5805.53626187	[1, 1, 1, 1, 1, 1, 1, 1, 1, 1, 1, 1]
	1647846	1577247	1540838	18	M	58	A		-1	5805.65298168	[1, 1, 1, 1, 1, 1, 1, 1, 1, 1, 1, 1]
	1641095	1577729	1511480	18	M	41	A		-1	5806.04556271	[1, 1, 1, 1, 1, 1, 1, 1, 1, 1, 1, 1]
	1638178	1535030	1501240	18	M	15	A		-1	5806.07062674	[1, 1, 1, 1, 1, 1, 1, 1, 1, 1, 1, 1]
	1587249	1452791	1474873	17	M	71	A		-1	5806.50043217	[1, 1, 1, 1, 1, 1, 1, 1, 1, 1, 1, 1]
	1650506	1508261	1541089	18	M	61	A		-1	5806.60561451	[0, 1, 1, 1, 1, 1, 1, 1, 1, 1, 1, 1]
	1677201	1587249	1494718	18	M	100	A		-1	5807.05414759	[1, 1, 1, 1, 1, 1, 1, 1, 1, 1, 1, 1]
	1623541	1522621	1510114	18	M	85	A		-1	5807.31312338	[1, 1, 1, 1, 1, 1, 1, 1, 1, 1, 1, 1]
	1619007	1499480	1557476	18	M	75	A		-1	5807.56194921	[1, 1, 1, 1, 1, 1, 1, 1, 1, 1, 1, 1]
	1622863	1575202	1576178	18	M	3	A		-1	5808.33324943	[1, 1, 1, 1, 1, 1, 1, 1, 1, 1, 1, 1]
	1651881	1520218	1525547	18	M	91	A		-1	5808.43555877	[1, 1, 1, 1, 1, 1, 1, 1, 1, 1, 1, 1]
	1520218	1403650	1434606	17	M	93	A		-1	5809.00417358	[1, 1, 1, 1, 1, 1, 1, 1, 1, 1, 1, 1]
	1653898	1514025	1495448	18	M	19	A		-1	5809.75069912	[1, 1, 1, 1, 1, 1, 1, 1, 1, 1, 1, 1]
	1660934	1513008	1546890	18	M	98	A		-1	5809.78617852	[1, 1, 1, 1, 1, 1, 1, 1, 1, 1, 1, 1]
	1633855	1511745	1590980	18	M	3	A		-1	5810.26766569	[1, 1, 1, 1, 1, 1, 1, 1, 1, 1, 1, 1]
	1627753	1544489	1396007	18	M	6	A		-1	5810.2841488	[1, 1, 1, 1, 1, 1, 1, 1, 1, 1, 1, 1]
	1502891	1480730	1453633	17	M	96	A		-1	5810.53021857	[1, 1, 0, 1, 1, 1, 1, 1, 1, 1, 1, 1]
	1677576	1543168	1458432	18	M	4	A		-1	5810.72472471	[1, 1, 1, 1, 1, 1, 1, 1, 1, 1, 1, 1]
	1670153	1577247	1588710	18	M	57	A		-1	5810.85041693	[1, 1, 1, 1, 1, 1, 1, 1, 1, 1, 1, 1]
	1652400	1577247	1505097	18	M	86	A		-1	5812.00278403	[1, 1, 1, 1, 1, 1, 1, 1, 1, 1, 1, 1]
	1679415	1553676	1501364	18	M	16	A		-1	5812.26804497	[1, 1, 1, 1, 1, 1, 1, 1, 1, 1, 1, 1]
	1626690	1513008	1501157	18	M	34	A		-1	5812.28821468	[1, 1, 1, 1, 1, 1, 1, 1, 1, 1, 1, 1]
	1633220	1576915	1557033	18	M	68	A		-1	5812.52365436	[1, 1, 0, 1, 1, 1, 1, 1, 1, 1, 1, 1]
	1628577	1549852	1512357	18	M	66	A		-1	5812.80207433	[0, 1, 1, 1, 1, 1, 1, 1, 1, 1, 1, 1]
	1664206	1515823	1498404	18	M	41	A		-1	5813.77720041	[1, 1, 1, 1, 1, 1, 1, 1, 1, 1, 1, 1]
	1687540	1508261	1557841	18	M	26	A		-1	5814.03009298	[0, 1, 1, 1, 1, 1, 1, 1, 1, 1, 1, 1]
	1640746	1572457	1522686	18	M	27	A		-1	5814.04131476	[1, 1, 1, 0, 1, 1, 1, 1, 1, 1, 1, 1]
	1618925	1522621	1578026	18	M	3	A		-1	5814.30011614	[0, 1, 1, 0, 1, 1, 1, 1, 1, 1, 1, 1]
	1631425	1526690	1452194	18	M	56	A		-1	5814.47163345	[1, 1, 1, 1, 1, 1, 1, 1, 1, 1, 1, 1]
	1605810	1515823	1538976	18	M	63	A		-1	5814.62683239	[1, 1, 1, 1, 1, 1, 1, 1, 1, 1, 1, 1]
	1645631	1584336	1533198	18	M	7	A		-1	5815.13461922	[1, 1, 1, 1, 1, 1, 1, 1, 1, 1, 1, 1]
	1612248	1533027	1524421	18	M	51	A		-1	5816.78024542	[1, 1, 1, 1, 1, 1, 1, 1, 1, 1, 1, 1]
	1635313	1547326	1583915	18	M	74	A		-1	5817.29908607	[1, 1, 1, 1, 1, 1, 1, 1, 1, 1, 1, 1]
	1675104	1566342	1564066	18	M	73	A		-1	5817.3463199	[1, 1, 1, 1, 1, 1, 1, 1, 1, 1, 1, 1]
	1678643	1577729	1510731	18	M	27	A		-1	5817.55518688	[1, 1, 1, 1, 1, 1, 1, 1, 1, 1, 1, 1]
	1630516	1502891	1512710	18	M	8	A		-1	5817.65189266	[1, 1, 1, 1, 1, 1, 1, 1, 1, 1, 1, 1]
	1645379	1557041	1449608	18	M	19	A		-1	5817.66636488	[1, 1, 1, 0, 1, 1, 1, 1, 1, 1, 1, 1]
	1650418	1513008	1518787	18	M	51	A		-1	5817.84758796	[1, 1, 1, 0, 1, 1, 1, 1, 1, 1, 1, 1]
	1624673	1566774	1589632	18	M	4	A		-1	5818.02874524	[0, 1, 1, 1, 1, 1, 1, 1, 1, 1, 1, 1]
	1693024	1547326	1516444	18	M	85	A		-1	5818.1814428	[1, 1, 1, 1, 1, 1, 1, 1, 1, 1, 1, 1]
	1692060	1499480	1429735	18	M	23	A		-1	5818.44383003	[1, 1, 1, 1, 1, 1, 1, 1, 1, 1, 1, 1]
	1650290	1575467	1476166	18	M	78	A		-1	5820.46516065	[1, 1, 1, 1, 1, 1, 1, 1, 1, 1, 1, 1]
	1597581	1502891	1504157	18	M	17	A		-1	5821.19966215	[1, 1, 0, 1, 1, 1, 1, 1, 1, 1, 1, 1]
	1645013	1508261	1519683	18	M	59	A		-1	5821.48504216	[0, 1, 1, 1, 1, 1, 1, 1, 1, 1, 1, 1]
	1689233	1566342	1518484	18	M	26	A		-1	5821.99375097	[1, 1, 1, 1, 1, 1, 1, 1, 1, 1, 1, 1]
	1685006	1502891	1553540	18	M	6	A		-1	5822.05655251	[1, 1, 0, 1, 1, 1, 1, 1, 1, 1, 1, 1]
	1688443	1530074	1536667	18	M	98	A		-1	5822.21964074	[1, 1, 1, 1, 1, 1, 1, 1, 1, 1, 1, 1]
	1639151	1511745	1529744	18	M	77	A		-1	5822.39519449	[1, 1, 1, 1, 1, 1, 1, 1, 1, 1, 1, 1]
	1633775	1587249	1555992	18	M	56	A		-1	5822.68023228	[1, 1, 1, 1, 1, 1, 1, 1, 1, 1, 1, 1]
	1618198	1587249	1411194	18	M	59	A		-1	5823.38479304	[1, 1, 1, 1, 1, 1, 1, 1, 1, 1, 1, 1]
	1674008	1570047	1549111	18	M	27	A		-1	5823.78634383	[1, 1, 1, 1, 1, 1, 1, 1, 1, 1, 1, 1]
	1577247	1422335	1324789	17	M	65	A		-1	5825.11774059	[1, 1, 1, 1, 1, 1, 1, 1, 1, 1, 1, 1]
	1611127	1544120	1510621	18	M	31	A		-1	5825.28560869	[1, 1, 1, 1, 1, 1, 1, 1, 1, 1, 1, 1]
	1631161	1529015	1470349	18	M	2	A		-1	5826.02269458	[0, 1, 1, 1, 1, 1, 1, 1, 1, 1, 1, 1]
	1597861	1566660	1502825	18	M	51	A		-1	5826.17626116	[1, 1, 1, 1, 1, 1, 1, 1, 1, 1, 1, 1]
	1626215	1576915	1502512	18	M	39	A		-1	5826.36211175	[1, 1, 0, 1, 1, 1, 1, 1, 1, 1, 1, 1]
	1669698	1577729	1523159	18	M	63	A		-1	5826.52097088	[1, 1, 1, 1, 1, 1, 1, 1, 1, 1, 1, 1]
	1689156	1508261	1554895	18	M	88	A		-1	5826.56887229	[1, 1, 1, 1, 1, 1, 1, 1, 1, 1, 1, 1]
	1664952	1566774	1506380	18	M	8	A		-1	5826.8539008	[1, 1, 1, 1, 1, 1, 1, 1, 1, 1, 1, 1]
	1680015	1522621	1547621	18	M	40	A		-1	5828.09005252	[1, 1, 1, 1, 1, 1, 1, 1, 1, 1, 1, 1]
	1636070	1572457	1515540	18	M	60	A		-1	5828.64843577	[1, 1, 1, 1, 1, 1, 1, 1, 1, 1, 1, 1]
	1669445	1566774	1536281	18	M	99	A		-1	5829.18057677	[1, 1, 1, 1, 1, 1, 1, 1, 1, 1, 1, 1]
	1681300	1575467	1500583	18	M	73	A		-1	5829.63379707	[1, 1, 1, 1, 1, 1, 1, 1, 1, 1, 1, 1]
	1625409	1506304	1546867	18	M	11	A		-1	5829.80938542	[1, 1, 1, 1, 1, 1, 1, 1, 1, 1, 1, 1]
	1684349	1506304	1591305	18	M	65	A		-1	5830.44644239	[1, 1, 1, 1, 1, 1, 1, 1, 1, 1, 1, 1]
	1676849	1529015	1562113	18	M	44	A		-1	5830.47660659	[1, 1, 1, 1, 1, 1, 1, 1, 1, 1, 1, 1]
	1616230	1575467	1531395	18	M	98	A		-1	5830.62849784	[1, 1, 1, 1, 1, 1, 1, 1, 1, 1, 1, 1]
	1685364	1506304	1421557	18	M	4	A		-1	5831.05980812	[1, 1, 1, 0, 1, 1, 1, 1, 1, 1, 1, 1]
	1624009	1570047	1454191	18	M	68	A		-1	5831.38017633	[1, 1, 1, 1, 1, 1, 1, 1, 1, 1, 1, 1]
	1630408	1544120	1404617	18	M	24	A		-1	5831.73953076	[1, 1, 1, 1, 1, 1, 1, 1, 1, 1, 1, 1]
	1671521	1544489	1558953	18	M	50	A		-1	5831.77155074	[0, 1, 1, 1, 1, 1, 1, 1, 1, 1, 1, 1]
	1689112	1575202	1575958	18	M	76	A		-1	5832.15877863	[0, 1, 1, 1, 1, 1, 1, 1, 1, 1, 1, 1]
	1647299	1526690	1558108	18	M	85	A		-1	5832.71294102	[1, 1, 1, 1, 1, 1, 1, 1, 1, 1, 1, 1]
	1595709	1502891	1567645	18	M	9	A		-1	5832.81447728	[1, 1, 1, 1, 1, 1, 1, 1, 1, 1, 1, 1]
	1683815	1547326	1517215	18	M	53	A		-1	5833.07766774	[1, 1, 1, 1, 1, 1, 1, 1, 1, 1, 1, 1]
	1612937	1577247	1540142	18	M	1	A		-1	5834.88110212	[1, 1, 1, 1, 1, 1, 1, 1, 1, 1, 1, 1]
	1672840	1577247	1530888	18	M	66	A		-1	5835.33226588	[1, 1, 1, 1, 1, 1, 1, 1, 1, 1, 1, 1]
	1673295	1585239	1496988	18	M	65	A		-1	5835.96229066	[1, 1, 1, 1, 1, 1, 1, 1, 1, 1, 1, 1]
	1595698	1544120	1584166	18	M	93	A		-1	5836.14627316	[1, 1, 1, 1, 1, 1, 1, 1, 1, 1, 1, 1]
	1654415	1546664	1477096	18	M	74	A		-1	5836.73088234	[1, 1, 1, 1, 1, 1, 1, 1, 1, 1, 1, 1]
	1598543	1568167	1448586	18	M	75	A		-1	5837.27149217	[1, 1, 1, 1, 1, 1, 1, 1, 1, 1, 1, 1]
	1650465	1549852	1537864	18	M	38	A		-1	5837.62757128	[0, 1, 1, 1, 1, 1, 1, 1, 1, 1, 1, 1]
	1625945	1544120	1545848	18	M	9	A		-1	5837.82648186	[1, 1, 1, 1, 1, 1, 1, 1, 1, 1, 1, 1]
	1639753	1549852	1476331	18	M	7	A		-1	5838.96084003	[1, 1, 1, 1, 1, 1, 1, 1, 1, 1, 1, 1]
	1511745	1475107	1344091	17	M	67	A		-1	5838.98847062	[1, 1, 1, 1, 1, 1, 1, 1, 1, 1, 1, 1]
	1609819	1503851	1511952	18	M	14	A		-1	5839.30023127	[1, 1, 1, 1, 1, 1, 1, 1, 1, 0, 1, 1]
	1624016	1557041	1580365	18	M	1	A		-1	5839.3315038	[1, 1, 1, 1, 1, 1, 1, 1, 1, 1, 1, 1]
	1671060	1546596	1501138	18	M	9	A		-1	5839.54342315	[1, 1, 1, 1, 1, 1, 1, 1, 1, 1, 1, 1]
	1672372	1534564	1542825	18	M	92	A		-1	5839.72421726	[1, 1, 1, 1, 1, 1, 1, 1, 1, 1, 1, 1]
	1630982	1577247	1531619	18	M	99	A		-1	5839.96304279	[1, 1, 1, 1, 1, 1, 1, 1, 1, 1, 1, 1]
	1674249	1575467	1554187	18	M	96	A		-1	5840.41600828	[1, 1, 1, 1, 1, 1, 1, 1, 1, 1, 1, 1]
	1676266	1577729	1514610	18	M	45	A		-1	5841.0628933	[1, 1, 1, 1, 1, 1, 1, 1, 1, 1, 1, 1]
	1623077	1575202	1549411	18	M	27	A		-1	5841.84908089	[1, 1, 1, 1, 1, 1, 1, 1, 1, 1, 1, 1]
	1662547	1552173	1524122	18	M	83	A		-1	5841.95419668	[1, 1, 1, 1, 1, 1, 1, 1, 1, 1, 1, 1]
	1670574	1552173	1546688	18	M	94	A		-1	5842.11988717	[1, 1, 1, 1, 1, 1, 1, 1, 1, 1, 1, 1]
	1600018	1572457	1577423	18	M	73	A		-1	5842.16501962	[1, 1, 1, 0, 1, 1, 1, 1, 1, 1, 1, 1]
	1619151	1503851	1510096	18	M	19	A		-1	5843.12300917	[1, 1, 1, 1, 1, 1, 1, 1, 1, 1, 1, 1]
	1603111	1575202	1548806	18	M	30	A		-1	5843.13786512	[1, 1, 1, 1, 1, 1, 1, 1, 1, 1, 1, 1]
	1651001	1545062	1571873	18	M	60	A		-1	5843.14420608	[1, 1, 1, 1, 1, 1, 1, 1, 1, 1, 1, 1]
	1685020	1587249	1592975	18	M	73	A		-1	5844.75903378	[1, 1, 1, 1, 1, 1, 1, 1, 1, 1, 1, 1]
	1633397	1546664	1570372	18	M	56	A		-1	5845.26518574	[1, 1, 1, 1, 1, 1, 1, 1, 1, 1, 1, 1]
	1691948	1522621	1553211	18	M	4	A		-1	5845.48925111	[1, 1, 1, 1, 1, 1, 1, 1, 1, 1, 1, 1]
	1649932	1587249	1539134	18	M	14	A		-1	5845.51668947	[1, 1, 1, 1, 1, 1, 1, 1, 1, 1, 1, 1]
	1618485	1546596	1535570	18	M	40	A		-1	5845.52145237	[1, 1, 1, 1, 1, 1, 1, 1, 1, 1, 1, 1]
	1678447	1577247	1455962	18	M	65	A		-1	5845.65419645	[1, 1, 1, 1, 1, 1, 1, 1, 1, 1, 1, 1]
	1642291	1529015	1523214	18	M	62	A		-1	5846.24760364	[1, 1, 1, 1, 1, 1, 1, 1, 1, 1, 1, 1]
	1552173	1406501	1420432	17	M	98	A		-1	5849.18518617	[1, 1, 1, 1, 1, 1, 1, 1, 1, 1, 1, 1]
	1618079	1566342	1555481	18	M	6	A		-1	5850.8302338	[1, 1, 1, 1, 1, 1, 1, 1, 1, 1, 1, 1]
	1674123	1543168	1506483	18	M	78	A		-1	5850.86462009	[1, 1, 1, 1, 1, 1, 1, 1, 1, 1, 1, 1]
	1640382	1533027	1576520	18	M	74	A		-1	5851.60231765	[1, 1, 1, 1, 1, 1, 1, 1, 1, 1, 1, 1]
	1622761	1508261	1470798	18	M	72	A		-1	5852.0214083	[1, 1, 1, 1, 1, 1, 1, 1, 1, 1, 1, 1]
	1613384	1544120	1584868	18	M	49	A		-1	5852.31616133	[1, 1, 1, 1, 1, 1, 1, 1, 1, 1, 1, 1]
	1617577	1566774	1548202	18	M	36	A		-1	5852.44696886	[1, 1, 1, 1, 1, 1, 1, 1, 1, 1, 1, 1]
	1642064	1403650	1519267	18	M	59	A		-1	5853.72687203	[1, 1, 0, 1, 1, 1, 1, 1, 1, 1, 1, 1]
	1657052	1575467	1579600	18	M	96	A		-1	5853.79765301	[1, 1, 1, 1, 1, 1, 1, 1, 1, 1, 1, 1]
	1609084	1546596	1560545	18	M	10	A		-1	5854.06729329	[1, 1, 1, 1, 1, 1, 1, 1, 1, 1, 1, 1]
	1632401	1585239	1547687	18	M	79	A		-1	5854.47375664	[1, 1, 1, 1, 1, 1, 1, 1, 1, 1, 1, 1]
	1670094	1502891	1507577	18	M	38	A		-1	5854.96643849	[1, 1, 1, 1, 1, 1, 1, 1, 1, 1, 1, 1]
	1676221	1566660	1523258	18	M	62	A		-1	5855.41515157	[1, 1, 1, 1, 1, 1, 1, 0, 1, 1, 1, 1]
	1647398	1577247	1495864	18	M	85	A		-1	5856.20554777	[1, 1, 1, 1, 1, 1, 1, 1, 1, 1, 1, 1]
	1602761	1587249	1470271	18	M	72	A		-1	5856.21504234	[1, 1, 1, 1, 1, 1, 1, 1, 1, 1, 1, 1]
	1659849	1502891	1436342	18	M	20	A		-1	5856.34101476	[1, 1, 1, 1, 1, 1, 1, 0, 1, 1, 1, 1]
	1662987	1575467	1525848	18	M	52	A		-1	5856.58229475	[1, 1, 1, 1, 1, 1, 1, 1, 1, 1, 1, 1]
	1672521	1529015	1541434	18	M	50	A		-1	5856.59578379	[1, 1, 1, 1, 1, 1, 1, 1, 1, 1, 1, 1]
	1679627	1542682	1530588	18	M	23	A		-1	5856.76725254	[1, 1, 1, 1, 1, 1, 1, 1, 1, 1, 1, 1]
	1594225	1499480	1503797	18	M	57	A		-1	5857.61386383	[1, 1, 1, 1, 1, 1, 1, 1, 1, 1, 1, 1]
	1686421	1572457	1569679	18	M	94	A		-1	5858.52039221	[1, 1, 1, 0, 1, 1, 1, 1, 1, 1, 1, 1]
	1605635	1511745	1460348	18	M	49	A		-1	5859.47915555	[1, 1, 1, 1, 1, 1, 1, 1, 1, 1, 1, 1]
	1636974	1544120	1551490	18	M	33	A		-1	5860.08003746	[1, 1, 1, 1, 1, 1, 1, 1, 1, 1, 1, 1]
	1662659	1575467	1589513	18	M	22	A		-1	5860.50038103	[1, 1, 1, 1, 1, 1, 1, 1, 1, 1, 1, 1]
	1652974	1517061	1506561	18	M	5	A		-1	5862.32603974	[1, 1, 1, 1, 1, 1, 1, 1, 1, 1, 1, 1]
	1681413	1566342	1557189	18	M	44	A		-1	5862.65839345	[1, 1, 1, 1, 1, 1, 1, 1, 1, 1, 1, 1]
	1641953	1555572	1501857	18	M	45	A		-1	5863.16713079	[1, 1, 1, 1, 1, 1, 1, 1, 1, 1, 1, 1]
	1673687	1514025	1573979	18	M	87	A		-1	5864.69323265	[1, 1, 1, 1, 1, 1, 1, 1, 1, 1, 1, 1]
	1647377	1584336	1521218	18	M	86	A		-1	5864.84895109	[1, 1, 1, 1, 1, 1, 1, 1, 1, 1, 1, 1]
	1623207	1529015	1533336	18	M	55	A		-1	5865.05717784	[1, 1, 1, 1, 1, 1, 1, 1, 1, 1, 1, 1]
	1544120	1432519	1451579	17	M	54	A		-1	5867.22684675	[1, 1, 1, 1, 1, 1, 1, 1, 1, 1, 1, 1]
	1660916	1576915	1513598	18	M	34	A		-1	5868.36497009	[1, 1, 1, 1, 1, 1, 1, 1, 1, 1, 1, 1]
	1547326	1407591	1458320	17	M	67	A		-1	5871.50381233	[1, 1, 1, 1, 1, 1, 1, 1, 1, 1, 1, 1]
	1671579	1544120	1510205	18	M	34	A		-1	5871.61430272	[1, 1, 1, 1, 1, 1, 1, 1, 1, 1, 1, 1]
	1656432	1547326	1507381	18	M	18	A		-1	5871.71062905	[1, 1, 1, 1, 1, 1, 1, 1, 1, 1, 1, 1]
	1667252	1513008	1527468	18	M	19	A		-1	5871.88639798	[1, 1, 1, 1, 1, 1, 1, 1, 1, 1, 1, 1]
	1613507	1547326	1570160	18	M	20	A		-1	5872.41414338	[1, 1, 1, 0, 1, 1, 1, 1, 1, 1, 1, 1]
	1602729	1547326	1573678	18	M	79	A		-1	5873.00801512	[1, 1, 1, 1, 1, 1, 1, 1, 1, 0, 1, 1]
	1575467	1466867	1445893	17	M	92	A		-1	5873.46467646	[1, 1, 1, 1, 1, 1, 1, 1, 1, 1, 1, 1]
	1657284	1577729	1513129	18	M	14	A		-1	5876.62447083	[0, 1, 1, 1, 1, 1, 1, 1, 1, 1, 1, 1]
	1593969	1502891	1498346	18	M	26	A		-1	5877.04041394	[1, 1, 1, 1, 1, 1, 1, 1, 1, 1, 1, 1]
	1631323	1520218	1587759	18	M	81	A		-1	5878.86404772	[1, 1, 1, 1, 1, 1, 1, 1, 1, 1, 1, 1]
	1672680	1514025	1566254	18	M	25	A		-1	5879.37964156	[1, 1, 1, 1, 1, 1, 1, 1, 1, 1, 1, 1]
	1631040	1584336	1516754	18	M	79	A		-1	5880.92428983	[1, 1, 1, 1, 1, 1, 1, 1, 1, 1, 1, 1]
	1639204	1566774	1592985	18	M	19	A		-1	5881.19725809	[1, 1, 1, 1, 1, 1, 1, 1, 1, 1, 1, 1]
	1670514	1577247	1567664	18	M	8	A		-1	5882.51870186	[1, 1, 1, 1, 1, 1, 1, 1, 1, 1, 1, 1]
	1622622	1566774	1526706	18	M	69	A		-1	5882.59000657	[1, 1, 1, 1, 1, 1, 1, 1, 1, 1, 1, 1]
	1686465	1529015	1552785	18	M	16	A		-1	5882.85208334	[1, 1, 1, 1, 1, 1, 1, 1, 1, 1, 1, 1]
	1645813	1403650	1590875	18	M	32	A		-1	5883.44001574	[0, 1, 1, 1, 1, 1, 1, 1, 1, 1, 1, 1]
	1625488	1535030	1531580	18	M	96	A		-1	5883.84242923	[1, 1, 1, 1, 1, 1, 1, 1, 1, 1, 1, 1]
	1684807	1547326	1555133	18	M	79	A		-1	5884.30872614	[1, 1, 1, 1, 1, 1, 1, 1, 1, 1, 1, 1]
	1629990	1575467	1584359	18	M	37	A		-1	5884.71640994	[1, 1, 1, 1, 1, 1, 1, 1, 1, 1, 1, 1]
	1608586	1570047	1519405	18	M	60	A		-1	5885.04377313	[1, 1, 1, 1, 1, 1, 1, 1, 1, 1, 1, 1]
	1673987	1520218	1429291	18	M	66	A		-1	5887.14462	[1, 1, 1, 1, 1, 1, 1, 1, 1, 1, 1, 1]
	1650907	1544489	1564316	18	M	63	A		-1	5887.2336584	[0, 1, 1, 1, 1, 1, 1, 1, 1, 1, 1, 1]
	1607659	1577729	1576770	18	M	5	A		-1	5887.2717165	[1, 1, 1, 1, 1, 1, 1, 1, 1, 1, 1, 1]
	1646155	1570047	1548511	18	M	92	A		-1	5888.69202636	[1, 1, 1, 1, 1, 1, 1, 1, 1, 1, 1, 1]
	1656764	1403650	1540056	18	M	44	A		-1	5889.80037273	[1, 1, 1, 1, 1, 1, 1, 1, 1, 1, 1, 1]
	1642805	1529015	1548522	18	M	29	A		-1	5889.91225085	[1, 1, 1, 1, 1, 1, 1, 1, 1, 1, 1, 1]
	1604840	1403650	1555042	18	M	55	A		-1	5890.07246172	[1, 1, 1, 1, 1, 1, 1, 1, 1, 1, 1, 1]
	1642586	1544489	1558563	18	M	28	A		-1	5891.80482923	[1, 1, 1, 1, 1, 1, 1, 1, 1, 1, 1, 1]
	1671689	1535030	1574645	18	M	7	A		-1	5893.2654578	[1, 1, 1, 1, 1, 1, 1, 1, 1, 1, 1, 1]
	1686175	1543168	1416484	18	M	85	A		-1	5893.37610641	[1, 1, 1, 1, 1, 1, 1, 1, 1, 1, 1, 1]
	1618730	1544489	1438581	18	M	70	A		-1	5896.40368339	[1, 1, 1, 1, 1, 1, 1, 0, 1, 0, 1, 1]
	1667375	1575467	1497597	18	M	45	A		-1	5897.3626036	[1, 1, 1, 1, 1, 1, 1, 1, 1, 1, 1, 1]
	1594072	1528293	1549756	18	M	75	A		-1	5899.28202035	[1, 1, 1, 1, 1, 1, 1, 1, 1, 1, 1, 1]
	1674378	1544120	1498236	18	M	39	A		-1	5899.77470391	[1, 1, 1, 1, 1, 1, 1, 1, 1, 1, 1, 1]
	1600146	1570047	1562249	18	M	26	A		-1	5901.21881034	[1, 1, 1, 1, 1, 1, 1, 1, 1, 1, 1, 1]
	1657864	1557041	1583400	18	M	29	A		-1	5901.66996856	[1, 1, 1, 1, 1, 1, 1, 1, 1, 1, 1, 1]
	1631263	1545062	1552510	18	M	98	A		-1	5903.57203218	[1, 1, 1, 1, 1, 1, 1, 1, 1, 1, 1, 1]
	1634461	1552173	1530773	18	M	48	A		-1	5906.32169572	[1, 1, 1, 1, 1, 1, 1, 1, 1, 1, 1, 1]
	1638026	1555572	1420563	18	M	44	A		-1	5907.98307791	[1, 1, 1, 1, 1, 1, 1, 1, 1, 1, 1, 1]
	1604420	1526690	1547611	18	M	10	A		-1	5908.54810807	[1, 1, 1, 1, 1, 1, 1, 1, 1, 1, 1, 1]
	1630200	1553566	1568058	18	M	45	A		-1	5909.15643895	[1, 1, 1, 1, 1, 1, 1, 1, 1, 1, 1, 1]
	1613791	1566774	1505515	18	M	69	A		-1	5912.96575713	[1, 1, 1, 1, 1, 1, 1, 1, 1, 1, 1, 1]
	1664268	1528592	1538363	18	M	92	A		-1	5913.1923719	[1, 1, 1, 1, 1, 1, 1, 1, 1, 1, 1, 1]
	1690904	1502891	1589317	18	M	66	A		-1	5913.31282128	[1, 1, 0, 1, 1, 1, 1, 1, 1, 1, 1, 1]
	1686574	1514025	1515629	18	M	33	A		-1	5913.89368129	[1, 1, 1, 1, 1, 1, 1, 1, 1, 1, 1, 1]
	1610915	1549852	1528679	18	M	96	A		-1	5914.23856088	[0, 1, 1, 1, 1, 1, 1, 1, 1, 1, 1, 1]
	1689141	1547326	1405679	18	M	69	A		-1	5914.42839542	[1, 1, 1, 1, 1, 1, 1, 1, 1, 1, 1, 1]
	1685149	1502891	1538265	18	M	56	A		-1	5914.97822	[1, 1, 0, 1, 1, 1, 1, 1, 1, 1, 1, 1]
	1626606	1585239	1530277	18	M	61	A		-1	5915.05197188	[1, 1, 1, 1, 1, 1, 1, 1, 1, 1, 1, 1]
	1675654	1576915	1422758	18	M	24	A		-1	5915.60258618	[1, 1, 1, 1, 1, 1, 1, 1, 1, 1, 1, 1]
	1640417	1544120	1517546	18	M	69	A		-1	5920.73570736	[1, 1, 1, 1, 1, 1, 1, 1, 1, 1, 1, 1]
	1619653	1577247	1521970	18	M	2	A		-1	5925.65797672	[1, 1, 1, 1, 1, 1, 1, 1, 1, 1, 1, 1]
	1653918	1552173	1507704	18	M	89	A		-1	5926.05818526	[1, 1, 1, 1, 1, 1, 1, 1, 1, 1, 1, 1]
	1678071	1577247	1473812	18	M	31	A		-1	5928.61667128	[0, 1, 1, 1, 1, 1, 1, 1, 1, 1, 1, 1]
	1634092	1575202	1455341	18	M	93	A		-1	5929.62263208	[1, 1, 1, 1, 1, 1, 1, 1, 1, 1, 1, 1]
	1640175	1522621	1505685	18	M	15	A		-1	5929.93725663	[1, 1, 1, 1, 1, 1, 1, 1, 1, 1, 1, 1]
	1674629	1522621	1505547	18	M	57	A		-1	5930.34454359	[1, 1, 1, 1, 1, 1, 1, 1, 1, 1, 1, 1]
	1681680	1511745	1496197	18	M	92	A		-1	5931.74974604	[1, 1, 1, 1, 1, 1, 1, 1, 1, 1, 1, 1]
	1632975	1577247	1589828	18	M	47	A		-1	5934.75974755	[1, 1, 1, 1, 1, 1, 1, 1, 1, 1, 1, 1]
	1622121	1515823	1526187	18	M	47	A		-1	5941.18308988	[1, 1, 1, 1, 1, 1, 1, 1, 1, 1, 1, 1]
	1607480	1530074	1538271	18	M	7	A		-1	5942.53242499	[1, 1, 1, 1, 1, 1, 1, 1, 1, 1, 1, 1]
	1598644	1514025	1560245	18	M	49	A		-1	5943.55680365	[1, 1, 1, 1, 1, 1, 1, 1, 1, 1, 1, 1]
	1667216	1499480	1524397	18	M	20	A		-1	5943.97743918	[1, 1, 1, 1, 1, 1, 1, 1, 1, 1, 1, 1]
	1674755	1514025	1573130	18	M	9	A		-1	5945.30627124	[1, 1, 1, 1, 1, 1, 1, 1, 1, 1, 1, 1]
	1675281	1570047	1563727	18	M	71	A		-1	5948.9960733	[1, 1, 1, 1, 1, 1, 1, 1, 1, 1, 1, 1]
	1625296	1508261	1589898	18	M	49	A		-1	5950.10218815	[1, 1, 1, 1, 1, 1, 1, 1, 1, 1, 1, 1]
	1601898	1549852	1528304	18	M	61	A		-1	5952.57761993	[1, 1, 1, 1, 1, 1, 1, 1, 1, 1, 1, 1]
	1615856	1520218	1519413	18	M	86	A		-1	5958.98794287	[1, 1, 1, 1, 1, 1, 1, 1, 1, 1, 1, 1]
	1609995	1502891	1533284	18	M	33	A		-1	5959.26002101	[1, 1, 1, 1, 1, 1, 1, 1, 1, 1, 1, 1]
	1605414	1517061	1592891	18	M	26	A		-1	5960.8710153	[1, 1, 1, 1, 1, 1, 1, 1, 1, 1, 1, 1]
	1621177	1542682	1515870	18	M	20	A		-1	5971.79664793	[1, 1, 1, 1, 1, 1, 1, 1, 1, 1, 1, 1]
	1660257	1570047	1519067	18	M	70	A		-1	5974.07608671	[1, 1, 1, 1, 1, 1, 1, 1, 1, 1, 1, 1]
	1646905	1575467	1504357	18	M	20	A		-1	5987.28551678	[1, 1, 1, 1, 1, 1, 1, 1, 1, 1, 1, 1]
	1651239	1517061	1556129	18	M	60	A		-1	5991.92320572	[1, 1, 1, 1, 1, 1, 1, 1, 1, 1, 1, 1]
	1646936	1503851	1558515	18	M	56	A		-1	5995.30563065	[1, 1, 1, 1, 1, 1, 1, 1, 1, 1, 1, 1]
	1653390	1522621	1515764	18	M	88	A		-1	5999.17615931	[1, 1, 1, 1, 1, 1, 1, 1, 1, 1, 1, 1]
	1688438	1547326	1569252	18	M	18	A		-1	6002.84982947	[1, 1, 1, 1, 1, 1, 1, 1, 1, 1, 1, 1]
	1659616	1552173	1529776	18	M	89	A		-1	6005.00307357	[1, 1, 1, 0, 1, 1, 1, 1, 1, 1, 1, 1]
	1636816	1511745	1524962	18	M	64	A		-1	6029.40964947	[1, 1, 1, 1, 1, 1, 1, 1, 1, 1, 1, 1]
	1624348	1546664	1515688	18	M	52	A		-1	6034.50497643	[1, 1, 1, 1, 1, 1, 1, 1, 1, 1, 1, 1]
	1692888	1526690	1582375	18	M	44	A		-1	6040.89457242	[1, 1, 1, 1, 1, 1, 1, 1, 1, 1, 1, 1]
	1648949	1547326	1588660	18	M	45	A		-1	6041.55849157	[1, 1, 1, 1, 1, 1, 1, 1, 1, 1, 1, 1]
	1650064	1552173	1527644	18	M	45	A		-1	6043.35580248	[1, 1, 1, 1, 1, 1, 1, 1, 1, 1, 1, 1]
	1654003	1572457	1550490	18	M	83	A		-1	6044.96592063	[1, 1, 1, 0, 1, 1, 1, 1, 1, 1, 1, 1]
	1632496	1547326	1567890	18	M	98	A		-1	6046.22319608	[1, 1, 1, 1, 1, 1, 1, 1, 1, 1, 1, 1]
	1674144	1544120	1447206	18	M	53	A		-1	6049.36212898	[1, 1, 1, 1, 1, 1, 1, 1, 1, 1, 1, 1]
	1678814	1584336	1557074	18	M	57	A		-1	6058.31946828	[1, 1, 1, 1, 1, 1, 1, 1, 1, 1, 1, 1]
	1653663	1522621	1547037	18	M	41	A		-1	6060.22908474	[1, 1, 0, 1, 1, 1, 1, 1, 1, 1, 1, 1]
	1673622	1511745	1510149	18	M	90	A		-1	6080.46088133	[1, 1, 1, 1, 1, 1, 1, 1, 1, 1, 1, 1]
	1645213	1557041	1571254	18	M	3	A		-1	6082.31680202	[1, 1, 1, 1, 1, 1, 1, 1, 1, 1, 1, 1]
	1666853	1535030	1440685	18	M	84	A		-1	6089.94605681	[0, 1, 1, 1, 1, 1, 1, 1, 1, 1, 1, 1]
	1668132	1569817	1566295	18	M	79	A		-1	6097.31683835	[1, 1, 1, 1, 1, 1, 1, 1, 1, 0, 1, 1]
	1672144	1545062	1574403	18	M	50	A		-1	6104.38560441	[1, 1, 1, 1, 1, 1, 1, 1, 1, 1, 1, 1]
	1688830	1575467	1530399	18	M	89	A		-1	6144.22936792	[1, 1, 1, 1, 1, 1, 1, 1, 1, 1, 1, 1]
	1616021	1520218	1498801	18	M	94	A		-1	6174.1597013	[1, 1, 1, 1, 1, 1, 1, 1, 1, 1, 1, 1]
	1644018	1572457	1544074	18	M	16	A		-1	6222.34781457	[1, 1, 1, 0, 1, 1, 1, 1, 1, 1, 1, 1]
