animal	sire	dam	born	sex	herd	status	cause	died	TBV	recessives
	42536	35066	7186	1	M	85	A		-1	615.429575866	[1, 1, 1, 1, 1, 1, 0, 1, 1, 0, 1, 1]
	51380	35085	16030	1	M	5	A		-1	615.615229204	[1, 1, 1, 1, 1, 1, 1, 1, 1, 1, 1, 1]
	43790	35221	8440	1	M	80	A		-1	615.620077923	[1, 1, 1, 1, 1, 1, 1, 1, 1, 1, 0, 1]
	49064	35123	13714	1	M	24	A		-1	616.009510711	[1, 1, 1, 1, 1, 1, 1, 0, 1, 1, 1, 1]
	68345	35248	32995	1	M	83	A		-1	616.02260591	[1, 1, 1, 1, 1, 1, 1, 1, 1, 1, 1, 1]
	59788	35215	24438	1	M	99	A		-1	616.23316515	[0, 1, 1, 1, 1, 1, 1, 1, 1, 1, 1, 1]
	52116	35071	16766	1	M	94	A		-1	616.269748476	[0, 1, 1, 1, 1, 1, 1, 1, 1, 1, 1, 1]
	55243	35283	19893	1	M	56	A		-1	616.381300123	[1, 1, 1, 1, 1, 1, 1, 1, 1, 1, 1, 0]
	45828	35093	10478	1	M	7	A		-1	616.407251957	[1, 0, 1, 1, 1, 1, 1, 1, 1, 1, 1, 1]
	51624	35271	16274	1	M	82	A		-1	616.578863898	[1, 1, 1, 1, 1, 1, 1, 1, 1, 1, 1, 1]
	42288	35207	6938	1	M	77	A		-1	616.810651264	[1, 1, 1, 0, 1, 1, 1, 1, 1, 1, 1, 1]
	45889	35348	10539	1	M	88	A		-1	616.984444969	[1, 1, 1, 1, 1, 1, 1, 1, 1, 1, 1, 1]
	60804	35163	25454	1	M	86	A		-1	617.223725077	[1, 1, 1, 1, 1, 1, 1, 1, 1, 1, 1, 1]
	64002	35264	28652	1	M	3	A		-1	617.237541801	[1, 0, 1, 1, 1, 1, 1, 1, 1, 1, 1, 1]
	43975	35081	8625	1	M	7	A		-1	617.477479124	[1, 1, 1, 1, 1, 1, 1, 1, 1, 1, 1, 1]
	48747	35115	13397	1	M	28	A		-1	617.618178846	[1, 1, 1, 1, 1, 1, 1, 1, 1, 1, 1, 1]
	35347	0	0	-1	M	15	A		-1	617.652429397	[1.0, 1.0, 1.0, 1.0, 1.0, 1.0, 1.0, 1.0, 1.0, 1.0, 1.0, 1.0]
	37778	35331	2428	1	M	14	A		-1	618.080082714	[1, 1, 1, 1, 1, 1, 1, 1, 1, 1, 1, 1]
	44864	35248	9514	1	M	19	A		-1	618.607229643	[1, 1, 1, 1, 1, 1, 1, 1, 1, 1, 1, 1]
	64160	35274	28810	1	M	35	A		-1	618.636166228	[0, 1, 1, 1, 1, 1, 1, 1, 1, 1, 1, 1]
	45702	35239	10352	1	M	25	A		-1	618.955929375	[1, 1, 1, 1, 1, 1, 1, 1, 1, 1, 1, 1]
	50670	35216	15320	1	M	24	A		-1	619.31250793	[1, 1, 1, 1, 1, 1, 1, 1, 1, 1, 1, 1]
	62363	35134	27013	1	M	44	A		-1	619.398836342	[1, 0, 1, 1, 1, 1, 1, 1, 1, 1, 1, 1]
	58250	35266	22900	1	M	54	A		-1	619.663133016	[1, 1, 1, 1, 1, 1, 1, 1, 1, 1, 1, 1]
	52172	35006	16822	1	M	36	A		-1	619.734882691	[1, 1, 1, 1, 1, 0, 1, 1, 1, 1, 1, 0]
	67992	35094	32642	1	M	38	A		-1	619.976478881	[1, 1, 1, 1, 1, 1, 1, 1, 1, 1, 1, 1]
	39174	35093	3824	1	M	15	A		-1	620.041087928	[1, 0, 1, 1, 1, 1, 1, 1, 1, 1, 1, 1]
	59136	35222	23786	1	M	41	A		-1	620.05761874	[1, 1, 1, 0, 1, 1, 1, 1, 1, 1, 1, 1]
	42225	35094	6875	1	M	14	A		-1	620.233233033	[1, 1, 1, 1, 1, 1, 1, 1, 1, 1, 1, 0]
	65354	35016	30004	1	M	25	A		-1	620.846810835	[1, 1, 1, 0, 1, 1, 1, 1, 1, 1, 1, 1]
	54567	35251	19217	1	M	42	A		-1	620.981385556	[1, 1, 1, 1, 1, 1, 1, 1, 1, 1, 1, 1]
	62486	35191	27136	1	M	26	A		-1	621.291420168	[1, 1, 1, 1, 1, 1, 1, 1, 1, 1, 1, 1]
	46011	35124	10661	1	M	98	A		-1	621.384088726	[1, 1, 0, 1, 1, 1, 1, 1, 1, 1, 1, 1]
	45177	35085	9827	1	M	15	A		-1	622.206513733	[1, 1, 1, 1, 1, 1, 1, 1, 1, 1, 1, 1]
	67300	35175	31950	1	M	76	A		-1	622.250589226	[1, 1, 1, 1, 1, 1, 1, 1, 1, 1, 1, 1]
	41310	35071	5960	1	M	30	A		-1	622.734826959	[1, 1, 1, 1, 1, 1, 1, 1, 1, 1, 1, 1]
	70314	35218	34964	1	M	2	A		-1	622.937816021	[1, 1, 1, 1, 1, 1, 1, 1, 1, 1, 1, 1]
	51507	35019	16157	1	M	4	A		-1	623.013258001	[1, 1, 1, 1, 1, 1, 1, 1, 1, 1, 1, 0]
	59618	35022	24268	1	M	65	A		-1	623.393671291	[1, 1, 1, 1, 1, 1, 1, 1, 1, 1, 1, 1]
	56628	35012	21278	1	M	9	A		-1	623.492228785	[0, 1, 1, 1, 1, 1, 1, 1, 1, 1, 0, 0]
	46896	35032	11546	1	M	54	A		-1	623.915452883	[1, 1, 1, 1, 1, 1, 1, 1, 1, 1, 1, 1]
	58892	35254	23542	1	M	54	A		-1	623.958462366	[1, 1, 1, 1, 1, 1, 1, 1, 1, 1, 1, 1]
	51306	35080	15956	1	M	51	A		-1	624.798008947	[1, 1, 1, 1, 1, 1, 1, 1, 1, 1, 1, 1]
	48683	35299	13333	1	M	14	A		-1	624.912247153	[1, 1, 1, 1, 1, 1, 1, 1, 1, 1, 1, 1]
	54495	35081	19145	1	M	35	A		-1	625.1195535	[1, 1, 1, 1, 1, 1, 1, 1, 1, 1, 1, 1]
	63149	35122	27799	1	M	22	A		-1	625.224745777	[1, 1, 1, 1, 1, 1, 1, 1, 1, 1, 1, 1]
	50522	35224	15172	1	M	70	A		-1	625.326176133	[1, 1, 1, 1, 1, 1, 1, 1, 1, 1, 1, 1]
	44572	35349	9222	1	M	48	A		-1	625.690603112	[1, 1, 1, 1, 1, 1, 1, 1, 1, 1, 1, 1]
	52932	35199	17582	1	M	45	A		-1	625.769913234	[1, 1, 1, 1, 1, 1, 1, 1, 1, 1, 1, 1]
	70344	35260	34994	1	M	67	A		-1	626.232237384	[1, 0, 1, 1, 1, 1, 1, 1, 1, 1, 1, 0]
	57420	35012	22070	1	M	7	A		-1	626.282722019	[0, 1, 1, 1, 1, 1, 1, 1, 1, 1, 1, 1]
	56274	35014	20924	1	M	80	A		-1	627.410764848	[1, 1, 1, 1, 1, 1, 1, 1, 1, 1, 1, 1]
	49408	35143	14058	1	M	18	A		-1	627.511481705	[1, 1, 1, 1, 1, 1, 1, 1, 1, 1, 1, 1]
	58593	35261	23243	1	M	1	A		-1	627.552063006	[1, 1, 1, 1, 1, 1, 1, 1, 1, 1, 1, 1]
	42362	35129	7012	1	M	63	A		-1	627.771680039	[0, 1, 1, 1, 1, 1, 1, 1, 1, 1, 1, 1]
	48474	35135	13124	1	M	26	A		-1	628.106527703	[1, 1, 1, 1, 1, 1, 1, 1, 1, 1, 1, 1]
	66457	35165	31107	1	M	7	A		-1	628.12990156	[1, 1, 1, 1, 1, 1, 1, 1, 1, 1, 1, 1]
	43762	35345	8412	1	M	73	A		-1	628.484563651	[1, 0, 1, 1, 1, 1, 1, 1, 1, 1, 1, 1]
	41766	35194	6416	1	M	4	A		-1	628.884823183	[1, 1, 1, 1, 1, 1, 1, 0, 1, 1, 1, 1]
	49343	35014	13993	1	M	98	A		-1	629.447961505	[1, 1, 1, 1, 1, 0, 1, 1, 1, 1, 1, 1]
	59030	35324	23680	1	M	75	A		-1	629.464582964	[1, 1, 1, 1, 1, 1, 1, 1, 1, 1, 1, 1]
	57165	35227	21815	1	M	70	A		-1	630.190877726	[1, 1, 1, 1, 1, 1, 1, 1, 1, 1, 1, 0]
	69654	35232	34304	1	M	22	A		-1	630.430635175	[1, 1, 1, 1, 1, 1, 1, 1, 1, 1, 1, 1]
	40531	35324	5181	1	M	80	A		-1	630.718075098	[1, 1, 1, 1, 1, 1, 1, 1, 1, 1, 1, 1]
	65624	35330	30274	1	M	60	A		-1	630.902551157	[1, 1, 1, 1, 1, 1, 1, 1, 1, 1, 1, 1]
	69704	35209	34354	1	M	39	A		-1	631.061792166	[1, 1, 1, 1, 1, 1, 1, 1, 1, 1, 1, 1]
	66779	35284	31429	1	M	97	A		-1	631.492014434	[1, 1, 1, 1, 1, 1, 1, 1, 1, 1, 1, 1]
	61884	35191	26534	1	M	100	A		-1	632.519275135	[1, 1, 1, 1, 1, 1, 1, 1, 1, 1, 1, 1]
	53499	35073	18149	1	M	59	A		-1	632.714976976	[1, 1, 1, 1, 1, 1, 1, 1, 1, 1, 1, 1]
	51123	35149	15773	1	M	42	A		-1	632.747960387	[0, 1, 1, 1, 1, 1, 1, 1, 1, 1, 1, 1]
	67152	35258	31802	1	M	23	A		-1	633.211689622	[1, 1, 1, 1, 1, 1, 1, 1, 1, 1, 1, 1]
	69526	35117	34176	1	M	20	A		-1	633.296226339	[1, 1, 1, 1, 1, 1, 1, 1, 1, 1, 1, 1]
	61356	35293	26006	1	M	85	A		-1	633.587282822	[1, 1, 1, 1, 1, 1, 1, 1, 1, 1, 1, 1]
	52864	35340	17514	1	M	100	A		-1	633.602876695	[1, 1, 1, 1, 1, 1, 1, 1, 1, 1, 1, 1]
	64238	35031	28888	1	M	80	A		-1	634.059440173	[1, 1, 1, 1, 1, 1, 1, 1, 1, 1, 1, 1]
	55851	35067	20501	1	M	9	A		-1	634.534556741	[1, 1, 0, 1, 1, 1, 1, 1, 1, 1, 1, -1]
	43599	35031	8249	1	M	31	A		-1	634.76841267	[1, 1, 1, 0, 1, 0, 1, 1, 1, 1, 1, 1]
	36756	35303	1406	1	M	38	A		-1	635.145048124	[1, 0, 1, 1, 1, 1, 1, 1, 1, 1, 1, 1]
	52762	35068	17412	1	M	25	A		-1	635.2172715	[0, 1, 1, 1, 1, 1, 1, 1, 1, 1, 1, 1]
	59505	35256	24155	1	M	5	A		-1	635.301107895	[1, 1, 1, 1, 1, 1, 1, 1, 1, 1, 1, 1]
	52831	35122	17481	1	M	29	A		-1	635.397521183	[0, 1, 1, 1, 1, 1, 1, 1, 1, 1, 1, 1]
	50733	35081	15383	1	M	89	A		-1	635.57903462	[1, 1, 1, 1, 1, 1, 1, 1, 1, 1, 1, 1]
	55606	35040	20256	1	M	5	A		-1	635.619959763	[1, 1, 1, 1, 1, 1, 1, 1, 1, 1, 1, 1]
	40052	35215	4702	1	M	48	A		-1	635.817770503	[1, 1, 1, 1, 1, 1, 1, 1, 1, 1, 1, 1]
	65034	35150	29684	1	M	1	A		-1	636.102016727	[1, 0, 1, 1, 1, 1, 1, 1, 1, 1, 1, 0]
	57917	35209	22567	1	M	69	A		-1	636.695899972	[1, 1, 1, 1, 1, 1, 1, 1, 1, 1, 1, 1]
	55524	35027	20174	1	M	88	A		-1	636.92764872	[1, 1, 1, 1, 1, 1, 1, 1, 1, 1, 1, 1]
	70297	35134	34947	1	M	95	A		-1	637.134065651	[1, 1, 1, 1, 1, 1, 1, 1, 1, 1, 1, 1]
	40751	35317	5401	1	M	86	A		-1	637.331434058	[1, 0, 0, 1, 1, 1, 1, 1, 1, 1, 1, 1]
	63817	35019	28467	1	M	30	A		-1	637.769053785	[0, 1, 1, 1, 1, 1, 1, 1, 1, 1, 1, 0]
	40506	35031	5156	1	M	68	A		-1	638.184398849	[1, 1, 1, 1, 1, 1, 1, 1, 1, 1, 1, 1]
	35217	0	0	-9	M	8	A		-1	638.503266779	[1.0, 1.0, 1.0, 1.0, 1.0, 1.0, 1.0, 1.0, 1.0, 1.0, 1.0, 1.0]
	68769	35074	33419	1	M	87	A		-1	638.922813458	[1, 1, 1, 1, 1, 1, 1, 1, 1, 1, 1, 1]
	56453	35113	21103	1	M	3	A		-1	639.070391061	[0, 1, 1, 1, 1, 1, 1, 1, 1, 1, 1, 1]
	55134	35083	19784	1	M	91	A		-1	639.079673806	[1, 1, 1, 1, 1, 1, 1, 1, 1, 1, 1, 1]
	61269	35011	25919	1	M	39	A		-1	639.986062839	[1, 1, 1, 1, 1, 1, 1, 1, 1, 1, 0, 1]
	64232	35232	28882	1	M	33	A		-1	640.332562525	[1, 1, 1, 1, 1, 1, 1, 1, 1, 1, 1, 1]
	45965	35269	10615	1	M	95	A		-1	640.789388127	[1, 1, 1, 1, 1, 1, 1, 1, 1, 1, 1, 1]
	54498	35347	19148	1	M	61	A		-1	641.020964794	[1, 1, 1, 1, 1, 1, 1, 1, 1, 1, 1, 0]
	41317	35012	5967	1	M	73	A		-1	641.130444713	[0, 1, 1, 1, 1, 1, 1, 1, 1, 1, 0, 0]
	69242	35229	33892	1	M	88	A		-1	641.274427965	[1, 1, 1, 1, 1, 1, 1, 1, 1, 1, 1, 1]
	48091	35075	12741	1	M	41	A		-1	641.536911482	[1, 1, 1, 1, 1, 1, 1, 1, 1, 1, 1, 1]
	43260	35319	7910	1	M	66	A		-1	642.038674583	[1, 1, 1, 1, 1, 1, 1, 1, 1, 1, 1, 1]
	65895	35171	30545	1	M	66	A		-1	642.217084543	[1, 1, 1, 1, 1, 1, 1, 1, 1, 1, 1, 1]
	61233	35087	25883	1	M	76	A		-1	642.370296518	[1, 1, 1, 0, 1, 1, 1, 1, 1, 1, 1, 1]
	43856	35129	8506	1	M	24	A		-1	642.449401387	[1, 1, 1, 1, 1, 1, 1, 1, 1, 1, 1, 1]
	70013	35172	34663	1	M	69	A		-1	642.556688024	[1, 1, 1, 1, 1, 1, 1, 1, 1, 1, 1, 1]
	56358	35277	21008	1	M	70	A		-1	643.130028262	[1, 1, 1, 1, 1, 0, 1, 1, 1, 1, 1, 1]
	37391	35145	2041	1	M	90	A		-1	643.478896474	[1, 1, 1, 1, 1, 1, 1, 1, 1, 1, 1, 1]
	47862	35229	12512	1	M	49	A		-1	643.651918489	[1, 1, 1, 1, 1, 1, 1, 1, 1, 1, 1, 0]
	49160	35322	13810	1	M	27	A		-1	644.011209137	[1, 1, 1, 1, 1, 1, 1, 1, 1, 1, 1, 1]
	61904	35322	26554	1	M	87	A		-1	644.778904567	[1, 1, 1, 1, 1, 0, 1, 1, 1, 1, 1, 1]
	37848	35186	2498	1	M	48	A		-1	644.847851465	[1, 1, 1, 1, 1, 1, 1, 1, 1, 1, 1, 1]
	35259	0	0	-6	M	10	A		-1	645.021571703	[1.0, 1.0, 1.0, 1.0, 1.0, 1.0, 1.0, 1.0, 1.0, 1.0, 0.0, 1.0]
	57680	35071	22330	1	M	16	A		-1	645.041466301	[1, 1, 0, 0, 1, 1, 1, 1, 1, 1, 1, 1]
	54090	35133	18740	1	M	46	A		-1	645.394863984	[1, 1, 1, 1, 1, 1, 1, 1, 1, 1, 1, 1]
	48552	35256	13202	1	M	80	A		-1	645.424452135	[1, 1, 1, 1, 1, 1, 1, 1, 1, 1, 1, 0]
	62701	35299	27351	1	M	14	A		-1	645.427909709	[1, 0, 1, 1, 1, 1, 1, 1, 1, 1, 1, 1]
	37942	35257	2592	1	M	90	A		-1	645.465564786	[1, 1, 1, 1, 1, 1, 1, 1, 1, 1, 1, 1]
	50705	35292	15355	1	M	38	A		-1	646.207124166	[1, 1, 1, 1, 1, 1, 1, 1, 1, 1, 1, 1]
	54592	35317	19242	1	M	100	A		-1	646.498191459	[1, 1, 1, 1, 1, 1, 1, 1, 1, 1, 1, 1]
	46539	35325	11189	1	M	6	A		-1	646.686501415	[1, 1, 1, 1, 1, 1, 1, 1, 1, 1, 1, 1]
	52113	35004	16763	1	M	81	A		-1	646.846735021	[1, 1, 1, 0, 1, 1, 1, 1, 1, 1, 1, 1]
	68379	35301	33029	1	M	38	A		-1	646.867777479	[1, 1, 0, 1, 1, 1, 1, 1, 1, 1, 1, 1]
	49620	35338	14270	1	M	54	A		-1	646.99998327	[1, 1, 1, 1, 1, 1, 1, 1, 1, 1, 1, 1]
	65484	35155	30134	1	M	7	A		-1	647.19464094	[1, 1, 1, 0, 1, 1, 1, 1, 1, 1, 1, 0]
	69512	35196	34162	1	M	69	A		-1	648.038097172	[1, 1, 1, 1, 1, 1, 1, 1, 1, 1, 1, 1]
	49883	35249	14533	1	M	0	A		-1	648.801411923	[1, 1, 1, 1, 1, 1, 1, 1, 1, 1, 1, 1]
	42398	35046	7048	1	M	73	A		-1	648.909875035	[1, 1, 1, 1, 1, 1, 1, 0, 1, 1, 1, 0]
	41011	35117	5661	1	M	9	A		-1	648.941301727	[1, 1, 1, 1, 1, 1, 1, 1, 1, 1, 1, 1]
	61532	35272	26182	1	M	73	A		-1	649.412463281	[1, 1, 1, 1, 1, 1, 1, 1, 1, 1, 1, 1]
	49931	35108	14581	1	M	12	A		-1	649.504663054	[1, 1, 1, 0, 1, 1, 1, 1, 1, 1, 1, 0]
	50850	35085	15500	1	M	40	A		-1	649.628425634	[1, 1, 1, 1, 1, 1, 1, 1, 1, 1, 1, 1]
	59518	35090	24168	1	M	92	A		-1	649.749740643	[1, 1, 1, 1, 1, 1, 1, 1, 1, 1, 1, 1]
	65098	35314	29748	1	M	52	A		-1	649.849068592	[1, 1, 1, 1, 1, 1, 1, 1, 1, 1, 1, 1]
	35164	0	0	-6	M	71	A		-1	650.118779807	[1.0, 1.0, 1.0, 1.0, 1.0, 1.0, 1.0, 1.0, 1.0, 1.0, 1.0, 1.0]
	45419	35200	10069	1	M	2	A		-1	650.318609622	[1, 1, 1, 1, 1, 1, 1, 1, 1, 1, 1, 0]
	43633	35319	8283	1	M	69	A		-1	650.436490253	[1, 1, 1, 1, 1, 1, 1, 1, 1, 1, 1, 1]
	43490	35050	8140	1	M	47	A		-1	650.910029499	[1, 1, 1, 1, 1, 1, 1, 1, 1, 1, 1, 1]
	64577	35279	29227	1	M	89	A		-1	651.352461897	[1, 1, 1, 1, 1, 1, 1, 1, 1, 1, 1, 0]
	56030	35213	20680	1	M	13	A		-1	651.462081422	[1, 1, 1, 1, 1, 1, 1, 1, 1, 1, 1, 1]
	53057	35350	17707	1	M	49	A		-1	651.759315616	[1, 1, 1, 1, 1, 1, 1, 1, 1, 1, 1, 1]
	65025	35161	29675	1	M	41	A		-1	652.061863206	[1, 1, 1, 0, 1, 1, 1, 1, 1, 1, 1, 1]
	63351	35303	28001	1	M	39	A		-1	652.287196379	[1, 1, 1, 1, 1, 1, 1, 1, 1, 1, 1, 1]
	50008	35102	14658	1	M	5	A		-1	652.373120195	[1, 1, 1, 1, 1, 1, 1, 1, 1, 1, 1, 1]
	41975	35156	6625	1	M	69	A		-1	652.71353711	[1, 1, 1, 1, 1, 1, 1, 1, 1, 1, 1, 1]
	43121	35229	7771	1	M	34	A		-1	652.969270192	[1, 1, 1, 1, 1, 1, 1, 1, 1, 1, 1, 1]
	45517	35215	10167	1	M	90	A		-1	652.97509117	[1, 1, 1, 1, 1, 1, 1, 1, 1, 1, 1, 0]
	47520	35186	12170	1	M	40	A		-1	653.059794057	[1, 1, 1, 1, 1, 1, 1, 1, 1, 1, 1, 0]
	40414	35182	5064	1	M	60	A		-1	653.602237317	[1, 1, 1, 1, 1, 1, 1, 1, 1, 1, 1, 1]
	51227	35108	15877	1	M	91	A		-1	653.937014794	[1, 1, 1, 1, 1, 1, 1, 1, 1, 1, 1, 1]
	45430	35112	10080	1	M	5	A		-1	654.459817963	[1, 1, 1, 1, 1, 1, 1, 1, 1, 1, 1, 1]
	49784	35012	14434	1	M	4	A		-1	654.49040508	[0, 1, 1, 1, 1, 1, 1, 1, 1, 1, 1, 1]
	55888	35043	20538	1	M	48	A		-1	655.431278835	[1, 1, 1, 1, 1, 1, 1, 1, 1, 1, 1, 1]
	49766	35028	14416	1	M	61	A		-1	655.482402646	[1, 1, 1, 1, 1, 1, 1, 1, 1, 1, 1, 1]
	49804	35136	14454	1	M	37	A		-1	656.160673888	[1, 1, 1, 0, 1, 1, 1, 1, 1, 1, 1, 1]
	68170	35028	32820	1	M	81	A		-1	656.288657633	[1, 1, 1, 1, 1, 1, 1, 1, 1, 1, 1, 1]
	35827	35314	477	1	M	78	A		-1	656.289969994	[1, 1, 1, 1, 1, 1, 1, 1, 1, 1, 1, 1]
	58056	35070	22706	1	M	52	A		-1	656.361641524	[1, 1, 1, 1, 1, 1, 1, 1, 1, 1, 1, 1]
	41586	35144	6236	1	M	60	A		-1	657.025988739	[1, 1, 1, 1, 1, 1, 1, 1, 1, 1, 1, 1]
	61827	35057	26477	1	M	92	A		-1	657.811715732	[1, 1, 1, 1, 1, 1, 1, 1, 1, 1, 1, 1]
	52181	35123	16831	1	M	72	A		-1	658.565344157	[1, 1, 1, 1, 1, 1, 1, 1, 1, 1, 1, 1]
	52147	35320	16797	1	M	60	A		-1	658.938384347	[1, 1, 1, 1, 1, 1, 1, 1, 1, 1, 1, 1]
	67307	35057	31957	1	M	94	A		-1	659.569802429	[1, 1, 1, 1, 1, 1, 1, 1, 1, 1, 1, 0]
	69358	35090	34008	1	M	5	A		-1	659.629238353	[1, 1, 1, 1, 1, 1, 1, 1, 1, 1, 1, 1]
	47408	35283	12058	1	M	81	A		-1	660.066002282	[1, 1, 1, 1, 1, 1, 1, 1, 1, 1, 1, 1]
	35994	35249	644	1	M	72	A		-1	660.225160751	[1, 1, 1, 0, 1, 1, 1, 1, 1, 1, 1, 1]
	38440	35156	3090	1	M	85	A		-1	660.768653787	[1, 1, 1, 1, 1, 1, 1, 1, 1, 1, 1, 1]
	50288	35087	14938	1	M	70	A		-1	660.85638539	[1, 1, 1, 0, 1, 0, 1, 1, 1, 1, 1, 1]
	35098	0	0	-2	M	63	A		-1	661.145076824	[1.0, 1.0, 0.0, 1.0, 1.0, 1.0, 1.0, 0.0, 1.0, 1.0, 1.0, 0.0]
	60613	35129	25263	1	M	76	A		-1	663.136775073	[0, 1, 1, 1, 1, 0, 1, 1, 1, 1, 1, 1]
	39087	35235	3737	1	M	58	A		-1	663.401808018	[1, 1, 1, 1, 1, 1, 1, 1, 1, 1, 1, 1]
	47793	35150	12443	1	M	75	A		-1	663.559435317	[1, 1, 1, 1, 1, 0, 1, 1, 1, 1, 1, 0]
	57746	35247	22396	1	M	55	A		-1	663.716176972	[1, 1, 1, 1, 1, 1, 1, 1, 1, 1, 1, 1]
	61100	35119	25750	1	M	25	A		-1	664.19714654	[1, 1, 1, 1, 1, 1, 1, 1, 1, 1, 1, 1]
	47135	35090	11785	1	M	11	A		-1	664.929440872	[1, 1, 1, 1, 1, 0, 1, 1, 1, 1, 1, 1]
	49266	35086	13916	1	M	90	A		-1	665.1995652	[1, 1, 1, 1, 1, 1, 1, 1, 1, 1, 1, 1]
	69267	35092	33917	1	M	97	A		-1	665.634427422	[1, 1, 1, 1, 1, 1, 1, 1, 1, 1, 1, 0]
	59125	35088	23775	1	M	24	A		-1	665.658537512	[1, 1, 1, 1, 1, 1, 1, 1, 1, 1, 1, 1]
	35686	35098	336	1	M	78	A		-1	665.849388089	[1, 1, 1, 1, 1, 1, 1, 0, 1, 1, 1, 1]
	56831	35164	21481	1	M	10	A		-1	665.947601564	[1, 1, 1, 1, 1, 1, 1, 1, 1, 1, 1, 1]
	46708	35217	11358	1	M	37	A		-1	666.247610769	[0, 1, 1, 1, 1, 1, 1, 1, 1, 1, 1, 1]
	39976	35102	4626	1	M	59	A		-1	666.61020554	[1, 1, 1, 1, 1, 1, 1, 1, 1, 1, 1, 1]
	60175	35339	24825	1	M	4	A		-1	666.692603306	[1, 1, 1, 1, 1, 1, 1, 1, 1, 1, 1, 1]
	51173	35329	15823	1	M	6	A		-1	667.080482374	[1, 1, 1, 1, 1, 1, 1, 1, 1, 1, 1, 1]
	44360	35047	9010	1	M	55	A		-1	667.152699001	[1, 1, 1, 1, 1, 1, 1, 1, 1, 1, 1, 1]
	57705	35308	22355	1	M	65	A		-1	667.308657751	[1, 1, 1, 0, 1, 1, 1, 1, 1, 1, 1, 1]
	65203	35129	29853	1	M	90	A		-1	667.320293519	[0, 1, 1, 1, 1, 1, 1, 1, 1, 1, 1, 1]
	53441	35247	18091	1	M	6	A		-1	667.391044752	[1, 1, 1, 0, 1, 1, 1, 1, 1, 1, 1, 1]
	45504	35209	10154	1	M	80	A		-1	667.625609586	[1, 1, 1, 1, 1, 1, 0, 1, 1, 1, 1, 1]
	51650	35290	16300	1	M	6	A		-1	667.705051452	[1, 1, 1, 1, 1, 1, 1, 1, 1, 1, 1, 1]
	49348	35096	13998	1	M	45	A		-1	667.7801374	[1, 1, 1, 1, 1, 1, 1, 1, 1, 1, 1, 1]
	46370	35283	11020	1	M	24	A		-1	668.131114519	[1, 1, 1, 1, 1, 1, 1, 1, 1, 1, 1, 1]
	42757	35119	7407	1	M	1	A		-1	668.250709499	[1, 1, 1, 1, 1, 1, 1, 1, 1, 1, 1, 1]
	63126	35011	27776	1	M	88	A		-1	668.257532598	[1, 1, 1, 1, 1, 1, 1, 1, 1, 1, 1, 1]
	51742	35017	16392	1	M	68	A		-1	668.846773747	[1, 1, 1, 1, 1, 1, 1, 1, 1, 1, 1, 1]
	64028	35091	28678	1	M	27	A		-1	668.886645045	[1, 1, 1, 1, 1, 1, 1, 1, 1, 1, 1, 1]
	54171	35119	18821	1	M	70	A		-1	669.704414557	[1, 1, 1, 1, 1, 1, 1, 1, 1, 1, 1, 1]
	43326	35284	7976	1	M	50	A		-1	670.374992593	[1, 1, 0, 1, 1, 1, 1, 1, 1, 1, 1, 1]
	51686	35185	16336	1	M	24	A		-1	670.535838182	[1, 1, 1, 1, 1, 1, 1, 1, 1, 1, 1, 1]
	56636	35224	21286	1	M	13	A		-1	670.882960494	[1, 1, 1, 1, 1, 1, 1, 1, 1, 1, 1, 1]
	46823	35261	11473	1	M	93	A		-1	671.828936436	[1, 1, 1, 1, 1, 1, 1, 1, 1, 1, 1, 1]
	62466	35242	27116	1	M	11	A		-1	672.039266457	[1, 1, 1, 1, 1, 1, 1, 1, 1, 1, 1, 1]
	38603	35100	3253	1	M	87	A		-1	672.230745638	[1, 1, 1, 1, 1, 1, 1, 1, 1, 1, 1, 1]
	60165	35100	24815	1	M	12	A		-1	672.355767191	[1, 1, 1, 1, 1, 1, 1, 1, 1, 1, 1, 1]
	59848	35030	24498	1	M	25	A		-1	672.670978981	[1, 1, 1, 1, 1, 1, 1, 1, 1, 1, 1, 1]
	36594	35123	1244	1	M	58	A		-1	672.862348621	[1, 1, 1, 1, 1, 1, 1, 1, 1, 1, 1, 0]
	55621	35256	20271	1	M	48	A		-1	672.933196215	[1, 1, 1, 1, 1, 1, 1, 1, 1, 1, 1, 1]
	49019	35186	13669	1	M	56	A		-1	673.06146279	[1, 1, 1, 1, 1, 1, 1, 1, 1, 1, 1, 1]
	57869	35194	22519	1	M	75	A		-1	673.339561535	[1, 1, 1, 1, 1, 1, 1, 1, 1, 1, 1, 1]
	50807	35203	15457	1	M	64	A		-1	673.703908552	[1, 1, 1, 1, 1, 1, 1, 1, 1, 1, 1, 1]
	48626	35249	13276	1	M	17	A		-1	673.763933788	[1, 1, 1, 1, 1, 1, 1, 1, 1, 1, 1, 1]
	37187	35230	1837	1	M	97	A		-1	674.460545826	[1, 1, 1, 0, 1, 1, 1, 1, 1, 1, 1, 1]
	51977	35283	16627	1	M	92	A		-1	674.892092893	[1, 1, 1, 1, 1, 1, 1, 1, 1, 1, 1, 1]
	42018	35335	6668	1	M	87	A		-1	674.924060123	[1, 1, 1, 1, 1, 1, 1, 1, 1, 1, 1, 1]
	40809	35255	5459	1	M	46	A		-1	675.530300885	[1, 1, 1, 1, 1, 1, 1, 1, 1, 1, 1, 1]
	35270	0	0	-4	M	16	A		-1	677.282886627	[1.0, 1.0, 1.0, 1.0, 1.0, 1.0, 1.0, 1.0, 1.0, 1.0, 1.0, 1.0]
	39627	35112	4277	1	M	79	A		-1	677.337419476	[1, 1, 1, 1, 1, 1, 1, 1, 1, 1, 1, 1]
	46417	35215	11067	1	M	19	A		-1	677.669658621	[1, 1, 1, 1, 1, 1, 1, 1, 1, 1, 1, 1]
	59470	35229	24120	1	M	22	A		-1	678.109242746	[1, 1, 1, 1, 1, 1, 1, 1, 1, 1, 1, 1]
	48960	35091	13610	1	M	51	A		-1	678.190995878	[1, 1, 1, 1, 1, 1, 1, 1, 1, 1, 1, 1]
	50621	35028	15271	1	M	99	A		-1	678.287631252	[1, 1, 1, 1, 1, 1, 1, 1, 1, 1, 1, 1]
	57940	35271	22590	1	M	7	A		-1	679.589120088	[1, 0, 1, 1, 1, 1, 1, 1, 1, 1, 1, 0]
	52021	35192	16671	1	M	44	A		-1	679.953899813	[1, 0, 1, 1, 1, 1, 1, 1, 1, 1, 1, 1]
	40110	35255	4760	1	M	28	A		-1	680.038773075	[1, 1, 1, 1, 1, 1, 1, 1, 1, 1, 1, 1]
	70293	35264	34943	1	M	21	A		-1	680.082420715	[1, 1, 1, 1, 1, 1, 1, 1, 1, 1, 1, 1]
	46603	35174	11253	1	M	62	A		-1	680.301407392	[1, 1, 1, 1, 1, 1, 1, 1, 1, 1, 1, 1]
	46059	35308	10709	1	M	70	A		-1	680.529554053	[1, 1, 1, 1, 1, 0, 1, 1, 1, 1, 1, 1]
	40882	35083	5532	1	M	54	A		-1	681.326450444	[1, 1, 1, 1, 1, 1, 1, 1, 1, 1, 1, 1]
	65944	35184	30594	1	M	40	A		-1	681.662862551	[1, 1, 1, 1, 1, 1, 1, 1, 1, 1, 1, 1]
	46739	35249	11389	1	M	15	A		-1	682.04384202	[1, 1, 1, 1, 1, 1, 1, 1, 1, 1, 1, 1]
	54484	35159	19134	1	M	82	A		-1	682.865474081	[1, 1, 1, 1, 1, 1, 1, 1, 1, 1, 1, 1]
	46626	35239	11276	1	M	20	A		-1	683.062011883	[1, 1, 1, 1, 1, 1, 1, 0, 1, 1, 1, 1]
	66039	35338	30689	1	M	78	A		-1	683.316564928	[1, 1, 1, 1, 1, 1, 1, 1, 1, 1, 1, 1]
	36376	35091	1026	1	M	43	A		-1	683.855402651	[1, 1, 1, 1, 1, 1, 1, 1, 1, 1, 1, 1]
	49650	35066	14300	1	M	81	A		-1	684.08181474	[1, 1, 1, 1, 1, 1, 1, 1, 1, 1, 1, 1]
	53180	35269	17830	1	M	10	A		-1	684.65994225	[0, 0, 1, 1, 1, 1, 1, 1, 1, 1, 1, 1]
	44045	35331	8695	1	M	44	A		-1	684.864026476	[1, 1, 1, 1, 1, 1, 1, 1, 1, 1, 1, 1]
	38191	35238	2841	1	M	92	A		-1	684.972384401	[1, 1, 1, 0, 1, 1, 1, 1, 1, 1, 1, 1]
	35215	0	0	-4	M	72	A		-1	685.935031932	[1.0, 0.0, 1.0, 1.0, 1.0, 1.0, 1.0, 1.0, 1.0, 1.0, 1.0, 1.0]
	42246	35350	6896	1	M	79	A		-1	686.076434953	[1, 1, 1, 1, 1, 1, 1, 1, 1, 1, 1, 1]
	58566	35307	23216	1	M	29	A		-1	686.22179298	[1, 1, 1, 1, 1, 1, 1, 1, 1, 1, 1, 1]
	37268	35187	1918	1	M	64	A		-1	687.020549256	[1, 1, 1, 1, 1, 1, 1, 1, 1, 1, 1, 1]
	35119	0	0	-6	M	13	A		-1	687.137766937	[1.0, 1.0, 1.0, 1.0, 1.0, 1.0, 1.0, 1.0, 1.0, 1.0, 1.0, 1.0]
	70302	35308	34952	1	M	17	A		-1	687.546544462	[1, 1, 1, 1, 1, 1, 1, 1, 1, 1, 1, 1]
	61377	35106	26027	1	M	96	A		-1	688.249676591	[1, 1, 1, 1, 1, 1, 1, 1, 1, 1, 1, 1]
	35136	0	0	-9	M	98	A		-1	688.646121142	[1.0, 1.0, 1.0, 0.0, 1.0, 1.0, 1.0, 1.0, 1.0, 1.0, 1.0, 1.0]
	52918	35098	17568	1	M	22	A		-1	688.850271669	[1, 1, 1, 1, 1, 1, 1, 1, 1, 1, 1, 0]
	52869	35064	17519	1	M	77	A		-1	689.362644631	[1, 1, 1, 1, 1, 1, 1, 1, 1, 1, 1, 1]
	59875	35248	24525	1	M	64	A		-1	690.212223654	[1, 1, 1, 1, 1, 1, 1, 0, 1, 1, 1, 1]
	36836	35143	1486	1	M	4	A		-1	690.764717932	[1, 1, 1, 1, 1, 1, 1, 1, 1, 1, 1, 1]
	68808	35049	33458	1	M	40	A		-1	691.241294891	[1, 1, 0, 1, 1, 1, 1, 1, 1, 1, 1, 1]
	63180	35122	27830	1	M	75	A		-1	691.28130946	[1, 1, 1, 1, 1, 1, 1, 1, 1, 1, 1, 1]
	65358	35241	30008	1	M	19	A		-1	691.641341211	[1, 1, 1, 1, 1, 1, 1, 1, 1, 1, 1, 1]
	48036	35347	12686	1	M	48	A		-1	691.827497787	[1, 1, 1, 1, 1, 1, 1, 1, 1, 1, 1, 1]
	38486	35272	3136	1	M	51	A		-1	692.609365671	[1, 1, 1, 0, 1, 1, 1, 1, 1, 1, 1, 1]
	43769	35156	8419	1	M	23	A		-1	692.646243825	[1, 1, 1, 1, 1, 1, 1, 1, 1, 1, 1, 1]
	48522	35339	13172	1	M	5	A		-1	693.218176072	[1, 1, 1, 1, 1, 1, 1, 1, 1, 1, 1, 1]
	41361	35110	6011	1	M	94	A		-1	693.331475465	[1, 1, 1, 1, 1, 1, 1, 1, 1, 1, 1, 1]
	44405	35256	9055	1	M	60	A		-1	693.408759183	[0, 1, 1, 1, 1, 1, 1, 1, 1, 1, 1, 1]
	51819	35149	16469	1	M	97	A		-1	694.143913503	[0, 1, 1, 1, 1, 1, 1, 1, 1, 1, 1, 1]
	61745	35186	26395	1	M	89	A		-1	694.620342698	[1, 0, 1, 0, 1, 1, 1, 1, 1, 1, 1, 1]
	46525	35118	11175	1	M	12	A		-1	694.758180666	[1, 1, 1, 1, 1, 1, 1, 1, 1, 1, 1, 1]
	41977	35256	6627	1	M	59	A		-1	694.843253059	[1, 1, 1, 1, 1, 1, 1, 1, 1, 1, 1, 1]
	35229	0	0	-9	M	13	A		-1	694.929377412	[1.0, 1.0, 1.0, 1.0, 1.0, 1.0, 1.0, 1.0, 1.0, 1.0, 1.0, 1.0]
	61240	35266	25890	1	M	100	A		-1	694.96471238	[1, 1, 1, 1, 1, 1, 1, 1, 1, 1, 1, 1]
	67669	35221	32319	1	M	38	A		-1	695.245988503	[1, 1, 1, 1, 1, 1, 1, 1, 1, 1, 1, 1]
	47203	35308	11853	1	M	37	A		-1	695.53743957	[1, 1, 1, 1, 1, 1, 1, 1, 1, 1, 1, 1]
	35256	0	0	-9	M	49	A		-1	695.566910777	[1.0, 1.0, 0.0, 1.0, 1.0, 1.0, 1.0, 1.0, 1.0, 1.0, 1.0, 1.0]
	61891	35330	26541	1	M	30	A		-1	695.71805037	[1, 1, 1, 1, 1, 1, 1, 1, 1, 1, 1, 1]
	38386	35307	3036	1	M	87	A		-1	695.821986549	[1, 0, 1, 1, 1, 1, 1, 1, 1, 1, 1, 1]
	60409	35235	25059	1	M	90	A		-1	696.203428852	[1, 1, 1, 1, 1, 1, 1, 1, 1, 1, 1, 1]
	54553	35152	19203	1	M	20	A		-1	696.247066492	[1, 1, 1, 1, 1, 1, 1, 1, 1, 1, 1, 1]
	62043	35049	26693	1	M	48	A		-1	696.258382433	[1, 1, 1, 1, 1, 1, 1, 1, 1, 1, 1, 1]
	35435	35301	85	1	M	75	A		-1	696.273945201	[1, 1, 1, 1, 1, 1, 1, 1, 1, 1, 1, 1]
	38110	35259	2760	1	M	74	A		-1	696.303679647	[1, 1, 1, 1, 1, 1, 1, 1, 1, 1, 0, 1]
	70089	35185	34739	1	M	40	A		-1	696.391412901	[1, 1, 1, 1, 1, 1, 1, 1, 1, 1, 1, 1]
	47952	35123	12602	1	M	85	A		-1	697.528518991	[1, 1, 1, 1, 1, 1, 1, 0, 1, 1, 1, 1]
	50156	35194	14806	1	M	63	A		-1	697.68184692	[1, 1, 1, 1, 1, 1, 1, 1, 1, 1, 1, 1]
	49555	35347	14205	1	M	83	A		-1	698.013787962	[1, 1, 1, 1, 1, 1, 1, 1, 1, 1, 1, 1]
	43140	35122	7790	1	M	20	A		-1	698.201827064	[1, 1, 1, 1, 1, 1, 1, 1, 1, 1, 1, 1]
	56756	35217	21406	1	M	22	A		-1	699.010902578	[1, 1, 1, 1, 1, 1, 1, 1, 1, 1, 1, 1]
	52142	35155	16792	1	M	75	A		-1	699.293617638	[1, 1, 1, 1, 1, 1, 1, 1, 1, 1, 1, 0]
	38911	35331	3561	1	M	49	A		-1	699.723981754	[1, 1, 1, 1, 1, 1, 1, 1, 1, 1, 1, 1]
	57068	35283	21718	1	M	95	A		-1	699.759819427	[1, 1, 1, 1, 1, 1, 1, 1, 1, 1, 1, 1]
	40051	35293	4701	1	M	8	A		-1	699.985185227	[1, 1, 1, 1, 1, 1, 1, 1, 1, 1, 1, 1]
	64141	35232	28791	1	M	68	A		-1	700.409915728	[1, 1, 1, 1, 1, 1, 1, 1, 1, 1, 1, 1]
	55122	35175	19772	1	M	7	A		-1	700.459802385	[1, 1, 1, 1, 1, 1, 1, 1, 1, 1, 1, 1]
	48685	35316	13335	1	M	76	A		-1	700.817833966	[1, 1, 1, 1, 1, 1, 1, 1, 1, 1, 1, 1]
	42173	35256	6823	1	M	29	A		-1	701.454745223	[1, 1, 0, 1, 1, 1, 1, 1, 1, 1, 1, 1]
	60353	35309	25003	1	M	34	A		-1	701.826345902	[1, 1, 1, 1, 1, 1, 1, 1, 1, 1, 1, 1]
	57403	35073	22053	1	M	41	A		-1	702.155006525	[1, 1, 1, 1, 1, 1, 1, 1, 1, 1, 1, 1]
	58857	35033	23507	1	M	98	A		-1	702.224129823	[1, 1, 1, 1, 1, 1, 1, 1, 1, 1, 1, 1]
	53482	35256	18132	1	M	70	A		-1	703.104848386	[1, 1, 0, 1, 1, 1, 1, 1, 1, 1, 1, 1]
	41480	35235	6130	1	M	70	A		-1	703.870706303	[1, 1, 1, 1, 1, 1, 1, 1, 1, 1, 1, 1]
	68831	35004	33481	1	M	90	A		-1	704.027584397	[1, 1, 1, 0, 1, 1, 1, 1, 1, 1, 1, 1]
	38404	35050	3054	1	M	2	A		-1	704.919956258	[1, 1, 1, 1, 1, 1, 1, 1, 1, 1, 1, 1]
	53155	35286	17805	1	M	70	A		-1	704.93499144	[1, 1, 1, 1, 1, 1, 1, 1, 1, 1, 1, 1]
	65618	35215	30268	1	M	45	A		-1	705.47446552	[1, 0, 1, 1, 1, 1, 1, 1, 1, 1, 1, 1]
	69845	35098	34495	1	M	2	A		-1	705.982433978	[1, 1, 0, 1, 1, 1, 1, 0, 1, 1, 1, 0]
	63926	35134	28576	1	M	83	A		-1	706.110589622	[1, 1, 1, 1, 1, 1, 1, 1, 1, 1, 1, 1]
	35734	35172	384	1	M	20	A		-1	706.370682733	[1, 1, 1, 1, 1, 1, 1, 1, 1, 1, 1, 1]
	41012	35073	5662	1	M	86	A		-1	706.86813605	[1, 1, 1, 1, 1, 1, 1, 0, 1, 1, 1, 1]
	65966	35347	30616	1	M	62	A		-1	707.538291038	[1, 1, 1, 1, 1, 1, 1, 1, 1, 1, 1, 1]
	62112	35273	26762	1	M	95	A		-1	707.919172063	[1, 1, 1, 1, 1, 1, 1, 1, 1, 1, 1, 1]
	52308	35056	16958	1	M	33	A		-1	708.293487533	[0, 1, 1, 1, 1, 1, 1, 1, 1, 1, 1, 1]
	59634	35272	24284	1	M	47	A		-1	708.466486713	[0, 1, 1, 1, 1, 1, 1, 1, 1, 1, 1, 1]
	38995	35291	3645	1	M	62	A		-1	708.570550145	[1, 0, 1, 1, 1, 1, 1, 1, 1, 1, 1, 1]
	44879	35185	9529	1	M	31	A		-1	708.764237713	[1, 1, 1, 1, 1, 1, 1, 1, 1, 1, 1, 1]
	46238	35292	10888	1	M	67	A		-1	708.797391357	[1, 1, 1, 1, 1, 1, 1, 1, 1, 1, 1, 1]
	35051	0	0	-2	M	50	A		-1	708.914762828	[1.0, 1.0, 1.0, 1.0, 1.0, 1.0, 1.0, 1.0, 1.0, 1.0, 1.0, 0.0]
	38737	35133	3387	1	M	95	A		-1	708.91887899	[1, 1, 1, 1, 1, 1, 1, 1, 1, 1, 1, 1]
	61487	35056	26137	1	M	69	A		-1	708.990240454	[1, 1, 1, 1, 1, 1, 1, 1, 1, 1, 1, 1]
	44915	35014	9565	1	M	21	A		-1	709.526676498	[1, 1, 1, 1, 1, 1, 1, 1, 1, 1, 1, 1]
	44328	35279	8978	1	M	51	A		-1	709.83641413	[1, 1, 1, 1, 1, 1, 1, 1, 1, 1, 1, 1]
	44206	35308	8856	1	M	7	A		-1	710.054216242	[1, 1, 1, 1, 1, 0, 1, 1, 1, 1, 1, 1]
	52389	35199	17039	1	M	61	A		-1	710.442222485	[1, 1, 1, 1, 1, 1, 1, 1, 1, 1, 1, 0]
	52583	35152	17233	1	M	21	A		-1	710.707704449	[1, 1, 1, 1, 1, 1, 1, 1, 1, 1, 1, 1]
	41971	35106	6621	1	M	36	A		-1	712.157133615	[1, 1, 1, 1, 1, 1, 1, 1, 1, 1, 1, 1]
	46082	35287	10732	1	M	38	A		-1	712.475748836	[1, 1, 1, 1, 1, 1, 1, 1, 1, 1, 1, 0]
	63354	35136	28004	1	M	68	A		-1	712.568847008	[1, 1, 1, 0, 1, 1, 1, 1, 1, 1, 1, 1]
	63394	35109	28044	1	M	58	A		-1	712.823280407	[1, 1, 1, 1, 1, 1, 1, 1, 1, 1, 1, 1]
	60514	35259	25164	1	M	23	A		-1	712.836725742	[1, 1, 1, 1, 1, 1, 1, 1, 1, 1, 0, 1]
	53303	35275	17953	1	M	81	A		-1	713.319435323	[0, 0, 1, 1, 1, 1, 1, 1, 1, 1, 1, 1]
	50299	35290	14949	1	M	39	A		-1	713.549448767	[1, 1, 1, 1, 1, 1, 1, 1, 1, 1, 1, 1]
	51517	35339	16167	1	M	56	A		-1	713.727840423	[1, 0, 1, 1, 1, 1, 1, 1, 1, 1, 1, 1]
	46271	35073	10921	1	M	57	A		-1	713.732265125	[1, 1, 1, 1, 1, 1, 1, 1, 1, 1, 1, 1]
	38544	35165	3194	1	M	90	A		-1	714.862102086	[1, 1, 1, 1, 1, 1, 1, 1, 1, 1, 1, 1]
	62820	35059	27470	1	M	15	A		-1	715.788445528	[1, 1, 1, 1, 1, 1, 1, 1, 1, 1, 1, 1]
	56853	35181	21503	1	M	90	A		-1	716.260131475	[1, 1, 1, 1, 1, 1, 1, 1, 1, 1, 1, 1]
	46965	35254	11615	1	M	96	A		-1	716.473950734	[1, 1, 1, 1, 1, 1, 1, 1, 1, 1, 1, 0]
	61629	35284	26279	1	M	59	A		-1	716.600806805	[1, 1, 0, 1, 1, 1, 1, 1, 1, 1, 1, 1]
	39720	35336	4370	1	M	31	A		-1	716.782336986	[1, 1, 1, 1, 1, 1, 1, 1, 1, 1, 1, 1]
	53631	35040	18281	1	M	91	A		-1	717.38604637	[1, 1, 1, 1, 1, 1, 1, 1, 1, 1, 1, 1]
	42415	35260	7065	1	M	4	A		-1	717.428101149	[1, 1, 1, 0, 1, 1, 1, 1, 1, 1, 1, 0]
	67576	35287	32226	1	M	48	A		-1	717.598619683	[1, 1, 1, 1, 1, 1, 1, 1, 1, 1, 1, 1]
	41091	35212	5741	1	M	16	A		-1	717.712744688	[1, 1, 1, 1, 1, 1, 1, 1, 1, 1, 1, 1]
	58348	35198	22998	1	M	74	A		-1	718.929358352	[1, 1, 1, 1, 1, 1, 1, 1, 1, 1, 1, 1]
	69549	35297	34199	1	M	78	A		-1	718.987012055	[1, 1, 0, 1, 1, 1, 1, 1, 1, 1, 1, 1]
	37567	35040	2217	1	M	69	A		-1	719.084656267	[1, 1, 1, 0, 1, 1, 1, 1, 1, 1, 1, 1]
	49774	35281	14424	1	M	98	A		-1	719.17529072	[1, 1, 1, 1, 1, 1, 1, 1, 1, 1, 1, 1]
	36466	35201	1116	1	M	5	A		-1	719.837758236	[1, 1, 1, 1, 1, 1, 1, 1, 1, 1, 1, 1]
	36042	35214	692	1	M	99	A		-1	720.381903221	[1, 1, 1, 1, 1, 1, 1, 1, 1, 1, 1, 1]
	57478	35287	22128	1	M	96	A		-1	721.391503855	[1, 1, 1, 1, 1, 1, 1, 1, 1, 1, 1, 1]
	57686	35256	22336	1	M	27	A		-1	722.301991597	[1, 1, 1, 1, 1, 1, 1, 1, 1, 1, 1, 1]
	65657	35104	30307	1	M	43	A		-1	722.440111339	[1, 1, 1, 1, 1, 1, 1, 1, 1, 1, 1, 1]
	52279	35068	16929	1	M	99	A		-1	722.855651353	[1, 1, 0, 1, 1, 1, 1, 1, 1, 1, 1, 1]
	58860	35339	23510	1	M	43	A		-1	723.832588171	[1, 1, 1, 1, 1, 1, 1, 1, 1, 1, 1, 1]
	69231	35117	33881	1	M	75	A		-1	724.032014884	[1, 1, 1, 1, 1, 1, 1, 1, 1, 1, 1, 1]
	40975	35221	5625	1	M	94	A		-1	725.26405753	[1, 1, 1, 1, 1, 1, 1, 1, 1, 1, 1, 1]
	62032	35293	26682	1	M	30	A		-1	725.433621963	[1, 1, 1, 1, 1, 1, 1, 1, 1, 1, 1, 1]
	47085	35244	11735	1	M	59	A		-1	725.712949745	[1, 1, 1, 1, 1, 1, 1, 1, 1, 1, 1, 1]
	41048	35217	5698	1	M	45	A		-1	726.187861313	[1, 1, 1, 1, 1, 1, 1, 1, 1, 1, 1, 1]
	66148	35127	30798	1	M	20	A		-1	726.928947828	[1, 1, 1, 1, 1, 1, 1, 1, 1, 1, 1, 0]
	53556	35266	18206	1	M	43	A		-1	727.288931441	[1, 1, 1, 1, 1, 1, 1, 1, 1, 1, 1, 1]
	44839	35117	9489	1	M	6	A		-1	728.723656443	[1, 1, 1, 1, 1, 1, 1, 1, 1, 1, 1, 1]
	62280	35103	26930	1	M	63	A		-1	729.806232174	[1, 1, 1, 1, 1, 1, 1, 1, 1, 1, 1, 0]
	49062	35068	13712	1	M	2	A		-1	730.04045221	[0, 1, 1, 1, 1, 1, 1, 1, 1, 1, 1, 1]
	53379	35281	18029	1	M	98	A		-1	730.5458728	[1, 1, 1, 1, 1, 1, 1, 1, 1, 1, 1, 1]
	58651	35157	23301	1	M	29	A		-1	731.530745159	[0, 1, 1, 1, 1, 1, 1, 1, 1, 1, 1, 1]
	43088	35249	7738	1	M	59	A		-1	731.590753452	[1, 1, 1, 1, 1, 1, 1, 1, 1, 1, 1, 1]
	40305	35235	4955	1	M	78	A		-1	731.771030366	[1, 1, 1, 1, 1, 1, 1, 1, 1, 1, 1, 1]
	48039	35117	12689	1	M	31	A		-1	731.981246798	[1, 1, 1, 1, 1, 1, 1, 1, 1, 1, 1, 1]
	36297	35244	947	1	M	35	A		-1	732.030574583	[1, 1, 1, 1, 1, 1, 1, 1, 1, 1, 1, 1]
	61316	35205	25966	1	M	25	A		-1	732.442565123	[1, 1, 1, 1, 1, 1, 1, 1, 1, 1, 1, 1]
	49626	35301	14276	1	M	76	A		-1	732.547263289	[1, 1, 1, 1, 1, 1, 1, 1, 1, 1, 1, 1]
	35249	0	0	-5	M	66	A		-1	733.631047275	[1.0, 1.0, 1.0, 1.0, 1.0, 1.0, 1.0, 1.0, 1.0, 1.0, 1.0, 1.0]
	44763	35183	9413	1	M	89	A		-1	733.729064391	[1, 1, 1, 1, 1, 1, 1, 1, 1, 1, 1, 1]
	47866	35239	12516	1	M	7	A		-1	733.845864621	[1, 1, 1, 1, 1, 0, 1, 1, 1, 1, 1, 1]
	58343	35096	22993	1	M	6	A		-1	734.039285877	[1, 1, 1, 1, 1, 1, 1, 1, 1, 1, 1, 1]
	56099	35276	20749	1	M	21	A		-1	734.266977373	[1, 0, 1, 1, 1, 1, 1, 1, 1, 1, 1, 1]
	57480	35103	22130	1	M	37	A		-1	734.383026712	[1, 1, 1, 1, 1, 1, 1, 1, 1, 1, 1, 1]
	65224	35192	29874	1	M	88	A		-1	734.741829902	[1, 1, 1, 0, 1, 1, 1, 1, 1, 1, 1, 1]
	51294	35122	15944	1	M	73	A		-1	735.326850122	[1, 1, 1, 1, 1, 1, 1, 1, 1, 1, 1, 1]
	47748	35215	12398	1	M	16	A		-1	737.507954298	[1, 0, 1, 1, 1, 1, 1, 1, 1, 1, 1, 1]
	43657	35317	8307	1	M	96	A		-1	737.713489429	[1, 1, 1, 1, 1, 1, 1, 1, 1, 1, 1, 1]
	46177	35283	10827	1	M	30	A		-1	738.453373049	[1, 1, 1, 1, 1, 1, 1, 1, 1, 1, 1, 1]
	66516	35040	31166	1	M	24	A		-1	738.467801694	[1, 1, 1, 1, 1, 1, 1, 1, 1, 1, 1, 1]
	35977	35207	627	1	M	68	A		-1	740.373286367	[1, 1, 1, 0, 1, 1, 1, 1, 1, 1, 1, 1]
	38700	35217	3350	1	M	30	A		-1	740.655254739	[1, 1, 1, 1, 1, 1, 1, 1, 1, 1, 1, 1]
	54298	35088	18948	1	M	33	A		-1	740.945807197	[1, 1, 1, 1, 1, 1, 1, 1, 1, 1, 1, 1]
	50947	35194	15597	1	M	69	A		-1	741.105275853	[1, 1, 1, 1, 1, 1, 1, 1, 1, 1, 1, 1]
	45342	35098	9992	1	M	25	A		-1	741.143147264	[1, 1, 0, 1, 1, 1, 1, 0, 1, 1, 1, 1]
	35284	0	0	-7	M	80	A		-1	741.360012964	[1.0, 1.0, 0.0, 1.0, 1.0, 1.0, 1.0, 1.0, 1.0, 1.0, 1.0, 1.0]
	67192	35100	31842	1	M	25	A		-1	742.367454561	[1, 1, 1, 1, 1, 1, 1, 1, 1, 1, 1, 1]
	62662	35156	27312	1	M	78	A		-1	743.166998623	[1, 1, 1, 1, 1, 1, 1, 1, 1, 1, 1, 0]
	56129	35142	20779	1	M	55	A		-1	744.867614353	[1, 1, 1, 1, 1, 1, 1, 1, 1, 1, 1, 1]
	38461	35040	3111	1	M	53	A		-1	745.313705976	[1, 1, 1, 1, 1, 1, 1, 1, 1, 1, 1, 1]
	67005	35011	31655	1	M	98	A		-1	745.839560079	[1, 1, 1, 1, 1, 1, 1, 1, 1, 1, 0, 1]
	57077	35284	21727	1	M	66	A		-1	746.518562538	[1, 1, 0, 1, 1, 1, 1, 1, 1, 1, 1, 1]
	53332	35295	17982	1	M	25	A		-1	746.925182431	[1, 1, 1, 1, 1, 1, 1, 1, 1, 1, 1, 1]
	63731	35283	28381	1	M	28	A		-1	747.665482542	[1, 1, 1, 1, 1, 1, 1, 1, 1, 1, 1, 1]
	66695	35164	31345	1	M	61	A		-1	748.15157742	[0, 1, 1, 1, 1, 1, 1, 1, 1, 1, 1, 0]
	35420	35104	70	1	M	59	A		-1	749.294139735	[1, 1, 1, 1, 1, 1, 1, 1, 1, 1, 1, 0]
	65093	35134	29743	1	M	88	A		-1	750.518960587	[1, 1, 1, 1, 1, 1, 1, 1, 1, 1, 1, 1]
	63233	35058	27883	1	M	88	A		-1	750.745250656	[1, 1, 1, 1, 1, 1, 1, 1, 1, 1, 1, 1]
	35283	0	0	-9	M	21	A		-1	751.59537741	[1.0, 1.0, 1.0, 1.0, 1.0, 1.0, 1.0, 1.0, 1.0, 1.0, 1.0, 1.0]
	47903	35149	12553	1	M	4	A		-1	752.821741541	[1, 1, 0, 1, 1, 1, 1, 1, 1, 1, 1, 1]
	54467	35136	19117	1	M	29	A		-1	753.027398674	[1, 1, 1, 1, 1, 1, 1, 1, 1, 1, 1, 1]
	52751	35112	17401	1	M	92	A		-1	753.190367336	[1, 1, 1, 1, 1, 1, 1, 1, 1, 1, 1, 1]
	35640	35287	290	1	M	58	A		-1	753.241673479	[1, 1, 1, 1, 1, 1, 1, 1, 1, 1, 1, 1]
	37872	35254	2522	1	M	3	A		-1	754.34232629	[1, 1, 1, 1, 1, 1, 1, 1, 1, 1, 1, 0]
	48874	35235	13524	1	M	34	A		-1	755.603585091	[1, 1, 1, 1, 1, 1, 1, 1, 1, 1, 1, 1]
	52513	35117	17163	1	M	98	A		-1	755.64733114	[1, 1, 1, 1, 1, 1, 1, 1, 1, 1, 1, 1]
	39248	35290	3898	1	M	7	A		-1	758.10790617	[1, 1, 1, 1, 1, 1, 1, 1, 1, 1, 1, 1]
	45414	35147	10064	1	M	26	A		-1	758.615300122	[1, 1, 1, 1, 1, 1, 1, 1, 1, 1, 1, 1]
	67587	35025	32237	1	M	43	A		-1	761.309330293	[1, 1, 1, 0, 1, 1, 1, 1, 1, 1, 1, 1]
	68301	35283	32951	1	M	63	A		-1	761.772178669	[1, 1, 1, 1, 1, 1, 1, 1, 1, 1, 1, 1]
	39823	35330	4473	1	M	65	A		-1	762.70828645	[1, 1, 1, 1, 1, 1, 1, 1, 1, 1, 1, 1]
	57470	35308	22120	1	M	55	A		-1	765.71114096	[1, 1, 1, 1, 1, 1, 1, 1, 1, 1, 1, 1]
	36819	35098	1469	1	M	79	A		-1	765.860616492	[1, 1, 0, 1, 1, 1, 1, 1, 1, 1, 1, 1]
	44511	35122	9161	1	M	36	A		-1	766.53387313	[1, 1, 1, 1, 1, 1, 1, 1, 1, 1, 1, 1]
	68981	35350	33631	1	M	80	A		-1	767.202552389	[1, 1, 1, 1, 1, 1, 1, 1, 1, 1, 1, 1]
	62907	35301	27557	1	M	25	A		-1	768.324428258	[1, 1, 1, 1, 1, 1, 1, 1, 1, 1, 1, 1]
	69839	35311	34489	1	M	45	A		-1	768.441580643	[1, 1, 1, 1, 1, 1, 1, 1, 1, 1, 1, 1]
	38298	35030	2948	1	M	14	A		-1	768.981861619	[1, 1, 1, 1, 1, 1, 1, 1, 1, 1, 1, 1]
	58026	35248	22676	1	M	21	A		-1	769.523007846	[1, 1, 1, 1, 1, 1, 1, 1, 1, 1, 1, 1]
	66228	35255	30878	1	M	45	A		-1	771.878857733	[1, 1, 0, 1, 1, 1, 1, 1, 1, 1, 1, 1]
	51381	35284	16031	1	M	92	A		-1	773.324977463	[1, 1, 0, 1, 1, 1, 1, 1, 1, 1, 1, 1]
	44216	35338	8866	1	M	63	A		-1	777.587431556	[1, 1, 1, 0, 1, 1, 1, 1, 1, 1, 1, 1]
	54041	35018	18691	1	M	54	A		-1	779.708773311	[0, 1, 1, 0, 1, 1, 1, 1, 1, 1, 1, 0]
	57548	35248	22198	1	M	61	A		-1	780.02231824	[1, 1, 1, 1, 1, 1, 1, 1, 1, 1, 1, 1]
	55198	35074	19848	1	M	53	A		-1	782.543966158	[1, 1, 1, 1, 1, 1, 1, 1, 1, 1, 1, 1]
	41612	35106	6262	1	M	56	A		-1	783.395140755	[1, 1, 1, 1, 1, 1, 1, 1, 1, 1, 1, 1]
	46070	35083	10720	1	M	85	A		-1	786.913560584	[1, 1, 1, 1, 1, 1, 1, 1, 1, 1, 1, 1]
	47882	35105	12532	1	M	50	A		-1	787.776779733	[1, 1, 1, 1, 1, 1, 1, 1, 1, 1, 1, 1]
	36639	35207	1289	1	M	89	A		-1	789.530132661	[1, 1, 1, 0, 1, 1, 1, 1, 1, 1, 1, 1]
	60206	35135	24856	1	M	41	A		-1	790.967734487	[1, 1, 1, 1, 1, 0, 1, 1, 1, 1, 1, 1]
	37233	35123	1883	1	M	98	A		-1	793.004078072	[1, 1, 1, 1, 1, 1, 1, 1, 1, 1, 1, 1]
	53118	35259	17768	1	M	55	A		-1	793.986971426	[1, 1, 1, 1, 1, 1, 1, 1, 1, 1, 1, 1]
	48691	35234	13341	1	M	28	A		-1	794.061251807	[1, 1, 1, 1, 1, 1, 1, 1, 1, 1, 1, 1]
	40852	35192	5502	1	M	51	A		-1	794.6891147	[1, 0, 1, 0, 1, 1, 1, 1, 1, 1, 1, 1]
	68707	35086	33357	1	M	43	A		-1	795.206146725	[1, 1, 1, 1, 1, 1, 1, 1, 1, 1, 1, 1]
	36975	35133	1625	1	M	32	A		-1	796.626904665	[1, 1, 1, 1, 1, 1, 1, 1, 1, 1, 1, 1]
	38757	35164	3407	1	M	26	A		-1	796.920096378	[1, 1, 1, 1, 1, 1, 1, 1, 1, 1, 1, 1]
	39619	35281	4269	1	M	1	A		-1	799.757072719	[1, 1, 1, 1, 1, 1, 1, 1, 1, 1, 1, 1]
	46148	35117	10798	1	M	1	A		-1	801.114300419	[1, 0, 1, 1, 1, 1, 1, 1, 1, 1, 1, 1]
	57961	35276	22611	1	M	0	A		-1	801.358106961	[1, 0, 1, 1, 1, 1, 1, 1, 1, 1, 1, 0]
	61415	35230	26065	1	M	30	A		-1	806.140446431	[1, 1, 1, 0, 1, 1, 1, 1, 1, 1, 1, 1]
	35330	0	0	-7	M	28	A		-1	806.230114743	[1.0, 1.0, 1.0, 1.0, 1.0, 1.0, 1.0, 1.0, 1.0, 1.0, 1.0, 1.0]
	55479	35149	20129	1	M	60	A		-1	809.120276043	[1, 1, 1, 1, 1, 1, 1, 1, 1, 1, 1, 1]
	54353	35049	19003	1	M	20	A		-1	809.236306656	[0, 1, 1, 1, 1, 1, 1, 1, 1, 1, 1, 1]
	59650	35103	24300	1	M	68	A		-1	810.282380299	[1, 1, 1, 1, 1, 1, 1, 1, 1, 1, 1, 1]
	42558	35250	7208	1	M	10	A		-1	811.512692043	[1, 1, 1, 1, 1, 1, 1, 1, 1, 1, 1, 1]
	35117	0	0	-1	M	65	A		-1	811.990924056	[1.0, 1.0, 1.0, 1.0, 1.0, 1.0, 1.0, 1.0, 1.0, 1.0, 1.0, 1.0]
	38148	35004	2798	1	M	68	A		-1	812.412404937	[1, 1, 1, 1, 1, 1, 1, 1, 1, 1, 1, 1]
	57734	35262	22384	1	M	48	A		-1	813.070768646	[1, 1, 1, 1, 1, 0, 1, 1, 1, 1, 1, 1]
	35395	35249	45	1	M	96	A		-1	815.057262348	[1, 1, 1, 1, 1, 1, 1, 1, 1, 1, 0, 1]
	42102	35267	6752	1	M	36	A		-1	815.072831057	[1, 1, 1, 1, 1, 1, 1, 1, 1, 1, 1, 1]
	50045	35046	14695	1	M	47	A		-1	815.276829339	[1, 1, 1, 1, 1, 1, 1, 1, 1, 1, 1, 1]
	46344	35344	10994	1	M	64	A		-1	815.504960324	[1, 1, 1, 1, 1, 1, 1, 1, 1, 1, 1, 1]
	55951	35051	20601	1	M	56	A		-1	816.535252052	[1, 1, 1, 1, 1, 1, 1, 1, 1, 1, 1, 0]
	36363	35283	1013	1	M	19	A		-1	818.60150579	[1, 1, 1, 1, 1, 1, 1, 1, 1, 1, 1, 1]
	54638	35134	19288	1	M	29	A		-1	821.360337777	[1, 1, 1, 1, 1, 1, 1, 1, 1, 1, 1, 1]
	45891	35217	10541	1	M	2	A		-1	822.885722349	[1, 1, 1, 1, 1, 1, 1, 1, 1, 1, 1, 1]
	46326	35230	10976	1	M	23	A		-1	823.564345652	[1, 1, 1, 1, 1, 1, 1, 1, 1, 1, 1, 1]
	68221	35259	32871	1	M	18	A		-1	824.447835783	[1, 1, 1, 1, 1, 1, 1, 1, 1, 1, 0, 1]
	68952	35013	33602	1	M	68	A		-1	827.23476985	[1, 1, 1, 1, 1, 1, 1, 1, 1, 1, 1, 1]
	41146	35092	5796	1	M	45	A		-1	829.390270547	[1, 1, 1, 1, 1, 0, 1, 1, 1, 1, 1, 1]
	67997	35059	32647	1	M	82	A		-1	832.03359822	[1, 1, 1, 1, 1, 1, 1, 1, 1, 1, 1, 1]
	43581	35136	8231	1	M	24	A		-1	834.782222843	[1, 1, 1, 0, 1, 1, 1, 1, 1, 1, 1, 1]
	55617	35118	20267	1	M	17	A		-1	838.386176789	[1, 1, 1, 1, 1, 1, 1, 1, 1, 1, 1, 1]
	65999	35307	30649	1	M	58	A		-1	839.593035136	[1, 0, 1, 1, 1, 1, 1, 1, 1, 1, 1, 1]
	50755	35307	15405	1	M	95	A		-1	839.91710503	[1, 1, 1, 1, 1, 1, 1, 1, 1, 1, 1, 1]
	36982	35234	1632	1	M	98	A		-1	841.434713296	[1, 1, 1, 1, 1, 1, 1, 1, 1, 1, 1, 1]
	55452	35213	20102	1	M	64	A		-1	846.405684404	[1, 1, 1, 1, 1, 1, 1, 1, 1, 1, 1, 1]
	39753	35012	4403	1	M	24	A		-1	855.879009257	[1, 1, 1, 1, 1, 1, 1, 1, 1, 1, 1, 1]
	50544	35222	15194	1	M	79	A		-1	858.553408036	[1, 1, 1, 1, 1, 1, 1, 1, 1, 1, 1, 1]
	58289	35247	22939	1	M	55	A		-1	863.151605103	[1, 1, 1, 0, 1, 1, 1, 1, 1, 1, 1, 1]
	47530	35283	12180	1	M	93	A		-1	863.765198379	[1, 1, 1, 1, 1, 1, 1, 1, 1, 1, 1, 1]
	58596	35138	23246	1	M	99	A		-1	865.457768375	[1, 1, 1, 1, 1, 1, 1, 1, 1, 1, 1, 1]
	66355	35254	31005	1	M	70	A		-1	874.911595157	[1, 1, 1, 1, 1, 1, 1, 1, 1, 1, 1, 1]
	60868	35228	25518	1	M	75	A		-1	876.840910415	[1, 1, 1, 1, 1, 1, 1, 1, 1, 1, 1, 1]
	36672	35178	1322	1	M	43	A		-1	877.742929242	[1, 1, 1, 1, 1, 1, 1, 1, 1, 1, 1, 1]
	55310	35330	19960	1	M	26	A		-1	878.156362235	[1, 1, 1, 1, 1, 1, 1, 1, 1, 1, 1, 1]
	65221	35261	29871	1	M	32	A		-1	886.026783052	[1, 1, 1, 1, 1, 1, 1, 1, 1, 1, 1, 1]
	63485	35255	28135	1	M	83	A		-1	886.474608714	[1, 1, 1, 1, 1, 1, 1, 1, 1, 1, 1, 1]
	59657	35051	24307	1	M	89	A		-1	896.543688907	[1, 1, 1, 1, 1, 0, 0, 1, 1, 1, 1, 0]
	68285	35018	32935	1	M	76	A		-1	898.217769206	[1, 1, 1, 0, 1, 1, 1, 1, 1, 1, 1, 1]
	44427	35287	9077	1	M	26	A		-1	899.528223332	[1, 1, 1, 1, 1, 1, 1, 1, 1, 1, 1, 1]
	54507	35194	19157	1	M	89	A		-1	909.213616046	[1, 1, 0, 1, 1, 1, 1, 0, 1, 1, 1, 1]
	60471	35219	25121	1	M	42	A		-1	912.81160211	[1, 1, 1, 1, 1, 1, 1, 1, 1, 1, 1, 1]
	61711	35266	26361	1	M	42	A		-1	915.197263709	[1, 1, 1, 1, 1, 1, 1, 1, 1, 1, 1, 1]
	35374	35123	24	1	M	34	A		-1	918.970902989	[1, 1, 1, 1, 1, 1, 1, 1, 1, 1, 1, 1]
	35964	35088	614	1	M	45	A		-1	920.771111155	[1, 1, 1, 1, 1, 1, 1, 1, 1, 1, 1, 1]
	53500	35337	18150	1	M	9	A		-1	924.437542522	[1, 1, 1, 1, 1, 1, 1, 1, 1, 1, 1, 1]
	53767	35291	18417	1	M	20	A		-1	927.863369824	[1, 1, 1, 1, 1, 1, 1, 1, 1, 1, 1, 1]
	46473	35330	11123	1	M	30	A		-1	928.323856546	[1, 1, 1, 1, 1, 1, 1, 1, 1, 1, 1, 1]
	37227	35183	1877	1	M	42	A		-1	928.500300147	[1, 1, 0, 1, 1, 1, 1, 1, 1, 1, 1, 1]
	51429	35270	16079	1	M	91	A		-1	969.935248085	[1, 1, 1, 1, 1, 1, 1, 1, 1, 1, 1, 1]
	48821	35223	13471	1	M	49	A		-1	972.100456777	[1, 1, 1, 1, 1, 1, 1, 1, 1, 1, 1, 1]
	57008	35284	21658	1	M	93	A		-1	976.344181757	[1, 1, 0, 1, 1, 1, 1, 1, 1, 1, 1, 1]
	59092	35344	23742	1	M	22	A		-1	979.840386422	[1, 1, 1, 1, 1, 1, 1, 1, 1, 1, 1, 1]
	63066	35021	27716	1	M	31	A		-1	981.87452181	[1, 1, 1, 0, 1, 1, 1, 1, 1, 1, 1, 1]
	60739	35284	25389	1	M	81	A		-1	998.83894196	[1, 1, 0, 1, 1, 1, 1, 1, 1, 1, 1, 1]
	64737	35114	29387	1	M	8	A		-1	1004.41190695	[1, 1, 1, 0, 1, 1, 1, 1, 1, 1, 1, 1]
	36842	35045	1492	1	M	12	A		-1	1037.20485481	[1, 1, 1, 1, 1, 1, 1, 1, 1, 1, 1, 1]
	61124	35256	25774	1	M	39	A		-1	1057.02807708	[1, 1, 0, 1, 1, 1, 1, 1, 1, 1, 1, 1]
	42519	35216	7169	1	M	18	A		-1	1070.06230777	[1, 1, 1, 1, 1, 1, 1, 1, 1, 1, 1, 1]
	64276	35249	28926	1	M	76	A		-1	1136.71982997	[0, 1, 1, 1, 1, 1, 1, 1, 1, 1, 1, 1]
