animal	sire	dam	born	sex	herd	status	cause	died	TBV	recessives
	1282252	1125400	1192884	14	M	153	A		-1	3599.31932579	[1, 1, 1, 1, 1, 1, 1, 1, 1, 1, 1, 1]
	1263101	1125129	1115597	14	M	183	A		-1	3599.33594066	[1, 1, 1, 1, 1, 0, 1, 1, 1, 1, 1, 1]
	1253060	1125098	1155587	14	M	106	A		-1	3599.36025821	[1, 1, 1, 1, 1, 1, 1, 1, 1, 1, 1, 1]
	1238132	1125046	1185655	14	M	200	A		-1	3599.43103934	[1, 1, 1, 1, 1, 1, 1, 1, 1, 1, 1, 1]
	1239014	1125046	1133142	14	M	178	A		-1	3599.49324238	[1, 1, 1, 1, 1, 1, 1, 1, 1, 1, 1, 1]
	1256180	1125121	1028067	14	M	190	A		-1	3599.50069843	[1, 1, 1, 1, 1, 1, 1, 1, 1, 1, 1, 1]
	1210009	1123998	1144124	14	M	45	A		-1	3599.5702662	[1, 1, 1, 1, 1, 1, 1, 1, 1, 1, 1, 0]
	1206260	1123808	1109021	14	M	64	A		-1	3599.68873149	[1, 1, 1, 1, 1, 1, 1, 1, 1, 1, 1, 1]
	1253231	1125098	1072202	14	M	194	A		-1	3599.90537252	[1, 1, 1, 1, 1, 1, 1, 1, 1, 1, 1, 1]
	1281934	1125400	1103822	14	M	93	A		-1	3599.96518285	[1, 1, 1, 1, 1, 1, 1, 1, 1, 1, 1, 1]
	1288438	1125445	1120061	14	M	112	A		-1	3599.98389821	[1, 1, 1, 1, 1, 1, 1, 1, 1, 1, 1, 1]
	1273248	1125306	1126856	14	M	46	A		-1	3600.54885833	[1, 1, 1, 1, 1, 1, 1, 1, 1, 1, 1, 1]
	1269152	1125131	1175273	14	M	143	A		-1	3600.71278505	[1, 1, 1, 1, 1, 1, 1, 1, 1, 1, 1, 1]
	1236700	1125046	1120916	14	M	61	A		-1	3600.78031401	[1, 1, 1, 1, 1, 1, 1, 1, 1, 1, 1, 1]
	1201700	1125181	1132109	14	M	19	A		-1	3601.08823226	[1, 1, 1, 1, 1, 1, 1, 1, 1, 1, 1, 1]
	1220866	1124497	1145707	14	M	16	A		-1	3601.12519637	[1, 1, 1, 1, 1, 1, 1, 1, 1, 1, 1, 1]
	1289772	1125445	1192721	14	M	75	A		-1	3601.28499792	[1, 1, 1, 1, 1, 1, 1, 1, 1, 1, 1, 1]
	1240792	1125069	1181177	14	M	4	A		-1	3601.4992853	[1, 1, 1, 1, 1, 1, 1, 1, 1, 1, 1, 1]
	1293460	1125473	1032311	14	M	180	A		-1	3601.51374132	[1, 1, 1, 1, 1, 1, 1, 1, 1, 1, 1, 1]
	1196896	1194257	1020009	14	M	41	A		-1	3601.60105492	[1, 1, 1, 1, 1, 1, 1, 1, 1, 1, 1, 1]
	1252396	1125098	1107351	14	M	76	A		-1	3601.80633469	[1, 1, 1, 1, 1, 1, 1, 1, 1, 1, 1, 1]
	1223222	1124497	1109175	14	M	22	A		-1	3602.10992709	[1, 1, 1, 1, 1, 1, 1, 1, 1, 1, 1, 1]
	1240264	1125069	1103564	14	M	146	A		-1	3602.56922493	[1, 1, 1, 1, 1, 1, 1, 1, 1, 1, 1, 1]
	1285523	1125445	1150784	14	M	87	A		-1	3602.5777881	[1, 1, 1, 1, 1, 1, 1, 1, 1, 1, 1, 1]
	1217002	1124286	1117110	14	M	76	A		-1	3602.69560753	[1, 1, 1, 1, 1, 1, 1, 1, 1, 1, 1, 1]
	1215986	1124286	1042296	14	M	71	A		-1	3602.760791	[1, 1, 1, 1, 1, 1, 1, 1, 1, 1, 1, 1]
	1222318	1124497	1024253	14	M	10	A		-1	3603.2141864	[1, 1, 1, 1, 1, 1, 1, 1, 1, 1, 1, 1]
	1226274	1124678	1019426	14	M	143	A		-1	3603.31284519	[1, 1, 1, 1, 1, 1, 1, 1, 1, 1, 1, 1]
	1250751	1125098	1141424	14	M	41	A		-1	3603.99598493	[1, 1, 1, 1, 1, 1, 1, 1, 1, 1, 1, 1]
	1099872	1030908	1082029	13	M	49	A		-1	3604.04840599	[1, 1, 1, 1, 1, 1, 1, 1, 1, 1, 1, 1]
	1204613	1125181	1113143	14	M	31	A		-1	3604.05178565	[1, 1, 1, 1, 1, 1, 1, 1, 1, 1, 1, 1]
	1199934	1125181	1102672	14	M	53	A		-1	3604.06027533	[1, 1, 1, 1, 1, 1, 1, 1, 1, 1, 1, 1]
	1235044	1125046	1102097	14	M	172	A		-1	3604.29007597	[1, 1, 1, 1, 1, 1, 1, 1, 1, 1, 1, 1]
	1236794	1125046	1100729	14	M	137	A		-1	3604.49603954	[1, 1, 1, 1, 1, 1, 1, 1, 1, 1, 1, 0]
	1280581	1125400	1192436	14	M	81	A		-1	3605.42674527	[1, 1, 1, 1, 1, 1, 1, 1, 1, 1, 1, 1]
	1220798	1124497	1079241	14	M	70	A		-1	3605.57684148	[1, 1, 1, 1, 1, 1, 1, 1, 1, 1, 1, 1]
	1220950	1124497	1147471	14	M	1	A		-1	3605.65243318	[1, 1, 1, 1, 1, 1, 1, 1, 1, 1, 1, 1]
	1220208	1124497	1108638	14	M	13	A		-1	3605.9316244	[1, 1, 1, 1, 1, 1, 1, 1, 1, 1, 1, 1]
	1235554	1125046	1160844	14	M	88	A		-1	3606.29580086	[1, 1, 1, 1, 1, 1, 1, 1, 1, 1, 1, 1]
	1251361	1125098	1136030	14	M	43	A		-1	3606.72984787	[1, 1, 1, 1, 1, 1, 1, 1, 1, 1, 1, 1]
	1222577	1124497	1144456	14	M	176	A		-1	3607.04095605	[1, 1, 1, 1, 1, 1, 1, 1, 1, 1, 1, 1]
	1239112	1125046	1045903	14	M	64	A		-1	3607.56759377	[1, 1, 1, 1, 1, 1, 1, 1, 1, 1, 1, 1]
	1232200	1124949	1105981	14	M	48	A		-1	3607.68631961	[1, 1, 1, 1, 1, 1, 1, 1, 1, 1, 1, 1]
	1250295	1125098	1121119	14	M	22	A		-1	3608.28469509	[1, 1, 1, 1, 1, 1, 1, 1, 1, 1, 1, 1]
	1213943	1123998	1155852	14	M	42	A		-1	3608.41419725	[1, 1, 1, 1, 1, 1, 1, 1, 1, 1, 1, 0]
	1273452	1125306	1153442	14	M	18	A		-1	3609.08471221	[1, 1, 1, 1, 1, 1, 1, 1, 1, 1, 1, 1]
	1255499	1125121	1124267	14	M	170	A		-1	3609.20776987	[1, 1, 1, 1, 1, 1, 1, 1, 1, 1, 1, 1]
	1247932	1125078	1130217	14	M	85	A		-1	3609.52367225	[1, 1, 1, 1, 1, 1, 1, 1, 1, 1, 1, 1]
	1281331	1125400	1190350	14	M	195	A		-1	3609.85003517	[1, 1, 1, 1, 1, 1, 1, 1, 1, 1, 1, 1]
	1252357	1125098	990916	14	M	40	A		-1	3609.85022293	[1, 1, 1, 1, 1, 1, 1, 1, 1, 1, 1, 1]
	1251089	1125098	1183726	14	M	3	A		-1	3610.06038644	[1, 1, 1, 1, 1, 1, 1, 1, 1, 1, 1, 1]
	1269071	1125131	1126926	14	M	48	A		-1	3610.0876656	[1, 1, 1, 1, 1, 1, 1, 1, 1, 1, 1, 1]
	1223730	1124497	1036369	14	M	62	A		-1	3610.22460814	[1, 1, 1, 1, 1, 1, 1, 1, 1, 1, 1, 1]
	1282522	1125400	1125077	14	M	45	A		-1	3610.41955018	[1, 1, 1, 1, 1, 1, 1, 1, 1, 1, 1, 1]
	1264612	1125129	1175735	14	M	132	A		-1	3610.63568618	[1, 1, 1, 1, 1, 1, 1, 1, 1, 1, 1, 1]
	1250158	1125098	1181045	14	M	84	A		-1	3610.71500635	[1, 1, 1, 1, 1, 1, 1, 1, 1, 1, 1, 1]
	1248163	1125078	1161278	14	M	195	A		-1	3610.8118751	[1, 1, 1, 1, 1, 1, 1, 1, 1, 1, 1, 1]
	1253136	1125098	1179933	14	M	176	A		-1	3610.83119353	[1, 1, 1, 1, 1, 1, 1, 1, 1, 1, 1, 1]
	1252603	1125098	902321	14	M	117	A		-1	3611.49873113	[1, 1, 1, 1, 1, 1, 1, 1, 1, 1, 1, 1]
	1268101	1125131	1192101	14	M	191	A		-1	3611.74386349	[1, 1, 1, 1, 1, 1, 1, 1, 1, 1, 1, 1]
	1269418	1125131	1112888	14	M	193	A		-1	3612.08646889	[1, 1, 1, 1, 1, 1, 1, 1, 1, 1, 1, 1]
	1286290	1125445	1014942	14	M	23	A		-1	3612.52602915	[1, 1, 1, 1, 1, 1, 1, 1, 1, 1, 1, 1]
	1226689	1124678	1048170	14	M	69	A		-1	3612.58654108	[1, 1, 1, 1, 1, 1, 1, 1, 1, 1, 1, 1]
	1267898	1125131	1172324	14	M	143	A		-1	3612.98187099	[1, 1, 1, 1, 1, 1, 1, 1, 1, 1, 1, 1]
	1219918	1124497	1067623	14	M	88	A		-1	3613.12084451	[1, 1, 1, 1, 1, 1, 1, 1, 1, 1, 1, 1]
	1226090	1124678	1161201	14	M	185	A		-1	3613.14622205	[1, 1, 1, 1, 1, 1, 1, 1, 1, 1, 1, 1]
	1203197	1125181	943822	14	M	14	A		-1	3613.92489208	[1, 1, 1, 1, 1, 1, 1, 1, 1, 1, 1, 1]
	1276663	1126353	1156552	14	M	52	A		-1	3614.03916516	[1, 1, 1, 1, 1, 1, 1, 1, 1, 1, 1, 1]
	1290392	1125473	1132206	14	M	25	A		-1	3614.85148094	[1, 1, 1, 1, 1, 1, 1, 1, 1, 1, 1, 1]
	1233519	1124949	1000760	14	M	89	A		-1	3615.14447467	[1, 1, 0, 1, 1, 1, 1, 1, 1, 1, 1, 1]
	1244259	1125069	1130161	14	M	68	A		-1	3615.3227715	[1, 1, 1, 1, 1, 1, 1, 1, 1, 1, 1, 1]
	1199866	1125181	1143572	14	M	68	A		-1	3615.63675425	[1, 1, 1, 1, 1, 1, 1, 1, 1, 1, 1, 1]
	1251895	1125098	1033486	14	M	65	A		-1	3615.67658358	[1, 1, 1, 1, 1, 1, 1, 1, 1, 1, 1, 1]
	1247070	1125078	996379	14	M	66	A		-1	3615.86323552	[1, 1, 0, 1, 1, 1, 1, 1, 1, 1, 1, 1]
	1282821	1125400	1157194	14	M	39	A		-1	3616.03386062	[1, 1, 1, 1, 1, 1, 1, 1, 1, 1, 1, 1]
	1269185	1125131	1129715	14	M	63	A		-1	3616.25062331	[1, 1, 1, 1, 1, 1, 1, 1, 1, 1, 1, 1]
	1257080	1125121	1173928	14	M	144	A		-1	3616.26009339	[1, 1, 1, 0, 1, 1, 1, 1, 1, 1, 1, 1]
	1288566	1125445	1114772	14	M	134	A		-1	3616.39576828	[1, 1, 1, 1, 1, 0, 1, 1, 1, 1, 1, 1]
	1261993	1125129	1146846	14	M	4	A		-1	3616.51394753	[1, 1, 0, 1, 1, 1, 1, 1, 1, 1, 1, 1]
	1275989	1126353	1157373	14	M	122	A		-1	3616.64148957	[1, 1, 1, 1, 1, 1, 1, 1, 1, 1, 1, 1]
	1242255	1125069	1171833	14	M	155	A		-1	3618.25801301	[1, 1, 1, 1, 1, 1, 1, 1, 1, 1, 1, 1]
	1229604	1124678	1037295	14	M	27	A		-1	3618.5286685	[1, 1, 1, 1, 1, 1, 1, 1, 1, 1, 1, 1]
	1250786	1125098	1095924	14	M	63	A		-1	3618.65097032	[1, 1, 1, 1, 1, 1, 1, 1, 1, 1, 1, 1]
	1254266	1125098	1060590	14	M	61	A		-1	3618.69501967	[1, 1, 1, 1, 1, 1, 1, 1, 1, 1, 1, 1]
	1258030	1125121	1128045	14	M	170	A		-1	3618.87865122	[1, 1, 1, 1, 1, 1, 1, 1, 1, 1, 1, 1]
	1244535	1125069	1115211	14	M	96	A		-1	3619.77145423	[1, 1, 1, 1, 1, 1, 1, 1, 1, 1, 1, 1]
	1288497	1125445	1178655	14	M	84	A		-1	3620.13507793	[1, 1, 1, 1, 1, 1, 1, 1, 1, 1, 1, 1]
	1285962	1125445	1022749	14	M	53	A		-1	3620.51707092	[1, 1, 1, 1, 1, 1, 1, 1, 1, 1, 1, 1]
	1195521	1194257	795084	14	M	0	A		-1	3621.45799322	[1, 1, 1, 1, 1, 1, 1, 1, 1, 1, 1, 1]
	1244780	1125069	1051547	14	M	39	A		-1	3621.46016731	[1, 1, 1, 1, 1, 1, 1, 1, 1, 1, 1, 1]
	1251593	1125098	1159657	14	M	34	A		-1	3621.69250282	[1, 1, 1, 1, 1, 1, 1, 1, 1, 1, 1, 1]
	1276692	1126353	1180451	14	M	35	A		-1	3621.96611154	[1, 1, 1, 1, 1, 1, 1, 1, 1, 1, 1, 0]
	1238539	1125046	1076273	14	M	1	A		-1	3622.34190731	[1, 1, 1, 1, 1, 1, 1, 1, 1, 1, 1, 1]
	1198384	1194257	1128642	14	M	93	A		-1	3622.52350652	[1, 1, 1, 1, 1, 1, 1, 1, 1, 1, 1, 1]
	1221428	1124497	962045	14	M	154	A		-1	3623.24490963	[1, 1, 1, 1, 1, 1, 1, 1, 1, 1, 1, 1]
	1244674	1125069	1102305	14	M	130	A		-1	3623.26195435	[1, 1, 1, 1, 1, 1, 1, 1, 1, 1, 1, 1]
	1265694	1125131	1147262	14	M	189	A		-1	3623.38434584	[1, 1, 1, 1, 1, 1, 1, 1, 1, 1, 1, 1]
	1235156	1125046	816049	14	M	41	A		-1	3623.46388285	[1, 1, 1, 1, 1, 1, 1, 1, 1, 1, 1, 1]
	1251260	1125098	1098397	14	M	46	A		-1	3623.63742443	[1, 1, 1, 1, 1, 1, 1, 1, 1, 1, 1, 1]
	1274391	1125306	1176685	14	M	32	A		-1	3623.77538862	[1, 1, 1, 1, 1, 1, 1, 1, 1, 1, 1, 1]
	1220169	1124497	1065237	14	M	82	A		-1	3623.90630684	[1, 1, 1, 1, 1, 1, 1, 1, 1, 1, 1, 1]
	1251731	1125098	1056336	14	M	187	A		-1	3624.34658998	[1, 1, 1, 1, 1, 1, 1, 1, 1, 1, 1, 1]
	1158414	1030681	1033738	13	M	32	A		-1	3624.43081351	[1, 1, 1, 1, 1, 1, 1, 1, 1, 1, 1, 1]
	1221052	1124497	1186981	14	M	113	A		-1	3624.53747312	[1, 1, 1, 1, 1, 1, 1, 1, 1, 1, 1, 1]
	1252390	1125098	1110591	14	M	83	A		-1	3624.65542185	[1, 1, 1, 1, 1, 1, 1, 1, 1, 1, 1, 1]
	1235077	1125046	1048710	14	M	113	A		-1	3624.80992632	[1, 1, 1, 1, 1, 1, 1, 1, 1, 1, 1, 1]
	1275581	1126353	1145849	14	M	140	A		-1	3625.02844717	[1, 1, 1, 1, 1, 1, 1, 1, 1, 1, 1, 1]
	1244608	1125069	1158768	14	M	87	A		-1	3625.26341223	[1, 1, 1, 1, 1, 1, 1, 1, 1, 1, 1, 1]
	1232303	1124949	1056849	14	M	181	A		-1	3625.35488959	[1, 1, 1, 1, 1, 1, 1, 1, 1, 1, 1, 1]
	1260657	1125129	1116719	14	M	8	A		-1	3625.87286579	[1, 1, 1, 1, 1, 1, 1, 1, 1, 1, 1, 1]
	1255592	1125121	1175342	14	M	19	A		-1	3625.87877928	[1, 1, 1, 1, 1, 1, 1, 1, 1, 1, 1, 1]
	1252093	1125098	1030332	14	M	112	A		-1	3625.94991611	[1, 1, 1, 1, 1, 1, 1, 1, 1, 1, 1, 1]
	1260496	1125129	1164039	14	M	44	A		-1	3626.53023782	[1, 1, 1, 1, 1, 1, 1, 1, 1, 1, 1, 1]
	1206344	1123808	1151037	14	M	170	A		-1	3626.85785036	[1, 1, 1, 1, 1, 1, 1, 1, 1, 1, 1, 1]
	1215531	1124286	1118774	14	M	73	A		-1	3626.93425018	[1, 1, 1, 1, 1, 1, 1, 1, 1, 1, 1, 1]
	1253485	1125098	1149070	14	M	23	A		-1	3627.25461458	[1, 1, 1, 1, 1, 1, 1, 1, 1, 1, 1, 1]
	1115501	1029107	1053389	13	M	63	A		-1	3627.46142187	[1, 1, 1, 1, 1, 1, 1, 1, 1, 1, 1, 1]
	1209008	1123808	1182020	14	M	142	A		-1	3627.51296781	[1, 1, 1, 1, 1, 1, 1, 1, 1, 1, 1, 1]
	1266051	1125131	1150376	14	M	42	A		-1	3627.60459292	[1, 1, 1, 1, 1, 1, 1, 1, 1, 1, 1, 1]
	1269400	1125131	1179623	14	M	85	A		-1	3627.79106529	[1, 1, 1, 1, 1, 1, 1, 1, 1, 1, 1, 1]
	1241011	1125069	1017431	14	M	173	A		-1	3627.82881071	[1, 1, 1, 1, 1, 1, 1, 1, 1, 1, 1, 1]
	1252260	1125098	1016035	14	M	26	A		-1	3628.24551502	[1, 1, 1, 1, 1, 1, 1, 1, 1, 1, 1, 1]
	1236730	1125046	1171624	14	M	172	A		-1	3628.26290974	[1, 1, 1, 1, 1, 1, 1, 1, 1, 1, 1, 1]
	1252365	1125098	1150989	14	M	172	A		-1	3628.29645622	[1, 1, 1, 1, 1, 1, 1, 1, 1, 1, 1, 1]
	1220976	1124497	1182523	14	M	23	A		-1	3629.02609788	[1, 1, 1, 1, 1, 1, 1, 1, 1, 1, 1, 1]
	1251241	1125098	903886	14	M	142	A		-1	3629.2084296	[1, 1, 1, 1, 1, 1, 1, 1, 1, 1, 1, 1]
	1252948	1125098	1112331	14	M	22	A		-1	3629.62064126	[1, 1, 1, 1, 1, 1, 1, 1, 1, 1, 1, 1]
	1292685	1125473	1102297	14	M	175	A		-1	3630.00734771	[1, 1, 1, 1, 1, 1, 1, 1, 1, 1, 1, 1]
	1250687	1125098	1117187	14	M	81	A		-1	3630.38307384	[1, 1, 1, 1, 1, 1, 1, 1, 1, 1, 1, 1]
	1290520	1125473	1126622	14	M	45	A		-1	3630.39567533	[1, 1, 1, 1, 1, 1, 1, 1, 1, 1, 1, 1]
	1213363	1123998	1023920	14	M	188	A		-1	3630.59706563	[1, 1, 1, 1, 1, 1, 1, 1, 1, 1, 1, 1]
	1242518	1125069	1176549	14	M	101	A		-1	3630.95879165	[1, 1, 1, 1, 1, 1, 1, 1, 1, 1, 1, 1]
	1220584	1124497	1170201	14	M	63	A		-1	3631.42641624	[1, 1, 1, 1, 1, 1, 1, 1, 1, 1, 1, 1]
	1219166	1124286	1184125	14	M	88	A		-1	3631.57172474	[1, 1, 1, 1, 1, 1, 1, 1, 1, 1, 1, 1]
	1242864	1125069	1180695	14	M	44	A		-1	3631.67330274	[1, 1, 1, 1, 1, 1, 1, 1, 1, 1, 1, 1]
	1262109	1125129	1083979	14	M	131	A		-1	3631.79435178	[1, 1, 1, 1, 1, 1, 1, 1, 1, 1, 1, 1]
	1253036	1125098	1120586	14	M	69	A		-1	3632.17092916	[1, 1, 1, 1, 1, 1, 1, 1, 1, 1, 1, 1]
	1228108	1124678	1148657	14	M	89	A		-1	3632.48257756	[1, 1, 1, 1, 1, 1, 1, 1, 1, 1, 1, 1]
	1041854	926239	802343	12	M	152	A		-1	3632.51444737	[1, 1, 0, 1, 1, 1, 1, 1, 1, 1, 1, 1]
	1263999	1125129	1122036	14	M	148	A		-1	3632.56416678	[1, 1, 1, 1, 1, 1, 1, 1, 1, 1, 1, 1]
	1251723	1125098	1011391	14	M	113	A		-1	3632.69281681	[1, 1, 1, 1, 1, 1, 1, 1, 1, 1, 1, 1]
	1221608	1124497	1109469	14	M	138	A		-1	3632.98933221	[1, 1, 1, 1, 1, 1, 1, 1, 1, 1, 1, 1]
	1286014	1125445	1142165	14	M	27	A		-1	3633.54494769	[1, 1, 1, 1, 1, 1, 1, 1, 1, 1, 1, 1]
	1234955	1125046	1109010	14	M	33	A		-1	3634.19776926	[1, 1, 1, 1, 1, 1, 1, 1, 1, 1, 1, 1]
	1213412	1123998	1145483	14	M	190	A		-1	3634.38720861	[1, 1, 1, 1, 1, 1, 1, 1, 1, 1, 1, 0]
	1221345	1124497	1158805	14	M	95	A		-1	3634.50222726	[1, 1, 1, 1, 1, 1, 1, 1, 1, 1, 1, 1]
	1247018	1125078	1141656	14	M	177	A		-1	3634.52792927	[1, 1, 1, 1, 1, 1, 1, 1, 1, 1, 1, 1]
	1240923	1125069	1193177	14	M	82	A		-1	3634.68038973	[1, 1, 1, 1, 1, 1, 1, 1, 1, 1, 1, 1]
	1224658	1124497	1139401	14	M	152	A		-1	3634.68161535	[1, 1, 1, 1, 1, 0, 1, 1, 1, 1, 1, 1]
	1252620	1125098	1040862	14	M	50	A		-1	3635.67180101	[1, 1, 1, 1, 1, 1, 1, 1, 1, 1, 1, 1]
	1252283	1125098	1107439	14	M	39	A		-1	3636.39101184	[1, 1, 1, 1, 1, 1, 1, 1, 1, 1, 1, 1]
	1208510	1123808	1108078	14	M	131	A		-1	3636.47150365	[1, 1, 1, 1, 1, 1, 1, 1, 1, 1, 1, 0]
	1221828	1124497	1129397	14	M	111	A		-1	3636.5546115	[1, 1, 1, 1, 1, 1, 1, 1, 1, 1, 1, 1]
	1285831	1125445	1116886	14	M	142	A		-1	3636.61972524	[1, 1, 1, 1, 1, 1, 1, 1, 1, 1, 1, 1]
	1256798	1125121	1105377	14	M	110	A		-1	3636.86375005	[1, 1, 1, 1, 1, 1, 1, 1, 1, 1, 1, 1]
	1273181	1125306	1081760	14	M	3	A		-1	3637.00372545	[1, 1, 1, 1, 1, 1, 1, 1, 1, 1, 1, 1]
	1251952	1125098	903335	14	M	61	A		-1	3637.65145143	[1, 1, 1, 1, 1, 1, 1, 1, 1, 1, 1, 1]
	1158943	1030681	1053421	13	M	132	A		-1	3638.01653234	[1, 1, 1, 1, 1, 1, 1, 1, 1, 1, 1, 1]
	1265366	1125131	1186277	14	M	13	A		-1	3638.0212087	[1, 1, 1, 1, 1, 1, 1, 1, 1, 1, 1, 1]
	1224140	1124497	1180952	14	M	107	A		-1	3638.09228625	[1, 1, 1, 1, 1, 1, 1, 1, 1, 1, 1, 1]
	1255668	1125121	1123559	14	M	42	A		-1	3638.17318375	[1, 1, 1, 1, 1, 1, 1, 1, 1, 1, 1, 1]
	1284008	1125400	1169589	14	M	142	A		-1	3638.81429222	[1, 1, 1, 1, 1, 1, 1, 1, 1, 1, 1, 1]
	1286639	1125445	1131210	14	M	141	A		-1	3638.89546187	[1, 1, 1, 1, 1, 1, 1, 1, 1, 1, 1, 1]
	1222295	1124497	1146590	14	M	193	A		-1	3639.52016705	[1, 1, 1, 1, 1, 1, 1, 1, 1, 1, 1, 1]
	1219969	1124497	1182982	14	M	47	A		-1	3639.52360145	[1, 1, 1, 1, 1, 1, 1, 1, 1, 1, 1, 1]
	1254336	1125098	1134500	14	M	109	A		-1	3639.99251019	[1, 1, 1, 1, 1, 1, 1, 1, 1, 1, 1, 1]
	1210922	1123998	1129027	14	M	162	A		-1	3640.07391014	[1, 1, 1, 1, 1, 1, 1, 1, 1, 1, 1, 1]
	1197207	1194257	1194355	14	M	78	A		-1	3640.08155921	[1, 1, 1, 1, 1, 1, 1, 1, 1, 1, 1, 1]
	1270521	1125306	1169609	14	M	53	A		-1	3640.56304341	[1, 1, 1, 1, 1, 1, 1, 1, 1, 1, 1, 1]
	1286182	1125445	1118799	14	M	3	A		-1	3640.89794051	[1, 1, 1, 1, 1, 1, 1, 1, 1, 1, 1, 1]
	1256027	1125121	1193276	14	M	79	A		-1	3641.0241742	[1, 1, 1, 1, 1, 1, 1, 1, 1, 1, 1, 1]
	1238939	1125046	1183670	14	M	161	A		-1	3641.51832578	[1, 1, 1, 1, 1, 1, 1, 1, 1, 1, 1, 1]
	1251547	1125098	1045964	14	M	55	A		-1	3641.65737156	[1, 1, 1, 1, 1, 1, 1, 1, 1, 1, 1, 1]
	1203027	1125181	1123359	14	M	120	A		-1	3641.83897872	[1, 1, 1, 1, 1, 1, 1, 1, 1, 1, 1, 1]
	1240378	1125069	1112030	14	M	39	A		-1	3642.05894956	[1, 1, 1, 1, 1, 1, 1, 1, 1, 1, 1, 1]
	1205107	1123808	1141052	14	M	58	A		-1	3642.17744329	[1, 1, 1, 1, 1, 1, 1, 1, 1, 1, 1, 1]
	1211595	1123998	1127442	14	M	184	A		-1	3642.48006112	[1, 1, 1, 1, 1, 1, 1, 1, 1, 1, 1, 0]
	1251912	1125098	1110353	14	M	29	A		-1	3642.6326738	[1, 1, 1, 1, 1, 1, 1, 1, 1, 1, 1, 1]
	1251155	1125098	1102889	14	M	159	A		-1	3642.95303071	[1, 1, 1, 1, 1, 1, 1, 1, 1, 1, 1, 1]
	1274620	1125306	1146914	14	M	72	A		-1	3643.06431453	[1, 1, 1, 1, 1, 1, 1, 1, 1, 1, 1, 1]
	1234782	1125046	1145277	14	M	93	A		-1	3643.57270512	[1, 1, 1, 1, 1, 1, 1, 1, 1, 1, 1, 1]
	1209874	1123998	998500	14	M	164	A		-1	3643.89351718	[1, 1, 0, 1, 1, 1, 1, 1, 1, 1, 1, 1]
	1212697	1123998	1147527	14	M	193	A		-1	3644.16024949	[1, 1, 1, 1, 1, 1, 1, 1, 1, 1, 1, 0]
	1240133	1125069	1027350	14	M	72	A		-1	3644.16602251	[1, 1, 1, 1, 1, 1, 1, 1, 1, 1, 1, 1]
	1255206	1125121	1107819	14	M	10	A		-1	3644.71717377	[1, 1, 1, 1, 1, 1, 1, 1, 1, 1, 1, 1]
	1204546	1125181	1132330	14	M	92	A		-1	3645.05715329	[1, 1, 1, 1, 1, 1, 1, 1, 1, 1, 1, 1]
	1283933	1125400	1168888	14	M	52	A		-1	3645.06699126	[1, 1, 1, 1, 1, 1, 1, 1, 1, 1, 1, 1]
	1291458	1125473	1010245	14	M	173	A		-1	3645.35684805	[1, 1, 1, 1, 1, 1, 1, 1, 1, 1, 1, 1]
	1280734	1125400	1166875	14	M	162	A		-1	3645.51079343	[1, 1, 1, 1, 1, 1, 1, 1, 1, 1, 1, 1]
	1251288	1125098	1017132	14	M	90	A		-1	3646.53363105	[1, 1, 1, 1, 1, 1, 1, 1, 1, 1, 1, 1]
	1250613	1125098	1035910	14	M	99	A		-1	3646.92256482	[1, 1, 1, 1, 1, 1, 1, 1, 1, 1, 1, 1]
	1254440	1125098	1192911	14	M	29	A		-1	3647.92820844	[1, 1, 1, 1, 1, 1, 1, 1, 1, 1, 1, 1]
	1235819	1125046	1178414	14	M	93	A		-1	3648.35866238	[1, 1, 1, 1, 1, 1, 1, 1, 1, 1, 1, 1]
	1238767	1125046	1156164	14	M	40	A		-1	3648.76784683	[1, 1, 1, 1, 1, 1, 1, 1, 1, 1, 1, 1]
	1216786	1124286	1030119	14	M	182	A		-1	3648.82210695	[1, 1, 1, 1, 1, 1, 1, 1, 1, 1, 1, 1]
	1284722	1125400	1120065	14	M	198	A		-1	3649.05170739	[1, 1, 1, 1, 1, 1, 1, 1, 1, 1, 1, 1]
	1270896	1125306	1178871	14	M	16	A		-1	3649.30063393	[1, 1, 1, 1, 1, 1, 1, 1, 1, 1, 1, 1]
	1220299	1124497	1117380	14	M	102	A		-1	3649.34362181	[1, 1, 1, 1, 1, 1, 1, 1, 1, 1, 1, 1]
	1266469	1125131	1119204	14	M	141	A		-1	3649.91833399	[1, 1, 1, 1, 1, 1, 1, 1, 1, 1, 1, 1]
	1253279	1125098	1052175	14	M	43	A		-1	3650.77244015	[1, 1, 1, 1, 1, 1, 1, 1, 1, 1, 1, 1]
	1257838	1125121	1060215	14	M	76	A		-1	3651.35327183	[1, 1, 1, 1, 1, 1, 1, 1, 1, 1, 1, 1]
	1270738	1125306	1001342	14	M	64	A		-1	3651.56668285	[1, 1, 1, 1, 1, 1, 1, 1, 1, 1, 1, 1]
	1283666	1125400	1083214	14	M	166	A		-1	3651.59470888	[1, 1, 1, 1, 1, 1, 1, 1, 1, 1, 1, 1]
	1281139	1125400	1112480	14	M	50	A		-1	3652.46244685	[1, 1, 1, 1, 1, 1, 1, 1, 1, 1, 1, 1]
	1231140	1124949	1085862	14	M	141	A		-1	3652.96370355	[1, 1, 1, 1, 1, 1, 1, 1, 1, 1, 1, 1]
	1280202	1125400	1171923	14	M	125	A		-1	3653.23972803	[1, 1, 1, 1, 1, 1, 1, 1, 1, 1, 1, 1]
	1218670	1124286	1159265	14	M	93	A		-1	3653.29854482	[1, 1, 1, 1, 1, 1, 1, 1, 1, 1, 1, 1]
	1202318	1125181	1176444	14	M	67	A		-1	3653.35076371	[1, 1, 1, 1, 1, 1, 1, 1, 1, 1, 1, 1]
	1219502	1124286	1127292	14	M	36	A		-1	3653.69644126	[1, 1, 1, 1, 1, 1, 1, 1, 1, 1, 1, 1]
	1261110	1125129	1153860	14	M	80	A		-1	3653.75711372	[1, 1, 1, 1, 1, 1, 1, 1, 1, 1, 1, 1]
	1262181	1125129	1124073	14	M	56	A		-1	3653.78916542	[1, 1, 1, 1, 1, 1, 1, 1, 1, 1, 1, 1]
	1251233	1125098	1061570	14	M	7	A		-1	3653.8563607	[1, 1, 1, 1, 1, 1, 1, 1, 1, 1, 1, 1]
	1255455	1125121	1103056	14	M	142	A		-1	3653.90765766	[1, 1, 1, 1, 1, 1, 1, 1, 1, 1, 1, 1]
	1262145	1125129	1129084	14	M	24	A		-1	3654.00930396	[1, 1, 1, 1, 1, 1, 1, 1, 1, 1, 1, 1]
	1222924	1124497	1153587	14	M	21	A		-1	3654.09549114	[1, 1, 1, 1, 1, 1, 1, 1, 1, 1, 1, 1]
	1279365	1126353	1099017	14	M	167	A		-1	3654.26223405	[1, 1, 1, 1, 1, 1, 1, 1, 1, 1, 1, 1]
	1261963	1125129	1097447	14	M	54	A		-1	3654.33624204	[1, 1, 1, 1, 1, 1, 1, 1, 1, 1, 1, 1]
	1251079	1125098	1091996	14	M	133	A		-1	3654.41428309	[1, 1, 0, 1, 1, 1, 1, 1, 1, 1, 1, 1]
	1294426	1125473	937216	14	M	109	A		-1	3654.68366411	[1, 1, 1, 1, 1, 1, 1, 1, 1, 1, 1, 1]
	1253934	1125098	1116385	14	M	145	A		-1	3654.91857341	[1, 1, 1, 1, 1, 1, 1, 1, 1, 1, 1, 1]
	1256235	1125121	1139384	14	M	34	A		-1	3655.68241608	[1, 1, 1, 1, 1, 1, 1, 1, 1, 1, 1, 1]
	1222437	1124497	1095411	14	M	122	A		-1	3656.47015649	[1, 1, 1, 1, 1, 1, 1, 1, 1, 1, 1, 1]
	1261550	1125129	1105286	14	M	92	A		-1	3657.18367296	[1, 1, 1, 1, 1, 1, 1, 1, 1, 1, 1, 1]
	1224276	1124497	909817	14	M	46	A		-1	3657.20250286	[1, 1, 1, 1, 1, 1, 1, 1, 1, 1, 1, 1]
	1226400	1124678	1106103	14	M	110	A		-1	3657.21517715	[1, 1, 1, 1, 1, 1, 1, 1, 1, 1, 1, 1]
	1255699	1125121	1158714	14	M	146	A		-1	3657.75593173	[1, 1, 1, 1, 1, 1, 1, 1, 1, 1, 1, 1]
	1194951	1194257	1114909	14	M	43	A		-1	3658.11346083	[1, 1, 1, 1, 1, 1, 1, 1, 1, 1, 1, 1]
	1200718	1125181	999746	14	M	18	A		-1	3658.21435254	[1, 1, 1, 1, 1, 1, 1, 1, 1, 1, 1, 1]
	1294166	1125473	1194330	14	M	170	A		-1	3659.26325905	[1, 1, 1, 1, 1, 1, 1, 1, 1, 1, 1, 1]
	1203793	1125181	1039108	14	M	118	A		-1	3659.44525801	[1, 1, 1, 1, 1, 1, 1, 1, 1, 1, 1, 0]
	1206128	1123808	1156145	14	M	43	A		-1	3660.11121814	[1, 1, 1, 1, 1, 1, 1, 1, 1, 1, 1, 1]
	1275050	1126353	1158926	14	M	55	A		-1	3660.20948656	[1, 1, 1, 1, 1, 1, 1, 1, 1, 1, 1, 1]
	1280871	1125400	1095204	14	M	142	A		-1	3660.88900554	[1, 1, 1, 1, 1, 1, 1, 1, 1, 1, 1, 1]
	1250323	1125098	1112311	14	M	167	A		-1	3661.25189326	[1, 1, 1, 1, 1, 1, 1, 1, 1, 1, 1, 1]
	1259710	1125121	1112036	14	M	2	A		-1	3662.20955177	[1, 1, 1, 1, 1, 1, 1, 1, 1, 1, 1, 1]
	1242249	1125069	1095907	14	M	85	A		-1	3662.34017748	[1, 1, 1, 1, 1, 1, 1, 1, 1, 1, 1, 1]
	1224964	1124678	1142902	14	M	5	A		-1	3662.54931043	[1, 1, 1, 1, 1, 1, 1, 1, 1, 1, 1, 1]
	1286717	1125445	1049184	14	M	35	A		-1	3663.32358015	[1, 1, 1, 1, 1, 1, 1, 1, 1, 1, 1, 1]
	1273261	1125306	1117442	14	M	119	A		-1	3663.5099753	[1, 1, 1, 1, 1, 1, 1, 1, 1, 1, 1, 1]
	1249836	1125098	1162751	14	M	184	A		-1	3663.54599772	[1, 1, 1, 1, 1, 1, 1, 1, 1, 1, 1, 1]
	1288455	1125445	928355	14	M	31	A		-1	3663.91087658	[1, 1, 1, 1, 1, 1, 1, 1, 1, 1, 1, 1]
	1220152	1124497	1153262	14	M	67	A		-1	3664.04985098	[1, 1, 1, 1, 1, 1, 1, 1, 1, 1, 1, 1]
	1256483	1125121	1127166	14	M	71	A		-1	3664.22142876	[1, 1, 1, 1, 1, 1, 1, 1, 1, 1, 1, 1]
	1274172	1125306	1182541	14	M	79	A		-1	3664.31554766	[1, 1, 1, 1, 1, 1, 1, 1, 1, 1, 1, 1]
	1207442	1123808	1122864	14	M	34	A		-1	3664.63250035	[1, 1, 1, 1, 1, 1, 1, 1, 1, 1, 1, 1]
	1261460	1125129	1129692	14	M	126	A		-1	3664.80109967	[1, 1, 1, 1, 1, 1, 1, 1, 1, 1, 1, 1]
	1159313	1030681	955394	13	M	197	A		-1	3664.80847106	[1, 1, 1, 1, 1, 1, 1, 1, 1, 1, 1, 1]
	1246274	1125078	1180096	14	M	195	A		-1	3665.28478905	[1, 1, 1, 1, 1, 1, 1, 1, 1, 1, 1, 1]
	1212182	1123998	1099840	14	M	72	A		-1	3666.07994491	[1, 1, 1, 1, 1, 1, 1, 1, 1, 1, 1, 0]
	1293779	1125473	1123446	14	M	161	A		-1	3666.13553321	[1, 1, 1, 1, 1, 1, 1, 1, 1, 1, 1, 1]
	1197335	1194257	1108593	14	M	177	A		-1	3666.35633016	[1, 1, 1, 1, 1, 1, 1, 1, 1, 1, 1, 1]
	1251856	1125098	1147518	14	M	6	A		-1	3666.94178338	[1, 1, 1, 1, 1, 1, 1, 1, 1, 1, 1, 1]
	1042072	926239	918117	12	M	41	A		-1	3667.3563525	[1, 1, 1, 1, 1, 1, 1, 1, 1, 1, 1, 1]
	1254032	1125098	1182661	14	M	186	A		-1	3668.59610038	[1, 1, 1, 1, 1, 1, 1, 1, 1, 1, 1, 1]
	1290649	1125473	1031599	14	M	5	A		-1	3668.75991593	[1, 1, 1, 1, 1, 1, 1, 1, 1, 1, 1, 1]
	1250231	1125098	1180748	14	M	76	A		-1	3669.36670316	[1, 1, 1, 1, 1, 1, 1, 1, 1, 1, 1, 1]
	1246985	1125078	1064293	14	M	97	A		-1	3669.764968	[1, 1, 1, 1, 1, 1, 1, 1, 1, 1, 1, 1]
	1245220	1125078	1100244	14	M	104	A		-1	3670.26728026	[1, 1, 1, 1, 1, 1, 1, 1, 1, 1, 1, 1]
	1252163	1125098	1027044	14	M	193	A		-1	3670.53506143	[1, 1, 1, 1, 1, 1, 1, 1, 1, 1, 1, 1]
	1281195	1125400	1133150	14	M	172	A		-1	3670.53563651	[1, 1, 1, 1, 1, 1, 1, 1, 1, 1, 1, 1]
	1249850	1125098	1125062	14	M	164	A		-1	3670.61600601	[1, 1, 1, 1, 1, 1, 1, 1, 1, 1, 1, 1]
	1224379	1124497	1115331	14	M	81	A		-1	3670.87352243	[1, 1, 1, 1, 1, 1, 1, 1, 1, 1, 1, 1]
	1198920	1194257	1082922	14	M	81	A		-1	3671.04342438	[1, 1, 1, 1, 1, 1, 1, 1, 1, 1, 1, 1]
	1283752	1125400	1067671	14	M	63	A		-1	3671.10845038	[1, 1, 1, 1, 1, 1, 1, 1, 1, 1, 1, 1]
	1289578	1125445	1024858	14	M	37	A		-1	3671.24677729	[1, 1, 1, 1, 1, 1, 1, 1, 1, 1, 1, 1]
	1256264	1125121	1169309	14	M	109	A		-1	3671.62051893	[1, 1, 1, 1, 1, 1, 1, 1, 1, 1, 1, 1]
	1280899	1125400	1032428	14	M	64	A		-1	3671.72122674	[1, 1, 1, 1, 1, 1, 1, 1, 1, 1, 1, 1]
	1220808	1124497	1125668	14	M	116	A		-1	3672.29477146	[1, 1, 1, 1, 1, 1, 1, 1, 1, 1, 1, 1]
	1251414	1125098	1172724	14	M	196	A		-1	3672.54870482	[1, 1, 1, 1, 1, 1, 1, 1, 1, 1, 1, 1]
	1207924	1123808	1097383	14	M	164	A		-1	3674.09330216	[1, 1, 1, 1, 1, 1, 1, 1, 1, 1, 1, 1]
	1274627	1125306	918334	14	M	40	A		-1	3674.13657326	[1, 1, 1, 1, 1, 1, 1, 1, 1, 1, 1, 1]
	1259678	1125121	1123587	14	M	73	A		-1	3674.17880329	[1, 1, 1, 1, 1, 1, 1, 1, 1, 1, 1, 1]
	1273590	1125306	1193334	14	M	178	A		-1	3674.30221939	[1, 1, 1, 1, 1, 1, 1, 1, 1, 1, 1, 1]
	1218731	1124286	1168004	14	M	67	A		-1	3675.05413946	[1, 1, 1, 1, 1, 1, 1, 1, 1, 1, 1, 1]
	1238976	1125046	1127285	14	M	134	A		-1	3675.57275672	[1, 1, 1, 1, 1, 1, 1, 1, 1, 1, 1, 1]
	1225663	1124678	1033280	14	M	126	A		-1	3675.59818599	[1, 1, 1, 1, 1, 1, 1, 1, 1, 1, 1, 1]
	1268854	1125131	1141588	14	M	115	A		-1	3675.78265472	[1, 1, 1, 1, 1, 1, 1, 1, 1, 1, 1, 1]
	1257113	1125121	1149566	14	M	163	A		-1	3675.83903348	[1, 1, 1, 1, 1, 1, 1, 1, 1, 1, 1, 1]
	1222063	1124497	1141575	14	M	33	A		-1	3676.02131391	[1, 1, 1, 1, 1, 1, 1, 1, 1, 1, 1, 0]
	1289319	1125445	1169006	14	M	140	A		-1	3676.20598652	[1, 1, 1, 1, 1, 1, 1, 1, 1, 1, 1, 1]
	1223917	1124497	813883	14	M	175	A		-1	3676.57883142	[1, 1, 1, 1, 1, 1, 1, 1, 1, 1, 1, 1]
	1238684	1125046	1151662	14	M	103	A		-1	3676.74100353	[1, 1, 1, 1, 1, 1, 1, 1, 1, 1, 1, 1]
	1282230	1125400	1173114	14	M	66	A		-1	3676.94383424	[1, 1, 1, 0, 1, 1, 1, 1, 1, 1, 1, 1]
	1245978	1125078	1044004	14	M	157	A		-1	3677.79424557	[1, 1, 1, 1, 1, 1, 1, 1, 1, 1, 1, 1]
	1252725	1125098	1083830	14	M	62	A		-1	3678.08340721	[1, 1, 1, 1, 1, 1, 1, 1, 1, 1, 1, 0]
	1224017	1124497	1103844	14	M	43	A		-1	3678.37744363	[1, 1, 1, 1, 1, 1, 1, 1, 1, 1, 1, 1]
	1219976	1124497	1190247	14	M	171	A		-1	3678.54375722	[1, 1, 1, 1, 1, 1, 1, 1, 1, 1, 1, 0]
	1205900	1123808	1188506	14	M	138	A		-1	3679.05125322	[1, 1, 1, 1, 1, 1, 1, 1, 1, 1, 1, 1]
	1253763	1125098	803993	14	M	49	A		-1	3679.06341994	[1, 1, 1, 1, 1, 1, 1, 1, 1, 1, 1, 0]
	1224615	1124497	1156817	14	M	154	A		-1	3679.10598594	[1, 1, 1, 1, 1, 1, 1, 1, 1, 1, 1, 1]
	1286805	1125445	954287	14	M	2	A		-1	3679.40320044	[1, 1, 1, 1, 1, 1, 1, 1, 1, 1, 1, 1]
	1229466	1124678	1105374	14	M	34	A		-1	3680.02461917	[1, 1, 1, 1, 1, 1, 1, 1, 1, 1, 1, 1]
	1243841	1125069	1113655	14	M	158	A		-1	3680.17308535	[1, 1, 1, 1, 1, 1, 1, 1, 1, 1, 1, 1]
	1281902	1125400	1161040	14	M	77	A		-1	3680.26829488	[1, 1, 0, 1, 1, 1, 1, 1, 1, 1, 1, 1]
	1285905	1125445	1164826	14	M	107	A		-1	3680.75908058	[1, 1, 1, 1, 1, 1, 1, 1, 1, 1, 1, 1]
	1265861	1125131	1118752	14	M	115	A		-1	3681.28516119	[1, 1, 1, 1, 1, 1, 1, 1, 1, 1, 1, 1]
	1271407	1125306	1163932	14	M	147	A		-1	3683.61115945	[1, 1, 1, 1, 1, 1, 1, 1, 1, 1, 1, 1]
	1263040	1125129	1111105	14	M	50	A		-1	3684.99659564	[1, 1, 1, 1, 1, 1, 1, 1, 1, 1, 1, 1]
	1265114	1125131	970235	14	M	194	A		-1	3685.24630073	[1, 1, 1, 1, 1, 1, 1, 1, 1, 1, 1, 1]
	1264902	1125131	1182359	14	M	195	A		-1	3685.69812006	[1, 1, 1, 1, 1, 1, 1, 1, 1, 1, 1, 1]
	1229168	1124678	1142520	14	M	126	A		-1	3685.95315903	[1, 1, 1, 1, 1, 1, 1, 1, 1, 1, 1, 1]
	1289119	1125445	1163986	14	M	62	A		-1	3686.22672426	[1, 1, 1, 1, 1, 1, 1, 1, 1, 1, 1, 1]
	1250968	1125098	1192309	14	M	182	A		-1	3686.43193979	[1, 1, 1, 1, 1, 1, 1, 1, 1, 1, 1, 1]
	1254758	1125098	1059472	14	M	1	A		-1	3686.68916914	[1, 1, 1, 1, 1, 1, 1, 1, 1, 1, 1, 1]
	1238734	1125046	1188425	14	M	131	A		-1	3687.10117512	[0, 1, 1, 1, 1, 1, 1, 1, 1, 1, 1, 1]
	1258584	1125121	1187362	14	M	60	A		-1	3687.86450427	[1, 1, 1, 1, 1, 1, 1, 1, 1, 1, 1, 1]
	1238851	1125046	903379	14	M	186	A		-1	3688.47658748	[1, 1, 1, 1, 1, 1, 1, 1, 1, 1, 1, 1]
	1207909	1123808	1072289	14	M	83	A		-1	3689.47466789	[1, 1, 1, 1, 1, 1, 1, 1, 1, 1, 1, 1]
	1221458	1124497	1028898	14	M	0	A		-1	3690.3064078	[1, 1, 1, 1, 1, 1, 1, 1, 1, 1, 1, 1]
	1222263	1124497	1172909	14	M	39	A		-1	3690.36999769	[1, 1, 1, 1, 1, 1, 1, 1, 1, 1, 1, 0]
	1254450	1125098	1124791	14	M	92	A		-1	3690.60386297	[1, 1, 1, 1, 1, 1, 1, 1, 1, 1, 1, 1]
	1253361	1125098	897473	14	M	45	A		-1	3691.30670058	[1, 1, 1, 1, 1, 1, 1, 1, 1, 1, 1, 1]
	1238017	1125046	1124402	14	M	148	A		-1	3691.45624324	[1, 1, 1, 1, 1, 1, 1, 1, 1, 1, 1, 1]
	1286394	1125445	1153197	14	M	56	A		-1	3691.65546179	[1, 1, 1, 1, 1, 1, 1, 1, 1, 1, 1, 1]
	1234941	1125046	1025877	14	M	15	A		-1	3691.79353102	[1, 1, 1, 1, 1, 1, 1, 1, 1, 1, 1, 1]
	1209086	1123808	1177794	14	M	174	A		-1	3691.93169283	[1, 1, 1, 1, 1, 1, 1, 1, 1, 1, 1, 1]
	1221229	1124497	1125068	14	M	72	A		-1	3692.07557397	[1, 1, 1, 1, 1, 1, 1, 1, 1, 1, 1, 1]
	1253516	1125098	1148849	14	M	59	A		-1	3694.20192528	[1, 1, 1, 1, 1, 1, 1, 1, 1, 1, 1, 1]
	1260958	1125129	1127428	14	M	101	A		-1	3695.06129382	[1, 1, 0, 1, 1, 1, 1, 1, 1, 1, 1, 1]
	1224587	1124497	1194545	14	M	75	A		-1	3695.2306518	[1, 1, 1, 1, 1, 1, 1, 1, 1, 1, 1, 1]
	1287962	1125445	1170771	14	M	147	A		-1	3695.43248577	[1, 1, 1, 1, 1, 1, 1, 1, 1, 1, 1, 1]
	1202439	1125181	1190707	14	M	109	A		-1	3695.51753148	[1, 0, 1, 1, 1, 1, 1, 0, 1, 1, 1, 1]
	1220526	1124497	1110949	14	M	153	A		-1	3695.67123422	[1, 1, 1, 1, 1, 1, 1, 1, 1, 1, 1, 1]
	1213877	1123998	1129365	14	M	142	A		-1	3695.72656083	[1, 1, 1, 1, 1, 1, 1, 1, 1, 1, 1, 0]
	1250452	1125098	1180747	14	M	21	A		-1	3696.57659081	[1, 1, 1, 1, 1, 1, 1, 1, 1, 1, 1, 1]
	1245671	1125078	1097555	14	M	76	A		-1	3697.06925394	[1, 1, 1, 1, 1, 1, 1, 1, 1, 1, 1, 1]
	1287964	1125445	1077358	14	M	199	A		-1	3698.56986206	[1, 1, 1, 1, 1, 1, 1, 1, 1, 1, 1, 1]
	1212686	1123998	1106266	14	M	152	A		-1	3698.7211193	[1, 1, 1, 1, 1, 1, 1, 1, 1, 1, 1, 1]
	1288219	1125445	1171399	14	M	71	A		-1	3699.13047423	[1, 1, 1, 1, 1, 1, 1, 1, 1, 1, 1, 1]
	1201242	1125181	1111904	14	M	162	A		-1	3701.89873242	[1, 1, 1, 1, 1, 1, 1, 1, 1, 1, 1, 1]
	1250503	1125098	1161872	14	M	159	A		-1	3702.30072383	[1, 1, 1, 1, 1, 1, 1, 1, 1, 1, 1, 1]
	1206061	1123808	1155116	14	M	187	A		-1	3702.47409073	[1, 1, 1, 1, 1, 1, 1, 1, 1, 1, 1, 1]
	1286085	1125445	1126851	14	M	37	A		-1	3702.87149693	[1, 1, 1, 1, 1, 0, 1, 1, 1, 1, 1, 1]
	1277254	1126353	1099668	14	M	75	A		-1	3703.15368231	[1, 1, 1, 1, 1, 1, 1, 1, 1, 1, 1, 1]
	1150192	1030616	1073601	13	M	34	A		-1	3703.26472443	[1, 1, 1, 1, 1, 1, 1, 1, 1, 1, 1, 1]
	1237886	1125046	1083357	14	M	15	A		-1	3703.78253483	[1, 1, 1, 1, 1, 1, 1, 1, 1, 1, 1, 1]
	1285396	1125445	1050910	14	M	47	A		-1	3704.0081528	[1, 1, 1, 1, 1, 1, 1, 1, 1, 1, 1, 1]
	1256549	1125121	1079236	14	M	12	A		-1	3704.72963967	[1, 1, 1, 1, 1, 1, 1, 1, 1, 1, 1, 1]
	1288522	1125445	1069818	14	M	79	A		-1	3705.9105024	[1, 1, 1, 1, 1, 1, 1, 1, 1, 1, 1, 1]
	1260470	1125129	1126835	14	M	16	A		-1	3706.12971473	[1, 1, 1, 1, 1, 1, 1, 1, 1, 1, 1, 1]
	1238732	1125046	1114630	14	M	91	A		-1	3706.38789159	[1, 1, 1, 1, 1, 0, 1, 1, 1, 1, 1, 1]
	1268673	1125131	1183355	14	M	49	A		-1	3707.34010012	[1, 1, 1, 1, 1, 1, 1, 1, 1, 1, 1, 1]
	1251070	1125098	1156307	14	M	78	A		-1	3708.21365162	[1, 1, 1, 1, 1, 1, 1, 1, 1, 1, 1, 1]
	1286238	1125445	1021645	14	M	114	A		-1	3708.76064984	[1, 1, 1, 1, 1, 1, 1, 1, 1, 1, 1, 1]
	1226211	1124678	1116004	14	M	109	A		-1	3709.0671409	[1, 1, 1, 1, 1, 1, 1, 1, 1, 1, 1, 1]
	1287859	1125445	1128484	14	M	94	A		-1	3709.4348863	[1, 1, 1, 1, 1, 1, 1, 1, 1, 1, 1, 1]
	1236146	1125046	1140499	14	M	44	A		-1	3709.55788325	[1, 1, 1, 1, 1, 1, 1, 1, 1, 1, 1, 1]
	1252933	1125098	1123988	14	M	19	A		-1	3710.81117804	[1, 1, 1, 1, 1, 1, 1, 1, 1, 1, 1, 1]
	1263360	1125129	1087053	14	M	58	A		-1	3710.81139043	[1, 1, 1, 1, 1, 1, 1, 1, 1, 1, 1, 1]
	1286441	1125445	1146704	14	M	150	A		-1	3711.61538687	[1, 1, 1, 1, 1, 1, 1, 1, 1, 1, 1, 1]
	1104441	1030908	936498	13	M	176	A		-1	3712.18992187	[1, 1, 1, 1, 1, 1, 1, 1, 1, 1, 1, 1]
	1287045	1125445	1134776	14	M	102	A		-1	3714.4232459	[1, 1, 1, 1, 1, 1, 1, 1, 1, 1, 1, 1]
	1285973	1125445	1151535	14	M	58	A		-1	3715.4791186	[1, 1, 1, 1, 1, 1, 1, 1, 1, 1, 1, 1]
	1287250	1125445	1123393	14	M	59	A		-1	3715.8350232	[1, 1, 1, 1, 1, 1, 1, 1, 1, 1, 1, 1]
	1241637	1125069	1181427	14	M	52	A		-1	3716.61750061	[1, 1, 1, 1, 1, 1, 1, 1, 1, 1, 1, 1]
	1288697	1125445	1159680	14	M	94	A		-1	3716.71989543	[1, 1, 1, 1, 1, 1, 1, 1, 1, 1, 1, 1]
	1213173	1123998	1159454	14	M	106	A		-1	3717.24169714	[1, 1, 1, 1, 1, 1, 1, 1, 1, 1, 1, 1]
	1235937	1125046	1119722	14	M	52	A		-1	3718.19519579	[1, 1, 1, 1, 1, 1, 1, 1, 1, 1, 1, 1]
	1239780	1125046	1127861	14	M	107	A		-1	3719.1464092	[1, 1, 1, 1, 1, 1, 1, 1, 1, 1, 1, 1]
	1241694	1125069	1077294	14	M	127	A		-1	3719.7974577	[1, 1, 1, 1, 1, 1, 1, 1, 1, 1, 1, 1]
	1263212	1125129	1187951	14	M	10	A		-1	3720.89225235	[1, 1, 1, 1, 1, 1, 1, 1, 1, 1, 1, 1]
	1259498	1125121	1182702	14	M	192	A		-1	3721.12307624	[1, 1, 1, 1, 1, 1, 1, 1, 1, 1, 1, 1]
	1221426	1124497	1186579	14	M	7	A		-1	3721.25449579	[1, 1, 1, 1, 1, 1, 1, 1, 1, 1, 1, 1]
	1255294	1125121	995109	14	M	103	A		-1	3721.42222937	[1, 1, 1, 1, 1, 1, 1, 1, 1, 1, 1, 1]
	1241999	1125069	1144897	14	M	150	A		-1	3721.5132563	[1, 1, 1, 1, 1, 1, 1, 1, 1, 1, 1, 1]
	1242599	1125069	1118654	14	M	187	A		-1	3722.42661704	[1, 1, 1, 1, 1, 1, 1, 1, 1, 1, 1, 1]
	1252226	1125098	1139690	14	M	134	A		-1	3722.69414819	[1, 1, 1, 1, 1, 1, 1, 1, 1, 1, 1, 1]
	1223252	1124497	1148949	14	M	176	A		-1	3723.20767563	[1, 1, 1, 1, 1, 1, 1, 1, 1, 1, 1, 1]
	1224086	1124497	1059024	14	M	15	A		-1	3723.2412505	[1, 1, 1, 1, 1, 1, 1, 1, 1, 1, 1, 1]
	1288442	1125445	1134898	14	M	122	A		-1	3725.3073636	[1, 1, 1, 1, 1, 1, 1, 1, 1, 1, 1, 1]
	1291260	1125473	1126336	14	M	190	A		-1	3725.71532274	[1, 1, 1, 1, 1, 1, 1, 1, 1, 1, 1, 1]
	1125445	1029371	908947	13	M	82	A		-1	3726.19815129	[1, 1, 1, 1, 1, 1, 1, 1, 1, 1, 1, 1]
	1281347	1125400	1124917	14	M	185	A		-1	3726.44879903	[1, 1, 1, 1, 1, 1, 1, 1, 1, 1, 1, 1]
	1294498	1125473	1177752	14	M	124	A		-1	3727.19168943	[1, 1, 1, 1, 1, 1, 1, 1, 1, 1, 1, 1]
	1224319	1124497	968152	14	M	14	A		-1	3727.19401246	[1, 1, 1, 1, 1, 1, 1, 1, 1, 1, 1, 1]
	1266224	1125131	1050291	14	M	60	A		-1	3729.86024808	[1, 1, 1, 1, 1, 1, 1, 1, 1, 1, 1, 1]
	1255833	1125121	1104032	14	M	158	A		-1	3731.84359214	[1, 1, 1, 1, 1, 1, 1, 1, 1, 1, 1, 1]
	1245818	1125078	1122432	14	M	15	A		-1	3731.95914061	[1, 1, 1, 1, 1, 1, 1, 1, 1, 1, 1, 1]
	1284178	1125400	1183091	14	M	41	A		-1	3732.17613307	[1, 1, 1, 1, 1, 1, 1, 1, 1, 1, 1, 1]
	1286596	1125445	1112107	14	M	97	A		-1	3732.49866214	[1, 1, 1, 1, 1, 1, 1, 1, 1, 1, 1, 1]
	1276898	1126353	1093740	14	M	65	A		-1	3732.51217926	[1, 1, 1, 1, 1, 1, 1, 1, 1, 1, 1, 1]
	1252296	1125098	1140651	14	M	51	A		-1	3733.02410016	[1, 1, 1, 1, 1, 1, 1, 1, 1, 1, 1, 1]
	1248931	1125078	1041878	14	M	161	A		-1	3733.22769608	[1, 1, 1, 1, 1, 1, 1, 1, 1, 1, 1, 1]
	1239503	1125046	1072349	14	M	81	A		-1	3734.87847906	[1, 1, 1, 1, 1, 1, 1, 1, 1, 1, 1, 1]
	1239753	1125046	1191960	14	M	26	A		-1	3735.05479268	[1, 1, 1, 1, 1, 1, 1, 1, 1, 1, 1, 1]
	1223457	1124497	1113625	14	M	100	A		-1	3735.25138313	[1, 1, 1, 0, 1, 1, 1, 1, 1, 1, 1, 1]
	1250388	1125098	1139204	14	M	116	A		-1	3735.74086246	[1, 1, 1, 1, 1, 1, 1, 1, 1, 1, 1, 1]
	1213737	1123998	1138505	14	M	112	A		-1	3737.36861117	[1, 1, 1, 1, 1, 1, 1, 1, 1, 1, 1, 1]
	1254341	1125098	1157677	14	M	115	A		-1	3738.14338824	[1, 1, 1, 1, 1, 1, 1, 1, 1, 1, 1, 1]
	1251701	1125098	1084370	14	M	172	A		-1	3738.33872092	[1, 1, 1, 1, 1, 1, 1, 1, 1, 1, 1, 1]
	1124497	1029289	1050546	13	M	26	A		-1	3738.38438383	[1, 1, 1, 1, 1, 1, 1, 1, 1, 1, 1, 1]
	1251194	1125098	1050522	14	M	137	A		-1	3739.09895001	[1, 1, 1, 1, 1, 1, 1, 1, 1, 1, 1, 1]
	1253317	1125098	1127948	14	M	90	A		-1	3739.28277138	[1, 1, 1, 1, 1, 1, 1, 1, 1, 1, 1, 1]
	1220651	1124497	1112423	14	M	129	A		-1	3739.30819412	[1, 1, 1, 1, 1, 0, 1, 1, 1, 1, 1, 1]
	1284956	1125445	1054699	14	M	150	A		-1	3739.59685988	[1, 1, 1, 1, 1, 1, 1, 1, 1, 1, 1, 1]
	1249852	1125098	1157099	14	M	145	A		-1	3740.74769937	[1, 1, 1, 1, 1, 1, 1, 1, 1, 1, 1, 1]
	1255597	1125121	1099310	14	M	174	A		-1	3740.76190129	[1, 1, 1, 1, 1, 1, 1, 1, 1, 1, 1, 1]
	1258096	1125121	1148881	14	M	68	A		-1	3741.05137932	[1, 1, 1, 1, 1, 1, 1, 1, 1, 1, 1, 1]
	1294243	1125473	1131224	14	M	30	A		-1	3741.63238628	[1, 1, 1, 1, 1, 1, 1, 1, 1, 1, 1, 1]
	1233674	1124949	1170320	14	M	143	A		-1	3742.41006919	[1, 1, 1, 1, 1, 1, 1, 1, 1, 1, 1, 1]
	1277244	1126353	1127497	14	M	26	A		-1	3742.47009387	[1, 1, 1, 1, 1, 1, 1, 1, 1, 1, 1, 1]
	1288154	1125445	1182534	14	M	59	A		-1	3744.62398484	[1, 1, 1, 1, 1, 1, 1, 1, 1, 1, 1, 1]
	1287118	1125445	1009815	14	M	76	A		-1	3744.96889862	[1, 1, 1, 1, 1, 1, 1, 1, 1, 1, 1, 1]
	1287175	1125445	1149978	14	M	36	A		-1	3746.9026604	[1, 1, 1, 1, 1, 1, 1, 1, 1, 1, 1, 1]
	1237818	1125046	1175878	14	M	111	A		-1	3747.22507118	[1, 1, 1, 1, 1, 1, 1, 1, 1, 1, 1, 1]
	1280963	1125400	1152371	14	M	25	A		-1	3748.15136945	[1, 1, 1, 1, 1, 1, 1, 1, 1, 1, 1, 1]
	1289034	1125445	1100592	14	M	172	A		-1	3748.3234362	[1, 1, 1, 1, 1, 1, 1, 1, 1, 1, 1, 1]
	1221627	1124497	1118858	14	M	65	A		-1	3748.9219864	[1, 1, 1, 1, 1, 1, 1, 1, 1, 1, 1, 1]
	1288952	1125445	1140024	14	M	168	A		-1	3749.50505215	[1, 1, 1, 1, 1, 1, 1, 1, 1, 1, 1, 1]
	1254630	1125098	1193248	14	M	93	A		-1	3750.88501154	[1, 1, 1, 1, 1, 1, 1, 1, 1, 1, 1, 1]
	1252697	1125098	1006634	14	M	179	A		-1	3751.3536445	[1, 1, 1, 1, 1, 1, 1, 1, 1, 1, 1, 1]
	1287041	1125445	1161941	14	M	158	A		-1	3751.71534021	[1, 1, 1, 1, 1, 1, 1, 1, 1, 1, 1, 1]
	1250617	1125098	1106776	14	M	132	A		-1	3755.55076749	[1, 1, 1, 1, 1, 1, 1, 1, 1, 1, 1, 1]
	1253114	1125098	1034944	14	M	59	A		-1	3755.76551818	[1, 1, 1, 1, 1, 1, 1, 1, 1, 1, 1, 1]
	1287503	1125445	1103526	14	M	83	A		-1	3756.65660779	[1, 1, 1, 1, 1, 1, 1, 1, 1, 1, 1, 1]
	1285177	1125445	1190553	14	M	164	A		-1	3756.73957725	[1, 1, 1, 1, 1, 1, 1, 1, 1, 1, 1, 1]
	1282516	1125400	998436	14	M	78	A		-1	3757.11930297	[1, 1, 1, 1, 1, 1, 1, 1, 1, 1, 1, 1]
	1255302	1125121	1183730	14	M	128	A		-1	3757.68888411	[1, 1, 1, 1, 1, 1, 1, 1, 1, 1, 1, 1]
	1223292	1124497	1000925	14	M	198	A		-1	3759.41938825	[1, 1, 0, 1, 1, 1, 1, 1, 1, 1, 1, 0]
	1214352	1123998	1060567	14	M	95	A		-1	3762.91790253	[1, 1, 1, 1, 1, 1, 1, 1, 1, 1, 1, 1]
	1291798	1125473	1155328	14	M	103	A		-1	3763.1043548	[1, 1, 1, 1, 1, 1, 1, 1, 1, 1, 1, 1]
	1289348	1125445	1019649	14	M	111	A		-1	3767.63502185	[1, 1, 1, 1, 1, 1, 1, 1, 1, 1, 1, 1]
	1223737	1124497	1162344	14	M	139	A		-1	3768.30908249	[1, 1, 1, 1, 1, 1, 1, 1, 1, 1, 1, 1]
	1272513	1125306	1122048	14	M	149	A		-1	3770.12632185	[1, 1, 1, 1, 1, 1, 1, 1, 1, 1, 1, 1]
	1221505	1124497	1163922	14	M	81	A		-1	3770.93722882	[1, 1, 1, 1, 1, 1, 1, 1, 1, 1, 1, 1]
	1253064	1125098	1141725	14	M	186	A		-1	3771.12328006	[1, 1, 1, 1, 1, 1, 1, 1, 1, 1, 1, 1]
	1239245	1125046	1179949	14	M	2	A		-1	3771.70503013	[1, 1, 1, 1, 1, 1, 1, 1, 1, 1, 1, 1]
	1210640	1123998	1015977	14	M	79	A		-1	3772.04788467	[1, 1, 1, 1, 1, 1, 1, 1, 1, 1, 1, 0]
	1272664	1125306	1092878	14	M	148	A		-1	3774.08432396	[1, 1, 1, 1, 1, 1, 1, 1, 1, 1, 1, 1]
	1288677	1125445	1110026	14	M	162	A		-1	3774.28783896	[1, 1, 1, 1, 1, 1, 1, 1, 1, 1, 1, 1]
	1283732	1125400	1125920	14	M	152	A		-1	3774.46013825	[1, 1, 1, 1, 1, 1, 1, 1, 1, 1, 1, 1]
	1253554	1125098	1161420	14	M	116	A		-1	3774.8916543	[1, 1, 1, 1, 1, 1, 1, 1, 1, 1, 1, 1]
	1253385	1125098	1101630	14	M	35	A		-1	3777.0833013	[1, 1, 1, 1, 1, 1, 1, 1, 1, 1, 1, 1]
	1248880	1125078	1121521	14	M	24	A		-1	3779.87686143	[1, 1, 1, 1, 1, 1, 1, 1, 1, 1, 1, 1]
	1205258	1123808	1070253	14	M	138	A		-1	3780.98288021	[1, 1, 1, 1, 1, 1, 1, 1, 1, 1, 1, 1]
	1251247	1125098	1144846	14	M	39	A		-1	3784.8764626	[1, 1, 1, 1, 1, 1, 1, 1, 1, 1, 1, 1]
	1252414	1125098	1019638	14	M	43	A		-1	3788.12811234	[1, 1, 1, 1, 1, 1, 1, 1, 1, 1, 1, 1]
	1271703	1125306	1129529	14	M	74	A		-1	3788.77292399	[1, 1, 1, 1, 1, 1, 1, 1, 1, 1, 1, 1]
	1247420	1125078	1015197	14	M	118	A		-1	3788.79201069	[1, 1, 1, 1, 1, 1, 1, 1, 1, 1, 1, 1]
	1288825	1125445	1176517	14	M	130	A		-1	3790.44666313	[1, 1, 1, 1, 1, 1, 1, 1, 1, 1, 1, 1]
	1253303	1125098	1051661	14	M	1	A		-1	3791.52473846	[1, 1, 1, 1, 1, 1, 1, 1, 1, 1, 1, 1]
	1249918	1125098	1166823	14	M	92	A		-1	3791.59876112	[1, 1, 1, 1, 1, 1, 1, 1, 1, 1, 1, 1]
	1207867	1123808	1081213	14	M	5	A		-1	3792.3791777	[1, 1, 1, 1, 1, 1, 1, 1, 1, 1, 1, 1]
	1251507	1125098	1091590	14	M	164	A		-1	3795.83002634	[1, 1, 1, 1, 1, 1, 1, 1, 1, 1, 1, 1]
	1270416	1125306	1119154	14	M	68	A		-1	3796.41025994	[1, 1, 1, 1, 1, 1, 1, 1, 1, 1, 1, 1]
	1288818	1125445	1135087	14	M	51	A		-1	3798.61463358	[1, 1, 1, 1, 1, 1, 1, 1, 1, 1, 1, 1]
	1217689	1124286	1050615	14	M	153	A		-1	3801.19011734	[1, 1, 1, 1, 1, 1, 1, 1, 1, 1, 1, 1]
	1284692	1125400	1180727	14	M	77	A		-1	3801.40026575	[1, 1, 1, 1, 1, 1, 1, 1, 1, 1, 1, 1]
	1286515	1125445	1122412	14	M	3	A		-1	3801.50223725	[1, 1, 1, 1, 1, 1, 1, 1, 1, 1, 1, 1]
	1257045	1125121	1179122	14	M	122	A		-1	3802.53611715	[1, 1, 1, 1, 1, 1, 1, 1, 1, 1, 1, 1]
	1236142	1125046	1080492	14	M	175	A		-1	3803.15246434	[1, 1, 1, 1, 1, 1, 1, 1, 1, 1, 1, 1]
	1210612	1123998	1128211	14	M	120	A		-1	3807.52231571	[1, 1, 1, 1, 1, 1, 1, 1, 1, 1, 1, 0]
	1254567	1125098	1116837	14	M	81	A		-1	3807.54348581	[1, 1, 1, 1, 1, 1, 1, 1, 1, 1, 1, 1]
	1254227	1125098	1052615	14	M	106	A		-1	3808.43093366	[1, 1, 1, 1, 1, 1, 1, 1, 1, 1, 1, 1]
	1275577	1126353	1123827	14	M	189	A		-1	3808.55358427	[1, 1, 1, 1, 1, 1, 1, 1, 1, 1, 1, 1]
	1223899	1124497	1023095	14	M	98	A		-1	3809.62957592	[1, 1, 1, 1, 1, 1, 1, 1, 1, 1, 1, 1]
	1288052	1125445	1095125	14	M	108	A		-1	3810.65703315	[1, 1, 1, 1, 1, 1, 1, 1, 1, 1, 1, 1]
	1257448	1125121	1177879	14	M	179	A		-1	3812.36360017	[1, 1, 1, 1, 1, 1, 1, 1, 1, 1, 1, 1]
	1290242	1125473	1102474	14	M	0	A		-1	3816.22576207	[1, 1, 1, 1, 1, 1, 1, 1, 1, 1, 1, 1]
	1219919	1124497	1121595	14	M	50	A		-1	3817.78323056	[1, 1, 1, 1, 1, 1, 1, 1, 1, 1, 1, 1]
	1240240	1125069	1157936	14	M	38	A		-1	3819.98565982	[1, 1, 1, 1, 1, 1, 1, 1, 1, 1, 1, 1]
	1243440	1125069	1095051	14	M	142	A		-1	3820.19254574	[1, 1, 1, 1, 1, 1, 1, 1, 1, 1, 1, 1]
	1197132	1194257	1144328	14	M	65	A		-1	3822.70444516	[1, 1, 1, 1, 1, 1, 1, 1, 1, 1, 1, 1]
	1222287	1124497	1148967	14	M	52	A		-1	3823.46591135	[1, 1, 1, 1, 1, 1, 1, 1, 1, 1, 1, 1]
	1128844	1029371	1068751	13	M	58	A		-1	3826.84605371	[1, 1, 1, 1, 1, 1, 1, 1, 1, 1, 1, 1]
	1223606	1124497	1142675	14	M	108	A		-1	3827.20128283	[1, 1, 1, 1, 1, 1, 1, 1, 1, 1, 1, 1]
	1256511	1125121	1101970	14	M	3	A		-1	3832.34738252	[1, 1, 1, 1, 1, 1, 1, 1, 1, 1, 1, 1]
	1262880	1125129	1025386	14	M	10	A		-1	3833.35020276	[1, 1, 1, 1, 1, 1, 1, 1, 1, 1, 1, 1]
	1244496	1125069	1194056	14	M	4	A		-1	3838.24102706	[1, 1, 1, 1, 1, 1, 1, 1, 1, 1, 1, 1]
	1269655	1125131	1150026	14	M	162	A		-1	3840.91272263	[1, 1, 1, 1, 1, 1, 1, 1, 1, 1, 1, 1]
	1252830	1125098	1061091	14	M	160	A		-1	3841.54213298	[1, 1, 1, 1, 1, 1, 1, 1, 1, 1, 1, 1]
	1222706	1124497	1181573	14	M	166	A		-1	3843.01633391	[1, 1, 1, 1, 1, 1, 1, 1, 1, 1, 1, 1]
	1224683	1124497	1129909	14	M	41	A		-1	3844.5603054	[1, 1, 1, 1, 1, 1, 1, 1, 1, 1, 1, 1]
	1289139	1125445	1119974	14	M	124	A		-1	3846.20551599	[1, 1, 1, 1, 1, 1, 1, 1, 1, 1, 1, 1]
	1250165	1125098	1174289	14	M	156	A		-1	3847.70273949	[1, 1, 1, 1, 1, 1, 1, 1, 1, 1, 1, 1]
	1232692	1124949	1146112	14	M	22	A		-1	3848.52704081	[1, 1, 1, 1, 1, 1, 1, 1, 1, 1, 1, 1]
	1275397	1126353	1158194	14	M	112	A		-1	3851.90607972	[1, 1, 1, 1, 1, 1, 1, 1, 1, 1, 1, 1]
	1287750	1125445	1177175	14	M	80	A		-1	3857.03508564	[1, 1, 1, 1, 1, 1, 1, 1, 1, 1, 1, 1]
	1230460	1124949	1151632	14	M	0	A		-1	3858.76671821	[1, 1, 1, 1, 1, 1, 1, 1, 1, 1, 1, 1]
	1258863	1125121	1126288	14	M	107	A		-1	3861.53156824	[1, 1, 1, 1, 1, 1, 1, 1, 1, 1, 1, 0]
	1273619	1125306	1135777	14	M	111	A		-1	3873.40377174	[1, 1, 1, 1, 1, 1, 1, 1, 1, 1, 1, 1]
	1222555	1124497	1035728	14	M	80	A		-1	3875.28451876	[1, 1, 1, 1, 1, 1, 1, 1, 1, 1, 1, 1]
	1284833	1125445	1121633	14	M	150	A		-1	3877.84124969	[1, 1, 1, 1, 1, 1, 1, 1, 1, 1, 1, 1]
	1125098	1029371	927244	13	M	196	A		-1	3880.69020898	[1, 1, 1, 1, 1, 1, 1, 1, 1, 1, 1, 1]
	1226420	1124678	1114594	14	M	83	A		-1	3881.12168091	[1, 1, 1, 1, 1, 1, 1, 1, 1, 1, 1, 1]
	1222638	1124497	1036717	14	M	17	A		-1	3884.75407411	[1, 1, 1, 1, 1, 1, 1, 1, 1, 1, 1, 1]
	1253498	1125098	1193980	14	M	33	A		-1	3891.63837795	[1, 1, 1, 1, 1, 1, 1, 1, 1, 1, 1, 1]
	1235585	1125046	1101208	14	M	83	A		-1	3894.34711518	[1, 1, 1, 1, 1, 0, 1, 1, 1, 1, 1, 1]
	1224554	1124497	1005541	14	M	6	A		-1	3926.46682842	[1, 1, 1, 1, 1, 1, 1, 1, 1, 1, 1, 1]
	1253810	1125098	1180683	14	M	56	A		-1	3929.95367275	[1, 1, 1, 1, 1, 1, 1, 1, 1, 1, 1, 1]
	1257500	1125121	1158026	14	M	158	A		-1	3933.35721739	[1, 1, 1, 1, 1, 1, 1, 1, 1, 1, 1, 1]
	1287416	1125445	1127405	14	M	97	A		-1	3973.96209831	[1, 1, 1, 1, 1, 1, 1, 1, 1, 1, 1, 1]
	1222899	1124497	1116468	14	M	21	A		-1	3976.04877256	[1, 1, 1, 1, 1, 1, 1, 1, 1, 1, 1, 1]
	1223645	1124497	1132838	14	M	28	A		-1	3979.96329385	[1, 1, 1, 1, 1, 1, 1, 1, 1, 1, 1, 1]
	1222065	1124497	1113088	14	M	187	A		-1	3989.02082302	[1, 1, 0, 1, 1, 1, 1, 1, 1, 1, 1, 1]
	1252923	1125098	1131483	14	M	16	A		-1	4014.04345464	[1, 1, 1, 1, 1, 1, 1, 1, 1, 1, 1, 1]
	1250904	1125098	1190016	14	M	139	A		-1	4033.8397656	[1, 1, 1, 1, 1, 1, 1, 1, 1, 1, 1, 1]
	1288647	1125445	1144125	14	M	150	A		-1	4052.50458652	[1, 1, 1, 1, 1, 1, 1, 1, 1, 1, 1, 1]
	1252076	1125098	1127022	14	M	130	A		-1	4066.67193793	[1, 1, 1, 1, 1, 1, 1, 1, 1, 1, 1, 1]
	1251368	1125098	1180105	14	M	124	A		-1	4075.85792813	[1, 1, 1, 1, 1, 1, 1, 1, 1, 1, 1, 1]
