animal	sire	dam	born	sex	herd	status	cause	died	TBV	recessives
	1279878	1159899	1102917	14	M	46	A		-1	4591.71497966	[1, 1, 1, 1, 1, 1, 1, 0, 1, 1, 1, 1]
	1292438	1117175	1150546	14	M	85	A		-1	4592.33675472	[1, 1, 1, 1, 1, 1, 1, 1, 1, 1, 1, 1]
	1290485	1177588	1094947	14	M	58	A		-1	4593.32458667	[1, 1, 0, 1, 1, 1, 1, 1, 1, 1, 1, 1]
	1155230	1049775	1026631	13	M	75	A		-1	4593.86074223	[1, 1, 1, 1, 1, 1, 1, 1, 1, 1, 1, 1]
	1271558	1186633	1097143	14	M	33	A		-1	4594.16294864	[1, 1, 1, 1, 1, 1, 1, 1, 1, 1, 1, 1]
	1239072	1123408	1173816	14	M	19	A		-1	4594.28060197	[1, 1, 1, 1, 1, 1, 1, 1, 1, 1, 1, 1]
	1260397	1107912	1102524	14	M	7	A		-1	4594.40316508	[1, 1, 1, 1, 1, 1, 1, 1, 1, 1, 1, 1]
	1217700	1186633	1044973	14	M	36	A		-1	4594.9300846	[1, 1, 1, 1, 1, 1, 1, 1, 1, 1, 1, 1]
	1248753	1126276	1104160	14	M	12	A		-1	4594.95487838	[1, 1, 1, 1, 1, 1, 1, 1, 1, 1, 1, 1]
	1252433	1147531	1183740	14	M	93	A		-1	4595.05226051	[1, 1, 1, 1, 1, 1, 1, 1, 1, 1, 1, 1]
	1200543	1144962	1192771	14	M	60	A		-1	4595.269052	[1, 1, 1, 1, 1, 1, 1, 1, 1, 1, 1, 1]
	1208218	1155230	1099775	14	M	81	A		-1	4595.5150061	[1, 1, 1, 1, 1, 1, 1, 1, 1, 1, 1, 1]
	1255661	1130495	1180265	14	M	52	A		-1	4596.11926361	[1, 1, 0, 1, 1, 1, 1, 1, 1, 1, 1, 0]
	1284094	1119928	1135122	14	M	25	A		-1	4596.12713411	[1, 1, 1, 1, 1, 1, 1, 1, 1, 1, 1, 1]
	1239466	1119928	1041233	14	M	100	A		-1	4596.33696234	[1, 1, 1, 1, 1, 1, 1, 1, 1, 1, 1, 1]
	1249099	1117175	1050403	14	M	54	A		-1	4596.74456908	[1, 1, 1, 1, 1, 1, 1, 0, 1, 1, 1, 1]
	1282335	1167107	1184684	14	M	53	A		-1	4597.01636527	[1, 1, 0, 1, 1, 1, 1, 1, 1, 1, 1, 1]
	1287027	1116299	1009608	14	M	52	A		-1	4597.02337148	[1, 1, 1, 1, 1, 1, 1, 1, 1, 1, 1, 1]
	1201297	1166900	1023621	14	M	99	A		-1	4597.05110012	[1, 1, 1, 1, 1, 1, 1, 1, 1, 1, 1, 1]
	1269712	1106468	1135063	14	M	44	A		-1	4597.1264294	[1, 1, 1, 1, 1, 1, 1, 1, 1, 1, 1, 1]
	1252201	1180998	1041256	14	M	64	A		-1	4597.2149959	[1, 1, 1, 1, 1, 1, 1, 1, 1, 1, 1, 1]
	1268823	1107912	996215	14	M	15	A		-1	4597.33318726	[1, 1, 1, 1, 1, 1, 1, 1, 1, 1, 1, 1]
	1228202	1125614	1079014	14	M	28	A		-1	4597.3577322	[1, 1, 1, 1, 1, 1, 1, 1, 1, 1, 1, 1]
	1288742	1117175	1076861	14	M	27	A		-1	4597.51635454	[1, 1, 1, 1, 1, 1, 1, 1, 1, 1, 1, 1]
	1246306	1116299	1036080	14	M	89	A		-1	4597.52244508	[1, 1, 1, 1, 1, 1, 1, 1, 1, 1, 1, 1]
	1263260	1112635	1104189	14	M	61	A		-1	4597.61120754	[1, 1, 1, 1, 1, 1, 1, 1, 1, 1, 1, 1]
	1271672	1180998	1188624	14	M	26	A		-1	4597.63552326	[1, 1, 1, 0, 1, 1, 1, 1, 1, 1, 1, 1]
	1263878	1157834	1103419	14	M	53	A		-1	4597.9486648	[1, 1, 0, 0, 1, 1, 1, 1, 1, 1, 1, 1]
	1242795	1148237	1123523	14	M	79	A		-1	4598.20911303	[1, 1, 1, 1, 1, 1, 1, 1, 1, 1, 1, 1]
	1283210	1140786	1004754	14	M	88	A		-1	4598.23647916	[1, 1, 1, 1, 1, 1, 1, 1, 1, 1, 1, 1]
	1289712	1112635	1076492	14	M	36	A		-1	4598.27105607	[1, 1, 1, 1, 1, 1, 1, 1, 1, 1, 1, 1]
	1201434	1160683	1146456	14	M	33	A		-1	4599.00236745	[1, 1, 1, 0, 1, 1, 1, 1, 1, 1, 1, 1]
	1259854	1167107	1187782	14	M	29	A		-1	4599.03768307	[1, 1, 1, 1, 1, 1, 1, 1, 1, 1, 1, 1]
	1261560	1124289	1017083	14	M	6	A		-1	4599.18222235	[1, 1, 1, 1, 1, 1, 1, 1, 1, 1, 1, 1]
	1124289	1084229	1011239	13	M	35	A		-1	4599.3440276	[1, 1, 1, 1, 1, 1, 1, 1, 1, 1, 1, 1]
	1255072	1099251	1180675	14	M	91	A		-1	4599.43386015	[1, 1, 1, 1, 1, 1, 1, 1, 1, 1, 1, 1]
	1157834	1030805	1085415	13	M	56	A		-1	4599.63833564	[1, 1, 0, 0, 1, 1, 1, 1, 1, 1, 1, 1]
	1270933	1180998	1131285	14	M	74	A		-1	4599.80576546	[1, 1, 1, 1, 1, 1, 1, 1, 1, 1, 1, 1]
	1269871	1189416	1188704	14	M	45	A		-1	4600.07734345	[1, 1, 1, 1, 1, 1, 1, 1, 1, 1, 1, 1]
	1276870	1112635	1096426	14	M	93	A		-1	4600.08734363	[1, 1, 1, 1, 1, 1, 1, 1, 1, 1, 1, 1]
	1209050	1119928	1165878	14	M	89	A		-1	4600.16292446	[1, 0, 1, 1, 1, 1, 1, 1, 1, 1, 1, 1]
	1211897	1169150	1144743	14	M	41	A		-1	4600.20768999	[1, 1, 1, 1, 1, 1, 1, 1, 1, 1, 1, 1]
	1207607	1113521	1193133	14	M	25	A		-1	4600.23663476	[1, 1, 1, 1, 1, 1, 1, 1, 1, 1, 1, 1]
	1213785	1136583	1099773	14	M	86	A		-1	4600.63926615	[1, 1, 1, 1, 1, 1, 1, 1, 1, 1, 1, 1]
	1281700	1099251	1119008	14	M	91	A		-1	4601.48244728	[1, 1, 1, 0, 1, 1, 1, 1, 1, 1, 1, 1]
	1275954	1103018	1082418	14	M	69	A		-1	4602.65744681	[1, 1, 1, 1, 1, 1, 1, 1, 1, 1, 1, 1]
	1262070	1157834	1120985	14	M	55	A		-1	4602.75374202	[1, 1, 0, 1, 1, 1, 1, 1, 1, 1, 1, 1]
	1255009	1177652	1136635	14	M	39	A		-1	4602.99592827	[1, 1, 1, 1, 1, 1, 1, 1, 1, 1, 1, 1]
	1215530	1157509	1023888	14	M	0	A		-1	4603.07816451	[1, 1, 1, 1, 1, 1, 1, 1, 1, 1, 1, 1]
	1250994	1113521	1138788	14	M	65	A		-1	4603.17337237	[1, 1, 1, 1, 1, 1, 1, 0, 1, 1, 1, 1]
	1234510	1157834	1115328	14	M	94	A		-1	4603.63792998	[1, 1, 0, 0, 1, 1, 1, 1, 1, 1, 1, 0]
	1193909	1132619	1184305	14	M	94	A		-1	4603.64774676	[0, 1, 0, 0, 1, 1, 1, 1, 1, 1, 1, 1]
	1254808	1186600	1173819	14	M	16	A		-1	4603.74740533	[1, 1, 1, 0, 1, 1, 1, 1, 1, 1, 1, 1]
	1212565	1118042	1113805	14	M	80	A		-1	4603.76813243	[1, 1, 0, 1, 1, 1, 1, 1, 1, 1, 1, 1]
	1291987	1107912	1176093	14	M	42	A		-1	4604.353161	[1, 1, 1, 1, 1, 1, 1, 1, 1, 1, 1, 1]
	1236875	1157509	1188851	14	M	39	A		-1	4604.59640672	[1, 1, 1, 1, 1, 1, 1, 1, 1, 1, 1, 1]
	1289841	1118042	1022570	14	M	89	A		-1	4604.68092261	[1, 1, 1, 1, 1, 1, 1, 1, 1, 1, 1, 1]
	1198105	1107912	1191930	14	M	49	A		-1	4604.68370816	[1, 1, 1, 1, 1, 1, 1, 1, 1, 1, 1, 1]
	1240238	1103018	1102219	14	M	70	A		-1	4604.96878155	[1, 1, 1, 1, 1, 1, 1, 1, 1, 1, 1, 1]
	1240097	1179986	1054172	14	M	53	A		-1	4605.36535251	[1, 1, 0, 1, 1, 1, 1, 1, 1, 1, 1, 1]
	1198678	1119742	1176426	14	M	49	A		-1	4605.60313595	[0, 1, 1, 1, 1, 1, 1, 1, 1, 1, 1, 1]
	1194389	1106468	1098935	14	M	7	A		-1	4605.86709419	[1, 1, 1, 1, 1, 1, 1, 1, 1, 1, 1, 1]
	1254220	1179986	1097995	14	M	86	A		-1	4606.24043446	[1, 1, 1, 1, 1, 1, 1, 1, 1, 1, 1, 1]
	1246344	1131439	1192412	14	M	3	A		-1	4606.6960967	[1, 1, 1, 1, 1, 1, 1, 1, 1, 1, 1, 0]
	1214208	1116362	1100577	14	M	8	A		-1	4606.94268087	[1, 1, 1, 1, 1, 1, 1, 1, 1, 1, 1, 1]
	1204489	1113521	1089430	14	M	65	A		-1	4607.24895709	[1, 1, 1, 1, 1, 1, 1, 1, 1, 1, 1, 1]
	1265028	1166900	1116585	14	M	1	A		-1	4607.35003078	[1, 1, 1, 1, 1, 1, 1, 1, 1, 1, 1, 1]
	1227257	1189416	1188093	14	M	33	A		-1	4607.58135582	[1, 1, 1, 1, 1, 1, 1, 1, 1, 1, 1, 1]
	1204243	1116299	1173324	14	M	77	A		-1	4607.72580786	[1, 1, 1, 1, 1, 1, 1, 1, 1, 1, 1, 1]
	1180998	950538	1067707	13	M	83	A		-1	4607.79248048	[1, 1, 1, 1, 1, 1, 1, 1, 1, 1, 1, 1]
	1202495	1124289	1145559	14	M	16	A		-1	4607.80902895	[1, 1, 1, 1, 1, 1, 1, 1, 1, 1, 1, 1]
	1211425	1099251	1183923	14	M	28	A		-1	4608.1812226	[1, 1, 1, 0, 1, 1, 1, 1, 1, 1, 1, 1]
	1282061	1160683	1123480	14	M	36	A		-1	4608.20484443	[1, 1, 1, 1, 1, 1, 1, 0, 1, 1, 1, 1]
	1222264	1144962	1183197	14	M	51	A		-1	4608.21555557	[1, 1, 1, 1, 1, 1, 1, 1, 1, 1, 1, 1]
	1237512	1126276	1113014	14	M	77	A		-1	4608.21686355	[1, 1, 1, 1, 1, 1, 1, 1, 1, 1, 1, 1]
	1233722	1113710	1113156	14	M	87	A		-1	4608.79947911	[1, 1, 1, 1, 1, 1, 1, 1, 1, 1, 1, 1]
	1241102	1147531	1102606	14	M	94	A		-1	4608.98897962	[1, 1, 1, 1, 1, 1, 1, 1, 1, 1, 1, 1]
	1224107	1167107	1122897	14	M	88	A		-1	4609.15023026	[1, 1, 1, 1, 1, 1, 1, 1, 1, 1, 1, 1]
	1219369	1159899	1155989	14	M	49	A		-1	4609.24938007	[1, 1, 1, 1, 1, 1, 1, 1, 1, 1, 1, 1]
	1118042	1065909	1065865	13	M	55	A		-1	4609.84325085	[1, 1, 1, 1, 1, 1, 1, 1, 1, 1, 1, 1]
	1225838	1157509	1059874	14	M	66	A		-1	4610.17983348	[1, 1, 1, 0, 1, 1, 1, 1, 1, 1, 1, 1]
	1236589	1105175	1135959	14	M	68	A		-1	4610.51001578	[1, 1, 1, 1, 1, 1, 1, 1, 1, 1, 1, 1]
	1215814	1123408	1124027	14	M	78	A		-1	4610.66980866	[1, 1, 1, 1, 1, 1, 1, 1, 1, 1, 1, 1]
	1284723	1107912	1178020	14	M	79	A		-1	4610.92072045	[1, 1, 1, 1, 1, 1, 1, 1, 1, 1, 1, 1]
	1257388	1123913	997285	14	M	90	A		-1	4610.95221843	[1, 1, 1, 1, 1, 1, 1, 1, 1, 1, 1, 1]
	1222658	1113521	1190468	14	M	47	A		-1	4611.56325848	[1, 1, 1, 1, 1, 1, 1, 1, 1, 1, 1, 1]
	1196275	1189480	1100808	14	M	59	A		-1	4611.59975155	[1, 1, 1, 1, 1, 1, 1, 1, 1, 1, 1, 1]
	1278640	1185119	1155974	14	M	3	A		-1	4611.85474393	[1, 1, 1, 1, 1, 1, 1, 1, 1, 1, 1, 1]
	1206587	1106468	1160685	14	M	62	A		-1	4611.99231851	[1, 1, 1, 1, 1, 1, 1, 1, 1, 1, 1, 1]
	1234580	1119928	1109452	14	M	13	A		-1	4612.6707352	[1, 1, 1, 1, 1, 1, 1, 0, 1, 1, 1, 1]
	1242746	1103018	1145984	14	M	76	A		-1	4613.11239653	[1, 1, 1, 1, 1, 1, 1, 1, 1, 1, 1, 1]
	1254588	1096301	1112534	14	M	63	A		-1	4613.50305612	[1, 1, 1, 1, 1, 1, 1, 1, 1, 1, 1, 1]
	1249195	1186600	1131629	14	M	44	A		-1	4613.57218837	[1, 1, 1, 0, 1, 1, 1, 1, 1, 1, 1, 1]
	1291062	1167107	1109980	14	M	86	A		-1	4613.84477573	[1, 1, 1, 1, 1, 1, 1, 1, 1, 1, 1, 1]
	1235260	1141463	1172484	14	M	11	A		-1	4614.17907073	[1, 1, 1, 1, 1, 1, 1, 1, 1, 1, 1, 1]
	1261435	1168188	1155450	14	M	55	A		-1	4614.23151209	[1, 1, 1, 1, 1, 1, 1, 1, 1, 1, 1, 1]
	1229819	1159899	858944	14	M	41	A		-1	4614.29834786	[1, 1, 1, 1, 1, 1, 1, 1, 1, 1, 1, 1]
	1204143	1177588	1151079	14	M	43	A		-1	4614.56199077	[1, 1, 1, 1, 1, 1, 1, 1, 1, 1, 1, 1]
	1248152	1117175	1091362	14	M	34	A		-1	4614.61701625	[1, 1, 1, 1, 1, 1, 1, 1, 1, 1, 1, 1]
	1243454	1148237	1145129	14	M	6	A		-1	4614.8340666	[1, 1, 1, 1, 1, 1, 1, 1, 1, 1, 1, 1]
	1210822	1186600	1148064	14	M	79	A		-1	4615.35693672	[1, 1, 1, 0, 1, 1, 1, 1, 1, 1, 1, 1]
	1224838	1106468	1138716	14	M	55	A		-1	4615.72773452	[1, 1, 1, 1, 1, 1, 1, 1, 1, 1, 1, 1]
	1292244	1106468	1167329	14	M	58	A		-1	4615.81213756	[1, 1, 1, 1, 1, 1, 1, 1, 1, 1, 1, 1]
	1249280	1118042	1162914	14	M	27	A		-1	4616.53965684	[1, 1, 1, 1, 1, 1, 1, 1, 1, 1, 1, 1]
	1236778	1157509	1140620	14	M	66	A		-1	4616.65020735	[1, 1, 1, 1, 1, 1, 1, 1, 1, 1, 1, 1]
	1240552	1155230	1104164	14	M	87	A		-1	4616.84705883	[1, 1, 1, 1, 1, 1, 1, 1, 1, 1, 1, 1]
	1204997	1147531	1097943	14	M	0	A		-1	4616.85075344	[1, 1, 1, 1, 1, 1, 1, 1, 1, 1, 1, 1]
	1243278	1148237	1164109	14	M	3	A		-1	4617.04501978	[1, 1, 1, 1, 1, 1, 1, 1, 1, 1, 1, 1]
	1258417	1116299	854652	14	M	87	A		-1	4617.7559148	[1, 0, 1, 1, 1, 1, 1, 1, 1, 1, 1, 1]
	1224054	1186633	1139973	14	M	42	A		-1	4617.96881655	[1, 1, 1, 1, 1, 1, 1, 1, 1, 1, 1, 1]
	1196447	1186600	1116472	14	M	71	A		-1	4618.42587357	[1, 1, 1, 0, 1, 1, 1, 1, 1, 1, 1, 1]
	1277385	1116299	1171306	14	M	90	A		-1	4618.63255368	[1, 1, 1, 1, 1, 1, 1, 1, 1, 1, 1, 1]
	1288421	1125614	1193233	14	M	31	A		-1	4618.67658664	[1, 1, 0, 1, 1, 1, 1, 1, 1, 1, 1, 1]
	1208153	1103018	1110821	14	M	47	A		-1	4618.72019839	[1, 1, 1, 1, 1, 1, 1, 1, 1, 1, 1, 1]
	1243623	1141463	1016311	14	M	83	A		-1	4618.83229589	[1, 1, 1, 1, 1, 1, 1, 1, 1, 1, 1, 1]
	1232092	1136583	1083398	14	M	11	A		-1	4619.48652958	[1, 1, 1, 1, 1, 1, 1, 1, 1, 1, 1, 1]
	1196774	1165464	1130355	14	M	59	A		-1	4619.58637231	[1, 1, 1, 1, 1, 1, 1, 1, 1, 1, 1, 1]
	1215641	1147531	1130228	14	M	90	A		-1	4619.945524	[1, 1, 1, 1, 1, 1, 1, 1, 1, 1, 1, 1]
	1245420	1168188	1165960	14	M	41	A		-1	4620.0915133	[1, 1, 1, 1, 1, 1, 1, 1, 1, 1, 1, 1]
	1288682	1157509	1128236	14	M	86	A		-1	4620.23702684	[1, 1, 1, 1, 1, 1, 1, 1, 1, 1, 1, 1]
	1211393	1113521	1094638	14	M	35	A		-1	4620.42205851	[1, 1, 1, 1, 1, 1, 1, 1, 1, 1, 1, 1]
	1243227	1160683	1100959	14	M	39	A		-1	4620.9334038	[1, 1, 1, 1, 1, 1, 1, 1, 1, 1, 1, 1]
	1281376	1167107	1126216	14	M	77	A		-1	4620.97606037	[1, 1, 1, 1, 1, 1, 1, 1, 1, 1, 1, 1]
	1203834	1116299	1119807	14	M	9	A		-1	4621.26808964	[1, 1, 1, 1, 1, 1, 1, 1, 1, 1, 1, 1]
	1235139	1177652	1168369	14	M	68	A		-1	4621.33034973	[1, 1, 1, 1, 1, 1, 1, 1, 1, 1, 1, 1]
	1266787	1123408	1101214	14	M	10	A		-1	4621.87183361	[1, 1, 1, 1, 1, 1, 1, 1, 1, 1, 1, 1]
	1235568	1157509	1171482	14	M	1	A		-1	4621.90610034	[1, 1, 1, 1, 1, 1, 1, 1, 1, 1, 1, 1]
	1224810	1116299	1138176	14	M	87	A		-1	4621.97098366	[1, 1, 1, 1, 1, 1, 1, 1, 1, 1, 1, 1]
	1199985	1155230	1179151	14	M	30	A		-1	4622.38060391	[0, 1, 1, 1, 1, 1, 1, 1, 1, 1, 1, 1]
	1256403	1157834	1186961	14	M	46	A		-1	4622.70825195	[1, 1, 1, 0, 1, 1, 1, 1, 1, 1, 1, 1]
	1204815	1157509	1114691	14	M	80	A		-1	4623.16695231	[1, 1, 1, 0, 1, 1, 1, 1, 1, 1, 1, 1]
	1238575	1160683	1174073	14	M	52	A		-1	4623.49377852	[1, 1, 1, 1, 1, 1, 1, 1, 1, 1, 1, 1]
	1203996	1167107	1154732	14	M	58	A		-1	4623.6380944	[1, 1, 1, 1, 1, 1, 1, 1, 1, 1, 1, 1]
	1269177	1123913	1165923	14	M	63	A		-1	4624.09894198	[1, 1, 0, 1, 1, 1, 1, 1, 1, 1, 1, 1]
	1254130	1119928	1178684	14	M	62	A		-1	4624.93852541	[1, 1, 1, 1, 1, 1, 1, 1, 1, 1, 1, 1]
	1262447	1119742	1182602	14	M	4	A		-1	4624.95493446	[1, 1, 1, 1, 1, 1, 1, 1, 1, 1, 1, 1]
	1246378	1126276	1159144	14	M	7	A		-1	4625.2078886	[1, 1, 1, 1, 1, 1, 1, 1, 1, 1, 1, 1]
	1245443	1167107	1184709	14	M	39	A		-1	4625.27594536	[1, 1, 1, 1, 1, 1, 1, 1, 1, 1, 1, 1]
	1208793	1147531	1100354	14	M	54	A		-1	4625.5573921	[1, 1, 1, 1, 1, 1, 1, 1, 1, 1, 1, 1]
	1244064	1155230	1103195	14	M	20	A		-1	4625.76600852	[1, 1, 1, 1, 1, 1, 1, 1, 1, 1, 1, 1]
	1264993	1131439	1092539	14	M	15	A		-1	4625.94229261	[1, 1, 1, 1, 1, 1, 1, 1, 1, 1, 1, 1]
	1217754	1119928	1155890	14	M	94	A		-1	4626.63295602	[1, 1, 1, 1, 1, 1, 1, 1, 1, 1, 1, 1]
	1290919	1118042	1141764	14	M	15	A		-1	4626.67684653	[1, 1, 1, 1, 1, 1, 1, 1, 1, 1, 1, 1]
	1236960	1130495	1123148	14	M	78	A		-1	4626.77478726	[1, 1, 1, 1, 1, 1, 1, 1, 1, 1, 1, 1]
	1247701	1116299	1073190	14	M	22	A		-1	4626.90162215	[1, 1, 1, 1, 1, 1, 1, 1, 1, 1, 1, 1]
	1248703	1107912	1117820	14	M	58	A		-1	4627.05565362	[1, 1, 1, 1, 1, 1, 1, 1, 1, 1, 1, 1]
	1290191	1116362	1104965	14	M	71	A		-1	4627.52120341	[1, 1, 1, 1, 1, 1, 1, 1, 1, 1, 1, 1]
	1213388	1107912	1179289	14	M	27	A		-1	4627.52900543	[1, 1, 0, 1, 1, 1, 1, 1, 1, 1, 1, 1]
	1276505	1112635	1135730	14	M	60	A		-1	4627.57945244	[1, 1, 1, 1, 1, 1, 1, 1, 1, 1, 1, 1]
	1252656	1186600	1142283	14	M	62	A		-1	4627.63597113	[1, 1, 1, 1, 1, 1, 1, 1, 1, 1, 1, 1]
	1209890	1113521	1178720	14	M	22	A		-1	4627.72797704	[1, 1, 1, 0, 1, 1, 1, 0, 1, 1, 1, 1]
	1222636	1185119	1165779	14	M	92	A		-1	4628.02146591	[1, 1, 1, 1, 1, 1, 1, 1, 1, 1, 1, 1]
	1291911	1096301	1181636	14	M	8	A		-1	4628.49618606	[1, 1, 1, 1, 1, 1, 1, 1, 1, 1, 1, 1]
	1242267	1155471	1131732	14	M	37	A		-1	4629.78321913	[1, 1, 1, 0, 1, 1, 1, 1, 1, 1, 1, 1]
	1229401	1189416	1140473	14	M	59	A		-1	4630.21012542	[1, 1, 1, 1, 1, 1, 1, 1, 1, 1, 1, 1]
	1249941	1119928	1162918	14	M	57	A		-1	4630.58653966	[1, 1, 1, 1, 1, 1, 1, 1, 1, 1, 1, 1]
	1250869	1117175	1015115	14	M	50	A		-1	4630.96058556	[1, 1, 1, 1, 1, 1, 1, 0, 1, 1, 1, 1]
	1198146	1185119	1180126	14	M	1	A		-1	4631.85478448	[0, 1, 1, 1, 1, 1, 1, 1, 1, 1, 1, 1]
	1217545	1155471	1107085	14	M	48	A		-1	4632.15093716	[1, 1, 1, 1, 1, 1, 1, 1, 1, 1, 1, 1]
	1201631	1147531	1125841	14	M	80	A		-1	4632.50441077	[1, 1, 1, 1, 1, 1, 1, 1, 1, 1, 1, 1]
	1284859	1117175	1133538	14	M	46	A		-1	4632.7811624	[1, 1, 1, 1, 1, 1, 1, 0, 1, 1, 1, 1]
	1273310	1116362	1149824	14	M	71	A		-1	4633.82363928	[1, 1, 1, 1, 1, 1, 1, 1, 1, 1, 1, 1]
	1263730	1157834	1140612	14	M	14	A		-1	4634.80143453	[1, 1, 1, 0, 1, 1, 1, 1, 1, 1, 1, 1]
	1243904	1185119	1188908	14	M	13	A		-1	4634.80736026	[1, 1, 1, 1, 1, 1, 1, 1, 1, 1, 1, 1]
	1199918	1125614	1119708	14	M	63	A		-1	4634.99444502	[1, 1, 1, 1, 1, 1, 1, 1, 1, 1, 1, 1]
	1217477	1116362	995981	14	M	88	A		-1	4635.14032243	[1, 1, 1, 1, 1, 1, 1, 1, 1, 1, 1, 1]
	1251458	1169150	1145171	14	M	53	A		-1	4635.26746394	[1, 1, 1, 1, 1, 1, 1, 1, 1, 1, 1, 1]
	1279422	1159899	1153533	14	M	9	A		-1	4635.44531588	[1, 1, 1, 0, 1, 1, 1, 1, 1, 1, 1, 1]
	1244827	1180998	1099411	14	M	57	A		-1	4635.63374488	[1, 1, 1, 1, 1, 1, 1, 1, 1, 1, 1, 1]
	1256444	1116362	1130108	14	M	58	A		-1	4635.71937799	[1, 1, 1, 1, 1, 1, 1, 0, 1, 1, 1, 1]
	1208249	1189480	1128154	14	M	90	A		-1	4635.88336662	[1, 1, 1, 1, 1, 1, 1, 1, 1, 1, 1, 1]
	1267001	1177652	1115636	14	M	38	A		-1	4636.01711541	[1, 1, 1, 1, 1, 1, 1, 0, 1, 1, 1, 1]
	1201621	1107912	1141561	14	M	28	A		-1	4636.41137529	[1, 1, 1, 0, 1, 1, 1, 1, 1, 1, 1, 1]
	1290152	1159899	1121725	14	M	56	A		-1	4636.52191809	[1, 1, 1, 1, 1, 1, 1, 1, 1, 1, 1, 1]
	1096301	997170	1083697	13	M	98	A		-1	4636.86742068	[1, 1, 1, 1, 1, 1, 1, 1, 1, 1, 1, 1]
	1224110	1147531	1160087	14	M	10	A		-1	4636.98124111	[1, 1, 1, 1, 1, 1, 1, 1, 1, 1, 1, 1]
	1271673	1125614	1161033	14	M	76	A		-1	4637.09213631	[1, 1, 1, 0, 1, 1, 1, 1, 1, 1, 1, 1]
	1237826	1177652	1126185	14	M	41	A		-1	4637.09998479	[1, 1, 1, 1, 1, 1, 1, 1, 1, 1, 1, 1]
	1265238	1185119	1112794	14	M	72	A		-1	4637.6646168	[1, 1, 1, 1, 1, 1, 1, 1, 1, 1, 1, 1]
	1222060	1107912	1124255	14	M	14	A		-1	4637.7247174	[1, 1, 1, 0, 1, 1, 1, 1, 1, 1, 1, 1]
	1290406	1096301	1123262	14	M	98	A		-1	4637.73828436	[1, 1, 1, 1, 1, 1, 1, 1, 1, 1, 1, 1]
	1245999	1180998	1095953	14	M	99	A		-1	4638.17693451	[1, 1, 1, 1, 1, 1, 1, 1, 1, 1, 1, 1]
	1236214	1124289	1119988	14	M	18	A		-1	4638.24115938	[1, 1, 1, 1, 1, 1, 1, 1, 1, 1, 1, 1]
	1271016	1174478	1102165	14	M	62	A		-1	4638.34445378	[1, 1, 1, 1, 1, 1, 1, 1, 1, 1, 1, 1]
	1136583	1032132	1033621	13	M	73	A		-1	4638.72691656	[1, 1, 1, 1, 1, 1, 1, 1, 1, 1, 1, 1]
	1249499	1180998	1133467	14	M	4	A		-1	4639.28623582	[1, 1, 1, 1, 1, 1, 1, 1, 1, 1, 1, 1]
	1279005	1189416	1142506	14	M	62	A		-1	4639.657897	[1, 1, 1, 1, 1, 1, 0, 1, 1, 1, 1, 1]
	1285415	1169150	1101117	14	M	67	A		-1	4639.86585759	[1, 1, 1, 1, 1, 1, 1, 1, 1, 1, 1, 1]
	1272616	1159899	1114334	14	M	97	A		-1	4640.15972735	[1, 1, 1, 1, 1, 1, 1, 1, 1, 1, 1, 1]
	1243290	1166900	1062694	14	M	73	A		-1	4640.4232159	[1, 1, 1, 0, 1, 1, 1, 1, 1, 1, 1, 1]
	1276802	1125614	1110599	14	M	37	A		-1	4640.52552242	[1, 1, 0, 1, 1, 1, 1, 1, 1, 1, 1, 1]
	1291944	1147531	1004873	14	M	34	A		-1	4641.2554273	[1, 1, 1, 1, 1, 1, 1, 1, 1, 1, 1, 1]
	1233584	1177652	1157128	14	M	26	A		-1	4642.09743961	[1, 1, 1, 1, 1, 1, 1, 1, 1, 1, 1, 1]
	1240194	1186633	1112595	14	M	71	A		-1	4642.16671962	[1, 1, 1, 1, 1, 1, 1, 0, 1, 1, 1, 1]
	1204710	1185119	1134097	14	M	12	A		-1	4642.19886337	[1, 1, 1, 1, 1, 1, 1, 1, 1, 1, 1, 1]
	1280493	1113521	1122294	14	M	77	A		-1	4642.50509144	[1, 1, 1, 1, 1, 1, 1, 1, 1, 1, 1, 1]
	1196584	1147531	1155469	14	M	60	A		-1	4643.47211798	[1, 1, 1, 1, 1, 1, 1, 1, 1, 1, 1, 1]
	1244960	1113521	1116253	14	M	80	A		-1	4643.55307291	[1, 1, 1, 1, 1, 1, 1, 1, 1, 1, 1, 1]
	1217609	1189480	1173853	14	M	64	A		-1	4643.68444866	[1, 1, 1, 1, 1, 1, 1, 1, 1, 1, 1, 1]
	1195843	1189480	1148282	14	M	93	A		-1	4643.7948339	[1, 1, 1, 1, 1, 1, 1, 1, 1, 1, 1, 1]
	1229975	1157509	1114862	14	M	66	A		-1	4644.11209485	[1, 1, 1, 1, 1, 1, 1, 1, 1, 1, 1, 1]
	1288183	1123913	1109649	14	M	28	A		-1	4644.35676978	[1, 1, 1, 1, 1, 1, 1, 1, 1, 1, 1, 1]
	1254057	1107912	1104731	14	M	89	A		-1	4644.39935462	[1, 1, 1, 1, 1, 1, 1, 1, 1, 1, 1, 1]
	1255398	1116299	1103883	14	M	80	A		-1	4644.52334727	[1, 1, 0, 1, 1, 1, 1, 1, 1, 1, 1, 1]
	1291297	1140786	908380	14	M	76	A		-1	4644.55106905	[1, 1, 1, 1, 1, 1, 1, 1, 1, 1, 1, 1]
	1270373	1123408	1107074	14	M	33	A		-1	4645.07022726	[1, 1, 1, 1, 1, 1, 1, 1, 1, 1, 1, 1]
	1186633	994859	1007825	13	M	96	A		-1	4645.38885899	[1, 1, 1, 1, 1, 1, 1, 1, 1, 1, 1, 1]
	1236019	1112635	1179846	14	M	76	A		-1	4645.59926968	[1, 1, 1, 1, 1, 1, 1, 1, 1, 1, 1, 1]
	1272820	1144962	1191974	14	M	93	A		-1	4645.66169113	[1, 1, 1, 1, 1, 1, 1, 1, 1, 1, 1, 1]
	1234444	1123408	1172224	14	M	72	A		-1	4645.91899945	[1, 1, 1, 1, 1, 1, 1, 1, 1, 1, 1, 1]
	1256733	1179986	1152270	14	M	25	A		-1	4646.79986171	[1, 1, 1, 1, 1, 1, 1, 1, 1, 1, 1, 1]
	1284122	1148237	1103048	14	M	69	A		-1	4647.22664719	[1, 1, 1, 1, 1, 1, 1, 1, 1, 1, 1, 1]
	1273666	1116299	1163457	14	M	9	A		-1	4647.7191897	[1, 1, 1, 1, 1, 1, 1, 1, 1, 1, 1, 1]
	1281609	1157509	1180813	14	M	23	A		-1	4647.74677793	[1, 1, 1, 0, 1, 1, 1, 1, 1, 1, 1, 1]
	1235081	1119928	1109659	14	M	4	A		-1	4648.48986652	[1, 1, 1, 1, 1, 1, 1, 1, 1, 1, 1, 1]
	1269336	1112635	1182109	14	M	83	A		-1	4648.55432867	[1, 1, 1, 1, 1, 1, 1, 1, 1, 1, 1, 1]
	1210510	1159899	1028107	14	M	34	A		-1	4648.57040772	[1, 1, 1, 1, 1, 1, 1, 1, 1, 1, 1, 1]
	1247295	1096301	1034663	14	M	61	A		-1	4648.57536208	[1, 1, 1, 1, 1, 1, 1, 1, 1, 1, 1, 1]
	1251517	1123408	1097188	14	M	7	A		-1	4649.04835923	[1, 1, 1, 1, 1, 1, 1, 0, 1, 1, 1, 1]
	1221516	1116299	1151548	14	M	52	A		-1	4649.37980797	[1, 1, 1, 1, 1, 1, 1, 1, 1, 1, 1, 1]
	1223087	1155230	1131350	14	M	97	A		-1	4649.56332605	[1, 1, 1, 1, 1, 1, 1, 1, 1, 1, 1, 1]
	1232047	1107912	1173531	14	M	10	A		-1	4649.94353376	[1, 1, 1, 1, 1, 1, 1, 1, 1, 1, 1, 1]
	1205561	1136583	1061077	14	M	73	A		-1	4650.33834202	[1, 0, 1, 1, 1, 1, 1, 1, 1, 1, 1, 1]
	1258658	1186633	1099424	14	M	36	A		-1	4650.6987974	[1, 1, 1, 1, 1, 1, 1, 1, 1, 1, 1, 1]
	1223015	1185119	1058451	14	M	41	A		-1	4651.01658308	[1, 1, 1, 1, 1, 1, 1, 1, 1, 1, 1, 1]
	1279113	1157509	1023093	14	M	25	A		-1	4651.18834196	[1, 1, 1, 1, 1, 1, 1, 1, 1, 1, 1, 1]
	1274292	1124289	1095203	14	M	45	A		-1	4651.80641751	[1, 1, 1, 1, 1, 1, 1, 1, 1, 1, 1, 1]
	1291277	1123408	1128458	14	M	18	A		-1	4651.9450035	[1, 1, 1, 1, 1, 1, 1, 1, 1, 1, 1, 1]
	1257317	1119928	1138754	14	M	52	A		-1	4652.0119859	[1, 1, 1, 1, 1, 1, 1, 1, 1, 1, 1, 1]
	1254533	1148237	1041286	14	M	44	A		-1	4652.90187771	[1, 1, 1, 1, 1, 1, 1, 1, 1, 1, 1, 1]
	1209723	1157834	1176241	14	M	85	A		-1	4652.95933533	[1, 1, 1, 0, 1, 1, 1, 1, 1, 1, 1, 1]
	1267925	1157834	1100188	14	M	39	A		-1	4653.03863908	[1, 1, 1, 0, 1, 1, 1, 1, 1, 1, 1, 1]
	1259491	1116299	1055993	14	M	21	A		-1	4653.06522274	[1, 1, 1, 1, 1, 1, 1, 1, 1, 1, 1, 1]
	1201910	1099251	1186582	14	M	4	A		-1	4653.2231754	[1, 1, 1, 0, 1, 1, 1, 1, 1, 1, 1, 1]
	1291289	1148237	1101520	14	M	93	A		-1	4653.53537211	[1, 1, 0, 1, 1, 1, 1, 1, 1, 1, 1, 1]
	1264369	1157509	1180340	14	M	0	A		-1	4653.88249434	[1, 1, 1, 1, 1, 1, 1, 0, 1, 1, 1, 1]
	1263452	1103018	1166921	14	M	75	A		-1	4654.01566563	[1, 1, 1, 1, 1, 1, 1, 1, 1, 1, 1, 1]
	1268371	1117175	1163184	14	M	51	A		-1	4655.28424534	[1, 1, 1, 1, 1, 1, 1, 0, 1, 1, 1, 1]
	1224203	1147531	1137575	14	M	46	A		-1	4655.83718736	[1, 1, 1, 1, 1, 1, 1, 1, 1, 1, 1, 1]
	1239341	1099251	1193720	14	M	88	A		-1	4656.16849809	[1, 1, 1, 1, 1, 1, 1, 1, 1, 1, 1, 1]
	1291208	1119742	1149856	14	M	83	A		-1	4656.66451259	[1, 1, 1, 1, 1, 1, 1, 1, 1, 1, 1, 1]
	1289638	1168188	1127512	14	M	55	A		-1	4657.6609295	[0, 1, 1, 1, 1, 1, 1, 1, 1, 1, 1, 1]
	1257079	1116299	1109913	14	M	99	A		-1	4659.2661119	[1, 1, 1, 1, 1, 1, 1, 1, 1, 1, 1, 1]
	1205577	1160683	1144894	14	M	16	A		-1	4659.88988455	[1, 1, 1, 1, 1, 1, 1, 1, 1, 1, 1, 1]
	1281960	1189416	1083257	14	M	100	A		-1	4660.63501633	[1, 1, 1, 1, 1, 1, 1, 1, 1, 1, 1, 1]
	1200941	1186633	1143927	14	M	73	A		-1	4661.58041803	[1, 1, 1, 1, 1, 1, 1, 1, 1, 1, 1, 1]
	1208570	1177652	1096887	14	M	55	A		-1	4662.04637799	[1, 1, 1, 1, 1, 1, 1, 1, 1, 1, 1, 1]
	1211900	1118042	1003172	14	M	28	A		-1	4662.41574277	[1, 1, 1, 1, 1, 1, 1, 1, 1, 1, 1, 1]
	1247241	1160683	1018231	14	M	59	A		-1	4662.6241474	[1, 1, 1, 1, 1, 1, 1, 1, 1, 1, 1, 1]
	1263392	1159899	1155119	14	M	33	A		-1	4662.93130242	[1, 1, 1, 1, 1, 1, 1, 1, 1, 1, 1, 1]
	1247057	1131439	1164310	14	M	89	A		-1	4662.98540953	[1, 1, 1, 0, 1, 1, 1, 1, 1, 1, 1, 1]
	1266288	1160683	1142839	14	M	25	A		-1	4663.08969956	[1, 1, 1, 0, 1, 1, 1, 0, 1, 1, 1, 1]
	1233389	1189416	1136959	14	M	6	A		-1	4663.51780583	[1, 1, 1, 1, 1, 1, 1, 1, 1, 1, 1, 1]
	1267870	1141463	1070247	14	M	73	A		-1	4664.10653135	[1, 1, 1, 1, 1, 1, 1, 1, 1, 1, 1, 1]
	1117175	1032761	1083072	13	M	3	A		-1	4665.15288417	[1, 1, 1, 1, 1, 1, 1, 0, 1, 1, 1, 1]
	1219208	1132619	1108031	14	M	12	A		-1	4665.26751973	[0, 1, 1, 1, 1, 1, 1, 1, 1, 1, 1, 1]
	1260094	1125614	1114049	14	M	74	A		-1	4665.50072481	[1, 1, 0, 1, 1, 1, 1, 1, 1, 1, 1, 1]
	1272181	1116299	1178183	14	M	49	A		-1	4665.74666355	[1, 1, 1, 1, 1, 1, 1, 1, 1, 1, 1, 1]
	1207448	1105175	1165130	14	M	18	A		-1	4666.103199	[1, 1, 1, 1, 1, 1, 1, 1, 1, 1, 1, 1]
	1285789	1096301	994190	14	M	78	A		-1	4667.19557927	[1, 1, 1, 1, 1, 1, 1, 1, 1, 1, 1, 1]
	1198634	1136583	1192052	14	M	57	A		-1	4667.24344148	[1, 1, 1, 1, 1, 1, 1, 1, 1, 1, 1, 1]
	1256314	1157509	1132408	14	M	74	A		-1	4667.42242121	[1, 1, 1, 0, 1, 1, 1, 1, 1, 1, 1, 1]
	1265933	1148237	1185877	14	M	26	A		-1	4667.65620235	[1, 1, 1, 1, 1, 1, 1, 1, 1, 1, 1, 1]
	1284937	1174478	1192641	14	M	5	A		-1	4667.85095215	[1, 1, 1, 1, 1, 1, 1, 1, 1, 1, 1, 1]
	1205015	1148237	1041540	14	M	95	A		-1	4668.47085538	[1, 1, 1, 0, 1, 1, 1, 1, 1, 1, 1, 1]
	1253838	1177588	1144087	14	M	47	A		-1	4668.64025389	[1, 1, 1, 1, 1, 1, 1, 1, 1, 1, 1, 1]
	1286511	1157834	1073263	14	M	43	A		-1	4669.00743891	[1, 1, 0, 1, 1, 1, 1, 1, 1, 1, 1, 1]
	1223992	1177588	1186609	14	M	89	A		-1	4669.1173659	[1, 1, 1, 1, 1, 1, 1, 1, 1, 1, 1, 1]
	1233845	1169150	1102876	14	M	37	A		-1	4669.14685286	[1, 1, 1, 1, 1, 1, 1, 1, 1, 1, 1, 1]
	1189480	1001812	925191	13	M	28	A		-1	4671.1600373	[1, 1, 1, 1, 1, 1, 1, 1, 1, 1, 1, 1]
	1250274	1155471	1183151	14	M	9	A		-1	4671.47255764	[1, 1, 1, 1, 1, 1, 1, 1, 1, 1, 1, 1]
	1269181	1113521	1119433	14	M	52	A		-1	4671.56378915	[1, 1, 1, 1, 1, 1, 1, 1, 1, 1, 1, 1]
	1241906	1166900	1191266	14	M	22	A		-1	4671.62427412	[1, 1, 1, 1, 1, 1, 1, 1, 1, 1, 1, 1]
	1262810	1168188	1104092	14	M	3	A		-1	4671.68079548	[1, 1, 1, 1, 1, 1, 1, 1, 1, 1, 1, 1]
	1255625	1189416	1097154	14	M	73	A		-1	4672.11319322	[1, 1, 1, 1, 1, 1, 1, 1, 1, 1, 1, 1]
	1281205	1131439	1052740	14	M	39	A		-1	4672.30224342	[1, 1, 1, 1, 1, 1, 1, 1, 1, 1, 1, 1]
	1210842	1126276	1105551	14	M	34	A		-1	4672.42379628	[1, 1, 1, 1, 1, 1, 1, 1, 1, 1, 1, 1]
	1271927	1125614	1104299	14	M	31	A		-1	4672.68596858	[1, 1, 0, 1, 1, 1, 1, 1, 1, 1, 1, 1]
	1216261	1155471	1024580	14	M	65	A		-1	4672.69987129	[0, 1, 1, 1, 1, 1, 1, 1, 1, 1, 1, 1]
	1204501	1131439	1010937	14	M	66	A		-1	4672.98708401	[1, 1, 1, 1, 1, 1, 1, 1, 1, 1, 1, 1]
	1211842	1130495	1191866	14	M	89	A		-1	4673.17573681	[1, 1, 1, 1, 1, 1, 1, 1, 1, 1, 1, 1]
	1198054	1113710	1154208	14	M	13	A		-1	4673.83743606	[1, 1, 1, 1, 1, 1, 0, 1, 1, 1, 1, 1]
	1217446	1166900	1121018	14	M	72	A		-1	4674.0944815	[1, 1, 1, 1, 1, 1, 1, 1, 1, 1, 1, 1]
	1273682	1186600	1051572	14	M	31	A		-1	4674.18515322	[1, 1, 1, 0, 1, 1, 1, 1, 1, 1, 1, 1]
	1207575	1148237	1121750	14	M	77	A		-1	4674.30665781	[1, 1, 1, 1, 1, 1, 1, 1, 1, 1, 1, 1]
	1233488	1103018	1103960	14	M	96	A		-1	4675.46796211	[1, 1, 1, 1, 1, 1, 1, 1, 1, 1, 1, 1]
	1225616	1186600	1163738	14	M	50	A		-1	4675.70207483	[1, 1, 1, 0, 1, 1, 1, 1, 1, 1, 1, 1]
	1283689	1155471	1094751	14	M	72	A		-1	4676.21194237	[1, 1, 1, 1, 1, 1, 1, 1, 1, 1, 1, 1]
	1258277	1113521	1101225	14	M	34	A		-1	4676.55655917	[1, 1, 1, 1, 1, 1, 1, 1, 1, 1, 1, 1]
	1233572	1177652	1148620	14	M	95	A		-1	4676.98766051	[1, 1, 1, 1, 1, 1, 1, 1, 1, 1, 1, 1]
	1286046	1123913	1175491	14	M	79	A		-1	4677.74038207	[1, 1, 1, 1, 1, 1, 1, 1, 1, 1, 1, 1]
	1226161	1132619	1028114	14	M	70	A		-1	4678.42855578	[0, 1, 1, 1, 1, 1, 1, 1, 1, 1, 1, 1]
	1222008	1157509	1028383	14	M	41	A		-1	4678.8580964	[0, 1, 1, 0, 1, 1, 1, 1, 1, 1, 1, 1]
	1112635	1054709	1057051	13	M	29	A		-1	4679.01938405	[1, 1, 1, 1, 1, 1, 1, 1, 1, 1, 1, 1]
	1225737	1157509	1136216	14	M	14	A		-1	4679.49461442	[1, 1, 1, 1, 1, 1, 1, 1, 1, 1, 1, 1]
	1197151	1166900	1112833	14	M	63	A		-1	4680.57328772	[1, 1, 1, 1, 1, 1, 1, 1, 1, 1, 1, 1]
	1208827	1103018	1172801	14	M	23	A		-1	4680.7622613	[1, 1, 1, 1, 1, 1, 1, 1, 1, 1, 1, 1]
	1268899	1132619	1122435	14	M	99	A		-1	4680.89089675	[1, 1, 1, 1, 1, 1, 1, 1, 1, 1, 1, 1]
	1282297	1107912	1168296	14	M	4	A		-1	4682.25732732	[1, 1, 1, 1, 1, 1, 1, 1, 1, 1, 1, 1]
	1230816	1096301	1131138	14	M	36	A		-1	4682.61260759	[1, 1, 1, 1, 1, 1, 1, 1, 1, 1, 1, 1]
	1267453	1186633	1186136	14	M	7	A		-1	4683.33314052	[1, 1, 1, 1, 1, 1, 1, 1, 1, 1, 1, 1]
	1276646	1144962	1136962	14	M	31	A		-1	4683.69979094	[1, 1, 1, 1, 1, 1, 1, 1, 1, 1, 1, 1]
	1222464	1096301	999463	14	M	76	A		-1	4684.76174448	[1, 1, 1, 1, 0, 1, 1, 1, 1, 1, 1, 1]
	1235675	1155230	1137316	14	M	35	A		-1	4685.18025779	[1, 1, 1, 1, 1, 1, 1, 1, 1, 1, 1, 1]
	1293499	1157834	1141970	14	M	68	A		-1	4686.09925404	[1, 1, 0, 0, 1, 1, 1, 1, 1, 1, 1, 1]
	1211389	1174478	1014027	14	M	76	A		-1	4686.8490836	[1, 1, 1, 1, 1, 1, 1, 1, 1, 1, 1, 1]
	1236764	1185119	1177468	14	M	15	A		-1	4687.64932266	[1, 1, 1, 1, 1, 1, 1, 1, 1, 1, 1, 1]
	1211702	1157834	1119288	14	M	47	A		-1	4687.9628408	[1, 1, 1, 1, 1, 1, 1, 1, 1, 1, 1, 1]
	1246268	1168188	1148733	14	M	69	A		-1	4688.0655782	[0, 1, 1, 1, 1, 1, 1, 1, 1, 1, 1, 1]
	1267475	1185119	1192604	14	M	62	A		-1	4690.22487607	[1, 1, 1, 1, 1, 1, 1, 1, 1, 1, 1, 1]
	1231305	1147531	1143447	14	M	75	A		-1	4690.48845557	[1, 1, 1, 1, 1, 1, 1, 1, 1, 1, 1, 1]
	1265820	1157509	1169600	14	M	67	A		-1	4691.61305218	[1, 1, 1, 0, 1, 1, 1, 1, 1, 1, 1, 1]
	1221873	1189416	1028490	14	M	63	A		-1	4692.7064042	[1, 1, 1, 1, 1, 1, 1, 1, 1, 1, 1, 1]
	1246589	1132619	1141216	14	M	92	A		-1	4692.92153051	[1, 1, 1, 1, 1, 1, 1, 1, 1, 1, 1, 1]
	1287500	1116299	1156590	14	M	44	A		-1	4693.78487543	[1, 1, 1, 1, 1, 1, 1, 1, 1, 1, 1, 1]
	1243370	1106468	1096109	14	M	10	A		-1	4694.10803085	[1, 1, 1, 1, 1, 1, 1, 0, 1, 1, 1, 1]
	1274473	1124289	1169612	14	M	62	A		-1	4694.1615659	[1, 1, 1, 1, 1, 1, 1, 1, 1, 1, 1, 1]
	1289597	1147531	1166864	14	M	48	A		-1	4694.48424928	[1, 1, 1, 1, 1, 1, 1, 1, 1, 1, 1, 1]
	1265434	1119742	1169793	14	M	51	A		-1	4695.57371094	[1, 1, 1, 1, 1, 1, 1, 1, 1, 1, 1, 1]
	1195735	1105175	1117934	14	M	7	A		-1	4697.02983035	[1, 1, 1, 1, 1, 1, 1, 1, 1, 1, 1, 1]
	1263734	1169150	1184476	14	M	51	A		-1	4697.38469369	[1, 1, 1, 1, 1, 1, 1, 0, 1, 1, 1, 1]
	1225254	1107912	1117563	14	M	40	A		-1	4699.01431928	[1, 1, 1, 1, 1, 1, 1, 1, 1, 1, 1, 1]
	1250422	1103018	1096701	14	M	28	A		-1	4700.06991365	[1, 1, 1, 1, 1, 1, 1, 1, 1, 1, 1, 1]
	1269153	1113521	1184317	14	M	76	A		-1	4700.08004784	[1, 1, 1, 1, 1, 1, 1, 1, 1, 1, 1, 1]
	1196248	1116362	1004596	14	M	41	A		-1	4700.426651	[1, 1, 1, 1, 1, 1, 1, 1, 1, 1, 1, 1]
	1279959	1179986	1113732	14	M	0	A		-1	4700.56843178	[1, 1, 0, 1, 1, 1, 1, 1, 1, 1, 1, 1]
	1208872	1106468	1169684	14	M	4	A		-1	4700.67062196	[1, 1, 1, 1, 1, 1, 1, 1, 1, 1, 1, 1]
	1224758	1116362	1185320	14	M	57	A		-1	4701.47559185	[1, 1, 1, 1, 1, 1, 1, 0, 1, 1, 1, 1]
	1252937	1112635	1108135	14	M	8	A		-1	4701.78893555	[1, 1, 1, 1, 1, 1, 1, 1, 1, 1, 1, 1]
	1214833	1113521	1114957	14	M	85	A		-1	4702.57463786	[1, 1, 1, 0, 1, 1, 1, 1, 1, 1, 1, 1]
	1255282	1123408	1123662	14	M	70	A		-1	4702.8174442	[1, 1, 1, 1, 1, 1, 1, 1, 1, 1, 1, 1]
	1253000	1186600	1174404	14	M	79	A		-1	4703.18755569	[0, 1, 1, 1, 1, 1, 1, 1, 1, 1, 1, 1]
	1240337	1144962	1152912	14	M	79	A		-1	4703.54227742	[1, 1, 1, 1, 1, 1, 1, 1, 1, 1, 1, 1]
	1167107	1081514	1037256	13	M	96	A		-1	4703.86484193	[1, 1, 1, 1, 1, 1, 1, 1, 1, 1, 1, 1]
	1283816	1106468	1179627	14	M	61	A		-1	4705.16790909	[1, 1, 1, 1, 1, 1, 1, 1, 1, 1, 1, 1]
	1211780	1125614	1103682	14	M	93	A		-1	4705.19715655	[1, 1, 0, 1, 1, 1, 1, 1, 1, 1, 1, 1]
	1197124	1169150	1165250	14	M	77	A		-1	4705.61495571	[1, 1, 1, 0, 1, 1, 1, 1, 1, 1, 1, 1]
	1280911	1185119	1164863	14	M	1	A		-1	4706.13751426	[1, 1, 1, 1, 1, 1, 1, 1, 1, 1, 1, 1]
	1217449	1132619	1001856	14	M	37	A		-1	4706.49316778	[1, 1, 1, 1, 1, 1, 1, 1, 1, 1, 1, 1]
	1196185	1116299	1107425	14	M	40	A		-1	4706.52199018	[1, 1, 1, 1, 1, 1, 1, 1, 1, 1, 1, 1]
	1219613	1165464	1118622	14	M	67	A		-1	4706.62318423	[1, 1, 1, 1, 1, 1, 1, 1, 1, 1, 1, 1]
	1272979	1186633	1046230	14	M	30	A		-1	4707.26945713	[1, 1, 1, 1, 1, 1, 1, 0, 1, 1, 1, 1]
	1238404	1157509	1122440	14	M	20	A		-1	4707.71519614	[1, 1, 1, 1, 1, 1, 1, 1, 1, 1, 1, 1]
	1267086	1177652	1128586	14	M	43	A		-1	4708.75455157	[1, 1, 1, 0, 1, 1, 1, 1, 1, 1, 1, 1]
	1256068	1116362	1122474	14	M	34	A		-1	4709.55828091	[1, 1, 1, 1, 1, 1, 1, 0, 1, 1, 1, 1]
	1246625	1168188	1143719	14	M	7	A		-1	4709.58514868	[1, 1, 1, 1, 1, 1, 1, 1, 1, 1, 1, 1]
	1284810	1157509	1096771	14	M	99	A		-1	4710.00542472	[1, 1, 1, 1, 1, 1, 1, 1, 1, 1, 1, 1]
	1208226	1141463	1131195	14	M	12	A		-1	4710.03778175	[1, 1, 1, 1, 1, 1, 1, 1, 1, 1, 1, 1]
	1246058	1116362	1169392	14	M	58	A		-1	4711.10951256	[1, 1, 1, 1, 1, 1, 1, 0, 1, 1, 1, 1]
	1239669	1180998	1152452	14	M	44	A		-1	4712.10988963	[1, 1, 1, 1, 1, 1, 1, 1, 1, 1, 1, 1]
	1273178	1185119	1113685	14	M	85	A		-1	4713.12444416	[1, 1, 1, 1, 1, 1, 1, 1, 1, 1, 1, 1]
	1251224	1168188	1103781	14	M	2	A		-1	4714.43290924	[1, 1, 1, 1, 1, 1, 1, 1, 1, 1, 1, 1]
	1196433	1157509	1144639	14	M	29	A		-1	4716.15631825	[1, 1, 1, 0, 1, 1, 1, 1, 1, 1, 1, 1]
	1276501	1147531	1159883	14	M	48	A		-1	4717.79078189	[1, 1, 1, 1, 1, 1, 1, 1, 1, 1, 1, 1]
	1230589	1144962	1047288	14	M	42	A		-1	4719.8108372	[1, 1, 1, 1, 1, 1, 1, 1, 1, 1, 1, 1]
	1237499	1174478	1193384	14	M	30	A		-1	4720.01778637	[1, 1, 1, 1, 1, 1, 1, 1, 1, 1, 1, 1]
	1227820	1159899	1056497	14	M	18	A		-1	4720.90619318	[1, 1, 1, 1, 1, 1, 1, 1, 1, 1, 1, 1]
	1219983	1124289	1119982	14	M	99	A		-1	4721.24126235	[1, 1, 1, 1, 1, 1, 1, 1, 1, 1, 1, 1]
	1253842	1157834	1136050	14	M	49	A		-1	4721.83395415	[1, 1, 1, 0, 1, 1, 1, 1, 1, 1, 1, 1]
	1251935	1186633	1171457	14	M	85	A		-1	4721.87190008	[1, 1, 1, 1, 1, 1, 1, 1, 1, 1, 1, 1]
	1263820	1165464	1160713	14	M	26	A		-1	4725.80267831	[1, 1, 1, 1, 1, 1, 1, 1, 1, 1, 1, 1]
	1262781	1144962	1113484	14	M	60	A		-1	4726.61470575	[1, 1, 1, 1, 1, 1, 1, 1, 1, 1, 1, 1]
	1223490	1180998	1119235	14	M	27	A		-1	4726.87608999	[1, 1, 1, 1, 1, 1, 1, 1, 1, 1, 1, 1]
	1185119	1089270	1005572	13	M	84	A		-1	4727.2790985	[1, 1, 1, 1, 1, 1, 1, 1, 1, 1, 1, 1]
	1278687	1136583	1093824	14	M	83	A		-1	4727.42357393	[1, 1, 1, 1, 1, 1, 1, 1, 1, 1, 1, 1]
	1240019	1180998	1152520	14	M	17	A		-1	4727.60792288	[1, 1, 1, 1, 1, 1, 1, 1, 1, 1, 1, 1]
	1223471	1123408	1123414	14	M	30	A		-1	4728.08171177	[1, 1, 1, 1, 1, 1, 1, 1, 1, 1, 1, 1]
	1279367	1179986	1121703	14	M	94	A		-1	4728.17806991	[1, 1, 1, 1, 1, 1, 1, 1, 1, 1, 1, 1]
	1255280	1116362	1121645	14	M	66	A		-1	4728.39929503	[1, 1, 1, 1, 1, 1, 1, 0, 1, 1, 1, 1]
	1265266	1123408	1140587	14	M	81	A		-1	4729.27695994	[1, 1, 1, 1, 1, 1, 1, 1, 1, 1, 1, 1]
	1225459	1157834	1141372	14	M	83	A		-1	4730.29207251	[1, 1, 0, 1, 1, 1, 1, 1, 1, 1, 1, 1]
	1240575	1131439	1136798	14	M	27	A		-1	4731.31789425	[1, 1, 1, 1, 1, 1, 1, 1, 1, 1, 1, 1]
	1288101	1132619	1156813	14	M	5	A		-1	4732.75740459	[1, 1, 1, 1, 1, 1, 1, 1, 1, 1, 1, 1]
	1252877	1113710	1117462	14	M	28	A		-1	4732.77205992	[1, 1, 1, 1, 1, 1, 1, 1, 1, 1, 1, 1]
	1245675	1118042	1115202	14	M	60	A		-1	4733.89639225	[1, 1, 1, 0, 1, 1, 1, 1, 1, 1, 1, 1]
	1247064	1113710	1061247	14	M	83	A		-1	4733.91023475	[1, 1, 1, 1, 1, 1, 1, 1, 1, 1, 1, 1]
	1240370	1117175	1137656	14	M	70	A		-1	4735.64994205	[1, 1, 1, 1, 1, 1, 1, 1, 1, 1, 1, 1]
	1265818	1117175	1131121	14	M	26	A		-1	4738.32211471	[1, 1, 1, 1, 1, 1, 1, 0, 1, 1, 1, 1]
	1258510	1124289	1026074	14	M	29	A		-1	4738.755788	[1, 1, 1, 0, 1, 1, 1, 1, 1, 1, 1, 1]
	1220717	1112635	1139521	14	M	5	A		-1	4740.93534405	[1, 1, 1, 1, 1, 1, 1, 1, 1, 1, 1, 1]
	1289790	1167107	1174685	14	M	68	A		-1	4742.18265231	[1, 1, 1, 1, 1, 1, 1, 1, 1, 1, 1, 1]
	1280358	1157509	1111494	14	M	2	A		-1	4742.47582485	[1, 1, 1, 0, 1, 1, 1, 1, 1, 1, 1, 1]
	1275524	1117175	1048984	14	M	53	A		-1	4743.39741259	[1, 1, 1, 1, 1, 1, 1, 0, 1, 1, 1, 1]
	1284613	1157834	1135110	14	M	71	A		-1	4743.41809578	[1, 1, 0, 0, 1, 1, 1, 0, 1, 1, 1, 1]
	1243345	1131439	1147266	14	M	74	A		-1	4744.16758229	[1, 1, 1, 0, 1, 1, 1, 1, 1, 1, 1, 1]
	1230926	1189480	1182780	14	M	70	A		-1	4744.58211717	[1, 1, 1, 1, 1, 1, 1, 1, 1, 1, 1, 1]
	1255527	1131439	1180534	14	M	63	A		-1	4745.38198763	[1, 1, 1, 0, 1, 1, 1, 1, 1, 1, 1, 1]
	1273316	1159899	1028687	14	M	93	A		-1	4745.83393516	[1, 1, 1, 1, 1, 1, 1, 1, 1, 1, 1, 1]
	1259952	1105175	1097807	14	M	47	A		-1	4746.4385273	[1, 1, 1, 1, 1, 1, 1, 1, 1, 1, 1, 1]
	1227134	1103018	1133527	14	M	99	A		-1	4747.14387927	[1, 1, 1, 1, 1, 1, 1, 1, 1, 1, 1, 1]
	1292317	1099251	1115004	14	M	82	A		-1	4747.15435937	[1, 1, 1, 1, 1, 1, 1, 1, 1, 1, 1, 1]
	1222162	1112635	1049331	14	M	55	A		-1	4747.23427594	[1, 1, 1, 1, 1, 1, 1, 1, 1, 1, 1, 1]
	1268232	1130495	1116298	14	M	0	A		-1	4747.5338693	[1, 1, 1, 1, 1, 1, 1, 1, 1, 1, 1, 1]
	1247565	1119928	1108683	14	M	17	A		-1	4747.83325219	[1, 1, 1, 1, 1, 1, 1, 1, 1, 1, 1, 1]
	1200758	1113521	1156755	14	M	99	A		-1	4747.9138421	[1, 1, 1, 1, 0, 1, 1, 1, 1, 1, 1, 1]
	1199164	1189416	1050550	14	M	19	A		-1	4748.44627164	[1, 1, 1, 1, 1, 1, 1, 1, 1, 1, 1, 1]
	1279581	1136583	1064458	14	M	16	A		-1	4751.06304638	[1, 1, 1, 1, 1, 1, 1, 1, 1, 1, 1, 1]
	1266206	1148237	1109927	14	M	19	A		-1	4751.08558702	[1, 1, 1, 1, 1, 1, 1, 1, 1, 1, 1, 1]
	1254642	1155230	1183544	14	M	97	A		-1	4751.1723373	[1, 1, 1, 1, 1, 1, 1, 1, 1, 1, 1, 1]
	1206321	1180998	1016939	14	M	97	A		-1	4751.55189593	[1, 1, 1, 1, 1, 1, 1, 1, 1, 1, 1, 1]
	1240902	1189480	1153330	14	M	51	A		-1	4752.04708362	[1, 1, 1, 1, 1, 1, 1, 1, 1, 1, 1, 1]
	1207929	1167107	1151820	14	M	78	A		-1	4752.50306717	[1, 1, 1, 1, 1, 1, 1, 1, 1, 1, 1, 1]
	1253480	1117175	1178235	14	M	49	A		-1	4753.1660888	[1, 1, 1, 1, 1, 1, 1, 0, 1, 1, 1, 1]
	1276863	1119928	1149192	14	M	79	A		-1	4754.85407922	[1, 1, 1, 1, 1, 1, 1, 1, 1, 1, 1, 1]
	1284467	1126276	1133916	14	M	91	A		-1	4756.06743558	[1, 1, 1, 1, 1, 1, 1, 1, 1, 1, 1, 1]
	1292168	1119742	1185804	14	M	16	A		-1	4756.16088467	[0, 1, 1, 1, 1, 1, 1, 1, 1, 1, 1, 1]
	1200746	1132619	1180773	14	M	91	A		-1	4759.18980551	[1, 1, 1, 1, 1, 1, 1, 1, 1, 1, 1, 1]
	1291402	1186633	1148525	14	M	70	A		-1	4759.45361906	[1, 1, 1, 1, 1, 1, 1, 1, 1, 1, 1, 1]
	1116299	1001197	1021209	13	M	2	A		-1	4759.5630145	[1, 1, 1, 1, 1, 1, 1, 1, 1, 1, 1, 1]
	1270233	1177588	1112929	14	M	12	A		-1	4759.58409904	[1, 1, 1, 1, 1, 1, 1, 1, 1, 1, 1, 1]
	1270110	1118042	1134303	14	M	37	A		-1	4760.40428824	[1, 1, 1, 1, 1, 1, 1, 1, 1, 1, 1, 1]
	1206262	1148237	1178901	14	M	76	A		-1	4761.09783574	[1, 1, 1, 1, 1, 1, 1, 1, 1, 1, 1, 1]
	1240285	1124289	1140262	14	M	89	A		-1	4761.71730655	[1, 1, 1, 1, 1, 1, 1, 1, 1, 1, 1, 1]
	1223252	1105175	1186764	14	M	12	A		-1	4761.83458471	[1, 1, 1, 1, 1, 1, 1, 1, 1, 1, 1, 1]
	1197485	1185119	1144476	14	M	79	A		-1	4762.03096673	[1, 1, 1, 1, 1, 1, 1, 1, 1, 1, 1, 1]
	1289568	1147531	1123797	14	M	48	A		-1	4763.41572867	[1, 1, 1, 1, 1, 1, 1, 1, 1, 1, 1, 1]
	1227864	1185119	1180858	14	M	37	A		-1	4764.91310421	[1, 1, 1, 1, 1, 1, 1, 1, 1, 1, 1, 1]
	1261852	1186633	1149336	14	M	14	A		-1	4765.8000262	[1, 1, 1, 1, 1, 1, 1, 1, 1, 1, 1, 1]
	1229261	1113710	1148311	14	M	52	A		-1	4765.88163891	[1, 1, 1, 1, 1, 1, 1, 1, 1, 1, 1, 1]
	1203396	1185119	1001837	14	M	62	A		-1	4765.91369714	[1, 1, 1, 1, 1, 1, 1, 1, 1, 1, 1, 1]
	1157509	1044993	1024931	13	M	62	A		-1	4766.05793351	[1, 1, 1, 0, 1, 1, 1, 1, 1, 1, 1, 1]
	1288072	1141463	1109425	14	M	59	A		-1	4767.08243357	[1, 1, 1, 1, 1, 1, 1, 1, 1, 1, 1, 1]
	1223221	1147531	1180204	14	M	88	A		-1	4768.04543308	[1, 1, 1, 0, 1, 1, 1, 1, 1, 1, 1, 1]
	1243353	1136583	1193354	14	M	81	A		-1	4768.06021618	[1, 1, 1, 0, 1, 1, 1, 1, 1, 1, 1, 1]
	1197509	1157509	1167216	14	M	22	A		-1	4769.92444345	[1, 1, 1, 1, 1, 1, 1, 1, 1, 1, 1, 1]
	1208814	1132619	1168286	14	M	98	A		-1	4770.42277777	[1, 1, 1, 1, 1, 1, 1, 0, 1, 1, 1, 1]
	1225994	1147531	1100040	14	M	35	A		-1	4771.31935048	[1, 1, 1, 1, 1, 1, 1, 1, 1, 1, 1, 1]
	1237802	1106468	1124020	14	M	35	A		-1	4773.09446497	[1, 1, 1, 1, 1, 1, 1, 1, 1, 1, 1, 1]
	1292185	1179986	1072349	14	M	97	A		-1	4774.28339538	[1, 1, 0, 1, 1, 1, 1, 1, 1, 1, 1, 1]
	1207937	1185119	1146553	14	M	70	A		-1	4774.38988687	[1, 1, 1, 1, 1, 1, 1, 1, 1, 1, 1, 1]
	1266084	1177652	1051603	14	M	6	A		-1	4777.06272936	[1, 1, 1, 1, 1, 1, 1, 1, 1, 1, 1, 1]
	1291090	1116299	1052967	14	M	47	A		-1	4777.57256099	[1, 1, 1, 1, 1, 1, 1, 1, 1, 1, 1, 1]
	1285022	1116362	1169462	14	M	31	A		-1	4779.83369161	[1, 1, 1, 1, 1, 1, 1, 0, 1, 1, 1, 1]
	1198051	1179986	1132109	14	M	38	A		-1	4780.28432037	[1, 1, 0, 1, 1, 1, 1, 1, 1, 1, 1, 1]
	1265469	1123408	1119655	14	M	67	A		-1	4780.35952915	[1, 1, 1, 1, 1, 1, 1, 1, 1, 1, 1, 1]
	1219147	1159899	1154081	14	M	67	A		-1	4782.85518464	[1, 1, 1, 1, 1, 1, 1, 1, 1, 1, 1, 1]
	1255393	1186633	1086396	14	M	95	A		-1	4783.6016048	[1, 1, 1, 1, 1, 1, 1, 1, 1, 1, 1, 1]
	1279772	1136583	1132216	14	M	2	A		-1	4784.37259014	[1, 1, 1, 1, 1, 1, 1, 1, 1, 1, 1, 1]
	1206361	1157834	1187586	14	M	98	A		-1	4785.57510995	[1, 1, 0, 1, 1, 1, 1, 0, 1, 1, 1, 1]
	1213436	1125614	1137506	14	M	94	A		-1	4785.59735964	[1, 1, 0, 1, 1, 1, 1, 1, 1, 1, 1, 1]
	1216493	1140786	1186765	14	M	8	A		-1	4786.68520305	[1, 1, 1, 1, 1, 1, 1, 1, 1, 1, 1, 1]
	1204780	1155230	1160044	14	M	18	A		-1	4787.39265408	[1, 1, 1, 1, 1, 1, 1, 1, 1, 1, 1, 1]
	1216098	1157834	1098289	14	M	31	A		-1	4789.374368	[1, 1, 1, 1, 1, 1, 1, 1, 1, 1, 1, 1]
	1253603	1112635	1117278	14	M	6	A		-1	4789.66834399	[1, 1, 1, 1, 1, 1, 1, 1, 1, 1, 1, 1]
	1200299	1116299	1159543	14	M	99	A		-1	4793.07895436	[1, 1, 1, 1, 1, 1, 1, 1, 1, 1, 1, 1]
	1283510	1165464	1183535	14	M	68	A		-1	4794.57023318	[1, 1, 1, 1, 1, 1, 1, 1, 1, 1, 1, 1]
	1239707	1116299	1137413	14	M	57	A		-1	4797.51174564	[0, 1, 1, 1, 1, 1, 1, 1, 1, 1, 1, 1]
	1232073	1105175	1115167	14	M	17	A		-1	4798.10360727	[1, 1, 1, 1, 0, 1, 1, 1, 1, 1, 1, 1]
	1219163	1141463	1112145	14	M	8	A		-1	4800.42580596	[1, 1, 0, 1, 1, 1, 1, 1, 1, 1, 1, 1]
	1269343	1155230	1160966	14	M	36	A		-1	4801.00392028	[1, 1, 1, 1, 1, 1, 1, 1, 1, 1, 1, 1]
	1232172	1105175	1101846	14	M	7	A		-1	4805.91591626	[1, 1, 1, 1, 1, 1, 1, 1, 1, 1, 1, 1]
	1271795	1168188	1078136	14	M	16	A		-1	4806.77996582	[1, 1, 1, 1, 1, 1, 1, 1, 1, 1, 1, 1]
	1274161	1155230	1110134	14	M	99	A		-1	4812.82897598	[1, 1, 1, 1, 1, 1, 1, 1, 1, 1, 1, 1]
	1222971	1148237	1117121	14	M	3	A		-1	4815.70563802	[1, 1, 1, 1, 1, 1, 1, 1, 1, 1, 1, 1]
	1262068	1166900	1190860	14	M	52	A		-1	4816.67966448	[1, 1, 1, 1, 1, 1, 1, 1, 1, 1, 1, 1]
	1199975	1185119	1177716	14	M	92	A		-1	4818.20673047	[1, 1, 1, 1, 1, 1, 1, 1, 1, 1, 1, 1]
	1282989	1118042	1167133	14	M	2	A		-1	4819.40491454	[1, 1, 1, 1, 1, 1, 1, 1, 1, 1, 1, 1]
	1293474	1186633	1095832	14	M	87	A		-1	4819.85573285	[1, 1, 1, 1, 1, 1, 1, 1, 1, 1, 1, 0]
	1250507	1105175	1114178	14	M	6	A		-1	4820.18230709	[1, 1, 1, 1, 1, 1, 1, 0, 1, 1, 1, 1]
	1220683	1147531	1118371	14	M	6	A		-1	4823.19115844	[1, 1, 1, 1, 1, 1, 1, 1, 1, 1, 1, 1]
	1202794	1186633	1161986	14	M	19	A		-1	4823.69282557	[1, 1, 1, 1, 1, 1, 1, 1, 1, 1, 1, 1]
	1274317	1119928	1186542	14	M	68	A		-1	4824.00070247	[1, 1, 1, 0, 1, 1, 1, 1, 1, 1, 1, 1]
	1261249	1186633	1133708	14	M	34	A		-1	4825.98536287	[1, 1, 1, 1, 1, 1, 1, 1, 1, 1, 1, 1]
	1216999	1136583	1136972	14	M	57	A		-1	4826.64340407	[1, 1, 1, 1, 1, 1, 1, 1, 1, 1, 1, 1]
	1205932	1186633	1057675	14	M	40	A		-1	4829.05358799	[1, 1, 1, 1, 1, 1, 1, 1, 1, 1, 1, 1]
	1243121	1189416	1150377	14	M	19	A		-1	4829.48801978	[1, 1, 1, 1, 1, 1, 1, 1, 1, 1, 1, 1]
	1216482	1160683	1104694	14	M	15	A		-1	4831.64809007	[1, 1, 1, 1, 1, 1, 1, 1, 1, 1, 1, 1]
	1270820	1118042	1193415	14	M	50	A		-1	4831.75260878	[1, 1, 1, 1, 1, 1, 1, 1, 1, 1, 1, 1]
	1269199	1144962	1176608	14	M	36	A		-1	4832.07601128	[1, 1, 1, 1, 1, 1, 1, 1, 1, 1, 1, 1]
	1213381	1189480	1096020	14	M	55	A		-1	4834.57606895	[1, 1, 1, 1, 1, 1, 1, 1, 1, 1, 1, 1]
	1280427	1123913	1097465	14	M	65	A		-1	4836.28500035	[1, 1, 1, 1, 1, 1, 1, 1, 1, 1, 1, 1]
	1212200	1167107	1133229	14	M	47	A		-1	4837.36254947	[1, 1, 1, 1, 1, 1, 1, 1, 1, 1, 1, 1]
	1198798	1189416	1011238	14	M	26	A		-1	4847.9020931	[1, 1, 1, 1, 1, 1, 1, 1, 1, 1, 1, 1]
	1292825	1116299	1105133	14	M	58	A		-1	4849.61335514	[1, 1, 1, 0, 1, 1, 1, 1, 1, 1, 1, 1]
	1215045	1124289	1145098	14	M	27	A		-1	4857.80127027	[1, 1, 1, 1, 1, 1, 1, 1, 1, 1, 1, 1]
	1197950	1179986	1117990	14	M	51	A		-1	4862.8489151	[1, 1, 1, 1, 1, 1, 1, 1, 1, 1, 1, 1]
	1233521	1106468	1122564	14	M	36	A		-1	4868.28924991	[1, 1, 1, 1, 1, 1, 1, 1, 1, 1, 1, 1]
	1273475	1123408	1097492	14	M	66	A		-1	4869.92171225	[1, 1, 1, 1, 1, 1, 1, 1, 1, 1, 1, 1]
	1257075	1103018	1177653	14	M	100	A		-1	4871.06279426	[1, 1, 1, 1, 1, 1, 1, 1, 1, 1, 1, 1]
	1270534	1174478	1110952	14	M	42	A		-1	4872.84424733	[1, 1, 1, 1, 1, 1, 1, 1, 1, 1, 1, 1]
	1286841	1180998	946740	14	M	25	A		-1	4875.77649531	[1, 1, 1, 1, 1, 1, 1, 1, 1, 1, 1, 1]
	1290834	1189480	1147161	14	M	92	A		-1	4879.17466837	[1, 1, 1, 1, 1, 1, 1, 1, 1, 1, 1, 1]
	1273268	1157509	1147409	14	M	100	A		-1	4880.41007114	[1, 1, 1, 0, 1, 1, 1, 1, 1, 1, 1, 1]
	1232234	1167107	1165823	14	M	4	A		-1	4884.11496676	[1, 1, 1, 1, 1, 1, 1, 1, 1, 1, 1, 1]
	1208858	1125614	1187343	14	M	14	A		-1	4892.45896445	[1, 1, 0, 1, 1, 1, 1, 1, 1, 1, 1, 1]
	1266922	1180998	1122292	14	M	58	A		-1	4906.76488907	[1, 1, 1, 1, 1, 1, 1, 1, 1, 1, 1, 1]
	1263235	1165464	1060599	14	M	66	A		-1	4909.08920426	[1, 1, 1, 1, 1, 1, 1, 1, 1, 1, 1, 1]
	1252498	1105175	1129500	14	M	40	A		-1	4911.98018023	[1, 1, 1, 1, 1, 1, 1, 1, 1, 1, 1, 1]
	1291768	1157509	1081519	14	M	54	A		-1	4916.21028382	[1, 1, 1, 0, 1, 1, 1, 1, 1, 1, 1, 1]
	1278321	1103018	1180988	14	M	37	A		-1	4938.82532238	[1, 1, 1, 1, 1, 1, 1, 1, 1, 1, 1, 1]
	1212438	1117175	1170265	14	M	50	A		-1	4939.31153582	[1, 1, 1, 1, 1, 1, 1, 0, 1, 1, 1, 1]
	1218933	1148237	1109075	14	M	76	A		-1	4939.95239301	[1, 1, 1, 1, 1, 1, 1, 1, 1, 1, 1, 1]
	1241398	1185119	908842	14	M	44	A		-1	4945.39659407	[1, 1, 1, 1, 1, 1, 1, 1, 1, 1, 1, 1]
	1224217	1157509	1128536	14	M	8	A		-1	4947.30780524	[1, 1, 1, 0, 1, 1, 1, 1, 1, 1, 1, 1]
	1214980	1123408	1155198	14	M	71	A		-1	4955.08923469	[0, 1, 1, 1, 1, 1, 1, 1, 1, 1, 1, 1]
	1276677	1117175	1054029	14	M	44	A		-1	4970.72723227	[1, 1, 1, 1, 1, 1, 1, 0, 1, 1, 1, 1]
	1260740	1157509	1131064	14	M	60	A		-1	4981.31154786	[1, 1, 1, 0, 1, 1, 1, 1, 1, 1, 1, 1]
	1235322	1166900	1079187	14	M	84	A		-1	4986.52650526	[1, 1, 1, 1, 1, 1, 1, 1, 1, 1, 1, 1]
	1196225	1144962	1193476	14	M	56	A		-1	4992.02464486	[1, 1, 1, 1, 1, 1, 1, 1, 1, 1, 1, 1]
	1244077	1136583	1132135	14	M	85	A		-1	5064.12102472	[1, 1, 1, 1, 1, 1, 1, 1, 1, 1, 1, 1]
