animal	sire	dam	born	sex	herd	status	cause	died	TBV	recessives
	364570	213962	149593	5	M	2	A		-1	1990.38788757	[1, 1, 1, 1, 1, 1, 1, 1, 1, 1, 1, 1]
	386703	201719	208664	5	M	38	A		-1	1990.55029406	[0, 1, 1, 1, 1, 1, 1, 1, 1, 1, 1, 1]
	304689	251662	194764	5	M	18	A		-1	1990.55030387	[1, 1, 1, 1, 1, 1, 1, 1, 1, 1, 0, 1]
	369557	266872	230359	5	M	31	A		-1	1990.9048697	[1, 1, 1, 1, 1, 1, 1, 1, 1, 1, 1, 1]
	358190	246087	195792	5	M	80	A		-1	1990.96102661	[1, 1, 1, 1, 1, 1, 1, 1, 1, 1, 1, 1]
	379673	263430	269280	5	M	12	A		-1	1991.22064874	[1, 1, 1, 1, 1, 1, 1, 1, 1, 1, 1, 1]
	372518	233493	251608	5	M	17	A		-1	1991.31411558	[1, 1, 1, 0, 1, 1, 1, 1, 1, 1, 1, 1]
	297953	271701	189620	5	M	56	A		-1	1991.44543467	[1, 1, 1, 1, 1, 1, 1, 1, 1, 1, 1, 1]
	360396	251662	253537	5	M	76	A		-1	1991.45331061	[1, 1, 1, 1, 1, 1, 1, 1, 1, 1, 1, 1]
	333148	264286	154140	5	M	65	A		-1	1991.56764148	[1, 1, 1, 1, 1, 1, 1, 1, 1, 1, 1, 1]
	332479	248540	222008	5	M	33	A		-1	1991.79457869	[1, 1, 1, 1, 1, 1, 1, 0, 1, 1, 1, 1]
	347457	213962	262250	5	M	43	A		-1	1991.87107442	[1, 1, 1, 1, 1, 1, 1, 1, 1, 1, 1, 1]
	348586	232599	251744	5	M	89	A		-1	1991.94944509	[1, 1, 1, 1, 1, 1, 1, 1, 1, 1, 1, 1]
	340546	199665	275476	5	M	33	A		-1	1992.16299399	[1, 0, 1, 1, 1, 1, 1, 1, 1, 1, 1, 0]
	348037	194907	282777	5	M	27	A		-1	1992.27505965	[1, 1, 1, 1, 1, 1, 1, 1, 1, 1, 1, 1]
	372495	287586	161584	5	M	26	A		-1	1992.33781754	[1, 1, 1, 1, 1, 1, 1, 1, 1, 1, 1, 1]
	325213	277995	277157	5	M	32	A		-1	1992.37375162	[1, 1, 1, 1, 1, 1, 1, 1, 1, 1, 1, 1]
	294657	225195	236861	5	M	12	A		-1	1992.45937252	[1, 1, 1, 1, 1, 1, 1, 1, 1, 1, 1, 1]
	315194	251662	245421	5	M	66	A		-1	1992.82280949	[1, 1, 1, 1, 1, 1, 1, 1, 1, 1, 1, 1]
	359009	225195	174521	5	M	61	A		-1	1992.90481618	[1, 1, 1, 1, 1, 1, 1, 1, 1, 1, 1, 1]
	367230	287586	210974	5	M	14	A		-1	1992.97106806	[1, 1, 1, 1, 1, 1, 1, 1, 1, 1, 1, 1]
	334174	287586	225122	5	M	21	A		-1	1993.09080471	[1, 1, 1, 1, 1, 1, 1, 1, 1, 1, 1, 1]
	353095	217582	208530	5	M	11	A		-1	1993.11732262	[1, 1, 1, 1, 1, 1, 1, 1, 1, 1, 1, 1]
	331680	217414	200650	5	M	10	A		-1	1993.38769101	[1, 1, 1, 1, 1, 1, 1, 1, 1, 1, 1, 1]
	389911	244829	203316	5	M	77	A		-1	1993.59257967	[1, 1, 1, 1, 1, 1, 1, 1, 1, 1, 1, 1]
	391879	199665	231186	5	M	84	A		-1	1993.71456083	[1, 1, 1, 1, 1, 1, 1, 1, 1, 1, 1, 1]
	351953	216236	276869	5	M	66	A		-1	1993.86684424	[1, 1, 1, 1, 1, 1, 1, 1, 1, 1, 0, 1]
	350294	283716	204839	5	M	5	A		-1	1993.92954687	[1, 1, 1, 1, 1, 1, 1, 1, 1, 1, 1, 1]
	338111	271701	61893	5	M	38	A		-1	1994.06264355	[1, 1, 1, 1, 1, 1, 1, 1, 1, 1, 1, 1]
	345777	200012	242273	5	M	97	A		-1	1994.69859242	[1, 1, 1, 1, 1, 1, 1, 1, 1, 1, 1, 1]
	371346	271449	210106	5	M	48	A		-1	1994.81195225	[1, 1, 1, 0, 1, 1, 1, 1, 1, 1, 1, 0]
	229361	135414	141531	4	M	97	A		-1	1994.84106132	[1, 1, 1, 1, 1, 1, 1, 1, 1, 1, 1, 1]
	322377	271449	204983	5	M	15	A		-1	1995.11992047	[1, 1, 1, 0, 1, 1, 1, 1, 1, 1, 1, 1]
	308707	268029	217298	5	M	3	A		-1	1995.75431766	[1, 1, 1, 0, 1, 1, 1, 1, 1, 1, 1, 1]
	353764	242325	272739	5	M	91	A		-1	1995.81706475	[1, 1, 1, 1, 0, 1, 1, 1, 1, 1, 1, 1]
	351976	229361	182305	5	M	31	A		-1	1996.13195868	[1, 1, 1, 1, 1, 1, 1, 1, 1, 1, 1, 1]
	350097	201719	199419	5	M	79	A		-1	1996.58893635	[1, 1, 1, 1, 1, 1, 1, 1, 1, 1, 1, 1]
	302653	200012	214198	5	M	98	A		-1	1997.12314905	[1, 1, 1, 1, 1, 1, 1, 1, 1, 1, 1, 1]
	312385	225374	240317	5	M	32	A		-1	1997.17194148	[1, 0, 1, 1, 1, 1, 1, 1, 1, 1, 1, 1]
	370785	232253	214207	5	M	46	A		-1	1997.2575126	[1, 1, 1, 1, 1, 1, 1, 1, 1, 1, 1, 1]
	325691	200012	276508	5	M	73	A		-1	1997.30960309	[1, 1, 1, 1, 1, 1, 1, 1, 1, 1, 1, 1]
	353394	266872	185777	5	M	86	A		-1	1997.42717312	[1, 1, 1, 1, 1, 1, 1, 1, 1, 1, 1, 1]
	360740	213962	283629	5	M	41	A		-1	1997.53968805	[1, 1, 1, 1, 1, 1, 1, 1, 1, 1, 1, 1]
	340866	258931	207629	5	M	17	A		-1	1997.56210068	[1, 1, 1, 1, 1, 1, 1, 1, 1, 1, 1, 1]
	361862	259561	200039	5	M	25	A		-1	1997.63722923	[1, 1, 1, 1, 1, 1, 1, 1, 1, 1, 1, 1]
	312547	269311	198224	5	M	87	A		-1	1997.68861177	[1, 1, 1, 1, 1, 1, 1, 1, 1, 1, 1, 1]
	391406	285325	271310	5	M	70	A		-1	1997.74050638	[1, 1, 1, 1, 1, 1, 1, 1, 1, 1, 1, 1]
	377883	213962	258199	5	M	38	A		-1	1997.97874648	[1, 1, 1, 1, 1, 1, 1, 1, 1, 1, 1, 1]
	327038	290655	196978	5	M	94	A		-1	1998.35369075	[1, 1, 1, 1, 1, 1, 1, 1, 1, 1, 1, 1]
	332080	269311	225865	5	M	44	A		-1	1998.67058565	[1, 1, 1, 1, 1, 1, 1, 1, 1, 1, 1, 1]
	296778	251662	161341	5	M	87	A		-1	1998.71832152	[1, 1, 1, 1, 1, 1, 1, 1, 1, 1, 1, 1]
	360672	263430	288692	5	M	25	A		-1	1999.04831025	[1, 1, 1, 1, 1, 1, 1, 1, 1, 1, 1, 1]
	327107	248540	272882	5	M	62	A		-1	1999.1082438	[1, 1, 1, 1, 1, 1, 1, 0, 1, 1, 1, 1]
	326877	233493	192371	5	M	42	A		-1	1999.12500263	[1, 1, 1, 1, 1, 1, 1, 1, 1, 1, 1, 1]
	386005	232253	267880	5	M	21	A		-1	1999.47804462	[1, 1, 1, 1, 1, 1, 1, 1, 1, 1, 1, 1]
	312538	233493	249894	5	M	7	A		-1	1999.57366871	[1, 1, 1, 1, 1, 1, 1, 1, 1, 1, 1, 1]
	391680	216236	251742	5	M	51	A		-1	2000.0882346	[1, 1, 1, 1, 1, 1, 1, 1, 1, 1, 1, 1]
	305107	233493	151175	5	M	71	A		-1	2000.45847949	[1, 1, 1, 1, 1, 1, 1, 1, 1, 1, 1, 1]
	368751	201719	217332	5	M	31	A		-1	2000.51854305	[1, 1, 1, 1, 1, 1, 1, 1, 1, 1, 1, 1]
	350038	217582	277920	5	M	67	A		-1	2000.55228359	[1, 1, 1, 1, 1, 1, 1, 1, 1, 1, 1, 1]
	388576	259561	271676	5	M	72	A		-1	2000.82704758	[1, 1, 1, 1, 1, 1, 1, 1, 1, 1, 1, 1]
	298826	290655	266654	5	M	14	A		-1	2000.91524525	[1, 1, 1, 1, 1, 1, 1, 1, 1, 1, 1, 1]
	374203	225374	292119	5	M	88	A		-1	2001.53773303	[1, 0, 1, 1, 1, 1, 1, 1, 1, 1, 1, 1]
	328454	216236	207124	5	M	89	A		-1	2002.03155101	[1, 1, 1, 1, 1, 1, 1, 1, 1, 1, 1, 1]
	392054	216236	122651	5	M	83	A		-1	2002.49675827	[1, 1, 1, 1, 1, 1, 1, 1, 1, 1, 1, 1]
	329141	285325	212547	5	M	46	A		-1	2002.57920725	[1, 1, 1, 1, 1, 1, 1, 1, 1, 1, 1, 1]
	314197	268029	251530	5	M	45	A		-1	2002.58905166	[1, 1, 1, 1, 0, 1, 1, 1, 1, 1, 1, 1]
	384818	239076	292175	5	M	41	A		-1	2002.64935303	[1, 1, 1, 1, 1, 1, 1, 1, 1, 1, 1, 1]
	330240	201719	292186	5	M	43	A		-1	2002.75145694	[1, 1, 1, 1, 1, 1, 1, 1, 1, 1, 1, 1]
	326297	269311	154119	5	M	42	A		-1	2003.39397146	[1, 1, 1, 1, 1, 1, 1, 1, 1, 1, 1, 1]
	374474	225195	242224	5	M	35	A		-1	2003.48328965	[0, 1, 1, 1, 1, 1, 1, 1, 1, 1, 1, 1]
	332755	229361	270927	5	M	95	A		-1	2003.52204314	[1, 1, 1, 1, 1, 1, 1, 1, 1, 1, 1, 0]
	380023	214492	281475	5	M	82	A		-1	2003.5508463	[1, 1, 1, 1, 1, 0, 1, 1, 1, 1, 1, 1]
	336681	239076	213616	5	M	33	A		-1	2003.59692983	[0, 1, 1, 1, 1, 1, 1, 1, 1, 1, 1, 1]
	314575	225374	146183	5	M	79	A		-1	2003.75665247	[1, 0, 1, 1, 1, 1, 1, 0, 1, 1, 1, 1]
	296072	242325	140608	5	M	29	A		-1	2003.92049229	[1, 1, 1, 1, 1, 1, 1, 1, 1, 1, 1, 1]
	382132	259561	214019	5	M	80	A		-1	2004.01985566	[1, 1, 1, 1, 1, 1, 1, 1, 1, 1, 1, 1]
	337857	228885	266083	5	M	31	A		-1	2004.23363043	[1, 0, 1, 1, 1, 1, 1, 1, 1, 1, 1, 1]
	382883	196858	256896	5	M	7	A		-1	2004.47631245	[1, 1, 1, 1, 1, 1, 1, 1, 1, 1, 1, 1]
	324576	216236	266715	5	M	15	A		-1	2005.06589983	[1, 1, 1, 1, 1, 1, 0, 1, 1, 1, 1, 1]
	365956	259561	274994	5	M	10	A		-1	2005.76913865	[1, 1, 1, 1, 1, 1, 1, 1, 1, 1, 1, 1]
	376736	259561	198341	5	M	99	A		-1	2006.21211054	[1, 1, 1, 1, 1, 1, 1, 1, 1, 1, 1, 1]
	374436	287586	274850	5	M	99	A		-1	2006.3935576	[1, 1, 1, 1, 1, 1, 1, 1, 1, 1, 1, 1]
	362167	201719	202319	5	M	9	A		-1	2006.59064621	[1, 1, 1, 1, 1, 1, 1, 1, 1, 1, 1, 1]
	390103	201719	273739	5	M	74	A		-1	2006.96168426	[1, 1, 1, 1, 1, 1, 1, 1, 1, 1, 1, 1]
	343831	266872	228475	5	M	53	A		-1	2007.08885628	[1, 1, 1, 1, 1, 1, 1, 1, 1, 1, 1, 1]
	323466	217582	178324	5	M	30	A		-1	2007.14718533	[1, 1, 1, 1, 1, 1, 1, 1, 1, 1, 1, 1]
	300501	268029	210572	5	M	1	A		-1	2008.00087733	[0, 1, 1, 0, 1, 1, 1, 1, 1, 1, 1, 1]
	301067	244829	277210	5	M	27	A		-1	2008.12323238	[1, 1, 1, 1, 1, 1, 1, 1, 1, 1, 1, 1]
	309128	239076	81215	5	M	1	A		-1	2008.19239704	[1, 1, 1, 1, 1, 1, 1, 1, 1, 1, 1, 1]
	266872	169270	161699	4	M	97	A		-1	2008.25061198	[1, 1, 1, 1, 1, 1, 1, 1, 1, 1, 1, 1]
	321315	233493	231195	5	M	37	A		-1	2008.35030085	[1, 1, 1, 1, 1, 1, 1, 1, 1, 1, 1, 1]
	340923	216236	189005	5	M	32	A		-1	2008.58935313	[1, 1, 1, 1, 1, 1, 1, 1, 1, 1, 1, 1]
	232253	172527	173578	4	M	67	A		-1	2008.81188118	[1, 1, 1, 1, 1, 1, 1, 1, 1, 1, 1, 1]
	370431	228210	285859	5	M	99	A		-1	2009.05052993	[1, 1, 1, 1, 1, 1, 1, 1, 1, 1, 1, 1]
	294546	242325	229039	5	M	85	A		-1	2009.16034689	[1, 1, 1, 1, 0, 1, 1, 1, 1, 1, 1, 1]
	385511	228210	237338	5	M	9	A		-1	2009.20807543	[1, 1, 1, 1, 1, 1, 1, 1, 1, 1, 1, 1]
	313248	248540	124721	5	M	70	A		-1	2009.46855496	[1, 1, 0, 1, 1, 1, 1, 0, 1, 1, 1, 1]
	313883	233493	236829	5	M	3	A		-1	2010.02013573	[1, 1, 1, 1, 1, 1, 1, 1, 1, 1, 1, 1]
	316347	264286	230979	5	M	15	A		-1	2010.02823308	[1, 1, 1, 1, 1, 1, 1, 1, 1, 1, 1, 1]
	320764	272825	244510	5	M	44	A		-1	2011.16674029	[1, 1, 1, 1, 1, 1, 1, 1, 1, 1, 1, 1]
	348985	216236	281342	5	M	8	A		-1	2011.38968438	[1, 1, 1, 1, 1, 1, 1, 1, 1, 1, 1, 1]
	319752	287586	225164	5	M	75	A		-1	2011.82818058	[1, 1, 1, 1, 1, 1, 1, 1, 1, 1, 1, 1]
	336997	216236	217410	5	M	25	A		-1	2011.85032463	[1, 1, 1, 1, 1, 1, 1, 1, 1, 1, 1, 1]
	375698	246087	287775	5	M	35	A		-1	2011.91986954	[1, 1, 1, 1, 1, 1, 1, 1, 1, 1, 1, 1]
	362964	256214	250740	5	M	9	A		-1	2012.05249626	[1, 1, 1, 1, 1, 1, 1, 1, 1, 1, 1, 1]
	330954	199665	260365	5	M	40	A		-1	2012.08795552	[1, 1, 1, 1, 1, 1, 1, 1, 1, 1, 1, 1]
	376062	276491	99934	5	M	67	A		-1	2012.55952371	[1, 1, 0, 1, 1, 1, 1, 1, 1, 1, 1, 1]
	364341	263430	277889	5	M	70	A		-1	2014.35060062	[1, 1, 1, 1, 1, 1, 1, 0, 1, 1, 1, 1]
	349758	226764	136876	5	M	8	A		-1	2014.73777604	[1, 1, 1, 1, 1, 1, 1, 1, 1, 1, 1, 1]
	390532	226764	285624	5	M	29	A		-1	2015.04961381	[1, 1, 1, 1, 1, 1, 1, 1, 1, 1, 1, 1]
	339544	250767	290766	5	M	67	A		-1	2015.35178764	[1, 1, 1, 1, 1, 1, 1, 1, 1, 1, 1, 1]
	337477	268029	245604	5	M	87	A		-1	2015.96917199	[0, 1, 1, 0, 1, 1, 1, 1, 1, 1, 1, 1]
	337632	225195	239595	5	M	61	A		-1	2015.98677702	[0, 1, 1, 0, 1, 1, 1, 1, 1, 1, 1, 1]
	304456	194907	256569	5	M	79	A		-1	2015.99323248	[1, 1, 1, 1, 1, 1, 1, 1, 1, 1, 1, 1]
	374977	258931	200021	5	M	81	A		-1	2016.30006328	[1, 1, 1, 1, 1, 1, 1, 1, 1, 1, 1, 1]
	338893	251662	204736	5	M	54	A		-1	2016.43600465	[1, 1, 1, 1, 1, 1, 1, 1, 1, 1, 1, 1]
	337759	229361	105057	5	M	26	A		-1	2016.57621064	[1, 1, 1, 1, 1, 1, 1, 1, 1, 1, 1, 1]
	383616	266872	213386	5	M	53	A		-1	2016.82128904	[1, 1, 1, 1, 1, 1, 1, 1, 1, 1, 1, 1]
	360703	195243	257341	5	M	85	A		-1	2016.82444096	[1, 1, 1, 1, 1, 1, 1, 1, 1, 1, 1, 1]
	355792	246087	265760	5	M	68	A		-1	2017.11668042	[1, 1, 1, 1, 1, 1, 1, 1, 1, 1, 1, 1]
	369978	248120	237316	5	M	78	A		-1	2017.70659042	[1, 1, 1, 1, 1, 1, 1, 1, 1, 1, 1, 1]
	302344	263430	212192	5	M	64	A		-1	2017.88261116	[1, 1, 1, 1, 1, 1, 1, 1, 1, 1, 1, 1]
	311606	199665	249907	5	M	53	A		-1	2018.47422319	[1, 1, 1, 1, 1, 1, 1, 1, 1, 1, 1, 0]
	390228	264286	237342	5	M	33	A		-1	2018.5151473	[1, 1, 1, 1, 0, 1, 1, 1, 1, 1, 1, 1]
	305130	268029	198317	5	M	1	A		-1	2018.58985291	[1, 1, 1, 0, 1, 1, 1, 1, 1, 1, 1, 1]
	383424	208512	191970	5	M	22	A		-1	2018.85770543	[0, 1, 1, 1, 1, 1, 1, 1, 1, 1, 1, 0]
	337302	259561	279614	5	M	64	A		-1	2018.93147546	[1, 1, 1, 1, 1, 1, 1, 1, 1, 1, 1, 1]
	360610	251662	150459	5	M	12	A		-1	2019.09620056	[1, 1, 1, 1, 1, 1, 1, 1, 1, 1, 1, 1]
	370450	248120	276822	5	M	39	A		-1	2019.11638502	[1, 1, 1, 1, 1, 1, 1, 1, 1, 1, 1, 1]
	339702	276491	253721	5	M	55	A		-1	2019.17367929	[1, 1, 1, 1, 1, 1, 0, 1, 1, 1, 1, 1]
	357995	225374	222805	5	M	51	A		-1	2019.63890632	[1, 0, 1, 1, 1, 1, 1, 1, 1, 1, 1, 1]
	334358	266872	269662	5	M	47	A		-1	2019.98425345	[1, 1, 1, 0, 1, 1, 1, 1, 1, 1, 1, 1]
	345899	232253	256206	5	M	73	A		-1	2020.49401724	[1, 1, 1, 1, 1, 1, 1, 1, 1, 1, 1, 0]
	351303	287586	138139	5	M	23	A		-1	2020.51900743	[1, 1, 1, 1, 1, 1, 1, 1, 1, 1, 1, 1]
	368175	271449	215630	5	M	71	A		-1	2020.82628904	[1, 1, 1, 1, 1, 1, 1, 1, 1, 1, 1, 1]
	302414	228210	275067	5	M	72	A		-1	2021.57284522	[1, 1, 1, 1, 1, 1, 1, 1, 1, 1, 1, 1]
	318201	286849	290596	5	M	45	A		-1	2022.00481278	[1, 1, 1, 1, 1, 1, 1, 1, 1, 1, 1, 1]
	316000	286849	217304	5	M	57	A		-1	2022.04889084	[1, 1, 1, 1, 0, 1, 1, 1, 1, 1, 1, 1]
	338807	233493	215398	5	M	29	A		-1	2022.85875321	[1, 1, 1, 1, 1, 1, 1, 1, 1, 1, 1, 1]
	304773	259561	280705	5	M	90	A		-1	2023.30308227	[1, 1, 1, 1, 1, 1, 1, 1, 1, 1, 1, 1]
	352363	244829	230037	5	M	53	A		-1	2024.34664703	[1, 1, 1, 1, 1, 1, 1, 1, 1, 1, 1, 1]
	332641	232757	250486	5	M	54	A		-1	2024.42826117	[1, 1, 1, 1, 1, 1, 1, 1, 1, 1, 1, 1]
	343432	228210	190432	5	M	15	A		-1	2024.48001002	[1, 1, 1, 1, 1, 1, 0, 1, 1, 1, 1, 1]
	322672	216236	285353	5	M	40	A		-1	2024.71986089	[1, 1, 1, 1, 1, 1, 1, 1, 1, 1, 1, 1]
	357423	256214	209573	5	M	87	A		-1	2024.78951217	[1, 1, 1, 1, 1, 1, 1, 1, 1, 1, 1, 1]
	371490	233493	276580	5	M	56	A		-1	2024.85771855	[1, 1, 1, 1, 1, 1, 1, 1, 1, 1, 1, 1]
	388046	259561	227137	5	M	57	A		-1	2025.05997956	[1, 1, 1, 1, 1, 1, 1, 1, 1, 1, 1, 1]
	311198	287586	154491	5	M	25	A		-1	2025.11201401	[1, 1, 1, 1, 1, 1, 1, 1, 1, 1, 1, 1]
	326672	232757	166600	5	M	81	A		-1	2025.4334295	[1, 1, 1, 1, 1, 1, 1, 1, 1, 1, 1, 1]
	298016	269311	282257	5	M	88	A		-1	2025.45837343	[1, 1, 1, 1, 1, 1, 1, 1, 1, 1, 1, 1]
	322973	258931	232921	5	M	73	A		-1	2025.52249253	[1, 1, 1, 1, 1, 1, 1, 1, 1, 1, 1, 1]
	320937	251662	147111	5	M	52	A		-1	2026.00941429	[1, 1, 1, 1, 1, 1, 1, 1, 1, 1, 1, 1]
	353297	199665	293461	5	M	78	A		-1	2026.06249188	[1, 1, 1, 1, 1, 1, 1, 1, 1, 1, 1, 1]
	301355	271701	291869	5	M	79	A		-1	2026.09181632	[1, 1, 1, 1, 1, 1, 1, 1, 1, 1, 1, 1]
	330321	239076	268345	5	M	19	A		-1	2026.21716265	[1, 1, 1, 1, 1, 1, 1, 1, 1, 1, 1, 1]
	339109	290655	244580	5	M	46	A		-1	2026.32185978	[1, 0, 1, 1, 1, 1, 1, 1, 1, 1, 1, 1]
	379949	233493	214927	5	M	16	A		-1	2026.89170148	[1, 1, 1, 1, 1, 1, 1, 1, 1, 1, 1, 1]
	383403	251662	196261	5	M	91	A		-1	2026.95047712	[1, 1, 1, 1, 1, 1, 1, 1, 1, 1, 1, 1]
	351521	242325	285654	5	M	20	A		-1	2027.35695705	[1, 1, 1, 1, 0, 1, 1, 1, 1, 1, 1, 1]
	298136	271701	208736	5	M	49	A		-1	2027.85631104	[1, 1, 1, 1, 1, 1, 1, 1, 1, 1, 1, 1]
	362237	248120	260896	5	M	40	A		-1	2027.95753279	[1, 1, 1, 1, 1, 1, 1, 1, 1, 1, 1, 0]
	337504	276491	285082	5	M	88	A		-1	2028.01870171	[1, 1, 1, 1, 1, 1, 0, 1, 1, 1, 1, 1]
	387729	229361	252477	5	M	61	A		-1	2028.06475131	[1, 1, 1, 1, 1, 1, 1, 0, 1, 1, 1, 1]
	384595	233493	196270	5	M	67	A		-1	2028.19008082	[1, 1, 1, 1, 1, 1, 1, 1, 1, 1, 1, 1]
	319116	239303	264054	5	M	80	A		-1	2028.50905967	[1, 1, 1, 1, 1, 1, 1, 1, 1, 1, 1, 1]
	364102	269311	219978	5	M	43	A		-1	2028.53153722	[1, 1, 1, 1, 1, 1, 1, 1, 1, 1, 1, 1]
	355554	239303	207100	5	M	63	A		-1	2028.75765743	[1, 1, 1, 1, 1, 1, 1, 1, 1, 1, 1, 0]
	345680	244829	236729	5	M	0	A		-1	2028.75945378	[1, 1, 1, 1, 1, 1, 1, 1, 1, 1, 1, 1]
	248540	185814	188102	4	M	75	A		-1	2029.10540347	[1, 1, 1, 1, 1, 1, 1, 0, 1, 1, 1, 1]
	373142	228210	255820	5	M	76	A		-1	2029.63181664	[1, 1, 1, 1, 1, 1, 1, 1, 1, 1, 1, 1]
	390507	217582	215898	5	M	34	A		-1	2029.8527735	[1, 1, 1, 1, 1, 1, 1, 1, 1, 1, 1, 1]
	321231	246087	232488	5	M	46	A		-1	2029.85479748	[0, 1, 1, 1, 1, 1, 1, 1, 1, 1, 1, 1]
	354623	287586	144937	5	M	60	A		-1	2030.03561872	[1, 1, 1, 1, 1, 1, 1, 1, 1, 1, 1, 1]
	305150	194907	207105	5	M	79	A		-1	2030.04181106	[1, 1, 1, 1, 1, 1, 1, 1, 1, 1, 0, 1]
	344948	277995	227039	5	M	6	A		-1	2030.15768579	[1, 1, 1, 1, 1, 1, 1, 1, 1, 1, 1, 1]
	329180	232757	220958	5	M	88	A		-1	2030.34524956	[1, 0, 1, 1, 1, 1, 1, 1, 1, 1, 1, 1]
	374475	225195	189675	5	M	61	A		-1	2030.60875638	[1, 1, 1, 1, 1, 1, 1, 1, 1, 1, 1, 1]
	251662	172054	174953	4	M	58	A		-1	2031.05611244	[1, 1, 1, 1, 1, 1, 1, 1, 1, 1, 1, 1]
	328024	217582	241221	5	M	62	A		-1	2031.19810933	[1, 1, 1, 1, 1, 1, 1, 1, 1, 1, 1, 1]
	297435	286849	201487	5	M	54	A		-1	2031.32594654	[1, 1, 1, 1, 1, 1, 1, 1, 1, 1, 1, 1]
	301013	271701	237761	5	M	49	A		-1	2031.5601285	[1, 1, 1, 1, 1, 1, 1, 1, 1, 1, 1, 1]
	308622	233493	262184	5	M	6	A		-1	2031.67478725	[1, 1, 1, 1, 1, 1, 1, 1, 1, 1, 1, 1]
	346915	194907	206314	5	M	41	A		-1	2032.10921899	[1, 1, 1, 1, 1, 1, 1, 1, 1, 1, 1, 1]
	344359	286849	268823	5	M	81	A		-1	2032.33707561	[1, 1, 1, 1, 1, 1, 1, 1, 1, 1, 1, 1]
	330256	229361	248136	5	M	84	A		-1	2032.69277376	[1, 1, 1, 1, 1, 1, 1, 1, 1, 1, 1, 1]
	359778	216236	284351	5	M	48	A		-1	2033.05082502	[1, 1, 1, 1, 1, 1, 1, 1, 1, 1, 1, 0]
	320735	251662	251352	5	M	23	A		-1	2033.35298786	[1, 1, 1, 1, 1, 1, 1, 1, 1, 1, 1, 1]
	294473	239303	233335	5	M	36	A		-1	2034.31459381	[1, 1, 1, 1, 1, 1, 1, 1, 1, 1, 1, 1]
	357583	217582	128864	5	M	89	A		-1	2034.37435158	[1, 1, 1, 1, 1, 0, 1, 1, 1, 1, 1, 1]
	312981	225195	266948	5	M	45	A		-1	2034.4773035	[1, 1, 1, 1, 1, 1, 1, 1, 1, 1, 1, 1]
	310665	244829	283989	5	M	17	A		-1	2034.58548386	[1, 1, 1, 1, 1, 1, 1, 1, 1, 1, 1, 1]
	327579	248540	228588	5	M	29	A		-1	2034.93865858	[1, 1, 1, 1, 1, 1, 1, 0, 1, 1, 1, 1]
	380802	254462	283209	5	M	35	A		-1	2035.21595927	[1, 1, 1, 1, 1, 1, 1, 1, 1, 1, 1, 1]
	353830	217414	287216	5	M	32	A		-1	2035.41963244	[1, 1, 1, 1, 1, 1, 1, 1, 1, 1, 1, 1]
	296708	196858	264740	5	M	43	A		-1	2035.44406925	[1, 1, 1, 1, 1, 1, 1, 1, 1, 1, 1, 1]
	314775	226764	221958	5	M	46	A		-1	2035.73189913	[1, 1, 1, 1, 1, 1, 1, 1, 1, 1, 1, 1]
	300862	217414	187277	5	M	16	A		-1	2036.14056138	[1, 1, 1, 1, 1, 1, 1, 1, 1, 1, 1, 1]
	306249	228885	170817	5	M	72	A		-1	2036.2249402	[1, 1, 1, 1, 1, 1, 1, 1, 1, 1, 1, 1]
	370509	226764	204579	5	M	97	A		-1	2036.71846688	[1, 1, 1, 1, 1, 1, 1, 1, 1, 1, 1, 1]
	317422	225195	290751	5	M	40	A		-1	2036.94848059	[0, 1, 1, 1, 1, 1, 1, 1, 1, 1, 1, 1]
	310226	285325	118124	5	M	36	A		-1	2037.40255258	[1, 1, 1, 1, 1, 1, 1, 1, 1, 1, 1, 1]
	348846	194907	190081	5	M	68	A		-1	2037.69843459	[1, 1, 1, 1, 1, 1, 1, 1, 1, 1, 1, 1]
	393565	258931	256990	5	M	63	A		-1	2038.23531587	[1, 1, 1, 1, 1, 1, 1, 1, 1, 1, 1, 0]
	344472	248120	206529	5	M	69	A		-1	2038.28677857	[1, 1, 1, 1, 1, 1, 1, 1, 1, 1, 1, 1]
	301681	229361	145703	5	M	77	A		-1	2038.75002021	[1, 1, 1, 1, 1, 1, 1, 1, 1, 1, 1, 1]
	341789	256214	224825	5	M	25	A		-1	2038.90572009	[1, 1, 1, 1, 1, 1, 1, 1, 1, 1, 1, 1]
	309992	208512	166929	5	M	37	A		-1	2038.93822155	[1, 1, 1, 1, 1, 1, 1, 1, 1, 1, 1, 1]
	316676	229361	222142	5	M	81	A		-1	2039.40511876	[1, 1, 1, 1, 1, 1, 1, 1, 1, 1, 1, 1]
	295404	228885	181285	5	M	56	A		-1	2039.90847867	[1, 1, 1, 1, 1, 0, 1, 0, 1, 1, 1, 1]
	300706	259561	258036	5	M	47	A		-1	2040.2347159	[1, 1, 1, 1, 1, 1, 1, 1, 1, 1, 1, 1]
	348575	232253	222081	5	M	79	A		-1	2040.86423702	[1, 1, 1, 1, 1, 1, 1, 1, 1, 1, 1, 1]
	343162	208512	246236	5	M	20	A		-1	2040.93644763	[1, 1, 1, 1, 1, 1, 1, 1, 1, 1, 1, 1]
	372658	269311	215734	5	M	10	A		-1	2041.14736332	[1, 1, 1, 1, 1, 1, 1, 1, 1, 1, 1, 1]
	321647	251662	255729	5	M	98	A		-1	2041.50746831	[1, 1, 1, 1, 1, 1, 1, 1, 1, 1, 1, 1]
	302348	248540	195181	5	M	55	A		-1	2041.63182517	[1, 1, 1, 1, 1, 1, 1, 0, 1, 1, 1, 1]
	322720	217582	202007	5	M	95	A		-1	2041.72625896	[1, 1, 1, 1, 1, 1, 1, 1, 1, 1, 1, 1]
	320582	254462	224575	5	M	16	A		-1	2041.84845948	[1, 1, 1, 1, 1, 1, 1, 1, 1, 1, 1, 1]
	326750	271449	180766	5	M	15	A		-1	2041.95598926	[0, 1, 1, 1, 1, 1, 1, 1, 1, 1, 1, 1]
	343906	286849	126905	5	M	12	A		-1	2042.09694034	[1, 1, 1, 1, 1, 1, 1, 1, 1, 1, 1, 1]
	323629	283716	258547	5	M	100	A		-1	2042.74905422	[1, 1, 1, 1, 1, 1, 1, 1, 1, 1, 1, 1]
	303689	259561	207815	5	M	37	A		-1	2042.80192871	[1, 1, 1, 1, 1, 1, 1, 1, 1, 1, 1, 1]
	318198	263430	202285	5	M	24	A		-1	2042.84892804	[1, 1, 0, 1, 1, 1, 1, 1, 1, 1, 1, 1]
	358124	194907	279419	5	M	17	A		-1	2042.8877406	[1, 1, 1, 1, 1, 1, 1, 1, 1, 1, 1, 1]
	321217	194907	251245	5	M	12	A		-1	2043.86115379	[1, 1, 1, 1, 1, 1, 1, 1, 1, 1, 1, 1]
	360490	256214	238489	5	M	76	A		-1	2043.88598356	[1, 1, 1, 1, 1, 1, 1, 1, 1, 1, 1, 1]
	353132	199665	271732	5	M	18	A		-1	2044.20010427	[1, 1, 1, 1, 1, 1, 1, 1, 1, 1, 1, 1]
	333900	250767	244931	5	M	44	A		-1	2044.22401653	[1, 1, 1, 1, 1, 1, 1, 1, 1, 1, 1, 1]
	392313	208512	266554	5	M	6	A		-1	2044.58721802	[1, 1, 1, 1, 1, 1, 1, 1, 1, 1, 1, 1]
	320084	250767	201039	5	M	87	A		-1	2045.7074229	[1, 1, 1, 1, 1, 1, 1, 1, 1, 1, 1, 1]
	367683	271449	259802	5	M	3	A		-1	2046.57694474	[1, 1, 1, 1, 1, 1, 1, 1, 1, 1, 1, 1]
	354988	269311	192233	5	M	43	A		-1	2046.68253034	[1, 1, 1, 0, 1, 1, 1, 1, 1, 1, 1, 1]
	342495	233493	211843	5	M	98	A		-1	2046.76071057	[1, 1, 1, 1, 1, 1, 1, 1, 1, 1, 1, 1]
	376832	225195	197927	5	M	80	A		-1	2047.39131194	[0, 1, 1, 1, 1, 0, 1, 1, 1, 1, 1, 1]
	385832	216236	226290	5	M	32	A		-1	2047.86178533	[0, 1, 1, 1, 1, 1, 1, 1, 1, 1, 1, 1]
	338215	244829	259140	5	M	6	A		-1	2048.13590595	[1, 1, 1, 1, 1, 1, 1, 1, 1, 1, 1, 1]
	366652	286849	277039	5	M	68	A		-1	2048.46690675	[1, 1, 1, 1, 1, 1, 1, 1, 1, 1, 1, 1]
	337886	286849	273111	5	M	33	A		-1	2048.76324979	[1, 1, 1, 1, 1, 1, 1, 1, 1, 1, 1, 1]
	305144	251662	287299	5	M	44	A		-1	2049.71459	[1, 1, 1, 1, 1, 1, 1, 1, 1, 1, 1, 1]
	328962	271449	205681	5	M	32	A		-1	2050.10614226	[1, 1, 1, 0, 1, 1, 1, 1, 1, 1, 1, 1]
	310913	232757	291280	5	M	94	A		-1	2050.14393155	[1, 1, 1, 1, 1, 1, 1, 1, 1, 1, 1, 1]
	259561	158882	174423	4	M	81	A		-1	2051.14290909	[1, 1, 1, 1, 1, 1, 1, 1, 1, 1, 1, 1]
	362037	239303	229682	5	M	26	A		-1	2051.61853706	[1, 1, 1, 1, 1, 1, 1, 1, 1, 1, 1, 1]
	374574	217582	204461	5	M	47	A		-1	2051.75140452	[1, 1, 1, 1, 1, 1, 1, 1, 1, 1, 1, 1]
	349603	268029	241377	5	M	5	A		-1	2051.7601962	[0, 1, 1, 0, 1, 1, 1, 1, 1, 1, 1, 1]
	310575	276491	288404	5	M	76	A		-1	2051.77211268	[1, 1, 1, 1, 1, 1, 0, 1, 1, 1, 1, 1]
	340410	276491	291568	5	M	52	A		-1	2052.4804063	[1, 1, 1, 0, 1, 1, 0, 1, 1, 1, 1, 1]
	319243	272825	275232	5	M	30	A		-1	2053.05364714	[1, 1, 1, 1, 1, 1, 1, 1, 1, 1, 1, 0]
	320623	208512	162584	5	M	92	A		-1	2053.96267216	[1, 1, 1, 1, 1, 1, 1, 1, 1, 1, 1, 1]
	344258	242325	183961	5	M	66	A		-1	2054.25048069	[1, 1, 1, 1, 1, 1, 1, 1, 1, 1, 1, 0]
	350747	287586	226421	5	M	62	A		-1	2054.9011544	[1, 1, 1, 1, 1, 1, 1, 1, 1, 1, 1, 1]
	297606	283716	131738	5	M	86	A		-1	2055.28056295	[1, 1, 1, 1, 1, 1, 1, 1, 1, 1, 1, 1]
	332510	214492	212770	5	M	42	A		-1	2055.63863052	[1, 1, 1, 1, 1, 1, 1, 1, 1, 1, 1, 1]
	300738	229361	269709	5	M	56	A		-1	2055.95435373	[1, 1, 1, 1, 1, 1, 1, 0, 1, 1, 1, 1]
	346832	258931	194882	5	M	20	A		-1	2056.00931374	[1, 1, 1, 1, 1, 1, 1, 1, 1, 1, 1, 1]
	390935	286849	289054	5	M	71	A		-1	2056.1066872	[1, 1, 1, 1, 1, 1, 1, 1, 1, 1, 1, 1]
	363159	239303	159204	5	M	11	A		-1	2056.31455513	[1, 1, 1, 1, 1, 1, 1, 0, 1, 1, 1, 1]
	319332	214492	135480	5	M	52	A		-1	2056.34858281	[1, 1, 1, 1, 1, 1, 1, 1, 1, 1, 1, 1]
	352250	225374	269517	5	M	73	A		-1	2056.36141733	[1, 1, 1, 1, 1, 1, 1, 1, 1, 1, 1, 1]
	372281	268029	168906	5	M	95	A		-1	2056.59889442	[0, 1, 1, 0, 1, 1, 1, 1, 1, 1, 1, 1]
	321396	248540	271107	5	M	97	A		-1	2056.71726707	[1, 1, 1, 1, 1, 1, 1, 0, 1, 1, 1, 1]
	326963	269311	267110	5	M	58	A		-1	2057.22894109	[1, 1, 1, 1, 1, 1, 1, 1, 1, 1, 1, 1]
	296432	286849	259016	5	M	77	A		-1	2057.59206345	[1, 1, 1, 1, 1, 1, 1, 1, 1, 1, 1, 1]
	351122	287586	278905	5	M	75	A		-1	2058.06013639	[1, 1, 1, 1, 1, 1, 1, 1, 1, 1, 1, 1]
	385644	225195	220548	5	M	31	A		-1	2058.06513209	[1, 1, 1, 1, 1, 1, 1, 1, 1, 1, 1, 1]
	347933	271449	143120	5	M	13	A		-1	2058.4787425	[1, 1, 1, 1, 1, 0, 1, 1, 1, 1, 1, 1]
	352217	196858	191539	5	M	85	A		-1	2058.93462307	[1, 1, 1, 1, 1, 1, 1, 1, 1, 1, 1, 1]
	365120	232757	210586	5	M	30	A		-1	2058.9775867	[1, 1, 1, 1, 1, 1, 1, 1, 1, 1, 1, 1]
	376722	195243	287292	5	M	45	A		-1	2059.02467575	[1, 1, 1, 1, 1, 1, 1, 1, 1, 1, 1, 1]
	325278	248120	186455	5	M	43	A		-1	2059.20267513	[1, 1, 1, 1, 1, 1, 1, 1, 1, 1, 1, 1]
	315322	290655	194121	5	M	70	A		-1	2059.21757884	[1, 1, 1, 1, 1, 1, 1, 1, 1, 1, 1, 1]
	386224	246087	150124	5	M	3	A		-1	2059.43852036	[1, 1, 1, 1, 1, 1, 1, 1, 1, 1, 1, 1]
	314831	286849	289786	5	M	98	A		-1	2059.46345412	[1, 1, 1, 1, 1, 1, 1, 1, 1, 1, 1, 1]
	350979	200012	207966	5	M	27	A		-1	2059.94094114	[1, 1, 1, 1, 1, 1, 1, 0, 1, 1, 1, 1]
	357617	195243	289219	5	M	27	A		-1	2060.15431746	[1, 1, 1, 1, 1, 1, 1, 1, 1, 1, 1, 1]
	336724	272825	242598	5	M	4	A		-1	2060.67474413	[1, 1, 1, 1, 1, 1, 1, 1, 1, 1, 1, 1]
	268029	182286	163335	4	M	6	A		-1	2060.94316776	[0, 1, 1, 0, 1, 1, 1, 1, 1, 1, 1, 1]
	323617	195243	293516	5	M	16	A		-1	2061.11131174	[1, 1, 1, 1, 1, 1, 1, 1, 1, 1, 1, 1]
	392690	225374	233235	5	M	74	A		-1	2061.4576378	[1, 1, 1, 1, 1, 1, 1, 1, 1, 1, 1, 1]
	343321	201719	239603	5	M	11	A		-1	2061.73208608	[1, 1, 1, 1, 1, 1, 1, 1, 1, 1, 1, 1]
	294291	194907	240378	5	M	57	A		-1	2062.45487076	[1, 1, 1, 1, 1, 1, 1, 1, 1, 1, 1, 1]
	376586	196858	259161	5	M	84	A		-1	2062.76556544	[1, 1, 1, 1, 1, 1, 1, 1, 1, 1, 1, 1]
	372948	290655	198263	5	M	85	A		-1	2063.0760801	[1, 1, 1, 1, 1, 1, 1, 1, 1, 1, 1, 1]
	333125	286849	233057	5	M	25	A		-1	2063.28874079	[1, 1, 1, 1, 1, 1, 1, 1, 1, 1, 1, 1]
	387029	271449	285193	5	M	0	A		-1	2063.29269394	[1, 1, 1, 0, 1, 1, 1, 1, 1, 1, 1, 1]
	315238	283716	199220	5	M	14	A		-1	2064.430407	[1, 1, 1, 1, 1, 1, 0, 1, 1, 1, 1, 1]
	385431	246087	208604	5	M	89	A		-1	2065.8749129	[1, 1, 1, 1, 1, 1, 1, 1, 1, 1, 1, 1]
	300027	213962	203778	5	M	86	A		-1	2066.79079614	[1, 1, 1, 1, 1, 1, 1, 1, 1, 1, 1, 1]
	347336	268029	195102	5	M	13	A		-1	2067.49681124	[0, 1, 1, 0, 1, 1, 1, 1, 1, 1, 1, 1]
	372811	286849	128227	5	M	88	A		-1	2067.9371195	[1, 1, 1, 1, 1, 1, 1, 1, 1, 1, 1, 1]
	317977	287586	204790	5	M	43	A		-1	2068.21186721	[1, 1, 1, 1, 1, 1, 1, 1, 1, 1, 1, 1]
	353558	225374	193192	5	M	0	A		-1	2068.7349999	[1, 0, 1, 1, 1, 1, 1, 1, 1, 1, 1, 1]
	366866	256214	245198	5	M	51	A		-1	2069.66792763	[1, 1, 1, 1, 1, 1, 1, 1, 1, 1, 1, 1]
	356519	239303	164659	5	M	46	A		-1	2070.36974551	[1, 1, 1, 1, 1, 0, 1, 1, 1, 1, 1, 1]
	378306	242325	247352	5	M	89	A		-1	2070.62282697	[1, 1, 1, 1, 0, 1, 1, 1, 1, 1, 1, 1]
	377607	225374	287621	5	M	13	A		-1	2071.06229235	[1, 0, 1, 1, 1, 1, 1, 1, 1, 1, 1, 0]
	294170	232253	197065	5	M	29	A		-1	2071.37190389	[1, 1, 1, 1, 1, 1, 1, 1, 1, 1, 1, 1]
	326685	277995	270901	5	M	64	A		-1	2071.63515575	[1, 1, 1, 1, 1, 1, 1, 1, 1, 1, 1, 1]
	320425	232599	285970	5	M	76	A		-1	2072.29099255	[1, 1, 1, 1, 1, 1, 1, 1, 1, 1, 1, 1]
	365574	271701	207967	5	M	26	A		-1	2072.65959895	[1, 1, 1, 1, 1, 1, 1, 1, 1, 1, 1, 1]
	304718	232253	201533	5	M	94	A		-1	2073.18209162	[1, 1, 1, 1, 1, 1, 1, 1, 1, 1, 1, 1]
	345624	277995	225568	5	M	93	A		-1	2075.29560924	[1, 1, 1, 1, 1, 1, 1, 1, 1, 1, 1, 1]
	309932	286849	243027	5	M	23	A		-1	2075.48207539	[1, 1, 1, 1, 1, 1, 1, 1, 1, 1, 1, 1]
	335884	248120	213930	5	M	27	A		-1	2075.81993223	[1, 1, 1, 1, 1, 1, 1, 1, 1, 1, 1, 1]
	324527	225374	291196	5	M	46	A		-1	2076.01444798	[1, 1, 1, 1, 1, 1, 1, 1, 1, 1, 1, 1]
	286849	184240	125527	4	M	14	A		-1	2076.51043083	[1, 1, 1, 1, 1, 1, 1, 1, 1, 1, 1, 1]
	309327	268029	265421	5	M	18	A		-1	2076.6152413	[1, 1, 1, 0, 1, 1, 0, 1, 1, 1, 1, 1]
	299581	271449	245919	5	M	97	A		-1	2077.34390424	[1, 1, 1, 0, 1, 1, 1, 1, 1, 1, 1, 1]
	322832	290655	197807	5	M	21	A		-1	2077.43055413	[1, 1, 1, 1, 1, 1, 1, 1, 1, 1, 1, 1]
	328232	266872	261457	5	M	31	A		-1	2077.69965296	[1, 1, 1, 1, 1, 1, 1, 1, 1, 1, 1, 1]
	331047	217582	84622	5	M	61	A		-1	2078.1572443	[1, 1, 1, 1, 1, 1, 1, 1, 1, 1, 1, 1]
	393463	242325	221784	5	M	46	A		-1	2078.42094073	[1, 1, 1, 1, 1, 1, 1, 1, 1, 1, 1, 1]
	307905	216236	217733	5	M	73	A		-1	2078.66552827	[1, 1, 1, 1, 1, 1, 1, 1, 1, 1, 1, 1]
	363915	208512	248715	5	M	38	A		-1	2079.22130159	[1, 1, 1, 1, 1, 1, 1, 0, 1, 1, 1, 1]
	362065	199665	268268	5	M	96	A		-1	2080.54997389	[1, 1, 1, 1, 1, 1, 1, 1, 1, 1, 1, 1]
	382083	259561	209435	5	M	85	A		-1	2081.34022708	[1, 1, 1, 1, 1, 1, 1, 1, 1, 1, 1, 1]
	304429	232757	245660	5	M	44	A		-1	2081.57359467	[1, 1, 1, 1, 1, 1, 1, 1, 1, 1, 1, 1]
	342739	229361	264801	5	M	22	A		-1	2083.12008621	[1, 1, 1, 1, 1, 1, 1, 1, 1, 1, 1, 0]
	305347	264286	198433	5	M	41	A		-1	2083.68373324	[1, 1, 1, 1, 1, 1, 1, 1, 1, 1, 1, 1]
	366496	271449	226615	5	M	2	A		-1	2084.8394744	[1, 1, 1, 1, 1, 0, 1, 1, 1, 1, 1, 1]
	379818	248540	170472	5	M	25	A		-1	2085.21440612	[1, 1, 1, 1, 1, 1, 1, 0, 1, 1, 1, 1]
	365042	259561	258539	5	M	73	A		-1	2086.05851153	[1, 1, 1, 1, 1, 1, 1, 1, 1, 1, 1, 1]
	383839	250767	195003	5	M	2	A		-1	2086.32869104	[1, 1, 1, 1, 1, 1, 1, 1, 1, 1, 1, 1]
	364756	248540	242525	5	M	1	A		-1	2086.88692651	[1, 1, 1, 1, 1, 1, 1, 1, 1, 1, 1, 1]
	239303	152991	189729	4	M	58	A		-1	2087.09899178	[1, 1, 1, 1, 1, 1, 1, 1, 1, 1, 1, 1]
	367963	214492	206389	5	M	76	A		-1	2087.45584439	[1, 1, 1, 1, 1, 1, 1, 1, 1, 1, 1, 1]
	337142	246087	288954	5	M	62	A		-1	2087.66347073	[1, 1, 1, 1, 1, 1, 1, 1, 1, 1, 1, 0]
	354971	217582	209405	5	M	49	A		-1	2089.31638194	[1, 1, 1, 1, 1, 1, 1, 1, 1, 1, 1, 1]
	385424	266872	215039	5	M	70	A		-1	2089.47798208	[1, 1, 1, 1, 1, 1, 1, 1, 1, 1, 1, 1]
	298995	225195	209493	5	M	81	A		-1	2091.9260078	[1, 1, 1, 1, 1, 1, 1, 1, 1, 1, 1, 1]
	359934	268029	230529	5	M	50	A		-1	2092.41242447	[0, 1, 1, 0, 1, 1, 1, 1, 1, 1, 1, 1]
	341101	266872	268971	5	M	64	A		-1	2092.63854479	[1, 1, 1, 0, 1, 1, 1, 1, 1, 1, 1, 1]
	386953	232757	263174	5	M	15	A		-1	2092.70840056	[1, 1, 1, 1, 1, 1, 1, 1, 1, 1, 1, 1]
	301764	217582	223304	5	M	21	A		-1	2092.74163329	[0, 1, 1, 1, 1, 1, 1, 1, 1, 1, 1, 1]
	382469	259561	199946	5	M	41	A		-1	2093.79736083	[1, 1, 1, 1, 1, 1, 1, 1, 1, 1, 1, 1]
	386150	268029	233745	5	M	83	A		-1	2094.0722186	[1, 1, 1, 1, 1, 1, 1, 1, 1, 1, 1, 1]
	330427	248540	270775	5	M	0	A		-1	2095.12026635	[1, 1, 1, 1, 1, 1, 1, 1, 1, 1, 1, 0]
	348857	248540	198022	5	M	90	A		-1	2095.29845039	[1, 1, 1, 1, 1, 1, 1, 1, 1, 1, 1, 1]
	305718	283716	203731	5	M	66	A		-1	2096.56329708	[1, 1, 1, 1, 0, 1, 1, 1, 1, 1, 1, 1]
	349829	290655	79332	5	M	34	A		-1	2096.56555122	[1, 1, 1, 1, 1, 1, 1, 1, 1, 1, 1, 1]
	360531	286849	277248	5	M	68	A		-1	2097.25885252	[1, 1, 1, 1, 1, 1, 1, 1, 1, 1, 1, 1]
	300024	239076	135683	5	M	12	A		-1	2097.44353715	[1, 1, 1, 1, 1, 1, 1, 1, 1, 1, 1, 1]
	294427	229361	167517	5	M	40	A		-1	2097.78101488	[1, 1, 1, 1, 1, 1, 1, 1, 1, 1, 1, 1]
	357234	271701	221153	5	M	59	A		-1	2098.76986913	[1, 1, 1, 1, 1, 1, 1, 1, 1, 1, 1, 1]
	320223	239303	252790	5	M	8	A		-1	2098.84776733	[1, 1, 1, 1, 1, 1, 1, 1, 1, 1, 1, 1]
	384869	283716	156379	5	M	87	A		-1	2098.96107816	[1, 1, 1, 1, 0, 1, 1, 1, 1, 1, 1, 1]
	312575	271449	255955	5	M	73	A		-1	2100.40778352	[1, 1, 1, 0, 1, 1, 0, 1, 1, 1, 1, 1]
	361190	264286	245372	5	M	77	A		-1	2100.95064569	[1, 1, 1, 1, 0, 1, 1, 1, 1, 1, 1, 1]
	341831	226764	269542	5	M	86	A		-1	2101.73477825	[1, 1, 1, 1, 1, 1, 1, 1, 1, 1, 1, 1]
	388447	271449	269851	5	M	81	A		-1	2102.79278843	[1, 1, 1, 0, 1, 1, 1, 1, 1, 1, 1, 0]
	376395	276491	91001	5	M	31	A		-1	2103.13645618	[1, 1, 1, 1, 1, 1, 1, 1, 1, 1, 1, 1]
	335240	286849	216977	5	M	7	A		-1	2103.20648677	[1, 1, 1, 1, 1, 1, 1, 1, 1, 1, 1, 1]
	333884	239303	250962	5	M	34	A		-1	2103.33851844	[1, 1, 1, 1, 1, 1, 1, 1, 1, 1, 1, 1]
	307392	196858	264192	5	M	28	A		-1	2104.3455011	[1, 1, 1, 1, 1, 1, 1, 1, 1, 1, 1, 1]
	313744	216236	235639	5	M	74	A		-1	2104.62730036	[1, 1, 1, 1, 1, 1, 1, 1, 1, 1, 1, 1]
	392317	199665	254182	5	M	62	A		-1	2104.74086147	[1, 1, 1, 0, 1, 1, 1, 1, 1, 1, 1, 1]
	341023	214492	280125	5	M	54	A		-1	2105.69271609	[1, 1, 1, 1, 1, 0, 1, 1, 1, 1, 1, 1]
	377219	214492	279373	5	M	66	A		-1	2107.43221984	[1, 1, 1, 1, 1, 1, 1, 1, 1, 1, 1, 1]
	324933	196858	230239	5	M	37	A		-1	2107.88478742	[1, 1, 1, 1, 1, 1, 1, 1, 1, 1, 1, 1]
	299696	199665	268787	5	M	43	A		-1	2108.03022301	[1, 1, 1, 1, 1, 1, 1, 1, 1, 1, 1, 1]
	340857	239303	241091	5	M	17	A		-1	2108.05049575	[1, 1, 1, 1, 1, 1, 1, 1, 1, 1, 1, 1]
	388534	259561	195450	5	M	56	A		-1	2108.15631309	[1, 1, 1, 1, 1, 1, 1, 1, 1, 1, 1, 1]
	329568	269311	252087	5	M	5	A		-1	2109.72020211	[1, 1, 1, 1, 1, 1, 1, 1, 1, 1, 1, 1]
	348992	195243	202798	5	M	24	A		-1	2110.05575	[1, 1, 1, 1, 1, 1, 1, 1, 1, 1, 1, 1]
	334020	250767	176661	5	M	2	A		-1	2110.28159586	[1, 1, 1, 1, 1, 1, 1, 1, 1, 1, 1, 1]
	358564	268029	284624	5	M	17	A		-1	2110.58971088	[1, 1, 1, 0, 1, 1, 1, 0, 1, 1, 1, 1]
	312411	268029	218725	5	M	26	A		-1	2112.18288655	[0, 1, 1, 1, 1, 1, 1, 1, 1, 1, 1, 1]
	368427	242325	221439	5	M	100	A		-1	2113.31148847	[1, 1, 1, 1, 1, 1, 1, 1, 1, 1, 1, 1]
	382189	263430	153934	5	M	21	A		-1	2114.35842122	[1, 1, 1, 1, 1, 1, 1, 1, 1, 1, 1, 1]
	345428	286849	282768	5	M	47	A		-1	2119.114878	[1, 1, 1, 1, 1, 1, 1, 0, 1, 1, 1, 1]
	353510	290655	213728	5	M	80	A		-1	2120.6314959	[1, 1, 1, 1, 1, 1, 1, 1, 1, 1, 1, 1]
	314230	242325	240840	5	M	45	A		-1	2120.71521478	[1, 1, 1, 1, 0, 0, 1, 1, 1, 1, 1, 1]
	293803	229361	237782	5	M	50	A		-1	2123.04867942	[1, 1, 1, 1, 1, 1, 1, 1, 1, 1, 1, 1]
	342198	286849	234291	5	M	42	A		-1	2123.32600122	[1, 1, 1, 1, 1, 0, 1, 1, 1, 1, 1, 1]
	340104	233493	234863	5	M	30	A		-1	2124.93735556	[1, 1, 1, 1, 1, 1, 1, 1, 1, 1, 1, 1]
	322788	239076	280939	5	M	12	A		-1	2125.52565276	[1, 1, 1, 1, 1, 1, 1, 1, 1, 1, 1, 1]
	329035	239303	171478	5	M	96	A		-1	2125.74839563	[1, 1, 1, 1, 1, 1, 1, 1, 1, 1, 1, 1]
	361075	263430	257353	5	M	68	A		-1	2127.18468453	[1, 1, 1, 1, 1, 1, 1, 1, 1, 1, 1, 1]
	383089	233493	226286	5	M	71	A		-1	2127.85225919	[1, 1, 1, 1, 1, 1, 1, 1, 1, 1, 1, 1]
	378948	263430	245026	5	M	76	A		-1	2127.9565229	[1, 1, 1, 1, 1, 1, 1, 1, 1, 1, 1, 0]
	362793	246087	228249	5	M	41	A		-1	2130.01744676	[1, 1, 1, 1, 1, 1, 1, 1, 1, 1, 1, 1]
	391082	290655	280014	5	M	67	A		-1	2131.38600937	[1, 1, 1, 1, 1, 1, 1, 1, 1, 1, 1, 1]
	303370	213962	201022	5	M	49	A		-1	2131.3884939	[1, 1, 1, 1, 1, 1, 1, 1, 1, 1, 1, 1]
	387808	259561	235064	5	M	59	A		-1	2132.14722316	[1, 1, 1, 1, 1, 1, 1, 1, 1, 1, 1, 1]
	331343	217582	218768	5	M	69	A		-1	2132.92537834	[1, 1, 1, 1, 1, 1, 1, 1, 1, 1, 1, 1]
	387448	232253	232281	5	M	38	A		-1	2133.14561091	[1, 1, 1, 1, 1, 1, 1, 1, 1, 1, 1, 1]
	369621	264286	255122	5	M	47	A		-1	2133.30299859	[1, 1, 1, 1, 0, 1, 1, 1, 1, 1, 1, 1]
	389407	194907	250140	5	M	35	A		-1	2133.3534456	[1, 1, 1, 1, 1, 1, 1, 1, 1, 1, 1, 1]
	329233	248540	231321	5	M	100	A		-1	2133.93648841	[1, 1, 1, 1, 1, 1, 1, 0, 1, 1, 1, 1]
	361670	229361	291755	5	M	73	A		-1	2135.12533412	[1, 1, 1, 1, 1, 1, 1, 1, 1, 1, 1, 1]
	310981	244829	273768	5	M	44	A		-1	2135.20168194	[1, 1, 1, 1, 1, 1, 1, 1, 1, 1, 1, 1]
	355216	232253	241044	5	M	30	A		-1	2137.25115338	[1, 1, 1, 1, 1, 1, 1, 1, 1, 1, 1, 1]
	354360	266872	257832	5	M	2	A		-1	2137.36186186	[1, 1, 1, 1, 1, 1, 1, 1, 1, 1, 1, 1]
	326358	242325	213478	5	M	12	A		-1	2137.7872226	[1, 1, 1, 1, 0, 1, 1, 1, 1, 1, 1, 1]
	360642	196858	230611	5	M	98	A		-1	2139.46946092	[1, 1, 1, 1, 1, 1, 1, 1, 1, 1, 1, 1]
	366990	290655	274210	5	M	25	A		-1	2139.92997209	[1, 1, 1, 1, 1, 1, 1, 1, 1, 1, 1, 1]
	347730	286849	284451	5	M	80	A		-1	2139.94490026	[0, 1, 1, 1, 1, 1, 1, 1, 1, 1, 1, 1]
	309984	217414	269698	5	M	12	A		-1	2140.0352531	[1, 1, 1, 1, 1, 1, 1, 1, 1, 1, 1, 1]
	384789	251662	283805	5	M	41	A		-1	2141.54382352	[1, 1, 1, 1, 1, 1, 1, 1, 1, 1, 1, 1]
	393418	217414	251030	5	M	58	A		-1	2141.74739096	[1, 1, 1, 1, 1, 1, 1, 1, 1, 1, 1, 1]
	317028	290655	207358	5	M	83	A		-1	2144.28913603	[1, 1, 1, 1, 1, 1, 1, 1, 1, 1, 1, 1]
	303782	286849	172516	5	M	1	A		-1	2144.33074524	[1, 1, 1, 1, 1, 1, 1, 1, 1, 1, 1, 1]
	356846	287586	269990	5	M	18	A		-1	2144.97524619	[1, 1, 1, 1, 1, 1, 1, 1, 1, 1, 1, 1]
	368074	213962	208943	5	M	19	A		-1	2147.8291881	[1, 1, 1, 1, 1, 1, 1, 1, 1, 1, 1, 1]
	351784	228885	112498	5	M	80	A		-1	2148.32553737	[1, 1, 1, 1, 1, 1, 1, 1, 1, 1, 1, 1]
	354224	208512	203684	5	M	11	A		-1	2148.67127931	[1, 1, 1, 1, 1, 1, 1, 1, 1, 1, 1, 1]
	379847	194907	202542	5	M	40	A		-1	2148.72359631	[1, 1, 1, 1, 1, 1, 1, 1, 1, 1, 1, 1]
	332799	268029	127989	5	M	30	A		-1	2150.24764821	[0, 1, 1, 0, 1, 1, 1, 1, 1, 1, 1, 1]
	357757	232757	206537	5	M	76	A		-1	2151.64672586	[1, 1, 1, 1, 1, 1, 1, 1, 1, 1, 1, 1]
	327012	290655	222695	5	M	19	A		-1	2151.66767632	[1, 1, 1, 0, 1, 1, 1, 1, 1, 1, 1, 1]
	357974	286849	96282	5	M	75	A		-1	2151.87648452	[1, 1, 1, 1, 1, 1, 1, 1, 1, 1, 1, 1]
	393196	225374	244861	5	M	59	A		-1	2152.20399971	[1, 1, 1, 1, 1, 1, 1, 1, 1, 1, 1, 1]
	305827	226764	246444	5	M	56	A		-1	2156.53638602	[1, 1, 1, 1, 1, 1, 1, 1, 1, 1, 1, 1]
	362211	256214	271044	5	M	6	A		-1	2158.53265581	[1, 1, 1, 1, 1, 1, 1, 1, 1, 1, 1, 1]
	348909	248120	282377	5	M	6	A		-1	2159.65859455	[1, 1, 1, 1, 1, 1, 1, 1, 1, 1, 1, 1]
	312553	250767	230842	5	M	27	A		-1	2161.39637932	[1, 1, 1, 1, 1, 1, 1, 1, 1, 1, 1, 1]
	319887	246087	229519	5	M	99	A		-1	2161.76966565	[1, 1, 1, 1, 1, 1, 1, 1, 1, 1, 1, 1]
	327042	239303	154860	5	M	29	A		-1	2161.96584791	[1, 1, 1, 1, 1, 1, 1, 1, 1, 1, 1, 1]
	373407	276491	226457	5	M	14	A		-1	2162.47149146	[1, 1, 1, 1, 1, 1, 0, 1, 1, 1, 1, 1]
	342553	233493	280032	5	M	58	A		-1	2162.72368984	[1, 1, 1, 1, 1, 1, 1, 1, 1, 1, 1, 1]
	300767	277995	165103	5	M	20	A		-1	2163.61989877	[1, 1, 1, 1, 1, 1, 1, 1, 1, 1, 1, 1]
	377511	194907	269237	5	M	2	A		-1	2164.40598629	[1, 1, 1, 1, 1, 1, 1, 1, 1, 1, 1, 1]
	322388	239303	222336	5	M	32	A		-1	2165.03873638	[1, 1, 1, 1, 1, 1, 0, 1, 1, 1, 1, 1]
	333213	266872	199587	5	M	8	A		-1	2165.96740241	[1, 1, 1, 1, 1, 1, 1, 1, 1, 1, 1, 1]
	355638	248540	217244	5	M	80	A		-1	2166.04870024	[1, 1, 1, 1, 1, 1, 1, 0, 1, 1, 1, 1]
	377472	264286	144324	5	M	6	A		-1	2166.35524795	[1, 1, 1, 1, 1, 1, 1, 0, 1, 1, 1, 1]
	374077	239303	222427	5	M	53	A		-1	2170.08722152	[1, 1, 1, 1, 1, 1, 1, 1, 1, 1, 1, 1]
	357992	271701	284110	5	M	5	A		-1	2172.53859297	[1, 1, 1, 1, 1, 1, 1, 1, 1, 1, 1, 1]
	393369	216236	250902	5	M	50	A		-1	2173.60689523	[1, 1, 1, 1, 1, 1, 1, 1, 1, 1, 1, 1]
	377023	229361	111461	5	M	4	A		-1	2173.63071089	[1, 1, 1, 1, 1, 1, 1, 1, 1, 1, 1, 1]
	381139	226764	282575	5	M	88	A		-1	2175.65215733	[1, 1, 1, 1, 1, 1, 1, 1, 1, 1, 1, 1]
	347550	208512	268890	5	M	69	A		-1	2177.08692204	[1, 1, 1, 1, 1, 1, 1, 1, 1, 1, 1, 1]
	351410	242325	196802	5	M	28	A		-1	2177.74875376	[1, 1, 1, 1, 1, 1, 1, 0, 1, 1, 1, 1]
	349123	244829	234617	5	M	60	A		-1	2178.19119262	[1, 1, 1, 1, 1, 1, 1, 1, 1, 1, 1, 1]
	318636	228885	275290	5	M	55	A		-1	2178.21505055	[1, 1, 1, 1, 1, 1, 1, 1, 1, 1, 1, 1]
	351463	233493	261670	5	M	94	A		-1	2179.2341276	[1, 1, 1, 1, 1, 1, 1, 1, 1, 1, 1, 1]
	358260	232253	198807	5	M	6	A		-1	2180.13135294	[1, 1, 1, 1, 1, 1, 1, 1, 1, 1, 1, 1]
	339653	199665	199270	5	M	51	A		-1	2180.89119816	[1, 1, 1, 1, 1, 1, 1, 1, 1, 1, 1, 1]
	298751	251662	210105	5	M	66	A		-1	2181.32433925	[1, 1, 1, 1, 1, 1, 1, 1, 1, 1, 1, 1]
	361344	251662	257003	5	M	13	A		-1	2182.2948372	[1, 1, 1, 1, 1, 1, 1, 1, 1, 1, 1, 1]
	343217	248120	223287	5	M	49	A		-1	2183.67235662	[1, 1, 1, 1, 1, 1, 1, 1, 1, 1, 1, 1]
	346708	248120	143618	5	M	55	A		-1	2183.87565634	[1, 1, 1, 1, 1, 1, 1, 1, 1, 1, 1, 1]
	338299	290655	250618	5	M	5	A		-1	2184.48849669	[1, 1, 1, 1, 1, 1, 1, 1, 1, 1, 1, 1]
	309909	248540	203221	5	M	25	A		-1	2186.96664366	[1, 1, 1, 1, 1, 1, 1, 1, 1, 1, 1, 1]
	320349	286849	249567	5	M	72	A		-1	2187.31631087	[1, 1, 1, 1, 1, 1, 1, 1, 1, 1, 1, 1]
	321391	263430	227857	5	M	86	A		-1	2187.89850777	[1, 1, 1, 1, 1, 1, 1, 1, 1, 1, 1, 1]
	317682	225195	198371	5	M	51	A		-1	2187.92267891	[1, 1, 1, 1, 1, 1, 1, 1, 1, 1, 1, 1]
	326926	277995	293728	5	M	82	A		-1	2188.6493275	[1, 1, 1, 1, 1, 1, 1, 1, 1, 1, 1, 1]
	348831	225374	278718	5	M	15	A		-1	2189.96745548	[1, 1, 1, 1, 1, 1, 1, 1, 1, 1, 1, 1]
	390715	263430	211477	5	M	25	A		-1	2191.37120782	[1, 1, 1, 1, 1, 1, 1, 1, 1, 1, 1, 1]
	377755	268029	286942	5	M	46	A		-1	2191.982674	[1, 1, 1, 0, 1, 1, 1, 1, 1, 1, 1, 1]
	350204	244829	133982	5	M	11	A		-1	2194.3828302	[1, 1, 1, 1, 1, 1, 1, 1, 1, 1, 1, 1]
	366969	239076	274101	5	M	97	A		-1	2197.12739746	[1, 1, 1, 1, 1, 1, 1, 1, 1, 1, 1, 0]
	317142	271449	284106	5	M	11	A		-1	2197.7880533	[1, 1, 1, 0, 1, 1, 1, 1, 1, 1, 1, 1]
	389683	285325	281665	5	M	92	A		-1	2198.00575085	[1, 1, 1, 1, 1, 1, 1, 1, 1, 1, 1, 1]
	368714	217582	246788	5	M	20	A		-1	2198.24185146	[1, 1, 1, 1, 1, 1, 1, 1, 1, 1, 1, 1]
	381898	228885	197948	5	M	44	A		-1	2201.13002932	[1, 1, 1, 1, 1, 1, 1, 0, 1, 1, 1, 1]
	343087	201719	265625	5	M	38	A		-1	2201.56946994	[1, 1, 1, 0, 1, 1, 1, 1, 1, 1, 1, 1]
	298641	199665	229665	5	M	49	A		-1	2203.38350664	[1, 1, 0, 1, 1, 1, 1, 1, 1, 1, 1, 1]
	344118	268029	200813	5	M	19	A		-1	2206.00605734	[0, 1, 1, 1, 1, 1, 1, 1, 1, 1, 1, 1]
	338063	232757	235017	5	M	5	A		-1	2206.36499008	[1, 1, 1, 1, 1, 1, 0, 1, 1, 1, 1, 1]
	362463	225195	275070	5	M	85	A		-1	2217.1077434	[1, 1, 1, 1, 1, 1, 1, 1, 1, 1, 1, 1]
	299795	268029	281778	5	M	8	A		-1	2218.00905142	[1, 1, 1, 1, 1, 1, 1, 1, 1, 1, 1, 1]
	294726	232599	259931	5	M	71	A		-1	2219.89377678	[1, 1, 1, 1, 1, 1, 1, 1, 1, 1, 1, 1]
	355741	287586	207745	5	M	48	A		-1	2221.26604023	[1, 1, 1, 1, 1, 1, 1, 0, 1, 1, 1, 1]
	373295	196858	271318	5	M	44	A		-1	2225.05033082	[1, 1, 1, 1, 0, 1, 1, 1, 1, 1, 1, 1]
	317899	242325	204569	5	M	89	A		-1	2227.66250896	[1, 1, 1, 1, 1, 1, 1, 1, 1, 1, 1, 1]
	385344	244829	248029	5	M	91	A		-1	2227.79681489	[1, 1, 1, 1, 1, 1, 1, 1, 1, 1, 1, 1]
	372052	250767	218948	5	M	54	A		-1	2230.80610699	[1, 0, 1, 1, 1, 1, 1, 1, 1, 1, 1, 1]
	323802	251662	227912	5	M	29	A		-1	2237.78040347	[1, 1, 1, 1, 1, 1, 1, 1, 1, 1, 1, 1]
	308233	225195	213886	5	M	51	A		-1	2243.31883568	[1, 1, 1, 1, 1, 1, 1, 1, 1, 1, 1, 1]
	347692	242325	283828	5	M	57	A		-1	2243.72311197	[1, 1, 1, 1, 0, 1, 1, 0, 1, 1, 1, 0]
	383792	201719	248426	5	M	72	A		-1	2244.63385551	[1, 1, 1, 1, 1, 1, 1, 1, 1, 1, 1, 1]
	306388	200012	210949	5	M	41	A		-1	2248.37646981	[1, 1, 1, 1, 1, 1, 1, 1, 1, 1, 1, 1]
	319760	208512	233272	5	M	1	A		-1	2249.05670257	[1, 1, 1, 1, 1, 1, 1, 1, 1, 1, 1, 1]
	357821	251662	238574	5	M	76	A		-1	2251.47015562	[1, 1, 1, 1, 1, 1, 1, 1, 1, 1, 1, 1]
	296087	195243	284517	5	M	13	A		-1	2255.75246679	[1, 1, 1, 1, 1, 1, 1, 1, 1, 1, 1, 1]
	372873	232757	250204	5	M	60	A		-1	2260.84071488	[1, 1, 1, 1, 1, 1, 1, 1, 1, 1, 1, 1]
	337924	269311	240642	5	M	18	A		-1	2264.16908075	[1, 1, 1, 1, 1, 1, 1, 1, 1, 1, 1, 1]
	308833	214492	289429	5	M	96	A		-1	2265.97149432	[1, 1, 1, 1, 1, 1, 1, 1, 1, 1, 1, 1]
	317373	251662	201224	5	M	57	A		-1	2267.03541156	[1, 1, 1, 1, 1, 1, 1, 1, 1, 1, 1, 1]
	305636	242325	269023	5	M	43	A		-1	2268.29565788	[1, 1, 1, 1, 1, 1, 1, 1, 1, 1, 1, 1]
	379987	256214	213030	5	M	15	A		-1	2282.11900453	[1, 1, 1, 1, 1, 1, 1, 1, 1, 1, 1, 1]
	382343	248540	255998	5	M	87	A		-1	2284.49421962	[1, 1, 1, 1, 1, 1, 1, 0, 1, 1, 1, 1]
	310929	266872	288659	5	M	41	A		-1	2285.71295733	[1, 1, 1, 1, 1, 1, 1, 1, 1, 1, 1, 1]
	369643	290655	210547	5	M	92	A		-1	2289.27881339	[1, 1, 1, 1, 1, 1, 1, 1, 1, 1, 1, 1]
	348234	195243	216854	5	M	32	A		-1	2293.13333924	[1, 1, 1, 1, 1, 1, 1, 1, 1, 1, 1, 1]
	364177	251662	211155	5	M	49	A		-1	2299.94764621	[1, 1, 1, 1, 1, 1, 1, 1, 1, 1, 1, 1]
	383887	246087	200756	5	M	83	A		-1	2303.64597009	[1, 1, 1, 1, 1, 1, 1, 1, 1, 1, 1, 1]
	369781	244829	210131	5	M	24	A		-1	2307.66680315	[1, 1, 1, 1, 1, 1, 1, 1, 1, 1, 1, 1]
	382027	226764	217160	5	M	69	A		-1	2310.08340862	[1, 1, 1, 1, 1, 1, 1, 1, 1, 1, 1, 1]
	338822	200012	200134	5	M	56	A		-1	2313.51741046	[1, 1, 1, 1, 1, 1, 1, 1, 1, 1, 1, 1]
	336458	208512	269754	5	M	27	A		-1	2318.6623629	[1, 1, 1, 1, 1, 1, 0, 1, 1, 1, 1, 1]
	387127	194907	265674	5	M	59	A		-1	2318.95737088	[1, 1, 1, 1, 1, 1, 1, 1, 1, 1, 1, 1]
	365067	232253	290762	5	M	51	A		-1	2320.16292878	[1, 1, 1, 1, 1, 1, 1, 1, 1, 1, 1, 1]
	338743	232599	227584	5	M	2	A		-1	2340.99216001	[1, 1, 1, 1, 1, 1, 1, 1, 1, 1, 1, 1]
	370488	271449	214249	5	M	54	A		-1	2374.99012134	[1, 1, 1, 0, 1, 1, 1, 1, 1, 1, 1, 1]
	384420	217414	212126	5	M	62	A		-1	2411.95990686	[1, 1, 1, 1, 1, 1, 1, 1, 1, 1, 1, 1]
	354400	208512	210017	5	M	9	A		-1	2430.2004229	[1, 1, 1, 1, 1, 1, 1, 1, 1, 1, 1, 1]
	319059	225374	225161	5	M	78	A		-1	2452.92317124	[1, 0, 1, 1, 1, 1, 1, 1, 1, 1, 1, 1]
