animal	sire	dam	born	sex	herd	status	cause	died	TBV	recessives
	813823	757759	659444	10	M	33	A		-1	2693.74671621	[1, 1, 1, 1, 1, 1, 1, 1, 1, 1, 1, 1]
	894690	782577	724517	10	M	54	A		-1	2693.84268376	[1, 1, 1, 1, 1, 1, 1, 1, 1, 1, 1, 1]
	801301	737761	768635	10	M	88	A		-1	2693.91283593	[1, 1, 1, 1, 1, 1, 1, 0, 1, 1, 1, 1]
	812500	761949	463323	10	M	19	A		-1	2694.07249331	[1, 1, 1, 1, 1, 1, 1, 1, 1, 1, 1, 1]
	810428	732568	657994	10	M	33	A		-1	2694.53600684	[1, 1, 1, 1, 1, 1, 1, 1, 1, 1, 1, 1]
	825339	721337	721556	10	M	31	A		-1	2694.68746118	[1, 1, 1, 1, 1, 1, 1, 1, 1, 1, 1, 1]
	819534	708056	776174	10	M	54	A		-1	2695.41183868	[1, 1, 1, 1, 1, 1, 1, 1, 1, 1, 1, 1]
	883138	748152	606113	10	M	56	A		-1	2695.55238012	[1, 1, 1, 1, 1, 1, 1, 1, 1, 1, 1, 1]
	835565	752282	490655	10	M	73	A		-1	2695.55499839	[1, 0, 1, 1, 1, 1, 1, 1, 1, 1, 1, 1]
	826082	728510	611511	10	M	17	A		-1	2695.58390891	[1, 1, 1, 1, 1, 1, 1, 1, 1, 1, 1, 1]
	855510	708056	777870	10	M	77	A		-1	2695.6613653	[1, 1, 1, 1, 1, 1, 1, 1, 1, 1, 1, 1]
	833916	743161	749974	10	M	82	A		-1	2696.21637784	[1, 1, 1, 1, 1, 1, 1, 1, 1, 1, 1, 1]
	859944	696078	787414	10	M	89	A		-1	2696.25838227	[1, 1, 1, 1, 1, 1, 1, 1, 1, 1, 1, 1]
	813774	723549	692964	10	M	2	A		-1	2696.40099106	[1, 1, 1, 0, 1, 1, 1, 1, 1, 1, 1, 1]
	809521	781637	637438	10	M	42	A		-1	2697.18128257	[1, 1, 0, 1, 1, 1, 1, 1, 1, 1, 1, 1]
	721337	662430	535552	9	M	64	A		-1	2697.76929378	[1, 1, 1, 1, 1, 1, 1, 1, 1, 1, 1, 1]
	806511	696520	750874	10	M	38	A		-1	2697.98190445	[1, 1, 1, 1, 1, 1, 1, 1, 1, 1, 1, 1]
	858245	708121	634728	10	M	64	A		-1	2698.41245912	[1, 1, 1, 1, 1, 1, 1, 1, 1, 1, 1, 1]
	862772	712480	725026	10	M	73	A		-1	2698.87977585	[1, 1, 0, 1, 1, 1, 1, 1, 1, 1, 1, 0]
	890124	749635	611465	10	M	20	A		-1	2699.07286572	[1, 1, 1, 1, 1, 1, 1, 1, 1, 1, 1, 1]
	878336	788722	759305	10	M	26	A		-1	2699.25255011	[1, 1, 1, 1, 1, 1, 1, 1, 1, 1, 1, 1]
	869707	705576	744747	10	M	64	A		-1	2699.29110215	[1, 1, 1, 1, 1, 1, 1, 1, 1, 1, 1, 0]
	835027	746684	642148	10	M	35	A		-1	2699.40362758	[1, 1, 1, 1, 1, 1, 1, 1, 1, 1, 1, 0]
	811591	748393	756644	10	M	78	A		-1	2699.6776253	[1, 1, 1, 1, 1, 1, 1, 1, 1, 1, 1, 0]
	893548	708385	727202	10	M	39	A		-1	2699.69917929	[1, 1, 1, 1, 1, 1, 1, 1, 1, 1, 1, 1]
	829499	791162	638547	10	M	76	A		-1	2699.74594244	[0, 1, 1, 1, 1, 1, 1, 1, 1, 1, 1, 1]
	870250	758266	732867	10	M	57	A		-1	2699.76726345	[1, 1, 1, 1, 1, 1, 1, 1, 1, 1, 1, 1]
	725105	629143	666536	9	M	16	A		-1	2699.98903151	[1, 1, 1, 1, 1, 1, 1, 1, 1, 1, 1, 1]
	866043	746913	775424	10	M	56	A		-1	2700.37864063	[1, 1, 1, 1, 1, 1, 1, 1, 1, 1, 1, 1]
	810941	769135	784182	10	M	96	A		-1	2700.51179195	[1, 1, 1, 1, 1, 1, 1, 1, 1, 1, 1, 1]
	883378	709192	726128	10	M	20	A		-1	2700.99003559	[1, 1, 1, 1, 1, 0, 1, 1, 1, 1, 1, 0]
	866168	778762	671783	10	M	53	A		-1	2701.61426472	[1, 1, 1, 1, 1, 1, 1, 1, 1, 1, 1, 1]
	719470	649836	646350	9	M	40	A		-1	2701.62867818	[1, 1, 1, 1, 1, 1, 1, 1, 1, 1, 1, 1]
	851464	748393	758486	10	M	59	A		-1	2701.63196933	[1, 1, 1, 1, 1, 1, 1, 1, 1, 1, 1, 1]
	870468	773462	713423	10	M	65	A		-1	2701.66441988	[1, 1, 1, 1, 1, 1, 1, 1, 1, 1, 1, 1]
	806538	780031	696634	10	M	51	A		-1	2701.72299101	[1, 1, 1, 1, 1, 1, 1, 1, 1, 1, 1, 1]
	869570	726490	773212	10	M	94	A		-1	2701.74560295	[1, 1, 1, 1, 1, 1, 1, 1, 1, 1, 1, 1]
	839060	750223	739312	10	M	30	A		-1	2701.82771917	[1, 1, 1, 1, 1, 1, 1, 1, 1, 1, 1, 1]
	738692	689754	619387	9	M	7	A		-1	2701.93833996	[1, 1, 1, 1, 1, 1, 1, 1, 1, 1, 1, 1]
	886739	751260	777592	10	M	88	A		-1	2702.09311154	[1, 1, 1, 1, 1, 1, 1, 1, 1, 1, 1, 1]
	815158	741368	694991	10	M	31	A		-1	2702.17489787	[1, 1, 1, 1, 1, 1, 1, 0, 1, 1, 1, 1]
	869143	776297	721126	10	M	96	A		-1	2702.30635324	[1, 1, 1, 0, 1, 1, 1, 1, 1, 1, 1, 1]
	804905	704035	680694	10	M	62	A		-1	2702.46186076	[1, 1, 1, 1, 1, 1, 1, 1, 1, 1, 1, 1]
	813321	744709	721503	10	M	60	A		-1	2702.57975237	[1, 1, 1, 1, 1, 1, 1, 1, 1, 1, 1, 1]
	827870	712284	733405	10	M	45	A		-1	2702.61008073	[1, 1, 1, 1, 1, 1, 1, 1, 1, 1, 1, 1]
	818778	677233	737258	10	M	91	A		-1	2702.69626978	[1, 1, 1, 1, 1, 1, 1, 1, 1, 1, 1, 1]
	867448	677306	756963	10	M	49	A		-1	2702.8399671	[1, 1, 1, 1, 1, 1, 1, 1, 1, 1, 1, 1]
	813139	772381	715545	10	M	85	A		-1	2703.34126696	[1, 1, 1, 0, 1, 1, 1, 1, 1, 1, 1, 1]
	869348	787306	785461	10	M	16	A		-1	2703.80470771	[0, 1, 1, 1, 1, 1, 1, 1, 1, 1, 1, 1]
	873782	696029	787404	10	M	11	A		-1	2703.87073317	[1, 1, 1, 1, 1, 1, 1, 1, 1, 1, 1, 1]
	838703	750636	716823	10	M	66	A		-1	2704.01534836	[1, 1, 1, 1, 1, 1, 1, 1, 1, 1, 1, 1]
	838482	729457	779634	10	M	28	A		-1	2704.0491089	[1, 1, 1, 1, 1, 1, 1, 1, 1, 1, 1, 1]
	816356	754916	785334	10	M	37	A		-1	2704.11740107	[1, 1, 1, 0, 1, 1, 1, 1, 1, 1, 1, 1]
	803018	739144	702757	10	M	39	A		-1	2704.12995636	[1, 1, 1, 1, 1, 1, 1, 1, 1, 1, 1, 1]
	796350	752164	702803	10	M	31	A		-1	2704.55552871	[1, 1, 1, 1, 1, 1, 1, 1, 1, 1, 1, 1]
	802615	726529	718963	10	M	1	A		-1	2705.20127404	[1, 1, 1, 1, 1, 1, 1, 1, 1, 1, 1, 0]
	826400	758156	717296	10	M	36	A		-1	2705.46362176	[1, 1, 1, 1, 1, 1, 1, 1, 1, 1, 1, 1]
	854759	723213	736633	10	M	89	A		-1	2705.47419176	[1, 1, 1, 1, 1, 1, 1, 1, 1, 1, 1, 1]
	831238	785205	722961	10	M	90	A		-1	2705.8684693	[1, 1, 1, 1, 1, 1, 1, 1, 1, 1, 1, 1]
	818270	745651	794694	10	M	20	A		-1	2705.99983678	[1, 1, 1, 1, 1, 1, 1, 1, 1, 1, 1, 1]
	832224	704138	700862	10	M	93	A		-1	2706.41305078	[1, 1, 1, 1, 1, 1, 1, 1, 1, 1, 1, 1]
	863117	764535	776311	10	M	94	A		-1	2706.48416992	[0, 1, 1, 1, 1, 1, 1, 1, 1, 1, 1, 1]
	823507	769508	684559	10	M	71	A		-1	2706.55134951	[1, 1, 1, 0, 1, 0, 1, 1, 1, 1, 1, 1]
	876665	748152	790370	10	M	46	A		-1	2706.9843487	[1, 1, 1, 1, 1, 1, 1, 1, 1, 1, 1, 1]
	823870	792674	762623	10	M	3	A		-1	2707.01315229	[1, 1, 1, 1, 1, 1, 1, 1, 1, 1, 1, 1]
	886887	719363	762213	10	M	97	A		-1	2707.09059045	[1, 1, 1, 1, 1, 1, 1, 1, 1, 1, 1, 1]
	828653	745651	785212	10	M	55	A		-1	2707.29539535	[1, 1, 1, 1, 1, 1, 1, 1, 1, 1, 1, 1]
	858319	770801	734966	10	M	27	A		-1	2707.34157656	[0, 1, 1, 1, 1, 1, 1, 1, 1, 1, 1, 1]
	866752	768716	708772	10	M	12	A		-1	2707.34329387	[1, 1, 1, 1, 1, 1, 1, 1, 1, 1, 1, 1]
	854563	757590	782427	10	M	97	A		-1	2707.86152142	[1, 1, 1, 1, 1, 1, 1, 1, 1, 1, 1, 1]
	750278	663935	662133	9	M	7	A		-1	2708.11262659	[1, 1, 1, 1, 1, 1, 1, 1, 1, 1, 1, 0]
	867909	700007	792099	10	M	16	A		-1	2708.73420411	[1, 1, 1, 1, 1, 1, 1, 1, 1, 1, 1, 1]
	856945	769508	779633	10	M	27	A		-1	2709.36652067	[1, 1, 1, 1, 1, 1, 1, 1, 1, 1, 1, 1]
	887543	703795	627310	10	M	53	A		-1	2709.47200401	[1, 1, 1, 1, 1, 1, 1, 1, 1, 1, 1, 0]
	849961	716757	702365	10	M	33	A		-1	2709.64930168	[1, 1, 1, 1, 1, 1, 1, 1, 1, 1, 1, 1]
	846894	738374	761536	10	M	45	A		-1	2710.11105597	[0, 1, 1, 1, 1, 1, 1, 1, 1, 1, 1, 1]
	788232	558346	486797	9	M	52	A		-1	2711.03800423	[1, 1, 1, 1, 1, 1, 1, 1, 1, 1, 1, 1]
	862691	714612	653661	10	M	10	A		-1	2711.35619401	[1, 1, 1, 1, 1, 1, 1, 1, 1, 1, 1, 1]
	846442	727579	701897	10	M	72	A		-1	2711.42762156	[1, 1, 1, 1, 1, 1, 1, 1, 1, 1, 1, 1]
	880480	716693	765478	10	M	14	A		-1	2711.51724698	[1, 1, 0, 1, 1, 1, 1, 1, 1, 1, 1, 1]
	808790	756766	696070	10	M	99	A		-1	2712.6116047	[1, 1, 1, 1, 1, 1, 1, 1, 1, 1, 1, 1]
	816320	751960	730471	10	M	13	A		-1	2712.64425544	[0, 1, 1, 1, 1, 1, 1, 1, 1, 1, 1, 1]
	890916	773925	700266	10	M	75	A		-1	2712.64661028	[1, 1, 1, 1, 1, 1, 1, 1, 1, 1, 1, 1]
	834885	781336	737644	10	M	18	A		-1	2712.87464525	[1, 1, 1, 1, 1, 1, 1, 1, 1, 1, 1, 1]
	601456	522080	438118	8	M	4	A		-1	2712.9911171	[1, 1, 1, 1, 1, 1, 1, 1, 1, 1, 1, 1]
	813543	778762	694965	10	M	61	A		-1	2713.04933253	[1, 1, 1, 1, 1, 1, 1, 1, 1, 1, 1, 1]
	854442	734541	790247	10	M	84	A		-1	2713.13278833	[1, 1, 1, 1, 1, 1, 1, 1, 1, 1, 1, 1]
	802731	777301	755577	10	M	1	A		-1	2713.397161	[1, 1, 1, 1, 1, 1, 1, 1, 1, 1, 1, 1]
	839344	776854	791700	10	M	75	A		-1	2713.60972173	[1, 1, 1, 1, 1, 1, 1, 0, 1, 1, 1, 1]
	824681	725737	733636	10	M	16	A		-1	2713.84895209	[1, 1, 1, 1, 1, 1, 1, 1, 1, 1, 1, 1]
	870342	732539	714097	10	M	71	A		-1	2713.99678309	[1, 1, 1, 1, 1, 1, 1, 1, 1, 1, 1, 1]
	809723	748125	764272	10	M	53	A		-1	2714.51739147	[1, 1, 1, 1, 1, 1, 1, 1, 1, 1, 1, 1]
	796982	772581	738154	10	M	62	A		-1	2714.55534253	[1, 1, 1, 1, 1, 1, 1, 1, 1, 1, 1, 1]
	861519	766845	740962	10	M	11	A		-1	2714.88209015	[1, 1, 1, 1, 1, 1, 1, 1, 1, 1, 1, 1]
	808030	683493	750107	10	M	22	A		-1	2715.22104189	[1, 1, 1, 1, 1, 1, 1, 1, 1, 1, 1, 1]
	885678	696971	742353	10	M	53	A		-1	2715.38948944	[1, 1, 1, 1, 1, 1, 1, 1, 1, 1, 1, 1]
	801096	700717	639802	10	M	13	A		-1	2715.71839521	[1, 1, 1, 1, 1, 1, 1, 1, 1, 1, 1, 1]
	813153	626234	608239	10	M	9	A		-1	2715.8818885	[1, 1, 1, 1, 1, 1, 1, 1, 1, 1, 1, 1]
	859707	767369	748405	10	M	69	A		-1	2716.09697477	[0, 1, 1, 1, 1, 1, 1, 1, 1, 1, 1, 1]
	829569	725561	667061	10	M	98	A		-1	2716.38392045	[1, 1, 1, 1, 1, 1, 1, 1, 1, 1, 1, 1]
	812767	702929	764714	10	M	75	A		-1	2716.42268001	[1, 1, 1, 1, 1, 1, 1, 1, 1, 1, 1, 1]
	811286	725105	494451	10	M	2	A		-1	2716.47140459	[1, 1, 1, 1, 1, 1, 1, 1, 1, 1, 1, 1]
	877634	763161	714375	10	M	10	A		-1	2716.57594871	[1, 1, 1, 1, 1, 1, 1, 1, 1, 1, 1, 1]
	835512	754916	745861	10	M	4	A		-1	2716.61744886	[1, 1, 1, 0, 1, 1, 1, 1, 1, 1, 1, 1]
	764535	670889	564000	9	M	17	A		-1	2716.7141633	[1, 1, 1, 1, 1, 1, 1, 1, 1, 1, 1, 0]
	807218	730266	791317	10	M	6	A		-1	2717.23639887	[1, 1, 1, 1, 1, 1, 1, 1, 1, 1, 1, 1]
	849919	788050	706378	10	M	54	A		-1	2717.64654368	[1, 1, 1, 1, 1, 1, 1, 1, 1, 1, 1, 1]
	814184	773721	742062	10	M	26	A		-1	2717.76392197	[1, 1, 1, 1, 1, 1, 1, 1, 1, 1, 1, 1]
	824458	719764	709724	10	M	77	A		-1	2717.99894763	[1, 1, 1, 1, 1, 1, 1, 1, 1, 1, 1, 1]
	823650	708385	730423	10	M	38	A		-1	2718.04518883	[1, 1, 1, 1, 1, 1, 1, 1, 1, 1, 1, 1]
	865965	630077	703541	10	M	64	A		-1	2718.2152724	[1, 1, 0, 1, 1, 1, 1, 1, 1, 1, 1, 1]
	781336	620691	605211	9	M	9	A		-1	2719.55892059	[1, 1, 1, 1, 1, 1, 1, 1, 1, 1, 1, 1]
	893390	729266	770448	10	M	92	A		-1	2719.61971474	[1, 1, 1, 1, 1, 1, 1, 1, 1, 1, 1, 1]
	856542	788232	548395	10	M	14	A		-1	2719.71604831	[1, 1, 1, 1, 1, 1, 1, 1, 1, 1, 1, 1]
	827317	738692	769614	10	M	16	A		-1	2720.09963222	[1, 1, 1, 1, 1, 1, 1, 1, 1, 1, 1, 1]
	854851	780031	760182	10	M	16	A		-1	2720.97762082	[1, 1, 1, 1, 1, 1, 1, 1, 1, 1, 1, 1]
	800961	726804	781964	10	M	79	A		-1	2721.04466549	[1, 1, 1, 1, 1, 1, 1, 1, 1, 1, 1, 1]
	815786	781336	712155	10	M	47	A		-1	2721.53249757	[1, 1, 1, 1, 1, 1, 1, 1, 1, 1, 1, 1]
	884513	716484	622401	10	M	14	A		-1	2721.79939762	[1, 1, 1, 1, 1, 1, 1, 1, 1, 1, 1, 1]
	761854	688597	684526	9	M	87	A		-1	2722.19179289	[1, 1, 1, 1, 1, 1, 1, 1, 1, 1, 1, 1]
	813386	747980	767386	10	M	34	A		-1	2722.24042471	[1, 1, 1, 1, 1, 1, 1, 1, 1, 1, 1, 1]
	813915	762949	785499	10	M	69	A		-1	2722.47569369	[1, 1, 1, 1, 1, 1, 1, 1, 1, 1, 1, 0]
	838353	741749	688100	10	M	42	A		-1	2722.98240682	[0, 1, 1, 1, 1, 1, 1, 1, 1, 1, 1, 1]
	815943	710321	708078	10	M	48	A		-1	2723.03149158	[1, 1, 1, 1, 1, 1, 1, 1, 1, 1, 1, 0]
	886439	778321	618425	10	M	51	A		-1	2723.18308439	[1, 1, 1, 1, 1, 1, 1, 1, 1, 1, 1, 1]
	885162	780549	783040	10	M	49	A		-1	2723.58806553	[1, 1, 1, 1, 1, 1, 1, 1, 1, 1, 1, 1]
	853674	720112	653433	10	M	31	A		-1	2723.75320593	[1, 1, 1, 1, 1, 1, 1, 1, 1, 1, 1, 1]
	828203	750278	582134	10	M	39	A		-1	2724.21550954	[1, 1, 1, 1, 1, 1, 1, 1, 1, 1, 1, 0]
	888896	705408	611838	10	M	3	A		-1	2724.43297327	[1, 1, 1, 1, 1, 1, 1, 1, 1, 1, 1, 1]
	797764	705738	638722	10	M	59	A		-1	2724.71131504	[1, 1, 1, 1, 1, 1, 1, 1, 1, 1, 1, 1]
	873859	726490	739453	10	M	9	A		-1	2725.29261494	[1, 1, 1, 1, 1, 1, 1, 1, 1, 1, 1, 1]
	859123	769508	674528	10	M	64	A		-1	2725.49404903	[1, 1, 1, 1, 1, 0, 1, 1, 1, 1, 1, 1]
	872116	751359	709636	10	M	38	A		-1	2725.84122469	[1, 1, 1, 1, 1, 1, 1, 1, 1, 1, 1, 1]
	832933	723787	679653	10	M	44	A		-1	2725.89077218	[1, 1, 1, 1, 1, 1, 1, 1, 1, 1, 1, 1]
	804989	747757	710656	10	M	60	A		-1	2726.04363488	[1, 1, 1, 1, 1, 1, 1, 1, 1, 1, 1, 1]
	803358	767369	781158	10	M	26	A		-1	2726.24294043	[1, 1, 1, 1, 1, 1, 1, 1, 1, 1, 1, 1]
	837537	740023	774618	10	M	91	A		-1	2726.27566112	[1, 1, 1, 1, 1, 1, 1, 1, 1, 1, 1, 1]
	890101	746640	682746	10	M	29	A		-1	2726.31708819	[1, 1, 1, 1, 1, 1, 1, 1, 1, 1, 1, 1]
	844263	705408	794174	10	M	82	A		-1	2726.54378995	[1, 1, 1, 1, 1, 1, 1, 1, 1, 1, 1, 1]
	803122	696223	702400	10	M	42	A		-1	2726.88338168	[1, 1, 1, 1, 1, 1, 1, 1, 1, 1, 1, 1]
	804157	741280	741416	10	M	21	A		-1	2726.95058006	[1, 1, 1, 1, 1, 1, 1, 1, 1, 1, 1, 1]
	887558	785281	733798	10	M	12	A		-1	2727.06860235	[1, 1, 1, 1, 1, 1, 1, 1, 1, 1, 1, 1]
	829845	743629	786404	10	M	87	A		-1	2727.07311693	[1, 1, 1, 1, 1, 1, 1, 1, 1, 1, 1, 0]
	831937	781941	707894	10	M	2	A		-1	2727.25667529	[1, 1, 0, 1, 1, 1, 1, 1, 1, 1, 1, 1]
	796344	741399	647204	10	M	71	A		-1	2727.33809769	[1, 0, 1, 1, 1, 1, 1, 1, 1, 1, 1, 1]
	810477	700589	659657	10	M	18	A		-1	2727.47806421	[1, 1, 1, 1, 1, 1, 1, 1, 1, 1, 1, 1]
	803280	703141	621859	10	M	45	A		-1	2727.77841531	[1, 1, 1, 1, 1, 1, 1, 1, 1, 1, 1, 1]
	831953	752298	772133	10	M	47	A		-1	2727.82666811	[1, 1, 1, 1, 1, 1, 1, 1, 1, 1, 1, 1]
	872441	747757	721035	10	M	11	A		-1	2727.83997467	[1, 1, 1, 1, 1, 1, 1, 1, 1, 1, 1, 1]
	850254	719764	734642	10	M	27	A		-1	2728.06273351	[1, 1, 1, 1, 1, 1, 1, 1, 1, 1, 1, 1]
	872103	783130	765579	10	M	84	A		-1	2728.38016639	[1, 1, 1, 0, 1, 1, 1, 1, 1, 1, 1, 1]
	840445	707455	702797	10	M	0	A		-1	2728.41614638	[1, 1, 1, 1, 1, 1, 1, 1, 1, 1, 1, 1]
	756955	639544	578542	9	M	5	A		-1	2728.44629782	[1, 1, 1, 1, 1, 1, 1, 1, 1, 1, 1, 1]
	881009	698838	741549	10	M	47	A		-1	2728.63833601	[1, 1, 1, 1, 1, 1, 1, 1, 1, 1, 1, 1]
	849433	735845	754313	10	M	68	A		-1	2729.38584014	[1, 1, 1, 1, 1, 1, 1, 1, 1, 1, 1, 1]
	845106	759549	700594	10	M	57	A		-1	2729.49850678	[1, 1, 1, 1, 1, 1, 1, 1, 1, 1, 1, 1]
	862934	732179	637563	10	M	56	A		-1	2729.75098045	[1, 1, 0, 1, 1, 1, 1, 1, 1, 1, 1, 1]
	798921	753263	764191	10	M	92	A		-1	2729.75938632	[1, 1, 1, 1, 1, 1, 1, 1, 1, 1, 1, 1]
	834876	773462	706097	10	M	54	A		-1	2729.84868802	[1, 1, 1, 1, 1, 1, 1, 1, 1, 1, 1, 1]
	872574	782631	701266	10	M	85	A		-1	2729.85124833	[1, 1, 1, 1, 1, 1, 1, 1, 1, 1, 1, 0]
	863339	760225	719756	10	M	95	A		-1	2730.22990776	[1, 1, 1, 1, 1, 1, 1, 1, 1, 1, 1, 1]
	796520	790927	731128	10	M	4	A		-1	2730.31266144	[1, 1, 1, 1, 1, 1, 1, 1, 1, 1, 1, 1]
	856177	717174	745064	10	M	79	A		-1	2730.56191512	[1, 1, 1, 1, 1, 1, 1, 1, 1, 1, 1, 1]
	832812	723787	732574	10	M	29	A		-1	2730.6893906	[1, 1, 1, 1, 1, 1, 1, 1, 1, 1, 1, 1]
	853282	706938	745844	10	M	22	A		-1	2731.06477728	[1, 1, 1, 1, 1, 1, 1, 1, 1, 1, 1, 1]
	833178	794526	770961	10	M	19	A		-1	2731.15241102	[1, 1, 1, 1, 1, 1, 1, 1, 1, 1, 1, 1]
	847923	720881	621309	10	M	82	A		-1	2731.22181168	[1, 1, 1, 1, 1, 1, 1, 1, 1, 1, 1, 1]
	799915	738789	514725	10	M	98	A		-1	2731.71133981	[1, 1, 1, 0, 1, 1, 1, 1, 1, 1, 1, 0]
	805559	741399	790751	10	M	15	A		-1	2732.35490723	[0, 1, 1, 1, 1, 1, 1, 1, 1, 1, 1, 1]
	891945	760787	732436	10	M	78	A		-1	2732.7612842	[0, 1, 1, 1, 1, 1, 1, 1, 1, 1, 1, 1]
	832162	773462	622980	10	M	81	A		-1	2733.04697271	[1, 1, 1, 1, 1, 1, 1, 1, 1, 1, 1, 1]
	779357	670889	694407	9	M	21	A		-1	2733.49983436	[1, 1, 1, 1, 1, 1, 1, 1, 1, 1, 1, 0]
	801059	723787	660822	10	M	98	A		-1	2733.53614756	[1, 1, 1, 1, 1, 1, 1, 1, 1, 1, 1, 1]
	823594	760983	738934	10	M	99	A		-1	2733.99743251	[1, 1, 0, 1, 1, 1, 1, 1, 1, 1, 1, 0]
	807221	734493	707545	10	M	89	A		-1	2734.12487999	[1, 1, 1, 1, 1, 1, 1, 1, 1, 1, 1, 1]
	785205	693167	610989	9	M	29	A		-1	2734.51774182	[1, 1, 1, 1, 1, 1, 1, 1, 1, 1, 1, 1]
	885685	772396	707021	10	M	23	A		-1	2734.56622578	[1, 1, 1, 1, 1, 1, 1, 1, 1, 1, 1, 1]
	840709	753277	758855	10	M	53	A		-1	2734.60980471	[1, 1, 1, 1, 1, 1, 1, 1, 1, 1, 1, 1]
	815953	708227	724514	10	M	21	A		-1	2735.02674882	[1, 1, 1, 1, 1, 1, 1, 1, 1, 1, 1, 1]
	869423	782287	727669	10	M	20	A		-1	2735.85075108	[1, 1, 1, 1, 1, 1, 1, 1, 1, 1, 1, 1]
	804765	625419	689490	10	M	40	A		-1	2736.67037839	[1, 1, 1, 1, 1, 1, 1, 1, 1, 1, 1, 1]
	704345	613090	649597	9	M	72	A		-1	2736.87552756	[1, 1, 1, 1, 1, 1, 1, 1, 1, 1, 1, 1]
	887300	792120	778299	10	M	81	A		-1	2736.90850004	[1, 1, 1, 1, 1, 1, 1, 1, 1, 1, 1, 1]
	887950	750404	759377	10	M	16	A		-1	2737.13276975	[1, 1, 1, 1, 1, 1, 1, 1, 1, 1, 1, 1]
	843801	775350	721099	10	M	42	A		-1	2737.25738695	[1, 1, 1, 1, 1, 1, 1, 1, 1, 1, 1, 1]
	847582	792588	751726	10	M	44	A		-1	2737.30145937	[1, 1, 1, 1, 1, 1, 1, 1, 1, 1, 1, 1]
	829411	779357	764938	10	M	73	A		-1	2737.37273993	[1, 1, 1, 1, 1, 1, 1, 1, 1, 1, 1, 1]
	817391	703339	743332	10	M	72	A		-1	2737.67853268	[1, 1, 1, 1, 1, 1, 1, 1, 1, 1, 1, 1]
	872734	738929	723296	10	M	98	A		-1	2737.82563384	[1, 1, 1, 1, 1, 1, 1, 1, 1, 1, 1, 1]
	809756	712284	663604	10	M	16	A		-1	2737.94698443	[1, 1, 1, 1, 1, 1, 1, 1, 1, 1, 1, 1]
	868417	779357	551443	10	M	87	A		-1	2738.09158314	[1, 1, 1, 1, 1, 1, 1, 1, 1, 1, 1, 0]
	871922	762949	738866	10	M	53	A		-1	2738.11945578	[1, 1, 1, 1, 1, 1, 1, 1, 1, 1, 1, 1]
	858212	677306	773818	10	M	33	A		-1	2738.35656851	[1, 1, 1, 1, 1, 1, 1, 1, 1, 1, 1, 1]
	819268	748152	696255	10	M	72	A		-1	2738.57586225	[1, 1, 1, 1, 1, 1, 1, 1, 1, 1, 1, 1]
	862582	781300	773698	10	M	17	A		-1	2738.91258159	[1, 1, 1, 1, 1, 1, 1, 1, 1, 1, 1, 1]
	844009	755247	717253	10	M	98	A		-1	2739.08838667	[1, 1, 1, 1, 1, 1, 1, 1, 1, 1, 0, 1]
	750404	601600	628590	9	M	22	A		-1	2739.12745374	[1, 1, 1, 1, 1, 1, 1, 1, 1, 1, 1, 1]
	838251	743629	728281	10	M	51	A		-1	2739.56544287	[1, 1, 1, 1, 1, 1, 1, 1, 1, 1, 1, 1]
	866212	771342	715624	10	M	60	A		-1	2739.90350853	[1, 1, 1, 1, 1, 1, 1, 1, 1, 1, 1, 1]
	696520	636797	600117	9	M	71	A		-1	2740.22551061	[1, 1, 1, 1, 1, 1, 1, 1, 1, 1, 1, 1]
	840121	738789	723234	10	M	53	A		-1	2740.62952767	[1, 1, 1, 0, 1, 1, 1, 1, 1, 1, 1, 1]
	863899	766845	714596	10	M	74	A		-1	2740.78010182	[1, 1, 1, 1, 1, 1, 1, 1, 1, 1, 1, 1]
	864241	762139	758923	10	M	96	A		-1	2741.40503625	[1, 1, 1, 1, 1, 1, 1, 1, 1, 1, 1, -1]
	876374	732179	665118	10	M	5	A		-1	2741.62790452	[1, 1, 1, 1, 1, 1, 1, 1, 1, 1, 1, 1]
	832507	717174	791160	10	M	25	A		-1	2741.63346747	[1, 1, 1, 1, 1, 1, 1, 1, 1, 1, 1, 0]
	833248	787030	619428	10	M	63	A		-1	2741.66218678	[1, 1, 0, 1, 1, 1, 1, 1, 1, 1, 1, 1]
	883558	779923	743971	10	M	26	A		-1	2742.00216164	[1, 1, 1, 1, 1, 1, 1, 1, 1, 1, 1, 0]
	851599	778447	772072	10	M	94	A		-1	2742.01526462	[1, 1, 1, 1, 1, 1, 1, 1, 1, 1, 1, 1]
	859847	743200	654947	10	M	9	A		-1	2742.86750702	[1, 1, 1, 1, 1, 1, 1, 1, 1, 1, 1, 1]
	832859	721831	695417	10	M	23	A		-1	2742.89264478	[1, 1, 1, 0, 1, 1, 1, 1, 1, 1, 1, 1]
	875977	700007	694937	10	M	31	A		-1	2743.03022949	[1, 1, 1, 1, 1, 1, 1, 1, 1, 1, 1, 1]
	828906	725071	440096	10	M	51	A		-1	2743.56381637	[1, 1, 1, 0, 1, 0, 1, 1, 1, 1, 1, 1]
	871420	721337	711064	10	M	17	A		-1	2743.70502749	[1, 1, 1, 1, 1, 1, 1, 1, 1, 1, 1, 1]
	868764	718566	495859	10	M	2	A		-1	2744.69005859	[1, 1, 1, 1, 1, 1, 1, 1, 1, 1, 1, 0]
	847696	723847	773434	10	M	76	A		-1	2745.59724901	[1, 1, 1, 1, 1, 0, 1, 1, 1, 1, 1, 1]
	880544	721892	693566	10	M	71	A		-1	2745.94954379	[1, 1, 1, 1, 1, 1, 1, 1, 1, 1, 1, 1]
	834335	710772	778123	10	M	40	A		-1	2745.962246	[1, 1, 1, 1, 1, 1, 1, 1, 1, 1, 1, 1]
	877760	710006	721786	10	M	95	A		-1	2747.13389223	[1, 1, 1, 1, 1, 1, 1, 1, 1, 1, 1, 1]
	874489	700589	673279	10	M	5	A		-1	2747.84483554	[1, 1, 1, 1, 1, 1, 1, 1, 1, 1, 1, 1]
	876135	722205	703032	10	M	94	A		-1	2748.36341212	[1, 1, 1, 1, 1, 1, 1, 1, 1, 1, 1, 1]
	824041	710248	778425	10	M	31	A		-1	2748.50716841	[1, 1, 1, 1, 1, 1, 1, 1, 1, 1, 1, 1]
	852291	720954	766309	10	M	26	A		-1	2748.71385677	[1, 1, 1, 1, 1, 1, 1, 1, 1, 1, 1, 1]
	723847	541541	691526	9	M	10	A		-1	2749.58927724	[1, 1, 1, 1, 1, 1, 1, 1, 1, 1, 1, 1]
	867125	721337	729060	10	M	28	A		-1	2749.89332214	[1, 1, 1, 1, 1, 1, 1, 1, 1, 1, 1, 1]
	885914	698360	745820	10	M	85	A		-1	2750.1160347	[1, 1, 1, 1, 1, 1, 1, 1, 1, 1, 1, 1]
	863799	761901	741058	10	M	15	A		-1	2750.8035392	[1, 1, 1, 1, 1, 1, 1, 1, 1, 1, 1, 0]
	841880	726684	657497	10	M	74	A		-1	2751.68291556	[1, 1, 1, 1, 1, 1, 1, 1, 1, 1, 1, 0]
	721544	677233	566814	9	M	44	A		-1	2751.77741489	[1, 1, 1, 1, 1, 1, 1, 1, 1, 1, 1, 1]
	840229	762949	770402	10	M	21	A		-1	2752.58314725	[1, 1, 1, 1, 1, 1, 1, 1, 1, 1, 1, 1]
	838101	764556	767718	10	M	95	A		-1	2753.90853736	[1, 1, 1, 1, 1, 1, 1, 1, 1, 1, 1, 1]
	864831	762139	609038	10	M	80	A		-1	2754.64313975	[1, 1, 1, 1, 1, 1, 1, 1, 1, 1, 1, 1]
	833110	744929	730473	10	M	82	A		-1	2755.00164745	[1, 0, 1, 1, 1, 1, 1, 1, 1, 1, 1, 0]
	846335	754916	640275	10	M	33	A		-1	2755.45360239	[1, 1, 1, 0, 1, 1, 1, 1, 1, 1, 1, 1]
	863778	780505	662537	10	M	44	A		-1	2755.51146211	[1, 1, 1, 1, 1, 1, 1, 1, 1, 1, 1, 1]
	833158	746640	706898	10	M	49	A		-1	2756.16465801	[1, 1, 0, 1, 1, 1, 1, 1, 1, 1, 1, 1]
	845615	630077	761119	10	M	15	A		-1	2756.31335421	[1, 1, 0, 1, 1, 1, 1, 1, 1, 1, 1, 1]
	848874	727454	717955	10	M	14	A		-1	2756.69264511	[1, 1, 1, 1, 1, 1, 1, 1, 1, 1, 1, 1]
	847358	703795	763223	10	M	95	A		-1	2756.94277228	[1, 1, 1, 1, 1, 1, 1, 1, 1, 1, 1, 1]
	825785	785852	736647	10	M	33	A		-1	2757.71708684	[1, 1, 1, 1, 1, 1, 1, 1, 1, 1, 1, 1]
	698418	634310	595839	9	M	39	A		-1	2757.81249617	[1, 1, 1, 1, 1, 1, 1, 1, 1, 1, 1, 1]
	843373	785281	622251	10	M	73	A		-1	2758.34497969	[1, 1, 1, 1, 1, 1, 1, 1, 1, 1, 1, 1]
	771635	672617	631975	9	M	44	A		-1	2758.63771917	[1, 1, 1, 1, 1, 1, 1, 1, 1, 1, 1, 0]
	823325	754361	746513	10	M	31	A		-1	2759.04277048	[1, 1, 1, 1, 1, 1, 1, 1, 1, 1, 1, 1]
	813463	779703	721285	10	M	36	A		-1	2760.58394131	[1, 1, 1, 1, 1, 1, 1, 1, 1, 1, 1, 1]
	833130	721589	613637	10	M	23	A		-1	2760.90389994	[1, 1, 1, 1, 1, 1, 1, 1, 1, 1, 1, 1]
	855110	750700	718064	10	M	0	A		-1	2762.20825018	[1, 1, 1, 1, 1, 1, 1, 1, 1, 1, 1, 1]
	872810	725071	622860	10	M	15	A		-1	2762.33089503	[1, 1, 1, 1, 1, 1, 1, 1, 1, 1, 1, 1]
	888854	768061	660327	10	M	33	A		-1	2762.35085995	[1, 1, 1, 1, 1, 1, 1, 1, 1, 1, 1, 1]
	832899	783663	784666	10	M	83	A		-1	2762.38212756	[1, 1, 1, 1, 1, 1, 1, 1, 1, 1, 1, 1]
	883212	727666	758575	10	M	62	A		-1	2762.76838833	[1, 1, 0, 1, 1, 1, 1, 1, 1, 1, 1, 0]
	859245	758365	778199	10	M	16	A		-1	2763.05360853	[1, 1, 1, 0, 1, 1, 1, 1, 1, 1, 1, 1]
	796831	698418	781016	10	M	71	A		-1	2763.24340451	[1, 1, 1, 1, 0, 0, 1, 1, 1, 1, 1, 1]
	884147	777301	754811	10	M	92	A		-1	2763.75322196	[1, 1, 1, 1, 1, 1, 1, 1, 1, 1, 1, 1]
	877446	708775	780931	10	M	30	A		-1	2764.37465519	[1, 1, 1, 1, 1, 1, 1, 1, 1, 1, 1, 1]
	819026	708121	660612	10	M	6	A		-1	2765.20040972	[1, 1, 1, 1, 1, 1, 1, 1, 1, 1, 1, 1]
	818890	728510	758452	10	M	35	A		-1	2765.38594786	[1, 1, 1, 1, 1, 1, 1, 1, 1, 1, 1, 1]
	862399	761949	617911	10	M	11	A		-1	2765.78120592	[1, 1, 1, 1, 1, 1, 1, 1, 1, 1, 1, 1]
	873410	780549	638055	10	M	41	A		-1	2765.81740517	[1, 1, 1, 1, 1, 1, 1, 1, 1, 1, 1, 1]
	884565	725071	765431	10	M	84	A		-1	2765.91746929	[1, 1, 1, 1, 1, 1, 1, 1, 1, 1, 1, 1]
	801659	612587	731612	10	M	53	A		-1	2766.68023137	[1, 1, 1, 1, 1, 1, 1, 1, 1, 1, 1, 1]
	818042	717174	682593	10	M	33	A		-1	2767.05962681	[1, 1, 1, 1, 1, 1, 1, 1, 1, 1, 1, 0]
	803842	744929	696739	10	M	55	A		-1	2767.13767616	[1, 0, 1, 1, 1, 1, 1, 1, 1, 1, 1, 0]
	878660	622146	741560	10	M	36	A		-1	2767.37270468	[1, 1, 1, 1, 1, 1, 1, 1, 1, 1, 1, 1]
	875971	719363	604279	10	M	96	A		-1	2767.47522604	[1, 1, 1, 1, 1, 1, 1, 1, 1, 1, 1, 1]
	826437	736834	757286	10	M	74	A		-1	2767.56409794	[1, 1, 1, 1, 1, 1, 1, 1, 1, 1, 1, 1]
	841062	720068	511160	10	M	97	A		-1	2768.3252821	[1, 1, 1, 1, 1, 1, 1, 1, 1, 1, 1, 1]
	807369	785324	780752	10	M	72	A		-1	2768.44455312	[1, 1, 1, 1, 1, 1, 1, 1, 1, 1, 1, 1]
	874680	747757	682659	10	M	58	A		-1	2769.2848842	[1, 1, 1, 1, 1, 1, 1, 1, 1, 1, 1, 1]
	741399	665698	671295	9	M	34	A		-1	2769.56069615	[1, 1, 1, 1, 1, 1, 1, 1, 1, 1, 1, 1]
	813737	752282	794312	10	M	28	A		-1	2769.6508082	[1, 1, 1, 1, 1, 1, 1, 1, 1, 1, 1, 1]
	841833	747994	714004	10	M	33	A		-1	2769.89875513	[1, 1, 1, 0, 1, 1, 1, 1, 1, 1, 1, 1]
	819204	695440	699139	10	M	11	A		-1	2770.46461615	[1, 1, 1, 1, 1, 1, 1, 1, 1, 1, 1, 1]
	858826	786493	653675	10	M	80	A		-1	2770.72051128	[1, 1, 1, 1, 1, 1, 1, 1, 1, 1, 1, 0]
	825824	710078	722800	10	M	21	A		-1	2770.97108168	[1, 1, 1, 1, 1, 0, 1, 1, 1, 1, 1, 1]
	818741	790025	741275	10	M	3	A		-1	2771.30858757	[1, 1, 1, 0, 1, 1, 1, 1, 1, 1, 1, 1]
	883848	723847	682448	10	M	11	A		-1	2771.88108868	[1, 1, 1, 1, 1, 1, 1, 1, 1, 1, 1, 1]
	821452	729864	687136	10	M	45	A		-1	2771.92726299	[1, 1, 1, 1, 1, 1, 1, 1, 1, 1, 1, 1]
	828509	793717	792253	10	M	52	A		-1	2772.62059805	[1, 0, 1, 1, 1, 1, 1, 1, 1, 1, 1, 1]
	839036	698634	466830	10	M	59	A		-1	2773.21554875	[1, 1, 1, 1, 1, 1, 1, 1, 1, 1, 1, 0]
	890837	748134	775976	10	M	11	A		-1	2773.2322109	[1, 1, 1, 1, 1, 0, 1, 1, 1, 1, 1, 1]
	877866	697252	683363	10	M	71	A		-1	2773.99018083	[1, 1, 1, 1, 1, 1, 1, 1, 1, 1, 1, 1]
	893074	779333	604340	10	M	19	A		-1	2774.21985834	[0, 1, 1, 1, 1, 1, 1, 1, 1, 1, 1, 1]
	813265	778447	749630	10	M	37	A		-1	2774.90508789	[1, 1, 1, 1, 1, 1, 1, 1, 1, 1, 1, 1]
	704138	681408	688844	9	M	69	A		-1	2775.06652313	[1, 1, 1, 1, 1, 1, 1, 1, 1, 1, 1, 1]
	870864	715666	792915	10	M	23	A		-1	2775.15377145	[1, 1, 1, 1, 1, 1, 1, 1, 1, 1, 1, 1]
	886400	764080	781388	10	M	81	A		-1	2775.74758045	[1, 1, 1, 0, 1, 1, 1, 1, 1, 1, 1, 1]
	840863	661257	711633	10	M	58	A		-1	2775.82927918	[1, 1, 1, 1, 1, 1, 1, 1, 1, 1, 1, 1]
	836989	747994	742854	10	M	56	A		-1	2776.72734183	[1, 1, 1, 0, 1, 1, 1, 1, 1, 1, 1, 1]
	790560	664989	656074	9	M	11	A		-1	2777.90905317	[1, 1, 1, 1, 1, 1, 1, 1, 1, 1, 1, 1]
	893218	696520	715402	10	M	35	A		-1	2779.47939818	[1, 1, 1, 1, 1, 1, 1, 1, 1, 1, 1, 1]
	829349	708899	709771	10	M	37	A		-1	2779.75076971	[1, 1, 1, 1, 1, 1, 1, 1, 1, 1, 1, 1]
	817745	785205	739803	10	M	100	A		-1	2779.88734466	[1, 1, 1, 1, 1, 0, 1, 1, 1, 1, 1, 1]
	882186	704138	771591	10	M	57	A		-1	2780.10415114	[1, 1, 1, 1, 1, 1, 1, 1, 1, 1, 1, 1]
	874011	698135	655257	10	M	19	A		-1	2780.17996654	[1, 1, 1, 1, 1, 1, 1, 1, 1, 1, 1, 1]
	866579	746640	766519	10	M	79	A		-1	2780.94324489	[1, 1, 1, 1, 1, 1, 1, 1, 1, 1, 1, 1]
	813148	779333	725089	10	M	58	A		-1	2781.00903198	[1, 1, 1, 1, 1, 1, 1, 1, 1, 1, 1, 1]
	870200	724672	615497	10	M	55	A		-1	2781.99827429	[1, 1, 1, 1, 1, 1, 1, 1, 1, 1, 1, 1]
	822456	789672	760746	10	M	4	A		-1	2783.22717306	[1, 1, 1, 1, 1, 1, 1, 1, 1, 1, 1, 1]
	811404	764535	607355	10	M	28	A		-1	2783.74031679	[1, 1, 1, 1, 1, 1, 1, 1, 1, 1, 1, 1]
	892204	740023	761641	10	M	28	A		-1	2785.06342348	[1, 1, 1, 1, 1, 1, 1, 1, 1, 1, 1, 1]
	876266	725105	780598	10	M	98	A		-1	2785.14897409	[1, 1, 1, 1, 1, 1, 1, 1, 1, 1, 1, 1]
	803963	701580	768037	10	M	34	A		-1	2785.34639895	[1, 1, 1, 1, 1, 1, 1, 1, 1, 1, 1, 1]
	854379	707455	728998	10	M	88	A		-1	2785.47770224	[1, 1, 1, 1, 1, 1, 1, 1, 1, 1, 1, 1]
	850013	728510	635736	10	M	32	A		-1	2785.55626769	[1, 1, 1, 1, 1, 1, 1, 1, 1, 1, 1, 1]
	876291	744929	750286	10	M	66	A		-1	2785.80174857	[1, 1, 1, 1, 1, 1, 1, 1, 1, 1, 1, 1]
	824560	744709	703312	10	M	92	A		-1	2785.9602876	[1, 1, 1, 0, 1, 1, 1, 1, 1, 1, 1, 0]
	805793	726317	727158	10	M	16	A		-1	2787.88699926	[1, 1, 1, 1, 1, 1, 1, 1, 1, 1, 1, 1]
	819557	750636	762741	10	M	93	A		-1	2788.30538182	[1, 1, 1, 1, 1, 1, 1, 1, 1, 1, 1, 1]
	873406	727284	713886	10	M	97	A		-1	2788.58732055	[1, 1, 1, 1, 1, 1, 1, 1, 1, 1, 1, 1]
	855135	708121	701187	10	M	5	A		-1	2789.12275099	[1, 1, 1, 1, 1, 1, 1, 1, 1, 1, 1, 1]
	859922	702694	766238	10	M	56	A		-1	2789.1397587	[1, 1, 1, 1, 1, 1, 1, 1, 1, 1, 1, 1]
	818502	776879	779170	10	M	22	A		-1	2789.39384865	[1, 1, 1, 1, 1, 1, 1, 1, 1, 1, 1, 1]
	807354	721699	716277	10	M	90	A		-1	2789.69442916	[1, 1, 1, 1, 1, 1, 1, 1, 1, 1, 1, 1]
	822427	721544	712168	10	M	43	A		-1	2790.36719467	[1, 1, 1, 1, 1, 1, 1, 1, 1, 1, 1, 1]
	800994	729457	527671	10	M	65	A		-1	2790.60993239	[1, 1, 1, 1, 1, 1, 1, 1, 1, 1, 1, 1]
	866867	708121	777521	10	M	77	A		-1	2790.79892833	[1, 1, 1, 1, 1, 1, 1, 1, 1, 1, 1, 1]
	857168	793403	775713	10	M	95	A		-1	2791.0529258	[1, 1, 1, 1, 1, 1, 1, 1, 1, 1, 1, 1]
	872227	714689	768439	10	M	28	A		-1	2791.29221023	[1, 1, 1, 1, 1, 1, 1, 1, 1, 1, 1, 1]
	737428	613323	599301	9	M	26	A		-1	2791.4202272	[1, 1, 1, 1, 1, 1, 1, 1, 1, 1, 1, 1]
	798204	782287	698631	10	M	7	A		-1	2792.46850813	[1, 1, 1, 1, 1, 1, 1, 1, 1, 1, 1, 1]
	802065	748134	650887	10	M	20	A		-1	2792.50062178	[1, 1, 1, 1, 1, 0, 1, 1, 1, 1, 1, 0]
	780549	616124	623895	9	M	82	A		-1	2792.71097943	[1, 1, 1, 1, 1, 1, 1, 1, 1, 1, 1, 1]
	892842	790560	541826	10	M	5	A		-1	2793.0403415	[1, 1, 1, 1, 1, 1, 1, 1, 1, 1, 1, 1]
	844505	720112	715843	10	M	71	A		-1	2793.44584763	[1, 1, 1, 1, 1, 1, 1, 1, 1, 1, 1, 0]
	830555	792120	774650	10	M	59	A		-1	2793.7276589	[1, 1, 1, 1, 1, 1, 1, 1, 1, 1, 1, 1]
	884539	543448	679224	10	M	96	A		-1	2794.11992739	[1, 1, 1, 1, 1, 1, 1, 1, 1, 1, 1, 1]
	843868	782920	794327	10	M	6	A		-1	2794.41895605	[1, 1, 1, 1, 1, 1, 1, 1, 1, 1, 1, 1]
	835014	720881	718145	10	M	82	A		-1	2794.53719163	[1, 1, 1, 1, 1, 1, 1, 1, 1, 1, 1, 1]
	882402	775371	781019	10	M	74	A		-1	2794.6524659	[1, 1, 1, 1, 1, 1, 1, 1, 1, 1, 1, 1]
	806157	788162	729149	10	M	46	A		-1	2794.75346525	[1, 1, 1, 1, 1, 1, 1, 1, 1, 1, 1, 1]
	761949	655300	663120	9	M	62	A		-1	2795.2409648	[1, 1, 1, 1, 1, 1, 1, 1, 1, 1, 1, 1]
	876719	781443	754723	10	M	2	A		-1	2795.27502063	[1, 1, 1, 1, 1, 1, 1, 1, 1, 1, 1, 1]
	886415	543448	722886	10	M	41	A		-1	2795.61847897	[1, 1, 1, 1, 1, 1, 1, 1, 1, 1, 1, 1]
	800270	733615	704729	10	M	16	A		-1	2795.74472044	[1, 1, 1, 1, 0, 1, 1, 1, 1, 1, 1, 1]
	818817	781336	710237	10	M	73	A		-1	2796.50000158	[1, 1, 1, 1, 1, 1, 1, 1, 1, 1, 1, 1]
	849485	754254	765287	10	M	25	A		-1	2796.52548121	[1, 1, 1, 1, 1, 1, 1, 1, 1, 1, 1, 1]
	832490	738929	729093	10	M	26	A		-1	2796.76016096	[1, 1, 1, 1, 1, 1, 1, 1, 1, 1, 1, 1]
	879740	790560	705357	10	M	25	A		-1	2797.74781052	[1, 1, 1, 1, 1, 1, 1, 1, 1, 1, 1, 0]
	806574	751260	679974	10	M	29	A		-1	2797.79935762	[1, 1, 1, 1, 1, 1, 1, 1, 1, 1, 1, 1]
	819210	794526	707186	10	M	43	A		-1	2798.99720993	[1, 1, 1, 1, 1, 1, 1, 1, 1, 1, 1, 1]
	851463	755138	771999	10	M	82	A		-1	2799.80843858	[1, 1, 1, 1, 1, 1, 1, 1, 1, 1, 1, 1]
	819191	743798	659362	10	M	94	A		-1	2800.31084586	[1, 1, 1, 1, 1, 0, 1, 1, 1, 1, 1, 1]
	889582	775350	793900	10	M	83	A		-1	2801.19140216	[1, 1, 1, 1, 1, 1, 1, 1, 1, 1, 1, 1]
	720881	644194	642128	9	M	100	A		-1	2801.58477922	[1, 1, 1, 1, 1, 1, 1, 1, 1, 1, 1, 1]
	795056	760787	619261	10	M	54	A		-1	2802.13775996	[0, 1, 1, 1, 1, 1, 1, 1, 1, 1, 1, 1]
	846478	702595	668112	10	M	4	A		-1	2802.51454361	[1, 1, 1, 1, 1, 0, 1, 1, 1, 1, 1, 1]
	864906	718728	739716	10	M	50	A		-1	2802.76633455	[1, 1, 1, 1, 1, 1, 1, 1, 1, 1, 1, 1]
	842999	720970	744123	10	M	36	A		-1	2802.83926031	[1, 1, 1, 1, 1, 1, 1, 1, 1, 1, 1, 1]
	869312	752164	698377	10	M	18	A		-1	2803.40343313	[1, 1, 1, 1, 1, 1, 1, 1, 1, 1, 1, 1]
	802264	698042	790286	10	M	81	A		-1	2803.69340562	[1, 1, 1, 1, 1, 1, 1, 1, 1, 1, 1, 1]
	740023	670589	678942	9	M	66	A		-1	2805.02639902	[1, 1, 1, 1, 1, 1, 1, 1, 1, 1, 1, 1]
	858861	778813	690631	10	M	17	A		-1	2805.38562627	[1, 1, 1, 1, 1, 1, 1, 1, 1, 1, 1, 1]
	845758	776879	769235	10	M	99	A		-1	2807.7320891	[1, 1, 1, 1, 1, 1, 1, 1, 1, 1, 1, 1]
	845169	718566	746060	10	M	72	A		-1	2808.66552398	[1, 1, 0, 1, 1, 1, 1, 1, 1, 1, 1, 1]
	894076	717174	776756	10	M	48	A		-1	2808.79642058	[0, 1, 1, 1, 1, 1, 1, 1, 1, 1, 1, 1]
	865794	728541	620828	10	M	60	A		-1	2809.05443698	[1, 0, 1, 1, 1, 1, 1, 1, 1, 1, 1, 1]
	805553	741280	788257	10	M	39	A		-1	2809.20658828	[1, 1, 1, 1, 1, 1, 1, 1, 1, 1, 1, 1]
	871232	716214	698686	10	M	55	A		-1	2809.8543043	[1, 1, 1, 1, 1, 1, 1, 1, 1, 1, 1, 0]
	874196	725071	600920	10	M	88	A		-1	2809.96031173	[1, 1, 1, 1, 1, 1, 1, 1, 1, 1, 1, 1]
	868209	616124	757252	10	M	54	A		-1	2810.09963314	[1, 1, 1, 0, 1, 1, 1, 1, 1, 1, 1, 1]
	850713	750404	642605	10	M	18	A		-1	2810.88107891	[1, 1, 1, 1, 1, 1, 1, 1, 1, 1, 1, 1]
	821375	752974	727957	10	M	45	A		-1	2811.96212059	[1, 1, 1, 1, 1, 1, 1, 1, 1, 1, 1, 1]
	874343	732568	704176	10	M	100	A		-1	2812.16702656	[1, 1, 1, 1, 1, 1, 1, 1, 1, 1, 1, 1]
	829729	755247	751203	10	M	37	A		-1	2812.2340338	[1, 1, 1, 1, 1, 0, 1, 1, 1, 1, 1, 1]
	850862	788513	718511	10	M	63	A		-1	2812.88521196	[1, 1, 1, 1, 1, 1, 1, 1, 1, 1, 1, 1]
	837494	736834	610708	10	M	4	A		-1	2812.96677981	[1, 0, 1, 1, 1, 1, 1, 1, 1, 1, 1, 1]
	864080	756955	728027	10	M	72	A		-1	2813.72141862	[1, 1, 1, 0, 1, 1, 1, 1, 1, 1, 1, 1]
	827140	705314	700288	10	M	20	A		-1	2814.48343629	[1, 1, 1, 1, 1, 1, 1, 1, 1, 1, 1, 1]
	823036	726804	710593	10	M	50	A		-1	2816.01804911	[1, 1, 1, 1, 1, 1, 1, 1, 1, 1, 1, 1]
	885655	715023	597668	10	M	59	A		-1	2817.46453141	[0, 1, 1, 1, 1, 1, 1, 0, 1, 1, 1, 1]
	892724	645822	756108	10	M	45	A		-1	2817.60233959	[1, 1, 1, 1, 1, 1, 1, 1, 1, 1, 1, 1]
	817324	744929	720953	10	M	0	A		-1	2817.81526289	[1, 1, 1, 1, 1, 1, 1, 1, 1, 1, 1, 1]
	738789	607186	640311	9	M	87	A		-1	2818.06020037	[1, 1, 1, 0, 1, 1, 1, 1, 1, 1, 1, 1]
	825065	786493	603643	10	M	60	A		-1	2818.99330605	[1, 1, 1, 1, 1, 1, 1, 1, 1, 1, 1, 0]
	868162	774670	762315	10	M	49	A		-1	2819.32846067	[1, 1, 1, 1, 1, 1, 1, 1, 1, 1, 1, 1]
	875944	737428	722182	10	M	16	A		-1	2819.42964001	[1, 1, 1, 1, 1, 1, 1, 1, 1, 1, 1, 1]
	801850	697773	765816	10	M	39	A		-1	2820.17747881	[1, 1, 1, 1, 1, 1, 1, 1, 1, 1, 0, 1]
	732568	620182	509063	9	M	26	A		-1	2820.21200693	[1, 1, 1, 1, 1, 1, 1, 1, 1, 1, 1, 1]
	708121	647400	605697	9	M	4	A		-1	2820.40636523	[1, 1, 1, 1, 1, 1, 1, 1, 1, 1, 1, 1]
	848276	774465	792160	10	M	11	A		-1	2820.92963227	[1, 1, 1, 1, 1, 0, 1, 1, 1, 1, 1, 1]
	862050	719470	636326	10	M	89	A		-1	2821.13401269	[1, 1, 1, 1, 1, 1, 1, 1, 1, 1, 1, 1]
	806260	708393	703636	10	M	99	A		-1	2824.05095527	[1, 1, 1, 1, 1, 1, 1, 1, 1, 1, 1, 1]
	889411	750700	770483	10	M	85	A		-1	2824.28737848	[1, 1, 1, 1, 1, 1, 1, 1, 1, 1, 1, 1]
	889046	790499	589145	10	M	40	A		-1	2825.39375233	[1, 1, 1, 1, 1, 1, 1, 1, 1, 1, 0, 1]
	829823	752560	708355	10	M	9	A		-1	2825.41181646	[1, 1, 1, 1, 1, 1, 1, 1, 1, 1, 1, 1]
	792120	677270	622208	9	M	85	A		-1	2825.61332998	[1, 1, 1, 1, 1, 1, 1, 1, 1, 1, 1, 1]
	821063	767369	780500	10	M	84	A		-1	2826.648416	[1, 1, 1, 1, 1, 1, 1, 1, 1, 1, 1, 1]
	760787	617256	601254	9	M	91	A		-1	2827.58181827	[0, 1, 1, 1, 1, 1, 1, 1, 1, 1, 1, 1]
	797565	715801	758023	10	M	73	A		-1	2828.09185661	[1, 1, 1, 0, 1, 1, 1, 1, 1, 1, 1, 1]
	856916	785356	791984	10	M	19	A		-1	2829.03644522	[1, 1, 1, 1, 1, 1, 1, 1, 1, 1, 1, 1]
	881110	737428	749040	10	M	69	A		-1	2829.48139328	[1, 1, 1, 1, 1, 1, 1, 1, 1, 1, 1, 1]
	876622	635780	757066	10	M	37	A		-1	2829.75566763	[1, 1, 0, 1, 1, 1, 1, 1, 1, 1, 1, 1]
	876930	703339	784423	10	M	57	A		-1	2830.94035031	[1, 1, 1, 1, 1, 1, 1, 1, 1, 1, 1, 1]
	879353	776879	760033	10	M	34	A		-1	2832.2652131	[1, 1, 1, 1, 1, 1, 1, 1, 1, 1, 1, 1]
	847859	776879	719504	10	M	20	A		-1	2832.3372637	[1, 1, 1, 1, 1, 1, 1, 1, 1, 1, 1, 1]
	884646	622146	779729	10	M	26	A		-1	2832.36993662	[1, 1, 0, 1, 1, 0, 1, 1, 1, 1, 1, 1]
	835679	760787	740427	10	M	71	A		-1	2833.51933217	[0, 1, 1, 1, 1, 1, 1, 1, 1, 1, 1, 1]
	852686	724064	741890	10	M	69	A		-1	2834.78292079	[0, 1, 1, 1, 1, 1, 1, 1, 1, 1, 1, 0]
	859949	609826	779175	10	M	70	A		-1	2835.15551953	[1, 1, 1, 1, 1, 1, 1, 1, 1, 1, 1, 0]
	849194	766421	789164	10	M	56	A		-1	2835.95123193	[1, 1, 1, 1, 1, 1, 1, 1, 1, 1, 1, 1]
	871268	758951	793881	10	M	14	A		-1	2837.70898596	[1, 1, 1, 1, 1, 1, 1, 1, 1, 1, 1, 1]
	824942	744709	702588	10	M	71	A		-1	2838.47798558	[1, 1, 1, 1, 1, 1, 1, 1, 1, 1, 1, 1]
	892516	660068	700829	10	M	50	A		-1	2838.90510143	[1, 1, 1, 1, 1, 1, 1, 1, 1, 1, 1, 1]
	810803	756495	501290	10	M	47	A		-1	2842.7128417	[1, 1, 1, 1, 1, 1, 1, 1, 1, 1, 1, 1]
	893085	764535	769937	10	M	63	A		-1	2843.41958057	[1, 1, 1, 1, 1, 1, 1, 1, 1, 1, 1, 0]
	833504	697252	694974	10	M	5	A		-1	2847.50363098	[1, 1, 1, 1, 1, 1, 1, 1, 1, 1, 1, 1]
	856747	731803	705733	10	M	79	A		-1	2848.36592619	[1, 1, 1, 1, 1, 0, 1, 1, 1, 1, 1, 1]
	850089	756495	708129	10	M	81	A		-1	2849.79361803	[1, 1, 1, 1, 1, 1, 1, 1, 1, 1, 1, 1]
	815526	543448	709027	10	M	71	A		-1	2852.18592041	[1, 1, 1, 1, 1, 1, 1, 1, 1, 1, 1, 1]
	833017	719363	760440	10	M	42	A		-1	2853.63486669	[1, 1, 1, 1, 1, 1, 1, 1, 1, 1, 1, 1]
	831668	735251	651265	10	M	63	A		-1	2853.79254615	[1, 1, 1, 1, 1, 1, 1, 1, 1, 1, 1, 1]
	822943	705408	784875	10	M	52	A		-1	2855.73775563	[1, 1, 1, 1, 1, 1, 1, 1, 1, 1, 1, 1]
	860496	771391	765740	10	M	6	A		-1	2855.96391489	[1, 1, 1, 1, 1, 1, 1, 1, 1, 1, 1, 1]
	826951	764535	497101	10	M	78	A		-1	2856.20959943	[1, 1, 1, 1, 1, 1, 1, 1, 1, 1, 1, 0]
	698360	591119	587845	9	M	80	A		-1	2857.13635621	[1, 1, 1, 1, 1, 1, 1, 1, 1, 1, 0, 1]
	884828	778447	725740	10	M	56	A		-1	2857.9127068	[1, 1, 1, 1, 1, 1, 1, 1, 1, 1, 1, 1]
	800823	784292	713528	10	M	63	A		-1	2858.87744645	[1, 1, 1, 1, 1, 1, 1, 1, 1, 1, 1, 1]
	868566	793097	732197	10	M	30	A		-1	2859.8381672	[1, 1, 1, 1, 1, 1, 1, 1, 1, 1, 1, 1]
	750700	651140	627471	9	M	64	A		-1	2859.98606475	[1, 1, 1, 1, 1, 1, 1, 1, 1, 1, 1, 1]
	819109	754916	788792	10	M	66	A		-1	2861.71226253	[1, 1, 1, 0, 1, 1, 1, 1, 1, 1, 1, 1]
	818761	708121	769142	10	M	78	A		-1	2863.20691477	[1, 1, 1, 1, 1, 1, 1, 1, 1, 1, 1, 1]
	885574	738329	722964	10	M	60	A		-1	2864.50773891	[1, 1, 1, 1, 1, 1, 1, 1, 1, 1, 1, 0]
	880816	748134	747463	10	M	85	A		-1	2865.36081216	[1, 1, 1, 1, 1, 0, 1, 1, 1, 1, 1, 1]
	799654	738929	769779	10	M	62	A		-1	2865.39676897	[1, 1, 1, 1, 1, 1, 1, 1, 1, 1, 1, 1]
	873518	705408	776915	10	M	41	A		-1	2866.47381191	[1, 1, 0, 1, 1, 1, 1, 1, 1, 1, 1, 1]
	853040	698418	696724	10	M	67	A		-1	2868.17186766	[1, 1, 1, 1, 1, 1, 1, 1, 1, 1, 1, 1]
	891169	789226	768780	10	M	2	A		-1	2868.77089801	[1, 1, 1, 1, 1, 1, 1, 1, 1, 1, 1, 1]
	876596	698360	745109	10	M	68	A		-1	2870.5816406	[1, 1, 1, 1, 1, 1, 1, 1, 1, 1, 1, 1]
	850087	750700	769798	10	M	79	A		-1	2871.14829253	[1, 1, 1, 1, 1, 1, 1, 1, 1, 1, 1, 1]
	849632	733615	698609	10	M	89	A		-1	2871.57272897	[1, 1, 1, 1, 1, 1, 1, 1, 1, 1, 1, 1]
	855974	721544	748362	10	M	91	A		-1	2875.48825325	[1, 1, 1, 1, 1, 1, 1, 1, 1, 1, 1, 1]
	804216	756244	748086	10	M	73	A		-1	2876.98185244	[1, 0, 1, 1, 1, 1, 1, 1, 1, 1, 1, 1]
	815187	750700	674039	10	M	79	A		-1	2877.8065104	[1, 1, 1, 1, 1, 1, 1, 1, 1, 1, 1, 1]
	885237	699698	746578	10	M	86	A		-1	2881.04814525	[1, 1, 1, 1, 1, 1, 1, 1, 1, 1, 1, 1]
	847054	788513	708617	10	M	86	A		-1	2882.99137344	[1, 1, 0, 1, 1, 1, 0, 1, 1, 1, 1, 1]
	728510	660282	656320	9	M	35	A		-1	2884.04943583	[1, 1, 1, 1, 1, 1, 1, 1, 1, 1, 1, 1]
	883063	703339	711182	10	M	68	A		-1	2885.24732962	[1, 1, 1, 1, 1, 1, 1, 1, 1, 1, 1, 1]
	886819	751260	753571	10	M	50	A		-1	2887.05583214	[1, 1, 1, 1, 1, 1, 1, 1, 1, 1, 1, 1]
	838734	742078	760700	10	M	55	A		-1	2888.4394379	[1, 1, 1, 1, 1, 1, 1, 1, 1, 1, 1, 1]
	834675	732568	697675	10	M	41	A		-1	2888.48532553	[1, 1, 1, 0, 1, 1, 1, 1, 1, 1, 1, 1]
	878856	705314	737111	10	M	53	A		-1	2889.02075539	[1, 1, 1, 1, 1, 1, 1, 1, 1, 1, 1, 1]
	800851	781941	718576	10	M	29	A		-1	2889.85657043	[1, 1, 0, 1, 1, 1, 1, 1, 1, 1, 1, 1]
	812761	793717	622997	10	M	26	A		-1	2894.11451336	[1, 0, 1, 1, 1, 1, 1, 1, 1, 1, 1, 1]
	797330	750700	738608	10	M	79	A		-1	2899.81313877	[1, 1, 1, 1, 1, 1, 1, 1, 1, 1, 1, 0]
	806619	789226	751206	10	M	44	A		-1	2900.38812239	[1, 1, 1, 0, 1, 1, 1, 1, 1, 1, 1, 1]
	810983	755031	698652	10	M	1	A		-1	2902.78252574	[1, 1, 1, 1, 1, 1, 1, 1, 1, 1, 1, 1]
	839620	738566	771203	10	M	92	A		-1	2904.2975406	[1, 1, 1, 1, 1, 1, 1, 1, 1, 1, 1, 1]
	869970	739940	768423	10	M	38	A		-1	2904.29942337	[1, 1, 1, 0, 1, 1, 1, 1, 1, 1, 1, 1]
	801047	762861	767806	10	M	37	A		-1	2905.10380018	[1, 1, 1, 1, 1, 1, 1, 1, 1, 1, 1, 0]
	827155	698418	728841	10	M	88	A		-1	2905.50477063	[1, 1, 1, 1, 1, 1, 1, 1, 1, 1, 1, 1]
	796861	790560	697345	10	M	9	A		-1	2905.51513555	[1, 1, 1, 1, 1, 1, 1, 1, 1, 1, 1, 1]
	831930	716693	789537	10	M	13	A		-1	2907.25397027	[1, 1, 1, 0, 1, 1, 1, 1, 1, 1, 1, 1]
	869366	743629	731764	10	M	23	A		-1	2908.0211295	[1, 1, 1, 1, 1, 1, 1, 1, 1, 1, 1, 0]
	831145	716693	757913	10	M	54	A		-1	2909.57655496	[1, 1, 1, 0, 1, 1, 1, 1, 1, 1, 1, 1]
	858283	764080	555395	10	M	39	A		-1	2911.62287286	[1, 1, 1, 1, 1, 1, 1, 1, 1, 1, 1, 1]
	840142	725800	684077	10	M	30	A		-1	2917.09210082	[1, 1, 1, 1, 1, 1, 1, 1, 1, 1, 1, 1]
	809810	712908	779628	10	M	44	A		-1	2917.14573691	[1, 1, 1, 1, 1, 1, 1, 1, 1, 1, 1, 0]
	797601	726804	716962	10	M	69	A		-1	2919.13215298	[1, 1, 1, 1, 1, 1, 1, 1, 1, 1, 1, 1]
	799362	785205	707402	10	M	25	A		-1	2922.81296773	[1, 1, 1, 1, 1, 1, 1, 1, 1, 1, 1, 1]
	830418	774465	760475	10	M	15	A		-1	2923.8375928	[1, 1, 1, 1, 1, 1, 1, 1, 1, 1, 1, 1]
	843680	761727	611386	10	M	0	A		-1	2926.17816294	[1, 1, 1, 1, 0, 1, 1, 1, 1, 1, 1, 1]
	855368	771342	792283	10	M	0	A		-1	2927.05091035	[1, 1, 1, 1, 1, 1, 1, 1, 1, 1, 1, 1]
	806469	748152	788948	10	M	10	A		-1	2927.08268068	[1, 1, 1, 1, 1, 1, 1, 1, 1, 1, 1, 1]
	807380	785852	617112	10	M	83	A		-1	2928.3624385	[1, 1, 1, 1, 1, 1, 1, 1, 1, 1, 1, 1]
	847167	703795	728681	10	M	59	A		-1	2929.12139908	[1, 1, 1, 1, 1, 1, 1, 1, 1, 1, 1, 1]
	878510	695588	789584	10	M	91	A		-1	2935.49734831	[1, 1, 1, 0, 1, 1, 1, 1, 1, 1, 1, 1]
	708227	687706	606940	9	M	71	A		-1	2938.47648754	[1, 1, 1, 1, 1, 1, 1, 1, 1, 1, 1, 1]
	891475	718003	778025	10	M	29	A		-1	2939.57051729	[1, 1, 1, 1, 1, 1, 1, 1, 1, 1, 1, 1]
	815112	754916	774781	10	M	42	A		-1	2942.88427681	[1, 1, 1, 0, 1, 1, 1, 1, 1, 1, 1, 0]
	846485	744709	764032	10	M	11	A		-1	2943.96053742	[1, 1, 1, 1, 1, 1, 1, 1, 1, 1, 1, 1]
	831962	706546	697812	10	M	43	A		-1	2947.0830009	[1, 1, 1, 1, 1, 1, 1, 1, 1, 1, 1, 0]
	833214	705962	719465	10	M	49	A		-1	2948.4339767	[1, 1, 1, 1, 1, 1, 1, 1, 1, 1, 1, 1]
	810253	751359	716979	10	M	10	A		-1	2950.59534932	[1, 1, 1, 1, 1, 1, 1, 1, 1, 1, 1, 1]
	806763	770801	712693	10	M	38	A		-1	2953.95219878	[1, 1, 1, 1, 1, 1, 1, 1, 1, 1, 1, 1]
	802965	730361	718006	10	M	79	A		-1	2954.00072064	[1, 1, 1, 1, 1, 1, 1, 1, 1, 1, 1, 1]
	797525	721892	779758	10	M	19	A		-1	2954.44805192	[1, 1, 1, 1, 1, 1, 1, 1, 1, 1, 1, 1]
	875955	695588	724595	10	M	42	A		-1	2955.20895229	[1, 0, 1, 0, 1, 1, 1, 1, 1, 1, 1, 1]
	814162	761949	763315	10	M	43	A		-1	2957.5583864	[1, 1, 1, 1, 1, 1, 1, 1, 1, 1, 1, 1]
	801862	769928	754522	10	M	22	A		-1	2958.16071658	[1, 0, 1, 1, 1, 1, 1, 1, 1, 1, 1, 1]
	801389	626234	774928	10	M	96	A		-1	2963.73327421	[1, 1, 1, 1, 1, 1, 1, 1, 1, 1, 1, 1]
	856141	698635	772754	10	M	0	A		-1	2968.86475204	[0, 1, 1, 1, 1, 1, 1, 1, 1, 1, 1, 1]
	844056	788134	752865	10	M	2	A		-1	2970.07794607	[1, 1, 1, 1, 1, 1, 1, 1, 1, 1, 1, 1]
	887075	741399	793022	10	M	27	A		-1	2971.03089571	[1, 1, 1, 1, 1, 1, 1, 1, 1, 1, 1, 1]
	884351	720954	755861	10	M	10	A		-1	2985.11888261	[1, 1, 1, 1, 1, 1, 1, 1, 1, 1, 1, 1]
	873513	738789	715912	10	M	81	A		-1	2987.77842693	[1, 1, 1, 0, 1, 1, 1, 1, 1, 1, 1, 1]
	806849	733615	770192	10	M	74	A		-1	2996.02821957	[1, 1, 1, 1, 0, 1, 1, 1, 1, 1, 1, 1]
	820094	748134	757995	10	M	5	A		-1	2999.76428201	[1, 1, 1, 1, 1, 0, 1, 1, 1, 1, 1, 1]
	891944	543448	757841	10	M	48	A		-1	3005.54369433	[1, 1, 1, 1, 1, 1, 1, 1, 1, 1, 1, 1]
	830586	709192	708893	10	M	8	A		-1	3013.77706992	[1, 1, 1, 1, 1, 1, 1, 1, 1, 1, 1, 0]
	862711	750278	705783	10	M	94	A		-1	3039.5061365	[1, 1, 1, 1, 1, 1, 1, 1, 1, 1, 1, 0]
	868926	723847	765938	10	M	5	A		-1	3042.19438893	[1, 1, 1, 1, 1, 1, 1, 1, 1, 1, 1, 1]
	864006	768716	562718	10	M	91	A		-1	3055.62317655	[1, 1, 1, 1, 1, 1, 1, 1, 1, 1, 1, 1]
	872512	750700	764094	10	M	99	A		-1	3066.55098144	[1, 1, 1, 1, 1, 1, 1, 1, 1, 1, 1, 1]
	842645	764538	704256	10	M	95	A		-1	3079.10826439	[1, 1, 1, 1, 1, 1, 1, 1, 1, 1, 1, 1]
	802276	701625	701542	10	M	20	A		-1	3080.39076153	[1, 1, 1, 0, 0, 1, 1, 1, 1, 1, 1, 1]
	858674	751946	772121	10	M	97	A		-1	3101.43931175	[1, 1, 1, 0, 1, 1, 1, 1, 1, 1, 1, 1]
	801300	700717	749621	10	M	24	A		-1	3140.15729657	[1, 1, 1, 1, 1, 1, 1, 1, 1, 1, 1, 1]
	817705	727579	745653	10	M	46	A		-1	3140.29633264	[1, 1, 1, 0, 1, 1, 1, 1, 1, 1, 1, 1]
	826170	738692	701659	10	M	35	A		-1	3144.93686576	[1, 1, 1, 1, 1, 1, 1, 1, 1, 1, 1, 1]
	894166	743629	699056	10	M	5	A		-1	3351.15769717	[1, 1, 1, 1, 1, 1, 1, 1, 1, 1, 1, 1]
