animal	sire	dam	born	sex	herd	status	cause	died	TBV	recessives
	155132	78211	85625	3	M	82	A		-1	1117.11303757	[1, 1, 1, 1, 1, 1, 1, 1, 1, 1, 1, 1]
	190889	112570	7326	3	M	24	A		-1	1117.29161284	[1, 1, 1, 1, 1, 1, 1, 1, 1, 1, 1, 1]
	186393	71888	31775	3	M	32	A		-1	1117.90423053	[1, 1, 1, 1, 1, 1, 1, 1, 1, 1, 1, 1]
	132771	72286	48301	3	M	56	A		-1	1118.06513954	[1, 1, 1, 1, 1, 1, 1, 1, 1, 1, 1, 1]
	126180	108769	98019	3	M	26	A		-1	1118.57952529	[1, 1, 1, 1, 1, 1, 1, 1, 1, 1, 1, 1]
	176713	90221	84435	3	M	29	A		-1	1118.81617401	[1, 1, 1, 1, 1, 1, 1, 1, 1, 1, 1, 1]
	159519	101486	118222	3	M	87	A		-1	1119.28627039	[1, 1, 1, 1, 1, 1, 1, 1, 1, 1, 1, 1]
	176629	72270	122923	3	M	51	A		-1	1119.48596233	[1, 1, 1, 1, 1, 1, 1, 1, 1, 1, 1, 1]
	180796	76992	96358	3	M	80	A		-1	1119.74135938	[1, 1, 1, 1, 1, 1, 1, 1, 1, 1, 1, 1]
	161450	105180	82758	3	M	25	A		-1	1120.36861119	[1, 1, 1, 1, 1, 1, 1, 1, 1, 1, 1, 1]
	156162	79026	106150	3	M	53	A		-1	1120.59827025	[1, 0, 1, 1, 1, 1, 1, 1, 1, 1, 1, 1]
	87638	47748	66685	2	M	24	A		-1	1120.69220466	[1, 0, 1, 1, 1, 1, 1, 1, 1, 1, 1, 1]
	137663	59657	118076	3	M	37	A		-1	1121.03387564	[1, 1, 1, 1, 1, 1, 0, 1, 1, 1, 1, 1]
	180712	84077	120450	3	M	59	A		-1	1121.10864288	[1, 1, 1, 1, 1, 0, 1, 1, 1, 1, 1, 1]
	145762	71831	19630	3	M	44	A		-1	1121.41144285	[1, 1, 1, 1, 1, 1, 1, 1, 1, 1, 1, 1]
	134847	94599	74362	3	M	26	A		-1	1121.46325462	[1, 1, 1, 1, 1, 1, 1, 1, 1, 1, 1, 1]
	144701	111203	93919	3	M	44	A		-1	1122.02947385	[1, 1, 1, 1, 1, 1, 1, 1, 1, 1, 1, 1]
	178616	113655	88767	3	M	95	A		-1	1122.23027511	[1, 1, 1, 1, 1, 1, 1, 1, 1, 1, 1, 1]
	123958	98327	86801	3	M	26	A		-1	1122.45290781	[1, 1, 1, 1, 1, 1, 0, 1, 1, 1, 1, 1]
	150084	107407	93969	3	M	78	A		-1	1122.48901309	[1, 1, 1, 1, 1, 1, 1, 1, 1, 1, 1, 0]
	102078	57403	67134	2	M	81	A		-1	1122.53921585	[1, 1, 1, 1, 1, 1, 1, 1, 1, 1, 1, 1]
	143286	114667	52901	3	M	0	A		-1	1122.58435759	[1, 1, 1, 1, 1, 1, 1, 1, 1, 1, 1, 1]
	189412	120405	82819	3	M	84	A		-1	1122.9086751	[1, 1, 1, 1, 1, 1, 1, 1, 1, 1, 1, 1]
	173516	114606	81318	3	M	64	A		-1	1123.31421416	[1, 1, 1, 1, 1, 1, 1, 1, 1, 1, 1, 1]
	183087	87425	10602	3	M	76	A		-1	1123.34090423	[1, 1, 1, 1, 1, 1, 1, 1, 1, 1, 1, 0]
	154796	88383	22221	3	M	82	A		-1	1123.37029945	[1, 1, 1, 1, 1, 1, 1, 1, 1, 1, 1, 1]
	183742	101486	24216	3	M	52	A		-1	1123.83106919	[1, 1, 1, 1, 1, 1, 1, 1, 1, 1, 1, 1]
	143996	76803	35675	3	M	7	A		-1	1123.96597662	[1, 1, 1, 1, 1, 1, 1, 1, 1, 1, 1, 1]
	96394	61240	27447	2	M	7	A		-1	1124.17569666	[1, 1, 1, 1, 1, 1, 1, 1, 1, 1, 1, 1]
	154475	76682	108757	3	M	56	A		-1	1124.3117705	[1, 1, 1, 1, 1, 1, 1, 1, 1, 1, 1, 1]
	182924	114667	70154	3	M	53	A		-1	1124.3458052	[0, 1, 1, 1, 1, 1, 1, 1, 1, 1, 1, 1]
	165833	119763	110517	3	M	65	A		-1	1124.36983156	[0, 1, 1, 1, 1, 1, 1, 1, 1, 1, 1, 1]
	158576	73717	78534	3	M	47	A		-1	1124.66076567	[1, 1, 1, 1, 1, 1, 1, 1, 1, 1, 1, 1]
	146968	115141	65415	3	M	45	A		-1	1124.8631584	[1, 1, 1, 1, 1, 1, 1, 1, 1, 1, 1, 1]
	161995	111541	56388	3	M	58	A		-1	1124.93215382	[1, 1, 1, 0, 1, 1, 1, 1, 1, 1, 1, 1]
	185498	93604	34789	3	M	76	A		-1	1125.25578996	[1, 1, 1, 1, 1, 1, 1, 1, 1, 1, 1, 1]
	138469	59092	51512	3	M	88	A		-1	1125.40330555	[1, 1, 1, 1, 1, 1, 1, 1, 1, 1, 1, 1]
	194860	96828	97295	3	M	0	A		-1	1125.43954095	[1, 1, 1, 1, 1, 1, 1, 1, 1, 1, 1, 1]
	127272	80627	88243	3	M	61	A		-1	1125.44605979	[1, 1, 1, 1, 1, 1, 1, 1, 1, 1, 1, 1]
	176757	89084	94592	3	M	73	A		-1	1125.49724371	[1, 1, 1, 1, 1, 1, 1, 1, 1, 1, 1, 1]
	184986	117873	104133	3	M	55	A		-1	1125.57979221	[1, 1, 1, 1, 1, 1, 1, 1, 1, 1, 1, 1]
	134464	105585	87764	3	M	40	A		-1	1125.67982385	[1, 1, 1, 1, 1, 1, 1, 1, 1, 1, 1, 1]
	191728	105366	104240	3	M	53	A		-1	1125.82608714	[1, 1, 1, 1, 1, 1, 1, 1, 1, 1, 1, 1]
	178751	91870	1336	3	M	18	A		-1	1126.10215599	[1, 1, 1, 1, 1, 1, 1, 1, 1, 1, 1, 1]
	187714	97606	79178	3	M	79	A		-1	1126.13647056	[1, 1, 0, 1, 1, 1, 1, 1, 1, 1, 1, 0]
	156842	77908	91380	3	M	42	A		-1	1126.49134853	[1, 1, 1, 1, 1, 1, 1, 1, 1, 1, 1, 1]
	177898	109808	78282	3	M	0	A		-1	1126.55302459	[1, 1, 1, 1, 1, 1, 1, 1, 1, 1, 1, 1]
	139185	106124	93026	3	M	37	A		-1	1126.82342203	[1, 1, 1, 1, 1, 1, 1, 1, 1, 1, 1, 1]
	170565	91480	66388	3	M	64	A		-1	1126.92872262	[1, 1, 1, 1, 1, 1, 1, 1, 1, 1, 1, 0]
	166271	110937	113522	3	M	82	A		-1	1127.53363282	[1, 1, 1, 1, 1, 1, 1, 1, 1, 1, 1, 1]
	190416	91078	94460	3	M	70	A		-1	1127.55018564	[1, 1, 1, 1, 1, 1, 1, 1, 1, 1, 1, 1]
	149447	105366	101399	3	M	24	A		-1	1128.10657731	[1, 1, 1, 1, 1, 1, 1, 1, 1, 1, 1, 1]
	146962	107388	15914	3	M	83	A		-1	1128.3724895	[1, 1, 1, 1, 1, 1, 1, 1, 1, 1, 1, 1]
	131675	75878	104275	3	M	53	A		-1	1128.70786886	[1, 1, 1, 1, 1, 1, 1, 1, 1, 1, 1, 1]
	126694	114545	41838	3	M	75	A		-1	1129.05454378	[1, 1, 1, 1, 1, 1, 1, 1, 1, 1, 1, 1]
	129945	107456	103396	3	M	92	A		-1	1129.16942338	[1, 1, 1, 1, 1, 1, 1, 1, 1, 1, 1, 1]
	158443	95112	77987	3	M	29	A		-1	1129.415245	[1, 1, 1, 1, 1, 1, 1, 1, 1, 1, 1, 1]
	145021	98891	91243	3	M	56	A		-1	1129.52327053	[1, 1, 1, 1, 1, 1, 1, 1, 1, 1, 1, 1]
	129643	122235	67625	3	M	79	A		-1	1129.74195384	[1, 1, 1, 1, 1, 1, 1, 1, 1, 1, 1, 1]
	147350	75878	80889	3	M	47	A		-1	1129.79023509	[1, 1, 1, 1, 1, 1, 1, 1, 1, 1, 1, 1]
	141111	100253	5118	3	M	84	A		-1	1129.82787794	[1, 1, 1, 1, 1, 1, 1, 1, 1, 1, 1, 1]
	129153	97380	28279	3	M	36	A		-1	1129.95008408	[1, 1, 1, 1, 1, 1, 1, 1, 1, 1, 1, 0]
	172626	113647	44450	3	M	75	A		-1	1130.19829957	[1, 1, 1, 1, 1, 1, 1, 1, 1, 1, 1, 1]
	175559	76682	18310	3	M	30	A		-1	1130.22571537	[1, 0, 1, 1, 1, 1, 1, 1, 1, 1, 1, 1]
	145256	106886	62087	3	M	61	A		-1	1130.38179937	[1, 0, 1, 1, 1, 1, 1, 1, 1, 1, 1, 1]
	165630	107662	52104	3	M	92	A		-1	1130.5574442	[1, 1, 1, 1, 1, 1, 1, 1, 1, 1, 1, 0]
	141477	72474	104606	3	M	19	A		-1	1130.76694543	[1, 1, 1, 1, 1, 1, 1, 1, 1, 1, 1, 0]
	128546	116067	113315	3	M	12	A		-1	1131.09812611	[1, 1, 1, 0, 1, 1, 1, 1, 1, 1, 1, 1]
	181852	79185	100379	3	M	81	A		-1	1131.71561182	[1, 1, 1, 1, 1, 1, 1, 1, 1, 1, 1, 1]
	133056	96046	105757	3	M	82	A		-1	1131.91605258	[1, 1, 1, 1, 1, 1, 1, 1, 1, 1, 1, 1]
	142615	77675	75059	3	M	34	A		-1	1131.98149482	[1, 1, 1, 1, 1, 1, 1, 1, 1, 1, 1, 1]
	105366	42018	12829	2	M	69	A		-1	1132.17237368	[1, 1, 1, 1, 1, 1, 1, 1, 1, 1, 1, 1]
	137661	94094	57871	3	M	32	A		-1	1132.27386692	[1, 1, 1, 1, 1, 1, 1, 1, 1, 1, 1, 1]
	150339	72757	71502	3	M	88	A		-1	1132.65990358	[1, 1, 1, 1, 1, 1, 1, 1, 1, 1, 1, 1]
	170949	76992	71551	3	M	52	A		-1	1132.92778038	[1, 1, 0, 1, 1, 1, 1, 0, 1, 1, 1, 1]
	188243	111541	64829	3	M	80	A		-1	1132.99824661	[1, 1, 1, 1, 1, 1, 1, 1, 1, 1, 1, 1]
	171898	60471	71509	3	M	51	A		-1	1133.01347717	[1, 1, 1, 1, 1, 1, 1, 1, 1, 1, 1, 1]
	175337	84331	25622	3	M	32	A		-1	1133.02996083	[1, 1, 1, 1, 1, 1, 1, 1, 1, 1, 1, 0]
	145482	78399	43017	3	M	63	A		-1	1133.29890361	[1, 1, 1, 1, 1, 1, 1, 1, 1, 1, 1, 1]
	132459	117873	121895	3	M	16	A		-1	1133.4805961	[1, 1, 1, 1, 1, 1, 1, 1, 1, 1, 1, 1]
	105244	59657	21969	2	M	36	A		-1	1133.73002911	[1, 1, 1, 1, 1, 0, 1, 1, 1, 1, 1, 0]
	183335	77339	116976	3	M	12	A		-1	1133.92396327	[1, 1, 1, 1, 1, 1, 1, 1, 1, 1, 1, 1]
	124398	92636	98955	3	M	29	A		-1	1134.01823399	[1, 1, 1, 1, 1, 1, 1, 1, 1, 1, 1, 1]
	125259	95454	114927	3	M	68	A		-1	1134.38366195	[1, 1, 1, 1, 1, 1, 1, 1, 1, 1, 1, 1]
	166321	104905	121791	3	M	90	A		-1	1134.8454459	[1, 1, 1, 1, 1, 1, 1, 1, 1, 1, 1, 1]
	165560	83005	79925	3	M	70	A		-1	1135.14065944	[1, 1, 1, 1, 1, 1, 1, 1, 1, 1, 1, 1]
	168727	85419	95159	3	M	21	A		-1	1135.20420786	[1, 1, 1, 1, 1, 1, 1, 1, 1, 1, 1, 1]
	137459	80183	97237	3	M	3	A		-1	1135.28089915	[1, 1, 1, 1, 1, 1, 1, 1, 1, 1, 1, 1]
	194721	70543	82170	3	M	41	A		-1	1135.33602539	[1, 1, 1, 1, 1, 1, 1, 1, 1, 1, 1, 1]
	124930	120533	114079	3	M	22	A		-1	1135.44083035	[1, 1, 1, 1, 1, 1, 1, 0, 1, 1, 1, 1]
	157926	93239	103406	3	M	83	A		-1	1135.55622598	[1, 0, 1, 1, 1, 1, 1, 1, 1, 1, 1, 1]
	171349	88736	75843	3	M	99	A		-1	1135.65131994	[1, 1, 1, 1, 1, 1, 1, 1, 1, 1, 1, 1]
	169434	88945	83389	3	M	50	A		-1	1135.67171947	[1, 1, 1, 1, 1, 1, 1, 1, 1, 1, 1, 1]
	181952	75892	94973	3	M	9	A		-1	1135.893451	[1, 1, 1, 1, 1, 1, 1, 1, 1, 1, 1, 1]
	96080	68981	45307	2	M	64	A		-1	1136.19531028	[1, 1, 1, 1, 1, 1, 1, 1, 1, 1, 1, 1]
	133404	118500	121944	3	M	93	A		-1	1136.66254202	[1, 1, 0, 1, 1, 1, 1, 1, 1, 1, 1, 1]
	64276	35249	28926	1	M	76	A		-1	1136.71982997	[0, 1, 1, 1, 1, 1, 1, 1, 1, 1, 1, 1]
	165374	83831	118289	3	M	18	A		-1	1136.83367237	[1, 1, 1, 1, 1, 1, 1, 1, 1, 1, 1, 1]
	86413	38404	37534	2	M	96	A		-1	1136.88777243	[1, 1, 1, 1, 1, 1, 1, 1, 1, 1, 1, 1]
	162490	102812	858	3	M	45	A		-1	1136.94744982	[1, 1, 1, 1, 1, 1, 1, 1, 1, 1, 1, 1]
	123313	84664	111699	3	M	23	A		-1	1137.08191065	[1, 0, 1, 1, 1, 1, 1, 1, 1, 1, 1, 1]
	171173	113253	91620	3	M	7	A		-1	1137.5153102	[1, 1, 1, 1, 1, 1, 1, 1, 1, 1, 1, 1]
	171764	112570	80665	3	M	40	A		-1	1138.20472048	[1, 1, 1, 1, 1, 1, 1, 1, 1, 1, 1, 1]
	190897	84066	43830	3	M	87	A		-1	1138.22139279	[1, 1, 1, 1, 1, 1, 1, 1, 1, 1, 1, 1]
	162888	102996	103277	3	M	87	A		-1	1138.2448543	[1, 1, 1, 1, 1, 1, 1, 1, 1, 1, 1, 1]
	84682	61415	37748	2	M	91	A		-1	1138.72286178	[1, 1, 1, 1, 1, 1, 1, 1, 1, 1, 1, 1]
	181026	88789	75407	3	M	43	A		-1	1138.83354665	[1, 0, 1, 1, 1, 1, 1, 1, 1, 1, 1, 1]
	120824	63394	3807	2	M	28	A		-1	1139.3484075	[1, 1, 1, 1, 1, 1, 1, 1, 1, 1, 1, 1]
	183445	94420	85058	3	M	70	A		-1	1139.35719106	[1, 1, 1, 1, 1, 1, 1, 1, 1, 1, 1, 1]
	159077	102761	94223	3	M	20	A		-1	1140.11398709	[1, 1, 1, 1, 1, 1, 1, 1, 1, 1, 1, 1]
	123478	77078	85699	3	M	28	A		-1	1140.13743414	[1, 1, 1, 1, 1, 1, 1, 1, 1, 1, 1, 1]
	190586	116342	65160	3	M	30	A		-1	1140.20433609	[1, 1, 1, 1, 1, 1, 1, 1, 1, 1, 1, 1]
	124056	101486	48232	3	M	100	A		-1	1140.83613784	[1, 1, 1, 1, 1, 1, 1, 1, 1, 1, 1, 1]
	144070	113647	121106	3	M	45	A		-1	1141.43017829	[1, 1, 1, 1, 1, 1, 1, 1, 1, 1, 1, 1]
	128655	101937	84720	3	M	45	A		-1	1141.44209772	[1, 1, 1, 1, 1, 1, 1, 1, 1, 1, 1, 1]
	189752	106138	101114	3	M	4	A		-1	1141.90997081	[1, 1, 1, 1, 1, 1, 1, 1, 1, 1, 1, 1]
	168259	84682	72714	3	M	64	A		-1	1142.12578114	[1, 1, 1, 1, 1, 1, 1, 1, 1, 1, 1, 1]
	145901	75878	61489	3	M	29	A		-1	1142.14044383	[1, 1, 1, 0, 1, 1, 1, 1, 1, 1, 1, 1]
	173767	84881	70895	3	M	85	A		-1	1142.21398063	[1, 1, 1, 1, 1, 1, 1, 1, 1, 1, 1, 0]
	167334	48821	68268	3	M	56	A		-1	1142.31761776	[1, 1, 1, 1, 1, 0, 1, 1, 1, 1, 1, 1]
	159542	71888	33188	3	M	93	A		-1	1142.73838233	[1, 1, 1, 1, 1, 1, 1, 1, 1, 1, 1, 1]
	147998	92058	23999	3	M	74	A		-1	1142.95811932	[1, 1, 1, 1, 1, 1, 1, 1, 1, 1, 1, 1]
	174080	79185	94084	3	M	74	A		-1	1143.24584814	[1, 1, 1, 1, 1, 1, 1, 1, 1, 1, 1, 1]
	123647	83027	84333	3	M	13	A		-1	1143.47996756	[1, 1, 0, 1, 1, 1, 1, 1, 1, 1, 1, 1]
	112570	59650	21044	2	M	99	A		-1	1143.53342506	[1, 1, 1, 1, 1, 1, 1, 1, 1, 1, 1, 1]
	137052	93667	114348	3	M	94	A		-1	1143.58712758	[1, 1, 1, 1, 1, 1, 1, 1, 1, 1, 1, 1]
	173730	100413	114688	3	M	93	A		-1	1143.83611123	[1, 1, 1, 0, 1, 1, 1, 1, 1, 1, 1, 1]
	176281	113295	110345	3	M	99	A		-1	1144.05602848	[1, 1, 1, 1, 1, 1, 1, 1, 1, 1, 1, 1]
	183817	74498	25217	3	M	12	A		-1	1144.09973696	[1, 1, 1, 1, 1, 1, 1, 1, 1, 1, 1, 1]
	164557	63066	7057	3	M	90	A		-1	1144.49445048	[1, 1, 1, 1, 1, 1, 1, 1, 1, 1, 1, 0]
	176900	89814	98201	3	M	63	A		-1	1144.75465843	[1, 1, 1, 1, 1, 1, 1, 1, 1, 1, 1, 1]
	124917	110404	71472	3	M	31	A		-1	1145.0961636	[1, 1, 1, 1, 1, 1, 1, 1, 1, 1, 1, 1]
	147247	83051	21654	3	M	58	A		-1	1145.24702053	[1, 1, 0, 1, 1, 1, 1, 1, 1, 1, 1, 1]
	144391	101005	78495	3	M	95	A		-1	1145.94018447	[1, 1, 1, 1, 1, 1, 1, 1, 1, 1, 1, 1]
	150240	89084	95545	3	M	16	A		-1	1145.99014201	[1, 1, 1, 1, 1, 1, 1, 1, 1, 1, 1, 1]
	127909	106076	86942	3	M	33	A		-1	1146.22992284	[1, 1, 1, 1, 1, 1, 1, 1, 1, 1, 1, 1]
	129886	120811	82333	3	M	26	A		-1	1146.80813936	[1, 1, 1, 1, 1, 1, 1, 1, 1, 1, 1, 1]
	179172	96436	99571	3	M	91	A		-1	1146.86071104	[1, 1, 1, 1, 1, 1, 1, 1, 1, 1, 0, 1]
	181826	92140	73522	3	M	85	A		-1	1147.03307913	[0, 1, 1, 1, 1, 1, 1, 1, 1, 1, 1, 1]
	180568	122800	90248	3	M	18	A		-1	1147.07397962	[1, 1, 1, 1, 1, 1, 1, 1, 1, 1, 1, 1]
	156237	95395	69333	3	M	28	A		-1	1147.0946598	[1, 1, 1, 1, 1, 1, 1, 1, 1, 1, 1, 1]
	191940	95112	98274	3	M	34	A		-1	1147.20514919	[1, 1, 1, 1, 1, 1, 1, 1, 1, 1, 1, 1]
	93667	53332	56330	2	M	79	A		-1	1147.4075832	[1, 1, 1, 1, 1, 1, 1, 1, 1, 1, 1, 1]
	167532	112416	18248	3	M	14	A		-1	1147.89213801	[1, 0, 1, 1, 1, 1, 1, 1, 1, 1, 1, 1]
	143421	105180	59492	3	M	60	A		-1	1147.94647327	[1, 1, 1, 1, 1, 1, 1, 1, 1, 1, 1, 0]
	173878	95118	117302	3	M	72	A		-1	1147.95479821	[1, 1, 1, 1, 1, 1, 1, 1, 1, 1, 1, 1]
	89829	49804	48328	2	M	35	A		-1	1148.00305778	[1, 1, 1, 1, 1, 1, 1, 1, 1, 1, 1, 1]
	177654	97380	77308	3	M	81	A		-1	1148.79565123	[1, 1, 1, 1, 1, 1, 1, 1, 1, 1, 1, 1]
	188909	81963	68855	3	M	53	A		-1	1148.99152377	[1, 1, 1, 1, 1, 1, 1, 1, 1, 1, 1, 0]
	151287	97870	80455	3	M	68	A		-1	1149.40949485	[1, 1, 1, 1, 1, 1, 1, 1, 1, 1, 1, 1]
	190012	96958	81986	3	M	48	A		-1	1149.93387536	[1, 1, 1, 1, 1, 1, 1, 1, 1, 1, 1, 1]
	153722	117124	96648	3	M	55	A		-1	1150.18425823	[1, 1, 1, 1, 1, 1, 1, 1, 1, 1, 1, 1]
	130996	106076	108385	3	M	40	A		-1	1150.49642045	[1, 1, 1, 1, 1, 1, 1, 1, 1, 1, 1, 1]
	150231	99838	68252	3	M	98	A		-1	1150.84386828	[1, 1, 1, 1, 1, 1, 1, 1, 1, 1, 1, 1]
	163615	121211	122738	3	M	49	A		-1	1151.01446972	[1, 1, 1, 1, 1, 1, 1, 1, 1, 1, 1, 1]
	157681	75273	73866	3	M	54	A		-1	1151.14657967	[1, 1, 1, 1, 1, 1, 1, 1, 1, 1, 1, 1]
	160964	104338	76609	3	M	89	A		-1	1151.48497925	[1, 1, 1, 1, 1, 1, 1, 1, 1, 1, 1, 1]
	128462	112570	119956	3	M	37	A		-1	1152.27530247	[1, 1, 1, 1, 1, 1, 1, 1, 1, 1, 1, 1]
	132535	120274	77000	3	M	59	A		-1	1152.38777802	[1, 1, 0, 1, 1, 1, 1, 1, 1, 1, 1, 1]
	150112	102869	94734	3	M	88	A		-1	1152.49769625	[1, 1, 1, 0, 1, 1, 1, 1, 1, 1, 1, 1]
	139744	109082	93201	3	M	60	A		-1	1152.76366123	[1, 1, 1, 0, 1, 1, 1, 1, 1, 1, 1, 1]
	163919	104752	106559	3	M	77	A		-1	1153.29001943	[1, 1, 1, 1, 1, 1, 1, 1, 1, 1, 1, 1]
	164595	106076	110216	3	M	51	A		-1	1154.05334668	[1, 0, 1, 1, 1, 1, 1, 1, 1, 1, 1, 1]
	156876	114049	92243	3	M	20	A		-1	1154.30844429	[1, 1, 1, 1, 1, 1, 1, 1, 1, 1, 1, 1]
	162752	82905	107804	3	M	3	A		-1	1154.38444376	[1, 1, 1, 1, 1, 1, 1, 1, 1, 1, 1, 0]
	138470	111633	110108	3	M	62	A		-1	1154.55075205	[1, 1, 1, 1, 1, 1, 0, 1, 1, 0, 1, 1]
	124188	89084	79420	3	M	49	A		-1	1155.80477967	[1, 1, 1, 1, 1, 1, 1, 1, 1, 1, 1, 1]
	140871	79688	118259	3	M	36	A		-1	1155.89850593	[1, 1, 1, 1, 1, 1, 1, 1, 1, 1, 1, 1]
	172526	117124	66299	3	M	64	A		-1	1155.91137144	[1, 1, 1, 1, 1, 1, 1, 1, 1, 1, 1, 1]
	184221	97606	66059	3	M	8	A		-1	1155.92965193	[1, 1, 1, 1, 1, 1, 1, 1, 1, 1, 1, 1]
	155678	84823	118889	3	M	28	A		-1	1155.99163453	[1, 1, 1, 1, 1, 1, 1, 1, 1, 1, 1, 1]
	167230	86413	97769	3	M	41	A		-1	1156.02840321	[1, 1, 1, 1, 1, 1, 1, 1, 1, 1, 1, 1]
	188886	112570	60462	3	M	66	A		-1	1156.68506042	[1, 1, 1, 1, 1, 1, 1, 1, 1, 1, 1, 1]
	126989	84727	96618	3	M	85	A		-1	1157.09730702	[1, 1, 1, 1, 1, 1, 1, 1, 1, 1, 1, 1]
	168595	109808	83346	3	M	44	A		-1	1157.23551745	[1, 1, 1, 1, 1, 1, 1, 1, 1, 1, 1, 1]
	149754	97606	35520	3	M	60	A		-1	1157.58179486	[1, 1, 0, 1, 1, 1, 1, 1, 1, 1, 1, 1]
	169697	79688	110575	3	M	74	A		-1	1157.64062445	[1, 1, 1, 1, 1, 1, 1, 1, 1, 1, 1, 1]
	133748	79688	76385	3	M	33	A		-1	1158.06585845	[1, 1, 1, 1, 1, 1, 1, 1, 1, 1, 1, 1]
	160467	72270	117380	3	M	93	A		-1	1158.38562781	[1, 1, 1, 1, 1, 1, 1, 1, 1, 1, 1, 1]
	154396	93189	78649	3	M	79	A		-1	1159.27919379	[0, 1, 1, 1, 1, 1, 1, 0, 1, 1, 1, 1]
	182929	109190	104614	3	M	39	A		-1	1159.42057842	[1, 1, 1, 1, 1, 1, 1, 1, 1, 1, 1, 0]
	179297	121156	75909	3	M	91	A		-1	1159.69776734	[1, 1, 1, 1, 1, 1, 1, 1, 1, 1, 1, 0]
	186043	84682	94365	3	M	87	A		-1	1159.77320298	[1, 1, 1, 1, 1, 1, 1, 1, 1, 1, 1, 1]
	152499	89144	95788	3	M	24	A		-1	1160.91937458	[1, 1, 1, 1, 1, 1, 1, 1, 1, 1, 1, 1]
	85975	65025	64470	2	M	21	A		-1	1161.2597602	[1, 1, 1, 0, 1, 1, 1, 1, 1, 1, 1, 0]
	185992	81759	77145	3	M	75	A		-1	1161.30459768	[1, 1, 1, 1, 1, 1, 1, 0, 1, 1, 1, 1]
	129580	75878	47150	3	M	23	A		-1	1161.43773524	[1, 1, 1, 1, 1, 1, 1, 1, 1, 1, 1, 1]
	183193	86413	93358	3	M	53	A		-1	1161.48234268	[1, 1, 0, 1, 1, 1, 1, 1, 1, 1, 1, 1]
	129670	117912	14134	3	M	9	A		-1	1161.92436022	[1, 1, 1, 1, 1, 1, 1, 1, 1, 1, 1, 1]
	133385	79457	44742	3	M	53	A		-1	1161.92785605	[1, 1, 1, 1, 1, 1, 1, 1, 1, 1, 1, 1]
	140993	101817	70890	3	M	63	A		-1	1162.02212622	[1, 1, 1, 1, 1, 1, 1, 1, 1, 1, 1, 1]
	176955	76765	94422	3	M	41	A		-1	1162.04718276	[1, 1, 1, 1, 1, 1, 1, 1, 1, 1, 1, 1]
	125226	93667	21568	3	M	32	A		-1	1162.61883658	[1, 1, 1, 1, 1, 1, 1, 1, 1, 1, 1, 1]
	167473	110937	73471	3	M	94	A		-1	1162.67269486	[1, 1, 1, 1, 1, 1, 1, 1, 1, 1, 1, 1]
	181083	109622	57240	3	M	18	A		-1	1162.87537646	[1, 1, 1, 1, 1, 1, 1, 1, 1, 1, 1, 1]
	166796	90000	105842	3	M	100	A		-1	1163.14695125	[1, 1, 1, 1, 1, 1, 1, 1, 1, 1, 1, 1]
	160233	96436	99982	3	M	23	A		-1	1163.25044773	[1, 1, 1, 1, 1, 1, 0, 1, 1, 1, 1, 1]
	150774	91799	74661	3	M	87	A		-1	1164.37629611	[1, 1, 1, 1, 1, 1, 1, 1, 1, 1, 1, 1]
	183111	64737	55597	3	M	94	A		-1	1165.01467258	[1, 1, 1, 0, 1, 1, 1, 1, 1, 1, 1, 1]
	149359	88736	90032	3	M	74	A		-1	1165.33962379	[1, 1, 1, 1, 1, 1, 1, 1, 1, 1, 1, 0]
	175707	115201	103724	3	M	70	A		-1	1165.90413987	[1, 1, 1, 1, 1, 1, 1, 1, 1, 1, 1, 1]
	188062	120263	90744	3	M	90	A		-1	1165.96783557	[1, 1, 1, 1, 1, 1, 1, 1, 1, 1, 1, 1]
	124593	95395	122540	3	M	28	A		-1	1166.48012531	[1, 1, 1, 1, 1, 1, 1, 1, 1, 1, 1, 1]
	155913	53767	110819	3	M	1	A		-1	1166.5995216	[1, 1, 1, 1, 1, 1, 1, 1, 1, 1, 1, 1]
	148787	78671	112049	3	M	84	A		-1	1166.72469703	[1, 1, 1, 1, 1, 1, 1, 1, 1, 1, 1, 1]
	174932	115141	40684	3	M	77	A		-1	1166.93327166	[1, 1, 1, 1, 1, 1, 1, 1, 1, 1, 1, 1]
	188025	87638	121893	3	M	23	A		-1	1167.1096275	[1, 1, 1, 1, 1, 1, 1, 1, 1, 1, 1, 1]
	159737	94599	89711	3	M	32	A		-1	1167.55393096	[1, 1, 1, 1, 1, 1, 1, 1, 1, 1, 1, 1]
	153338	114955	89954	3	M	35	A		-1	1167.62959164	[1, 1, 1, 1, 1, 1, 1, 1, 1, 1, 1, 1]
	184679	113217	68562	3	M	46	A		-1	1167.90168509	[1, 1, 1, 1, 1, 1, 1, 1, 1, 1, 1, 1]
	113666	64276	4909	2	M	0	A		-1	1168.05647742	[0, 1, 1, 1, 1, 1, 1, 1, 1, 1, 1, 1]
	119763	51123	53974	2	M	12	A		-1	1168.37176527	[0, 1, 1, 1, 1, 1, 1, 1, 1, 1, 1, 1]
	164701	120745	102926	3	M	65	A		-1	1168.5926543	[1, 1, 1, 1, 1, 1, 1, 1, 1, 1, 1, 1]
	175375	71888	76357	3	M	33	A		-1	1169.30207443	[1, 1, 1, 1, 1, 1, 1, 1, 1, 1, 1, 1]
	125463	116067	95482	3	M	88	A		-1	1169.41589085	[1, 1, 1, 0, 1, 1, 1, 1, 1, 1, 1, 1]
	149390	71781	114527	3	M	72	A		-1	1169.43082865	[1, 1, 1, 1, 1, 1, 1, 1, 1, 1, 1, 0]
	176819	100316	106866	3	M	80	A		-1	1169.48369683	[1, 1, 1, 1, 1, 1, 1, 0, 1, 1, 1, 1]
	169771	74416	92903	3	M	73	A		-1	1169.96586437	[1, 1, 1, 1, 1, 1, 1, 1, 1, 1, 1, 1]
	163363	93342	75590	3	M	7	A		-1	1170.04063483	[1, 1, 1, 1, 1, 1, 1, 1, 1, 1, 1, 1]
	146621	120429	117751	3	M	9	A		-1	1170.62699182	[1, 1, 1, 1, 1, 1, 1, 1, 1, 1, 1, 1]
	143797	111315	72487	3	M	96	A		-1	1170.9365991	[1, 1, 1, 0, 1, 1, 1, 0, 1, 1, 1, 1]
	169088	76765	101418	3	M	61	A		-1	1171.0184122	[1, 1, 1, 1, 1, 1, 1, 1, 1, 1, 1, 1]
	133613	94216	96590	3	M	98	A		-1	1171.14516043	[0, 1, 1, 1, 1, 1, 1, 1, 1, 1, 1, 1]
	172257	89814	91905	3	M	45	A		-1	1171.25778913	[1, 1, 1, 1, 1, 1, 1, 1, 1, 1, 1, 1]
	167481	75878	3746	3	M	20	A		-1	1171.41905236	[1, 1, 1, 1, 1, 1, 1, 1, 1, 1, 1, 1]
	147708	72897	72337	3	M	15	A		-1	1171.73045093	[1, 1, 1, 1, 1, 1, 1, 1, 1, 1, 1, 1]
	162940	119665	121314	3	M	20	A		-1	1171.88293893	[1, 1, 1, 1, 1, 1, 1, 1, 1, 1, 1, 0]
	165958	77339	84364	3	M	40	A		-1	1171.91081297	[1, 1, 1, 1, 1, 1, 1, 0, 1, 1, 1, 1]
	143519	116199	114310	3	M	49	A		-1	1172.09349998	[1, 1, 1, 1, 1, 1, 1, 1, 1, 1, 1, 1]
	180004	71794	4694	3	M	50	A		-1	1172.57072499	[1, 1, 1, 1, 1, 1, 1, 1, 1, 1, 1, 1]
	187812	73152	115725	3	M	60	A		-1	1172.60389374	[1, 1, 1, 1, 1, 1, 1, 1, 1, 1, 1, 1]
	152227	108056	104075	3	M	70	A		-1	1172.72229632	[1, 1, 1, 1, 1, 1, 1, 1, 1, 1, 1, 1]
	191418	105156	73833	3	M	90	A		-1	1173.17204577	[1, 1, 1, 1, 1, 1, 1, 1, 1, 1, 1, 1]
	189888	115060	86088	3	M	13	A		-1	1174.32927386	[1, 1, 1, 1, 1, 1, 1, 1, 1, 1, 1, 1]
	169737	114545	85515	3	M	93	A		-1	1174.48226721	[1, 1, 1, 1, 1, 1, 1, 1, 1, 1, 1, 1]
	141659	113556	94828	3	M	4	A		-1	1174.49523449	[1, 1, 1, 0, 1, 1, 1, 1, 1, 1, 1, 1]
	162446	92385	115761	3	M	61	A		-1	1174.79248716	[1, 1, 1, 1, 1, 1, 1, 1, 1, 1, 1, 1]
	184659	87053	73037	3	M	22	A		-1	1175.24486035	[1, 0, 1, 1, 1, 1, 1, 1, 1, 1, 0, 1]
	141304	104072	83777	3	M	22	A		-1	1175.54910994	[1, 1, 1, 1, 1, 1, 0, 1, 1, 1, 1, 1]
	143389	102078	100364	3	M	11	A		-1	1175.72901585	[1, 1, 1, 1, 1, 1, 1, 1, 1, 1, 1, 0]
	187101	84698	115452	3	M	97	A		-1	1176.41190614	[1, 1, 1, 1, 1, 1, 1, 1, 1, 1, 1, 1]
	161434	114600	71918	3	M	39	A		-1	1176.78423488	[1, 1, 1, 1, 1, 1, 1, 1, 1, 1, 1, 1]
	132401	92700	80955	3	M	91	A		-1	1177.46324846	[1, 1, 1, 1, 1, 1, 1, 1, 1, 1, 1, 1]
	130507	100933	68111	3	M	68	A		-1	1177.54652439	[1, 1, 1, 1, 1, 1, 1, 1, 1, 1, 1, 1]
	187690	96080	85867	3	M	51	A		-1	1177.87001555	[1, 1, 1, 1, 1, 1, 1, 1, 1, 1, 1, 1]
	187766	79830	47697	3	M	73	A		-1	1178.18726919	[0, 1, 1, 0, 1, 0, 1, 1, 1, 1, 1, 1]
	140065	82182	93792	3	M	54	A		-1	1178.61731821	[1, 1, 1, 1, 1, 1, 1, 1, 1, 1, 1, 1]
	181337	77383	1034	3	M	36	A		-1	1179.01058601	[1, 1, 1, 1, 1, 1, 1, 1, 1, 1, 1, 1]
	132783	35964	90764	3	M	0	A		-1	1179.02796974	[1, 1, 1, 1, 1, 1, 1, 1, 1, 1, 1, 1]
	183455	57008	90240	3	M	40	A		-1	1179.04847546	[1, 1, 0, 1, 1, 1, 1, 1, 1, 1, 1, 1]
	125751	37227	52234	3	M	38	A		-1	1179.21319827	[1, 1, 0, 1, 1, 1, 1, 1, 1, 1, 1, 1]
	133594	76629	110081	3	M	32	A		-1	1179.21936647	[1, 1, 1, 1, 1, 1, 1, 1, 1, 1, 1, 1]
	128051	108950	106803	3	M	85	A		-1	1180.02505761	[1, 1, 1, 1, 1, 1, 1, 1, 1, 1, 1, 1]
	194833	118591	110685	3	M	71	A		-1	1180.3752205	[1, 1, 1, 0, 1, 1, 1, 1, 1, 1, 1, 1]
	175995	98941	109620	3	M	89	A		-1	1180.96283593	[1, 0, 1, 1, 1, 1, 1, 1, 1, 1, 1, 1]
	160052	105366	12350	3	M	48	A		-1	1181.06766377	[1, 1, 1, 1, 1, 1, 1, 1, 1, 1, 1, 1]
	174834	115809	88969	3	M	8	A		-1	1181.70659793	[1, 1, 1, 1, 1, 1, 1, 0, 1, 1, 1, 1]
	149167	35964	75891	3	M	34	A		-1	1182.38888595	[1, 1, 1, 1, 1, 1, 1, 1, 1, 1, 1, 1]
	120405	48821	60153	2	M	69	A		-1	1182.42968905	[1, 1, 1, 1, 1, 1, 1, 1, 1, 1, 1, 1]
	153125	96080	106732	3	M	42	A		-1	1184.29454219	[1, 1, 1, 1, 1, 1, 1, 1, 1, 1, 1, 1]
	127723	114545	56445	3	M	71	A		-1	1184.57717458	[1, 1, 1, 1, 1, 0, 1, 1, 1, 1, 1, 1]
	165067	85975	120727	3	M	49	A		-1	1185.47833472	[1, 1, 1, 0, 1, 1, 1, 1, 1, 1, 1, 1]
	123391	78837	66760	3	M	15	A		-1	1185.61843024	[0, 1, 1, 1, 1, 1, 1, 1, 1, 1, 0, 1]
	181825	101638	78364	3	M	19	A		-1	1185.75033292	[1, 1, 1, 1, 1, 1, 1, 1, 1, 1, 1, 1]
	138162	98348	74976	3	M	68	A		-1	1185.75670102	[0, 1, 1, 1, 1, 1, 1, 1, 1, 1, 1, 1]
	178225	85975	5260	3	M	89	A		-1	1185.97109362	[1, 1, 1, 0, 1, 1, 1, 1, 1, 1, 1, 1]
	153216	82383	106431	3	M	7	A		-1	1186.00001356	[1, 1, 1, 1, 1, 1, 1, 1, 1, 1, 1, 1]
	72897	49019	54426	2	M	32	A		-1	1186.0538841	[1, 1, 1, 1, 1, 1, 1, 1, 1, 1, 1, 1]
	140998	84823	36146	3	M	28	A		-1	1187.67619309	[1, 1, 1, 1, 1, 1, 1, 1, 1, 1, 1, 1]
	153184	92376	66975	3	M	9	A		-1	1187.70708592	[0, 1, 1, 0, 1, 1, 1, 1, 1, 1, 1, 1]
	158464	75046	9514	3	M	19	A		-1	1188.09226695	[1, 1, 1, 1, 1, 1, 1, 1, 1, 1, 1, 1]
	180211	121172	115542	3	M	4	A		-1	1188.38270436	[1, 1, 1, 1, 1, 1, 1, 1, 1, 1, 1, 1]
	151632	91614	61033	3	M	83	A		-1	1188.46398845	[1, 1, 1, 1, 1, 1, 1, 1, 1, 1, 1, 1]
	137171	75878	83503	3	M	83	A		-1	1189.17894412	[1, 1, 1, 1, 1, 1, 1, 1, 1, 1, 1, 1]
	140676	120405	51378	3	M	23	A		-1	1189.27744913	[1, 1, 1, 1, 1, 1, 1, 1, 1, 1, 1, 1]
	185049	110404	71931	3	M	77	A		-1	1189.77529582	[1, 1, 1, 1, 1, 1, 1, 1, 1, 1, 1, 1]
	153524	72618	43999	3	M	95	A		-1	1189.89353344	[1, 1, 1, 1, 1, 1, 1, 1, 1, 1, 1, 1]
	76539	39823	51927	2	M	21	A		-1	1189.93554692	[1, 1, 1, 1, 0, 1, 1, 1, 1, 1, 1, 1]
	176684	84727	93697	3	M	40	A		-1	1189.94611001	[1, 1, 1, 1, 1, 1, 1, 1, 1, 1, 1, 1]
	183130	60739	82353	3	M	38	A		-1	1189.98493049	[1, 1, 1, 1, 1, 1, 1, 1, 1, 1, 1, 1]
	176027	120811	82144	3	M	13	A		-1	1190.34282562	[1, 1, 1, 1, 1, 1, 1, 1, 1, 1, 1, 1]
	162783	74336	93644	3	M	4	A		-1	1190.43843509	[1, 1, 1, 1, 1, 1, 1, 1, 1, 1, 1, 1]
	190400	73800	103822	3	M	35	A		-1	1190.61321063	[1, 1, 1, 1, 1, 1, 1, 1, 1, 1, 1, 1]
	154109	74156	95219	3	M	41	A		-1	1190.90568259	[1, 1, 0, 1, 1, 1, 1, 1, 1, 1, 1, 1]
	172931	113677	82338	3	M	90	A		-1	1191.44519424	[1, 1, 1, 1, 1, 1, 1, 1, 1, 1, 1, 1]
	152314	97753	52106	3	M	43	A		-1	1191.78052646	[1, 1, 1, 1, 1, 1, 1, 1, 1, 1, 1, 1]
	150833	113666	65553	3	M	4	A		-1	1192.16549083	[0, 1, 1, 1, 1, 1, 1, 1, 1, 1, 1, 0]
	123328	100458	100998	3	M	36	A		-1	1192.2670111	[1, 1, 1, 1, 1, 1, 1, 1, 1, 1, 1, 1]
	169476	120986	52857	3	M	16	A		-1	1192.33499478	[1, 1, 1, 1, 1, 1, 1, 1, 1, 1, 1, 1]
	152043	89124	97083	3	M	64	A		-1	1192.59800319	[1, 1, 1, 0, 1, 1, 1, 1, 1, 1, 1, 1]
	136121	106124	86734	3	M	68	A		-1	1192.67071948	[1, 1, 1, 1, 1, 1, 1, 1, 1, 1, 1, 1]
	192606	90176	102482	3	M	66	A		-1	1193.77957554	[1, 0, 1, 1, 1, 1, 1, 1, 1, 1, 1, 1]
	174427	120405	95189	3	M	94	A		-1	1194.54261396	[1, 1, 1, 1, 1, 1, 1, 1, 1, 1, 1, 1]
	131502	110417	121341	3	M	74	A		-1	1194.83335931	[1, 1, 1, 0, 1, 1, 1, 1, 1, 1, 1, 1]
	145251	117547	98986	3	M	48	A		-1	1194.87248098	[1, 1, 1, 1, 1, 1, 1, 1, 1, 1, 1, 1]
	120533	42519	50868	2	M	51	A		-1	1195.20431124	[1, 1, 1, 1, 1, 1, 1, 1, 1, 1, 1, 1]
	171123	86413	113822	3	M	67	A		-1	1195.23080646	[1, 1, 1, 1, 1, 1, 1, 1, 1, 1, 1, 1]
	149818	81375	37573	3	M	70	A		-1	1195.23202074	[1, 1, 1, 1, 1, 1, 1, 1, 1, 1, 1, 0]
	188337	113050	85250	3	M	91	A		-1	1195.38379374	[1, 1, 1, 1, 1, 1, 1, 1, 1, 1, 1, 1]
	116043	57478	38136	2	M	85	A		-1	1195.57199733	[1, 1, 1, 0, 1, 1, 1, 1, 1, 1, 1, 1]
	182750	112416	116669	3	M	80	A		-1	1196.61880872	[1, 1, 1, 1, 1, 1, 1, 1, 1, 1, 1, 0]
	179967	110050	99095	3	M	4	A		-1	1196.83648299	[1, 1, 1, 1, 1, 1, 1, 1, 1, 1, 1, 1]
	148416	76401	73415	3	M	98	A		-1	1197.01457628	[1, 1, 1, 1, 1, 1, 1, 1, 1, 1, 1, 1]
	123213	111065	72477	3	M	55	A		-1	1197.80220582	[1, 1, 1, 1, 1, 1, 1, 1, 1, 1, 1, 1]
	132294	104854	81080	3	M	36	A		-1	1198.37962729	[0, 1, 1, 1, 1, 1, 1, 1, 1, 1, 1, 1]
	167301	105119	106522	3	M	58	A		-1	1199.03716323	[1, 1, 1, 1, 1, 1, 1, 1, 1, 1, 1, 1]
	170237	102869	53882	3	M	13	A		-1	1199.34643812	[1, 1, 1, 1, 1, 1, 1, 1, 1, 1, 1, 1]
	191301	96046	101943	3	M	34	A		-1	1199.35836849	[1, 1, 1, 1, 1, 1, 1, 1, 1, 1, 1, 1]
	177956	117023	87329	3	M	62	A		-1	1199.84485194	[1, 0, 1, 1, 1, 1, 1, 1, 1, 1, 1, 1]
	130610	76859	95536	3	M	98	A		-1	1200.17434519	[1, 1, 1, 1, 1, 1, 1, 1, 1, 1, 1, 1]
	139453	117339	77024	3	M	89	A		-1	1200.27397647	[1, 1, 1, 1, 1, 1, 1, 1, 1, 1, 0, 1]
	169416	121188	37703	3	M	26	A		-1	1200.78853804	[1, 1, 1, 1, 1, 1, 1, 1, 1, 1, 1, 1]
	142136	82383	64488	3	M	76	A		-1	1201.11135959	[1, 1, 1, 1, 1, 1, 1, 1, 1, 1, 1, 1]
	141657	113050	109571	3	M	10	A		-1	1201.11717286	[1, 1, 1, 1, 1, 1, 1, 1, 1, 1, 1, 1]
	177698	101005	5758	3	M	53	A		-1	1201.26710532	[1, 1, 0, 1, 1, 1, 1, 1, 1, 1, 1, 1]
	153808	120263	107562	3	M	46	A		-1	1201.27242199	[1, 1, 1, 1, 1, 1, 1, 1, 1, 1, 1, 1]
	135717	70413	122460	3	M	89	A		-1	1201.32387125	[1, 1, 1, 1, 1, 1, 1, 1, 1, 1, 1, 1]
	173790	96080	99682	3	M	96	A		-1	1203.03027369	[1, 1, 1, 1, 1, 1, 1, 1, 1, 1, 1, 1]
	183091	105585	82270	3	M	49	A		-1	1203.42690703	[1, 1, 1, 1, 1, 1, 1, 1, 1, 1, 1, 1]
	92385	52751	61367	2	M	4	A		-1	1204.10853972	[1, 1, 1, 1, 1, 1, 1, 1, 1, 1, 1, 0]
	145667	93456	35643	3	M	59	A		-1	1204.14654688	[1, 1, 1, 1, 1, 1, 1, 1, 1, 1, 1, 1]
	162504	117023	109036	3	M	87	A		-1	1204.21795219	[1, 1, 1, 1, 1, 1, 1, 1, 1, 1, 1, 1]
	170715	84664	87847	3	M	68	A		-1	1205.23345306	[0, 0, 1, 1, 1, 1, 1, 1, 1, 1, 1, 1]
	185696	92376	77727	3	M	66	A		-1	1205.39476618	[1, 1, 1, 0, 1, 1, 1, 1, 1, 1, 1, 1]
	165986	102078	93070	3	M	31	A		-1	1206.12629798	[1, 0, 1, 1, 1, 1, 1, 1, 1, 1, 1, 1]
	179863	109651	109195	3	M	97	A		-1	1207.13210183	[1, 1, 1, 1, 1, 1, 1, 1, 1, 1, 1, 1]
	186199	73610	85025	3	M	11	A		-1	1207.87780389	[1, 1, 1, 0, 1, 1, 1, 1, 1, 1, 1, 1]
	166207	73610	115550	3	M	99	A		-1	1207.99838669	[0, 1, 1, 1, 1, 1, 1, 1, 1, 1, 1, 1]
	157077	113666	113361	3	M	17	A		-1	1208.22321925	[1, 1, 1, 1, 1, 1, 1, 1, 1, 1, 1, 1]
	129980	90943	122744	3	M	17	A		-1	1208.33889114	[1, 1, 1, 0, 1, 1, 1, 1, 1, 1, 1, 1]
	181138	119334	79375	3	M	79	A		-1	1208.43661956	[1, 1, 1, 1, 1, 1, 1, 1, 1, 1, 1, 1]
	152408	96394	73447	3	M	39	A		-1	1208.75982923	[1, 1, 1, 1, 1, 1, 1, 1, 1, 1, 1, 1]
	126456	96436	78403	3	M	40	A		-1	1208.87972492	[1, 1, 1, 1, 1, 1, 1, 1, 1, 1, 1, 1]
	186732	79830	45638	3	M	68	A		-1	1209.04933504	[0, 1, 1, 0, 1, 0, 1, 1, 1, 1, 1, 1]
	115809	40305	62348	2	M	85	A		-1	1209.67939255	[1, 1, 1, 1, 1, 1, 1, 1, 1, 1, 1, 1]
	126153	82491	98390	3	M	83	A		-1	1210.05024267	[1, 1, 1, 1, 1, 1, 1, 1, 1, 1, 1, 1]
	171280	114667	69227	3	M	54	A		-1	1210.74121562	[1, 1, 1, 1, 1, 1, 1, 1, 1, 1, 1, 0]
	194800	92385	79190	3	M	11	A		-1	1210.84718449	[1, 1, 1, 1, 1, 1, 1, 1, 1, 1, 1, 0]
	139680	112570	72156	3	M	9	A		-1	1211.3015314	[1, 1, 1, 1, 1, 1, 1, 1, 1, 1, 1, 1]
	187522	121875	121110	3	M	67	A		-1	1213.5324568	[1, 1, 1, 1, 1, 1, 1, 1, 1, 1, 1, 1]
	141190	115933	119848	3	M	57	A		-1	1213.93813744	[1, 1, 1, 1, 1, 1, 1, 1, 1, 1, 1, 1]
	139821	113720	95749	3	M	83	A		-1	1214.54313954	[1, 1, 1, 0, 1, 1, 1, 1, 1, 1, 1, 1]
	191832	82401	122020	3	M	86	A		-1	1214.88460316	[1, 1, 1, 1, 1, 1, 1, 1, 1, 1, 1, 1]
	158946	82383	84864	3	M	16	A		-1	1215.16114452	[1, 1, 1, 1, 1, 1, 1, 1, 1, 1, 1, 1]
	181006	118524	82997	3	M	10	A		-1	1216.29301515	[1, 1, 1, 1, 1, 1, 1, 1, 1, 1, 1, 1]
	140127	72366	79712	3	M	71	A		-1	1218.29124517	[1, 1, 1, 1, 1, 1, 1, 1, 1, 1, 1, 1]
	130915	90000	121363	3	M	80	A		-1	1218.91834829	[1, 1, 1, 0, 1, 1, 1, 1, 1, 1, 1, 1]
	138600	76539	74218	3	M	2	A		-1	1220.44853608	[1, 1, 1, 0, 1, 1, 1, 1, 1, 1, 1, 1]
	176320	101307	102142	3	M	99	A		-1	1222.51163823	[1, 1, 1, 1, 1, 1, 1, 1, 1, 1, 1, 1]
	157600	102078	52912	3	M	33	A		-1	1223.6442663	[1, 1, 0, 1, 1, 1, 1, 1, 1, 1, 1, 1]
	158885	48821	67706	3	M	22	A		-1	1225.08607391	[1, 1, 1, 1, 1, 1, 1, 1, 1, 1, 1, 1]
	188569	77882	115878	3	M	8	A		-1	1225.50716713	[1, 1, 1, 1, 1, 1, 1, 1, 1, 1, 1, 1]
	185680	104092	81211	3	M	40	A		-1	1225.69989116	[1, 1, 1, 1, 1, 1, 1, 1, 1, 1, 1, 1]
	167935	61124	71512	3	M	36	A		-1	1225.88403715	[1, 1, 1, 1, 1, 1, 1, 1, 1, 1, 1, 1]
	97606	37227	64094	2	M	7	A		-1	1227.12809517	[1, 1, 0, 1, 1, 1, 1, 1, 1, 1, 1, 1]
	175807	121211	107916	3	M	95	A		-1	1228.95512988	[1, 1, 1, 1, 1, 1, 1, 1, 1, 1, 1, 1]
	126058	85125	76404	3	M	99	A		-1	1229.28423165	[1, 0, 1, 0, 1, 1, 1, 1, 1, 1, 1, 1]
	190133	73610	79685	3	M	88	A		-1	1229.41163279	[0, 1, 1, 0, 1, 1, 1, 1, 1, 1, 1, 1]
	90943	44216	64431	2	M	55	A		-1	1229.60277346	[1, 1, 1, 0, 1, 1, 1, 1, 1, 1, 1, 1]
	140056	85537	94113	3	M	73	A		-1	1230.85232364	[1, 1, 0, 1, 1, 1, 1, 1, 1, 1, 1, 1]
	163772	106138	101150	3	M	56	A		-1	1231.03321915	[1, 1, 1, 1, 1, 1, 1, 1, 1, 1, 1, 0]
	190624	55310	103759	3	M	2	A		-1	1231.21122678	[1, 1, 1, 0, 1, 1, 1, 1, 1, 1, 1, 1]
	125145	114240	113665	3	M	92	A		-1	1231.45402756	[1, 1, 1, 1, 1, 1, 1, 1, 1, 1, 1, 1]
	175910	95454	104030	3	M	74	A		-1	1231.53416213	[1, 1, 1, 1, 1, 1, 1, 1, 1, 1, 1, 1]
	181500	35374	110938	3	M	79	A		-1	1231.53973553	[1, 1, 1, 1, 1, 1, 1, 1, 1, 1, 1, 1]
	140008	77882	41363	3	M	34	A		-1	1231.90962541	[1, 1, 1, 1, 1, 1, 1, 1, 1, 1, 1, 0]
	172532	63066	14912	3	M	57	A		-1	1231.94726347	[1, 1, 1, 1, 1, 1, 1, 1, 1, 1, 1, 1]
	130494	122615	103693	3	M	31	A		-1	1232.53720727	[1, 1, 0, 1, 1, 1, 1, 1, 1, 1, 1, 1]
	138516	80951	109907	3	M	98	A		-1	1234.26643881	[1, 1, 1, 1, 1, 1, 1, 1, 1, 1, 1, 1]
	160477	100354	11359	3	M	31	A		-1	1234.63646851	[1, 1, 1, 0, 1, 1, 1, 1, 1, 1, 1, 1]
	185491	92385	101949	3	M	46	A		-1	1234.83785581	[1, 1, 1, 1, 1, 1, 1, 1, 1, 1, 1, 1]
	153704	114606	87283	3	M	89	A		-1	1236.26670457	[1, 1, 1, 1, 1, 1, 1, 1, 1, 1, 1, 1]
	157175	103165	90285	3	M	19	A		-1	1236.89897136	[1, 1, 1, 1, 1, 0, 1, 1, 1, 1, 1, 1]
	150057	83027	56596	3	M	41	A		-1	1237.84948066	[1, 1, 1, 1, 1, 1, 1, 1, 1, 1, 1, 1]
	148017	75929	80661	3	M	25	A		-1	1240.10076387	[1, 1, 1, 0, 1, 1, 1, 1, 1, 1, 1, 1]
	128224	71794	94282	3	M	58	A		-1	1241.12739237	[1, 1, 1, 1, 1, 1, 1, 1, 1, 1, 1, 1]
	186643	76765	109875	3	M	93	A		-1	1241.23915184	[1, 1, 1, 1, 1, 1, 1, 1, 1, 1, 1, 0]
	160251	120274	102045	3	M	45	A		-1	1241.28844512	[1, 1, 1, 1, 1, 1, 1, 1, 1, 1, 1, 1]
	173572	110050	78381	3	M	84	A		-1	1241.71547538	[1, 1, 1, 1, 1, 1, 1, 1, 1, 1, 1, 1]
	167567	99672	107964	3	M	68	A		-1	1243.38830119	[1, 1, 1, 1, 1, 1, 1, 1, 1, 1, 1, 1]
	168124	81965	114840	3	M	13	A		-1	1244.34532421	[1, 1, 1, 1, 1, 1, 1, 0, 1, 1, 1, 1]
	173779	120811	87790	3	M	17	A		-1	1244.54121078	[1, 1, 1, 1, 1, 0, 1, 1, 1, 1, 1, 1]
	124801	75273	108256	3	M	9	A		-1	1244.96840514	[1, 1, 1, 1, 1, 1, 1, 1, 1, 1, 1, 1]
	185705	83161	121358	3	M	65	A		-1	1245.95323822	[1, 1, 0, 1, 1, 1, 1, 1, 1, 1, 1, 1]
	190288	90943	23955	3	M	49	A		-1	1246.01375508	[1, 1, 1, 0, 1, 1, 1, 1, 1, 1, 1, 1]
	143855	112570	83275	3	M	60	A		-1	1246.09762303	[1, 1, 1, 1, 1, 1, 1, 1, 1, 1, 1, 1]
	172920	102715	35666	3	M	59	A		-1	1249.95387147	[1, 1, 1, 1, 1, 1, 1, 1, 1, 1, 1, 0]
	130102	84077	87439	3	M	27	A		-1	1249.99034666	[1, 1, 1, 1, 1, 1, 1, 1, 1, 1, 1, 1]
	139760	76544	114298	3	M	23	A		-1	1250.73985283	[1, 1, 1, 1, 1, 1, 1, 1, 1, 1, 1, 1]
	158696	104092	96081	3	M	26	A		-1	1250.95957944	[1, 1, 1, 1, 1, 1, 1, 1, 1, 1, 1, 1]
	192356	114955	116592	3	M	6	A		-1	1252.93551586	[1, 1, 1, 1, 1, 1, 1, 1, 1, 1, 1, 1]
	140121	107020	111806	3	M	88	A		-1	1254.02609622	[1, 1, 1, 1, 1, 1, 1, 1, 1, 1, 1, 1]
	164771	86990	80166	3	M	82	A		-1	1254.03246791	[1, 1, 1, 1, 1, 1, 1, 1, 1, 1, 1, 1]
	124090	92700	86366	3	M	44	A		-1	1254.94442462	[1, 1, 1, 1, 1, 1, 1, 1, 1, 1, 1, 1]
	148768	73610	107255	3	M	90	A		-1	1255.2166691	[1, 1, 1, 0, 1, 1, 1, 1, 1, 1, 1, 1]
	188596	88789	105769	3	M	46	A		-1	1255.47244127	[1, 1, 1, 1, 1, 1, 1, 1, 1, 1, 1, 1]
	124092	93604	111387	3	M	90	A		-1	1255.53261109	[1, 1, 1, 1, 1, 1, 1, 1, 1, 1, 1, 1]
	154693	94094	114656	3	M	83	A		-1	1255.55214959	[1, 1, 1, 1, 1, 1, 1, 1, 1, 1, 1, 1]
	133763	115060	98374	3	M	48	A		-1	1256.37617369	[1, 1, 1, 1, 1, 1, 1, 1, 1, 1, 1, 1]
	135867	82101	74140	3	M	78	A		-1	1257.17608485	[1, 1, 1, 1, 1, 1, 1, 1, 1, 1, 0, 1]
	123513	82182	67350	3	M	70	A		-1	1257.7218695	[1, 1, 1, 1, 1, 1, 1, 1, 1, 1, 1, 0]
	159751	107388	74020	3	M	74	A		-1	1259.03013325	[1, 1, 1, 1, 1, 1, 1, 1, 1, 1, 1, 1]
	172154	79024	108478	3	M	43	A		-1	1260.57350794	[1, 1, 1, 0, 1, 1, 1, 1, 1, 1, 1, 1]
	135746	113880	55117	3	M	31	A		-1	1260.71317099	[1, 1, 1, 1, 1, 1, 1, 1, 1, 1, 1, 1]
	134496	71398	91155	3	M	90	A		-1	1262.81143835	[1, 1, 1, 1, 1, 1, 1, 1, 1, 1, 1, 1]
	159497	82151	109892	3	M	25	A		-1	1262.93608168	[1, 1, 1, 1, 1, 1, 1, 1, 1, 1, 1, 1]
	160880	111936	85182	3	M	71	A		-1	1263.12514624	[1, 1, 1, 1, 1, 1, 1, 1, 1, 1, 1, 1]
	135786	81451	90055	3	M	59	A		-1	1264.283434	[1, 1, 1, 1, 1, 1, 1, 1, 1, 1, 1, 0]
	186148	75878	112618	3	M	35	A		-1	1265.28970554	[1, 1, 1, 1, 1, 1, 1, 1, 1, 1, 1, 1]
	170763	91270	91120	3	M	1	A		-1	1265.42951538	[1, 1, 1, 1, 1, 1, 1, 1, 1, 1, 1, 1]
	183834	93604	107453	3	M	71	A		-1	1265.81832278	[1, 1, 1, 1, 1, 0, 1, 1, 1, 1, 1, 1]
	190554	83027	91988	3	M	61	A		-1	1266.0372196	[1, 1, 1, 1, 1, 1, 1, 1, 1, 1, 1, 1]
	145062	120704	85721	3	M	37	A		-1	1267.91795763	[1, 1, 1, 1, 1, 1, 1, 1, 1, 1, 1, 1]
	171698	81484	53399	3	M	78	A		-1	1268.88782359	[1, 1, 0, 1, 1, 1, 1, 1, 1, 1, 1, 1]
	148223	57008	88258	3	M	85	A		-1	1269.32120622	[1, 1, 1, 1, 1, 1, 1, 1, 1, 1, 1, 1]
	163525	89814	76954	3	M	12	A		-1	1269.93186263	[1, 1, 1, 1, 1, 1, 1, 1, 1, 1, 1, 1]
	168681	112664	71339	3	M	64	A		-1	1270.17111909	[1, 1, 1, 1, 1, 1, 1, 1, 1, 1, 1, 0]
	179885	102605	93192	3	M	9	A		-1	1270.61651507	[1, 1, 1, 0, 1, 1, 1, 1, 1, 1, 1, 1]
	174683	117096	27247	3	M	13	A		-1	1271.64937523	[1, 1, 1, 1, 1, 1, 1, 1, 1, 1, 1, 1]
	156506	84682	104810	3	M	98	A		-1	1272.61513802	[1, 1, 1, 1, 1, 1, 1, 1, 1, 1, 1, 1]
	133201	100253	92362	3	M	52	A		-1	1274.20520036	[0, 1, 1, 1, 1, 1, 1, 1, 1, 1, 1, 1]
	146273	120533	99314	3	M	93	A		-1	1274.31419413	[1, 1, 1, 1, 1, 1, 1, 1, 1, 1, 1, 1]
	75878	57403	45382	2	M	28	A		-1	1275.39214506	[1, 1, 1, 1, 1, 1, 1, 1, 1, 1, 1, 1]
	123589	102995	109896	3	M	40	A		-1	1275.53273887	[1, 1, 0, 1, 1, 1, 1, 1, 1, 1, 1, 1]
	186287	72555	68242	3	M	16	A		-1	1275.69068134	[1, 1, 1, 1, 1, 1, 1, 0, 1, 1, 1, 1]
	173361	111541	90237	3	M	6	A		-1	1276.6098098	[1, 1, 1, 1, 1, 1, 1, 1, 1, 1, 1, 1]
	166554	82401	104921	3	M	28	A		-1	1278.24849748	[1, 1, 1, 0, 1, 1, 1, 1, 1, 1, 1, 1]
	166132	75929	118803	3	M	31	A		-1	1279.62950319	[1, 1, 1, 1, 1, 1, 1, 1, 1, 1, 1, 1]
	137955	88736	116944	3	M	19	A		-1	1281.16325534	[1, 1, 1, 1, 1, 1, 1, 1, 1, 1, 1, 1]
	179635	71781	95927	3	M	6	A		-1	1281.4664555	[1, 1, 1, 1, 1, 1, 1, 1, 1, 1, 1, 1]
	190677	64276	101188	3	M	73	A		-1	1281.47611868	[0, 1, 1, 1, 1, 1, 1, 1, 1, 1, 1, 1]
	159629	93667	116034	3	M	74	A		-1	1284.33047277	[1, 1, 1, 1, 1, 1, 1, 1, 1, 1, 1, 1]
	128990	117873	8886	3	M	99	A		-1	1287.15605849	[1, 1, 1, 1, 1, 1, 1, 1, 1, 1, 1, 1]
	179989	76629	92031	3	M	66	A		-1	1288.9974288	[1, 1, 1, 1, 1, 1, 1, 1, 1, 1, 1, 1]
	152625	113295	78262	3	M	78	A		-1	1290.07733357	[1, 1, 1, 1, 1, 1, 1, 1, 1, 1, 1, 1]
	130788	103824	107885	3	M	39	A		-1	1290.61414472	[1, 1, 1, 1, 1, 1, 1, 1, 1, 1, 1, 1]
	141773	75582	107246	3	M	24	A		-1	1294.64186343	[1, 1, 1, 1, 1, 1, 1, 1, 1, 1, 1, 0]
	154490	97753	77566	3	M	2	A		-1	1295.33012903	[1, 0, 1, 1, 1, 1, 1, 1, 1, 1, 1, 0]
	177710	108170	83637	3	M	80	A		-1	1296.26091551	[1, 1, 1, 1, 1, 1, 1, 1, 1, 1, 1, 1]
	194786	120811	79403	3	M	62	A		-1	1296.68915181	[1, 1, 1, 1, 1, 1, 1, 1, 1, 1, 1, 1]
	146356	77199	72642	3	M	1	A		-1	1298.62554041	[1, 1, 1, 1, 1, 1, 1, 1, 1, 1, 1, 1]
	163622	110870	76823	3	M	83	A		-1	1298.65151504	[1, 0, 1, 1, 1, 1, 1, 1, 1, 1, 1, 1]
	159766	82048	75848	3	M	1	A		-1	1299.38172237	[1, 1, 1, 1, 1, 1, 1, 1, 1, 1, 1, 1]
	179266	116043	59639	3	M	51	A		-1	1300.19273159	[1, 1, 1, 0, 1, 1, 1, 1, 1, 1, 1, 1]
	193352	118455	72813	3	M	37	A		-1	1300.72943903	[1, 1, 1, 1, 1, 1, 1, 1, 1, 1, 1, 1]
	187102	120533	95837	3	M	95	A		-1	1302.08397727	[1, 1, 1, 1, 1, 1, 1, 1, 1, 1, 1, 1]
	146613	77199	38756	3	M	45	A		-1	1302.24929589	[1, 1, 1, 1, 1, 1, 1, 1, 1, 1, 1, 1]
	191851	85348	91834	3	M	92	A		-1	1303.14527293	[1, 0, 1, 1, 1, 1, 1, 1, 1, 1, 1, 1]
	182997	98029	103531	3	M	28	A		-1	1303.77295908	[1, 0, 1, 1, 1, 1, 1, 1, 1, 1, 0, 1]
	181456	77078	47154	3	M	83	A		-1	1305.65316596	[1, 1, 1, 1, 1, 1, 1, 1, 1, 1, 1, 1]
	133322	112119	109727	3	M	86	A		-1	1311.38905943	[1, 1, 1, 1, 1, 1, 1, 1, 1, 1, 1, 1]
	162597	121188	101035	3	M	42	A		-1	1312.69857442	[0, 1, 1, 1, 1, 1, 1, 1, 1, 1, 1, 1]
	155225	109808	87695	3	M	71	A		-1	1315.52585046	[1, 1, 1, 1, 1, 1, 1, 1, 1, 1, 1, 1]
	185979	70994	93586	3	M	54	A		-1	1315.71540009	[1, 1, 1, 1, 1, 1, 1, 1, 1, 1, 1, 1]
	190178	75360	121937	3	M	60	A		-1	1321.31991462	[1, 1, 1, 1, 1, 0, 1, 1, 1, 1, 1, 1]
	185769	75878	43597	3	M	70	A		-1	1322.69299444	[1, 1, 1, 1, 1, 1, 1, 1, 1, 1, 1, 1]
	157714	84727	97000	3	M	10	A		-1	1324.08156751	[1, 1, 1, 1, 1, 1, 1, 1, 1, 1, 1, 0]
	160384	97023	69928	3	M	89	A		-1	1325.54219911	[1, 1, 1, 1, 1, 1, 1, 1, 1, 1, 1, 0]
	171386	55310	76561	3	M	25	A		-1	1328.21297836	[1, 1, 1, 1, 1, 1, 1, 1, 1, 1, 1, 1]
	190414	82902	116830	3	M	42	A		-1	1330.29182528	[1, 1, 1, 1, 1, 1, 1, 1, 1, 1, 1, 1]
	167239	60739	101749	3	M	81	A		-1	1334.34370832	[1, 0, 1, 1, 1, 1, 1, 1, 1, 1, 1, 1]
	185301	110937	91901	3	M	34	A		-1	1336.57869603	[1, 1, 1, 1, 1, 0, 1, 1, 1, 1, 1, 1]
	155685	121211	97046	3	M	11	A		-1	1336.83762311	[1, 1, 1, 1, 1, 1, 1, 1, 1, 1, 1, 1]
	183169	84615	70814	3	M	85	A		-1	1337.38480536	[1, 1, 1, 1, 1, 1, 1, 1, 1, 1, 1, 1]
	188770	51429	99693	3	M	34	A		-1	1339.79915217	[1, 1, 1, 1, 1, 1, 1, 1, 1, 1, 1, 1]
	176580	84727	97024	3	M	48	A		-1	1342.91928864	[1, 1, 1, 1, 1, 1, 1, 1, 1, 1, 1, 1]
	127025	107407	91018	3	M	56	A		-1	1344.95239966	[1, 1, 1, 1, 1, 1, 1, 1, 1, 1, 1, 1]
	144600	88383	100062	3	M	39	A		-1	1345.16109052	[1, 1, 1, 1, 1, 1, 1, 1, 1, 1, 1, 1]
	135996	108614	104782	3	M	13	A		-1	1347.48784627	[1, 1, 0, 1, 1, 1, 1, 1, 1, 1, 1, 1]
	176751	95454	75256	3	M	44	A		-1	1347.82292777	[1, 1, 1, 1, 1, 1, 1, 1, 1, 1, 1, 1]
	150331	83882	66685	3	M	24	A		-1	1348.26187772	[1, 1, 1, 1, 1, 1, 1, 1, 1, 1, 1, 1]
	180433	114955	48704	3	M	8	A		-1	1348.43529931	[1, 1, 1, 0, 1, 1, 1, 1, 1, 1, 1, 1]
	167743	89144	102081	3	M	72	A		-1	1349.66062763	[1, 1, 1, 1, 1, 1, 1, 1, 1, 1, 1, 1]
	132496	121211	110252	3	M	43	A		-1	1349.96840755	[1, 1, 1, 0, 1, 1, 1, 1, 1, 1, 1, 1]
	139384	77339	122928	3	M	68	A		-1	1350.98835852	[1, 1, 1, 1, 1, 1, 1, 1, 1, 1, 1, 1]
	149054	84682	56738	3	M	55	A		-1	1351.73612336	[1, 1, 1, 1, 1, 1, 1, 1, 1, 1, 1, 1]
	174748	79457	96353	3	M	24	A		-1	1357.1819232	[1, 1, 1, 1, 1, 1, 1, 1, 1, 1, 1, 1]
	182564	119763	73031	3	M	30	A		-1	1359.81898792	[1, 1, 1, 1, 1, 1, 1, 1, 1, 1, 1, 1]
	162086	111246	70757	3	M	39	A		-1	1362.34420271	[1, 1, 1, 1, 1, 1, 1, 1, 1, 1, 1, 1]
	135934	91799	82320	3	M	46	A		-1	1363.66990014	[1, 1, 1, 1, 1, 1, 1, 1, 1, 1, 1, 1]
	164258	110417	13021	3	M	13	A		-1	1363.84008021	[1, 1, 1, 1, 1, 1, 1, 1, 1, 1, 1, 1]
	129287	118299	100226	3	M	89	A		-1	1374.40273009	[1, 1, 1, 0, 1, 1, 1, 1, 1, 1, 1, 1]
	150866	94742	94455	3	M	79	A		-1	1375.36543402	[1, 1, 1, 1, 1, 1, 1, 1, 1, 1, 1, 1]
	183135	109651	85259	3	M	67	A		-1	1375.5768559	[1, 1, 1, 1, 1, 1, 1, 1, 1, 1, 1, 1]
	143017	91480	59134	3	M	72	A		-1	1376.57669604	[1, 1, 1, 1, 1, 1, 1, 1, 1, 1, 1, 1]
	131544	93456	99278	3	M	62	A		-1	1380.11982573	[1, 1, 1, 1, 1, 1, 1, 1, 1, 1, 1, 1]
	139117	120274	17889	3	M	60	A		-1	1382.96889292	[1, 1, 0, 1, 1, 1, 1, 1, 1, 1, 1, 0]
	182278	64276	79889	3	M	21	A		-1	1402.43745548	[0, 1, 1, 1, 1, 1, 1, 1, 1, 1, 1, 1]
	185066	117124	87661	3	M	87	A		-1	1402.86144486	[1, 1, 1, 1, 1, 1, 1, 1, 1, 1, 1, 1]
	187932	77199	75658	3	M	61	A		-1	1408.2335393	[1, 1, 1, 1, 1, 1, 1, 1, 1, 1, 1, 1]
	153910	76765	118054	3	M	27	A		-1	1416.133392	[1, 1, 1, 1, 1, 1, 1, 1, 1, 1, 1, 1]
	163652	60739	92686	3	M	41	A		-1	1417.61533881	[1, 1, 1, 1, 1, 1, 1, 1, 1, 1, 1, 1]
	181778	101005	98058	3	M	39	A		-1	1420.84837698	[1, 1, 0, 1, 1, 1, 1, 1, 1, 1, 1, 1]
	151767	120274	111819	3	M	78	A		-1	1421.10537451	[1, 1, 0, 1, 1, 1, 1, 1, 1, 1, 1, 0]
	153130	93604	7132	3	M	88	A		-1	1431.19970438	[1, 1, 1, 1, 1, 1, 1, 1, 1, 1, 1, 1]
	124887	122235	97161	3	M	45	A		-1	1431.73262022	[1, 1, 1, 1, 1, 1, 1, 1, 1, 1, 1, 1]
	136328	78745	86535	3	M	16	A		-1	1432.67520872	[1, 1, 1, 1, 1, 1, 1, 1, 1, 1, 1, 1]
	124363	82383	71351	3	M	89	A		-1	1433.35223613	[1, 1, 1, 1, 1, 1, 1, 1, 1, 1, 1, 1]
	181781	61124	121146	3	M	38	A		-1	1492.01723926	[1, 1, 0, 1, 1, 1, 1, 1, 1, 1, 1, 1]
	168079	82905	118452	3	M	36	A		-1	1566.96454345	[1, 1, 1, 1, 1, 1, 1, 1, 1, 1, 1, -1]
