animal	sire	dam	born	sex	herd	status	cause	died	TBV	recessives
	779922	656516	607381	9	M	51	A		-1	3157.63004584	[1, 1, 1, 1, 1, 1, 1, 1, 1, 1, 1, 1]
	723761	668020	429897	9	M	58	A		-1	3157.9590544	[1, 1, 1, 1, 1, 1, 1, 1, 1, 1, 1, 1]
	787644	595780	670862	9	M	38	A		-1	3158.29387522	[1, 1, 1, 1, 1, 1, 1, 1, 1, 1, 1, 1]
	748402	691044	595230	9	M	41	A		-1	3158.8683472	[1, 1, 1, 1, 1, 1, 1, 1, 1, 1, 1, 1]
	778155	691044	685473	9	M	45	A		-1	3158.99341642	[1, 1, 1, 0, 1, 1, 1, 1, 1, 1, 1, 1]
	727209	691044	620035	9	M	44	A		-1	3159.42863015	[1, 1, 1, 1, 1, 1, 1, 1, 1, 1, 1, 1]
	764784	595780	647011	9	M	96	A		-1	3159.43268788	[1, 1, 1, 1, 1, 1, 1, 1, 1, 1, 1, 1]
	744966	661786	679793	9	M	99	A		-1	3159.50639033	[1, 1, 1, 1, 1, 1, 1, 1, 1, 1, 1, 1]
	715054	646035	618119	9	M	28	A		-1	3159.54019786	[1, 1, 1, 1, 1, 1, 1, 0, 1, 1, 1, 1]
	723326	640911	465798	9	M	95	A		-1	3159.8582263	[1, 1, 1, 1, 1, 1, 1, 1, 1, 1, 1, 1]
	703608	677163	647927	9	M	15	A		-1	3160.04130946	[1, 1, 1, 1, 1, 1, 0, 1, 1, 1, 1, 1]
	739063	594534	667657	9	M	34	A		-1	3160.33749335	[1, 1, 1, 0, 1, 1, 0, 1, 1, 1, 1, 1]
	736074	629458	684037	9	M	64	A		-1	3160.44810482	[1, 1, 1, 1, 1, 1, 1, 1, 1, 1, 1, 1]
	717242	641538	634364	9	M	0	A		-1	3160.59836292	[1, 1, 1, 1, 1, 1, 1, 1, 1, 1, 1, 1]
	758908	641538	659444	9	M	26	A		-1	3160.6460314	[0, 1, 1, 1, 1, 1, 1, 1, 1, 1, 1, 1]
	754851	608750	688683	9	M	36	A		-1	3160.85865371	[1, 1, 1, 1, 1, 1, 1, 1, 1, 1, 1, 1]
	704068	594350	666247	9	M	35	A		-1	3160.89588542	[1, 1, 1, 1, 1, 1, 1, 1, 1, 1, 1, 1]
	731392	619447	600368	9	M	29	A		-1	3161.01267692	[1, 1, 1, 1, 1, 1, 1, 1, 1, 1, 1, 1]
	733962	677163	511438	9	M	78	A		-1	3161.40379165	[1, 1, 1, 1, 1, 1, 1, 1, 1, 1, 1, 1]
	757901	619447	686958	9	M	68	A		-1	3161.51628236	[1, 1, 1, 1, 1, 1, 1, 1, 1, 1, 1, 1]
	712422	669905	412642	9	M	98	A		-1	3162.68137605	[1, 0, 1, 1, 1, 1, 1, 1, 1, 1, 1, 1]
	789765	645630	508039	9	M	12	A		-1	3162.8144595	[1, 1, 1, 1, 1, 1, 1, 0, 1, 1, 1, 1]
	766395	594350	595227	9	M	13	A		-1	3162.83043859	[1, 1, 1, 1, 1, 1, 1, 1, 1, 1, 1, 1]
	793186	595221	618899	9	M	94	A		-1	3162.98381488	[1, 1, 1, 1, 1, 1, 1, 1, 1, 1, 1, 1]
	771926	626089	561932	9	M	38	A		-1	3163.05759926	[1, 1, 1, 1, 1, 0, 1, 1, 1, 1, 1, 1]
	709077	625291	540913	9	M	81	A		-1	3163.1036047	[1, 1, 1, 1, 1, 1, 1, 1, 1, 1, 1, 1]
	754637	634563	639223	9	M	86	A		-1	3163.44460681	[1, 1, 1, 1, 1, 1, 1, 1, 1, 1, 1, 1]
	773230	622289	661026	9	M	68	A		-1	3163.76816953	[1, 1, 1, 1, 1, 1, 1, 1, 1, 1, 1, 1]
	711135	613997	621793	9	M	65	A		-1	3163.98792434	[1, 1, 1, 1, 1, 1, 1, 1, 1, 1, 1, 1]
	792456	625291	655313	9	M	48	A		-1	3164.12186093	[1, 1, 1, 1, 1, 1, 1, 0, 1, 1, 1, 1]
	787266	632418	686213	9	M	7	A		-1	3164.75314226	[1, 1, 1, 1, 1, 0, 1, 1, 1, 1, 1, 1]
	756176	668020	655401	9	M	63	A		-1	3164.95690787	[1, 1, 1, 1, 1, 1, 1, 1, 1, 1, 1, 1]
	728403	646035	619967	9	M	53	A		-1	3165.13768602	[1, 1, 1, 1, 1, 1, 1, 0, 1, 1, 1, 1]
	788916	660243	637572	9	M	59	A		-1	3165.44273372	[1, 1, 1, 1, 1, 1, 1, 1, 1, 1, 1, 1]
	715574	613997	523169	9	M	56	A		-1	3166.40479532	[1, 1, 1, 1, 1, 1, 1, 1, 1, 1, 1, 1]
	729783	612959	676096	9	M	3	A		-1	3166.44199189	[1, 1, 1, 1, 1, 1, 1, 1, 1, 1, 1, 1]
	770809	669905	629425	9	M	80	A		-1	3166.58023944	[1, 1, 1, 1, 1, 1, 1, 1, 1, 1, 1, 1]
	764674	622367	665329	9	M	4	A		-1	3167.12700876	[1, 1, 1, 1, 1, 1, 1, 1, 1, 1, 1, 1]
	743290	691044	607792	9	M	59	A		-1	3167.15332494	[1, 1, 1, 1, 1, 1, 1, 1, 1, 1, 1, 1]
	721060	511280	567434	9	M	54	A		-1	3167.20067918	[1, 1, 1, 1, 1, 1, 1, 1, 1, 1, 1, 1]
	747437	634563	616075	9	M	68	A		-1	3167.63810888	[1, 1, 1, 1, 1, 1, 1, 1, 1, 1, 1, 1]
	745794	686659	650841	9	M	61	A		-1	3167.76073216	[1, 1, 1, 1, 1, 1, 1, 1, 1, 1, 1, 1]
	639790	592092	593621	8	M	46	A		-1	3168.30320828	[1, 1, 1, 1, 1, 1, 1, 1, 1, 1, 1, 1]
	695508	646630	674308	9	M	12	A		-1	3168.82483504	[1, 1, 1, 1, 1, 1, 1, 1, 1, 1, 1, 1]
	736132	689297	654338	9	M	18	A		-1	3168.84389653	[1, 1, 1, 1, 1, 1, 1, 1, 1, 1, 1, 1]
	784880	639790	604804	9	M	64	A		-1	3169.44259188	[1, 1, 1, 1, 1, 1, 1, 1, 1, 1, 1, 1]
	768037	668444	594175	9	M	99	A		-1	3169.53424094	[1, 1, 1, 1, 1, 1, 1, 1, 1, 1, 1, 1]
	744398	619447	634820	9	M	26	A		-1	3169.5715175	[1, 1, 1, 1, 1, 1, 1, 1, 1, 1, 1, 1]
	691044	526560	574106	8	M	91	A		-1	3169.81599067	[1, 1, 1, 0, 1, 1, 1, 1, 1, 1, 1, 1]
	779055	607816	620440	9	M	51	A		-1	3169.87715332	[1, 1, 1, 1, 1, 1, 1, 1, 1, 1, 1, 1]
	782833	668020	567828	9	M	99	A		-1	3170.01523553	[1, 1, 1, 1, 1, 1, 1, 1, 1, 1, 1, 1]
	696722	673236	615725	9	M	36	A		-1	3170.09033937	[1, 1, 1, 1, 1, 1, 1, 1, 1, 1, 1, 1]
	780480	668020	651501	9	M	50	A		-1	3170.26267534	[1, 1, 1, 1, 1, 1, 1, 1, 1, 1, 1, 1]
	747686	629458	497974	9	M	94	A		-1	3170.4325618	[1, 1, 1, 1, 1, 1, 1, 1, 1, 1, 1, 1]
	718521	645630	689028	9	M	34	A		-1	3170.48660321	[1, 1, 1, 1, 1, 1, 1, 1, 1, 1, 1, 1]
	783731	668444	626032	9	M	69	A		-1	3170.96909706	[1, 1, 0, 1, 1, 1, 1, 1, 1, 1, 1, 1]
	780810	622367	671156	9	M	55	A		-1	3171.06005351	[1, 1, 1, 1, 1, 1, 1, 1, 1, 1, 1, 1]
	718792	669649	634357	9	M	31	A		-1	3171.16467375	[1, 1, 1, 1, 1, 1, 1, 1, 1, 1, 1, 1]
	758436	691044	618890	9	M	37	A		-1	3171.67440419	[1, 1, 1, 1, 1, 1, 1, 1, 1, 1, 1, 1]
	778748	613997	686917	9	M	77	A		-1	3171.78498722	[1, 1, 1, 1, 1, 1, 1, 1, 1, 1, 1, 1]
	695774	656609	646095	9	M	98	A		-1	3171.92705634	[1, 1, 1, 1, 0, 1, 1, 1, 1, 1, 1, 0]
	772124	628697	611573	9	M	99	A		-1	3171.97240749	[1, 1, 1, 1, 1, 1, 1, 1, 1, 1, 1, 1]
	780591	675581	662928	9	M	63	A		-1	3172.38358137	[1, 1, 1, 1, 1, 1, 1, 1, 1, 1, 1, 1]
	740184	615809	647356	9	M	22	A		-1	3172.4525855	[1, 1, 1, 1, 1, 1, 1, 1, 1, 1, 1, 1]
	788281	668444	586500	9	M	2	A		-1	3172.49834947	[1, 0, 1, 1, 1, 1, 1, 1, 1, 1, 1, 1]
	792601	613997	628710	9	M	100	A		-1	3172.54409705	[1, 1, 1, 1, 1, 1, 1, 1, 1, 1, 1, 1]
	780681	689297	662879	9	M	4	A		-1	3172.63546849	[1, 1, 1, 1, 1, 1, 1, 1, 1, 1, 1, 1]
	772872	607816	593410	9	M	93	A		-1	3172.83907507	[1, 1, 1, 1, 1, 1, 1, 1, 1, 1, 1, 1]
	732373	644229	682436	9	M	20	A		-1	3172.92068044	[1, 0, 1, 1, 1, 1, 1, 1, 1, 1, 1, 1]
	750874	634563	437961	9	M	30	A		-1	3173.07499572	[1, 0, 1, 1, 1, 1, 1, 1, 1, 1, 1, 1]
	775375	672243	646612	9	M	41	A		-1	3173.44316401	[1, 1, 1, 1, 1, 1, 1, 1, 1, 1, 1, 1]
	700552	626089	614756	9	M	81	A		-1	3173.45178112	[1, 1, 1, 1, 1, 1, 1, 1, 1, 1, 1, 1]
	761533	612959	527887	9	M	43	A		-1	3173.49105387	[1, 1, 1, 1, 1, 0, 1, 1, 1, 1, 1, 1]
	764478	665254	609774	9	M	72	A		-1	3173.72047562	[1, 1, 1, 1, 1, 1, 1, 1, 1, 1, 1, 1]
	712628	660243	428247	9	M	55	A		-1	3173.74579352	[1, 1, 1, 1, 1, 1, 1, 1, 1, 1, 1, 1]
	696431	646630	507672	9	M	64	A		-1	3173.99017436	[1, 1, 1, 1, 1, 1, 1, 1, 1, 1, 1, 1]
	660243	561516	399070	8	M	3	A		-1	3174.08262609	[1, 1, 1, 1, 1, 1, 1, 1, 1, 1, 1, 1]
	762666	641538	657217	9	M	13	A		-1	3174.15366284	[1, 1, 1, 1, 1, 1, 1, 1, 1, 1, 1, 1]
	708826	639790	584564	9	M	90	A		-1	3174.35316643	[1, 1, 1, 1, 1, 1, 1, 1, 1, 1, 1, 1]
	777016	675581	568846	9	M	52	A		-1	3174.6297617	[1, 1, 1, 1, 1, 1, 1, 1, 1, 1, 1, 1]
	735402	615809	605088	9	M	77	A		-1	3175.35514319	[1, 1, 1, 1, 1, 1, 1, 1, 1, 1, 1, 1]
	725062	612959	630282	9	M	58	A		-1	3175.8931	[1, 1, 1, 1, 1, 1, 1, 1, 1, 1, 1, 1]
	761477	607816	505191	9	M	91	A		-1	3176.5784131	[1, 1, 1, 1, 1, 1, 1, 1, 1, 1, 1, 1]
	729248	644229	665707	9	M	9	A		-1	3176.63465874	[1, 1, 1, 1, 1, 1, 1, 1, 1, 1, 1, 1]
	716811	668020	673682	9	M	92	A		-1	3176.7849275	[1, 1, 1, 1, 0, 1, 1, 1, 1, 1, 1, 1]
	743656	645630	660863	9	M	82	A		-1	3177.01804924	[1, 1, 1, 1, 1, 1, 0, 1, 1, 1, 1, 1]
	766825	634026	669389	9	M	49	A		-1	3177.03341065	[1, 1, 1, 1, 1, 1, 1, 1, 1, 1, 1, 1]
	734662	665254	628050	9	M	78	A		-1	3177.07007969	[1, 1, 1, 1, 1, 1, 1, 1, 1, 1, 1, 1]
	772082	639790	652298	9	M	50	A		-1	3177.1185578	[1, 1, 1, 1, 1, 1, 1, 1, 1, 1, 1, 1]
	752310	656609	540676	9	M	27	A		-1	3177.39525017	[1, 1, 1, 1, 1, 1, 1, 1, 1, 1, 1, 0]
	697207	612959	611779	9	M	22	A		-1	3178.06024059	[1, 1, 1, 1, 1, 1, 1, 1, 1, 1, 1, 1]
	716613	654077	658322	9	M	55	A		-1	3178.14255743	[1, 1, 1, 1, 1, 1, 1, 1, 1, 1, 1, 1]
	792331	673236	599394	9	M	38	A		-1	3178.27844043	[1, 1, 1, 1, 1, 1, 1, 1, 1, 1, 1, 1]
	792565	646035	681105	9	M	91	A		-1	3178.37706397	[1, 0, 1, 1, 1, 1, 1, 0, 1, 1, 1, 1]
	669649	499889	517467	8	M	69	A		-1	3178.43673767	[1, 1, 1, 1, 1, 1, 1, 1, 1, 1, 1, 1]
	739079	608750	582966	9	M	86	A		-1	3178.644887	[0, 1, 1, 0, 1, 1, 1, 1, 1, 1, 1, 1]
	761128	642007	512438	9	M	6	A		-1	3178.66398104	[1, 1, 1, 1, 1, 1, 1, 1, 1, 1, 1, 1]
	727578	642669	638417	9	M	64	A		-1	3178.87655415	[1, 1, 1, 1, 1, 1, 1, 1, 1, 1, 1, 1]
	788330	615809	608876	9	M	21	A		-1	3179.3613305	[1, 1, 1, 1, 1, 1, 1, 1, 1, 1, 1, 1]
	729260	608750	632744	9	M	37	A		-1	3179.50038303	[1, 1, 1, 1, 1, 1, 1, 1, 1, 1, 1, 1]
	735589	595221	595562	9	M	21	A		-1	3179.53874738	[1, 1, 1, 1, 1, 1, 1, 1, 1, 1, 1, 1]
	714294	646035	688515	9	M	16	A		-1	3179.65018138	[1, 1, 1, 1, 1, 1, 1, 1, 1, 1, 1, 1]
	709380	642007	656579	9	M	63	A		-1	3179.68617693	[1, 1, 1, 1, 1, 1, 1, 1, 1, 1, 1, 1]
	702403	672243	660521	9	M	94	A		-1	3179.77321358	[1, 1, 1, 1, 1, 1, 1, 1, 1, 1, 1, 1]
	694070	615809	681117	9	M	86	A		-1	3180.0076263	[1, 1, 1, 1, 1, 1, 1, 1, 1, 1, 1, 1]
	725132	622289	667266	9	M	73	A		-1	3180.52959496	[1, 1, 1, 1, 1, 1, 1, 1, 1, 1, 1, 1]
	784221	615809	604165	9	M	92	A		-1	3180.62106893	[1, 1, 1, 1, 1, 1, 1, 1, 1, 1, 1, 1]
	785452	642007	669208	9	M	52	A		-1	3180.6913362	[1, 1, 1, 1, 1, 1, 1, 1, 1, 1, 1, 1]
	762196	613997	601132	9	M	43	A		-1	3180.75073582	[1, 1, 1, 1, 1, 1, 1, 1, 1, 1, 1, 1]
	757415	646630	583674	9	M	22	A		-1	3180.88781966	[1, 1, 1, 0, 1, 1, 1, 1, 1, 1, 1, 1]
	713625	642669	530645	9	M	9	A		-1	3181.46642512	[1, 1, 1, 1, 1, 1, 1, 1, 1, 1, 1, 1]
	694806	626089	670192	9	M	12	A		-1	3182.02839226	[1, 1, 1, 1, 1, 1, 1, 1, 1, 1, 1, 1]
	751964	639790	660004	9	M	36	A		-1	3182.03776787	[1, 1, 1, 1, 1, 1, 1, 1, 1, 1, 1, 1]
	717046	632418	666322	9	M	36	A		-1	3182.14607282	[1, 1, 1, 1, 1, 1, 1, 1, 1, 1, 1, 1]
	729108	594350	543437	9	M	61	A		-1	3182.32691824	[1, 1, 1, 1, 1, 1, 1, 1, 1, 1, 1, 1]
	754349	669649	644552	9	M	61	A		-1	3182.54268604	[1, 1, 1, 1, 1, 1, 1, 1, 1, 1, 1, 1]
	737058	634563	600219	9	M	39	A		-1	3182.5436689	[1, 1, 1, 1, 1, 1, 1, 1, 1, 1, 1, 1]
	784362	595780	644287	9	M	57	A		-1	3182.8055595	[1, 1, 1, 1, 1, 1, 1, 1, 1, 1, 1, 1]
	717971	672243	664117	9	M	59	A		-1	3182.8990647	[1, 1, 1, 1, 1, 1, 1, 1, 1, 1, 1, 1]
	700681	669905	635359	9	M	52	A		-1	3183.07906665	[1, 1, 1, 1, 1, 1, 1, 1, 1, 1, 1, 1]
	704599	613997	617886	9	M	52	A		-1	3183.25472698	[1, 1, 1, 1, 1, 1, 1, 1, 1, 1, 1, 1]
	767453	672243	659846	9	M	29	A		-1	3183.44298155	[1, 1, 1, 1, 1, 1, 1, 1, 1, 1, 1, 1]
	771575	619447	671961	9	M	46	A		-1	3183.75205948	[1, 1, 1, 1, 1, 1, 1, 1, 1, 1, 1, 1]
	726717	613754	677913	9	M	27	A		-1	3184.01689607	[1, 1, 1, 1, 1, 1, 1, 1, 1, 1, 1, 1]
	695422	693142	523048	9	M	97	A		-1	3184.06205476	[1, 1, 1, 1, 1, 0, 1, 1, 1, 1, 1, 1]
	766022	629458	613487	9	M	66	A		-1	3184.29806649	[1, 1, 1, 1, 1, 1, 1, 1, 1, 1, 1, 1]
	694277	646035	669851	9	M	56	A		-1	3184.40739609	[1, 1, 1, 1, 1, 1, 1, 0, 1, 1, 1, 1]
	734832	668020	593828	9	M	38	A		-1	3184.61995905	[1, 1, 1, 1, 1, 1, 1, 1, 1, 1, 1, 1]
	723040	665254	649609	9	M	81	A		-1	3185.06472105	[1, 1, 1, 1, 1, 1, 1, 1, 1, 1, 1, 1]
	780408	665254	579695	9	M	4	A		-1	3185.21452149	[1, 1, 1, 1, 1, 1, 1, 1, 1, 1, 1, 1]
	757509	595780	647586	9	M	66	A		-1	3185.90778971	[1, 1, 1, 1, 1, 1, 1, 1, 1, 1, 1, 1]
	731968	672243	598520	9	M	83	A		-1	3185.95550089	[1, 1, 1, 1, 1, 1, 1, 1, 1, 1, 1, 1]
	595780	592033	531306	8	M	6	A		-1	3186.32716435	[1, 1, 1, 1, 1, 1, 1, 1, 1, 1, 1, 1]
	768016	686659	620727	9	M	24	A		-1	3186.50617591	[1, 1, 1, 1, 1, 1, 1, 1, 1, 1, 1, 1]
	709099	672243	512871	9	M	22	A		-1	3187.18765325	[1, 1, 1, 1, 1, 1, 1, 1, 1, 1, 1, 1]
	741019	665254	560253	9	M	20	A		-1	3187.3046988	[1, 1, 1, 1, 1, 1, 1, 1, 1, 1, 1, 1]
	701087	639790	647670	9	M	56	A		-1	3187.36756607	[1, 1, 1, 1, 1, 1, 1, 1, 1, 1, 1, 1]
	709713	634026	636881	9	M	12	A		-1	3187.86444548	[1, 1, 1, 1, 1, 1, 1, 1, 1, 1, 1, 1]
	730341	672243	572154	9	M	85	A		-1	3188.24161295	[1, 1, 1, 1, 1, 1, 1, 1, 1, 1, 1, 1]
	766038	615809	653914	9	M	89	A		-1	3188.68136461	[1, 1, 1, 1, 1, 1, 1, 1, 1, 1, 1, 1]
	705007	640911	607896	9	M	38	A		-1	3188.69020496	[1, 1, 1, 1, 1, 1, 1, 1, 1, 1, 1, 1]
	716514	668444	656234	9	M	61	A		-1	3188.76551722	[1, 0, 1, 1, 1, 1, 1, 1, 1, 1, 1, 1]
	749688	639790	668488	9	M	52	A		-1	3188.8928155	[1, 1, 1, 1, 1, 1, 1, 1, 1, 1, 1, 1]
	712408	646035	663358	9	M	22	A		-1	3189.28164598	[1, 1, 1, 1, 1, 1, 1, 0, 1, 1, 1, 1]
	731758	644229	612211	9	M	75	A		-1	3190.05429468	[1, 1, 1, 1, 1, 1, 0, 1, 1, 1, 1, 1]
	714504	669905	577581	9	M	50	A		-1	3190.28196635	[0, 1, 1, 1, 1, 1, 1, 1, 1, 1, 1, 1]
	738486	668020	688839	9	M	10	A		-1	3190.37108985	[1, 1, 1, 1, 1, 1, 1, 1, 1, 1, 1, 1]
	734048	644229	647858	9	M	55	A		-1	3190.70168547	[1, 1, 1, 1, 1, 1, 1, 1, 1, 1, 1, 1]
	646630	531708	525064	8	M	22	A		-1	3190.73519859	[1, 1, 0, 1, 1, 1, 1, 1, 1, 1, 1, 1]
	739131	622367	625900	9	M	54	A		-1	3190.89151407	[1, 1, 1, 1, 1, 1, 1, 1, 1, 1, 1, 1]
	767378	646035	601523	9	M	64	A		-1	3191.24922125	[1, 1, 1, 1, 1, 1, 1, 1, 1, 1, 1, 1]
	755874	646630	616717	9	M	51	A		-1	3191.72452288	[1, 1, 0, 1, 1, 1, 1, 1, 1, 1, 1, 1]
	756274	640911	594663	9	M	36	A		-1	3191.78692823	[1, 1, 0, 1, 1, 1, 1, 1, 1, 1, 1, 1]
	743565	661786	649294	9	M	50	A		-1	3192.0363224	[1, 1, 1, 1, 1, 1, 1, 1, 1, 1, 1, 1]
	767712	613754	641086	9	M	44	A		-1	3193.03508088	[1, 1, 1, 0, 1, 1, 1, 1, 1, 1, 1, 1]
	777032	642007	522014	9	M	81	A		-1	3193.18696977	[1, 1, 1, 1, 1, 1, 1, 1, 1, 1, 1, 1]
	757022	691044	519634	9	M	70	A		-1	3193.28723699	[1, 1, 1, 1, 1, 1, 1, 1, 1, 1, 1, 1]
	733712	613997	677101	9	M	53	A		-1	3193.65973735	[1, 1, 1, 1, 1, 1, 1, 1, 1, 1, 1, 1]
	711295	654077	672187	9	M	15	A		-1	3193.91045179	[1, 1, 1, 1, 1, 1, 1, 1, 1, 1, 1, 1]
	739612	654077	594833	9	M	34	A		-1	3194.15287347	[1, 1, 1, 1, 1, 1, 1, 1, 1, 1, 1, 1]
	707841	641538	636595	9	M	43	A		-1	3194.47941197	[1, 1, 1, 1, 1, 1, 1, 1, 1, 1, 1, 1]
	773403	646035	654820	9	M	82	A		-1	3194.48234198	[1, 1, 1, 1, 1, 1, 1, 0, 1, 1, 1, 1]
	759013	646630	670942	9	M	33	A		-1	3194.53139308	[1, 1, 0, 1, 1, 1, 1, 1, 1, 1, 1, 1]
	721744	629458	630140	9	M	50	A		-1	3194.93998054	[1, 1, 1, 1, 1, 1, 1, 1, 1, 1, 1, 1]
	757840	675581	574905	9	M	100	A		-1	3195.20419857	[1, 1, 1, 1, 1, 1, 1, 1, 1, 1, 1, 1]
	710665	673236	671106	9	M	28	A		-1	3195.5127449	[1, 1, 1, 1, 1, 1, 1, 0, 1, 1, 1, 1]
	729860	613997	598491	9	M	27	A		-1	3195.55189851	[1, 1, 1, 1, 1, 1, 1, 1, 1, 1, 1, 1]
	775576	661786	685692	9	M	52	A		-1	3195.66669849	[1, 1, 1, 1, 1, 1, 1, 1, 1, 1, 1, 1]
	720089	656609	640167	9	M	100	A		-1	3195.72414123	[1, 1, 1, 1, 1, 1, 1, 1, 1, 1, 1, 1]
	790880	613754	578212	9	M	90	A		-1	3196.07804684	[1, 1, 1, 0, 1, 1, 1, 1, 1, 1, 1, 1]
	748392	622289	683602	9	M	10	A		-1	3196.14169493	[1, 1, 1, 1, 1, 1, 1, 1, 1, 1, 1, 1]
	738788	675581	691133	9	M	21	A		-1	3196.28883018	[1, 1, 1, 1, 1, 1, 1, 1, 1, 1, 1, 1]
	726922	595780	627187	9	M	87	A		-1	3196.32508927	[1, 1, 1, 1, 1, 1, 1, 1, 1, 1, 1, 1]
	725997	612959	556619	9	M	33	A		-1	3196.44393176	[1, 1, 1, 1, 1, 1, 1, 1, 1, 1, 1, 1]
	701244	612959	613618	9	M	78	A		-1	3196.58586354	[1, 1, 1, 1, 1, 1, 1, 1, 1, 1, 1, 1]
	791543	634563	604258	9	M	20	A		-1	3196.6241897	[1, 1, 1, 1, 1, 1, 1, 1, 1, 1, 1, 1]
	756242	683441	597707	9	M	68	A		-1	3196.68498344	[1, 1, 1, 1, 1, 1, 0, 1, 1, 1, 1, 1]
	747448	672243	593756	9	M	100	A		-1	3197.16188099	[0, 1, 1, 1, 1, 1, 1, 1, 1, 1, 1, 1]
	749664	622289	658353	9	M	33	A		-1	3197.16989851	[1, 1, 1, 1, 1, 1, 1, 1, 1, 1, 1, 1]
	732980	640911	679842	9	M	75	A		-1	3197.35434362	[1, 1, 1, 1, 1, 1, 1, 1, 1, 1, 1, 1]
	656609	561516	468013	8	M	32	A		-1	3198.06408646	[1, 1, 1, 1, 1, 1, 1, 1, 1, 1, 1, 0]
	766755	595221	527292	9	M	90	A		-1	3198.35729658	[1, 1, 1, 1, 1, 1, 1, 1, 1, 1, 1, 1]
	777542	615809	690974	9	M	19	A		-1	3198.95522031	[1, 1, 1, 1, 1, 1, 1, 1, 1, 1, 1, 1]
	782757	606149	641638	9	M	50	A		-1	3199.30181932	[1, 1, 1, 1, 1, 1, 1, 0, 1, 1, 1, 1]
	725505	645630	655792	9	M	50	A		-1	3199.65947598	[1, 1, 1, 1, 1, 1, 1, 0, 1, 1, 1, 1]
	711139	644229	665740	9	M	50	A		-1	3199.69059539	[1, 1, 1, 1, 1, 1, 1, 1, 1, 1, 1, 1]
	766322	644229	640122	9	M	12	A		-1	3199.86012152	[1, 1, 1, 1, 1, 1, 1, 1, 1, 1, 1, 1]
	771465	615809	673240	9	M	15	A		-1	3200.67834344	[1, 1, 1, 1, 1, 1, 1, 1, 1, 1, 1, 1]
	791782	668020	609744	9	M	98	A		-1	3200.88140675	[1, 1, 1, 1, 1, 1, 0, 1, 1, 1, 1, 1]
	784529	677163	526154	9	M	29	A		-1	3200.92906101	[1, 1, 1, 1, 1, 1, 1, 1, 1, 1, 1, 1]
	694830	683441	645580	9	M	4	A		-1	3201.19792409	[1, 1, 1, 1, 1, 1, 1, 1, 1, 1, 1, 1]
	738095	675581	606206	9	M	71	A		-1	3201.94232831	[1, 1, 1, 1, 1, 1, 1, 1, 1, 1, 1, 1]
	751304	660243	609022	9	M	28	A		-1	3201.98476179	[1, 1, 1, 1, 1, 1, 1, 1, 1, 1, 1, 1]
	772776	691044	632681	9	M	32	A		-1	3202.25175622	[1, 1, 1, 0, 1, 1, 1, 1, 1, 1, 1, 1]
	731720	615809	643325	9	M	32	A		-1	3202.97334295	[1, 1, 1, 1, 1, 1, 1, 1, 1, 1, 1, 1]
	713459	632418	649516	9	M	8	A		-1	3203.11943311	[1, 1, 1, 1, 1, 1, 1, 1, 1, 1, 1, 1]
	744477	661786	657577	9	M	8	A		-1	3203.46727244	[1, 1, 1, 1, 1, 1, 1, 1, 1, 1, 1, 1]
	773714	668444	633814	9	M	41	A		-1	3203.53968297	[1, 0, 1, 1, 1, 1, 1, 1, 1, 1, 1, 1]
	762631	634026	650344	9	M	55	A		-1	3203.83856573	[1, 1, 1, 1, 1, 1, 1, 1, 1, 1, 1, 1]
	701597	686659	691458	9	M	94	A		-1	3204.72517998	[1, 1, 1, 1, 1, 1, 1, 1, 1, 1, 1, 1]
	786394	625291	684530	9	M	45	A		-1	3204.78136313	[1, 1, 1, 1, 1, 1, 1, 1, 1, 1, 1, 1]
	780291	691044	613550	9	M	62	A		-1	3204.78372166	[1, 1, 1, 1, 1, 1, 1, 1, 1, 1, 1, 1]
	719794	689297	594946	9	M	1	A		-1	3205.22931022	[1, 1, 1, 1, 1, 1, 1, 1, 1, 1, 1, 1]
	715374	612959	625402	9	M	60	A		-1	3206.25645194	[1, 1, 1, 1, 1, 1, 1, 1, 1, 1, 1, 1]
	672243	592092	413340	8	M	86	A		-1	3206.71650764	[1, 1, 1, 1, 1, 1, 1, 1, 1, 1, 1, 1]
	727766	607816	614208	9	M	60	A		-1	3207.04460582	[1, 1, 1, 1, 1, 1, 1, 1, 1, 1, 1, 1]
	712331	641538	673687	9	M	17	A		-1	3207.17871932	[1, 1, 1, 1, 1, 1, 1, 1, 1, 1, 1, 1]
	755192	634563	671716	9	M	7	A		-1	3207.52866829	[1, 1, 1, 1, 1, 1, 1, 1, 1, 1, 1, 1]
	757930	642007	613361	9	M	78	A		-1	3207.539491	[1, 1, 1, 1, 1, 1, 1, 1, 1, 1, 1, 1]
	755072	644229	634905	9	M	89	A		-1	3208.09528576	[1, 1, 1, 0, 1, 1, 1, 1, 1, 1, 1, 1]
	752850	615809	685804	9	M	69	A		-1	3208.36654844	[1, 1, 1, 1, 1, 1, 1, 1, 1, 1, 1, 1]
	721674	606149	535091	9	M	2	A		-1	3208.44446829	[1, 1, 1, 1, 1, 1, 1, 1, 1, 1, 1, 1]
	706234	632418	692310	9	M	20	A		-1	3208.45434869	[1, 1, 1, 1, 1, 1, 1, 1, 1, 1, 1, 0]
	703037	641538	623639	9	M	71	A		-1	3208.65813971	[1, 1, 1, 1, 1, 1, 1, 1, 1, 1, 1, 1]
	784834	656609	658789	9	M	38	A		-1	3208.9751377	[1, 1, 1, 0, 1, 1, 1, 1, 1, 1, 1, 1]
	675581	513735	548094	8	M	91	A		-1	3209.22148026	[1, 1, 1, 1, 1, 1, 1, 1, 1, 1, 1, 1]
	748411	511280	679116	9	M	49	A		-1	3209.37238654	[1, 1, 1, 1, 1, 1, 1, 1, 1, 1, 1, 1]
	699908	615809	690140	9	M	45	A		-1	3209.58321217	[1, 1, 1, 1, 1, 1, 1, 1, 1, 1, 1, 1]
	737554	607816	625532	9	M	63	A		-1	3210.47869804	[1, 1, 1, 1, 1, 1, 1, 1, 1, 1, 1, 1]
	715146	665254	603328	9	M	45	A		-1	3210.49285521	[1, 1, 1, 1, 1, 1, 1, 1, 1, 1, 1, 1]
	777501	654077	663776	9	M	53	A		-1	3210.52637132	[1, 1, 1, 1, 1, 1, 1, 1, 1, 1, 1, 1]
	775316	654077	523615	9	M	98	A		-1	3210.61603576	[1, 1, 1, 1, 1, 1, 1, 1, 1, 1, 1, 1]
	622289	588195	495376	8	M	7	A		-1	3210.91212595	[1, 1, 1, 1, 1, 1, 1, 1, 1, 1, 1, 1]
	758554	622367	608528	9	M	82	A		-1	3211.22802068	[1, 1, 1, 1, 1, 1, 1, 1, 1, 1, 1, 1]
	784882	606149	578704	9	M	31	A		-1	3211.32651095	[1, 1, 1, 1, 1, 1, 1, 1, 1, 1, 1, 1]
	765978	622289	660615	9	M	68	A		-1	3211.46490717	[1, 1, 1, 1, 1, 1, 1, 0, 1, 1, 1, 1]
	717636	656609	628123	9	M	8	A		-1	3211.56409713	[1, 1, 1, 1, 1, 1, 1, 1, 1, 1, 1, 1]
	767962	612959	595211	9	M	89	A		-1	3211.56502322	[1, 1, 1, 1, 1, 1, 1, 1, 1, 1, 1, 1]
	706933	608750	565466	9	M	39	A		-1	3211.74785074	[1, 1, 1, 0, 1, 1, 1, 1, 1, 1, 1, 1]
	785238	628697	621826	9	M	47	A		-1	3212.32939204	[1, 1, 1, 1, 1, 1, 1, 1, 1, 1, 1, 1]
	728603	689297	624933	9	M	35	A		-1	3215.4799789	[1, 1, 1, 1, 1, 1, 1, 1, 1, 1, 1, 1]
	738009	622289	618880	9	M	85	A		-1	3215.57662122	[1, 1, 1, 1, 1, 1, 1, 1, 1, 1, 1, 1]
	742282	644229	620991	9	M	24	A		-1	3215.88184993	[1, 1, 1, 1, 1, 1, 1, 1, 1, 1, 1, 1]
	758247	683441	636606	9	M	54	A		-1	3216.21749824	[1, 1, 1, 1, 1, 1, 1, 1, 1, 1, 1, 1]
	711863	656609	693042	9	M	56	A		-1	3216.32941981	[1, 1, 1, 1, 1, 1, 1, 1, 1, 1, 1, 0]
	752642	644229	679774	9	M	51	A		-1	3216.85187516	[1, 1, 1, 1, 1, 1, 1, 1, 1, 1, 1, 1]
	720237	645630	624972	9	M	65	A		-1	3217.11234827	[1, 1, 1, 1, 1, 1, 1, 1, 1, 1, 1, 1]
	789667	626089	682838	9	M	33	A		-1	3217.3817403	[1, 1, 1, 1, 1, 1, 1, 1, 1, 1, 1, 1]
	710384	668444	534968	9	M	20	A		-1	3217.9748358	[1, 0, 1, 1, 1, 1, 1, 1, 1, 1, 1, 1]
	791005	639790	618052	9	M	59	A		-1	3218.00172732	[1, 1, 1, 1, 1, 1, 1, 1, 1, 1, 1, 1]
	732907	639790	616568	9	M	11	A		-1	3218.13906714	[1, 1, 1, 1, 1, 1, 1, 1, 1, 1, 1, 1]
	721096	665254	675069	9	M	53	A		-1	3218.25871406	[1, 1, 1, 1, 1, 1, 1, 1, 1, 1, 1, 1]
	704202	669649	596116	9	M	60	A		-1	3218.42415953	[1, 1, 1, 1, 1, 1, 1, 1, 1, 1, 1, 1]
	730616	595780	620756	9	M	66	A		-1	3218.75310562	[1, 1, 1, 1, 1, 1, 1, 1, 1, 1, 1, 1]
	721335	665254	682165	9	M	80	A		-1	3219.12967232	[1, 1, 1, 0, 1, 1, 1, 1, 1, 1, 1, 1]
	734545	642007	620280	9	M	17	A		-1	3219.26648958	[1, 1, 1, 1, 1, 1, 1, 1, 1, 1, 1, 1]
	640911	508181	559181	8	M	0	A		-1	3219.32377449	[1, 1, 1, 1, 1, 1, 1, 1, 1, 1, 1, 1]
	714831	615809	658690	9	M	95	A		-1	3219.98048604	[1, 1, 1, 1, 1, 1, 1, 1, 1, 1, 1, 1]
	729656	634026	668703	9	M	76	A		-1	3220.16032042	[1, 1, 1, 1, 1, 1, 1, 1, 1, 1, 1, 1]
	715039	595780	665925	9	M	27	A		-1	3220.40580051	[1, 1, 1, 1, 1, 1, 1, 1, 1, 1, 1, 1]
	720505	613997	686528	9	M	92	A		-1	3220.55250457	[1, 1, 1, 1, 1, 1, 1, 1, 1, 1, 1, 1]
	784546	641538	596382	9	M	50	A		-1	3221.10718572	[1, 1, 1, 1, 1, 1, 1, 1, 1, 1, 1, 1]
	785297	607816	636927	9	M	40	A		-1	3221.29095048	[1, 1, 1, 1, 1, 1, 1, 1, 1, 1, 1, 1]
	780622	654077	644830	9	M	67	A		-1	3222.01490138	[1, 1, 1, 1, 1, 1, 1, 1, 1, 1, 1, 1]
	730335	665254	681796	9	M	47	A		-1	3222.21061836	[1, 1, 1, 0, 1, 1, 1, 1, 1, 1, 1, 1]
	785784	665254	525397	9	M	25	A		-1	3222.31393514	[1, 1, 1, 0, 1, 1, 1, 1, 1, 1, 1, 1]
	790430	606149	625567	9	M	11	A		-1	3222.8694836	[1, 1, 1, 1, 1, 1, 1, 1, 1, 1, 1, 1]
	785111	683441	672901	9	M	69	A		-1	3222.9986586	[1, 1, 1, 1, 1, 1, 1, 1, 1, 1, 1, 1]
	698577	672243	657921	9	M	87	A		-1	3223.14210927	[1, 1, 1, 1, 1, 1, 1, 1, 1, 1, 1, 1]
	753366	640911	528593	9	M	46	A		-1	3223.47348613	[1, 1, 1, 1, 1, 1, 1, 1, 1, 1, 1, 1]
	769973	606149	606316	9	M	39	A		-1	3223.82201028	[1, 1, 1, 1, 1, 1, 1, 1, 1, 1, 1, 1]
	750629	660243	618150	9	M	63	A		-1	3224.15606611	[1, 1, 1, 1, 1, 1, 1, 1, 1, 1, 1, 1]
	701432	640911	647956	9	M	99	A		-1	3225.14964694	[1, 1, 1, 1, 1, 1, 1, 1, 1, 1, 1, 1]
	736524	625291	690453	9	M	20	A		-1	3225.20223991	[1, 1, 1, 1, 1, 1, 1, 1, 1, 1, 1, 1]
	782043	668020	661295	9	M	54	A		-1	3225.90333305	[1, 0, 1, 1, 1, 1, 1, 1, 1, 1, 1, 1]
	776708	668444	634783	9	M	77	A		-1	3225.95279106	[1, 1, 1, 1, 1, 1, 1, 1, 1, 1, 1, 1]
	738452	668020	637896	9	M	28	A		-1	3226.09418648	[1, 0, 1, 1, 1, 1, 1, 1, 1, 1, 1, 1]
	757982	668020	689814	9	M	61	A		-1	3226.16074497	[1, 1, 1, 1, 1, 1, 1, 1, 1, 1, 1, 1]
	760815	594534	648984	9	M	43	A		-1	3226.46497497	[1, 1, 1, 1, 1, 1, 1, 1, 1, 1, 1, 1]
	748879	612959	660404	9	M	91	A		-1	3226.733263	[1, 1, 1, 0, 1, 1, 1, 1, 1, 1, 1, 1]
	702222	660243	665522	9	M	40	A		-1	3226.96169763	[1, 1, 1, 1, 1, 1, 1, 1, 1, 1, 1, 1]
	790710	626089	522682	9	M	46	A		-1	3227.22910039	[1, 1, 1, 1, 1, 1, 1, 1, 1, 1, 1, 1]
	702784	622367	622515	9	M	19	A		-1	3227.54338942	[1, 1, 1, 1, 1, 1, 1, 1, 1, 1, 1, 1]
	787805	656609	632947	9	M	11	A		-1	3228.1467432	[1, 1, 1, 1, 1, 1, 1, 1, 1, 1, 1, 1]
	704802	626089	648394	9	M	26	A		-1	3229.08783634	[1, 1, 1, 1, 1, 1, 1, 1, 1, 1, 1, 1]
	787072	625291	512839	9	M	65	A		-1	3229.31366127	[1, 1, 1, 0, 1, 1, 1, 1, 1, 1, 1, 1]
	758732	612959	688739	9	M	28	A		-1	3229.33596884	[1, 1, 1, 1, 1, 1, 1, 1, 1, 1, 1, 1]
	696934	689297	509976	9	M	28	A		-1	3229.77957241	[1, 1, 1, 1, 1, 1, 1, 1, 1, 1, 1, 1]
	702548	672243	633552	9	M	5	A		-1	3229.79460613	[1, 1, 1, 1, 1, 1, 1, 1, 1, 1, 1, 1]
	763842	628697	669474	9	M	34	A		-1	3229.97630409	[1, 1, 1, 1, 1, 1, 1, 1, 1, 1, 1, 1]
	767699	656609	675423	9	M	5	A		-1	3230.81668298	[1, 1, 1, 0, 1, 1, 1, 1, 1, 1, 1, 0]
	736209	668020	690880	9	M	43	A		-1	3231.73322841	[1, 1, 1, 1, 1, 1, 1, 1, 1, 1, 1, 1]
	734301	665254	581216	9	M	54	A		-1	3231.75643077	[1, 1, 1, 1, 1, 1, 1, 1, 1, 1, 1, 1]
	721597	626089	644203	9	M	40	A		-1	3231.7616804	[1, 1, 1, 1, 1, 1, 1, 1, 1, 1, 1, 1]
	784867	625291	691265	9	M	35	A		-1	3231.83118135	[1, 1, 1, 1, 1, 1, 1, 1, 1, 1, 1, 1]
	729334	619447	642384	9	M	60	A		-1	3232.49575055	[1, 1, 1, 1, 1, 1, 1, 0, 1, 1, 1, 1]
	733207	641538	664498	9	M	9	A		-1	3232.63299486	[1, 1, 1, 1, 1, 1, 1, 1, 1, 1, 1, 1]
	782895	613997	648820	9	M	74	A		-1	3233.98199279	[1, 1, 1, 1, 1, 1, 1, 1, 1, 1, 1, 1]
	723964	656609	692976	9	M	40	A		-1	3234.10509766	[1, 1, 1, 1, 1, 1, 1, 1, 1, 1, 1, 0]
	715301	668020	643521	9	M	70	A		-1	3234.81804352	[1, 1, 1, 1, 1, 1, 1, 1, 1, 1, 1, 1]
	764040	673236	639666	9	M	98	A		-1	3235.42500116	[1, 1, 1, 1, 1, 1, 1, 1, 1, 1, 1, 1]
	695442	625291	636878	9	M	29	A		-1	3236.04777626	[1, 1, 1, 1, 1, 1, 1, 1, 1, 1, 1, 1]
	767314	634563	616239	9	M	22	A		-1	3236.2138052	[1, 1, 1, 1, 1, 1, 1, 1, 1, 1, 1, 1]
	775959	613997	633389	9	M	43	A		-1	3236.28084283	[1, 1, 1, 1, 1, 1, 1, 1, 1, 1, 1, 1]
	725260	646630	684796	9	M	19	A		-1	3237.53480833	[1, 1, 0, 1, 1, 1, 1, 1, 1, 1, 1, 1]
	788346	646035	646937	9	M	60	A		-1	3237.84195829	[1, 1, 1, 1, 1, 1, 1, 0, 1, 1, 1, 1]
	790366	693142	599065	9	M	21	A		-1	3238.20923673	[1, 1, 1, 1, 1, 1, 1, 1, 1, 1, 1, 1]
	728136	628697	572796	9	M	69	A		-1	3238.47439142	[1, 1, 1, 1, 1, 1, 1, 1, 1, 1, 1, 1]
	706691	595780	655757	9	M	84	A		-1	3238.52553166	[1, 1, 1, 1, 1, 1, 1, 1, 1, 1, 1, 1]
	783401	693142	678432	9	M	4	A		-1	3239.87347113	[1, 1, 1, 1, 1, 0, 1, 1, 1, 1, 1, 1]
	693142	499951	522416	8	M	77	A		-1	3240.06089903	[1, 1, 1, 1, 1, 0, 1, 1, 1, 1, 1, 1]
	707402	622367	688398	9	M	3	A		-1	3240.46052935	[1, 1, 1, 1, 1, 1, 1, 1, 1, 1, 1, 1]
	718857	640911	632289	9	M	74	A		-1	3240.4652102	[1, 1, 1, 1, 1, 1, 1, 1, 1, 1, 1, 0]
	771162	677163	620229	9	M	59	A		-1	3241.0559672	[1, 1, 1, 1, 1, 1, 1, 1, 1, 1, 1, 1]
	754790	594534	637016	9	M	34	A		-1	3241.40281564	[1, 1, 1, 1, 1, 1, 1, 1, 1, 1, 1, 1]
	705598	622289	603073	9	M	42	A		-1	3241.4148583	[1, 1, 1, 1, 1, 1, 1, 1, 1, 1, 1, 1]
	718805	672243	655910	9	M	39	A		-1	3241.71347685	[1, 1, 1, 1, 1, 1, 1, 1, 1, 1, 1, 1]
	719073	646035	624902	9	M	0	A		-1	3241.95608655	[1, 1, 1, 1, 1, 1, 1, 0, 1, 1, 1, 1]
	751655	619447	625866	9	M	55	A		-1	3242.25617165	[1, 1, 1, 1, 1, 1, 1, 1, 1, 1, 1, 1]
	757244	632418	691174	9	M	47	A		-1	3242.25939547	[1, 1, 1, 1, 1, 1, 1, 1, 1, 1, 1, 1]
	703870	632418	603624	9	M	32	A		-1	3242.91858301	[1, 1, 1, 1, 1, 1, 1, 1, 1, 1, 1, 1]
	612959	563958	503953	8	M	0	A		-1	3242.99575459	[1, 1, 1, 1, 1, 1, 1, 1, 1, 1, 1, 1]
	745454	672243	691256	9	M	84	A		-1	3243.23080597	[1, 1, 1, 1, 1, 1, 1, 1, 1, 1, 1, 1]
	748109	619447	600626	9	M	77	A		-1	3243.32775865	[1, 1, 1, 1, 1, 1, 1, 1, 1, 1, 1, 1]
	714116	615809	641684	9	M	41	A		-1	3243.4828825	[1, 1, 1, 1, 1, 1, 1, 1, 1, 1, 1, 1]
	753093	656516	634516	9	M	27	A		-1	3244.8429916	[1, 1, 1, 1, 1, 1, 1, 1, 1, 1, 1, 1]
	782874	639790	619169	9	M	47	A		-1	3245.74312545	[1, 1, 1, 1, 1, 1, 1, 1, 1, 1, 1, 1]
	753982	668444	633051	9	M	89	A		-1	3246.26658823	[1, 1, 1, 1, 1, 1, 1, 1, 1, 1, 1, 1]
	769652	612959	598018	9	M	44	A		-1	3246.50721362	[1, 1, 1, 1, 1, 1, 1, 1, 1, 1, 1, 1]
	748271	594534	672346	9	M	45	A		-1	3246.74715544	[1, 1, 1, 1, 1, 1, 1, 1, 1, 1, 1, 1]
	705417	677163	671663	9	M	98	A		-1	3247.86945071	[1, 1, 1, 1, 1, 1, 1, 1, 1, 1, 1, 1]
	767122	689297	650525	9	M	11	A		-1	3248.1628317	[1, 1, 1, 0, 1, 1, 1, 1, 1, 1, 1, 1]
	693854	654077	666779	9	M	60	A		-1	3249.31143159	[1, 1, 1, 1, 1, 1, 1, 1, 1, 1, 1, 1]
	697230	689297	644123	9	M	78	A		-1	3250.06127532	[1, 1, 1, 1, 1, 1, 1, 1, 1, 1, 1, 1]
	791609	619447	542015	9	M	11	A		-1	3250.74018359	[1, 1, 1, 1, 1, 1, 1, 0, 1, 1, 1, 1]
	703519	673236	692379	9	M	30	A		-1	3252.0422505	[1, 1, 1, 1, 1, 1, 0, 1, 1, 1, 1, 1]
	715920	632418	672791	9	M	72	A		-1	3252.49298744	[1, 1, 1, 1, 1, 1, 1, 1, 1, 1, 1, 0]
	709602	632418	552638	9	M	46	A		-1	3252.85312368	[1, 1, 1, 1, 1, 1, 1, 1, 1, 1, 1, 1]
	770209	660243	598820	9	M	18	A		-1	3253.31066409	[1, 1, 1, 1, 1, 1, 1, 1, 1, 1, 1, 1]
	728960	634563	655759	9	M	2	A		-1	3256.0701118	[1, 1, 1, 1, 1, 1, 1, 1, 1, 1, 1, 1]
	759815	629458	650386	9	M	9	A		-1	3256.48305958	[1, 1, 1, 1, 1, 1, 1, 1, 1, 1, 1, 1]
	695271	615809	567202	9	M	24	A		-1	3256.54928055	[0, 1, 1, 1, 1, 1, 0, 1, 1, 1, 1, 1]
	698901	665254	691776	9	M	26	A		-1	3256.73761595	[1, 1, 1, 1, 1, 1, 1, 1, 1, 1, 1, 1]
	767553	606149	671197	9	M	63	A		-1	3257.20305352	[1, 1, 1, 1, 1, 1, 1, 1, 1, 1, 1, 1]
	708938	607816	624711	9	M	13	A		-1	3258.65363573	[1, 1, 1, 1, 1, 1, 1, 1, 1, 1, 1, 1]
	752894	693142	576297	9	M	19	A		-1	3258.67337203	[1, 1, 1, 1, 1, 0, 1, 1, 1, 1, 1, 1]
	792510	661786	685122	9	M	66	A		-1	3259.40227175	[1, 1, 1, 1, 1, 1, 1, 1, 1, 1, 1, 1]
	784441	645630	619145	9	M	11	A		-1	3259.63994726	[1, 1, 1, 1, 1, 1, 1, 1, 1, 1, 1, 1]
	777073	669649	650854	9	M	86	A		-1	3259.96512558	[1, 1, 1, 1, 1, 1, 1, 1, 1, 1, 1, 1]
	722053	683441	553462	9	M	43	A		-1	3260.48879032	[1, 1, 1, 1, 1, 1, 0, 1, 1, 1, 1, 1]
	733715	683441	617661	9	M	18	A		-1	3262.30009385	[1, 0, 1, 1, 1, 1, 1, 1, 1, 1, 1, 1]
	772475	639790	647906	9	M	4	A		-1	3262.5950553	[1, 1, 1, 1, 1, 1, 1, 1, 1, 1, 1, 1]
	732948	656609	685050	9	M	95	A		-1	3263.72282599	[1, 1, 1, 1, 1, 1, 1, 1, 1, 1, 1, 0]
	728711	656609	640082	9	M	25	A		-1	3263.92388028	[1, 1, 1, 1, 1, 1, 0, 1, 1, 1, 1, 1]
	695101	606149	692390	9	M	97	A		-1	3264.33115549	[1, 1, 1, 1, 1, 1, 1, 1, 1, 1, 1, 1]
	777950	622367	681240	9	M	4	A		-1	3264.44509649	[1, 1, 1, 1, 1, 1, 1, 1, 1, 1, 1, 1]
	697313	693142	645257	9	M	1	A		-1	3264.46819489	[1, 1, 1, 1, 1, 1, 1, 1, 1, 1, 1, 1]
	769695	668020	664237	9	M	81	A		-1	3265.242728	[1, 1, 1, 1, 1, 1, 1, 1, 1, 1, 1, 1]
	771585	646630	671435	9	M	7	A		-1	3266.61926487	[1, 1, 0, 1, 1, 1, 1, 1, 1, 1, 1, 1]
	784662	656516	600025	9	M	41	A		-1	3266.70841856	[1, 1, 1, 1, 1, 1, 1, 1, 1, 1, 1, 1]
	719219	669905	686824	9	M	70	A		-1	3267.0956266	[1, 1, 1, 1, 1, 1, 1, 1, 1, 1, 1, 1]
	743756	675581	678411	9	M	17	A		-1	3267.10201705	[1, 1, 1, 1, 1, 1, 1, 1, 1, 1, 1, 1]
	695669	669649	637863	9	M	75	A		-1	3267.32245236	[1, 1, 1, 1, 1, 1, 1, 1, 1, 1, 1, 1]
	740432	668020	455307	9	M	90	A		-1	3268.15220554	[1, 1, 1, 1, 1, 1, 1, 1, 1, 1, 1, 0]
	736352	668444	637388	9	M	38	A		-1	3268.22561263	[1, 0, 1, 1, 1, 1, 1, 1, 1, 1, 1, 1]
	786849	594534	659085	9	M	97	A		-1	3268.49045032	[1, 1, 1, 1, 1, 1, 1, 1, 1, 1, 1, 1]
	754739	641538	569644	9	M	82	A		-1	3269.96763869	[1, 1, 1, 1, 1, 1, 1, 1, 1, 1, 1, 1]
	775867	668444	621188	9	M	50	A		-1	3271.06381239	[1, 0, 1, 1, 1, 1, 1, 1, 1, 1, 1, 1]
	726640	668020	681382	9	M	45	A		-1	3271.4721853	[1, 1, 1, 1, 1, 1, 1, 1, 1, 1, 1, 1]
	738145	656609	648089	9	M	20	A		-1	3272.54506989	[1, 1, 1, 1, 1, 1, 1, 0, 1, 1, 1, 1]
	748744	613997	620553	9	M	52	A		-1	3272.89475697	[1, 1, 1, 1, 1, 1, 1, 1, 1, 1, 1, 1]
	714406	625291	576794	9	M	67	A		-1	3274.23983373	[1, 1, 1, 1, 1, 1, 1, 1, 1, 1, 1, 1]
	748279	640911	627283	9	M	9	A		-1	3275.44675953	[1, 1, 1, 1, 1, 1, 1, 1, 1, 1, 1, 1]
	789911	654077	667595	9	M	42	A		-1	3275.66033699	[1, 1, 1, 1, 1, 1, 1, 1, 1, 1, 1, 1]
	714320	642007	596333	9	M	89	A		-1	3276.17956246	[1, 1, 1, 1, 1, 1, 1, 1, 1, 1, 1, 1]
	764579	654077	636450	9	M	90	A		-1	3276.41455721	[1, 1, 1, 1, 1, 1, 1, 1, 1, 1, 1, 1]
	747584	691044	691520	9	M	55	A		-1	3276.75625054	[1, 1, 1, 0, 1, 1, 1, 1, 1, 1, 1, 1]
	747321	634563	595582	9	M	49	A		-1	3277.23351347	[1, 1, 1, 1, 1, 1, 1, 1, 1, 1, 1, 1]
	704791	668020	631759	9	M	86	A		-1	3278.02131786	[1, 1, 1, 1, 1, 1, 1, 1, 1, 1, 1, 1]
	718120	606149	595569	9	M	21	A		-1	3278.36826848	[1, 1, 1, 1, 1, 1, 1, 1, 1, 1, 1, 1]
	706256	660243	619865	9	M	15	A		-1	3278.42346593	[1, 1, 1, 0, 1, 1, 1, 1, 1, 1, 1, 1]
	700154	683441	661787	9	M	32	A		-1	3278.63059091	[1, 1, 1, 1, 1, 1, 1, 1, 1, 1, 1, 1]
	767429	511280	625901	9	M	37	A		-1	3279.11404877	[1, 1, 1, 1, 1, 1, 1, 1, 1, 1, 1, 1]
	774423	641538	508632	9	M	60	A		-1	3279.27462347	[1, 1, 1, 1, 1, 1, 1, 1, 1, 1, 1, 1]
	737052	639790	402880	9	M	98	A		-1	3280.56812749	[1, 1, 1, 1, 1, 1, 1, 1, 1, 1, 1, 1]
	702578	654077	612706	9	M	52	A		-1	3280.71777557	[1, 1, 1, 1, 1, 1, 1, 1, 1, 1, 1, 1]
	754296	511280	641805	9	M	55	A		-1	3281.28636595	[1, 1, 1, 0, 1, 1, 1, 1, 1, 1, 1, 1]
	709761	626089	611934	9	M	81	A		-1	3282.9653774	[1, 1, 1, 1, 1, 1, 1, 1, 1, 1, 1, 1]
	782206	622367	573145	9	M	22	A		-1	3283.64571533	[1, 1, 1, 1, 1, 1, 1, 1, 1, 1, 1, 1]
	766774	672243	631187	9	M	100	A		-1	3284.76754367	[1, 1, 1, 1, 1, 1, 1, 1, 1, 1, 1, 1]
	744506	622367	633255	9	M	59	A		-1	3285.00978824	[1, 1, 1, 1, 1, 1, 1, 1, 1, 1, 1, 1]
	780811	644229	649675	9	M	61	A		-1	3285.14108607	[1, 1, 1, 1, 1, 1, 1, 1, 1, 1, 1, 1]
	702856	686659	512385	9	M	48	A		-1	3285.32813104	[1, 1, 1, 1, 1, 1, 1, 1, 1, 1, 1, 1]
	735017	656609	609820	9	M	62	A		-1	3285.65836629	[1, 1, 1, 1, 1, 1, 1, 1, 1, 1, 1, 1]
	779218	644229	641858	9	M	54	A		-1	3287.09225379	[1, 1, 1, 1, 1, 1, 1, 1, 1, 1, 1, 1]
	729171	668020	636902	9	M	51	A		-1	3288.04620134	[1, 1, 1, 1, 1, 1, 1, 1, 1, 1, 1, 1]
	733972	689297	628444	9	M	98	A		-1	3288.44371435	[1, 1, 1, 1, 1, 1, 1, 1, 1, 1, 1, 1]
	761205	646630	548865	9	M	51	A		-1	3290.19079635	[1, 1, 1, 1, 1, 1, 1, 1, 1, 1, 1, 1]
	739107	639790	686034	9	M	55	A		-1	3290.86486224	[1, 1, 1, 1, 1, 1, 1, 1, 1, 1, 1, 1]
	721399	665254	619644	9	M	63	A		-1	3290.96791857	[1, 1, 1, 1, 1, 1, 1, 1, 1, 1, 1, 1]
	768342	622289	626877	9	M	26	A		-1	3291.10595608	[1, 1, 1, 1, 1, 1, 1, 1, 1, 1, 1, 1]
	734498	656609	667201	9	M	50	A		-1	3291.34550314	[1, 1, 1, 1, 1, 1, 1, 1, 1, 1, 1, 1]
	762453	665254	636048	9	M	58	A		-1	3291.67153844	[1, 1, 1, 1, 1, 1, 1, 1, 1, 1, 1, 1]
	764503	691044	613588	9	M	96	A		-1	3292.24074002	[1, 1, 1, 0, 1, 1, 1, 1, 1, 1, 1, 1]
	718230	642669	693049	9	M	93	A		-1	3293.41461455	[1, 0, 1, 1, 1, 1, 1, 1, 1, 1, 1, 1]
	701461	615809	615172	9	M	66	A		-1	3294.362598	[1, 1, 1, 1, 1, 1, 1, 1, 1, 1, 1, 1]
	767830	669905	618250	9	M	57	A		-1	3296.07138262	[1, 1, 1, 1, 1, 1, 1, 1, 1, 1, 1, 1]
	715910	693142	613540	9	M	68	A		-1	3297.14196102	[1, 1, 1, 1, 1, 1, 1, 1, 1, 1, 1, 1]
	712795	675581	603032	9	M	32	A		-1	3298.0539932	[1, 1, 1, 1, 1, 1, 1, 1, 1, 1, 1, 1]
	793476	640911	681522	9	M	34	A		-1	3298.78178839	[1, 1, 1, 1, 1, 1, 1, 1, 1, 1, 1, 1]
	754529	622367	616261	9	M	18	A		-1	3299.20466806	[1, 1, 1, 1, 1, 1, 1, 1, 1, 1, 1, 1]
	751713	660243	618508	9	M	58	A		-1	3299.38357555	[1, 1, 1, 1, 1, 1, 0, 1, 1, 1, 1, 1]
	777980	640911	648398	9	M	50	A		-1	3300.86666448	[1, 1, 1, 1, 1, 1, 1, 1, 1, 1, 1, 1]
	696076	660243	674348	9	M	83	A		-1	3300.95555649	[1, 1, 1, 1, 1, 1, 1, 1, 1, 1, 1, 1]
	698801	642669	614523	9	M	72	A		-1	3301.25543641	[1, 1, 1, 1, 1, 1, 1, 1, 1, 1, 1, 1]
	724737	665254	657029	9	M	75	A		-1	3301.25761022	[1, 1, 1, 0, 1, 1, 1, 1, 1, 1, 1, 1]
	749718	606149	600153	9	M	69	A		-1	3301.52671091	[1, 1, 1, 1, 1, 1, 0, 1, 1, 1, 1, 1]
	668020	588679	532694	8	M	72	A		-1	3303.54913624	[1, 1, 1, 1, 1, 1, 1, 1, 1, 1, 1, 1]
	773491	595780	520292	9	M	1	A		-1	3305.62490497	[1, 1, 1, 1, 1, 1, 1, 1, 1, 1, 1, 1]
	739780	691044	671077	9	M	40	A		-1	3305.81014217	[1, 1, 1, 0, 1, 1, 1, 1, 1, 1, 1, 1]
	696618	626089	538860	9	M	80	A		-1	3305.81489811	[1, 1, 1, 1, 1, 1, 1, 1, 1, 1, 1, 1]
	779339	669649	657386	9	M	68	A		-1	3306.56252356	[1, 1, 1, 1, 1, 1, 1, 1, 1, 1, 1, 1]
	787763	619447	611755	9	M	25	A		-1	3306.5881441	[1, 1, 1, 1, 1, 1, 1, 1, 1, 1, 1, 1]
	760775	622289	595848	9	M	4	A		-1	3307.26100193	[1, 1, 1, 1, 1, 1, 1, 0, 1, 1, 1, 1]
	788289	645630	686016	9	M	69	A		-1	3308.13974462	[1, 1, 1, 1, 1, 1, 1, 0, 1, 1, 1, 1]
	760538	661786	604490	9	M	7	A		-1	3308.64382275	[1, 1, 1, 1, 1, 1, 1, 1, 1, 1, 1, 1]
	665254	511280	467279	8	M	74	A		-1	3308.65689209	[1, 1, 1, 0, 1, 1, 1, 1, 1, 1, 1, 1]
	714309	660243	691756	9	M	39	A		-1	3309.25399276	[1, 1, 1, 1, 1, 1, 1, 1, 1, 1, 1, 1]
	764068	615809	616366	9	M	34	A		-1	3309.50149365	[1, 1, 1, 1, 1, 1, 1, 1, 1, 1, 1, 1]
	791311	675581	641741	9	M	50	A		-1	3311.12552779	[1, 1, 1, 1, 1, 1, 1, 0, 1, 1, 1, 1]
	724151	640911	600503	9	M	100	A		-1	3311.50234411	[1, 1, 1, 1, 1, 1, 1, 1, 1, 1, 1, 1]
	740870	639790	603672	9	M	48	A		-1	3312.36511024	[1, 1, 1, 1, 1, 1, 1, 1, 1, 1, 1, 1]
	790016	594534	682711	9	M	12	A		-1	3312.6044887	[1, 1, 1, 1, 1, 1, 1, 1, 1, 1, 1, 1]
	704928	619447	615252	9	M	59	A		-1	3313.74625688	[1, 1, 1, 1, 1, 1, 1, 1, 1, 1, 1, 1]
	724397	668444	646324	9	M	66	A		-1	3317.27234034	[1, 0, 1, 1, 1, 1, 1, 1, 1, 1, 1, 1]
	790761	622367	634321	9	M	99	A		-1	3318.72064697	[1, 1, 1, 1, 1, 1, 1, 1, 1, 1, 1, 1]
	705886	646035	690144	9	M	37	A		-1	3321.30608945	[1, 1, 1, 1, 1, 1, 1, 1, 1, 1, 1, 1]
	733630	689297	634035	9	M	3	A		-1	3321.88080093	[1, 0, 1, 1, 1, 1, 1, 1, 1, 1, 1, 1]
	764431	656516	640261	9	M	20	A		-1	3325.35604042	[1, 1, 1, 0, 1, 1, 1, 1, 1, 1, 1, 1]
	758565	656609	674749	9	M	100	A		-1	3329.23959	[1, 1, 1, 1, 1, 1, 1, 1, 1, 1, 1, 1]
	764117	634563	613260	9	M	99	A		-1	3329.89944563	[1, 1, 1, 0, 1, 1, 1, 1, 1, 1, 1, 1]
	758721	594534	596374	9	M	62	A		-1	3331.38327125	[1, 1, 1, 1, 1, 1, 1, 1, 1, 1, 1, 1]
	790357	615809	688300	9	M	1	A		-1	3334.94851105	[1, 1, 1, 1, 1, 1, 1, 1, 1, 1, 1, 1]
	791781	594350	593911	9	M	63	A		-1	3336.87639349	[1, 1, 1, 1, 1, 1, 1, 1, 1, 1, 1, 1]
	762429	642669	635154	9	M	39	A		-1	3337.67947747	[1, 1, 1, 1, 1, 1, 1, 1, 1, 1, 1, 1]
	772263	668020	612702	9	M	89	A		-1	3342.10720374	[1, 1, 1, 1, 1, 1, 1, 1, 1, 1, 1, 1]
	720359	656609	544645	9	M	69	A		-1	3344.25392095	[1, 1, 1, 1, 1, 1, 1, 1, 1, 1, 1, 1]
	735152	656516	529001	9	M	45	A		-1	3344.56865336	[1, 1, 1, 1, 1, 1, 1, 1, 1, 1, 1, 1]
	759547	646630	595362	9	M	18	A		-1	3345.04674032	[1, 0, 1, 1, 1, 1, 1, 1, 1, 1, 1, 1]
	705768	668020	598556	9	M	47	A		-1	3346.29157014	[1, 1, 1, 1, 1, 1, 1, 1, 1, 1, 1, 1]
	727963	691044	690397	9	M	23	A		-1	3347.07128046	[1, 1, 1, 1, 1, 1, 1, 1, 1, 1, 1, 1]
	758526	668020	627115	9	M	29	A		-1	3348.75581007	[1, 1, 1, 1, 1, 1, 1, 1, 1, 1, 1, 1]
	765696	594534	642483	9	M	58	A		-1	3349.18693454	[1, 1, 1, 1, 1, 0, 1, 1, 1, 1, 1, 1]
	771125	656609	574859	9	M	31	A		-1	3349.6587446	[1, 1, 1, 1, 1, 1, 1, 1, 1, 1, 1, 0]
	760456	693142	682006	9	M	42	A		-1	3351.57136479	[1, 1, 1, 1, 1, 0, 1, 1, 1, 1, 1, 1]
	721000	656609	594104	9	M	94	A		-1	3351.71425278	[1, 1, 1, 1, 1, 1, 1, 1, 1, 1, 1, 1]
	615809	590825	559292	8	M	46	A		-1	3352.6770605	[1, 1, 1, 1, 1, 1, 1, 1, 1, 1, 1, 1]
	782788	628697	630338	9	M	44	A		-1	3354.39958611	[0, 1, 1, 1, 1, 1, 1, 1, 1, 1, 1, 1]
	764023	665254	640473	9	M	57	A		-1	3355.56219853	[1, 1, 1, 1, 0, 1, 1, 1, 1, 1, 1, 1]
	698359	640911	644596	9	M	63	A		-1	3356.84653073	[1, 1, 1, 1, 1, 1, 1, 1, 1, 1, 1, 1]
	781650	689297	603920	9	M	54	A		-1	3357.7688415	[1, 1, 1, 1, 1, 1, 1, 1, 1, 1, 1, 1]
	707562	634563	684729	9	M	94	A		-1	3358.65718826	[1, 1, 1, 1, 1, 1, 1, 1, 1, 1, 1, 1]
	700707	644229	687437	9	M	43	A		-1	3362.8743475	[1, 1, 1, 1, 1, 1, 1, 1, 1, 1, 1, 1]
	762026	668444	656974	9	M	53	A		-1	3363.19611014	[1, 0, 1, 1, 1, 1, 1, 1, 1, 1, 1, 1]
	760618	613754	646964	9	M	19	A		-1	3364.04506961	[1, 1, 1, 0, 1, 1, 1, 1, 1, 1, 1, 1]
	698117	668444	670055	9	M	20	A		-1	3364.9140398	[1, 1, 1, 1, 1, 1, 1, 1, 1, 1, 1, 1]
	697264	669649	637190	9	M	70	A		-1	3369.51434766	[1, 1, 1, 1, 1, 1, 1, 1, 1, 1, 1, 1]
	738479	615809	666431	9	M	51	A		-1	3369.68950262	[1, 1, 1, 1, 1, 0, 1, 1, 1, 1, 1, 1]
	699212	642669	635013	9	M	56	A		-1	3370.47299165	[1, 1, 1, 1, 1, 1, 1, 1, 1, 1, 1, 0]
	726879	619447	687367	9	M	56	A		-1	3372.24254934	[1, 1, 1, 1, 1, 1, 1, 1, 1, 1, 1, 1]
	702044	595780	677543	9	M	41	A		-1	3372.82421962	[1, 1, 1, 1, 1, 1, 1, 1, 1, 1, 1, 1]
	787097	615809	657107	9	M	12	A		-1	3378.50357762	[1, 1, 1, 1, 1, 1, 1, 1, 1, 1, 1, 1]
	773221	669649	656208	9	M	43	A		-1	3379.41313837	[1, 1, 1, 1, 1, 1, 1, 1, 1, 1, 1, 1]
	752724	672243	584284	9	M	89	A		-1	3383.38589554	[1, 1, 1, 0, 1, 1, 1, 1, 1, 1, 1, 1]
	750130	646630	526567	9	M	73	A		-1	3389.31931358	[1, 1, 1, 1, 1, 1, 1, 1, 1, 1, 1, 1]
	736266	691044	679849	9	M	47	A		-1	3389.48736273	[1, 1, 1, 1, 1, 1, 1, 1, 1, 1, 1, 1]
	787992	612959	600749	9	M	65	A		-1	3391.60934049	[1, 1, 1, 1, 1, 1, 1, 1, 1, 1, 1, 1]
	779905	622367	685516	9	M	56	A		-1	3391.86875866	[1, 1, 1, 1, 1, 1, 1, 1, 1, 1, 1, 1]
	699670	646035	495080	9	M	58	A		-1	3394.48942889	[1, 1, 1, 0, 1, 1, 1, 1, 1, 1, 1, 1]
	788818	615809	429270	9	M	47	A		-1	3397.24767917	[0, 1, 1, 1, 1, 1, 1, 1, 1, 1, 1, 1]
	777659	615809	641456	9	M	99	A		-1	3401.79858928	[1, 1, 1, 1, 1, 1, 1, 1, 1, 1, 1, 1]
	693789	665254	691080	9	M	19	A		-1	3402.3053547	[1, 1, 1, 1, 1, 1, 1, 1, 1, 1, 1, 1]
	777510	683441	604850	9	M	100	A		-1	3402.95654906	[1, 1, 1, 1, 1, 1, 1, 1, 1, 1, 1, 1]
	744268	645630	646020	9	M	90	A		-1	3404.66493604	[1, 1, 1, 1, 1, 1, 1, 0, 1, 1, 1, 1]
	722266	646035	629952	9	M	98	A		-1	3405.19298881	[1, 1, 1, 1, 1, 1, 1, 0, 1, 1, 1, 1]
	735617	645630	650039	9	M	12	A		-1	3405.61657285	[1, 1, 1, 1, 1, 1, 1, 0, 1, 1, 1, 1]
	713055	668020	640244	9	M	100	A		-1	3410.37585514	[1, 1, 1, 1, 1, 1, 1, 1, 1, 1, 1, 1]
	767901	619447	684095	9	M	31	A		-1	3410.42451192	[1, 1, 1, 1, 1, 1, 1, 1, 1, 1, 1, 1]
	765068	594350	646263	9	M	84	A		-1	3411.06634921	[0, 1, 1, 1, 1, 1, 1, 1, 1, 1, 1, 1]
	739929	669649	687092	9	M	96	A		-1	3414.42582194	[1, 1, 1, 1, 1, 1, 1, 1, 1, 1, 1, 1]
	714483	612959	666815	9	M	86	A		-1	3415.96862375	[1, 1, 1, 1, 1, 1, 1, 1, 1, 1, 1, 1]
	789581	683441	628277	9	M	66	A		-1	3424.26998069	[1, 1, 1, 1, 1, 1, 1, 1, 1, 1, 1, 1]
	744811	615809	678009	9	M	75	A		-1	3436.15002543	[1, 1, 1, 1, 1, 1, 1, 1, 1, 1, 1, 1]
	715589	646630	608971	9	M	61	A		-1	3443.69335332	[1, 1, 0, 1, 1, 1, 1, 1, 1, 1, 1, 1]
	740499	613754	645690	9	M	25	A		-1	3452.54794948	[1, 1, 1, 1, 1, 1, 1, 1, 1, 1, 1, 1]
	781452	612959	618623	9	M	9	A		-1	3461.89366312	[1, 1, 1, 1, 1, 1, 1, 1, 1, 1, 1, 1]
	749199	668020	683233	9	M	63	A		-1	3477.04040996	[1, 1, 1, 1, 1, 1, 1, 1, 1, 1, 1, 1]
	780087	625291	632177	9	M	99	A		-1	3477.34670824	[1, 1, 1, 1, 1, 1, 1, 1, 1, 1, 1, 1]
	771752	640911	673081	9	M	3	A		-1	3492.21737529	[1, 1, 1, 1, 1, 1, 1, 1, 1, 1, 1, 1]
	754181	654077	691716	9	M	96	A		-1	3497.1803965	[1, 1, 1, 1, 1, 1, 1, 1, 1, 1, 1, 1]
	718415	619447	616372	9	M	82	A		-1	3498.81094361	[1, 1, 1, 1, 1, 1, 1, 1, 1, 1, 1, 1]
	714822	642007	656139	9	M	48	A		-1	3500.04076337	[1, 1, 1, 1, 1, 1, 1, 1, 1, 1, 1, 1]
	776565	668444	412826	9	M	24	A		-1	3514.89048679	[1, 0, 1, 1, 1, 1, 1, 1, 1, 1, 1, 1]
	777519	668444	602008	9	M	60	A		-1	3523.43060481	[1, 1, 1, 1, 1, 1, 1, 1, 1, 1, 1, 1]
	739514	607816	628461	9	M	44	A		-1	3544.49998399	[1, 1, 1, 1, 1, 1, 1, 1, 1, 1, 1, 1]
	755848	683441	666138	9	M	40	A		-1	3551.46902371	[1, 1, 1, 1, 1, 1, 1, 1, 1, 1, 1, 1]
	779223	615809	662331	9	M	98	A		-1	3563.03893812	[1, 1, 1, 1, 1, 1, 1, 1, 1, 1, 1, 1]
	781768	511280	653373	9	M	24	A		-1	3574.74152156	[1, 1, 1, 1, 1, 1, 1, 1, 1, 1, 1, 1]
	748479	639790	608147	9	M	37	A		-1	3612.59290559	[1, 1, 1, 1, 1, 1, 1, 1, 1, 1, 1, 1]
	789522	511280	601153	9	M	85	A		-1	3615.50171234	[1, 1, 1, 1, 1, 1, 1, 1, 1, 1, 1, 1]
