animal	sire	dam	born	sex	herd	status	cause	died	TBV	recessives
	1161537	1021335	1021789	13	M	80	A		-1	3622.3020715	[1, 1, 1, 1, 1, 1, 1, 1, 1, 1, 1, 1]
	1210543	1121692	1123805	14	M	135	A		-1	3622.54163824	[1, 1, 1, 1, 1, 1, 1, 1, 1, 1, 1, 1]
	1229437	1122686	1132553	14	M	27	A		-1	3622.6677672	[1, 1, 1, 1, 1, 1, 1, 1, 1, 1, 1, 1]
	1219637	1122442	1142446	14	M	110	A		-1	3623.49808908	[1, 1, 1, 1, 1, 1, 1, 1, 1, 1, 1, 1]
	1270046	1126118	1086337	14	M	83	A		-1	3623.63040084	[1, 1, 1, 1, 1, 1, 1, 1, 1, 1, 1, 1]
	1126129	1020096	1023081	13	M	25	A		-1	3623.6448728	[1, 1, 1, 1, 1, 1, 1, 1, 1, 1, 1, 1]
	1208402	1121460	1123926	14	M	76	A		-1	3623.6948425	[1, 1, 1, 1, 1, 1, 1, 1, 1, 1, 1, 1]
	1283605	1126129	1099365	14	M	172	A		-1	3623.82116185	[1, 1, 1, 1, 1, 1, 1, 1, 1, 1, 1, 1]
	1262810	1125017	1033946	14	M	41	A		-1	3624.30794356	[1, 1, 1, 1, 1, 1, 1, 1, 1, 1, 1, 1]
	1231917	1122838	917594	14	M	126	A		-1	3624.68894877	[1, 1, 1, 1, 1, 1, 1, 1, 1, 1, 1, 1]
	1281948	1126129	1057343	14	M	83	A		-1	3624.76926066	[1, 1, 1, 1, 1, 1, 1, 1, 1, 1, 1, 1]
	1259455	1125017	991264	14	M	40	A		-1	3625.35171712	[1, 1, 1, 1, 1, 1, 1, 1, 1, 1, 1, 1]
	1198978	1194428	1175444	14	M	10	A		-1	3625.4036469	[1, 1, 1, 1, 1, 1, 1, 1, 1, 1, 1, 1]
	1195082	1194428	939720	14	M	28	A		-1	3625.50084704	[1, 1, 1, 1, 1, 1, 1, 1, 1, 1, 1, 1]
	1290398	1126467	1096502	14	M	102	A		-1	3625.60648262	[1, 1, 1, 1, 1, 1, 1, 1, 1, 1, 1, 1]
	1290750	1126467	1191726	14	M	26	A		-1	3626.21948314	[1, 1, 1, 1, 1, 1, 1, 1, 1, 1, 1, 1]
	1282242	1126129	1080038	14	M	1	A		-1	3626.25182591	[1, 1, 1, 1, 1, 1, 1, 1, 1, 1, 1, 1]
	1121692	1020021	991919	13	M	12	A		-1	3626.43558538	[1, 1, 1, 1, 1, 1, 1, 1, 1, 1, 1, 1]
	1292486	1126467	905357	14	M	142	A		-1	3626.62338204	[1, 1, 1, 1, 1, 1, 1, 1, 1, 1, 1, 1]
	1290808	1126467	1064907	14	M	152	A		-1	3626.99766344	[1, 1, 1, 1, 1, 1, 1, 1, 1, 1, 1, 1]
	1286124	1126225	1121155	14	M	197	A		-1	3627.0039751	[1, 1, 1, 1, 1, 1, 1, 1, 1, 1, 1, 1]
	1235659	1123166	1061758	14	M	187	A		-1	3627.28093422	[1, 1, 1, 1, 1, 1, 1, 1, 1, 1, 1, 1]
	1273992	1126118	1044093	14	M	28	A		-1	3627.4861675	[1, 1, 1, 1, 1, 1, 1, 1, 1, 1, 1, 1]
	1244412	1123881	1192908	14	M	113	A		-1	3627.69741165	[1, 1, 1, 1, 1, 1, 1, 1, 1, 1, 1, 1]
	1169247	1021479	1070045	13	M	22	A		-1	3627.80326961	[1, 1, 1, 1, 1, 1, 1, 1, 1, 1, 1, 1]
	1256044	1124754	1186526	14	M	80	A		-1	3628.31169525	[1, 1, 1, 1, 1, 1, 1, 1, 1, 1, 1, 1]
	1259418	1124754	1143748	14	M	5	A		-1	3628.53491668	[1, 1, 1, 1, 1, 1, 1, 1, 1, 1, 1, 1]
	1150122	1020456	1088786	13	M	27	A		-1	3628.78985088	[1, 1, 1, 1, 1, 1, 1, 1, 1, 1, 1, 1]
	1207334	1121460	1140359	14	M	156	A		-1	3629.27010184	[1, 1, 1, 1, 1, 1, 1, 1, 1, 1, 1, 1]
	1204244	1125557	1120172	14	M	112	A		-1	3629.31063454	[1, 1, 1, 1, 1, 1, 1, 1, 1, 1, 1, 1]
	1293192	1126467	1095673	14	M	171	A		-1	3629.69122496	[1, 1, 1, 1, 1, 1, 1, 1, 1, 1, 1, 1]
	1220640	1122442	967404	14	M	124	A		-1	3629.99509191	[1, 1, 1, 1, 1, 1, 1, 1, 1, 1, 1, 1]
	1270444	1126118	1132314	14	M	0	A		-1	3630.10674756	[1, 1, 1, 1, 1, 1, 1, 1, 1, 1, 1, 1]
	1184362	1022104	1074326	13	M	71	A		-1	3630.29232081	[1, 1, 1, 1, 1, 1, 1, 1, 1, 1, 1, 1]
	1195367	1194428	1119566	14	M	112	A		-1	3630.37570924	[1, 1, 1, 1, 1, 1, 1, 1, 1, 1, 1, 1]
	1214593	1122074	1098714	14	M	106	A		-1	3630.40215491	[1, 1, 1, 1, 1, 1, 1, 1, 1, 1, 1, 1]
	1195609	1194428	1188702	14	M	99	A		-1	3630.48646421	[1, 1, 1, 1, 1, 1, 1, 1, 1, 1, 1, 1]
	1237832	1123166	1056770	14	M	93	A		-1	3630.68056004	[1, 1, 1, 1, 1, 1, 1, 1, 1, 1, 1, 1]
	1276225	1130317	1186619	14	M	5	A		-1	3630.72156876	[1, 1, 1, 1, 1, 1, 1, 1, 1, 1, 1, 1]
	1277359	1130317	1126476	14	M	47	A		-1	3630.78154003	[1, 1, 1, 1, 1, 1, 1, 1, 1, 1, 1, 1]
	1233928	1122838	1175767	14	M	171	A		-1	3630.98223554	[1, 1, 1, 1, 1, 1, 1, 1, 1, 1, 1, 1]
	1213865	1121692	1106095	14	M	35	A		-1	3631.1520573	[1, 1, 1, 1, 1, 1, 1, 1, 1, 1, 1, 1]
	1293158	1126467	1096604	14	M	70	A		-1	3631.39560343	[1, 1, 1, 1, 1, 1, 1, 1, 1, 1, 1, 1]
	1270810	1126118	1141947	14	M	76	A		-1	3631.5053289	[1, 1, 1, 1, 1, 1, 1, 1, 1, 1, 1, 1]
	1259691	1125017	1164972	14	M	146	A		-1	3631.65610067	[1, 1, 1, 1, 1, 1, 1, 1, 1, 1, 1, 1]
	1253848	1124746	1120826	14	M	144	A		-1	3631.86311201	[1, 1, 1, 1, 1, 1, 1, 1, 1, 1, 1, 1]
	1224798	1122686	1139567	14	M	134	A		-1	3631.90860431	[1, 1, 1, 1, 1, 1, 1, 1, 1, 1, 1, 1]
	1265926	1125289	1056551	14	M	145	A		-1	3632.19651159	[1, 1, 1, 1, 1, 1, 1, 1, 1, 1, 1, 1]
	1257565	1124754	1123582	14	M	0	A		-1	3632.27267254	[1, 1, 1, 1, 1, 1, 1, 1, 1, 1, 1, 1]
	1103805	1022017	1021300	13	M	45	A		-1	3632.6613723	[1, 1, 1, 1, 1, 1, 1, 1, 1, 1, 1, 1]
	1264115	1125017	1164029	14	M	34	A		-1	3632.68709789	[1, 1, 1, 1, 1, 1, 1, 1, 1, 1, 1, 1]
	1259653	1125017	1190684	14	M	13	A		-1	3632.70428513	[1, 1, 1, 1, 1, 1, 1, 1, 1, 1, 1, 1]
	1249098	1124015	1116588	14	M	71	A		-1	3632.93594982	[1, 1, 1, 1, 1, 1, 1, 1, 1, 1, 1, 1]
	1266032	1125289	1136662	14	M	84	A		-1	3632.94130692	[1, 1, 1, 1, 1, 1, 1, 1, 1, 1, 1, 1]
	1213973	1121692	1167899	14	M	135	A		-1	3632.97851002	[1, 1, 1, 1, 1, 1, 1, 1, 1, 1, 1, 1]
	1127631	1020096	1053940	13	M	43	A		-1	3633.19831533	[1, 1, 1, 1, 1, 1, 1, 1, 1, 1, 1, 1]
	1293594	1126467	1138289	14	M	64	A		-1	3633.22181088	[1, 1, 1, 1, 1, 1, 1, 1, 1, 1, 1, 1]
	1284391	1126129	1049110	14	M	192	A		-1	3633.3085469	[1, 1, 1, 1, 1, 1, 1, 1, 1, 1, 1, 1]
	1211758	1121692	1148754	14	M	102	A		-1	3633.30981529	[1, 1, 1, 1, 1, 1, 1, 1, 1, 1, 1, 1]
	1292200	1126467	1167769	14	M	108	A		-1	3633.4473126	[1, 1, 1, 1, 1, 1, 1, 1, 1, 1, 1, 1]
	1285143	1126225	1162504	14	M	149	A		-1	3633.57008558	[1, 1, 1, 1, 1, 1, 1, 1, 1, 1, 1, 1]
	1211984	1121692	1181882	14	M	95	A		-1	3633.95948981	[1, 1, 1, 1, 1, 1, 1, 1, 1, 1, 1, 1]
	1272744	1126118	1128904	14	M	108	A		-1	3633.96718673	[1, 1, 1, 1, 1, 1, 1, 1, 1, 1, 1, 1]
	1133407	1020099	895786	13	M	29	A		-1	3634.16334826	[1, 1, 1, 1, 1, 1, 1, 1, 1, 1, 1, 1]
	1233549	1122838	1096306	14	M	43	A		-1	3634.38570974	[1, 1, 1, 1, 1, 1, 1, 1, 1, 1, 1, 1]
	1286705	1126225	1102691	14	M	180	A		-1	3634.46720736	[1, 1, 1, 1, 1, 1, 1, 1, 1, 1, 1, 1]
	1222720	1122442	1164377	14	M	161	A		-1	3634.47766997	[1, 1, 1, 1, 1, 1, 1, 1, 1, 1, 1, 1]
	1253815	1124746	1182884	14	M	149	A		-1	3634.71594568	[1, 1, 1, 1, 1, 1, 1, 1, 1, 1, 1, 1]
	1174031	1022081	1074446	13	M	108	A		-1	3634.8208872	[1, 1, 1, 1, 1, 1, 1, 1, 1, 1, 1, 1]
	1210640	1121692	1018191	14	M	54	A		-1	3634.8308389	[1, 1, 1, 1, 1, 1, 1, 1, 1, 1, 1, 0]
	1287328	1126225	1148945	14	M	145	A		-1	3634.95017726	[1, 1, 1, 1, 1, 1, 1, 1, 1, 1, 1, 1]
	1242133	1123881	1096413	14	M	59	A		-1	3635.45187074	[1, 1, 1, 1, 1, 1, 1, 1, 1, 1, 1, 1]
	1263035	1125017	1118188	14	M	150	A		-1	3635.5118428	[1, 1, 1, 1, 1, 1, 1, 1, 1, 1, 1, 1]
	1203601	1125557	951049	14	M	110	A		-1	3635.54774859	[1, 1, 1, 1, 1, 1, 1, 1, 1, 1, 1, 1]
	1292639	1126467	1067685	14	M	78	A		-1	3635.60352771	[1, 1, 1, 1, 1, 1, 1, 1, 1, 1, 1, 1]
	1278956	1130317	1181894	14	M	57	A		-1	3635.67733447	[1, 1, 1, 1, 1, 1, 1, 1, 1, 1, 1, 1]
	1289573	1126467	1189095	14	M	200	A		-1	3635.78979686	[1, 1, 1, 1, 1, 1, 1, 1, 1, 1, 1, 1]
	1132621	1020099	1004706	13	M	81	A		-1	3635.85092126	[1, 1, 1, 1, 1, 1, 1, 1, 1, 1, 1, 1]
	1231421	1122838	1139836	14	M	38	A		-1	3636.01467112	[1, 1, 1, 1, 1, 1, 1, 1, 1, 1, 1, 1]
	1209932	1121692	1160144	14	M	172	A		-1	3636.08979634	[1, 1, 1, 1, 1, 1, 1, 1, 1, 1, 1, 1]
	1245845	1124015	1104178	14	M	98	A		-1	3636.28454504	[1, 1, 1, 1, 1, 1, 1, 1, 1, 1, 1, 1]
	1263248	1125017	1183537	14	M	148	A		-1	3637.12202133	[1, 1, 1, 1, 1, 1, 1, 1, 1, 1, 1, 1]
	1288489	1126225	1154359	14	M	153	A		-1	3637.31076895	[1, 1, 1, 1, 1, 1, 1, 1, 1, 1, 1, 1]
	1216732	1122074	1104112	14	M	26	A		-1	3637.49844877	[1, 1, 1, 1, 1, 1, 1, 1, 1, 1, 1, 1]
	1236359	1123166	1148524	14	M	32	A		-1	3637.56273094	[1, 1, 1, 1, 1, 1, 1, 1, 1, 1, 1, 1]
	1290859	1126467	1127585	14	M	146	A		-1	3637.73780843	[1, 1, 1, 1, 1, 1, 1, 1, 1, 1, 1, 1]
	1284158	1126129	1106341	14	M	30	A		-1	3637.95456256	[1, 1, 1, 1, 1, 1, 1, 1, 1, 1, 1, 1]
	1130250	1020099	1045472	13	M	43	A		-1	3638.05465556	[1, 1, 1, 1, 1, 1, 1, 1, 1, 1, 1, 1]
	1283303	1126129	1011748	14	M	5	A		-1	3638.23717374	[1, 1, 1, 1, 1, 1, 1, 1, 1, 1, 1, 1]
	1260845	1125017	1115530	14	M	39	A		-1	3638.59808277	[1, 1, 1, 1, 1, 1, 1, 1, 1, 1, 1, 1]
	1232371	1122838	1138841	14	M	2	A		-1	3638.77205816	[1, 1, 1, 1, 1, 1, 1, 1, 1, 1, 1, 1]
	1200603	1125557	1154057	14	M	112	A		-1	3638.84690375	[1, 1, 1, 1, 1, 1, 1, 1, 1, 1, 1, 1]
	1270163	1126118	1123740	14	M	103	A		-1	3638.86319662	[1, 1, 1, 1, 1, 1, 1, 1, 1, 1, 1, 1]
	1283253	1126129	1139495	14	M	12	A		-1	3639.46835617	[1, 1, 1, 1, 1, 1, 1, 1, 1, 1, 1, 1]
	1209682	1121692	1113447	14	M	110	A		-1	3639.6393281	[1, 1, 1, 1, 1, 1, 1, 1, 1, 1, 1, 1]
	1276749	1130317	1157374	14	M	21	A		-1	3639.67658286	[1, 1, 1, 1, 1, 1, 1, 1, 1, 1, 1, 1]
	1289028	1126225	1171892	14	M	99	A		-1	3639.89740954	[1, 1, 1, 1, 1, 1, 1, 1, 1, 1, 1, 1]
	1290495	1126467	1121122	14	M	70	A		-1	3639.99734834	[1, 1, 1, 1, 1, 1, 1, 1, 1, 1, 1, 1]
	1211748	1121692	1141001	14	M	108	A		-1	3640.01357012	[1, 1, 1, 1, 1, 1, 1, 1, 1, 1, 1, 1]
	1209987	1121692	1131517	14	M	56	A		-1	3640.10950695	[1, 1, 1, 1, 1, 1, 1, 1, 1, 1, 1, 1]
	1279248	1130317	1159299	14	M	48	A		-1	3640.1790353	[1, 1, 1, 1, 1, 1, 1, 1, 1, 1, 1, 1]
	1239786	1123881	1117535	14	M	54	A		-1	3640.35288379	[1, 1, 1, 1, 1, 1, 1, 1, 1, 1, 1, 1]
	1283111	1126129	1163432	14	M	168	A		-1	3640.3610523	[1, 1, 1, 1, 1, 1, 1, 1, 1, 1, 1, 1]
	1272160	1126118	1135117	14	M	199	A		-1	3640.56119154	[1, 1, 1, 1, 1, 1, 1, 1, 1, 1, 1, 1]
	1212471	1121692	1112008	14	M	85	A		-1	3641.19008768	[1, 1, 1, 1, 1, 1, 1, 1, 1, 1, 1, 1]
	1219841	1122442	1189541	14	M	126	A		-1	3641.28254463	[1, 1, 1, 1, 1, 1, 1, 1, 1, 1, 1, 1]
	1247634	1124015	1178195	14	M	32	A		-1	3641.53598012	[1, 1, 1, 1, 1, 1, 1, 1, 1, 1, 1, 1]
	1176271	1024053	1048742	13	M	179	A		-1	3641.58735991	[1, 1, 1, 1, 1, 1, 1, 1, 1, 1, 1, 1]
	1257008	1124754	1122295	14	M	89	A		-1	3641.740058	[1, 1, 1, 1, 1, 1, 1, 1, 1, 1, 1, 1]
	1262433	1125017	1027159	14	M	161	A		-1	3641.80144838	[1, 1, 1, 1, 1, 1, 1, 1, 1, 1, 1, 1]
	1271530	1126118	1144275	14	M	109	A		-1	3641.94759751	[1, 1, 1, 1, 1, 1, 1, 1, 1, 1, 1, 1]
	1234010	1122838	1095580	14	M	39	A		-1	3642.25260392	[1, 1, 1, 1, 1, 1, 1, 1, 1, 1, 1, 1]
	1213119	1121692	1133989	14	M	8	A		-1	3642.48897028	[1, 1, 1, 1, 1, 1, 1, 1, 1, 1, 1, 1]
	1248855	1124015	1114012	14	M	169	A		-1	3642.6133385	[1, 1, 1, 1, 1, 1, 1, 1, 1, 1, 1, 1]
	1209519	1121692	1107322	14	M	52	A		-1	3642.9475457	[1, 1, 1, 1, 1, 1, 1, 1, 1, 1, 1, 1]
	1249014	1124015	1179101	14	M	69	A		-1	3643.01226619	[1, 1, 1, 1, 1, 1, 1, 1, 1, 1, 1, 1]
	1241280	1123881	1091262	14	M	74	A		-1	3643.41730443	[1, 1, 1, 1, 1, 1, 1, 1, 1, 1, 1, 1]
	1258997	1124754	1177374	14	M	44	A		-1	3643.81311933	[1, 1, 1, 1, 1, 1, 1, 1, 1, 1, 1, 1]
	1211014	1121692	1164451	14	M	73	A		-1	3643.83098221	[1, 1, 1, 1, 1, 1, 1, 1, 1, 1, 1, 1]
	1197098	1194428	1063882	14	M	181	A		-1	3644.02331209	[1, 1, 1, 1, 1, 1, 1, 1, 1, 1, 1, 1]
	1120910	1020021	1058437	13	M	122	A		-1	3644.59766316	[1, 1, 1, 1, 1, 1, 1, 1, 1, 1, 1, 1]
	1277171	1130317	1146432	14	M	179	A		-1	3644.60601589	[1, 1, 1, 1, 1, 1, 1, 1, 1, 1, 1, 1]
	1242633	1123881	1115279	14	M	121	A		-1	3645.17085713	[1, 1, 1, 1, 1, 1, 1, 1, 1, 1, 1, 1]
	1256596	1124754	1066717	14	M	119	A		-1	3645.55022782	[1, 1, 1, 1, 1, 1, 1, 1, 1, 1, 1, 1]
	1215373	1122074	1038509	14	M	89	A		-1	3645.65327895	[1, 1, 1, 1, 1, 1, 1, 1, 1, 1, 1, 1]
	1221347	1122442	1043962	14	M	121	A		-1	3645.70967156	[1, 1, 1, 1, 1, 1, 1, 1, 1, 1, 1, 1]
	1291822	1126467	1190654	14	M	181	A		-1	3645.91022011	[1, 1, 1, 1, 1, 1, 1, 1, 1, 1, 1, 1]
	1249741	1124746	1145290	14	M	152	A		-1	3646.05509951	[1, 1, 1, 1, 1, 1, 1, 1, 1, 1, 1, 1]
	1273433	1126118	1166400	14	M	114	A		-1	3646.08005094	[1, 1, 1, 1, 1, 1, 1, 1, 1, 1, 1, 1]
	1253500	1124746	1153614	14	M	113	A		-1	3646.43899163	[1, 1, 1, 1, 1, 1, 1, 1, 1, 1, 1, 1]
	1208179	1121460	1160683	14	M	129	A		-1	3646.77059852	[1, 1, 1, 1, 1, 1, 1, 1, 1, 1, 1, 1]
	1274282	1126118	1186609	14	M	114	A		-1	3646.79686475	[1, 1, 1, 1, 1, 1, 1, 1, 1, 1, 1, 1]
	1114866	1019939	1082599	13	M	184	A		-1	3646.84426367	[1, 1, 1, 1, 1, 1, 1, 1, 1, 1, 1, 1]
	1238696	1123166	1168430	14	M	145	A		-1	3647.24415783	[1, 1, 1, 1, 1, 1, 1, 1, 1, 1, 1, 1]
	1248083	1124015	1179637	14	M	123	A		-1	3647.30929123	[1, 1, 1, 1, 1, 1, 1, 1, 1, 1, 1, 1]
	1162160	1021335	1017665	13	M	131	A		-1	3648.19459902	[1, 1, 1, 1, 1, 1, 1, 1, 1, 1, 1, 1]
	1243976	1123881	1112062	14	M	177	A		-1	3648.24170563	[1, 1, 1, 1, 1, 1, 1, 1, 1, 1, 1, 1]
	1233316	1122838	1153876	14	M	141	A		-1	3648.53293724	[1, 1, 1, 1, 1, 1, 1, 1, 1, 1, 1, 1]
	1290557	1126467	818014	14	M	78	A		-1	3649.12260488	[1, 1, 1, 1, 1, 1, 1, 1, 1, 1, 1, 1]
	1271969	1126118	1069996	14	M	181	A		-1	3649.38032611	[1, 1, 1, 1, 1, 1, 1, 1, 1, 1, 1, 1]
	1292530	1126467	1169999	14	M	63	A		-1	3649.69554301	[1, 1, 1, 1, 1, 1, 1, 1, 1, 1, 1, 1]
	1218636	1122074	991686	14	M	60	A		-1	3649.74792455	[1, 1, 1, 1, 1, 1, 1, 1, 1, 1, 1, 1]
	1287345	1126225	1167967	14	M	150	A		-1	3650.47103098	[1, 1, 1, 1, 1, 1, 1, 1, 1, 1, 1, 1]
	1205341	1121460	1070856	14	M	4	A		-1	3650.65732802	[1, 1, 1, 1, 1, 1, 1, 1, 1, 1, 1, 1]
	1274508	1130317	1176311	14	M	89	A		-1	3651.02360379	[1, 1, 1, 1, 1, 1, 1, 1, 1, 1, 1, 1]
	1238466	1123166	1170364	14	M	188	A		-1	3651.02403918	[1, 1, 1, 1, 1, 1, 1, 1, 1, 1, 1, 1]
	1287466	1126225	1170485	14	M	137	A		-1	3651.48304046	[1, 1, 1, 1, 1, 1, 1, 1, 1, 1, 1, 1]
	1264444	1125017	1101537	14	M	64	A		-1	3651.98463163	[1, 1, 1, 1, 1, 1, 1, 1, 1, 1, 1, 1]
	1277717	1130317	1155632	14	M	192	A		-1	3652.13967132	[1, 1, 1, 1, 1, 1, 1, 1, 1, 1, 1, 1]
	1250197	1124746	1100405	14	M	118	A		-1	3652.2060598	[1, 1, 1, 1, 1, 1, 1, 1, 1, 1, 1, 1]
	1217050	1122074	1184788	14	M	191	A		-1	3652.37318622	[1, 1, 1, 1, 1, 1, 1, 1, 1, 1, 1, 1]
	1251827	1124746	1164956	14	M	29	A		-1	3652.63024076	[1, 1, 1, 1, 1, 1, 1, 1, 1, 1, 1, 1]
	1290784	1126467	994887	14	M	80	A		-1	3652.86488246	[1, 1, 1, 1, 1, 1, 1, 1, 1, 1, 1, 1]
	1291221	1126467	1193657	14	M	98	A		-1	3652.87195423	[1, 1, 1, 1, 1, 1, 1, 1, 1, 1, 1, 1]
	1285039	1126225	1009092	14	M	27	A		-1	3652.92650245	[1, 1, 1, 1, 1, 1, 1, 1, 1, 1, 1, 1]
	1242783	1123881	1183680	14	M	1	A		-1	3653.01893955	[1, 1, 1, 1, 1, 1, 1, 1, 1, 1, 1, 1]
	1206812	1121460	1061735	14	M	131	A		-1	3653.29130076	[1, 1, 1, 1, 1, 1, 1, 1, 1, 1, 1, 1]
	1274237	1126118	1172759	14	M	169	A		-1	3653.3185572	[1, 1, 1, 1, 1, 1, 1, 1, 1, 1, 1, 1]
	1279113	1130317	1134104	14	M	136	A		-1	3653.61563021	[1, 1, 1, 1, 1, 1, 1, 1, 1, 1, 1, 1]
	1206776	1121460	1108592	14	M	124	A		-1	3653.7508062	[1, 1, 1, 1, 1, 1, 1, 1, 1, 1, 1, 1]
	1280563	1126129	1100549	14	M	95	A		-1	3654.09080289	[1, 1, 1, 1, 1, 1, 1, 1, 1, 1, 1, 1]
	1019698	920495	920904	12	M	127	A		-1	3654.39167967	[1, 1, 1, 1, 1, 1, 1, 1, 1, 1, 1, 1]
	1197016	1194428	1097181	14	M	180	A		-1	3654.52616648	[1, 1, 1, 1, 1, 1, 1, 1, 1, 1, 1, 1]
	1282149	1126129	1134804	14	M	56	A		-1	3654.82907083	[1, 1, 1, 1, 1, 1, 1, 1, 1, 1, 1, 1]
	1216545	1122074	1130610	14	M	134	A		-1	3654.98729973	[1, 1, 1, 1, 1, 1, 1, 1, 1, 1, 1, 1]
	1284606	1126225	1148443	14	M	154	A		-1	3655.58836449	[1, 1, 1, 1, 1, 1, 1, 1, 1, 1, 1, 1]
	1230012	1122838	1064191	14	M	145	A		-1	3655.69513786	[1, 1, 1, 1, 1, 1, 1, 1, 1, 1, 1, 1]
	1278404	1130317	1179516	14	M	63	A		-1	3656.0486154	[1, 1, 1, 1, 1, 1, 1, 1, 1, 1, 1, 1]
	1202302	1125557	1023146	14	M	0	A		-1	3656.17127512	[1, 1, 1, 1, 1, 1, 1, 1, 1, 1, 1, 1]
	1220205	1122442	1077392	14	M	199	A		-1	3656.30968537	[1, 1, 1, 1, 1, 1, 1, 1, 1, 1, 1, 1]
	1273637	1126118	1171588	14	M	1	A		-1	3656.33550364	[1, 1, 1, 1, 1, 1, 1, 1, 1, 1, 1, 1]
	1269910	1126118	1119183	14	M	187	A		-1	3656.37537926	[1, 1, 1, 1, 1, 1, 1, 1, 1, 1, 1, 1]
	1248566	1124015	1031665	14	M	14	A		-1	3656.54771358	[1, 1, 1, 1, 1, 1, 1, 1, 1, 1, 1, 1]
	1213643	1121692	1134284	14	M	24	A		-1	3656.55071773	[1, 1, 1, 1, 1, 1, 1, 1, 1, 1, 1, 1]
	1253190	1124746	1055549	14	M	114	A		-1	3656.56185796	[1, 1, 1, 1, 1, 1, 1, 1, 1, 1, 1, 1]
	1212445	1121692	1063728	14	M	172	A		-1	3656.60384162	[1, 1, 1, 1, 1, 1, 1, 1, 1, 1, 1, 1]
	1210965	1121692	949822	14	M	145	A		-1	3656.64510267	[1, 1, 1, 1, 1, 1, 1, 1, 1, 1, 1, 1]
	1240146	1123881	809235	14	M	126	A		-1	3656.75106373	[1, 1, 1, 1, 1, 1, 1, 1, 1, 1, 1, 1]
	1293833	1126467	1152349	14	M	66	A		-1	3657.23120261	[1, 1, 1, 1, 1, 1, 1, 1, 1, 1, 1, 1]
	1251642	1124746	1053730	14	M	28	A		-1	3657.63642402	[1, 1, 1, 1, 1, 1, 1, 1, 1, 1, 1, 1]
	1238031	1123166	955898	14	M	49	A		-1	3657.79327345	[1, 1, 1, 1, 1, 1, 1, 1, 1, 1, 1, 0]
	1230767	1122838	1151768	14	M	28	A		-1	3658.27515032	[1, 1, 1, 1, 1, 1, 1, 1, 1, 1, 1, 1]
	1291491	1126467	1151494	14	M	124	A		-1	3658.34139902	[1, 1, 1, 1, 1, 1, 1, 1, 1, 1, 1, 1]
	1272275	1126118	1095597	14	M	170	A		-1	3658.40874316	[1, 1, 1, 1, 1, 1, 1, 1, 1, 1, 1, 1]
	1266106	1125289	1143847	14	M	29	A		-1	3658.62403499	[1, 1, 1, 1, 1, 1, 1, 1, 1, 1, 1, 1]
	1290875	1126467	1073495	14	M	6	A		-1	3658.95090828	[1, 1, 1, 1, 1, 1, 1, 1, 1, 1, 1, 1]
	1294141	1126467	1088462	14	M	86	A		-1	3659.54812166	[1, 1, 1, 1, 1, 1, 1, 1, 1, 1, 1, 1]
	1281760	1126129	1072040	14	M	114	A		-1	3659.60427778	[1, 1, 1, 1, 1, 1, 1, 1, 1, 1, 1, 1]
	1233474	1122838	1134769	14	M	69	A		-1	3659.76792237	[1, 1, 1, 1, 1, 1, 1, 1, 1, 1, 1, 1]
	1292302	1126467	1192479	14	M	170	A		-1	3659.86626518	[1, 1, 1, 1, 1, 1, 1, 1, 1, 1, 1, 1]
	1272959	1126118	1144752	14	M	197	A		-1	3660.35395107	[1, 1, 1, 1, 1, 1, 1, 1, 1, 1, 1, 1]
	1238009	1123166	1175900	14	M	13	A		-1	3660.67730828	[1, 1, 1, 1, 1, 1, 1, 1, 1, 1, 1, 1]
	1273869	1126118	1116834	14	M	140	A		-1	3660.87618747	[1, 1, 1, 1, 1, 1, 1, 1, 1, 1, 1, 1]
	1270288	1126118	1153457	14	M	3	A		-1	3661.18627005	[1, 1, 1, 1, 1, 1, 1, 1, 1, 1, 1, 1]
	1253643	1124746	1055824	14	M	92	A		-1	3661.20697185	[1, 1, 1, 1, 1, 1, 1, 1, 1, 1, 1, 1]
	1222036	1122442	1156563	14	M	177	A		-1	3661.68414478	[1, 1, 1, 1, 1, 1, 1, 1, 1, 1, 1, 1]
	1146093	1020349	1063108	13	M	96	A		-1	3661.72930421	[1, 1, 1, 1, 1, 1, 1, 1, 1, 1, 1, 1]
	1257657	1124754	1080125	14	M	29	A		-1	3661.8723805	[1, 1, 1, 1, 1, 1, 1, 1, 1, 1, 1, 1]
	1291750	1126467	1170686	14	M	112	A		-1	3661.94150985	[1, 1, 1, 1, 1, 1, 1, 1, 1, 1, 1, 1]
	1211025	1121692	1007326	14	M	30	A		-1	3662.23659323	[1, 1, 1, 1, 1, 1, 1, 1, 1, 1, 1, 1]
	1273633	1126118	1160779	14	M	66	A		-1	3662.37150076	[1, 1, 1, 1, 1, 1, 1, 1, 1, 1, 1, 0]
	1022780	920495	975442	12	M	155	A		-1	3663.42226598	[1, 1, 1, 1, 1, 1, 1, 1, 1, 1, 1, 1]
	1271910	1126118	1053909	14	M	100	A		-1	3664.10210305	[1, 1, 1, 1, 1, 1, 1, 1, 1, 1, 1, 1]
	1292365	1126467	1013493	14	M	54	A		-1	3664.40639543	[1, 1, 1, 1, 1, 1, 1, 1, 1, 1, 1, 1]
	1271231	1126118	1094836	14	M	136	A		-1	3664.54569543	[1, 1, 1, 1, 1, 1, 1, 1, 1, 1, 1, 1]
	1293876	1126467	1159445	14	M	159	A		-1	3664.68540599	[1, 1, 1, 1, 1, 1, 1, 1, 1, 1, 1, 1]
	1273945	1126118	1104829	14	M	117	A		-1	3664.94574123	[1, 1, 1, 1, 1, 1, 1, 1, 1, 1, 1, 1]
	1156771	1020657	1048353	13	M	200	A		-1	3664.98500991	[1, 1, 1, 1, 1, 1, 1, 1, 1, 1, 1, 1]
	1267970	1125289	1194043	14	M	175	A		-1	3665.44266816	[1, 1, 1, 1, 1, 1, 1, 1, 1, 1, 1, 1]
	1293917	1126467	1044922	14	M	127	A		-1	3666.83938171	[1, 1, 1, 1, 1, 1, 1, 1, 1, 1, 1, 1]
	1078186	926617	955806	12	M	187	A		-1	3667.03738717	[1, 1, 1, 1, 1, 1, 1, 1, 1, 1, 1, 1]
	1241467	1123881	1127045	14	M	90	A		-1	3667.37209173	[1, 1, 1, 1, 1, 1, 1, 1, 1, 1, 1, 1]
	1148146	1020349	1070465	13	M	125	A		-1	3667.49194073	[1, 1, 1, 1, 1, 1, 1, 1, 1, 1, 1, 1]
	1253768	1124746	1126133	14	M	197	A		-1	3667.60558414	[1, 1, 1, 1, 1, 1, 1, 1, 1, 1, 1, 1]
	1289681	1126467	1191891	14	M	45	A		-1	3667.61231213	[1, 1, 1, 1, 1, 1, 1, 1, 1, 1, 1, 1]
	1239469	1123881	1191556	14	M	39	A		-1	3667.73253188	[1, 1, 1, 1, 1, 1, 1, 1, 1, 1, 1, 1]
	1280589	1126129	1190907	14	M	60	A		-1	3667.82615983	[1, 1, 1, 1, 1, 1, 1, 1, 1, 1, 1, 1]
	1293603	1126467	1191440	14	M	72	A		-1	3667.8391848	[1, 1, 1, 1, 1, 1, 1, 1, 1, 1, 1, 1]
	1239260	1123166	1131898	14	M	54	A		-1	3667.98904812	[1, 1, 1, 1, 1, 1, 1, 1, 1, 1, 1, 1]
	1264170	1125017	1167989	14	M	36	A		-1	3668.05158985	[1, 1, 1, 1, 1, 1, 1, 1, 1, 1, 1, 1]
	1294081	1126467	1103520	14	M	66	A		-1	3668.98677673	[1, 1, 1, 1, 1, 1, 1, 1, 1, 1, 1, 1]
	1292156	1126467	1114465	14	M	110	A		-1	3669.16587228	[1, 1, 1, 1, 1, 1, 1, 1, 1, 1, 1, 1]
	1223531	1122442	1191474	14	M	6	A		-1	3669.18913797	[1, 1, 1, 1, 1, 1, 1, 1, 1, 1, 1, 1]
	1291616	1126467	1122815	14	M	121	A		-1	3669.30224867	[1, 1, 1, 1, 1, 1, 1, 1, 1, 1, 1, 1]
	1241673	1123881	1079912	14	M	192	A		-1	3669.43929997	[1, 1, 1, 1, 1, 1, 1, 1, 1, 1, 1, 1]
	1208816	1121460	1009673	14	M	126	A		-1	3669.4814396	[1, 1, 1, 1, 1, 1, 1, 1, 1, 1, 1, 1]
	1225530	1122686	1133670	14	M	49	A		-1	3669.57648184	[1, 1, 1, 1, 1, 1, 1, 1, 1, 1, 1, 1]
	1222932	1122442	1190745	14	M	146	A		-1	3670.0380499	[1, 1, 1, 1, 1, 1, 1, 1, 1, 1, 1, 1]
	1274334	1126118	1160978	14	M	81	A		-1	3670.3237545	[1, 1, 1, 1, 1, 1, 1, 1, 1, 1, 1, 1]
	1197292	1194428	1165004	14	M	28	A		-1	3670.37991968	[1, 1, 1, 1, 1, 1, 1, 1, 1, 1, 1, 1]
	1290089	1126467	1116048	14	M	26	A		-1	3670.58406738	[1, 1, 1, 1, 1, 1, 1, 1, 1, 1, 1, 1]
	1291292	1126467	1169208	14	M	113	A		-1	3671.06179046	[1, 1, 1, 1, 1, 1, 1, 1, 1, 1, 1, 1]
	1293147	1126467	1188134	14	M	175	A		-1	3671.4196767	[1, 1, 1, 1, 1, 1, 1, 1, 1, 1, 1, 1]
	1250884	1124746	1050372	14	M	17	A		-1	3672.18397015	[1, 1, 1, 1, 1, 1, 1, 1, 1, 1, 1, 1]
	1287665	1126225	1145178	14	M	178	A		-1	3672.6482646	[1, 1, 1, 1, 1, 1, 1, 1, 1, 1, 1, 1]
	1216474	1122074	1193232	14	M	76	A		-1	3673.43410271	[1, 1, 1, 1, 1, 1, 1, 1, 1, 1, 1, 1]
	1212952	1121692	1165537	14	M	194	A		-1	3673.8179008	[1, 1, 1, 1, 1, 1, 1, 1, 1, 1, 1, 1]
	1233011	1122838	1123343	14	M	191	A		-1	3674.70158904	[1, 1, 1, 1, 1, 1, 1, 1, 1, 1, 1, 1]
	1221755	1122442	1194343	14	M	64	A		-1	3675.46597514	[1, 1, 1, 1, 1, 1, 1, 1, 1, 1, 1, 1]
	1240624	1123881	1114759	14	M	8	A		-1	3676.22024776	[1, 1, 1, 1, 1, 1, 1, 1, 1, 1, 1, 1]
	1203976	1125557	1154441	14	M	121	A		-1	3676.43253464	[1, 1, 1, 1, 1, 1, 1, 1, 1, 1, 1, 1]
	1202777	1125557	1137821	14	M	141	A		-1	3676.58929718	[1, 1, 1, 1, 1, 1, 1, 1, 1, 1, 1, 1]
	1151876	1020456	976702	13	M	111	A		-1	3677.03081831	[1, 1, 1, 1, 1, 1, 1, 1, 1, 1, 1, 1]
	1269012	1125289	1101314	14	M	0	A		-1	3677.06767914	[1, 1, 1, 1, 1, 1, 1, 1, 1, 1, 1, 1]
	1173585	1022081	1083825	13	M	114	A		-1	3677.11563524	[1, 1, 1, 1, 1, 1, 1, 1, 1, 1, 1, 1]
	1239502	1123881	1159560	14	M	76	A		-1	3677.31960287	[1, 1, 1, 1, 1, 1, 1, 1, 1, 1, 1, 1]
	1250104	1124746	1174666	14	M	100	A		-1	3677.44232815	[1, 1, 1, 1, 1, 1, 1, 1, 1, 1, 1, 1]
	1292078	1126467	959486	14	M	95	A		-1	3677.60986514	[1, 1, 1, 1, 1, 1, 1, 1, 1, 1, 1, 1]
	1182379	1022104	1077798	13	M	120	A		-1	3677.66645919	[1, 1, 1, 1, 1, 1, 1, 1, 1, 1, 1, 1]
	1189859	1022658	1050099	13	M	3	A		-1	3678.6340236	[1, 1, 1, 1, 1, 1, 1, 1, 1, 1, 1, 1]
	1283513	1126129	1012093	14	M	108	A		-1	3680.02602914	[1, 1, 1, 1, 1, 1, 1, 1, 1, 1, 1, 1]
	1253260	1124746	1173038	14	M	112	A		-1	3680.68641528	[1, 1, 1, 1, 1, 1, 1, 1, 1, 1, 1, 1]
	1235980	1123166	1140069	14	M	7	A		-1	3680.81502428	[1, 1, 1, 1, 1, 1, 1, 1, 1, 1, 1, 1]
	1216802	1122074	1008758	14	M	146	A		-1	3681.02405077	[1, 1, 1, 1, 1, 1, 1, 1, 1, 1, 1, 1]
	1292460	1126467	1189762	14	M	104	A		-1	3681.63505884	[1, 1, 1, 1, 1, 1, 1, 1, 1, 1, 1, 1]
	1284892	1126225	1125783	14	M	96	A		-1	3681.73474318	[1, 1, 1, 1, 1, 1, 1, 1, 1, 1, 1, 1]
	1254714	1124754	1149184	14	M	200	A		-1	3682.55535772	[1, 1, 1, 1, 1, 1, 1, 1, 1, 1, 1, 1]
	1268635	1125289	1164785	14	M	120	A		-1	3683.06145425	[1, 1, 1, 1, 1, 1, 1, 1, 1, 1, 1, 1]
	1273607	1126118	1104840	14	M	47	A		-1	3683.39454279	[1, 1, 1, 1, 1, 1, 1, 1, 1, 1, 1, 1]
	1221108	1122442	1163255	14	M	103	A		-1	3683.61060115	[1, 1, 1, 1, 1, 1, 1, 1, 1, 1, 1, 1]
	1168048	1021479	1058582	13	M	111	A		-1	3683.64557335	[1, 1, 1, 1, 1, 1, 1, 1, 1, 1, 1, 1]
	1211981	1121692	1099962	14	M	56	A		-1	3684.56910246	[1, 1, 1, 1, 1, 1, 1, 1, 1, 1, 1, 1]
	1293524	1126467	1168758	14	M	24	A		-1	3684.75863839	[1, 1, 1, 1, 1, 1, 1, 1, 1, 1, 1, 1]
	1209456	1121692	1147332	14	M	36	A		-1	3684.76978438	[1, 1, 1, 1, 1, 1, 1, 1, 1, 1, 1, 1]
	1217548	1122074	1120506	14	M	66	A		-1	3684.96942499	[1, 1, 1, 1, 1, 1, 1, 1, 1, 1, 1, 1]
	1220005	1122442	962696	14	M	81	A		-1	3685.06908901	[1, 1, 1, 1, 1, 1, 1, 1, 1, 1, 1, 0]
	1270531	1126118	1138955	14	M	184	A		-1	3685.17125092	[1, 1, 1, 1, 1, 1, 1, 1, 1, 1, 1, 1]
	1289928	1126467	1139556	14	M	159	A		-1	3686.2170965	[1, 1, 1, 1, 1, 1, 1, 1, 1, 1, 1, 1]
	1176767	1024053	1088003	13	M	183	A		-1	3686.35336036	[1, 1, 1, 1, 1, 1, 1, 1, 1, 1, 1, 1]
	1150883	1020456	998840	13	M	71	A		-1	3686.56692297	[1, 1, 1, 1, 1, 1, 1, 1, 1, 1, 1, 1]
	1248397	1124015	1158433	14	M	110	A		-1	3687.08512372	[1, 1, 1, 1, 1, 1, 1, 1, 1, 1, 1, 1]
	1275287	1130317	1183295	14	M	178	A		-1	3687.16955506	[1, 1, 1, 1, 1, 1, 1, 1, 1, 1, 1, 1]
	1247411	1124015	1124921	14	M	24	A		-1	3687.27634992	[1, 1, 1, 1, 1, 1, 1, 1, 1, 1, 1, 1]
	1252015	1124746	1105144	14	M	62	A		-1	3687.36078105	[1, 1, 1, 1, 1, 1, 1, 1, 1, 1, 1, 1]
	1270909	1126118	1188013	14	M	88	A		-1	3687.76480112	[1, 1, 1, 0, 1, 1, 1, 1, 1, 1, 1, 1]
	1226724	1122686	1189326	14	M	191	A		-1	3688.87478135	[1, 1, 1, 1, 1, 1, 1, 1, 1, 1, 1, 1]
	1203974	1125557	1099527	14	M	101	A		-1	3689.13616867	[1, 1, 1, 1, 1, 1, 1, 1, 1, 1, 1, 1]
	1271271	1126118	1019612	14	M	113	A		-1	3689.54184105	[1, 1, 1, 1, 1, 1, 1, 1, 1, 1, 1, 1]
	1266725	1125289	1109559	14	M	68	A		-1	3690.11921971	[1, 1, 1, 1, 1, 1, 1, 1, 1, 1, 1, 1]
	1226980	1122686	1192682	14	M	145	A		-1	3690.17168827	[1, 1, 1, 1, 1, 1, 1, 1, 1, 1, 1, 1]
	1280208	1126129	1035345	14	M	92	A		-1	3690.17350636	[1, 1, 1, 1, 1, 1, 1, 1, 1, 1, 1, 1]
	1292661	1126467	1116727	14	M	175	A		-1	3690.39999991	[1, 1, 1, 1, 1, 1, 1, 1, 1, 1, 1, 1]
	1291457	1126467	1186470	14	M	94	A		-1	3690.71257304	[1, 1, 1, 1, 1, 1, 1, 1, 1, 1, 1, 1]
	1291136	1126467	1150711	14	M	12	A		-1	3690.85202243	[1, 1, 1, 1, 1, 1, 1, 1, 1, 1, 1, 1]
	1281742	1126129	1102857	14	M	171	A		-1	3690.99463258	[1, 1, 1, 1, 1, 1, 1, 1, 1, 1, 1, 1]
	1274116	1126118	1141545	14	M	128	A		-1	3692.23631727	[1, 1, 1, 1, 1, 1, 1, 1, 1, 1, 1, 1]
	1249622	1124746	1192024	14	M	98	A		-1	3692.24240486	[1, 1, 1, 1, 1, 1, 1, 1, 1, 1, 1, 1]
	1165169	1021479	1092794	13	M	76	A		-1	3693.60188348	[1, 1, 1, 1, 1, 1, 1, 1, 1, 1, 1, 1]
	1205789	1121460	961543	14	M	47	A		-1	3693.95021984	[1, 1, 1, 1, 1, 1, 1, 1, 1, 1, 1, 1]
	1293746	1126467	1193056	14	M	51	A		-1	3694.66803508	[1, 1, 1, 1, 1, 1, 1, 1, 1, 1, 1, 1]
	1290963	1126467	1151096	14	M	109	A		-1	3696.93349919	[1, 1, 1, 1, 1, 1, 1, 1, 1, 1, 1, 1]
	1283778	1126129	1088800	14	M	147	A		-1	3697.15787839	[1, 1, 1, 1, 1, 1, 1, 1, 1, 1, 1, 1]
	1291900	1126467	1153388	14	M	32	A		-1	3697.18172183	[1, 1, 1, 1, 1, 1, 1, 1, 1, 1, 1, 1]
	1203713	1125557	1165444	14	M	155	A		-1	3697.32456385	[1, 1, 1, 1, 1, 1, 1, 1, 1, 1, 1, 1]
	1188368	1022582	1040982	13	M	188	A		-1	3697.84699844	[1, 1, 1, 1, 1, 1, 1, 1, 1, 1, 1, 1]
	1273391	1126118	1109739	14	M	196	A		-1	3698.12585716	[1, 1, 1, 1, 1, 1, 1, 1, 1, 1, 1, 1]
	1268596	1125289	1171842	14	M	139	A		-1	3698.69962595	[1, 1, 1, 1, 1, 1, 1, 1, 1, 1, 1, 1]
	1266345	1125289	1142042	14	M	145	A		-1	3699.05091423	[1, 1, 1, 1, 1, 1, 1, 1, 1, 1, 1, 1]
	1232764	1122838	1155036	14	M	138	A		-1	3700.26202631	[1, 1, 1, 1, 1, 1, 1, 1, 1, 1, 1, 1]
	1281261	1126129	1005282	14	M	131	A		-1	3701.09281279	[1, 1, 1, 1, 1, 1, 1, 1, 1, 1, 1, 1]
	1280648	1126129	1025206	14	M	99	A		-1	3701.31470311	[1, 1, 1, 1, 1, 1, 1, 1, 1, 1, 1, 1]
	1256092	1124754	1044045	14	M	122	A		-1	3701.49465438	[1, 1, 1, 1, 1, 1, 1, 1, 1, 1, 1, 1]
	1256593	1124754	1095124	14	M	197	A		-1	3701.66201407	[1, 1, 1, 1, 1, 1, 1, 1, 1, 1, 1, 1]
	1241552	1123881	1143881	14	M	47	A		-1	3702.27428509	[1, 1, 1, 1, 1, 1, 1, 1, 1, 1, 1, 1]
	1272218	1126118	1026369	14	M	25	A		-1	3703.60317922	[1, 1, 1, 1, 1, 1, 1, 1, 1, 1, 1, 1]
	1293575	1126467	1095747	14	M	100	A		-1	3703.70736814	[1, 1, 1, 1, 1, 1, 1, 1, 1, 1, 1, 1]
	1098274	1093488	1062808	13	M	170	A		-1	3705.49623528	[1, 1, 1, 1, 1, 1, 1, 1, 1, 1, 1, 1]
	1276257	1130317	1150742	14	M	89	A		-1	3705.49743921	[1, 1, 1, 1, 1, 1, 1, 1, 1, 1, 1, 1]
	1259054	1124754	1159880	14	M	108	A		-1	3705.59666043	[1, 1, 1, 1, 1, 1, 1, 1, 1, 1, 1, 1]
	1269371	1125289	1003119	14	M	185	A		-1	3705.75556944	[1, 1, 1, 1, 1, 1, 1, 1, 1, 1, 1, 1]
	1253075	1124746	1130989	14	M	188	A		-1	3706.16591499	[1, 1, 1, 1, 1, 1, 1, 1, 1, 1, 1, 1]
	1165383	1021479	1019675	13	M	161	A		-1	3706.71232769	[1, 1, 1, 1, 1, 1, 1, 1, 1, 1, 1, 1]
	1214011	1121692	1159136	14	M	105	A		-1	3706.75822865	[1, 1, 1, 1, 1, 1, 1, 1, 1, 1, 1, 1]
	1283319	1126129	1003116	14	M	97	A		-1	3706.82396249	[1, 1, 1, 1, 1, 1, 1, 1, 1, 1, 1, 1]
	1280188	1126129	1170616	14	M	158	A		-1	3706.90896605	[1, 1, 1, 1, 1, 1, 1, 1, 1, 1, 1, 1]
	1203285	1125557	1131933	14	M	140	A		-1	3706.92163764	[1, 1, 1, 1, 1, 1, 1, 1, 1, 1, 1, 1]
	1223769	1122442	1115917	14	M	188	A		-1	3707.79805571	[1, 1, 1, 1, 1, 1, 1, 1, 1, 1, 1, 1]
	1223974	1122442	1191789	14	M	87	A		-1	3707.82474776	[1, 1, 1, 1, 1, 1, 1, 1, 1, 1, 1, 1]
	1281332	1126129	1132283	14	M	37	A		-1	3708.09714625	[1, 1, 1, 1, 1, 1, 1, 1, 1, 1, 1, 1]
	1274139	1126118	1117276	14	M	102	A		-1	3708.75949561	[1, 1, 1, 1, 1, 1, 1, 1, 1, 1, 1, 1]
	1290743	1126467	1187372	14	M	101	A		-1	3708.98961688	[1, 1, 1, 1, 1, 1, 1, 1, 1, 1, 1, 1]
	1221234	1122442	1041750	14	M	75	A		-1	3709.23770577	[1, 1, 1, 1, 1, 1, 1, 1, 1, 1, 1, 1]
	1293776	1126467	1111164	14	M	138	A		-1	3709.30115128	[1, 1, 1, 1, 1, 1, 1, 1, 1, 1, 1, 1]
	1276112	1130317	1115323	14	M	56	A		-1	3709.4144194	[1, 1, 1, 1, 1, 1, 1, 1, 1, 1, 1, 1]
	1290726	1126467	1114290	14	M	143	A		-1	3709.45734813	[1, 1, 1, 1, 1, 1, 1, 1, 1, 1, 1, 1]
	1213060	1121692	1182018	14	M	155	A		-1	3710.09790782	[1, 1, 1, 1, 1, 1, 1, 1, 1, 1, 1, 1]
	1202423	1125557	1137065	14	M	81	A		-1	3710.15592407	[1, 1, 1, 1, 1, 1, 1, 1, 1, 1, 1, 1]
	1239762	1123881	1182573	14	M	162	A		-1	3710.34011108	[1, 1, 1, 1, 1, 1, 1, 1, 1, 1, 1, 1]
	1271771	1126118	1081556	14	M	87	A		-1	3710.47293888	[1, 1, 1, 1, 1, 1, 1, 1, 1, 1, 1, 1]
	1235496	1123166	1191636	14	M	115	A		-1	3710.846784	[1, 1, 1, 1, 1, 1, 1, 1, 1, 1, 1, 1]
	1108522	1019782	1006110	13	M	45	A		-1	3711.42716173	[1, 1, 1, 1, 1, 1, 1, 1, 1, 1, 1, 1]
	1292858	1126467	1153650	14	M	51	A		-1	3712.04441469	[1, 1, 1, 1, 1, 1, 1, 1, 1, 1, 1, 1]
	1281148	1126129	1159335	14	M	176	A		-1	3712.20046765	[1, 1, 1, 1, 1, 1, 1, 1, 1, 1, 1, 1]
	1290189	1126467	1192577	14	M	160	A		-1	3712.38848284	[1, 1, 1, 1, 1, 1, 1, 1, 1, 1, 1, 1]
	1282685	1126129	1190959	14	M	115	A		-1	3712.39426978	[1, 1, 1, 1, 1, 1, 1, 1, 1, 1, 1, 1]
	1294063	1126467	1160199	14	M	175	A		-1	3712.88676511	[1, 1, 1, 1, 1, 1, 1, 1, 1, 1, 1, 1]
	1292723	1126467	1117911	14	M	9	A		-1	3713.86284934	[1, 1, 1, 1, 1, 1, 1, 1, 1, 1, 1, 1]
	1233959	1122838	1152985	14	M	145	A		-1	3714.02975165	[1, 1, 1, 1, 1, 1, 1, 1, 1, 1, 1, 1]
	1275008	1130317	1123482	14	M	190	A		-1	3714.25722026	[1, 1, 1, 1, 1, 1, 1, 1, 1, 1, 1, 1]
	1279026	1130317	1028051	14	M	122	A		-1	3715.06751038	[1, 1, 1, 1, 1, 1, 1, 1, 1, 1, 1, 1]
	1277425	1130317	1113079	14	M	53	A		-1	3715.50743765	[1, 1, 1, 1, 1, 1, 1, 1, 1, 1, 1, 1]
	1225920	1122686	1118444	14	M	89	A		-1	3716.20012482	[1, 1, 1, 1, 1, 1, 1, 1, 1, 1, 1, 1]
	1203672	1125557	1115654	14	M	105	A		-1	3716.49295799	[1, 1, 1, 1, 1, 1, 1, 1, 1, 1, 1, 1]
	1294159	1126467	1105621	14	M	156	A		-1	3718.22014149	[1, 1, 1, 1, 1, 1, 1, 1, 1, 1, 1, 1]
	1257258	1124754	1099048	14	M	17	A		-1	3718.3926966	[1, 1, 1, 1, 1, 1, 1, 1, 1, 1, 1, 1]
	1214355	1121692	1152586	14	M	156	A		-1	3718.58790754	[1, 1, 1, 1, 1, 1, 1, 1, 1, 1, 1, 1]
	1280057	1126129	1150519	14	M	81	A		-1	3720.94701692	[1, 1, 1, 1, 1, 1, 1, 1, 1, 1, 1, 1]
	1195884	1194428	1073202	14	M	138	A		-1	3721.01962513	[1, 1, 1, 1, 1, 1, 1, 1, 1, 1, 1, 1]
	1280661	1126129	1184478	14	M	183	A		-1	3721.32360564	[1, 1, 1, 1, 1, 1, 1, 1, 1, 1, 1, 1]
	1281183	1126129	1141125	14	M	193	A		-1	3722.49084934	[1, 1, 1, 1, 1, 1, 1, 1, 1, 1, 1, 1]
	1200790	1125557	1116485	14	M	0	A		-1	3723.87733912	[1, 1, 1, 1, 1, 1, 1, 1, 1, 1, 1, 1]
	1147011	1020349	1020018	13	M	11	A		-1	3725.4396602	[1, 1, 1, 1, 1, 1, 1, 1, 1, 1, 1, 1]
	1279065	1130317	1045169	14	M	9	A		-1	3726.72039283	[1, 1, 1, 1, 1, 1, 1, 1, 1, 1, 1, 1]
	1195515	1194428	1193181	14	M	47	A		-1	3727.29174456	[1, 1, 1, 1, 1, 1, 1, 1, 1, 1, 1, 1]
	1275172	1130317	1147209	14	M	143	A		-1	3727.35722038	[1, 1, 1, 1, 1, 1, 1, 1, 1, 1, 1, 1]
	1242850	1123881	1181776	14	M	116	A		-1	3728.16098245	[1, 1, 1, 1, 1, 1, 1, 1, 1, 1, 1, 1]
	1252415	1124746	1129781	14	M	12	A		-1	3728.43778138	[1, 1, 1, 1, 1, 1, 1, 1, 1, 1, 1, 1]
	1247867	1124015	1119924	14	M	160	A		-1	3729.19566176	[1, 1, 1, 1, 1, 1, 1, 1, 1, 1, 1, 1]
	1218846	1122074	1191032	14	M	129	A		-1	3731.32153543	[1, 1, 1, 1, 1, 1, 1, 1, 1, 1, 1, 1]
	1240053	1123881	1132404	14	M	57	A		-1	3733.67230909	[1, 1, 1, 1, 1, 1, 1, 1, 1, 1, 1, 1]
	1239305	1123166	1042193	14	M	40	A		-1	3734.57371593	[1, 1, 1, 1, 1, 1, 1, 1, 1, 1, 1, 1]
	1238207	1123166	1147705	14	M	191	A		-1	3735.22309054	[1, 1, 1, 1, 1, 1, 1, 1, 1, 1, 1, 1]
	1232717	1122838	1171271	14	M	7	A		-1	3735.71726451	[1, 1, 1, 1, 1, 1, 1, 1, 1, 1, 1, 1]
	1290974	1126467	1020449	14	M	47	A		-1	3736.07465132	[1, 1, 1, 1, 1, 1, 1, 1, 1, 1, 1, 1]
	1289461	1126467	1127817	14	M	108	A		-1	3736.2283893	[1, 1, 1, 1, 1, 1, 1, 1, 1, 1, 1, 1]
	1245298	1124015	1184938	14	M	154	A		-1	3737.3376547	[1, 1, 1, 1, 1, 1, 1, 1, 1, 1, 1, 1]
	1208692	1121460	1162291	14	M	186	A		-1	3737.63608809	[1, 1, 1, 1, 1, 1, 1, 1, 1, 1, 1, 1]
	1126467	1020096	1037896	13	M	109	A		-1	3737.73770515	[1, 1, 1, 1, 1, 1, 1, 1, 1, 1, 1, 1]
	1211888	1121692	1146436	14	M	121	A		-1	3737.91103214	[1, 1, 1, 1, 1, 1, 1, 1, 1, 1, 1, 1]
	1283364	1126129	1143309	14	M	68	A		-1	3738.54191067	[1, 1, 1, 1, 1, 1, 1, 1, 1, 1, 1, 1]
	1215523	1122074	1102496	14	M	193	A		-1	3738.67985545	[1, 1, 1, 1, 1, 1, 1, 1, 1, 1, 1, 1]
	1213417	1121692	1089377	14	M	167	A		-1	3739.95180489	[1, 1, 1, 1, 1, 1, 1, 1, 1, 1, 1, 1]
	1290403	1126467	1100363	14	M	8	A		-1	3740.75097851	[1, 1, 1, 1, 1, 1, 1, 1, 1, 1, 1, 1]
	1283762	1126129	1058487	14	M	110	A		-1	3742.3557246	[1, 1, 1, 1, 1, 1, 1, 1, 1, 1, 1, 1]
	1290851	1126467	1102210	14	M	51	A		-1	3742.57168681	[1, 1, 1, 1, 1, 1, 1, 1, 1, 1, 1, 1]
	1213319	1121692	1194372	14	M	62	A		-1	3744.39753398	[1, 1, 1, 1, 1, 1, 1, 1, 1, 1, 1, 1]
	1242280	1123881	1118867	14	M	112	A		-1	3744.40171486	[1, 1, 1, 1, 1, 1, 1, 1, 1, 1, 1, 1]
	1218420	1122074	1114511	14	M	73	A		-1	3745.15132574	[1, 1, 1, 1, 1, 1, 1, 1, 1, 1, 1, 1]
	1281132	1126129	1117266	14	M	179	A		-1	3745.46097613	[1, 1, 1, 1, 1, 1, 1, 1, 1, 1, 1, 1]
	1293267	1126467	1152378	14	M	137	A		-1	3746.23111446	[1, 1, 1, 1, 1, 1, 1, 1, 1, 1, 1, 1]
	1242942	1123881	1189226	14	M	50	A		-1	3747.30316822	[1, 1, 1, 1, 1, 1, 1, 1, 1, 1, 1, 1]
	1265952	1125289	1149896	14	M	126	A		-1	3750.30081913	[1, 1, 1, 1, 1, 1, 1, 1, 1, 1, 1, 1]
	1154240	1020456	1073840	13	M	1	A		-1	3751.05988721	[1, 1, 1, 1, 1, 1, 1, 1, 1, 1, 1, 1]
	1280723	1126129	1172028	14	M	25	A		-1	3752.49309476	[1, 1, 1, 1, 1, 1, 1, 1, 1, 1, 1, 1]
	1273151	1126118	1123497	14	M	86	A		-1	3752.57153271	[1, 1, 1, 1, 1, 1, 1, 1, 1, 1, 1, 1]
	1205182	1121460	1075694	14	M	35	A		-1	3752.69970562	[1, 1, 1, 1, 1, 1, 1, 1, 1, 1, 1, 1]
	1209524	1121692	965878	14	M	59	A		-1	3753.19927072	[1, 1, 1, 1, 1, 1, 1, 1, 1, 1, 1, 1]
	1254187	1124746	1152820	14	M	70	A		-1	3753.71337528	[1, 1, 1, 1, 1, 1, 1, 1, 1, 1, 1, 1]
	1215972	1122074	1164129	14	M	52	A		-1	3754.38142748	[1, 1, 1, 1, 1, 1, 1, 1, 1, 1, 1, 1]
	1258838	1124754	1019651	14	M	64	A		-1	3754.50888412	[1, 1, 1, 1, 1, 1, 1, 1, 1, 1, 1, 1]
	1229115	1122686	1122286	14	M	156	A		-1	3755.9761928	[1, 1, 1, 1, 1, 1, 1, 1, 1, 1, 1, 1]
	1223012	1122442	1110018	14	M	158	A		-1	3756.26301439	[1, 1, 1, 1, 1, 1, 1, 1, 1, 1, 1, 1]
	1252059	1124746	1024116	14	M	121	A		-1	3756.30823836	[1, 1, 1, 1, 1, 1, 1, 1, 1, 1, 1, 1]
	1283992	1126129	1143756	14	M	55	A		-1	3756.56425262	[1, 1, 1, 1, 1, 1, 1, 1, 1, 1, 1, 1]
	1230690	1122838	1192098	14	M	153	A		-1	3757.63943433	[1, 1, 1, 1, 1, 1, 1, 1, 1, 1, 1, 1]
	1194558	1194428	1102984	14	M	14	A		-1	3757.87518916	[1, 1, 1, 1, 1, 1, 1, 1, 1, 1, 1, 1]
	1241314	1123881	1133613	14	M	181	A		-1	3758.01430102	[1, 1, 1, 1, 1, 1, 1, 1, 1, 1, 1, 1]
	1291586	1126467	977770	14	M	49	A		-1	3758.2301411	[1, 1, 1, 1, 1, 1, 1, 1, 1, 1, 1, 1]
	1218261	1122074	1121532	14	M	91	A		-1	3758.44296775	[1, 1, 1, 1, 1, 1, 1, 1, 1, 1, 1, 1]
	1214049	1121692	1116883	14	M	11	A		-1	3758.45406247	[1, 1, 1, 1, 1, 1, 1, 1, 1, 1, 1, 1]
	1239275	1123166	1153427	14	M	80	A		-1	3759.63202134	[1, 1, 1, 1, 1, 1, 1, 1, 1, 1, 1, 1]
	1148358	1020349	1064217	13	M	193	A		-1	3760.21543474	[1, 1, 1, 1, 1, 1, 1, 1, 1, 1, 1, 1]
	1270472	1126118	1050781	14	M	123	A		-1	3762.50856037	[1, 1, 1, 1, 1, 1, 1, 1, 1, 1, 1, 1]
	1263014	1125017	1117129	14	M	114	A		-1	3763.08761056	[1, 1, 1, 1, 1, 1, 1, 1, 1, 1, 1, 1]
	1268343	1125289	1169667	14	M	150	A		-1	3763.73185091	[1, 1, 1, 1, 1, 1, 1, 1, 1, 1, 1, 1]
	1195552	1194428	1012122	14	M	23	A		-1	3764.20260593	[1, 1, 1, 1, 1, 1, 1, 1, 1, 1, 1, 1]
	1239090	1123166	1070402	14	M	98	A		-1	3764.44436915	[1, 1, 1, 1, 1, 1, 1, 1, 1, 1, 1, 1]
	1239905	1123881	1115962	14	M	1	A		-1	3765.15216036	[1, 1, 1, 1, 1, 1, 1, 1, 1, 1, 1, 1]
	1243703	1123881	1114729	14	M	40	A		-1	3765.49421987	[1, 1, 1, 1, 1, 1, 1, 1, 1, 1, 1, 1]
	1216419	1122074	1152005	14	M	106	A		-1	3766.49833908	[1, 1, 1, 1, 1, 1, 1, 1, 1, 1, 1, 1]
	1197823	1194428	1151599	14	M	32	A		-1	3767.60003184	[1, 1, 1, 1, 1, 1, 1, 1, 1, 1, 1, 1]
	1276869	1130317	1075774	14	M	165	A		-1	3768.05059204	[1, 1, 1, 1, 1, 1, 1, 1, 1, 1, 1, 1]
	1228593	1122686	1120430	14	M	54	A		-1	3768.86691875	[1, 1, 1, 1, 1, 1, 1, 1, 1, 1, 1, 1]
	1233465	1122838	1192018	14	M	47	A		-1	3769.19128691	[1, 1, 1, 1, 1, 1, 1, 1, 1, 1, 1, 1]
	1291033	1126467	1113249	14	M	70	A		-1	3770.27916582	[1, 1, 1, 1, 1, 1, 1, 1, 1, 1, 1, 1]
	1197461	1194428	1189534	14	M	129	A		-1	3773.21700294	[1, 1, 1, 1, 1, 1, 1, 1, 1, 1, 1, 1]
	1209724	1121692	1185509	14	M	6	A		-1	3775.07156146	[1, 1, 1, 1, 1, 1, 1, 1, 1, 1, 1, 1]
	1247366	1124015	1172862	14	M	165	A		-1	3775.6322006	[1, 1, 1, 1, 1, 1, 1, 1, 1, 1, 1, 1]
	1271159	1126118	1076730	14	M	17	A		-1	3776.00139971	[1, 1, 1, 1, 1, 1, 1, 1, 1, 1, 1, 1]
	1294292	1126467	1163671	14	M	108	A		-1	3776.21032057	[1, 1, 1, 1, 1, 1, 1, 1, 1, 1, 1, 1]
	1279124	1130317	1173335	14	M	199	A		-1	3776.47344224	[1, 1, 1, 1, 1, 1, 1, 1, 1, 1, 1, 1]
	1233454	1122838	1171834	14	M	75	A		-1	3776.97519635	[1, 1, 1, 1, 1, 1, 1, 1, 1, 1, 1, 1]
	1291499	1126467	1137421	14	M	33	A		-1	3777.58424088	[1, 1, 1, 1, 1, 1, 1, 1, 1, 1, 1, 1]
	1294311	1126467	1156500	14	M	122	A		-1	3778.96297244	[1, 1, 1, 1, 1, 1, 1, 1, 1, 1, 1, 1]
	1273917	1126118	1005828	14	M	101	A		-1	3781.0607978	[1, 1, 1, 1, 1, 1, 1, 1, 1, 1, 1, 1]
	1282880	1126129	1142414	14	M	116	A		-1	3781.61687862	[1, 1, 1, 1, 1, 1, 1, 1, 1, 1, 1, 1]
	1243873	1123881	1106289	14	M	65	A		-1	3782.90166208	[1, 1, 1, 1, 1, 1, 1, 1, 1, 1, 1, 1]
	1116278	1019939	1088535	13	M	156	A		-1	3783.0339067	[1, 1, 1, 1, 1, 1, 1, 1, 1, 1, 1, 1]
	1200484	1125557	1174682	14	M	134	A		-1	3783.65459365	[1, 1, 1, 1, 1, 1, 1, 1, 1, 1, 1, 1]
	1248932	1124015	1192990	14	M	50	A		-1	3785.38161336	[1, 1, 1, 1, 1, 1, 1, 1, 1, 1, 1, 1]
	1292290	1126467	1057554	14	M	150	A		-1	3786.39618523	[1, 1, 1, 1, 1, 1, 1, 1, 1, 1, 1, 1]
	1211105	1121692	1146424	14	M	76	A		-1	3786.89405337	[1, 1, 1, 1, 1, 1, 1, 1, 1, 1, 1, 1]
	1289005	1126225	1187479	14	M	51	A		-1	3787.1537323	[1, 1, 1, 1, 1, 1, 1, 1, 1, 1, 1, 1]
	1289203	1126225	1193203	14	M	44	A		-1	3788.00130391	[1, 1, 1, 1, 1, 1, 1, 1, 1, 1, 1, 1]
	1271367	1126118	1189078	14	M	127	A		-1	3791.19624581	[1, 1, 1, 1, 1, 1, 1, 1, 1, 1, 1, 1]
	1235353	1123166	1130086	14	M	21	A		-1	3791.71567373	[1, 1, 1, 1, 1, 1, 1, 1, 1, 1, 1, 1]
	1281144	1126129	1101825	14	M	120	A		-1	3792.64881012	[1, 1, 1, 1, 1, 1, 1, 1, 1, 1, 1, 1]
	1276279	1130317	1172082	14	M	26	A		-1	3793.32425285	[1, 1, 1, 1, 1, 1, 1, 1, 1, 1, 1, 1]
	1291879	1126467	995105	14	M	155	A		-1	3798.467613	[1, 1, 1, 1, 1, 1, 1, 1, 1, 1, 1, 1]
	1194770	1194428	1147558	14	M	16	A		-1	3800.30786952	[1, 1, 1, 1, 1, 1, 1, 1, 1, 1, 1, 1]
	1276873	1130317	1151063	14	M	175	A		-1	3802.08036575	[1, 1, 1, 1, 1, 1, 1, 1, 1, 1, 1, 1]
	1291742	1126467	1151887	14	M	132	A		-1	3803.75671778	[1, 1, 1, 1, 1, 1, 1, 1, 1, 1, 1, 1]
	1216560	1122074	1142133	14	M	149	A		-1	3805.68030614	[1, 1, 1, 1, 1, 1, 1, 1, 1, 1, 1, 1]
	1270474	1126118	1111190	14	M	7	A		-1	3806.3323279	[1, 1, 1, 1, 1, 1, 1, 1, 1, 1, 1, 1]
	1240362	1123881	1146802	14	M	125	A		-1	3808.23346368	[1, 1, 1, 1, 1, 1, 1, 1, 1, 1, 1, 1]
	1290109	1126467	1149952	14	M	17	A		-1	3808.71348411	[1, 1, 1, 1, 1, 1, 1, 1, 1, 1, 1, 1]
	1278300	1130317	1165170	14	M	140	A		-1	3810.04980974	[1, 1, 1, 1, 1, 1, 1, 1, 1, 1, 1, 1]
	1279792	1126129	1115829	14	M	75	A		-1	3814.19253533	[1, 1, 1, 1, 1, 1, 1, 1, 1, 1, 1, 1]
	1293386	1126467	1109945	14	M	9	A		-1	3816.97301851	[1, 1, 1, 1, 1, 1, 1, 1, 1, 1, 1, 1]
	1228072	1122686	1116405	14	M	27	A		-1	3817.39315132	[1, 1, 1, 1, 1, 1, 1, 1, 1, 1, 1, 1]
	1280964	1126129	1117438	14	M	29	A		-1	3817.63242109	[1, 1, 1, 1, 1, 1, 1, 1, 1, 1, 1, 1]
	1221929	1122442	1160649	14	M	57	A		-1	3819.08714188	[1, 1, 1, 1, 1, 1, 1, 1, 1, 1, 1, 1]
	1235198	1123166	1149561	14	M	94	A		-1	3821.24218848	[1, 1, 1, 1, 1, 1, 1, 1, 1, 1, 1, 1]
	1286639	1126225	1061045	14	M	50	A		-1	3821.51914843	[1, 1, 1, 1, 1, 1, 1, 1, 1, 1, 1, 1]
	1197764	1194428	1138461	14	M	84	A		-1	3821.71825051	[1, 1, 1, 1, 1, 1, 1, 1, 1, 1, 1, 1]
	1226053	1122686	1129366	14	M	152	A		-1	3822.40007066	[1, 1, 1, 1, 1, 1, 1, 1, 1, 1, 1, 1]
	1281666	1126129	1095846	14	M	63	A		-1	3826.57612861	[1, 1, 1, 1, 1, 1, 1, 1, 1, 1, 1, 1]
	1216652	1122074	1193671	14	M	22	A		-1	3827.43317313	[1, 1, 1, 1, 1, 1, 1, 1, 1, 1, 1, 1]
	1277663	1130317	1188338	14	M	120	A		-1	3828.70062007	[1, 1, 1, 1, 1, 1, 1, 1, 1, 1, 1, 1]
	1293625	1126467	1143581	14	M	5	A		-1	3829.64032688	[1, 1, 1, 1, 1, 1, 1, 1, 1, 1, 1, 1]
	1290705	1126467	1189960	14	M	103	A		-1	3829.81317727	[1, 1, 1, 1, 1, 1, 1, 1, 1, 1, 1, 1]
	1290282	1126467	1155460	14	M	40	A		-1	3830.87188731	[1, 1, 1, 1, 1, 1, 1, 1, 1, 1, 1, 1]
	1243261	1123881	993540	14	M	98	A		-1	3832.98798994	[1, 1, 1, 1, 1, 1, 1, 1, 1, 1, 1, 1]
	1293168	1126467	1180466	14	M	27	A		-1	3836.37785575	[1, 1, 1, 1, 1, 1, 1, 1, 1, 1, 1, 1]
	1290113	1126467	1105707	14	M	158	A		-1	3838.47529522	[1, 1, 1, 1, 1, 1, 1, 1, 1, 1, 1, 1]
	1228667	1122686	1145655	14	M	131	A		-1	3841.68285013	[1, 1, 1, 1, 1, 1, 1, 1, 1, 1, 1, 1]
	1240135	1123881	1083439	14	M	110	A		-1	3841.89569889	[1, 1, 1, 1, 1, 1, 1, 1, 1, 1, 1, 1]
	1269812	1126118	1192487	14	M	33	A		-1	3842.46870759	[1, 1, 1, 1, 1, 1, 1, 1, 1, 1, 1, 1]
	1225486	1122686	1081164	14	M	182	A		-1	3843.70652918	[1, 1, 1, 1, 1, 1, 1, 1, 1, 1, 1, 1]
	1234468	1123166	1102070	14	M	97	A		-1	3845.07336284	[1, 1, 1, 1, 1, 1, 1, 1, 1, 1, 1, 1]
	1227935	1122686	1153184	14	M	23	A		-1	3847.4373562	[1, 1, 1, 1, 1, 1, 1, 1, 1, 1, 1, 1]
	1244218	1123881	1135377	14	M	82	A		-1	3853.58796192	[1, 1, 1, 1, 1, 1, 1, 1, 1, 1, 1, 1]
	1243595	1123881	1099500	14	M	17	A		-1	3854.56738332	[1, 1, 1, 1, 1, 1, 1, 1, 1, 1, 1, 1]
	1240364	1123881	1103527	14	M	143	A		-1	3862.33439697	[1, 1, 1, 1, 1, 1, 1, 1, 1, 1, 1, 1]
	1234892	1123166	1131447	14	M	200	A		-1	3863.72536828	[1, 1, 1, 1, 1, 1, 1, 1, 1, 1, 1, 1]
	1264550	1125289	1088299	14	M	87	A		-1	3864.9266949	[1, 1, 1, 1, 1, 1, 1, 1, 1, 1, 1, 1]
	1251672	1124746	1116188	14	M	36	A		-1	3867.49912317	[1, 1, 1, 1, 1, 1, 1, 1, 1, 1, 1, 1]
	1214386	1121692	1148711	14	M	109	A		-1	3867.55959636	[1, 1, 1, 1, 1, 1, 1, 1, 1, 1, 1, 1]
	1231624	1122838	1148348	14	M	133	A		-1	3870.09675968	[1, 1, 1, 1, 1, 1, 1, 1, 1, 1, 1, 1]
	1216072	1122074	1109013	14	M	191	A		-1	3874.48938294	[1, 1, 1, 1, 1, 1, 1, 1, 1, 1, 1, 1]
	1280337	1126129	1169301	14	M	158	A		-1	3875.99387546	[1, 1, 1, 1, 1, 1, 1, 1, 1, 1, 1, 1]
	1273568	1126118	1131155	14	M	179	A		-1	3878.79783881	[1, 1, 1, 1, 1, 1, 1, 1, 1, 1, 1, 1]
	1271386	1126118	1189578	14	M	157	A		-1	3879.66531329	[1, 1, 1, 1, 1, 1, 1, 1, 1, 1, 1, 1]
	1263110	1125017	1129902	14	M	75	A		-1	3880.9026275	[1, 1, 1, 1, 1, 1, 1, 1, 1, 1, 1, 0]
	1270149	1126118	1118925	14	M	153	A		-1	3884.3815188	[1, 1, 1, 1, 1, 1, 1, 1, 1, 1, 1, 1]
	1242967	1123881	1126686	14	M	86	A		-1	3885.13566705	[1, 1, 1, 1, 1, 1, 1, 1, 1, 1, 1, 1]
	1216426	1122074	1183851	14	M	7	A		-1	3885.49439207	[1, 1, 1, 1, 1, 1, 1, 1, 1, 1, 1, 1]
	1292698	1126467	1149273	14	M	158	A		-1	3890.54411928	[1, 1, 1, 1, 1, 1, 1, 1, 1, 1, 1, 1]
	1290638	1126467	1181929	14	M	147	A		-1	3893.8389894	[1, 1, 1, 1, 1, 1, 1, 1, 1, 1, 1, 1]
	1214344	1121692	1104996	14	M	155	A		-1	3905.40462861	[1, 1, 1, 1, 1, 1, 1, 1, 1, 1, 1, 1]
	1224833	1122686	1006605	14	M	127	A		-1	3913.06596992	[1, 1, 1, 1, 1, 1, 1, 1, 1, 1, 1, 1]
	1291758	1126467	1179354	14	M	188	A		-1	3915.78595509	[1, 1, 1, 1, 1, 1, 1, 1, 1, 1, 1, 1]
	1145259	1020349	996988	13	M	142	A		-1	3921.7394071	[1, 1, 1, 1, 1, 1, 1, 1, 1, 1, 1, 1]
	1291539	1126467	1177966	14	M	2	A		-1	3934.82377707	[1, 1, 1, 1, 1, 1, 1, 1, 1, 1, 1, 1]
	1282718	1126129	1122652	14	M	119	A		-1	3935.58271447	[1, 1, 1, 1, 1, 1, 1, 1, 1, 1, 1, 0]
	1282788	1126129	1152773	14	M	157	A		-1	3944.83462972	[1, 1, 1, 1, 1, 1, 1, 1, 1, 1, 1, 1]
	1290536	1126467	1001849	14	M	23	A		-1	3949.36119826	[1, 1, 1, 1, 1, 1, 1, 1, 1, 1, 1, 1]
	1212418	1121692	1174270	14	M	195	A		-1	3953.44607825	[1, 1, 1, 1, 1, 1, 1, 1, 1, 1, 1, 1]
	1292203	1126467	1094545	14	M	93	A		-1	3953.93934865	[1, 1, 1, 1, 1, 1, 1, 1, 1, 1, 1, 1]
	1271086	1126118	1192861	14	M	37	A		-1	4104.16971322	[1, 1, 1, 1, 1, 1, 1, 1, 1, 1, 1, 1]
