animal	sire	dam	born	sex	herd	status	cause	died	TBV	recessives
	1753825	1630540	1671000	19	M	185	A		-1	4648.24961822	[1, 1, 1, 1, 1, 1, 1, 1, 1, 1, 1, 1]
	1700182	1631973	1554000	19	M	106	A		-1	4648.34160223	[1, 1, 1, 1, 1, 1, 1, 1, 1, 1, 1, 1]
	1715051	1626442	1635784	19	M	196	A		-1	4648.96792824	[1, 1, 1, 1, 1, 1, 1, 1, 1, 1, 1, 1]
	1741455	1628173	1524355	19	M	118	A		-1	4648.99214514	[1, 1, 1, 1, 1, 1, 1, 1, 1, 1, 1, 1]
	1769687	1630822	1685196	19	M	149	A		-1	4649.0447645	[1, 1, 1, 1, 1, 1, 1, 1, 1, 1, 1, 1]
	1702023	1631973	1662784	19	M	128	A		-1	4649.18407678	[1, 1, 1, 1, 1, 1, 1, 1, 1, 1, 1, 1]
	1687190	1519410	1563393	18	M	33	A		-1	4649.34157088	[1, 1, 1, 1, 1, 1, 1, 1, 1, 1, 1, 1]
	1725311	1626915	1672416	19	M	98	A		-1	4649.52780806	[1, 1, 1, 1, 1, 1, 1, 1, 1, 1, 1, 1]
	1739439	1628113	1655081	19	M	6	A		-1	4649.52985884	[1, 1, 1, 1, 1, 1, 1, 1, 1, 1, 1, 1]
	1718855	1626442	1609277	19	M	64	A		-1	4649.90830974	[1, 1, 1, 1, 1, 1, 1, 1, 1, 1, 1, 1]
	1713421	1626180	1634189	19	M	137	A		-1	4649.92126927	[1, 1, 1, 1, 1, 1, 1, 1, 1, 1, 1, 1]
	1794011	1632684	1624509	19	M	107	A		-1	4649.98169509	[1, 1, 1, 1, 1, 1, 1, 1, 1, 1, 1, 1]
	1745881	1629889	1640801	19	M	49	A		-1	4650.04241684	[1, 1, 1, 1, 1, 1, 1, 1, 1, 1, 1, 1]
	1710048	1626180	1626781	19	M	162	A		-1	4650.75745811	[1, 1, 1, 1, 1, 1, 1, 1, 1, 1, 1, 1]
	1626915	1516634	1529779	18	M	61	A		-1	4650.81562288	[1, 1, 1, 1, 1, 1, 1, 1, 1, 1, 1, 1]
	1768094	1630822	1684095	19	M	43	A		-1	4650.8325074	[1, 1, 1, 1, 1, 1, 1, 1, 1, 1, 1, 1]
	1768409	1630822	1594563	19	M	103	A		-1	4650.95698216	[1, 1, 1, 1, 1, 1, 1, 1, 1, 1, 1, 1]
	1694808	1694650	1530786	19	M	152	A		-1	4651.06717547	[1, 1, 1, 1, 1, 0, 1, 1, 1, 1, 1, 1]
	1699457	1694650	1392744	19	M	157	A		-1	4651.23746265	[1, 1, 1, 1, 1, 1, 1, 1, 1, 1, 1, 1]
	1685570	1519410	1593055	18	M	198	A		-1	4651.28429978	[1, 1, 1, 1, 1, 1, 1, 1, 1, 1, 1, 1]
	1718163	1626442	1673500	19	M	34	A		-1	4651.77883285	[1, 1, 1, 1, 1, 1, 1, 1, 1, 1, 1, 1]
	1781620	1632044	1687396	19	M	139	A		-1	4652.01105206	[1, 1, 1, 1, 1, 1, 1, 1, 1, 1, 1, 1]
	1744703	1628173	1500340	19	M	106	A		-1	4652.15603515	[1, 1, 1, 1, 1, 1, 1, 1, 1, 1, 1, 1]
	1742587	1628173	1680386	19	M	58	A		-1	4652.20883555	[1, 1, 1, 1, 1, 1, 1, 1, 1, 1, 1, 1]
	1639011	1516920	1505448	18	M	197	A		-1	4652.41634915	[1, 1, 1, 1, 1, 1, 1, 1, 1, 1, 1, 1]
	1619785	1516614	1378119	18	M	119	A		-1	4653.07629636	[1, 1, 1, 1, 1, 1, 1, 1, 1, 1, 1, 1]
	1748757	1629889	1541452	19	M	112	A		-1	4653.24135882	[1, 1, 1, 1, 1, 1, 1, 1, 1, 1, 1, 1]
	1698763	1694650	1641423	19	M	165	A		-1	4653.75563098	[1, 1, 0, 1, 1, 1, 1, 1, 1, 1, 1, 1]
	1698687	1694650	1647397	19	M	198	A		-1	4654.08018194	[1, 1, 1, 1, 1, 1, 1, 1, 1, 1, 1, 1]
	1702536	1631973	1691559	19	M	120	A		-1	4654.50686748	[1, 1, 1, 1, 1, 1, 1, 1, 1, 1, 1, 1]
	1772979	1631994	1678223	19	M	191	A		-1	4654.52206862	[1, 1, 1, 1, 1, 1, 1, 1, 1, 1, 1, 1]
	1697307	1694650	1635092	19	M	146	A		-1	4654.89021512	[1, 1, 1, 1, 1, 1, 1, 1, 1, 1, 1, 1]
	1756398	1630684	1525484	19	M	117	A		-1	4654.95695188	[1, 1, 1, 1, 1, 1, 1, 1, 1, 1, 1, 1]
	1791957	1632684	1478229	19	M	142	A		-1	4655.13901817	[1, 1, 1, 1, 1, 1, 1, 1, 1, 1, 1, 1]
	1780772	1632044	1509896	19	M	185	A		-1	4655.62229615	[1, 1, 1, 1, 1, 1, 1, 1, 1, 1, 1, 1]
	1729658	1626915	1674042	19	M	104	A		-1	4655.74426435	[1, 1, 1, 1, 1, 1, 1, 1, 1, 1, 1, 1]
	1728589	1626915	1612378	19	M	116	A		-1	4655.77614144	[1, 1, 1, 1, 1, 1, 1, 1, 1, 1, 1, 1]
	1729279	1626915	1650479	19	M	79	A		-1	4656.50812058	[1, 1, 1, 1, 1, 1, 1, 1, 1, 1, 1, 1]
	1772557	1631994	1615090	19	M	118	A		-1	4656.77177487	[1, 1, 1, 1, 1, 1, 1, 1, 1, 1, 1, 1]
	1794690	1632684	1598490	19	M	140	A		-1	4656.78311041	[1, 1, 1, 1, 1, 1, 1, 1, 1, 1, 1, 1]
	1723497	1626454	1538344	19	M	126	A		-1	4656.82507296	[1, 1, 1, 1, 1, 1, 1, 1, 1, 1, 1, 1]
	1739996	1628173	1635366	19	M	36	A		-1	4656.97678961	[1, 1, 1, 1, 1, 1, 1, 1, 1, 1, 1, 1]
	1763978	1630801	1635773	19	M	119	A		-1	4657.08607147	[1, 1, 1, 1, 1, 1, 1, 1, 1, 1, 1, 1]
	1708201	1625761	1621103	19	M	64	A		-1	4657.34201855	[1, 1, 1, 1, 1, 1, 1, 1, 1, 1, 1, 1]
	1707844	1625761	1668952	19	M	58	A		-1	4657.39146809	[1, 1, 1, 1, 1, 1, 1, 1, 1, 1, 1, 1]
	1717914	1626442	1622629	19	M	12	A		-1	4657.78767486	[1, 1, 1, 1, 1, 1, 1, 1, 1, 1, 1, 1]
	1735907	1628113	1660681	19	M	45	A		-1	4657.90436365	[1, 1, 1, 1, 1, 1, 1, 1, 1, 1, 1, 1]
	1775796	1635372	1688687	19	M	90	A		-1	4658.2847803	[1, 1, 1, 1, 1, 1, 1, 1, 1, 1, 1, 1]
	1700316	1631973	1609813	19	M	177	A		-1	4658.37042338	[1, 1, 1, 1, 1, 1, 1, 1, 1, 1, 1, 1]
	1712745	1626180	1651166	19	M	153	A		-1	4658.44353677	[1, 1, 1, 1, 1, 1, 1, 1, 1, 0, 1, 1]
	1694650	1519530	1510601	18	M	56	A		-1	4658.50288506	[1, 1, 1, 1, 1, 1, 1, 1, 1, 1, 1, 1]
	1688661	1519410	1582713	18	M	35	A		-1	4659.21296853	[1, 1, 1, 1, 1, 1, 1, 1, 1, 1, 1, 1]
	1698051	1694650	1651764	19	M	165	A		-1	4659.31257479	[1, 1, 1, 1, 1, 1, 1, 1, 1, 1, 1, 1]
	1732391	1627404	1683056	19	M	157	A		-1	4659.44778536	[1, 1, 1, 1, 1, 1, 1, 1, 1, 1, 1, 1]
	1649356	1517382	1502652	18	M	173	A		-1	4659.44856441	[1, 1, 1, 1, 1, 1, 1, 1, 1, 1, 1, 1]
	1777666	1635372	1444182	19	M	54	A		-1	4659.70477878	[1, 1, 1, 1, 1, 1, 1, 1, 1, 1, 1, 1]
	1714079	1626180	1401615	19	M	189	A		-1	4659.76888816	[1, 1, 1, 1, 1, 1, 1, 1, 1, 1, 1, 1]
	1727807	1626915	1603967	19	M	13	A		-1	4660.21860067	[1, 1, 1, 1, 1, 1, 1, 1, 1, 1, 1, 0]
	1714470	1626180	1645563	19	M	59	A		-1	4660.40385839	[1, 1, 1, 1, 1, 1, 1, 1, 1, 1, 1, 1]
	1623966	1516614	1481360	18	M	48	A		-1	4660.56080596	[1, 1, 1, 1, 1, 1, 1, 1, 1, 1, 1, 1]
	1787651	1632070	1629642	19	M	70	A		-1	4660.73619106	[1, 1, 1, 1, 1, 1, 1, 1, 1, 1, 1, 1]
	1636262	1516920	1581012	18	M	59	A		-1	4662.31655428	[1, 1, 1, 1, 1, 1, 1, 1, 1, 1, 1, 1]
	1709902	1626180	1513728	19	M	48	A		-1	4662.35691455	[1, 1, 1, 1, 1, 1, 1, 1, 1, 1, 1, 1]
	1759025	1630684	1613818	19	M	23	A		-1	4662.59958037	[1, 1, 1, 1, 1, 0, 1, 1, 1, 1, 1, 1]
	1794372	1632684	1659149	19	M	173	A		-1	4662.99841002	[1, 1, 1, 1, 1, 1, 1, 1, 1, 1, 1, 1]
	1697892	1694650	1418177	19	M	143	A		-1	4663.02244816	[1, 1, 1, 1, 1, 0, 1, 1, 1, 1, 1, 1]
	1728298	1626915	1672569	19	M	101	A		-1	4663.21460295	[1, 1, 1, 1, 1, 1, 1, 1, 1, 1, 1, 1]
	1718042	1626442	1608310	19	M	172	A		-1	4663.29963465	[1, 1, 1, 1, 1, 1, 1, 1, 1, 1, 1, 1]
	1783857	1632044	1584754	19	M	154	A		-1	4663.51930899	[1, 1, 1, 1, 1, 1, 1, 1, 1, 1, 1, 1]
	1750672	1630540	1678705	19	M	69	A		-1	4663.84076412	[1, 1, 1, 1, 1, 1, 1, 1, 1, 1, 1, 1]
	1778707	1635372	1583116	19	M	0	A		-1	4663.8993174	[1, 1, 1, 1, 1, 1, 1, 1, 1, 1, 1, 1]
	1714001	1626180	1602750	19	M	191	A		-1	4664.37039346	[1, 1, 1, 1, 1, 1, 1, 1, 1, 1, 1, 1]
	1723078	1626454	1623225	19	M	88	A		-1	4664.38064742	[1, 1, 1, 1, 1, 1, 1, 1, 1, 1, 1, 0]
	1761308	1630801	1642854	19	M	78	A		-1	4664.41725726	[1, 1, 1, 1, 1, 1, 1, 1, 1, 1, 1, 1]
	1777667	1635372	1622440	19	M	109	A		-1	4664.83892063	[1, 1, 1, 1, 1, 1, 1, 1, 1, 1, 1, 1]
	1582808	1423327	1399803	17	M	130	A		-1	4664.84980281	[1, 1, 1, 1, 1, 1, 1, 1, 1, 1, 1, 1]
	1775661	1635372	1406686	19	M	142	A		-1	4665.04368209	[1, 1, 1, 1, 1, 0, 1, 1, 1, 1, 1, 1]
	1750327	1630540	1476000	19	M	158	A		-1	4665.83368488	[1, 1, 1, 1, 1, 1, 1, 1, 1, 1, 1, 1]
	1736382	1628113	1601932	19	M	24	A		-1	4667.06680775	[1, 1, 1, 1, 1, 1, 1, 1, 1, 1, 1, 1]
	1763133	1630801	1626410	19	M	27	A		-1	4667.29329445	[1, 1, 1, 1, 1, 1, 1, 1, 1, 1, 1, 1]
	1778875	1635372	1593852	19	M	76	A		-1	4667.50521519	[1, 1, 1, 1, 1, 1, 1, 1, 1, 1, 1, 1]
	1697558	1694650	1584353	19	M	9	A		-1	4667.77663458	[1, 1, 0, 1, 1, 1, 1, 1, 1, 1, 1, 1]
	1652976	1517455	1580493	18	M	176	A		-1	4667.79134307	[1, 1, 1, 1, 1, 1, 1, 1, 1, 1, 1, 1]
	1707809	1625761	1642512	19	M	59	A		-1	4668.34057253	[1, 1, 1, 1, 1, 0, 1, 1, 1, 1, 1, 1]
	1749596	1629889	1692048	19	M	25	A		-1	4668.68207166	[1, 1, 1, 1, 1, 1, 1, 1, 1, 1, 1, 1]
	1713803	1626180	1534027	19	M	32	A		-1	4668.74940883	[1, 1, 0, 1, 1, 1, 1, 1, 1, 1, 1, 1]
	1710465	1626180	1672916	19	M	92	A		-1	4668.75301292	[1, 1, 1, 1, 1, 1, 1, 1, 1, 1, 1, 1]
	1778824	1635372	1637757	19	M	99	A		-1	4668.81339619	[1, 1, 1, 1, 1, 1, 1, 1, 1, 1, 1, 1]
	1735881	1628113	1679528	19	M	66	A		-1	4668.92858504	[1, 1, 1, 1, 1, 1, 1, 1, 1, 1, 1, 1]
	1788745	1632070	1619566	19	M	103	A		-1	4668.99004134	[1, 1, 1, 1, 1, 1, 1, 1, 1, 1, 1, 1]
	1734692	1627404	1548988	19	M	159	A		-1	4669.05713504	[1, 1, 1, 1, 1, 1, 1, 1, 1, 1, 1, 1]
	1710941	1626180	1612030	19	M	84	A		-1	4669.15414046	[1, 1, 1, 1, 1, 1, 1, 1, 1, 1, 1, 1]
	1710112	1626180	1661551	19	M	100	A		-1	4669.29138894	[1, 1, 1, 1, 1, 1, 1, 1, 1, 1, 1, 1]
	1792762	1632684	1510585	19	M	188	A		-1	4669.82968532	[1, 1, 1, 1, 1, 1, 1, 1, 1, 1, 1, 1]
	1710625	1626180	1580561	19	M	108	A		-1	4669.88696895	[1, 1, 1, 1, 1, 1, 1, 1, 1, 1, 1, 1]
	1781585	1632044	1663196	19	M	25	A		-1	4669.92429768	[1, 1, 1, 1, 1, 1, 1, 1, 1, 1, 1, 1]
	1725092	1626915	1630517	19	M	178	A		-1	4670.09904802	[1, 1, 1, 1, 1, 1, 1, 1, 1, 1, 1, 1]
	1710481	1626180	1693672	19	M	144	A		-1	4670.38987962	[1, 1, 1, 1, 1, 1, 1, 1, 1, 1, 1, 1]
	1742901	1628173	1602647	19	M	48	A		-1	4670.73218625	[1, 1, 1, 1, 1, 1, 1, 1, 1, 1, 1, 1]
	1731469	1627404	1691194	19	M	120	A		-1	4670.80970873	[1, 1, 1, 1, 1, 1, 1, 1, 1, 1, 1, 1]
	1725958	1626915	1584887	19	M	33	A		-1	4670.9356703	[1, 1, 1, 1, 1, 1, 1, 1, 1, 1, 1, 1]
	1698792	1694650	1547713	19	M	0	A		-1	4671.3393922	[1, 1, 1, 1, 1, 1, 1, 1, 1, 1, 1, 1]
	1583650	1423327	1448973	17	M	113	A		-1	4671.79019466	[1, 1, 1, 1, 1, 1, 1, 1, 1, 1, 1, 1]
	1733569	1627404	1639013	19	M	58	A		-1	4671.8440182	[1, 1, 1, 1, 1, 1, 1, 1, 1, 1, 1, 1]
	1705411	1625761	1627727	19	M	84	A		-1	4672.81211104	[1, 1, 1, 1, 1, 1, 1, 1, 1, 1, 1, 1]
	1790159	1632684	1665981	19	M	94	A		-1	4672.90466274	[1, 1, 1, 1, 1, 1, 1, 1, 1, 1, 1, 1]
	1727689	1626915	1620529	19	M	73	A		-1	4673.04433894	[1, 1, 1, 1, 1, 1, 1, 1, 1, 1, 1, 1]
	1679962	1519062	1499544	18	M	195	A		-1	4673.16739527	[1, 1, 1, 1, 1, 1, 1, 1, 1, 1, 1, 1]
	1711979	1626180	1604950	19	M	5	A		-1	4673.7241505	[1, 1, 1, 1, 1, 1, 1, 1, 1, 1, 1, 1]
	1695802	1694650	1631439	19	M	102	A		-1	4673.84466748	[1, 1, 1, 1, 1, 1, 1, 1, 1, 1, 1, 1]
	1658824	1517851	1532700	18	M	196	A		-1	4674.04416595	[1, 1, 1, 1, 1, 1, 1, 1, 1, 1, 1, 1]
	1686968	1519410	1557605	18	M	197	A		-1	4674.59164515	[1, 1, 1, 1, 1, 1, 1, 1, 1, 1, 1, 1]
	1748774	1629889	1626110	19	M	93	A		-1	4674.76036591	[1, 1, 1, 1, 1, 1, 1, 1, 1, 1, 1, 1]
	1719274	1626442	1628464	19	M	89	A		-1	4674.79439592	[1, 1, 1, 1, 1, 1, 1, 1, 1, 1, 1, 1]
	1695999	1694650	1670819	19	M	133	A		-1	4674.81727109	[1, 1, 1, 1, 1, 1, 1, 1, 1, 1, 1, 1]
	1790853	1632684	1641641	19	M	29	A		-1	4675.26060975	[1, 1, 1, 1, 1, 1, 1, 1, 1, 1, 1, 1]
	1746384	1629889	1602726	19	M	156	A		-1	4675.63105428	[1, 1, 1, 1, 1, 0, 1, 1, 1, 1, 1, 1]
	1704773	1631973	1605628	19	M	52	A		-1	4675.88437285	[1, 1, 1, 1, 1, 1, 1, 1, 1, 1, 1, 1]
	1711481	1626180	1552845	19	M	128	A		-1	4676.03516423	[1, 1, 1, 1, 1, 1, 1, 1, 1, 1, 1, 1]
	1733588	1627404	1663584	19	M	98	A		-1	4676.39108775	[1, 1, 1, 1, 1, 1, 1, 1, 1, 1, 1, 1]
	1714165	1626180	1584175	19	M	12	A		-1	4677.31574502	[1, 1, 1, 1, 1, 1, 1, 1, 1, 1, 1, 1]
	1696128	1694650	1554627	19	M	79	A		-1	4677.34811872	[1, 1, 1, 1, 1, 0, 1, 1, 1, 1, 1, 1]
	1744817	1629889	1653525	19	M	98	A		-1	4677.40249227	[1, 1, 1, 1, 1, 1, 1, 1, 1, 1, 1, 1]
	1617228	1516116	1505313	18	M	164	A		-1	4677.85715772	[1, 1, 1, 1, 1, 1, 1, 1, 1, 1, 1, 1]
	1774857	1635372	1608225	19	M	2	A		-1	4677.92590434	[1, 1, 1, 1, 1, 1, 1, 1, 1, 1, 1, 1]
	1728171	1626915	1606546	19	M	70	A		-1	4678.3794117	[1, 1, 1, 1, 1, 1, 1, 1, 1, 1, 1, 1]
	1735049	1628113	1658904	19	M	73	A		-1	4678.80095295	[1, 1, 1, 1, 1, 1, 1, 1, 1, 1, 1, 1]
	1660403	1518359	1554895	18	M	36	A		-1	4678.84239548	[1, 1, 1, 1, 1, 1, 1, 1, 1, 1, 1, 1]
	1712351	1626180	1654214	19	M	172	A		-1	4679.0852495	[1, 1, 1, 1, 1, 1, 1, 1, 1, 1, 1, 1]
	1740837	1628173	1554200	19	M	105	A		-1	4679.12898831	[1, 1, 1, 1, 1, 1, 1, 1, 1, 1, 1, 1]
	1712826	1626180	1690163	19	M	77	A		-1	4679.24620696	[1, 1, 1, 1, 1, 1, 1, 1, 1, 1, 1, 1]
	1688182	1519410	1579200	18	M	93	A		-1	4679.33574316	[1, 1, 1, 1, 1, 1, 1, 1, 1, 1, 1, 1]
	1776537	1635372	1542005	19	M	172	A		-1	4680.16405729	[1, 1, 1, 1, 1, 1, 1, 1, 1, 1, 1, 1]
	1737680	1628113	1660642	19	M	149	A		-1	4680.38603719	[1, 1, 1, 1, 1, 1, 1, 1, 1, 1, 1, 1]
	1717221	1626442	1646193	19	M	117	A		-1	4680.49479904	[1, 1, 1, 1, 1, 1, 1, 1, 1, 1, 1, 0]
	1752576	1630540	1603820	19	M	155	A		-1	4680.58553941	[1, 1, 1, 1, 1, 1, 1, 1, 1, 1, 1, 1]
	1742533	1628173	1612589	19	M	131	A		-1	4681.6447098	[1, 1, 1, 1, 1, 1, 1, 1, 1, 1, 1, 1]
	1715577	1626442	1669887	19	M	29	A		-1	4682.00036273	[1, 1, 1, 1, 1, 1, 1, 1, 1, 1, 1, 1]
	1652996	1517455	1582489	18	M	122	A		-1	4682.92827237	[1, 1, 1, 1, 1, 1, 1, 1, 1, 1, 1, 1]
	1776741	1635372	1666416	19	M	28	A		-1	4683.06201715	[1, 1, 1, 1, 1, 1, 1, 1, 1, 1, 1, 1]
	1738105	1628113	1598667	19	M	88	A		-1	4683.29306735	[1, 1, 1, 1, 1, 1, 1, 1, 1, 1, 1, 1]
	1736405	1628113	1612831	19	M	141	A		-1	4683.44498574	[1, 1, 1, 1, 1, 1, 1, 1, 1, 1, 1, 1]
	1689327	1519410	1556002	18	M	170	A		-1	4683.45568754	[1, 1, 1, 1, 1, 1, 1, 1, 1, 1, 1, 1]
	1762514	1630801	1686441	19	M	92	A		-1	4683.51974522	[1, 1, 1, 1, 1, 1, 1, 1, 1, 1, 1, 1]
	1729693	1626915	1537166	19	M	12	A		-1	4683.80588645	[1, 1, 1, 1, 1, 1, 1, 1, 1, 1, 1, 1]
	1653619	1517455	1530334	18	M	28	A		-1	4683.88811938	[1, 1, 1, 1, 1, 0, 1, 1, 1, 1, 1, 1]
	1712974	1626180	1668922	19	M	75	A		-1	4684.21824641	[1, 1, 1, 1, 1, 1, 1, 1, 1, 1, 1, 1]
	1793722	1632684	1625106	19	M	157	A		-1	4684.69147902	[1, 1, 0, 1, 1, 1, 1, 1, 1, 1, 1, 1]
	1733988	1627404	1519035	19	M	140	A		-1	4685.15805081	[1, 1, 1, 1, 1, 1, 1, 1, 1, 1, 1, 1]
	1787438	1632070	1661130	19	M	91	A		-1	4685.43250416	[1, 1, 1, 1, 1, 1, 1, 1, 1, 1, 1, 1]
	1784905	1632070	1612089	19	M	131	A		-1	4685.63179157	[1, 1, 1, 1, 1, 1, 1, 1, 1, 1, 1, 1]
	1726230	1626915	1685123	19	M	7	A		-1	4685.69930399	[1, 1, 1, 1, 1, 1, 1, 1, 1, 1, 1, 1]
	1729793	1627404	1688732	19	M	75	A		-1	4686.67560602	[1, 1, 1, 1, 1, 1, 1, 1, 1, 1, 1, 1]
	1745361	1629889	1619021	19	M	103	A		-1	4686.93619549	[1, 1, 1, 1, 1, 1, 1, 1, 1, 1, 1, 1]
	1695433	1694650	1671855	19	M	14	A		-1	4687.15346812	[1, 1, 1, 1, 1, 1, 1, 1, 1, 1, 1, 1]
	1753424	1630540	1653580	19	M	83	A		-1	4687.21050715	[1, 1, 1, 1, 1, 1, 1, 1, 1, 1, 1, 1]
	1650876	1517455	1527693	18	M	116	A		-1	4687.4120832	[1, 1, 1, 1, 1, 1, 1, 1, 1, 1, 1, 1]
	1744766	1628173	1530580	19	M	194	A		-1	4687.50510568	[1, 1, 1, 1, 1, 1, 1, 1, 1, 1, 1, 1]
	1751294	1630540	1622916	19	M	122	A		-1	4687.55672159	[1, 1, 1, 1, 1, 1, 1, 1, 1, 1, 1, 1]
	1702000	1631973	1634579	19	M	93	A		-1	4687.5958003	[1, 1, 1, 1, 1, 1, 1, 1, 1, 1, 1, 1]
	1699152	1694650	1500984	19	M	16	A		-1	4688.47127455	[1, 1, 1, 1, 1, 1, 1, 1, 1, 1, 1, 1]
	1721515	1626454	1689326	19	M	139	A		-1	4689.1146736	[1, 1, 1, 1, 1, 1, 1, 1, 1, 1, 1, 1]
	1755987	1630684	1631225	19	M	197	A		-1	4689.47734147	[1, 1, 1, 1, 1, 1, 1, 1, 1, 1, 1, 1]
	1697133	1694650	1412700	19	M	20	A		-1	4689.91133707	[1, 1, 1, 1, 1, 1, 1, 1, 1, 1, 1, 1]
	1771046	1631994	1619428	19	M	84	A		-1	4690.35545017	[1, 1, 1, 1, 1, 1, 1, 1, 1, 1, 1, 1]
	1598927	1594723	1541836	18	M	87	A		-1	4690.43514809	[1, 1, 1, 1, 1, 1, 1, 1, 1, 1, 1, 1]
	1786660	1632070	1501667	19	M	69	A		-1	4690.73111634	[1, 1, 1, 1, 1, 1, 1, 1, 1, 1, 1, 1]
	1782795	1632044	1693508	19	M	103	A		-1	4690.8467453	[1, 1, 1, 1, 1, 1, 1, 1, 1, 1, 1, 1]
	1784889	1632070	1675219	19	M	120	A		-1	4691.02240193	[1, 1, 1, 1, 1, 1, 1, 1, 1, 1, 1, 1]
	1710924	1626180	1650763	19	M	143	A		-1	4691.08776639	[1, 1, 1, 1, 1, 1, 1, 1, 1, 1, 1, 1]
	1702481	1631973	1626138	19	M	29	A		-1	4691.57721693	[1, 1, 1, 1, 1, 1, 1, 1, 1, 1, 1, 1]
	1742834	1628173	1609151	19	M	12	A		-1	4691.70103014	[1, 1, 1, 1, 1, 1, 1, 1, 1, 1, 1, 1]
	1753467	1630540	1693448	19	M	183	A		-1	4691.91047527	[1, 1, 1, 1, 1, 1, 1, 1, 1, 1, 1, 1]
	1749978	1630540	1634097	19	M	158	A		-1	4691.93500366	[1, 1, 1, 1, 1, 1, 1, 1, 1, 1, 1, 1]
	1783403	1632044	1253546	19	M	177	A		-1	4692.17964336	[1, 1, 1, 1, 1, 1, 1, 1, 1, 1, 1, 1]
	1616997	1516116	1583266	18	M	131	A		-1	4692.21716196	[1, 1, 1, 1, 1, 1, 1, 1, 1, 1, 1, 1]
	1685198	1519410	1516763	18	M	151	A		-1	4692.44466213	[1, 1, 1, 1, 1, 1, 1, 1, 1, 1, 1, 1]
	1712782	1626180	1631494	19	M	27	A		-1	4692.5533885	[1, 1, 1, 1, 1, 1, 1, 1, 1, 1, 1, 1]
	1713726	1626180	1520117	19	M	72	A		-1	4692.75528658	[1, 1, 1, 1, 1, 1, 1, 1, 1, 1, 1, 1]
	1599685	1594723	1584017	18	M	54	A		-1	4692.93390156	[1, 1, 1, 1, 1, 1, 1, 1, 1, 1, 1, 1]
	1759600	1630684	1643954	19	M	137	A		-1	4693.3840735	[1, 1, 1, 1, 1, 1, 1, 1, 1, 1, 1, 1]
	1618866	1516116	1528950	18	M	47	A		-1	4693.64963943	[1, 1, 1, 1, 1, 1, 1, 1, 1, 1, 1, 1]
	1768538	1630822	1639661	19	M	132	A		-1	4693.69698711	[1, 1, 1, 1, 1, 1, 1, 1, 1, 1, 1, 1]
	1682435	1519062	1590326	18	M	186	A		-1	4693.8626603	[1, 1, 1, 1, 1, 1, 1, 1, 1, 1, 1, 1]
	1751849	1630540	1682206	19	M	144	A		-1	4694.02566807	[1, 1, 1, 1, 1, 1, 1, 1, 1, 1, 1, 1]
	1712762	1626180	1671997	19	M	17	A		-1	4694.25315612	[1, 1, 1, 1, 1, 1, 1, 1, 1, 1, 1, 1]
	1766007	1630822	1502113	19	M	114	A		-1	4694.32160549	[1, 1, 1, 1, 1, 1, 1, 1, 1, 1, 1, 1]
	1698316	1694650	1663422	19	M	176	A		-1	4694.7209235	[1, 1, 1, 1, 1, 1, 1, 1, 1, 1, 1, 1]
	1775870	1635372	1665778	19	M	47	A		-1	4694.82228285	[1, 1, 1, 1, 1, 1, 1, 1, 1, 1, 1, 1]
	1709018	1625761	1620532	19	M	135	A		-1	4695.36567939	[1, 1, 1, 1, 1, 1, 1, 1, 1, 1, 1, 1]
	1782957	1632044	1639856	19	M	78	A		-1	4696.3685919	[1, 1, 1, 1, 1, 1, 1, 1, 1, 1, 1, 1]
	1668105	1518371	1521630	18	M	121	A		-1	4696.73942766	[1, 1, 1, 1, 1, 1, 1, 1, 1, 1, 1, 1]
	1710581	1626180	1648336	19	M	190	A		-1	4696.84325315	[1, 1, 1, 1, 1, 1, 1, 1, 1, 1, 1, 1]
	1734864	1628113	1644413	19	M	67	A		-1	4696.86070327	[1, 1, 1, 1, 1, 1, 1, 1, 1, 1, 1, 1]
	1786681	1632070	1577806	19	M	49	A		-1	4697.7726343	[1, 1, 1, 1, 1, 1, 1, 1, 1, 1, 1, 1]
	1723121	1626454	1622331	19	M	146	A		-1	4697.99358556	[1, 1, 1, 1, 1, 0, 1, 1, 1, 1, 1, 1]
	1712017	1626180	1612706	19	M	23	A		-1	4698.15086986	[1, 1, 1, 1, 1, 1, 1, 1, 1, 1, 1, 1]
	1701290	1631973	1584483	19	M	67	A		-1	4698.2856331	[1, 1, 1, 1, 1, 1, 1, 1, 1, 1, 1, 1]
	1753487	1630540	1659805	19	M	100	A		-1	4698.73555455	[1, 1, 1, 1, 1, 1, 1, 1, 1, 1, 1, 1]
	1770486	1631994	1689731	19	M	151	A		-1	4698.78099386	[1, 1, 1, 1, 1, 1, 1, 1, 1, 1, 1, 1]
	1641937	1517297	1581708	18	M	125	A		-1	4699.01225439	[1, 1, 1, 1, 1, 1, 1, 1, 1, 1, 1, 1]
	1739768	1628113	1636089	19	M	162	A		-1	4699.0313287	[1, 1, 1, 1, 1, 1, 1, 1, 1, 1, 1, 1]
	1781714	1632044	1687151	19	M	105	A		-1	4699.10013512	[1, 1, 1, 1, 1, 1, 1, 1, 1, 1, 1, 1]
	1766780	1630822	1692135	19	M	148	A		-1	4699.12640612	[1, 1, 1, 1, 1, 1, 1, 1, 1, 1, 1, 1]
	1783526	1632044	1670082	19	M	54	A		-1	4699.24538564	[1, 1, 1, 1, 1, 1, 1, 1, 1, 1, 1, 1]
	1651426	1517455	1546105	18	M	160	A		-1	4699.67548169	[1, 1, 1, 1, 1, 1, 1, 1, 1, 1, 1, 1]
	1761681	1630801	1612697	19	M	131	A		-1	4700.1651978	[1, 1, 1, 1, 1, 1, 1, 1, 1, 1, 1, 1]
	1634136	1516835	1580278	18	M	143	A		-1	4700.16833555	[1, 1, 1, 1, 1, 1, 1, 1, 1, 1, 1, 1]
	1783425	1632044	1669952	19	M	178	A		-1	4701.04594656	[1, 1, 1, 1, 1, 1, 1, 1, 1, 1, 1, 1]
	1624137	1516614	1568001	18	M	165	A		-1	4701.44638871	[1, 1, 1, 1, 1, 1, 1, 1, 1, 1, 1, 1]
	1697216	1694650	1687811	19	M	161	A		-1	4701.55446351	[1, 1, 1, 1, 1, 1, 1, 1, 1, 1, 1, 1]
	1695346	1694650	1558008	19	M	82	A		-1	4701.81918995	[1, 1, 1, 1, 1, 0, 1, 1, 1, 1, 1, 1]
	1711073	1626180	1514101	19	M	64	A		-1	4702.86844	[1, 1, 1, 1, 1, 1, 1, 1, 1, 1, 1, 1]
	1721061	1626454	1612416	19	M	118	A		-1	4703.15546123	[1, 1, 1, 1, 1, 1, 1, 1, 1, 1, 1, 1]
	1738488	1628113	1694780	19	M	158	A		-1	4704.04840428	[1, 1, 1, 1, 1, 1, 1, 1, 1, 1, 1, 1]
	1789169	1632070	1596203	19	M	25	A		-1	4704.85715198	[1, 1, 1, 1, 1, 1, 1, 1, 1, 1, 1, 1]
	1780800	1632044	1591962	19	M	165	A		-1	4705.17583426	[1, 1, 1, 1, 1, 1, 1, 1, 1, 1, 1, 1]
	1745593	1629889	1525336	19	M	71	A		-1	4705.75820772	[1, 1, 1, 1, 1, 1, 1, 1, 1, 1, 1, 1]
	1713161	1626180	1613795	19	M	34	A		-1	4706.15149913	[1, 1, 1, 1, 1, 0, 1, 1, 1, 1, 1, 1]
	1726671	1626915	1678026	19	M	22	A		-1	4706.63168229	[1, 1, 1, 1, 1, 1, 1, 1, 1, 1, 1, 1]
	1697063	1694650	1652299	19	M	99	A		-1	4706.75674172	[1, 1, 1, 1, 1, 1, 1, 1, 1, 1, 1, 1]
	1704690	1631973	1534601	19	M	140	A		-1	4706.75773652	[1, 1, 1, 1, 1, 1, 1, 1, 1, 1, 1, 1]
	1697672	1694650	1504017	19	M	130	A		-1	4707.11448309	[1, 1, 1, 1, 1, 1, 1, 1, 1, 1, 1, 1]
	1697442	1694650	1633512	19	M	47	A		-1	4707.2498378	[1, 1, 1, 1, 1, 1, 1, 1, 1, 1, 1, 1]
	1765816	1630822	1437656	19	M	130	A		-1	4707.52758644	[1, 1, 1, 1, 1, 1, 1, 1, 1, 1, 1, 1]
	1709752	1625761	1619413	19	M	52	A		-1	4708.59973851	[1, 1, 1, 1, 1, 1, 1, 1, 1, 1, 1, 1]
	1726585	1626915	1633349	19	M	61	A		-1	4709.66541906	[1, 1, 1, 1, 1, 1, 1, 1, 1, 1, 1, 1]
	1710031	1626180	1632373	19	M	62	A		-1	4709.68829046	[1, 1, 1, 1, 1, 1, 1, 1, 1, 1, 1, 1]
	1711179	1626180	1678944	19	M	171	A		-1	4709.79206181	[1, 1, 1, 1, 1, 1, 1, 1, 1, 1, 1, 1]
	1769338	1630822	1630626	19	M	82	A		-1	4711.6049723	[1, 1, 1, 1, 1, 1, 1, 1, 1, 1, 1, 1]
	1713435	1626180	1679430	19	M	120	A		-1	4711.67332088	[1, 1, 1, 1, 1, 1, 1, 1, 1, 1, 1, 1]
	1714239	1626180	1585349	19	M	170	A		-1	4711.83046718	[1, 1, 1, 1, 1, 1, 1, 1, 1, 1, 1, 1]
	1654472	1517455	1415286	18	M	72	A		-1	4711.91503538	[1, 1, 1, 1, 1, 0, 1, 1, 1, 1, 1, 1]
	1778517	1635372	1598006	19	M	88	A		-1	4712.03344961	[1, 1, 1, 1, 1, 1, 1, 1, 1, 1, 1, 1]
	1731546	1627404	1686271	19	M	183	A		-1	4712.19359586	[1, 1, 1, 1, 1, 1, 1, 1, 1, 1, 1, 1]
	1721453	1626454	1643227	19	M	172	A		-1	4712.47054165	[1, 1, 1, 1, 1, 1, 1, 1, 1, 1, 1, 1]
	1784061	1632044	1668608	19	M	116	A		-1	4712.49273951	[1, 1, 1, 1, 1, 1, 1, 1, 1, 1, 1, 1]
	1670295	1518618	1511389	18	M	150	A		-1	4713.04153292	[1, 1, 1, 1, 1, 1, 1, 1, 1, 1, 1, 1]
	1712338	1626180	1559118	19	M	186	A		-1	4713.68143207	[1, 1, 1, 1, 1, 1, 1, 1, 1, 1, 1, 1]
	1710072	1626180	1553359	19	M	154	A		-1	4713.80592254	[1, 1, 1, 1, 1, 1, 1, 1, 1, 1, 1, 1]
	1727789	1626915	1652070	19	M	192	A		-1	4714.18594455	[1, 1, 1, 1, 1, 1, 1, 1, 1, 1, 1, 1]
	1745639	1629889	1634350	19	M	118	A		-1	4714.64480539	[1, 1, 1, 1, 1, 1, 1, 1, 1, 1, 1, 1]
	1788188	1632070	1691339	19	M	196	A		-1	4715.71755103	[1, 1, 1, 1, 1, 1, 1, 1, 1, 1, 1, 1]
	1684801	1519410	1468735	18	M	8	A		-1	4716.460419	[1, 1, 1, 1, 1, 1, 1, 1, 1, 1, 1, 1]
	1731848	1627404	1550450	19	M	164	A		-1	4716.58111171	[1, 1, 1, 1, 1, 1, 1, 1, 1, 1, 1, 1]
	1708494	1625761	1690993	19	M	82	A		-1	4717.36928821	[1, 1, 1, 1, 1, 1, 1, 1, 1, 1, 1, 1]
	1706250	1625761	1599043	19	M	51	A		-1	4717.91279728	[1, 1, 1, 1, 1, 1, 1, 1, 1, 1, 1, 1]
	1695423	1694650	1619887	19	M	76	A		-1	4718.59865035	[1, 1, 1, 1, 1, 1, 1, 1, 1, 1, 1, 1]
	1732073	1627404	1644447	19	M	45	A		-1	4718.97245129	[1, 1, 1, 1, 1, 1, 1, 1, 1, 1, 1, 1]
	1732859	1627404	1653917	19	M	73	A		-1	4719.10818991	[1, 1, 1, 1, 1, 1, 1, 1, 1, 1, 1, 1]
	1595153	1594723	1579296	18	M	154	A		-1	4719.28807	[1, 1, 1, 1, 1, 1, 1, 1, 1, 1, 1, 1]
	1711890	1626180	1683305	19	M	2	A		-1	4719.72604079	[1, 1, 1, 1, 1, 1, 1, 1, 1, 1, 1, 1]
	1725953	1626915	1548992	19	M	16	A		-1	4720.11970164	[1, 1, 1, 1, 1, 1, 1, 1, 1, 1, 1, 1]
	1779638	1635372	1622230	19	M	59	A		-1	4720.5529957	[1, 1, 1, 1, 1, 1, 1, 1, 1, 1, 1, 1]
	1729392	1626915	1533685	19	M	138	A		-1	4720.60884227	[1, 1, 1, 1, 1, 1, 1, 1, 1, 1, 1, 1]
	1712038	1626180	1682986	19	M	139	A		-1	4721.22792865	[1, 1, 1, 1, 1, 1, 1, 1, 1, 1, 1, 1]
	1741869	1628173	1646889	19	M	27	A		-1	4721.46026607	[1, 1, 1, 1, 1, 1, 1, 1, 1, 1, 1, 1]
	1752983	1630540	1646636	19	M	24	A		-1	4722.02056173	[1, 1, 1, 1, 1, 1, 1, 1, 1, 1, 1, 1]
	1704869	1625761	1639253	19	M	169	A		-1	4722.11798696	[1, 1, 1, 1, 1, 1, 1, 1, 1, 1, 1, 1]
	1725877	1626915	1620446	19	M	158	A		-1	4722.78011357	[1, 1, 1, 1, 1, 1, 1, 1, 1, 1, 1, 1]
	1710733	1626180	1656605	19	M	20	A		-1	4723.04645139	[1, 1, 1, 1, 1, 1, 1, 1, 1, 1, 1, 1]
	1728598	1626915	1618406	19	M	133	A		-1	4723.87603602	[1, 1, 1, 1, 1, 1, 1, 1, 1, 1, 1, 1]
	1713215	1626180	1672403	19	M	56	A		-1	4723.91222169	[1, 1, 1, 1, 1, 1, 1, 1, 1, 1, 1, 1]
	1787845	1632070	1619644	19	M	112	A		-1	4724.9973301	[1, 1, 1, 1, 1, 1, 1, 1, 1, 1, 1, 1]
	1713414	1626180	1626366	19	M	2	A		-1	4725.25867586	[1, 1, 1, 1, 1, 1, 1, 1, 1, 1, 1, 1]
	1714651	1626180	1512443	19	M	2	A		-1	4726.20343975	[1, 1, 1, 1, 1, 1, 1, 1, 1, 1, 1, 1]
	1723400	1626454	1689123	19	M	181	A		-1	4726.30280416	[1, 1, 1, 1, 1, 1, 1, 1, 1, 1, 1, 1]
	1783609	1632044	1642770	19	M	172	A		-1	4726.44698344	[1, 1, 1, 1, 1, 1, 1, 1, 1, 1, 1, 1]
	1727534	1626915	1676912	19	M	52	A		-1	4727.26824099	[1, 1, 1, 1, 1, 1, 1, 1, 1, 1, 1, 1]
	1697153	1694650	1622217	19	M	104	A		-1	4727.42647209	[1, 1, 1, 1, 1, 1, 1, 1, 1, 1, 1, 1]
	1729354	1626915	1602471	19	M	47	A		-1	4727.83086134	[1, 1, 1, 1, 1, 1, 1, 1, 1, 1, 1, 1]
	1776806	1635372	1598085	19	M	65	A		-1	4728.52423648	[1, 1, 1, 1, 1, 1, 1, 1, 1, 1, 1, 1]
	1794203	1632684	1624482	19	M	158	A		-1	4728.88537582	[1, 1, 1, 1, 1, 1, 1, 1, 1, 1, 1, 1]
	1701252	1631973	1691968	19	M	153	A		-1	4729.17501997	[1, 1, 1, 1, 1, 1, 1, 1, 1, 1, 1, 1]
	1712571	1626180	1666428	19	M	104	A		-1	4729.88108218	[1, 1, 1, 1, 1, 1, 1, 1, 1, 1, 1, 1]
	1700665	1631973	1658893	19	M	153	A		-1	4730.22161213	[1, 1, 1, 1, 1, 1, 1, 1, 1, 1, 1, 1]
	1714067	1626180	1679831	19	M	118	A		-1	4730.69288022	[1, 1, 1, 1, 1, 1, 1, 1, 1, 1, 1, 1]
	1772192	1631994	1581050	19	M	157	A		-1	4730.74046379	[1, 1, 1, 1, 1, 1, 1, 1, 1, 1, 1, 1]
	1715737	1626442	1683627	19	M	64	A		-1	4731.1320135	[1, 1, 1, 1, 1, 0, 1, 1, 1, 1, 1, 1]
	1774320	1631994	1538659	19	M	35	A		-1	4731.2056327	[1, 1, 1, 1, 1, 1, 1, 1, 1, 1, 1, 1]
	1645573	1517382	1581081	18	M	190	A		-1	4731.32807063	[1, 1, 1, 1, 1, 1, 1, 1, 1, 1, 1, 1]
	1726403	1626915	1489197	19	M	66	A		-1	4731.40324139	[1, 1, 0, 1, 1, 1, 1, 1, 1, 1, 1, 1]
	1752773	1630540	1626289	19	M	75	A		-1	4731.55018954	[1, 1, 1, 1, 1, 1, 1, 1, 1, 1, 1, 1]
	1743060	1628173	1619016	19	M	36	A		-1	4731.55799686	[1, 1, 1, 1, 1, 1, 1, 1, 1, 1, 1, 1]
	1687866	1519410	1555278	18	M	134	A		-1	4732.10015894	[1, 1, 1, 1, 1, 1, 1, 1, 1, 1, 1, 1]
	1679694	1521893	1523356	18	M	165	A		-1	4732.71844034	[1, 1, 1, 1, 1, 1, 1, 1, 1, 1, 1, 1]
	1743009	1628173	1674241	19	M	126	A		-1	4732.81392551	[1, 1, 1, 1, 1, 1, 1, 1, 1, 1, 1, 1]
	1704646	1631973	1650919	19	M	65	A		-1	4732.86593934	[1, 1, 1, 1, 1, 1, 1, 1, 1, 1, 1, 1]
	1705470	1625761	1685740	19	M	165	A		-1	4733.39306556	[1, 1, 1, 1, 1, 1, 1, 1, 1, 1, 1, 1]
	1711780	1626180	1638897	19	M	168	A		-1	4733.6041474	[1, 1, 1, 1, 1, 1, 1, 1, 1, 1, 1, 1]
	1695038	1694650	1563922	19	M	12	A		-1	4734.08791081	[1, 1, 1, 1, 1, 1, 1, 1, 1, 1, 1, 1]
	1738298	1628113	1633742	19	M	128	A		-1	4734.0936743	[1, 1, 1, 1, 1, 1, 1, 1, 1, 1, 1, 1]
	1746569	1629889	1601786	19	M	145	A		-1	4734.24830495	[1, 1, 1, 1, 1, 1, 1, 1, 1, 1, 1, 1]
	1726186	1626915	1597496	19	M	40	A		-1	4734.4542473	[1, 1, 1, 1, 1, 1, 1, 1, 1, 1, 1, 1]
	1792768	1632684	1639399	19	M	142	A		-1	4735.61084053	[1, 1, 1, 1, 1, 1, 1, 1, 1, 1, 1, 1]
	1727818	1626915	1610771	19	M	112	A		-1	4736.31173403	[1, 1, 1, 1, 1, 1, 1, 1, 1, 1, 1, 1]
	1744807	1629889	1633062	19	M	83	A		-1	4737.10526835	[1, 1, 1, 1, 1, 1, 1, 1, 1, 1, 1, 1]
	1732502	1627404	1672882	19	M	29	A		-1	4737.51728595	[1, 1, 1, 1, 1, 1, 1, 1, 1, 1, 1, 1]
	1779086	1635372	1680901	19	M	130	A		-1	4737.54158553	[1, 1, 1, 1, 1, 1, 1, 1, 1, 1, 1, 1]
	1654188	1517455	1592519	18	M	135	A		-1	4738.17173885	[1, 1, 1, 1, 1, 1, 1, 1, 1, 1, 1, 1]
	1787271	1632070	1505204	19	M	125	A		-1	4738.21530914	[1, 1, 1, 1, 1, 1, 1, 1, 1, 1, 1, 1]
	1730299	1627404	1623405	19	M	75	A		-1	4738.40021718	[1, 1, 1, 1, 1, 1, 1, 1, 1, 1, 1, 1]
	1752612	1630540	1548461	19	M	124	A		-1	4738.63591472	[1, 1, 1, 1, 1, 1, 1, 1, 1, 1, 1, 1]
	1684973	1519410	1365064	18	M	120	A		-1	4738.82202055	[1, 1, 1, 1, 1, 1, 1, 1, 1, 1, 1, 1]
	1710153	1626180	1679980	19	M	61	A		-1	4738.98182763	[1, 1, 1, 1, 1, 1, 1, 1, 1, 1, 1, 1]
	1770590	1631994	1651903	19	M	99	A		-1	4738.99527244	[1, 1, 1, 1, 1, 1, 1, 1, 1, 1, 1, 1]
	1742690	1628173	1561053	19	M	31	A		-1	4739.64498132	[1, 1, 1, 1, 1, 1, 1, 1, 1, 1, 1, 1]
	1713487	1626180	1640772	19	M	107	A		-1	4741.79250794	[1, 1, 1, 1, 1, 1, 1, 1, 1, 1, 1, 1]
	1711670	1626180	1592661	19	M	65	A		-1	4741.88957572	[1, 1, 1, 1, 1, 1, 1, 1, 1, 1, 1, 1]
	1652495	1517455	1518966	18	M	166	A		-1	4742.62593634	[1, 1, 1, 1, 1, 1, 1, 1, 1, 1, 1, 1]
	1739000	1628113	1688878	19	M	82	A		-1	4742.67499965	[1, 1, 1, 0, 1, 1, 1, 1, 1, 1, 1, 1]
	1672606	1518618	1435321	18	M	144	A		-1	4743.09574122	[1, 1, 1, 1, 1, 1, 1, 1, 1, 1, 1, 1]
	1677434	1521893	1542192	18	M	30	A		-1	4743.21358128	[1, 1, 1, 1, 1, 1, 1, 1, 1, 1, 1, 1]
	1778791	1635372	1655435	19	M	185	A		-1	4743.34892793	[1, 1, 1, 1, 1, 1, 1, 1, 1, 1, 1, 1]
	1696878	1694650	1604781	19	M	15	A		-1	4743.37333448	[1, 1, 1, 1, 1, 1, 1, 1, 1, 1, 1, 1]
	1780025	1632044	1650319	19	M	104	A		-1	4743.37848226	[1, 1, 1, 1, 1, 1, 1, 1, 1, 1, 1, 1]
	1717903	1626442	1650060	19	M	182	A		-1	4743.43832436	[1, 1, 1, 1, 1, 1, 1, 1, 1, 1, 1, 1]
	1779209	1635372	1678828	19	M	64	A		-1	4743.87259962	[1, 1, 1, 1, 1, 1, 1, 1, 1, 1, 1, 1]
	1707824	1625761	1658067	19	M	177	A		-1	4744.39736144	[1, 1, 1, 1, 1, 1, 1, 1, 1, 1, 1, 1]
	1764073	1630801	1676160	19	M	29	A		-1	4745.10929059	[1, 1, 1, 1, 1, 1, 1, 1, 1, 1, 1, 1]
	1705596	1625761	1636138	19	M	10	A		-1	4745.26005395	[1, 1, 1, 1, 1, 1, 1, 1, 1, 1, 1, 1]
	1598635	1594723	1458859	18	M	161	A		-1	4745.79718796	[1, 1, 1, 1, 1, 1, 1, 1, 1, 1, 1, 1]
	1713453	1626180	1662821	19	M	93	A		-1	4745.92966987	[1, 1, 1, 1, 1, 1, 1, 1, 1, 1, 1, 1]
	1705953	1625761	1628017	19	M	65	A		-1	4746.00467168	[1, 1, 1, 1, 1, 1, 1, 1, 1, 1, 1, 1]
	1784516	1632044	1668886	19	M	87	A		-1	4746.13844747	[1, 1, 1, 1, 1, 1, 1, 1, 1, 1, 1, 1]
	1776133	1635372	1571829	19	M	178	A		-1	4747.31594932	[1, 1, 1, 1, 1, 1, 1, 1, 1, 1, 1, 1]
	1787302	1632070	1694739	19	M	101	A		-1	4747.37318798	[1, 1, 1, 1, 1, 1, 1, 1, 1, 1, 1, 1]
	1711068	1626180	1608359	19	M	47	A		-1	4747.64607787	[1, 1, 1, 1, 1, 1, 1, 1, 1, 1, 1, 1]
	1753578	1630540	1631150	19	M	83	A		-1	4747.69340834	[1, 1, 1, 1, 1, 1, 1, 1, 1, 1, 1, 1]
	1726425	1626915	1623999	19	M	160	A		-1	4747.70365729	[1, 1, 1, 1, 1, 1, 1, 1, 1, 1, 1, 1]
	1755628	1630684	1634479	19	M	127	A		-1	4747.88547047	[1, 1, 1, 1, 1, 1, 1, 1, 1, 1, 1, 1]
	1725811	1626915	1675305	19	M	60	A		-1	4749.45321763	[1, 1, 1, 1, 1, 1, 1, 1, 1, 1, 1, 1]
	1742786	1628173	1623427	19	M	189	A		-1	4749.91276504	[1, 1, 1, 1, 1, 1, 1, 1, 1, 1, 1, 1]
	1733483	1627404	1613913	19	M	170	A		-1	4750.64983853	[1, 1, 1, 1, 1, 1, 1, 1, 1, 1, 1, 1]
	1714767	1626180	1642606	19	M	40	A		-1	4753.24597409	[1, 1, 1, 1, 1, 1, 1, 1, 1, 1, 1, 1]
	1651924	1517455	1510109	18	M	166	A		-1	4754.05253765	[1, 1, 1, 1, 1, 1, 1, 1, 1, 1, 1, 1]
	1767675	1630822	1693777	19	M	59	A		-1	4755.35815004	[1, 1, 1, 1, 1, 1, 1, 1, 1, 1, 1, 1]
	1786886	1632070	1501651	19	M	11	A		-1	4755.38800866	[1, 1, 1, 1, 1, 1, 1, 1, 1, 1, 1, 1]
	1765420	1630822	1692126	19	M	27	A		-1	4755.44786114	[1, 1, 1, 1, 1, 1, 1, 1, 1, 1, 1, 1]
	1608571	1515466	1452003	18	M	140	A		-1	4755.9537147	[1, 1, 1, 1, 1, 1, 1, 1, 1, 1, 1, 1]
	1712190	1626180	1640872	19	M	185	A		-1	4755.95659775	[1, 1, 1, 1, 1, 1, 1, 1, 1, 1, 1, 1]
	1719723	1626442	1638731	19	M	13	A		-1	4755.97300412	[1, 1, 1, 1, 1, 1, 1, 1, 1, 1, 1, 1]
	1616804	1516116	1382276	18	M	83	A		-1	4756.52576252	[1, 1, 1, 1, 1, 1, 1, 1, 1, 1, 1, 1]
	1712255	1626180	1474532	19	M	23	A		-1	4757.52608184	[1, 1, 1, 1, 1, 1, 1, 1, 1, 1, 1, 1]
	1712760	1626180	1603622	19	M	53	A		-1	4757.77660001	[1, 1, 1, 1, 1, 1, 1, 1, 1, 1, 1, 1]
	1771533	1631994	1572233	19	M	83	A		-1	4758.4860571	[1, 1, 1, 1, 1, 1, 1, 1, 1, 1, 1, 1]
	1741052	1628173	1603456	19	M	187	A		-1	4759.64665002	[1, 1, 1, 1, 1, 1, 1, 1, 1, 1, 1, 1]
	1792902	1632684	1692465	19	M	64	A		-1	4759.81135568	[1, 1, 1, 1, 1, 1, 1, 1, 1, 1, 1, 1]
	1743639	1628173	1634263	19	M	39	A		-1	4760.30301956	[1, 1, 1, 1, 1, 1, 1, 1, 1, 1, 1, 1]
	1710670	1626180	1617634	19	M	101	A		-1	4760.56400447	[1, 1, 1, 1, 1, 1, 1, 1, 1, 1, 1, 1]
	1702880	1631973	1599849	19	M	10	A		-1	4760.79434906	[1, 1, 1, 1, 1, 1, 1, 1, 1, 1, 1, 1]
	1730492	1627404	1688842	19	M	184	A		-1	4760.83547877	[1, 1, 1, 1, 1, 1, 1, 1, 1, 1, 1, 1]
	1750824	1630540	1611895	19	M	75	A		-1	4762.61815605	[1, 1, 1, 1, 1, 1, 1, 1, 1, 1, 1, 1]
	1743436	1628173	1652403	19	M	197	A		-1	4763.56506566	[1, 1, 1, 1, 1, 1, 1, 1, 1, 1, 1, 1]
	1756545	1630684	1631780	19	M	69	A		-1	4764.27203872	[1, 1, 1, 1, 1, 1, 1, 1, 1, 1, 1, 1]
	1725850	1626915	1688893	19	M	53	A		-1	4764.80812954	[1, 1, 1, 1, 1, 1, 1, 1, 1, 1, 1, 1]
	1730563	1627404	1609957	19	M	111	A		-1	4767.46466115	[1, 1, 1, 1, 1, 1, 1, 1, 1, 1, 1, 1]
	1721301	1626454	1674098	19	M	107	A		-1	4767.87294296	[1, 1, 1, 1, 1, 1, 1, 1, 1, 1, 1, 1]
	1712573	1626180	1652561	19	M	119	A		-1	4768.18724416	[1, 1, 1, 1, 1, 1, 1, 1, 1, 1, 1, 1]
	1712712	1626180	1674803	19	M	194	A		-1	4769.27525484	[1, 1, 1, 1, 1, 1, 1, 1, 1, 1, 1, 1]
	1758354	1630684	1586079	19	M	81	A		-1	4769.86188966	[1, 1, 1, 1, 1, 0, 1, 1, 1, 1, 1, 1]
	1652058	1517455	1550501	18	M	92	A		-1	4770.16682519	[1, 1, 1, 1, 1, 1, 1, 1, 1, 1, 1, 1]
	1699354	1694650	1679483	19	M	129	A		-1	4770.53420919	[1, 1, 1, 1, 1, 1, 1, 1, 1, 1, 1, 1]
	1755558	1630684	1544049	19	M	59	A		-1	4771.85158881	[1, 1, 1, 1, 1, 0, 1, 1, 1, 1, 1, 1]
	1710514	1626180	1680777	19	M	47	A		-1	4772.65632633	[1, 1, 1, 1, 1, 1, 1, 1, 1, 1, 1, 1]
	1711070	1626180	1643029	19	M	0	A		-1	4772.80047309	[1, 1, 1, 1, 1, 0, 1, 1, 1, 1, 1, 1]
	1762340	1630801	1611252	19	M	144	A		-1	4772.82646902	[1, 1, 1, 1, 1, 1, 1, 1, 1, 1, 1, 1]
	1727490	1626915	1681831	19	M	33	A		-1	4773.40290361	[1, 1, 1, 1, 1, 1, 1, 1, 1, 1, 1, 1]
	1713461	1626180	1517132	19	M	140	A		-1	4774.0536002	[1, 1, 1, 1, 1, 1, 1, 1, 1, 1, 1, 1]
	1705215	1625761	1687303	19	M	170	A		-1	4774.49131136	[1, 1, 1, 1, 1, 1, 1, 1, 1, 1, 1, 1]
	1702339	1631973	1604888	19	M	143	A		-1	4774.79089075	[1, 1, 1, 1, 1, 1, 1, 1, 1, 1, 1, 1]
	1711474	1626180	1594321	19	M	128	A		-1	4775.80709815	[1, 1, 1, 1, 1, 1, 1, 1, 1, 1, 1, 1]
	1705198	1625761	1512489	19	M	115	A		-1	4775.83633065	[1, 1, 1, 1, 1, 1, 1, 1, 1, 1, 1, 1]
	1714460	1626180	1559592	19	M	194	A		-1	4776.74954583	[1, 1, 1, 1, 1, 1, 1, 1, 1, 1, 1, 1]
	1769406	1630822	1677853	19	M	124	A		-1	4777.53980221	[1, 1, 1, 1, 1, 1, 1, 1, 1, 1, 1, 1]
	1761762	1630801	1613811	19	M	33	A		-1	4777.75109279	[1, 1, 1, 1, 1, 1, 1, 1, 1, 1, 1, 1]
	1718230	1626442	1609967	19	M	55	A		-1	4778.04724677	[1, 1, 1, 1, 1, 1, 1, 1, 1, 1, 1, 1]
	1725178	1626915	1685604	19	M	144	A		-1	4780.19101102	[1, 1, 1, 1, 1, 1, 1, 1, 1, 1, 1, 1]
	1767793	1630822	1604167	19	M	101	A		-1	4780.30725594	[1, 1, 1, 1, 1, 1, 1, 1, 1, 1, 1, 1]
	1686074	1519410	1562316	18	M	97	A		-1	4780.58647892	[1, 1, 1, 1, 1, 1, 1, 1, 1, 1, 1, 1]
	1726361	1626915	1652979	19	M	92	A		-1	4780.6993889	[1, 1, 1, 1, 1, 1, 1, 1, 1, 1, 1, 1]
	1772374	1631994	1620194	19	M	32	A		-1	4783.10983	[1, 1, 1, 1, 1, 1, 1, 1, 1, 1, 1, 1]
	1704818	1625761	1621451	19	M	20	A		-1	4784.06532013	[1, 1, 0, 1, 1, 1, 1, 1, 1, 1, 1, 1]
	1685941	1519410	1309849	18	M	197	A		-1	4784.47274895	[1, 1, 1, 1, 1, 0, 1, 1, 1, 1, 1, 1]
	1769763	1630822	1626282	19	M	101	A		-1	4787.18545423	[1, 1, 1, 1, 1, 1, 1, 1, 1, 1, 1, 1]
	1699303	1694650	1508394	19	M	26	A		-1	4788.30072771	[1, 1, 1, 1, 1, 1, 1, 1, 1, 1, 1, 1]
	1720909	1626454	1610786	19	M	23	A		-1	4788.59652036	[1, 1, 1, 1, 1, 1, 1, 1, 1, 1, 1, 1]
	1704858	1625761	1687513	19	M	77	A		-1	4791.74188024	[1, 1, 1, 1, 1, 0, 1, 1, 1, 1, 1, 1]
	1626180	1516634	1580600	18	M	77	A		-1	4791.82155988	[1, 1, 1, 1, 1, 1, 1, 1, 1, 1, 1, 1]
	1728827	1626915	1647679	19	M	46	A		-1	4791.97875944	[1, 1, 1, 1, 1, 1, 1, 1, 1, 1, 1, 1]
	1726918	1626915	1666624	19	M	100	A		-1	4792.23376664	[1, 1, 1, 1, 1, 1, 1, 1, 1, 1, 1, 1]
	1694919	1694650	1631066	19	M	37	A		-1	4793.3334166	[1, 1, 1, 1, 1, 1, 1, 1, 1, 1, 1, 1]
	1699199	1694650	1421202	19	M	196	A		-1	4794.14777019	[1, 1, 1, 1, 1, 1, 1, 1, 1, 1, 1, 1]
	1697634	1694650	1531184	19	M	158	A		-1	4794.22453138	[1, 1, 1, 1, 1, 1, 1, 1, 1, 1, 1, 1]
	1713989	1626180	1596493	19	M	171	A		-1	4798.54793795	[1, 1, 1, 1, 1, 1, 1, 1, 1, 1, 1, 1]
	1729500	1626915	1658782	19	M	104	A		-1	4799.87535151	[1, 1, 1, 1, 1, 1, 1, 1, 1, 1, 1, 1]
	1728785	1626915	1638975	19	M	107	A		-1	4800.00386796	[1, 1, 1, 1, 1, 1, 1, 1, 1, 1, 1, 1]
	1738196	1628113	1643503	19	M	29	A		-1	4800.84238276	[1, 1, 1, 1, 1, 1, 1, 1, 1, 1, 1, 1]
	1710499	1626180	1612896	19	M	5	A		-1	4802.88318101	[1, 1, 1, 1, 1, 1, 1, 1, 1, 1, 1, 1]
	1725779	1626915	1605658	19	M	105	A		-1	4804.24167278	[1, 1, 1, 1, 1, 1, 1, 1, 1, 1, 1, 1]
	1711164	1626180	1636817	19	M	43	A		-1	4804.7246096	[1, 1, 1, 1, 1, 1, 1, 1, 1, 1, 1, 1]
	1744027	1628173	1574650	19	M	19	A		-1	4804.78411571	[1, 1, 1, 1, 1, 1, 1, 1, 1, 1, 1, 1]
	1711355	1626180	1611490	19	M	139	A		-1	4805.68078269	[1, 1, 1, 1, 1, 1, 1, 1, 1, 1, 1, 1]
	1702226	1631973	1681532	19	M	126	A		-1	4805.69619553	[1, 1, 1, 1, 1, 1, 1, 1, 1, 1, 1, 1]
	1730297	1627404	1582293	19	M	153	A		-1	4806.03106863	[1, 1, 1, 1, 1, 1, 1, 1, 1, 1, 1, 1]
	1706072	1625761	1636471	19	M	150	A		-1	4806.92154742	[1, 1, 1, 1, 1, 1, 1, 1, 1, 1, 1, 1]
	1767721	1630822	1610012	19	M	179	A		-1	4807.67637026	[1, 1, 1, 1, 1, 1, 1, 1, 1, 1, 1, 1]
	1788322	1632070	1679858	19	M	154	A		-1	4808.27785141	[1, 1, 1, 1, 1, 1, 1, 1, 1, 1, 1, 1]
	1791270	1632684	1639990	19	M	117	A		-1	4808.29233001	[1, 1, 1, 1, 1, 1, 1, 1, 1, 1, 1, 1]
	1698443	1694650	1598358	19	M	15	A		-1	4808.32173993	[1, 1, 1, 1, 1, 1, 1, 1, 1, 1, 1, 1]
	1775693	1635372	1610107	19	M	56	A		-1	4815.07212036	[1, 1, 1, 1, 1, 1, 1, 1, 1, 1, 1, 1]
	1758561	1630684	1674420	19	M	68	A		-1	4815.44932305	[1, 1, 1, 1, 1, 0, 1, 1, 1, 1, 1, 1]
	1790303	1632684	1631179	19	M	24	A		-1	4816.85853487	[1, 1, 1, 1, 1, 1, 1, 1, 1, 1, 1, 1]
	1737170	1628113	1647248	19	M	83	A		-1	4817.24914009	[1, 1, 1, 1, 1, 1, 1, 1, 1, 1, 1, 1]
	1788116	1632070	1622159	19	M	131	A		-1	4817.3261349	[1, 1, 1, 1, 1, 0, 1, 1, 1, 1, 1, 1]
	1736539	1628113	1485767	19	M	138	A		-1	4819.04315095	[1, 1, 1, 1, 1, 1, 1, 1, 1, 1, 1, 1]
	1751799	1630540	1686551	19	M	83	A		-1	4819.34050309	[1, 1, 1, 1, 1, 1, 1, 1, 1, 1, 1, 1]
	1719803	1626454	1595483	19	M	199	A		-1	4821.37043665	[1, 1, 1, 1, 1, 1, 1, 1, 1, 1, 1, 1]
	1787189	1632070	1621726	19	M	198	A		-1	4822.41838057	[1, 1, 1, 1, 1, 1, 1, 1, 1, 1, 1, 1]
	1758936	1630684	1661021	19	M	125	A		-1	4822.51580003	[1, 1, 1, 1, 1, 1, 1, 1, 1, 1, 1, 1]
	1746710	1629889	1686096	19	M	169	A		-1	4822.61990102	[1, 1, 1, 1, 1, 1, 1, 1, 1, 1, 1, 1]
	1706202	1625761	1640923	19	M	77	A		-1	4822.81002878	[1, 1, 1, 1, 1, 1, 1, 1, 1, 1, 1, 1]
	1712851	1626180	1655630	19	M	178	A		-1	4826.02412982	[1, 1, 1, 1, 1, 1, 1, 1, 1, 1, 1, 1]
	1742137	1628173	1626019	19	M	33	A		-1	4826.21787401	[1, 1, 1, 1, 1, 1, 1, 1, 1, 1, 1, 1]
	1792842	1632684	1687423	19	M	31	A		-1	4827.15869723	[1, 1, 1, 1, 1, 1, 1, 1, 1, 1, 1, 1]
	1740781	1628173	1606175	19	M	45	A		-1	4829.17578322	[1, 1, 1, 1, 1, 1, 1, 1, 1, 1, 1, 1]
	1696658	1694650	1563832	19	M	58	A		-1	4829.69760533	[1, 1, 1, 1, 1, 1, 1, 1, 1, 1, 1, 1]
	1711499	1626180	1590326	19	M	186	A		-1	4829.94567087	[1, 1, 1, 1, 1, 1, 1, 1, 1, 1, 1, 1]
	1761536	1630801	1634010	19	M	199	A		-1	4830.13636868	[1, 1, 1, 1, 1, 1, 1, 1, 1, 1, 1, 1]
	1727369	1626915	1610287	19	M	79	A		-1	4830.30765699	[1, 1, 1, 1, 1, 1, 1, 1, 1, 1, 1, 1]
	1711945	1626180	1686123	19	M	95	A		-1	4831.09953422	[1, 1, 1, 1, 1, 1, 1, 1, 1, 1, 1, 1]
	1715064	1626442	1653735	19	M	148	A		-1	4831.73889192	[1, 1, 1, 1, 1, 1, 1, 1, 1, 1, 1, 1]
	1707029	1625761	1616300	19	M	139	A		-1	4832.08720393	[1, 1, 1, 1, 1, 1, 1, 1, 1, 1, 1, 1]
	1759544	1630684	1653875	19	M	9	A		-1	4834.26881437	[1, 1, 1, 1, 1, 0, 1, 1, 1, 1, 1, 1]
	1731067	1627404	1663103	19	M	41	A		-1	4835.4785055	[1, 1, 0, 1, 1, 1, 1, 1, 1, 1, 1, 1]
	1695109	1694650	1636310	19	M	183	A		-1	4837.91404082	[1, 1, 1, 1, 1, 1, 1, 1, 1, 1, 1, 1]
	1761199	1630801	1672519	19	M	174	A		-1	4838.04021124	[1, 1, 1, 1, 1, 1, 1, 1, 1, 1, 1, 1]
	1711630	1626180	1546631	19	M	17	A		-1	4840.83701821	[1, 1, 1, 1, 1, 1, 1, 1, 1, 1, 1, 1]
	1699684	1694650	1608096	19	M	96	A		-1	4840.91440606	[1, 1, 1, 1, 1, 1, 1, 1, 1, 1, 1, 1]
	1786171	1632070	1596533	19	M	46	A		-1	4843.69069885	[1, 1, 1, 1, 1, 1, 1, 1, 1, 1, 1, 1]
	1735000	1628113	1627194	19	M	176	A		-1	4844.29480994	[1, 1, 1, 1, 1, 1, 1, 1, 1, 1, 1, 1]
	1739340	1628113	1519942	19	M	183	A		-1	4844.69892087	[1, 1, 1, 1, 1, 1, 1, 1, 1, 1, 1, 1]
	1697564	1694650	1609840	19	M	107	A		-1	4848.83093063	[1, 1, 1, 1, 1, 1, 1, 1, 1, 1, 1, 1]
	1788298	1632070	1602609	19	M	78	A		-1	4853.14050195	[1, 1, 1, 1, 1, 1, 1, 1, 1, 1, 1, 1]
	1753103	1630540	1670412	19	M	131	A		-1	4853.24865976	[1, 1, 1, 1, 1, 0, 1, 1, 1, 1, 1, 1]
	1667968	1518371	1515755	18	M	84	A		-1	4854.12986823	[1, 1, 1, 1, 1, 1, 1, 1, 1, 1, 1, 1]
	1696888	1694650	1623227	19	M	71	A		-1	4855.78518023	[1, 1, 1, 1, 1, 1, 1, 1, 1, 1, 1, 1]
	1744690	1628173	1522984	19	M	47	A		-1	4855.83741274	[1, 1, 1, 1, 1, 1, 1, 1, 1, 1, 1, 1]
	1698151	1694650	1607204	19	M	160	A		-1	4856.12607667	[1, 1, 1, 1, 1, 1, 1, 1, 1, 1, 1, 1]
	1727765	1626915	1604690	19	M	195	A		-1	4857.46717964	[1, 1, 1, 1, 1, 1, 1, 1, 1, 1, 1, 1]
	1721060	1626454	1689775	19	M	99	A		-1	4857.46747836	[1, 1, 1, 1, 1, 1, 1, 1, 1, 1, 1, 0]
	1737009	1628113	1542495	19	M	157	A		-1	4861.07505889	[1, 1, 1, 1, 1, 1, 1, 1, 1, 1, 1, 1]
	1713170	1626180	1691161	19	M	71	A		-1	4861.92710778	[1, 1, 1, 1, 1, 1, 1, 1, 1, 1, 1, 1]
	1729441	1626915	1684953	19	M	161	A		-1	4862.63493813	[1, 1, 1, 1, 1, 1, 1, 1, 1, 1, 1, 1]
	1703270	1631973	1667780	19	M	195	A		-1	4865.0906831	[1, 1, 1, 1, 1, 1, 1, 1, 1, 1, 1, 1]
	1710618	1626180	1541830	19	M	131	A		-1	4865.98390187	[1, 1, 1, 1, 1, 1, 1, 1, 1, 1, 1, 1]
	1752616	1630540	1632479	19	M	6	A		-1	4866.48063204	[1, 1, 1, 1, 1, 1, 1, 1, 1, 1, 1, 1]
	1711574	1626180	1608297	19	M	59	A		-1	4868.25262345	[1, 1, 1, 1, 1, 1, 1, 1, 1, 1, 1, 1]
	1757850	1630684	1597457	19	M	98	A		-1	4868.43064814	[1, 1, 1, 1, 1, 0, 1, 1, 1, 1, 1, 1]
	1713209	1626180	1515255	19	M	95	A		-1	4869.71461112	[1, 1, 1, 1, 1, 1, 1, 1, 1, 1, 1, 1]
	1734530	1627404	1601870	19	M	31	A		-1	4872.00506799	[1, 1, 1, 1, 1, 0, 1, 1, 1, 1, 1, 1]
	1715827	1626442	1641465	19	M	92	A		-1	4875.61463419	[1, 1, 1, 1, 1, 1, 1, 1, 1, 1, 1, 1]
	1709534	1625761	1538562	19	M	136	A		-1	4875.98495631	[1, 1, 1, 1, 1, 1, 1, 1, 1, 1, 1, 1]
	1614332	1515795	1458678	18	M	199	A		-1	4878.79231669	[1, 1, 0, 1, 1, 1, 1, 1, 1, 1, 1, 1]
	1728507	1626915	1602986	19	M	81	A		-1	4878.88685341	[1, 1, 1, 1, 1, 1, 1, 1, 1, 1, 1, 1]
	1697184	1694650	1609267	19	M	78	A		-1	4882.21602885	[1, 1, 1, 1, 1, 1, 1, 1, 1, 1, 1, 1]
	1712638	1626180	1600457	19	M	80	A		-1	4882.40446109	[1, 1, 1, 1, 1, 1, 1, 1, 1, 1, 1, 1]
	1697545	1694650	1534614	19	M	22	A		-1	4883.32319989	[1, 1, 1, 1, 1, 0, 1, 1, 1, 1, 1, 1]
	1789353	1632070	1613067	19	M	9	A		-1	4884.12922952	[1, 1, 1, 1, 1, 1, 1, 1, 1, 1, 1, 1]
	1750828	1630540	1610361	19	M	57	A		-1	4884.48396113	[1, 1, 1, 1, 1, 1, 1, 1, 1, 1, 1, 1]
	1754885	1630684	1597245	19	M	85	A		-1	4887.79859352	[1, 1, 1, 1, 1, 1, 1, 1, 1, 1, 1, 1]
	1729280	1626915	1533630	19	M	12	A		-1	4890.69952018	[1, 1, 1, 1, 1, 1, 1, 1, 1, 1, 1, 1]
	1683968	1519062	1582525	18	M	50	A		-1	4895.31726235	[1, 1, 1, 1, 1, 1, 1, 1, 1, 1, 1, 1]
	1712329	1626180	1685000	19	M	40	A		-1	4896.70798698	[1, 1, 1, 1, 1, 1, 1, 1, 1, 1, 1, 1]
	1724335	1626454	1654601	19	M	69	A		-1	4903.1393893	[1, 1, 1, 1, 1, 1, 1, 1, 1, 1, 1, 1]
	1775639	1635372	1686030	19	M	78	A		-1	4907.04715499	[1, 1, 1, 1, 1, 1, 1, 1, 1, 1, 1, 1]
	1711503	1626180	1421446	19	M	126	A		-1	4916.69514565	[1, 1, 1, 1, 1, 0, 1, 1, 1, 1, 1, 1]
	1738173	1628113	1682153	19	M	124	A		-1	4917.06519267	[1, 1, 1, 1, 1, 1, 1, 1, 1, 1, 1, 1]
	1782124	1632044	1612068	19	M	192	A		-1	4917.0978476	[1, 1, 1, 1, 1, 1, 1, 1, 1, 1, 1, 1]
	1760276	1630801	1616932	19	M	80	A		-1	4918.47826799	[1, 1, 1, 1, 1, 1, 1, 1, 1, 1, 1, 1]
	1729208	1626915	1532957	19	M	78	A		-1	4928.55593777	[1, 1, 1, 1, 1, 1, 1, 1, 1, 1, 1, 1]
	1717446	1626442	1670396	19	M	97	A		-1	4931.06554277	[1, 1, 1, 1, 1, 1, 1, 1, 1, 1, 1, 1]
	1785433	1632070	1605944	19	M	43	A		-1	4933.83882357	[1, 1, 1, 1, 1, 1, 1, 1, 1, 1, 1, 1]
	1717271	1626442	1636704	19	M	176	A		-1	4933.92611286	[1, 1, 1, 1, 1, 1, 1, 1, 1, 1, 1, 1]
	1715563	1626442	1683708	19	M	159	A		-1	4943.96369452	[1, 1, 1, 1, 1, 1, 1, 1, 1, 1, 1, 1]
	1696928	1694650	1509900	19	M	49	A		-1	4957.52985077	[1, 1, 1, 1, 1, 1, 1, 1, 1, 1, 1, 1]
	1761630	1630801	1590067	19	M	91	A		-1	4961.33903951	[1, 1, 1, 1, 1, 1, 1, 1, 1, 1, 1, 1]
	1695045	1694650	1671125	19	M	24	A		-1	4970.51286527	[1, 1, 1, 1, 1, 1, 1, 1, 1, 1, 1, 1]
	1712261	1626180	1646764	19	M	198	A		-1	4970.52112451	[1, 1, 1, 1, 1, 1, 1, 1, 1, 1, 1, 1]
	1746392	1629889	1565359	19	M	173	A		-1	4972.3440422	[1, 1, 1, 1, 1, 1, 1, 1, 1, 1, 1, 1]
	1712179	1626180	1617772	19	M	65	A		-1	4985.25603021	[1, 1, 1, 0, 1, 1, 1, 1, 1, 1, 1, 1]
	1720387	1626454	1620611	19	M	108	A		-1	4990.90698697	[1, 1, 1, 1, 1, 1, 1, 1, 1, 1, 1, 1]
	1758263	1630684	1623759	19	M	173	A		-1	5003.58748394	[1, 1, 1, 1, 1, 0, 1, 1, 1, 1, 1, 1]
	1712192	1626180	1599856	19	M	175	A		-1	5004.65793599	[1, 1, 1, 1, 1, 1, 1, 1, 1, 1, 1, 1]
	1760252	1630801	1662922	19	M	77	A		-1	5009.3914755	[1, 1, 1, 1, 1, 1, 1, 1, 1, 1, 1, 1]
	1699575	1694650	1646040	19	M	59	A		-1	5010.37652183	[1, 1, 1, 1, 1, 1, 1, 1, 1, 1, 1, 1]
	1686208	1519410	1592328	18	M	96	A		-1	5014.07062199	[1, 1, 1, 1, 1, 1, 1, 1, 1, 1, 1, 1]
	1697474	1694650	1647316	19	M	59	A		-1	5016.41252465	[1, 1, 1, 1, 1, 1, 1, 1, 1, 1, 1, 1]
	1718437	1626442	1606205	19	M	38	A		-1	5040.47690565	[1, 1, 1, 1, 1, 1, 1, 1, 1, 1, 1, 1]
	1695677	1694650	1608887	19	M	147	A		-1	5090.84290803	[1, 1, 1, 1, 1, 1, 1, 1, 1, 1, 1, 1]
