animal	sire	dam	born	sex	herd	status	cause	died	TBV	recessives
	154731	85745	78194	3	M	28	A		-1	1344.06410866	[1, 1, 1, 1, 1, 1, 1, 1, 1, 1, 1, 0]
	215104	139009	74849	4	M	182	A		-1	1344.15517347	[1, 1, 1, 0, 1, 1, 1, 1, 1, 1, 1, 1]
	278914	141708	149078	4	M	69	A		-1	1344.49293268	[1, 1, 1, 1, 1, 1, 1, 1, 1, 1, 1, 1]
	182216	86227	96651	3	M	20	A		-1	1344.59642386	[1, 1, 1, 1, 1, 1, 1, 1, 1, 1, 1, 1]
	268267	139868	138090	4	M	27	A		-1	1345.16549228	[1, 1, 1, 1, 1, 1, 1, 1, 1, 1, 1, 1]
	206971	138963	139910	4	M	49	A		-1	1345.20376075	[1, 1, 1, 1, 1, 1, 1, 1, 1, 1, 1, 1]
	243136	139596	146060	4	M	34	A		-1	1345.38703069	[1, 1, 1, 1, 1, 1, 1, 1, 1, 1, 1, 1]
	274808	141708	136713	4	M	95	A		-1	1345.62450755	[1, 1, 1, 1, 1, 1, 1, 1, 1, 1, 1, 1]
	280220	140103	152191	4	M	48	A		-1	1345.71683317	[1, 1, 1, 1, 1, 1, 1, 1, 1, 1, 1, 1]
	247131	139674	156270	4	M	153	A		-1	1345.84588206	[1, 1, 1, 1, 1, 1, 1, 1, 1, 1, 1, 1]
	211648	139004	77022	4	M	104	A		-1	1345.92141172	[1, 1, 1, 1, 1, 1, 1, 1, 1, 1, 1, 1]
	228798	139327	162884	4	M	45	A		-1	1345.95716171	[1, 1, 1, 1, 1, 1, 1, 1, 1, 1, 1, 1]
	216751	139009	111296	4	M	43	A		-1	1345.99153767	[1, 1, 1, 1, 1, 1, 1, 1, 1, 1, 1, 1]
	202768	139921	135637	4	M	194	A		-1	1346.11972741	[1, 1, 1, 1, 1, 1, 1, 1, 1, 1, 1, 1]
	202189	139921	167509	4	M	137	A		-1	1346.22136596	[1, 1, 1, 1, 1, 1, 1, 1, 1, 1, 1, 1]
	265250	139868	141005	4	M	42	A		-1	1346.36485412	[1, 1, 1, 1, 1, 0, 1, 1, 1, 1, 1, 1]
	291479	140223	143923	4	M	24	A		-1	1346.39199357	[1, 1, 1, 1, 1, 1, 1, 1, 1, 1, 1, 0]
	244220	139596	152347	4	M	155	A		-1	1346.40391768	[1, 1, 0, 1, 1, 1, 1, 1, 1, 1, 1, 1]
	292916	140223	151042	4	M	9	A		-1	1346.58380195	[0, 1, 1, 1, 1, 1, 1, 1, 1, 1, 1, 1]
	212283	139004	106946	4	M	82	A		-1	1347.13223032	[1, 1, 1, 1, 1, 1, 1, 1, 1, 1, 1, 0]
	252510	139727	156812	4	M	51	A		-1	1347.95057461	[1, 1, 1, 1, 1, 1, 1, 1, 1, 1, 1, 1]
	264035	139835	138370	4	M	49	A		-1	1348.13363201	[1, 1, 1, 1, 1, 1, 1, 1, 1, 1, 1, 1]
	217042	139009	152572	4	M	137	A		-1	1348.4014461	[1, 1, 1, 1, 1, 1, 1, 1, 1, 1, 1, 1]
	246009	139674	157602	4	M	79	A		-1	1348.50418622	[1, 1, 1, 1, 1, 1, 1, 1, 1, 1, 1, 0]
	257160	139763	178704	4	M	138	A		-1	1348.58187869	[1, 1, 1, 1, 1, 1, 1, 1, 1, 1, 1, 0]
	248970	139674	183849	4	M	130	A		-1	1348.63099757	[1, 1, 1, 1, 1, 1, 1, 1, 1, 1, 1, 0]
	199886	139921	166482	4	M	194	A		-1	1348.64834919	[1, 1, 1, 1, 1, 1, 1, 1, 1, 1, 1, 1]
	293407	140223	152825	4	M	22	A		-1	1348.71857837	[1, 1, 0, 1, 1, 1, 1, 1, 1, 1, 1, 0]
	209624	138963	174050	4	M	26	A		-1	1348.87445071	[1, 1, 1, 1, 1, 1, 1, 1, 1, 1, 1, 0]
	280731	140103	152498	4	M	152	A		-1	1349.02479663	[1, 1, 1, 1, 1, 1, 1, 1, 1, 1, 1, 1]
	281525	140103	165167	4	M	179	A		-1	1349.18753738	[1, 1, 1, 1, 1, 1, 1, 1, 1, 1, 1, 1]
	239317	139483	154890	4	M	104	A		-1	1349.88806186	[1, 1, 1, 1, 1, 1, 1, 1, 1, 1, 1, 0]
	219067	139009	173903	4	M	35	A		-1	1349.98696958	[1, 1, 1, 0, 1, 1, 1, 1, 1, 1, 1, 1]
	261225	139835	143973	4	M	167	A		-1	1350.23860905	[1, 1, 1, 1, 1, 1, 1, 1, 1, 1, 1, 1]
	293391	140223	174045	4	M	104	A		-1	1350.33523154	[1, 1, 0, 1, 1, 1, 1, 1, 1, 1, 1, 1]
	265709	139868	126936	4	M	199	A		-1	1350.36965991	[1, 1, 1, 0, 1, 1, 1, 1, 1, 1, 1, 1]
	288408	140157	176993	4	M	33	A		-1	1350.36987818	[1, 1, 1, 1, 1, 1, 1, 1, 1, 1, 1, 0]
	134434	84880	55670	3	M	180	A		-1	1350.55853522	[1, 1, 1, 1, 1, 1, 1, 1, 1, 1, 1, 1]
	287866	140157	178128	4	M	76	A		-1	1350.80352237	[1, 1, 1, 1, 1, 1, 1, 1, 1, 1, 1, 1]
	285602	140157	176541	4	M	67	A		-1	1351.01041895	[1, 1, 1, 1, 1, 1, 1, 1, 1, 1, 1, 1]
	268718	139868	101386	4	M	127	A		-1	1351.4311004	[1, 1, 1, 1, 1, 1, 1, 1, 1, 1, 1, 1]
	279457	141708	79035	4	M	145	A		-1	1351.43378592	[1, 1, 1, 1, 1, 1, 1, 1, 1, 1, 1, 1]
	241169	139596	166084	4	M	186	A		-1	1351.49993752	[1, 0, 1, 1, 1, 1, 1, 1, 1, 1, 1, 1]
	260185	139835	103084	4	M	115	A		-1	1351.57637733	[1, 1, 1, 1, 1, 1, 1, 1, 1, 1, 1, 1]
	253494	139727	191242	4	M	183	A		-1	1351.69020257	[1, 1, 1, 1, 1, 1, 1, 1, 1, 1, 1, 1]
	264974	139868	187735	4	M	70	A		-1	1351.81999358	[1, 1, 1, 1, 1, 1, 1, 1, 1, 1, 1, 0]
	268003	139868	190185	4	M	58	A		-1	1352.10091626	[1, 1, 1, 1, 1, 1, 1, 1, 1, 1, 1, 1]
	294251	140223	160006	4	M	98	A		-1	1352.2101403	[1, 1, 1, 1, 1, 1, 1, 1, 1, 1, 1, 0]
	292410	140223	75669	4	M	49	A		-1	1352.35184548	[1, 1, 1, 1, 1, 1, 1, 1, 1, 1, 1, 1]
	205554	138963	188153	4	M	181	A		-1	1352.58197143	[1, 1, 1, 1, 1, 1, 1, 1, 1, 1, 1, 1]
	260404	139835	126441	4	M	92	A		-1	1352.68027721	[1, 1, 1, 1, 1, 1, 1, 1, 1, 1, 1, 1]
	287989	140157	115936	4	M	65	A		-1	1352.79211936	[1, 1, 1, 1, 1, 1, 1, 1, 1, 1, 1, 0]
	259692	139763	128837	4	M	143	A		-1	1352.90955812	[1, 1, 1, 1, 1, 1, 1, 1, 1, 1, 1, 0]
	287283	140157	132775	4	M	164	A		-1	1352.95955836	[1, 1, 1, 1, 1, 1, 1, 1, 1, 1, 1, 1]
	167345	86060	85626	3	M	140	A		-1	1353.21448097	[1, 1, 1, 1, 1, 1, 1, 1, 1, 1, 1, 1]
	253961	139727	167046	4	M	154	A		-1	1353.59778381	[1, 1, 0, 1, 1, 1, 1, 1, 1, 1, 1, 1]
	247582	139674	80248	4	M	70	A		-1	1353.68475552	[1, 1, 1, 1, 1, 1, 1, 1, 1, 1, 1, 1]
	280594	140103	88674	4	M	38	A		-1	1354.1608274	[1, 1, 1, 1, 1, 1, 1, 1, 1, 1, 1, 1]
	242971	139596	164263	4	M	131	A		-1	1354.45746299	[1, 1, 1, 1, 1, 1, 1, 1, 1, 1, 1, 1]
	275559	141708	163042	4	M	56	A		-1	1354.57458188	[1, 1, 1, 1, 1, 1, 1, 1, 1, 1, 1, 1]
	252160	139727	129844	4	M	125	A		-1	1354.6253357	[1, 1, 1, 1, 1, 1, 1, 1, 1, 1, 1, 1]
	195538	193975	87699	4	M	85	A		-1	1354.7460709	[1, 1, 1, 1, 1, 1, 1, 1, 1, 1, 1, 1]
	250975	139727	162826	4	M	35	A		-1	1354.823826	[1, 1, 1, 1, 1, 1, 1, 1, 1, 1, 1, 1]
	278740	141708	70718	4	M	62	A		-1	1355.74606137	[1, 1, 1, 1, 1, 1, 1, 1, 1, 1, 1, 1]
	249856	139727	110099	4	M	9	A		-1	1355.75601672	[1, 1, 1, 1, 1, 1, 1, 1, 1, 1, 1, 1]
	208816	138963	178775	4	M	11	A		-1	1355.80007242	[1, 1, 1, 0, 1, 1, 1, 1, 1, 1, 1, 1]
	198122	193975	136513	4	M	162	A		-1	1355.82855612	[1, 1, 1, 1, 1, 1, 1, 1, 1, 1, 1, 1]
	204167	139921	75411	4	M	180	A		-1	1355.85559513	[1, 1, 1, 1, 1, 1, 1, 1, 1, 1, 1, 1]
	258608	139763	165238	4	M	58	A		-1	1355.93036032	[1, 1, 1, 1, 1, 1, 1, 1, 1, 1, 1, 1]
	240820	139596	127250	4	M	23	A		-1	1356.22765748	[1, 1, 1, 1, 1, 1, 1, 1, 1, 1, 1, 1]
	280600	140103	98105	4	M	81	A		-1	1356.78143043	[1, 1, 1, 1, 1, 1, 1, 1, 1, 1, 1, 1]
	268779	139868	165928	4	M	117	A		-1	1356.78153659	[1, 1, 1, 1, 1, 1, 1, 1, 1, 1, 1, 1]
	289896	140223	139922	4	M	59	A		-1	1356.93468092	[1, 1, 1, 1, 1, 1, 1, 1, 1, 1, 1, 1]
	148683	85540	47	3	M	8	A		-1	1357.13087975	[1, 1, 0, 1, 1, 1, 1, 1, 1, 1, 1, 1]
	263959	139835	163440	4	M	118	A		-1	1357.27823813	[1, 0, 1, 1, 1, 1, 1, 1, 1, 1, 1, 1]
	138453	84942	107329	3	M	179	A		-1	1357.71706985	[1, 1, 1, 1, 1, 1, 1, 1, 1, 1, 1, 1]
	252113	139727	133466	4	M	73	A		-1	1357.94614235	[1, 1, 1, 1, 1, 1, 1, 1, 1, 1, 1, 0]
	222977	139178	126725	4	M	76	A		-1	1358.107769	[1, 1, 1, 1, 1, 1, 1, 1, 1, 1, 1, 1]
	279264	141708	140117	4	M	145	A		-1	1358.15889685	[1, 1, 1, 1, 1, 1, 1, 1, 1, 1, 1, 1]
	285182	140157	171388	4	M	95	A		-1	1358.34616273	[1, 1, 1, 1, 1, 1, 1, 1, 1, 1, 1, 1]
	216131	139009	159222	4	M	58	A		-1	1358.78789725	[1, 1, 1, 1, 1, 1, 1, 1, 1, 1, 1, 1]
	282184	140103	97423	4	M	140	A		-1	1358.88397614	[1, 1, 1, 1, 1, 1, 1, 1, 1, 1, 1, 1]
	276174	141708	138320	4	M	123	A		-1	1359.13081001	[1, 1, 1, 1, 1, 1, 1, 1, 1, 1, 1, 1]
	225856	139327	102798	4	M	200	A		-1	1359.30178399	[1, 1, 1, 1, 1, 1, 1, 1, 1, 1, 1, 1]
	213119	139004	185408	4	M	149	A		-1	1359.78793127	[1, 1, 1, 1, 1, 1, 1, 1, 1, 1, 1, 1]
	268022	139868	173369	4	M	39	A		-1	1359.99225633	[1, 1, 1, 1, 1, 1, 1, 1, 1, 1, 1, 1]
	227088	139327	165975	4	M	35	A		-1	1360.53743717	[1, 1, 1, 1, 1, 1, 1, 1, 1, 1, 1, 1]
	250030	139727	45373	4	M	45	A		-1	1361.73327501	[1, 1, 1, 1, 1, 1, 1, 1, 1, 1, 1, 1]
	218720	139009	163317	4	M	123	A		-1	1362.01468859	[1, 1, 1, 1, 1, 1, 1, 1, 1, 1, 1, 1]
	293482	140223	113985	4	M	44	A		-1	1362.32861261	[1, 1, 1, 1, 1, 1, 1, 1, 1, 1, 1, 1]
	266053	139868	182760	4	M	197	A		-1	1362.35019188	[1, 1, 1, 1, 1, 1, 1, 1, 1, 1, 1, 1]
	248577	139674	141621	4	M	10	A		-1	1362.67305616	[1, 1, 1, 1, 1, 1, 1, 1, 1, 1, 1, 1]
	250901	139727	154545	4	M	77	A		-1	1362.9146588	[1, 1, 1, 1, 1, 1, 1, 1, 1, 1, 1, 0]
	277300	141708	171423	4	M	105	A		-1	1363.34174919	[1, 1, 1, 1, 1, 1, 1, 1, 1, 1, 1, 1]
	195196	193975	129940	4	M	79	A		-1	1363.38194751	[1, 1, 1, 1, 1, 1, 1, 1, 1, 1, 1, 0]
	288720	140157	141752	4	M	25	A		-1	1363.43896097	[1, 1, 1, 1, 1, 1, 1, 1, 1, 1, 1, 1]
	213255	139004	141035	4	M	9	A		-1	1363.52322795	[1, 1, 1, 1, 1, 1, 1, 1, 1, 1, 1, 1]
	284208	140103	181005	4	M	80	A		-1	1363.54287898	[1, 1, 1, 1, 1, 1, 1, 0, 1, 1, 1, 1]
	253387	139727	188355	4	M	48	A		-1	1363.68886732	[1, 1, 1, 1, 1, 1, 1, 1, 1, 1, 1, 1]
	291957	140223	133490	4	M	7	A		-1	1363.95131494	[1, 1, 1, 1, 1, 1, 1, 1, 1, 1, 1, 1]
	209699	138963	127432	4	M	88	A		-1	1363.95548681	[1, 1, 1, 1, 1, 1, 1, 1, 1, 1, 0, 1]
	180345	86227	80077	3	M	145	A		-1	1364.27742602	[1, 1, 1, 1, 1, 1, 1, 1, 1, 1, 1, 1]
	246232	139674	116902	4	M	71	A		-1	1364.47997356	[1, 1, 1, 1, 1, 1, 1, 1, 1, 1, 1, 1]
	237467	139483	146238	4	M	131	A		-1	1364.88365919	[1, 1, 1, 1, 1, 1, 1, 1, 1, 1, 1, 1]
	293358	140223	141327	4	M	44	A		-1	1365.03995882	[1, 1, 1, 1, 1, 1, 1, 1, 1, 1, 1, 0]
	252281	139727	132311	4	M	80	A		-1	1365.41874838	[1, 1, 1, 1, 1, 1, 1, 1, 1, 1, 1, 0]
	279528	141708	184885	4	M	116	A		-1	1365.81271742	[1, 1, 1, 1, 1, 1, 1, 1, 1, 1, 1, 1]
	286095	140157	183925	4	M	123	A		-1	1365.87992052	[1, 1, 1, 1, 1, 1, 1, 1, 1, 1, 1, 1]
	222944	139178	148164	4	M	182	A		-1	1366.30851371	[1, 1, 1, 1, 1, 1, 1, 1, 1, 1, 1, 1]
	261964	139835	171285	4	M	123	A		-1	1367.07749514	[1, 1, 1, 1, 1, 1, 1, 1, 1, 1, 1, 1]
	287718	140157	119963	4	M	25	A		-1	1367.23109287	[1, 1, 1, 1, 1, 1, 1, 1, 1, 1, 1, 1]
	277959	141708	190815	4	M	64	A		-1	1367.96320363	[1, 0, 1, 1, 1, 1, 1, 1, 1, 1, 1, 1]
	277249	141708	182002	4	M	93	A		-1	1368.11405968	[1, 1, 1, 1, 1, 1, 1, 1, 1, 1, 1, 1]
	136267	84880	64967	3	M	107	A		-1	1368.16203296	[1, 1, 1, 1, 1, 1, 1, 1, 1, 1, 1, 0]
	285556	140157	140059	4	M	67	A		-1	1368.84991611	[1, 1, 1, 1, 1, 1, 1, 1, 1, 1, 1, 1]
	234749	139461	159251	4	M	121	A		-1	1368.88812202	[1, 1, 1, 1, 1, 1, 1, 1, 1, 1, 1, 1]
	278208	141708	181444	4	M	120	A		-1	1368.89778618	[1, 1, 0, 1, 1, 1, 1, 1, 1, 1, 1, 1]
	218978	139009	134650	4	M	135	A		-1	1369.33410911	[1, 1, 1, 0, 1, 1, 1, 1, 1, 1, 1, 0]
	253943	139727	178979	4	M	7	A		-1	1369.41022778	[1, 1, 1, 1, 1, 1, 1, 1, 1, 1, 1, 1]
	224427	139178	186394	4	M	122	A		-1	1370.00874985	[1, 1, 1, 0, 1, 1, 1, 1, 1, 1, 1, 1]
	249363	139674	185697	4	M	168	A		-1	1370.23974401	[1, 1, 1, 1, 1, 1, 1, 1, 1, 1, 1, 1]
	273156	139936	178515	4	M	50	A		-1	1370.30465207	[1, 1, 1, 1, 1, 1, 1, 0, 1, 1, 1, 0]
	285134	140157	105630	4	M	199	A		-1	1370.79437464	[1, 1, 1, 1, 1, 1, 1, 1, 1, 1, 1, 0]
	254267	139727	99785	4	M	49	A		-1	1371.55641119	[1, 1, 1, 1, 1, 1, 1, 1, 1, 1, 1, 1]
	214905	139009	189795	4	M	48	A		-1	1371.73723332	[1, 1, 1, 1, 1, 1, 1, 1, 1, 1, 1, 1]
	267957	139868	182678	4	M	95	A		-1	1372.71829249	[1, 1, 1, 1, 1, 1, 1, 1, 1, 1, 1, 1]
	200336	139921	147581	4	M	120	A		-1	1372.9271227	[1, 1, 1, 1, 1, 1, 1, 1, 1, 1, 1, 1]
	293445	140223	49671	4	M	19	A		-1	1373.12481264	[1, 1, 0, 1, 1, 1, 1, 1, 1, 1, 1, 0]
	280264	140103	132572	4	M	70	A		-1	1374.25187594	[1, 1, 1, 1, 1, 1, 1, 1, 1, 1, 1, 1]
	284294	140103	164867	4	M	110	A		-1	1374.41703511	[1, 1, 1, 1, 1, 1, 1, 1, 1, 1, 1, 1]
	220842	139178	146902	4	M	95	A		-1	1374.8227733	[1, 1, 1, 1, 1, 1, 1, 1, 1, 1, 1, 1]
	225611	139327	152135	4	M	77	A		-1	1375.52615039	[1, 1, 1, 1, 1, 1, 1, 1, 1, 1, 1, 1]
	201687	139921	133369	4	M	118	A		-1	1376.65646886	[1, 1, 1, 1, 1, 1, 1, 1, 1, 1, 1, 0]
	264802	139868	185670	4	M	83	A		-1	1376.91188792	[1, 1, 1, 1, 1, 1, 1, 1, 1, 1, 1, 1]
	279882	140103	139125	4	M	135	A		-1	1377.1707397	[1, 1, 1, 1, 1, 1, 1, 1, 1, 1, 1, 1]
	215440	139009	139062	4	M	59	A		-1	1377.55455086	[1, 1, 1, 0, 1, 1, 1, 1, 1, 1, 1, 1]
	280118	140103	152916	4	M	166	A		-1	1377.6609793	[1, 1, 1, 1, 1, 1, 1, 1, 1, 1, 1, 0]
	291650	140223	129400	4	M	48	A		-1	1377.91954889	[1, 1, 1, 1, 1, 1, 1, 1, 1, 1, 1, 1]
	288676	140157	167033	4	M	150	A		-1	1378.75969418	[1, 1, 1, 1, 1, 1, 1, 1, 1, 1, 1, 1]
	245323	139674	136404	4	M	44	A		-1	1378.89166251	[1, 1, 1, 0, 1, 1, 1, 1, 1, 1, 1, 1]
	290346	140223	127374	4	M	127	A		-1	1379.02824222	[1, 1, 1, 0, 1, 1, 1, 1, 1, 1, 1, 0]
	222546	139178	134636	4	M	17	A		-1	1379.52124382	[1, 1, 1, 1, 1, 1, 1, 1, 1, 1, 1, 1]
	220346	139178	46102	4	M	160	A		-1	1379.85906191	[1, 1, 0, 1, 1, 1, 1, 1, 1, 1, 1, 1]
	269634	139868	129019	4	M	31	A		-1	1379.97939455	[1, 1, 1, 1, 1, 1, 1, 1, 1, 1, 1, 1]
	215629	139009	157286	4	M	148	A		-1	1380.0800588	[1, 1, 1, 1, 1, 1, 1, 1, 1, 1, 1, 1]
	201171	139921	181663	4	M	124	A		-1	1380.42868908	[1, 1, 1, 1, 1, 1, 1, 1, 1, 1, 1, 1]
	233116	139461	152133	4	M	9	A		-1	1380.72242952	[1, 1, 1, 1, 1, 1, 1, 1, 1, 1, 1, 1]
	209131	138963	3765	4	M	81	A		-1	1380.95417398	[1, 1, 1, 1, 1, 1, 1, 1, 1, 1, 1, 1]
	282866	140103	66760	4	M	120	A		-1	1381.61652136	[1, 1, 1, 1, 1, 1, 1, 1, 1, 1, 1, 1]
	154717	85745	102206	3	M	163	A		-1	1382.14877579	[1, 1, 1, 1, 1, 1, 1, 1, 1, 1, 1, 0]
	266484	139868	150846	4	M	6	A		-1	1382.34053062	[1, 1, 0, 1, 1, 1, 1, 1, 1, 1, 1, 1]
	217035	139009	153684	4	M	28	A		-1	1383.2833398	[1, 1, 1, 1, 1, 1, 1, 1, 1, 1, 1, 1]
	199089	193975	152455	4	M	128	A		-1	1383.63378184	[1, 1, 1, 1, 1, 1, 1, 1, 1, 1, 1, 1]
	255126	139763	146960	4	M	166	A		-1	1383.81699221	[1, 1, 1, 1, 1, 1, 1, 1, 1, 1, 1, 1]
	212800	139004	179024	4	M	61	A		-1	1384.00966329	[1, 1, 1, 1, 1, 1, 1, 1, 1, 1, 1, 1]
	258986	139763	182562	4	M	72	A		-1	1384.48791867	[1, 1, 1, 1, 1, 1, 1, 1, 1, 1, 1, 0]
	200023	139921	180464	4	M	132	A		-1	1384.59647524	[1, 1, 1, 1, 1, 1, 1, 1, 1, 1, 1, 1]
	216617	139009	184400	4	M	183	A		-1	1385.61769464	[1, 1, 1, 0, 1, 1, 1, 1, 1, 1, 1, 1]
	200437	139921	153176	4	M	80	A		-1	1385.93973109	[1, 1, 1, 1, 1, 1, 1, 1, 1, 1, 1, 0]
	281782	140103	167366	4	M	190	A		-1	1385.97788527	[1, 0, 0, 1, 1, 1, 1, 1, 1, 1, 1, 1]
	254220	139727	136594	4	M	165	A		-1	1386.31224347	[1, 1, 1, 1, 1, 1, 1, 1, 1, 1, 1, 0]
	245389	139674	172687	4	M	144	A		-1	1386.6389441	[1, 1, 1, 1, 1, 1, 1, 1, 1, 1, 1, 1]
	197356	193975	188005	4	M	107	A		-1	1386.74246007	[1, 1, 1, 1, 1, 1, 1, 1, 1, 1, 1, 1]
	285014	140157	182280	4	M	109	A		-1	1386.85168603	[0, 1, 1, 1, 1, 1, 1, 1, 1, 1, 1, 1]
	234042	139461	165252	4	M	121	A		-1	1387.3139101	[1, 1, 0, 1, 1, 1, 1, 1, 1, 1, 1, 1]
	293226	140223	193066	4	M	121	A		-1	1387.61002404	[1, 1, 1, 1, 1, 1, 1, 1, 1, 1, 1, 1]
	278115	141708	177545	4	M	6	A		-1	1388.44406775	[1, 1, 1, 1, 1, 1, 1, 1, 1, 1, 1, 0]
	276353	141708	86653	4	M	167	A		-1	1388.57512019	[1, 1, 1, 1, 1, 1, 1, 1, 1, 1, 1, 1]
	261421	139835	139490	4	M	7	A		-1	1388.58430025	[1, 1, 1, 1, 1, 1, 1, 1, 1, 1, 1, 1]
	250509	139727	177143	4	M	37	A		-1	1388.78960641	[1, 1, 1, 1, 1, 1, 1, 1, 1, 1, 1, 0]
	203421	139921	141297	4	M	26	A		-1	1388.99361338	[1, 1, 1, 1, 1, 1, 1, 1, 1, 1, 1, 1]
	240030	139596	194303	4	M	184	A		-1	1389.22303455	[1, 1, 1, 1, 1, 1, 1, 1, 1, 1, 1, 1]
	294688	140223	140463	4	M	5	A		-1	1389.29720158	[1, 1, 1, 1, 1, 1, 1, 1, 1, 1, 1, 0]
	291773	140223	120612	4	M	172	A		-1	1390.07014992	[0, 1, 1, 1, 1, 1, 1, 1, 1, 1, 1, 0]
	197020	193975	137430	4	M	42	A		-1	1390.18402861	[1, 1, 1, 1, 1, 1, 1, 1, 1, 1, 1, 0]
	215835	139009	4227	4	M	3	A		-1	1390.25984327	[1, 1, 1, 0, 1, 1, 1, 1, 1, 1, 1, 1]
	199015	193975	183285	4	M	47	A		-1	1390.46633015	[1, 1, 1, 1, 1, 1, 1, 1, 1, 1, 1, 0]
	237072	139483	187376	4	M	173	A		-1	1390.52079882	[1, 1, 1, 1, 1, 1, 1, 1, 1, 1, 1, 1]
	180048	86227	92229	3	M	83	A		-1	1390.68878132	[1, 1, 1, 1, 1, 1, 1, 1, 1, 1, 1, 0]
	269262	139868	78623	4	M	164	A		-1	1390.88527136	[1, 1, 1, 1, 1, 1, 1, 1, 1, 1, 1, 1]
	286525	140157	145689	4	M	61	A		-1	1391.13179473	[1, 1, 1, 1, 1, 1, 1, 1, 1, 1, 1, 1]
	225020	139327	144779	4	M	134	A		-1	1391.65464664	[1, 1, 1, 1, 1, 1, 1, 1, 1, 1, 1, 1]
	251720	139727	126057	4	M	159	A		-1	1392.0226632	[1, 1, 1, 0, 1, 1, 1, 1, 1, 1, 1, 1]
	252647	139727	177410	4	M	71	A		-1	1392.40764477	[1, 1, 1, 1, 1, 1, 1, 1, 1, 1, 1, 0]
	213598	139004	140787	4	M	2	A		-1	1392.56679009	[1, 1, 1, 1, 1, 1, 1, 1, 1, 1, 1, 1]
	207093	138963	148044	4	M	146	A		-1	1393.05177864	[1, 1, 1, 1, 1, 1, 1, 1, 1, 1, 1, 1]
	203025	139921	164175	4	M	38	A		-1	1393.111894	[1, 1, 0, 1, 1, 1, 1, 1, 1, 1, 1, 1]
	217413	139009	178465	4	M	4	A		-1	1393.40572319	[1, 1, 1, 1, 1, 1, 1, 1, 1, 1, 1, 1]
	288627	140157	191048	4	M	184	A		-1	1393.50477592	[1, 1, 1, 1, 1, 1, 1, 1, 1, 1, 1, 1]
	196834	193975	115783	4	M	1	A		-1	1393.51528744	[1, 1, 1, 1, 1, 1, 1, 1, 1, 1, 1, 1]
	270552	139936	147563	4	M	190	A		-1	1393.81904533	[1, 1, 1, 1, 1, 1, 1, 1, 1, 1, 1, 1]
	151281	85540	95895	3	M	89	A		-1	1393.87309634	[1, 1, 0, 1, 1, 1, 1, 1, 1, 1, 1, 1]
	137162	84880	75858	3	M	92	A		-1	1394.06561202	[1, 1, 1, 1, 1, 1, 1, 1, 1, 1, 1, 1]
	246540	139674	84905	4	M	191	A		-1	1395.21994128	[1, 1, 1, 1, 1, 1, 1, 1, 1, 1, 1, 1]
	268185	139868	75950	4	M	152	A		-1	1395.44661903	[1, 1, 1, 1, 1, 1, 1, 1, 1, 1, 1, 1]
	201467	139921	105290	4	M	198	A		-1	1395.47994499	[1, 1, 1, 1, 1, 1, 1, 1, 1, 1, 1, 1]
	206755	138963	123167	4	M	9	A		-1	1395.56033788	[1, 1, 1, 1, 1, 1, 1, 1, 1, 1, 1, 1]
	202542	139921	55037	4	M	105	A		-1	1396.11923449	[1, 1, 1, 1, 1, 1, 1, 1, 1, 1, 1, 1]
	241774	139596	193654	4	M	174	A		-1	1396.40100885	[1, 1, 1, 1, 1, 1, 1, 1, 1, 1, 1, 1]
	234259	139461	69736	4	M	68	A		-1	1396.54957963	[1, 1, 1, 0, 1, 1, 1, 0, 1, 1, 1, 1]
	276530	141708	157035	4	M	2	A		-1	1396.64274606	[1, 1, 1, 1, 1, 1, 1, 1, 1, 1, 1, 1]
	195472	193975	114896	4	M	101	A		-1	1396.75639314	[1, 1, 1, 1, 1, 1, 1, 1, 1, 1, 1, 1]
	287163	140157	152835	4	M	73	A		-1	1397.78824937	[1, 1, 1, 1, 1, 1, 1, 1, 1, 1, 1, 1]
	133077	84880	72098	3	M	196	A		-1	1398.24998868	[1, 1, 1, 1, 1, 1, 1, 1, 1, 1, 1, 1]
	288203	140157	135480	4	M	15	A		-1	1398.74572376	[1, 1, 1, 1, 1, 1, 1, 1, 1, 1, 1, 0]
	239290	139483	131881	4	M	54	A		-1	1398.90986996	[1, 1, 1, 1, 1, 1, 1, 1, 1, 1, 1, 1]
	283416	140103	79162	4	M	187	A		-1	1399.45035139	[1, 1, 1, 0, 1, 1, 1, 1, 1, 1, 1, 1]
	257044	139763	166105	4	M	57	A		-1	1399.56437779	[1, 0, 1, 1, 1, 1, 1, 1, 1, 1, 1, 1]
	290096	140223	140205	4	M	29	A		-1	1399.80698388	[1, 1, 1, 1, 1, 1, 1, 1, 1, 1, 1, 0]
	258050	139763	175258	4	M	61	A		-1	1400.26911658	[1, 1, 1, 1, 1, 1, 1, 1, 1, 1, 1, 1]
	208231	138963	190986	4	M	16	A		-1	1400.44352028	[1, 1, 1, 1, 1, 1, 1, 1, 1, 1, 1, 1]
	263172	139835	161047	4	M	75	A		-1	1400.72687409	[1, 1, 1, 1, 1, 1, 1, 1, 1, 1, 1, 1]
	239867	139596	137921	4	M	114	A		-1	1400.89494851	[1, 1, 1, 1, 1, 1, 1, 1, 1, 1, 1, 1]
	199533	193975	116631	4	M	158	A		-1	1401.41575601	[1, 1, 1, 1, 1, 1, 1, 1, 1, 1, 1, 1]
	229216	139327	151681	4	M	69	A		-1	1401.56882347	[1, 1, 0, 1, 1, 1, 1, 1, 1, 1, 1, 1]
	146304	85273	64344	3	M	200	A		-1	1401.66177782	[1, 1, 1, 1, 1, 1, 1, 1, 1, 1, 1, 1]
	291181	140223	84750	4	M	50	A		-1	1402.19554718	[1, 1, 1, 1, 1, 1, 1, 1, 1, 1, 1, 0]
	286343	140157	182484	4	M	59	A		-1	1402.48791889	[1, 1, 1, 1, 1, 1, 1, 1, 1, 1, 1, 1]
	238925	139483	172016	4	M	79	A		-1	1402.82947033	[1, 1, 1, 0, 1, 1, 1, 1, 1, 1, 1, 1]
	250882	139727	175507	4	M	72	A		-1	1403.09566662	[1, 1, 1, 1, 1, 1, 1, 1, 1, 1, 1, 0]
	289579	140157	144216	4	M	44	A		-1	1403.24823649	[1, 1, 1, 1, 1, 1, 1, 1, 1, 1, 1, 1]
	287350	140157	150713	4	M	154	A		-1	1403.45501443	[1, 1, 1, 1, 1, 1, 1, 1, 1, 1, 1, 1]
	201272	139921	181646	4	M	91	A		-1	1403.98723578	[1, 1, 1, 1, 1, 1, 1, 1, 1, 1, 1, 1]
	204383	139921	148252	4	M	112	A		-1	1404.25573889	[1, 1, 1, 1, 1, 1, 1, 1, 1, 1, 1, 1]
	253905	139727	136970	4	M	196	A		-1	1404.44536389	[1, 1, 1, 1, 1, 1, 1, 1, 1, 1, 1, 1]
	243934	139596	193873	4	M	196	A		-1	1406.16817293	[1, 1, 1, 1, 1, 1, 1, 1, 1, 1, 1, 1]
	251766	139727	107510	4	M	8	A		-1	1407.24699532	[1, 1, 1, 1, 1, 1, 1, 1, 1, 1, 1, 1]
	270876	139936	182528	4	M	61	A		-1	1407.33416724	[1, 1, 1, 1, 1, 1, 1, 1, 1, 1, 1, 0]
	277201	141708	169170	4	M	188	A		-1	1407.3883226	[1, 1, 1, 1, 1, 1, 1, 1, 1, 1, 1, 1]
	124851	122684	59822	3	M	165	A		-1	1407.79054478	[1, 1, 1, 0, 1, 1, 1, 1, 1, 1, 1, 1]
	287736	140157	151541	4	M	2	A		-1	1407.99474533	[1, 1, 0, 1, 1, 1, 1, 1, 1, 1, 1, 1]
	284069	140103	171882	4	M	21	A		-1	1408.63418038	[1, 1, 1, 1, 1, 1, 1, 1, 1, 1, 1, 1]
	281291	140103	190615	4	M	55	A		-1	1408.85455846	[1, 1, 1, 1, 1, 1, 1, 1, 1, 1, 1, 1]
	285710	140157	138473	4	M	74	A		-1	1408.87960835	[1, 1, 1, 1, 1, 1, 1, 1, 1, 1, 1, 1]
	266369	139868	165687	4	M	47	A		-1	1408.88695611	[1, 1, 1, 1, 1, 1, 1, 1, 1, 1, 1, 1]
	202072	139921	143218	4	M	109	A		-1	1409.32766777	[1, 1, 1, 1, 1, 1, 1, 1, 1, 1, 1, 0]
	293516	140223	100302	4	M	175	A		-1	1409.33876197	[1, 1, 1, 1, 1, 1, 1, 1, 1, 1, 1, 0]
	217631	139009	108487	4	M	165	A		-1	1409.52714133	[1, 1, 0, 1, 1, 1, 1, 1, 1, 1, 1, 1]
	198740	193975	134384	4	M	66	A		-1	1410.03973782	[1, 1, 1, 1, 1, 1, 1, 1, 1, 1, 1, 1]
	204170	139921	193947	4	M	130	A		-1	1410.77020934	[1, 1, 1, 1, 1, 1, 1, 1, 1, 1, 1, 1]
	234754	139461	132295	4	M	192	A		-1	1410.80934284	[1, 1, 1, 1, 1, 1, 1, 1, 1, 1, 1, 1]
	250524	139727	101397	4	M	139	A		-1	1411.27913687	[1, 1, 0, 1, 1, 1, 1, 1, 1, 1, 1, 1]
	201076	139921	86247	4	M	30	A		-1	1411.59879172	[1, 1, 1, 1, 1, 1, 1, 1, 1, 1, 1, 0]
	126811	122684	121193	3	M	20	A		-1	1411.69602513	[1, 1, 1, 1, 1, 1, 1, 1, 1, 1, 1, 1]
	264435	139835	148119	4	M	92	A		-1	1411.72259802	[1, 1, 1, 1, 1, 1, 1, 1, 1, 1, 1, 1]
	278974	141708	176801	4	M	144	A		-1	1411.75824964	[1, 1, 1, 1, 1, 1, 1, 1, 1, 1, 1, 1]
	196191	193975	174773	4	M	24	A		-1	1411.94339425	[1, 1, 1, 1, 1, 1, 1, 1, 1, 1, 1, 1]
	206650	138963	150840	4	M	72	A		-1	1412.06458626	[1, 1, 1, 1, 1, 1, 1, 1, 1, 1, 1, 1]
	293674	140223	167911	4	M	22	A		-1	1412.28610349	[1, 1, 1, 1, 1, 1, 1, 1, 1, 1, 1, 0]
	137956	84942	106159	3	M	110	A		-1	1412.38254471	[1, 1, 1, 1, 1, 1, 1, 1, 1, 1, 1, 1]
	140636	84942	10239	3	M	80	A		-1	1413.02766884	[1, 1, 1, 1, 1, 1, 1, 1, 1, 1, 1, 0]
	203226	139921	149283	4	M	167	A		-1	1413.10096959	[1, 1, 1, 1, 1, 1, 1, 1, 1, 1, 1, 1]
	274101	139936	169595	4	M	168	A		-1	1413.27296884	[1, 1, 1, 1, 1, 1, 1, 1, 1, 1, 1, -1]
	249009	139674	139396	4	M	149	A		-1	1413.28597993	[1, 1, 1, 1, 1, 1, 1, 1, 1, 1, 1, 1]
	274081	139936	174061	4	M	76	A		-1	1413.7433331	[1, 1, 1, 1, 1, 1, 1, 1, 1, 1, 1, 0]
	263270	139835	134938	4	M	78	A		-1	1414.3249033	[1, 1, 1, 1, 1, 1, 1, 1, 1, 1, 1, 1]
	284078	140103	182355	4	M	86	A		-1	1414.41408132	[1, 1, 1, 1, 1, 1, 1, 1, 1, 1, 1, 0]
	290064	140223	127380	4	M	24	A		-1	1414.47740747	[1, 1, 1, 1, 1, 1, 1, 1, 1, 1, 1, 0]
	283227	140103	145170	4	M	88	A		-1	1414.9643846	[1, 1, 1, 1, 1, 1, 1, 1, 1, 1, 1, 1]
	273250	139936	182592	4	M	41	A		-1	1415.07761854	[1, 1, 1, 1, 1, 1, 1, 1, 1, 1, 1, 0]
	200749	139921	190178	4	M	64	A		-1	1415.10979898	[1, 0, 1, 1, 1, 1, 1, 1, 1, 1, 1, 1]
	287305	140157	190733	4	M	76	A		-1	1415.25484172	[1, 1, 1, 1, 1, 1, 1, 1, 1, 1, 1, 1]
	205877	138963	148726	4	M	132	A		-1	1415.29665093	[1, 1, 1, 1, 1, 1, 1, 1, 1, 1, 1, 1]
	271065	139936	145678	4	M	35	A		-1	1415.34692791	[1, 1, 1, 1, 1, 1, 1, 1, 1, 1, 1, 0]
	266245	139868	149336	4	M	5	A		-1	1415.37586029	[1, 1, 1, 1, 1, 1, 1, 1, 1, 1, 1, 1]
	236957	139483	174638	4	M	5	A		-1	1415.41300746	[1, 1, 1, 1, 1, 1, 1, 1, 1, 1, 1, 1]
	240750	139596	152897	4	M	31	A		-1	1415.64684389	[1, 1, 1, 1, 1, 1, 1, 1, 1, 1, 1, 1]
	256409	139763	141347	4	M	87	A		-1	1416.36631762	[1, 1, 1, 1, 1, 1, 1, 1, 1, 1, 1, 1]
	202754	139921	171855	4	M	130	A		-1	1416.4076512	[1, 1, 1, 1, 1, 1, 1, 1, 1, 1, 1, 1]
	206704	138963	188491	4	M	0	A		-1	1416.42671306	[1, 1, 1, 1, 1, 1, 1, 1, 1, 1, 1, 1]
	289260	140157	109255	4	M	140	A		-1	1416.73750698	[1, 1, 1, 1, 1, 1, 1, 1, 1, 1, 1, 1]
	262498	139835	166048	4	M	48	A		-1	1416.87647745	[1, 1, 0, 1, 1, 1, 1, 1, 1, 1, 1, 1]
	253206	139727	159798	4	M	191	A		-1	1417.07958213	[1, 1, 1, 1, 1, 1, 1, 1, 1, 1, 1, 1]
	214916	139009	147605	4	M	91	A		-1	1417.13140179	[1, 1, 1, 0, 1, 1, 1, 1, 1, 1, 1, 1]
	225357	139327	148728	4	M	138	A		-1	1417.21888846	[1, 1, 1, 1, 1, 1, 1, 1, 1, 1, 1, 1]
	224799	139327	164606	4	M	20	A		-1	1417.31207472	[1, 0, 1, 1, 1, 1, 1, 1, 1, 1, 1, 1]
	150971	85540	75916	3	M	75	A		-1	1417.33626175	[1, 1, 1, 1, 1, 0, 1, 1, 1, 1, 1, 1]
	236190	139483	96136	4	M	89	A		-1	1417.52078316	[1, 1, 1, 0, 1, 1, 1, 1, 1, 1, 1, 1]
	216929	139009	189066	4	M	140	A		-1	1417.55762229	[1, 1, 1, 1, 1, 1, 1, 1, 1, 1, 1, 1]
	261485	139835	186519	4	M	0	A		-1	1417.99285939	[1, 1, 1, 0, 1, 1, 1, 1, 1, 1, 1, 0]
	254592	139727	174151	4	M	113	A		-1	1418.66191252	[1, 1, 1, 1, 1, 1, 1, 1, 1, 1, 1, 1]
	215734	139009	158590	4	M	9	A		-1	1418.73237637	[1, 1, 1, 1, 1, 1, 1, 1, 1, 1, 1, 1]
	242953	139596	163886	4	M	167	A		-1	1419.51075687	[1, 0, 1, 1, 1, 1, 1, 1, 1, 1, 1, 1]
	287902	140157	123539	4	M	110	A		-1	1419.99469621	[1, 1, 1, 1, 1, 1, 1, 1, 1, 1, 1, 1]
	260567	139835	121871	4	M	139	A		-1	1420.39688537	[1, 1, 1, 1, 1, 1, 1, 1, 1, 1, 1, 1]
	207915	138963	135759	4	M	192	A		-1	1420.94978956	[1, 1, 1, 1, 1, 1, 1, 1, 1, 1, 1, 1]
	249179	139674	177273	4	M	56	A		-1	1423.77410594	[1, 1, 1, 1, 1, 1, 1, 1, 1, 1, 1, 0]
	251170	139727	145623	4	M	168	A		-1	1424.28139771	[1, 1, 1, 1, 1, 1, 1, 1, 1, 1, 1, 1]
	221476	139178	177838	4	M	24	A		-1	1424.95787634	[1, 1, 1, 1, 1, 1, 1, 1, 1, 1, 1, 1]
	247516	139674	136869	4	M	15	A		-1	1425.45245102	[1, 1, 1, 1, 1, 1, 1, 1, 1, 1, 1, 1]
	226645	139327	191997	4	M	29	A		-1	1425.53486568	[1, 1, 1, 1, 1, 1, 1, 1, 1, 1, 1, 1]
	199358	193975	134445	4	M	28	A		-1	1425.7133711	[1, 1, 1, 1, 1, 1, 1, 1, 1, 1, 1, 0]
	268403	139868	139328	4	M	10	A		-1	1426.76420197	[1, 1, 1, 1, 1, 1, 1, 1, 1, 1, 1, 1]
	233982	139461	192669	4	M	22	A		-1	1427.28323046	[1, 1, 1, 1, 1, 1, 1, 1, 1, 1, 1, 1]
	257280	139763	139706	4	M	64	A		-1	1427.28936801	[1, 1, 1, 1, 1, 1, 1, 1, 1, 1, 1, 1]
	193158	86635	118705	3	M	189	A		-1	1427.39555871	[1, 1, 1, 1, 1, 1, 1, 1, 1, 1, 1, 1]
	207711	138963	136841	4	M	145	A		-1	1427.56085472	[1, 1, 1, 1, 1, 1, 1, 1, 1, 1, 1, 1]
	259512	139763	98050	4	M	21	A		-1	1429.33697525	[1, 1, 1, 1, 1, 1, 1, 1, 1, 1, 1, 1]
	246426	139674	190649	4	M	113	A		-1	1430.05618752	[1, 1, 1, 1, 1, 1, 1, 1, 1, 1, 1, 1]
	248365	139674	151318	4	M	180	A		-1	1430.06936757	[1, 1, 1, 1, 1, 1, 1, 1, 1, 1, 1, 1]
	237395	139483	136470	4	M	105	A		-1	1430.42276282	[1, 1, 1, 0, 1, 1, 1, 1, 1, 1, 0, 1]
	285835	140157	135006	4	M	191	A		-1	1430.723516	[1, 1, 1, 1, 1, 1, 1, 1, 1, 1, 1, 1]
	265218	139868	150734	4	M	198	A		-1	1430.75877521	[1, 1, 1, 1, 1, 1, 1, 1, 1, 1, 1, 1]
	285366	140157	136292	4	M	117	A		-1	1430.89729297	[1, 1, 1, 1, 1, 1, 1, 1, 1, 1, 1, 1]
	287316	140157	137599	4	M	62	A		-1	1431.66905831	[1, 1, 1, 1, 1, 1, 1, 1, 1, 1, 1, 0]
	247592	139674	130059	4	M	66	A		-1	1432.06910914	[1, 1, 1, 1, 1, 1, 1, 1, 1, 1, 1, 1]
	250280	139727	153821	4	M	108	A		-1	1433.51849182	[1, 1, 1, 1, 1, 1, 1, 1, 1, 1, 1, 0]
	266475	139868	183132	4	M	29	A		-1	1434.22657648	[1, 1, 1, 1, 1, 1, 1, 1, 1, 1, 1, 1]
	265336	139868	134889	4	M	107	A		-1	1434.37402319	[1, 1, 1, 1, 1, 1, 1, 1, 1, 1, 1, 0]
	241015	139596	98401	4	M	196	A		-1	1434.61772904	[1, 1, 1, 1, 1, 1, 1, 1, 1, 1, 1, 1]
	142319	84942	91395	3	M	143	A		-1	1435.15722435	[1, 1, 1, 1, 1, 1, 1, 1, 1, 1, 1, 0]
	208942	138963	133887	4	M	73	A		-1	1435.49935067	[1, 1, 1, 1, 1, 1, 1, 1, 1, 1, 1, 1]
	257143	139763	172153	4	M	12	A		-1	1436.49953018	[1, 1, 1, 1, 1, 1, 1, 1, 1, 1, 1, 1]
	213403	139004	106557	4	M	62	A		-1	1436.87622391	[1, 1, 1, 1, 1, 1, 1, 1, 1, 1, 1, 1]
	242653	139596	157803	4	M	75	A		-1	1437.42154281	[1, 1, 1, 1, 1, 1, 1, 1, 1, 1, 1, 0]
	241027	139596	136982	4	M	106	A		-1	1437.48140392	[1, 1, 1, 1, 1, 1, 1, 1, 1, 1, 1, 1]
	209229	138963	157141	4	M	75	A		-1	1438.24373834	[1, 1, 1, 1, 1, 1, 1, 1, 1, 1, 1, 0]
	253078	139727	180616	4	M	116	A		-1	1439.00073342	[1, 1, 1, 1, 1, 1, 1, 1, 1, 1, 1, 1]
	251420	139727	96032	4	M	78	A		-1	1440.32574243	[1, 1, 1, 1, 1, 1, 1, 1, 1, 1, 1, 1]
	251830	139727	186200	4	M	88	A		-1	1440.46881283	[1, 1, 1, 1, 1, 1, 1, 1, 1, 1, 1, 0]
	234883	139483	193414	4	M	189	A		-1	1440.64448689	[1, 1, 1, 0, 1, 1, 1, 1, 1, 1, 1, 1]
	262668	139835	163878	4	M	191	A		-1	1440.83343058	[1, 1, 0, 1, 1, 1, 1, 1, 1, 1, 1, 1]
	225329	139327	149228	4	M	118	A		-1	1440.97216554	[1, 1, 1, 0, 1, 1, 1, 1, 1, 1, 1, 1]
	246538	139674	194495	4	M	69	A		-1	1441.15992747	[1, 1, 1, 1, 1, 1, 1, 1, 1, 1, 1, 1]
	287620	140157	158238	4	M	182	A		-1	1441.16000136	[1, 1, 1, 1, 1, 1, 1, 1, 1, 1, 1, 1]
	280508	140103	142523	4	M	33	A		-1	1441.31709	[1, 1, 1, 1, 1, 1, 1, 1, 1, 1, 1, 1]
	202357	139921	92652	4	M	102	A		-1	1443.09057872	[1, 1, 1, 1, 1, 1, 1, 1, 1, 1, 1, 1]
	222175	139178	148696	4	M	18	A		-1	1443.62434306	[1, 1, 1, 1, 1, 1, 1, 1, 1, 1, 1, 1]
	208918	138963	172714	4	M	74	A		-1	1443.92708197	[1, 1, 1, 1, 1, 1, 1, 1, 1, 1, 1, 1]
	249397	139674	135563	4	M	103	A		-1	1444.62958582	[1, 1, 1, 1, 1, 1, 1, 1, 1, 1, 1, 1]
	229089	139327	185514	4	M	25	A		-1	1446.05354201	[1, 1, 1, 1, 1, 1, 1, 1, 1, 1, 1, 0]
	229955	139461	136641	4	M	193	A		-1	1446.23406088	[1, 1, 1, 1, 1, 1, 1, 0, 1, 1, 1, 1]
	254648	139727	147852	4	M	165	A		-1	1447.93394751	[1, 1, 1, 1, 1, 1, 1, 1, 1, 1, 1, 1]
	217102	139009	186242	4	M	173	A		-1	1448.03621616	[1, 1, 1, 1, 1, 1, 1, 1, 1, 1, 1, 1]
	286231	140157	134613	4	M	172	A		-1	1449.51087727	[1, 1, 1, 1, 1, 1, 1, 1, 1, 1, 1, 1]
	271829	139936	181428	4	M	68	A		-1	1450.65625165	[1, 1, 1, 1, 1, 1, 1, 1, 1, 1, 1, 0]
	225448	139327	61065	4	M	6	A		-1	1450.97447283	[1, 1, 1, 1, 1, 1, 1, 1, 1, 1, 1, 1]
	210306	139004	164680	4	M	170	A		-1	1451.27986442	[1, 1, 1, 1, 1, 1, 1, 1, 1, 1, 1, 1]
	253343	139727	191801	4	M	55	A		-1	1451.6572515	[1, 1, 1, 1, 1, 1, 1, 1, 1, 1, 1, 1]
	281965	140103	142787	4	M	103	A		-1	1451.90095091	[1, 1, 1, 1, 1, 1, 1, 1, 1, 1, 1, 1]
	195844	193975	186592	4	M	64	A		-1	1452.73525742	[1, 1, 1, 1, 1, 1, 1, 1, 1, 1, 1, 0]
	269346	139868	123883	4	M	188	A		-1	1452.8198128	[1, 1, 1, 1, 1, 1, 1, 1, 1, 1, 1, 1]
	220718	139178	137634	4	M	110	A		-1	1452.97674771	[1, 1, 1, 1, 1, 1, 1, 1, 1, 1, 1, 1]
	249402	139674	137892	4	M	185	A		-1	1453.04878423	[1, 1, 1, 1, 1, 1, 1, 1, 1, 1, 1, 1]
	202106	139921	151539	4	M	186	A		-1	1453.06134024	[1, 1, 1, 1, 1, 1, 1, 1, 1, 1, 1, 1]
	293019	140223	170698	4	M	114	A		-1	1453.1387446	[1, 1, 1, 1, 1, 1, 1, 1, 1, 1, 1, 0]
	258232	139763	108337	4	M	41	A		-1	1453.84236289	[1, 1, 1, 1, 1, 1, 1, 1, 1, 1, 1, 1]
	199276	193975	183617	4	M	200	A		-1	1453.88858036	[1, 1, 1, 1, 1, 1, 1, 1, 1, 1, 1, 0]
	203459	139921	139054	4	M	67	A		-1	1453.96354832	[1, 1, 1, 1, 1, 1, 1, 1, 1, 1, 1, 1]
	236802	139483	44992	4	M	62	A		-1	1453.96372481	[1, 1, 1, 0, 1, 1, 1, 1, 1, 1, 1, 1]
	288897	140157	134162	4	M	66	A		-1	1455.75058537	[1, 1, 1, 1, 1, 1, 1, 1, 1, 1, 1, 0]
	260077	139835	134076	4	M	186	A		-1	1456.7527879	[1, 1, 1, 1, 1, 1, 1, 1, 1, 1, 1, 1]
	263508	139835	186801	4	M	149	A		-1	1456.89162039	[1, 1, 1, 1, 1, 1, 1, 1, 1, 1, 1, 1]
	279555	141708	107760	4	M	111	A		-1	1457.67113209	[1, 1, 1, 1, 1, 1, 1, 1, 1, 1, 1, 1]
	232131	139461	103699	4	M	27	A		-1	1458.30731722	[1, 1, 1, 1, 1, 1, 1, 1, 1, 1, 1, 0]
	248452	139674	109971	4	M	183	A		-1	1458.86571701	[1, 1, 1, 1, 1, 0, 1, 1, 1, 1, 1, 0]
	234064	139461	155143	4	M	81	A		-1	1460.18465134	[1, 1, 1, 1, 1, 1, 1, 1, 1, 1, 1, 0]
	261404	139835	132662	4	M	135	A		-1	1461.52622449	[1, 1, 1, 1, 1, 1, 1, 1, 1, 1, 1, 1]
	264874	139868	113309	4	M	100	A		-1	1462.99691003	[1, 1, 1, 1, 1, 1, 1, 1, 1, 1, 1, 1]
	253993	139727	129353	4	M	93	A		-1	1463.16761388	[1, 1, 1, 1, 1, 1, 1, 1, 1, 1, 1, 1]
	203313	139921	176832	4	M	24	A		-1	1464.66878565	[1, 1, 1, 1, 1, 1, 1, 1, 1, 1, 1, 1]
	232016	139461	182175	4	M	170	A		-1	1464.996756	[1, 1, 1, 1, 1, 1, 1, 0, 1, 1, 1, 1]
	285067	140157	158404	4	M	117	A		-1	1465.2136013	[1, 1, 1, 0, 1, 1, 1, 1, 1, 1, 1, 1]
	224553	139178	141669	4	M	193	A		-1	1465.28588156	[1, 1, 1, 1, 1, 1, 1, 1, 1, 1, 1, 1]
	247852	139674	144629	4	M	126	A		-1	1466.76229707	[1, 1, 1, 1, 1, 1, 1, 1, 1, 1, 1, 1]
	286976	140157	48102	4	M	42	A		-1	1467.18787947	[1, 1, 1, 1, 1, 1, 1, 1, 1, 1, 1, 1]
	159448	85815	79122	3	M	78	A		-1	1467.26004349	[1, 1, 1, 1, 1, 1, 1, 1, 1, 1, 1, 1]
	254549	139727	152305	4	M	10	A		-1	1467.43755779	[1, 1, 1, 1, 1, 1, 1, 1, 1, 1, 1, 1]
	131032	86776	101221	3	M	39	A		-1	1468.01463069	[1, 1, 1, 1, 1, 1, 1, 1, 1, 1, 1, -1]
	216300	139009	190349	4	M	24	A		-1	1468.33089216	[1, 1, 1, 0, 1, 1, 1, 1, 1, 1, 1, 1]
	248050	139674	144777	4	M	179	A		-1	1468.50393027	[1, 1, 1, 1, 1, 1, 1, 1, 1, 1, 1, 1]
	170254	86155	112955	3	M	24	A		-1	1468.84930672	[1, 1, 1, 1, 1, 1, 1, 1, 1, 1, 1, 1]
	224946	139327	165912	4	M	11	A		-1	1469.79811407	[1, 1, 1, 1, 1, 1, 1, 1, 1, 1, 1, 1]
	290410	140223	138839	4	M	199	A		-1	1469.96031348	[1, 1, 1, 1, 1, 1, 1, 1, 1, 1, 1, 1]
	289491	140157	149074	4	M	163	A		-1	1470.1876067	[1, 1, 0, 1, 1, 1, 1, 1, 1, 1, 1, 1]
	220787	139178	154801	4	M	97	A		-1	1470.39597884	[1, 1, 1, 1, 1, 1, 1, 1, 1, 1, 1, 1]
	287738	140157	152697	4	M	3	A		-1	1470.50503159	[1, 1, 0, 1, 1, 1, 1, 1, 1, 1, 1, 1]
	151253	85540	115054	3	M	148	A		-1	1470.70441067	[1, 1, 0, 1, 1, 1, 1, 1, 1, 1, 1, 0]
	197196	193975	136658	4	M	25	A		-1	1472.13632109	[1, 1, 1, 1, 1, 1, 1, 1, 1, 1, 1, 1]
	138574	84942	98525	3	M	99	A		-1	1472.96527364	[1, 1, 1, 1, 1, 1, 1, 1, 1, 1, 1, 1]
	201292	139921	129595	4	M	25	A		-1	1473.38463746	[1, 1, 1, 1, 1, 1, 1, 1, 1, 1, 1, 1]
	244480	139596	74177	4	M	81	A		-1	1475.75693972	[1, 1, 1, 1, 1, 1, 1, 1, 1, 1, 1, 1]
	294591	140223	171317	4	M	42	A		-1	1476.16116928	[1, 1, 1, 1, 1, 1, 1, 1, 1, 1, 1, 0]
	200238	139921	173948	4	M	186	A		-1	1476.33351236	[1, 1, 1, 1, 1, 1, 1, 1, 1, 1, 1, 1]
	257368	139763	159746	4	M	65	A		-1	1476.34914092	[1, 1, 1, 0, 1, 1, 1, 1, 1, 1, 1, 1]
	200801	139921	169872	4	M	39	A		-1	1476.879968	[1, 1, 1, 1, 1, 1, 1, 1, 1, 1, 1, 1]
	223639	139178	149042	4	M	139	A		-1	1477.08391929	[1, 1, 1, 1, 1, 1, 1, 1, 1, 1, 1, 1]
	232307	139461	187131	4	M	196	A		-1	1477.72137549	[1, 1, 1, 1, 1, 1, 1, 1, 1, 1, 1, 0]
	287266	140157	159952	4	M	158	A		-1	1477.91813267	[1, 1, 1, 1, 1, 1, 1, 1, 1, 1, 1, 1]
	272415	139936	124218	4	M	112	A		-1	1478.00326758	[1, 1, 1, 1, 1, 1, 1, 1, 1, 1, 1, 0]
	255918	139763	76238	4	M	115	A		-1	1478.9874468	[1, 1, 1, 1, 1, 1, 1, 1, 1, 1, 1, 1]
	273045	139936	102180	4	M	8	A		-1	1480.57807163	[1, 1, 1, 1, 1, 1, 1, 1, 1, 1, 1, 1]
	246270	139674	131672	4	M	178	A		-1	1480.87100985	[1, 1, 1, 1, 1, 1, 1, 1, 1, 1, 1, 1]
	219434	139009	160476	4	M	76	A		-1	1483.16942927	[1, 1, 1, 0, 1, 1, 1, 1, 1, 1, 1, 1]
	207617	138963	135842	4	M	49	A		-1	1484.19325566	[1, 1, 1, 1, 1, 1, 1, 1, 1, 1, 1, 1]
	208287	138963	164516	4	M	61	A		-1	1484.2819508	[1, 0, 0, 1, 1, 1, 1, 1, 1, 1, 1, 1]
	286493	140157	94747	4	M	185	A		-1	1484.61964713	[1, 1, 1, 1, 1, 1, 1, 1, 1, 1, 1, 1]
	260163	139835	165437	4	M	168	A		-1	1485.13985683	[1, 0, 1, 1, 1, 1, 1, 1, 1, 1, 1, 1]
	292377	140223	108975	4	M	46	A		-1	1485.50436107	[1, 1, 1, 1, 1, 1, 1, 1, 1, 1, 1, 1]
	264709	139835	174317	4	M	7	A		-1	1486.56689553	[1, 1, 1, 1, 1, 1, 1, 1, 1, 1, 1, 1]
	240211	139596	133620	4	M	178	A		-1	1486.79141661	[1, 1, 1, 1, 1, 1, 1, 1, 1, 1, 1, 0]
	287815	140157	76126	4	M	127	A		-1	1489.20572987	[1, 1, 1, 1, 1, 1, 1, 1, 1, 1, 1, 1]
	290252	140223	26881	4	M	162	A		-1	1492.04997291	[1, 1, 1, 1, 1, 1, 1, 1, 1, 1, 1, 1]
	200671	139921	184117	4	M	138	A		-1	1492.43395287	[1, 1, 1, 1, 1, 1, 1, 1, 1, 1, 1, 0]
	205104	138963	75439	4	M	178	A		-1	1495.58619503	[1, 1, 1, 1, 1, 1, 1, 1, 1, 1, 1, 1]
	266956	139868	180114	4	M	9	A		-1	1497.23313942	[1, 1, 1, 1, 1, 1, 1, 1, 1, 1, 1, 1]
	285355	140157	169937	4	M	46	A		-1	1497.66421598	[1, 1, 1, 1, 1, 1, 1, 1, 1, 1, 1, 1]
	286464	140157	164944	4	M	126	A		-1	1498.87122322	[1, 1, 1, 1, 1, 1, 1, 1, 1, 1, 1, 1]
	265610	139868	146914	4	M	63	A		-1	1499.4502053	[1, 1, 1, 1, 1, 1, 1, 1, 1, 1, 1, 1]
	291796	140223	134383	4	M	92	A		-1	1499.52831497	[1, 1, 1, 1, 1, 1, 1, 1, 1, 1, 1, 1]
	246338	139674	180229	4	M	49	A		-1	1499.88354729	[1, 1, 1, 1, 1, 1, 1, 1, 1, 1, 1, 1]
	284884	140157	194658	4	M	39	A		-1	1500.03545504	[1, 1, 1, 1, 1, 1, 1, 1, 1, 1, 1, 1]
	294640	140223	156163	4	M	64	A		-1	1500.41409672	[1, 1, 1, 1, 1, 1, 1, 1, 1, 1, 1, 0]
	252369	139727	182581	4	M	70	A		-1	1501.30868826	[1, 1, 1, 1, 1, 1, 1, 1, 1, 1, 1, 1]
	285523	140157	156255	4	M	13	A		-1	1502.71338379	[1, 1, 1, 1, 1, 1, 1, 1, 1, 1, 1, 1]
	143875	85273	115372	3	M	68	A		-1	1504.13154638	[1, 1, 1, 1, 1, 1, 1, 1, 1, 1, 1, 1]
	286704	140157	118922	4	M	10	A		-1	1505.62928695	[1, 1, 1, 1, 1, 1, 1, 1, 1, 1, 1, 1]
	226835	139327	128002	4	M	174	A		-1	1505.9855775	[1, 1, 1, 1, 1, 0, 1, 1, 1, 1, 1, 0]
	215105	139009	76579	4	M	49	A		-1	1507.20947574	[1, 1, 1, 1, 1, 1, 1, 1, 1, 1, 1, 1]
	215645	139009	138327	4	M	134	A		-1	1509.59427773	[1, 1, 1, 1, 1, 1, 1, 1, 1, 1, 1, 1]
	208546	138963	182518	4	M	132	A		-1	1510.54568849	[1, 1, 1, 1, 1, 1, 1, 1, 1, 1, 1, 1]
	250845	139727	160282	4	M	11	A		-1	1512.62187494	[1, 1, 1, 1, 1, 1, 1, 1, 1, 1, 1, 0]
	224715	139178	129977	4	M	19	A		-1	1512.7514366	[1, 1, 1, 1, 1, 1, 1, 1, 1, 1, 1, 1]
	218688	139009	137754	4	M	64	A		-1	1513.98181395	[1, 1, 1, 1, 1, 1, 1, 1, 1, 1, 1, 1]
	248083	139674	159272	4	M	150	A		-1	1515.06096231	[1, 1, 1, 1, 1, 1, 1, 1, 1, 1, 1, 1]
	265440	139868	145381	4	M	72	A		-1	1515.67773197	[1, 1, 1, 1, 1, 1, 1, 1, 1, 1, 1, 1]
	240498	139596	147287	4	M	137	A		-1	1517.94092273	[1, 1, 1, 1, 1, 1, 1, 1, 1, 1, 1, 1]
	259285	139763	77139	4	M	176	A		-1	1517.97968935	[1, 1, 1, 1, 1, 1, 1, 1, 1, 1, 1, 1]
	207229	138963	160250	4	M	161	A		-1	1522.3285553	[1, 1, 1, 1, 1, 1, 1, 1, 1, 1, 1, 1]
	151299	85540	77654	3	M	87	A		-1	1522.54676596	[1, 1, 1, 1, 1, 1, 1, 1, 1, 1, 1, 1]
	203767	139921	141474	4	M	84	A		-1	1522.55936064	[1, 1, 1, 1, 1, 1, 1, 1, 1, 1, 1, 1]
	201181	139921	169813	4	M	52	A		-1	1524.9693448	[1, 1, 1, 1, 1, 1, 1, 1, 1, 1, 1, 1]
	289696	140157	149190	4	M	85	A		-1	1525.16224448	[1, 1, 0, 1, 1, 1, 1, 1, 1, 1, 1, 0]
	195592	193975	154910	4	M	87	A		-1	1525.43334697	[1, 1, 1, 1, 1, 1, 1, 1, 1, 1, 1, 0]
	201125	139921	140723	4	M	127	A		-1	1526.19532793	[1, 1, 1, 1, 1, 1, 1, 1, 1, 1, 1, 1]
	251362	139727	174098	4	M	92	A		-1	1526.30739473	[1, 1, 1, 1, 1, 1, 1, 1, 1, 1, 1, 1]
	284761	140103	163434	4	M	194	A		-1	1527.26775556	[1, 0, 1, 1, 1, 1, 1, 1, 1, 1, 1, 1]
	266320	139868	160313	4	M	172	A		-1	1530.46068787	[1, 1, 1, 1, 1, 1, 1, 1, 1, 1, 1, 1]
	241998	139596	146931	4	M	95	A		-1	1530.52150148	[1, 1, 1, 1, 1, 1, 1, 1, 1, 1, 1, 1]
	285724	140157	98885	4	M	66	A		-1	1534.74247523	[1, 1, 1, 1, 1, 1, 1, 1, 1, 1, 1, 1]
	199775	193975	192499	4	M	193	A		-1	1534.90668673	[1, 1, 1, 1, 1, 1, 1, 1, 1, 1, 1, 1]
	227999	139327	134438	4	M	21	A		-1	1535.85495803	[1, 1, 1, 1, 1, 1, 1, 1, 1, 1, 1, 1]
	226949	139327	105388	4	M	153	A		-1	1536.19512313	[1, 1, 1, 1, 1, 1, 1, 1, 1, 1, 1, 1]
	206379	138963	172932	4	M	172	A		-1	1538.74103032	[1, 1, 1, 1, 1, 1, 1, 1, 1, 1, 1, 1]
	266202	139868	101234	4	M	73	A		-1	1540.06022421	[1, 1, 1, 1, 1, 1, 1, 1, 1, 1, 1, 1]
	216173	139009	165777	4	M	145	A		-1	1540.62051599	[1, 0, 1, 1, 1, 1, 1, 1, 1, 1, 1, 1]
	265857	139868	153165	4	M	178	A		-1	1541.39313109	[1, 1, 1, 1, 1, 1, 1, 1, 1, 1, 1, 0]
	203734	139921	128497	4	M	49	A		-1	1543.30815607	[1, 1, 1, 1, 1, 1, 1, 1, 1, 1, 1, 1]
	195719	193975	167925	4	M	53	A		-1	1543.49568982	[1, 1, 1, 0, 1, 1, 1, 1, 1, 1, 1, 1]
	237762	139483	147862	4	M	77	A		-1	1546.22770699	[1, 1, 1, 1, 1, 1, 1, 1, 1, 1, 1, 1]
	251889	139727	128669	4	M	78	A		-1	1547.40107986	[1, 1, 1, 1, 1, 1, 1, 1, 1, 1, 1, 1]
	251510	139727	128565	4	M	11	A		-1	1547.93613477	[1, 1, 1, 0, 1, 1, 1, 1, 1, 1, 1, 1]
	282821	140103	127029	4	M	63	A		-1	1549.64204755	[1, 1, 1, 1, 1, 1, 1, 1, 1, 1, 1, 1]
	257317	139763	142785	4	M	56	A		-1	1550.56578338	[1, 1, 1, 1, 1, 1, 1, 1, 1, 1, 1, 0]
	253725	139727	152732	4	M	0	A		-1	1551.18174017	[1, 1, 1, 1, 1, 1, 1, 1, 1, 1, 1, 1]
	237051	139483	132176	4	M	127	A		-1	1556.32443982	[1, 1, 1, 1, 1, 1, 1, 1, 1, 1, 1, 1]
	251979	139727	157822	4	M	20	A		-1	1558.5989482	[1, 1, 1, 1, 1, 1, 1, 1, 1, 1, 1, 1]
	252793	139727	158032	4	M	186	A		-1	1563.492829	[1, 1, 1, 1, 1, 1, 1, 1, 1, 1, 1, 1]
	283640	140103	183257	4	M	167	A		-1	1565.18313924	[1, 1, 1, 1, 1, 1, 1, 1, 1, 1, 1, 0]
	277585	141708	171959	4	M	7	A		-1	1566.74710212	[1, 1, 1, 1, 1, 1, 1, 1, 1, 1, 1, 1]
	229259	139327	177221	4	M	69	A		-1	1569.82458656	[1, 1, 1, 1, 1, 1, 1, 1, 1, 1, 1, 1]
	250440	139727	176628	4	M	91	A		-1	1576.14737021	[1, 1, 1, 0, 1, 1, 1, 1, 1, 1, 1, 1]
	266862	139868	140682	4	M	103	A		-1	1576.14927147	[1, 1, 1, 1, 1, 1, 1, 1, 1, 1, 1, 1]
	271298	139936	152646	4	M	193	A		-1	1578.99541603	[1, 1, 0, 1, 1, 1, 1, 1, 1, 1, 1, 1]
	288453	140157	144156	4	M	155	A		-1	1582.12581478	[1, 1, 1, 1, 1, 1, 1, 1, 1, 1, 1, 1]
	258549	139763	119419	4	M	64	A		-1	1583.18664722	[1, 1, 1, 1, 1, 1, 1, 1, 1, 1, 1, 1]
	285276	140157	194212	4	M	16	A		-1	1584.72041109	[1, 1, 1, 1, 1, 1, 1, 1, 1, 1, 1, 1]
	289702	140157	109436	4	M	152	A		-1	1586.49892788	[1, 1, 1, 1, 1, 1, 1, 1, 1, 1, 1, 1]
	129809	86776	96180	3	M	193	A		-1	1589.64587429	[1, 1, 1, 1, 1, 1, 1, 1, 1, 1, 1, 1]
	247858	139674	155636	4	M	52	A		-1	1592.5620768	[1, 1, 1, 1, 1, 1, 1, 1, 1, 1, 1, 0]
	275164	141708	153020	4	M	149	A		-1	1593.54017917	[1, 1, 1, 1, 1, 1, 1, 1, 1, 1, 1, 1]
	217602	139009	191274	4	M	89	A		-1	1596.3621127	[1, 1, 1, 0, 1, 1, 1, 1, 1, 1, 1, 1]
	271444	139936	136152	4	M	0	A		-1	1597.57952823	[1, 1, 1, 1, 1, 1, 1, 1, 1, 1, 1, 0]
	278764	141708	128880	4	M	130	A		-1	1606.19496461	[1, 1, 1, 1, 1, 1, 1, 1, 1, 1, 1, 1]
	289500	140157	148388	4	M	51	A		-1	1610.64296958	[1, 1, 1, 1, 1, 1, 1, 1, 1, 1, 1, 1]
	263529	139835	136703	4	M	68	A		-1	1612.33947218	[1, 1, 1, 1, 1, 1, 1, 1, 1, 1, 1, 1]
	207220	138963	45921	4	M	9	A		-1	1612.448133	[1, 1, 1, 1, 1, 1, 1, 1, 1, 1, 1, 1]
	279850	140103	139688	4	M	184	A		-1	1612.56772829	[1, 1, 1, 1, 1, 1, 1, 1, 1, 1, 1, 1]
	287674	140157	179713	4	M	145	A		-1	1613.19671323	[1, 1, 1, 1, 1, 1, 1, 1, 1, 1, 1, 1]
	258806	139763	148970	4	M	24	A		-1	1615.0940157	[1, 1, 1, 1, 1, 1, 1, 1, 1, 1, 1, 1]
	289185	140157	140911	4	M	37	A		-1	1618.90712362	[1, 1, 1, 1, 1, 1, 1, 1, 1, 1, 1, 0]
	220494	139178	134995	4	M	100	A		-1	1620.83372748	[1, 1, 1, 1, 1, 1, 1, 1, 1, 1, 1, 1]
	201848	139921	155621	4	M	76	A		-1	1625.40456874	[1, 1, 1, 1, 1, 1, 1, 1, 1, 1, 1, 1]
	203360	139921	157124	4	M	26	A		-1	1627.56623099	[1, 1, 1, 1, 1, 1, 1, 1, 1, 1, 1, 0]
	253488	139727	162694	4	M	200	A		-1	1630.10757388	[1, 1, 1, 1, 1, 1, 1, 1, 1, 1, 1, 1]
	247614	139674	161405	4	M	162	A		-1	1631.57294	[1, 1, 1, 1, 1, 1, 1, 1, 1, 1, 1, 1]
	203096	139921	157353	4	M	155	A		-1	1638.46563665	[1, 1, 1, 1, 1, 1, 1, 1, 1, 1, 1, 0]
	227514	139327	184823	4	M	102	A		-1	1644.73960785	[1, 1, 1, 1, 1, 1, 1, 1, 1, 1, 1, 0]
	284951	140157	190597	4	M	168	A		-1	1652.96919782	[1, 1, 1, 1, 1, 1, 1, 1, 1, 1, 1, 1]
	252673	139727	160020	4	M	120	A		-1	1660.80078763	[1, 1, 1, 1, 1, 1, 1, 1, 1, 1, 1, 1]
	227131	139327	129236	4	M	188	A		-1	1677.80769413	[1, 0, 1, 1, 1, 1, 1, 1, 1, 1, 1, 0]
	245518	139674	179287	4	M	177	A		-1	1682.67172951	[1, 1, 1, 1, 1, 1, 1, 1, 1, 1, 1, 1]
	287058	140157	101350	4	M	164	A		-1	1686.97837961	[1, 1, 1, 1, 1, 1, 1, 1, 1, 1, 1, 1]
	290872	140223	165960	4	M	170	A		-1	1692.06308602	[1, 1, 0, 1, 1, 1, 1, 1, 1, 1, 1, 0]
	276653	141708	125645	4	M	181	A		-1	1693.19258639	[1, 1, 1, 1, 1, 1, 1, 1, 1, 1, 1, 1]
	215367	139009	138858	4	M	161	A		-1	1701.25876424	[1, 1, 1, 1, 1, 1, 1, 1, 1, 1, 1, 1]
	204186	139921	106301	4	M	133	A		-1	1710.2833832	[1, 1, 1, 1, 1, 1, 1, 1, 1, 1, 1, 1]
	289092	140157	168953	4	M	195	A		-1	1712.75212376	[1, 1, 1, 1, 1, 1, 1, 1, 1, 1, 1, 1]
	251989	139727	135182	4	M	9	A		-1	1733.46875451	[1, 1, 1, 1, 1, 1, 1, 1, 1, 1, 1, 1]
	277899	141708	141169	4	M	199	A		-1	1735.53768974	[1, 1, 1, 1, 1, 1, 1, 1, 1, 1, 1, 1]
