animal	sire	dam	born	sex	herd	status	cause	died	TBV	recessives
	937684	830166	883901	11	M	72	A		-1	3732.05192342	[1, 1, 1, 1, 1, 1, 1, 1, 1, 1, 1, 1]
	911327	890948	823948	11	M	48	A		-1	3732.53221653	[0, 1, 1, 1, 1, 1, 1, 1, 1, 1, 1, 1]
	909361	867220	879011	11	M	61	A		-1	3732.60357224	[1, 1, 1, 1, 1, 1, 1, 1, 1, 1, 1, 1]
	983193	819176	859075	11	M	40	A		-1	3732.90305839	[1, 1, 0, 1, 1, 1, 1, 1, 1, 1, 1, 1]
	989321	831108	875255	11	M	7	A		-1	3733.2184957	[1, 1, 1, 1, 1, 1, 1, 0, 1, 1, 1, 1]
	981479	883090	855785	11	M	51	A		-1	3733.46342395	[1, 1, 0, 0, 1, 1, 1, 1, 1, 1, 1, 1]
	972537	833285	703222	11	M	78	A		-1	3733.59095364	[1, 1, 1, 1, 1, 1, 1, 1, 1, 1, 1, 1]
	981551	865616	809081	11	M	24	A		-1	3733.69908523	[1, 1, 1, 1, 1, 1, 1, 1, 1, 1, 1, 1]
	959827	814608	855317	11	M	53	A		-1	3733.75435098	[1, 1, 1, 1, 1, 1, 1, 1, 1, 1, 1, 1]
	934867	856910	842192	11	M	53	A		-1	3733.75983665	[1, 1, 1, 1, 1, 1, 1, 1, 1, 1, 1, 1]
	952458	892338	876833	11	M	24	A		-1	3734.49155393	[1, 1, 1, 1, 1, 1, 1, 1, 1, 1, 1, 1]
	988120	874831	882093	11	M	78	A		-1	3734.71750437	[1, 1, 1, 1, 1, 1, 1, 1, 1, 1, 1, 1]
	976315	860368	838717	11	M	3	A		-1	3734.77239753	[1, 1, 1, 1, 1, 1, 1, 1, 1, 1, 1, 1]
	917413	826038	869603	11	M	67	A		-1	3734.91908897	[0, 1, 1, 1, 1, 1, 1, 1, 1, 1, 1, 1]
	915754	887665	798032	11	M	66	A		-1	3735.19096126	[1, 1, 1, 1, 1, 1, 1, 1, 1, 1, 1, 1]
	949673	855122	882688	11	M	47	A		-1	3735.33838913	[1, 1, 1, 1, 1, 1, 1, 0, 1, 1, 1, 1]
	968620	857354	876907	11	M	64	A		-1	3735.3589821	[1, 1, 1, 1, 1, 1, 1, 1, 1, 1, 1, 1]
	913041	857354	803821	11	M	47	A		-1	3735.38550882	[1, 1, 1, 1, 1, 1, 1, 1, 1, 1, 1, 1]
	980758	855122	824939	11	M	7	A		-1	3735.5837563	[1, 1, 1, 1, 1, 1, 1, 1, 1, 1, 1, 1]
	926899	821733	876386	11	M	49	A		-1	3735.95667743	[1, 1, 1, 1, 1, 1, 1, 1, 1, 1, 1, 1]
	907371	821733	871161	11	M	98	A		-1	3736.47111633	[1, 1, 1, 0, 1, 1, 1, 1, 1, 1, 1, 1]
	918695	865616	801924	11	M	20	A		-1	3736.72243068	[1, 1, 1, 1, 1, 1, 1, 1, 1, 1, 1, 1]
	954204	830166	875841	11	M	86	A		-1	3737.01139166	[1, 1, 1, 1, 1, 1, 1, 1, 1, 1, 1, 1]
	920853	862565	859050	11	M	83	A		-1	3737.26049564	[1, 1, 0, 1, 1, 1, 1, 1, 1, 1, 1, 1]
	939594	814608	729188	11	M	69	A		-1	3737.4043372	[1, 1, 1, 1, 1, 1, 1, 1, 1, 1, 1, 1]
	971123	812835	826157	11	M	23	A		-1	3737.5139437	[1, 1, 1, 1, 1, 1, 1, 1, 1, 1, 1, 1]
	911581	833285	848495	11	M	30	A		-1	3737.79840511	[1, 1, 1, 1, 1, 1, 1, 1, 1, 1, 1, 1]
	931475	884268	836791	11	M	10	A		-1	3738.00576484	[1, 1, 1, 1, 1, 1, 1, 1, 1, 1, 1, 1]
	909264	856910	842751	11	M	56	A		-1	3738.03831581	[1, 1, 1, 1, 1, 1, 1, 1, 1, 1, 1, 1]
	943653	814608	811315	11	M	17	A		-1	3738.38960064	[1, 1, 1, 1, 1, 1, 1, 1, 1, 1, 1, 1]
	909691	883090	869383	11	M	53	A		-1	3738.45049525	[1, 1, 1, 0, 1, 1, 1, 1, 1, 1, 1, 1]
	912729	873227	878303	11	M	97	A		-1	3738.5729937	[1, 1, 1, 1, 1, 1, 1, 1, 1, 1, 1, 1]
	830166	754181	762132	10	M	36	A		-1	3738.80870682	[1, 1, 1, 1, 1, 1, 1, 1, 1, 1, 1, 1]
	901530	867220	858836	11	M	54	A		-1	3739.30136892	[1, 1, 1, 1, 1, 1, 1, 1, 1, 1, 1, 1]
	896259	809553	877097	11	M	75	A		-1	3739.42516357	[1, 1, 1, 1, 1, 1, 1, 1, 1, 1, 1, 1]
	942204	878704	791915	11	M	98	A		-1	3739.57397414	[1, 1, 1, 1, 1, 1, 1, 1, 1, 1, 1, 1]
	930273	887665	862526	11	M	26	A		-1	3739.86264242	[1, 1, 1, 1, 1, 1, 1, 1, 1, 1, 1, 1]
	941773	821733	800426	11	M	62	A		-1	3740.03076272	[1, 1, 1, 1, 1, 1, 1, 1, 1, 1, 1, 1]
	961380	844604	885019	11	M	14	A		-1	3740.14438867	[1, 1, 1, 1, 1, 1, 1, 1, 1, 1, 1, 1]
	921289	811294	879483	11	M	38	A		-1	3740.63867114	[1, 1, 1, 1, 1, 1, 0, 1, 1, 1, 1, 1]
	905906	841982	876503	11	M	51	A		-1	3740.90398419	[1, 1, 1, 1, 1, 1, 1, 1, 1, 1, 1, 0]
	967375	857693	794439	11	M	66	A		-1	3741.69283489	[1, 1, 1, 1, 1, 1, 1, 1, 1, 1, 1, 1]
	845762	718415	720429	10	M	100	A		-1	3742.570797	[1, 1, 1, 1, 1, 1, 1, 1, 1, 1, 1, 1]
	899066	855122	814309	11	M	74	A		-1	3742.65379309	[1, 1, 1, 1, 1, 1, 1, 1, 1, 1, 1, 1]
	908745	867220	811266	11	M	74	A		-1	3742.91068099	[1, 1, 1, 1, 1, 1, 1, 1, 1, 1, 1, 1]
	920032	826038	881377	11	M	7	A		-1	3743.41618877	[1, 1, 1, 1, 1, 1, 1, 1, 1, 1, 1, 1]
	901366	862565	843086	11	M	93	A		-1	3743.69861384	[1, 1, 1, 1, 1, 1, 1, 1, 1, 1, 1, 1]
	953767	884268	825088	11	M	44	A		-1	3743.72639879	[1, 1, 1, 1, 0, 1, 1, 1, 1, 1, 1, 1]
	929228	865616	886475	11	M	63	A		-1	3743.84451029	[1, 1, 1, 1, 1, 1, 1, 1, 1, 1, 1, 1]
	918090	867220	796514	11	M	53	A		-1	3744.22840476	[1, 1, 1, 1, 1, 1, 1, 1, 1, 1, 1, 1]
	946695	884268	872405	11	M	47	A		-1	3744.29049337	[1, 1, 1, 1, 1, 1, 1, 0, 1, 1, 1, 1]
	976644	879227	864649	11	M	25	A		-1	3744.52126743	[1, 1, 1, 1, 1, 1, 1, 1, 1, 1, 1, 1]
	954590	830412	849100	11	M	76	A		-1	3745.08812078	[1, 1, 1, 1, 1, 1, 1, 1, 1, 1, 1, 1]
	958874	844604	867814	11	M	42	A		-1	3745.31033766	[1, 1, 1, 1, 1, 1, 1, 1, 1, 1, 1, 1]
	919250	814608	885331	11	M	37	A		-1	3745.31287348	[1, 1, 1, 0, 1, 1, 1, 1, 1, 1, 1, 1]
	826814	777519	736028	10	M	52	A		-1	3745.31852809	[1, 1, 1, 1, 1, 1, 1, 1, 1, 1, 1, 1]
	900870	806538	794429	11	M	82	A		-1	3745.32794614	[1, 1, 1, 1, 1, 1, 1, 0, 1, 1, 1, 1]
	935558	871526	875341	11	M	33	A		-1	3745.3704194	[1, 1, 1, 1, 1, 1, 1, 1, 1, 1, 1, 1]
	935884	827943	843644	11	M	53	A		-1	3745.44249147	[1, 1, 1, 1, 1, 1, 0, 1, 1, 1, 1, 1]
	901566	812835	818819	11	M	24	A		-1	3745.49634088	[1, 1, 1, 1, 1, 1, 0, 1, 1, 1, 1, 1]
	980525	892127	887534	11	M	30	A		-1	3745.6364688	[1, 1, 1, 1, 1, 1, 1, 1, 1, 1, 1, 1]
	905999	806538	825277	11	M	37	A		-1	3745.70338626	[1, 1, 1, 1, 1, 1, 1, 1, 1, 1, 1, 1]
	942803	860368	840091	11	M	57	A		-1	3745.7066727	[1, 1, 1, 1, 1, 1, 1, 1, 1, 1, 1, 1]
	970569	883090	885111	11	M	80	A		-1	3746.43920691	[1, 1, 1, 0, 1, 1, 1, 1, 1, 1, 1, 1]
	993433	816133	813551	11	M	68	A		-1	3746.5834125	[1, 1, 1, 1, 1, 1, 1, 1, 1, 1, 1, 1]
	972091	856910	844300	11	M	64	A		-1	3746.59151876	[1, 1, 1, 1, 1, 1, 1, 1, 1, 1, 1, 1]
	964467	831108	803732	11	M	87	A		-1	3746.9510503	[1, 1, 1, 1, 1, 1, 1, 1, 1, 1, 1, 1]
	899415	821733	701786	11	M	45	A		-1	3746.99422575	[1, 1, 1, 1, 1, 1, 1, 1, 1, 1, 1, 1]
	964663	811294	857809	11	M	8	A		-1	3747.48899424	[1, 1, 1, 1, 1, 1, 1, 1, 1, 1, 1, 1]
	905651	819176	883208	11	M	60	A		-1	3747.74972915	[1, 1, 0, 1, 1, 1, 1, 1, 1, 1, 1, 1]
	964790	809553	850071	11	M	25	A		-1	3747.75919945	[1, 1, 1, 1, 1, 1, 1, 1, 1, 1, 1, 1]
	976529	841982	822780	11	M	53	A		-1	3747.90819634	[1, 1, 0, 1, 1, 1, 1, 1, 1, 1, 1, 1]
	978150	833817	818569	11	M	74	A		-1	3748.11768495	[1, 1, 1, 1, 1, 1, 1, 1, 1, 1, 1, 1]
	908915	816133	835211	11	M	4	A		-1	3748.16987882	[1, 1, 1, 1, 1, 1, 1, 1, 1, 1, 1, 1]
	945597	862565	806304	11	M	51	A		-1	3748.25362936	[1, 1, 1, 1, 1, 1, 0, 1, 1, 1, 1, 1]
	927890	890948	863465	11	M	74	A		-1	3748.44327047	[0, 1, 1, 1, 1, 1, 1, 1, 1, 1, 1, 1]
	923509	878704	838900	11	M	8	A		-1	3748.87155394	[1, 0, 1, 1, 1, 1, 1, 1, 1, 1, 1, 1]
	954871	830412	724023	11	M	45	A		-1	3749.07384481	[1, 1, 1, 1, 1, 1, 1, 1, 1, 1, 1, 0]
	967713	831108	811074	11	M	84	A		-1	3749.13429179	[1, 1, 1, 1, 1, 1, 1, 1, 1, 1, 1, 1]
	973367	830166	840698	11	M	5	A		-1	3749.20516315	[1, 1, 1, 1, 1, 1, 1, 1, 1, 1, 1, 1]
	986150	887665	817156	11	M	9	A		-1	3749.35697404	[1, 1, 1, 1, 1, 1, 1, 1, 1, 1, 1, 1]
	992043	879227	722474	11	M	73	A		-1	3749.47661635	[1, 1, 1, 1, 1, 1, 1, 0, 1, 1, 1, 1]
	989892	856910	834132	11	M	94	A		-1	3749.94473242	[1, 1, 1, 1, 1, 1, 1, 1, 1, 1, 1, 1]
	964994	818058	850061	11	M	17	A		-1	3750.19985314	[1, 1, 1, 1, 1, 1, 1, 1, 1, 1, 1, 1]
	983513	818058	825229	11	M	34	A		-1	3750.26446531	[1, 1, 1, 1, 1, 1, 1, 1, 1, 1, 1, 1]
	969086	811294	866518	11	M	94	A		-1	3750.49049521	[1, 1, 1, 1, 1, 1, 1, 1, 1, 1, 1, 1]
	990297	860368	835786	11	M	24	A		-1	3750.52988356	[1, 1, 1, 1, 1, 1, 1, 1, 1, 1, 1, 1]
	992276	879227	820130	11	M	39	A		-1	3751.10045644	[1, 1, 1, 1, 1, 1, 1, 1, 1, 1, 1, 1]
	953014	833817	810877	11	M	87	A		-1	3751.16311076	[1, 1, 1, 1, 1, 1, 1, 1, 1, 1, 1, 1]
	897324	887665	812955	11	M	10	A		-1	3751.62522384	[1, 1, 1, 1, 1, 1, 1, 1, 1, 1, 1, 1]
	949935	884268	824478	11	M	52	A		-1	3751.97692811	[1, 1, 1, 1, 1, 1, 1, 1, 1, 1, 1, 1]
	949323	865616	817894	11	M	87	A		-1	3752.22949869	[1, 1, 1, 1, 1, 0, 1, 1, 1, 1, 1, 1]
	944597	887665	837922	11	M	19	A		-1	3752.72063893	[1, 1, 1, 1, 1, 1, 1, 1, 1, 1, 1, 1]
	925382	845762	796555	11	M	42	A		-1	3752.81364075	[1, 1, 1, 0, 1, 1, 1, 1, 1, 1, 1, 1]
	941582	860368	811115	11	M	20	A		-1	3752.97645643	[1, 1, 1, 1, 1, 1, 1, 1, 1, 1, 1, 1]
	915124	857354	827656	11	M	23	A		-1	3753.41076086	[1, 1, 1, 1, 1, 1, 1, 1, 1, 1, 1, 1]
	917431	856019	831637	11	M	11	A		-1	3753.54146982	[1, 1, 1, 1, 1, 1, 1, 1, 1, 1, 1, 1]
	895749	814608	861879	11	M	80	A		-1	3753.75422235	[1, 1, 1, 1, 1, 1, 1, 1, 1, 1, 1, 1]
	976260	856910	822657	11	M	33	A		-1	3754.18167221	[1, 1, 1, 1, 1, 1, 1, 1, 1, 1, 1, 1]
	943656	887665	830732	11	M	57	A		-1	3754.33446584	[1, 1, 1, 1, 1, 1, 1, 1, 1, 1, 1, 1]
	930487	883090	879290	11	M	28	A		-1	3754.33562139	[1, 0, 1, 1, 1, 1, 1, 1, 1, 1, 1, 1]
	903549	887665	657843	11	M	85	A		-1	3754.60896142	[1, 1, 1, 1, 1, 1, 1, 1, 1, 1, 1, 1]
	964439	858228	750816	11	M	92	A		-1	3754.72158228	[1, 1, 1, 1, 1, 1, 1, 1, 1, 1, 1, 1]
	893866	887665	813369	11	M	34	A		-1	3755.13529856	[1, 1, 1, 1, 1, 1, 1, 1, 1, 1, 1, 1]
	980325	887665	890265	11	M	10	A		-1	3755.18687506	[1, 1, 1, 1, 1, 1, 0, 1, 1, 1, 1, 1]
	884268	735617	782801	10	M	64	A		-1	3755.24750059	[1, 1, 1, 1, 1, 1, 1, 0, 1, 1, 1, 1]
	909236	819176	831057	11	M	44	A		-1	3755.38234657	[1, 1, 1, 1, 1, 1, 1, 1, 1, 1, 1, 1]
	942273	855122	825025	11	M	74	A		-1	3755.45321558	[1, 1, 1, 1, 1, 1, 1, 1, 1, 1, 1, 1]
	946194	833285	871520	11	M	59	A		-1	3755.54461954	[1, 1, 1, 1, 1, 1, 1, 1, 1, 1, 1, 1]
	923967	827943	819345	11	M	37	A		-1	3756.00593372	[1, 1, 1, 1, 1, 1, 1, 1, 1, 1, 1, 1]
	938669	845762	741082	11	M	81	A		-1	3756.49915242	[1, 1, 1, 1, 1, 1, 1, 1, 1, 1, 1, 1]
	973735	844604	843363	11	M	19	A		-1	3756.81614008	[1, 1, 1, 1, 1, 1, 1, 1, 1, 1, 1, 1]
	985556	805893	820685	11	M	24	A		-1	3757.103153	[1, 1, 1, 1, 1, 1, 1, 0, 1, 1, 1, 1]
	916766	845762	881767	11	M	3	A		-1	3757.16623413	[1, 1, 1, 1, 1, 1, 1, 1, 1, 1, 1, 1]
	904080	855122	892089	11	M	19	A		-1	3757.71109686	[1, 0, 1, 1, 1, 1, 1, 1, 1, 1, 1, 1]
	988651	883090	842197	11	M	79	A		-1	3757.82299591	[1, 1, 1, 0, 1, 1, 1, 1, 1, 1, 1, 1]
	902871	887665	595960	11	M	10	A		-1	3757.88302461	[1, 1, 1, 1, 1, 1, 1, 1, 1, 1, 1, 1]
	904924	856910	866284	11	M	48	A		-1	3758.10952726	[1, 1, 1, 1, 1, 1, 1, 1, 1, 1, 1, 0]
	983190	826814	838168	11	M	14	A		-1	3758.53231836	[1, 1, 1, 1, 1, 1, 1, 1, 1, 1, 1, 1]
	966083	806538	804101	11	M	8	A		-1	3758.55765266	[1, 1, 1, 1, 1, 1, 1, 1, 1, 1, 1, 1]
	855122	735617	678435	10	M	50	A		-1	3759.27362546	[1, 1, 1, 1, 1, 1, 1, 1, 1, 1, 1, 1]
	960921	867220	824273	11	M	85	A		-1	3759.38385765	[1, 1, 1, 1, 1, 1, 1, 1, 1, 1, 1, 1]
	968601	821733	821533	11	M	48	A		-1	3759.47895352	[1, 1, 1, 1, 1, 1, 1, 1, 1, 1, 1, 1]
	895024	884055	860278	11	M	4	A		-1	3759.60677434	[1, 1, 1, 1, 1, 1, 1, 1, 1, 1, 1, 1]
	917739	857354	816258	11	M	5	A		-1	3759.63922129	[1, 1, 1, 1, 1, 1, 1, 1, 1, 1, 1, 1]
	860368	754181	738030	10	M	99	A		-1	3759.68227823	[1, 1, 1, 1, 1, 1, 1, 1, 1, 1, 1, 1]
	918325	887665	891587	11	M	91	A		-1	3760.06854949	[1, 1, 1, 1, 1, 1, 1, 1, 1, 1, 1, 1]
	935993	844604	878298	11	M	34	A		-1	3760.20838987	[1, 1, 1, 1, 1, 1, 1, 1, 1, 1, 1, 1]
	904820	883090	678193	11	M	28	A		-1	3760.32170254	[1, 1, 1, 0, 1, 1, 1, 1, 1, 1, 1, 1]
	895990	865616	867745	11	M	70	A		-1	3760.73363208	[1, 1, 1, 1, 1, 1, 1, 1, 1, 1, 1, 1]
	944207	887665	806388	11	M	28	A		-1	3761.24247145	[1, 1, 1, 1, 1, 1, 1, 1, 1, 1, 1, 1]
	896920	892338	892796	11	M	17	A		-1	3761.39620676	[1, 1, 1, 1, 1, 1, 1, 1, 1, 1, 1, 1]
	910855	862565	825566	11	M	8	A		-1	3761.44491354	[1, 1, 1, 1, 1, 1, 1, 1, 1, 1, 1, 1]
	984826	892426	698049	11	M	34	A		-1	3761.87921813	[1, 1, 1, 0, 1, 1, 1, 1, 1, 1, 1, 1]
	961447	830412	811002	11	M	82	A		-1	3762.28326679	[1, 1, 1, 1, 1, 1, 1, 1, 1, 1, 1, 0]
	946849	887550	824344	11	M	50	A		-1	3762.50642874	[1, 1, 1, 1, 1, 1, 1, 1, 1, 1, 1, 1]
	940139	833817	823046	11	M	28	A		-1	3762.51858362	[1, 1, 1, 1, 1, 1, 1, 1, 1, 1, 1, 1]
	920957	884268	832921	11	M	94	A		-1	3762.59273018	[1, 1, 1, 1, 1, 1, 1, 0, 1, 1, 1, 1]
	993213	865616	889192	11	M	90	A		-1	3762.84069782	[1, 1, 1, 1, 1, 1, 1, 1, 1, 1, 1, 1]
	940978	883090	843265	11	M	6	A		-1	3763.41434404	[1, 1, 1, 1, 1, 1, 1, 1, 1, 1, 1, 1]
	976143	887550	834907	11	M	84	A		-1	3763.48455664	[1, 1, 1, 1, 1, 1, 1, 1, 1, 1, 1, 1]
	901581	830412	833374	11	M	38	A		-1	3763.53922822	[1, 1, 1, 1, 1, 1, 1, 1, 1, 1, 1, 0]
	894274	816133	812144	11	M	68	A		-1	3763.67311243	[1, 1, 1, 1, 1, 1, 1, 0, 1, 1, 1, 1]
	964117	818058	891323	11	M	47	A		-1	3763.99669338	[1, 0, 1, 1, 1, 1, 1, 1, 1, 1, 1, 1]
	983923	821733	854973	11	M	16	A		-1	3764.12150407	[1, 1, 1, 1, 1, 1, 1, 1, 1, 1, 1, 1]
	932035	806538	842754	11	M	29	A		-1	3764.41311605	[1, 1, 1, 1, 1, 1, 1, 1, 1, 1, 1, 1]
	929296	892127	720043	11	M	66	A		-1	3764.65047207	[1, 1, 1, 1, 1, 1, 1, 1, 1, 1, 1, 1]
	902106	819176	878633	11	M	23	A		-1	3764.88661873	[1, 1, 1, 1, 1, 1, 1, 1, 1, 1, 1, 1]
	915335	862565	749180	11	M	47	A		-1	3765.20769463	[1, 1, 1, 1, 1, 1, 1, 1, 1, 1, 1, 1]
	983622	840759	850510	11	M	77	A		-1	3765.23811976	[1, 1, 0, 1, 1, 1, 1, 1, 1, 1, 1, 1]
	937471	831108	835836	11	M	7	A		-1	3766.42577313	[1, 1, 1, 1, 1, 1, 1, 0, 1, 1, 1, 1]
	951009	860368	867503	11	M	57	A		-1	3766.462484	[1, 1, 1, 1, 1, 1, 1, 1, 1, 1, 1, 1]
	949850	883090	798174	11	M	36	A		-1	3766.82638323	[1, 1, 1, 1, 1, 0, 1, 1, 1, 1, 1, 1]
	985878	865616	855962	11	M	40	A		-1	3767.17077227	[1, 1, 1, 1, 1, 1, 1, 1, 1, 1, 1, 1]
	924139	813640	713015	11	M	59	A		-1	3767.31114035	[1, 1, 1, 1, 1, 0, 1, 1, 1, 1, 1, 1]
	989209	844604	867013	11	M	78	A		-1	3767.77784638	[1, 1, 1, 1, 1, 1, 1, 1, 1, 1, 1, 1]
	926746	874831	783834	11	M	73	A		-1	3767.87868276	[1, 1, 1, 1, 1, 1, 1, 1, 1, 1, 1, 1]
	985433	805893	889876	11	M	53	A		-1	3768.20401881	[1, 1, 1, 0, 1, 1, 1, 1, 1, 1, 1, 1]
	897823	841982	839232	11	M	40	A		-1	3768.24883014	[1, 1, 1, 1, 1, 1, 1, 0, 1, 1, 1, 1]
	930640	884055	878506	11	M	19	A		-1	3768.44081305	[1, 1, 1, 1, 1, 1, 1, 1, 1, 1, 1, 1]
	974601	874831	834513	11	M	58	A		-1	3768.49224083	[1, 1, 1, 1, 1, 1, 1, 1, 1, 1, 1, 1]
	968960	830520	886627	11	M	11	A		-1	3768.6105611	[1, 1, 1, 1, 1, 1, 1, 1, 1, 1, 1, 1]
	902188	833285	882655	11	M	99	A		-1	3768.75679002	[1, 1, 1, 1, 1, 0, 1, 1, 1, 1, 1, 1]
	944677	892426	848414	11	M	64	A		-1	3769.29110897	[1, 1, 1, 1, 1, 1, 1, 1, 1, 1, 1, 1]
	932438	816133	889788	11	M	64	A		-1	3769.31886765	[1, 1, 1, 1, 1, 1, 1, 1, 1, 1, 1, 1]
	934373	873227	753157	11	M	66	A		-1	3769.50682142	[1, 1, 1, 1, 1, 1, 1, 1, 1, 1, 1, 1]
	935241	867220	500768	11	M	61	A		-1	3769.68644522	[1, 1, 1, 1, 1, 1, 1, 1, 1, 1, 1, 1]
	830412	713055	763319	10	M	52	A		-1	3769.95104101	[1, 1, 1, 1, 1, 1, 1, 1, 1, 1, 1, 0]
	947805	874831	875161	11	M	8	A		-1	3770.07657273	[1, 1, 1, 1, 1, 1, 1, 1, 1, 1, 1, 1]
	950008	830412	876557	11	M	37	A		-1	3770.51381587	[1, 1, 1, 1, 1, 1, 1, 1, 1, 1, 1, 1]
	900251	806538	844822	11	M	19	A		-1	3770.53393048	[1, 1, 1, 1, 1, 1, 1, 1, 1, 1, 1, 1]
	957513	805893	807269	11	M	45	A		-1	3771.42199615	[1, 0, 1, 1, 1, 1, 1, 1, 1, 1, 1, 1]
	977046	887665	813434	11	M	19	A		-1	3772.01210478	[1, 1, 1, 1, 1, 1, 1, 1, 1, 1, 1, 1]
	930255	867220	825372	11	M	62	A		-1	3772.06036489	[1, 1, 1, 1, 1, 1, 1, 1, 1, 1, 1, 1]
	987437	892338	862389	11	M	29	A		-1	3772.21253836	[1, 1, 1, 1, 1, 1, 1, 1, 1, 1, 1, 1]
	993329	856019	831245	11	M	19	A		-1	3772.24483343	[1, 1, 1, 1, 1, 1, 1, 1, 1, 1, 1, 1]
	958686	884268	832923	11	M	66	A		-1	3772.50140323	[1, 1, 1, 1, 1, 1, 1, 0, 1, 1, 1, 1]
	988627	830520	746751	11	M	72	A		-1	3772.5388269	[1, 1, 1, 1, 1, 1, 1, 1, 1, 1, 1, 1]
	931915	845762	798360	11	M	14	A		-1	3774.55861144	[1, 1, 1, 1, 1, 1, 1, 1, 1, 1, 1, 1]
	918833	840759	858663	11	M	88	A		-1	3775.72558221	[1, 1, 1, 1, 1, 1, 1, 1, 1, 1, 1, 1]
	944061	887550	732040	11	M	35	A		-1	3775.74085708	[1, 1, 1, 1, 1, 1, 1, 1, 1, 1, 1, 1]
	978794	830412	828520	11	M	69	A		-1	3776.4641433	[1, 1, 1, 1, 1, 1, 1, 1, 1, 1, 1, 1]
	912452	830520	763136	11	M	43	A		-1	3776.59438842	[1, 1, 1, 1, 1, 1, 1, 1, 1, 1, 1, 1]
	967378	812835	715110	11	M	100	A		-1	3777.37857076	[1, 1, 1, 1, 1, 1, 1, 1, 1, 1, 1, 1]
	950990	884055	889251	11	M	73	A		-1	3777.7715733	[1, 1, 1, 1, 1, 1, 1, 1, 1, 1, 1, 1]
	926599	806538	879601	11	M	33	A		-1	3778.61323702	[1, 1, 1, 1, 1, 1, 1, 1, 1, 1, 1, 1]
	940451	844604	627502	11	M	80	A		-1	3778.73428908	[1, 1, 1, 1, 1, 1, 1, 1, 1, 1, 1, 1]
	952099	867220	812055	11	M	79	A		-1	3778.82883331	[1, 1, 1, 1, 1, 1, 1, 1, 1, 1, 1, 1]
	933518	811294	819019	11	M	40	A		-1	3778.92009368	[1, 1, 1, 1, 1, 1, 1, 1, 1, 1, 1, 1]
	901973	833817	838214	11	M	87	A		-1	3779.40981772	[1, 1, 1, 1, 1, 1, 1, 1, 1, 1, 1, 1]
	980218	818058	889986	11	M	76	A		-1	3779.43596858	[1, 1, 1, 1, 1, 1, 1, 1, 1, 1, 1, 1]
	818058	781768	696752	10	M	8	A		-1	3780.11218559	[1, 1, 1, 1, 1, 1, 1, 1, 1, 1, 1, 1]
	922908	856019	809217	11	M	16	A		-1	3780.53900091	[1, 1, 1, 1, 1, 1, 1, 1, 1, 1, 1, 1]
	916765	855122	822721	11	M	45	A		-1	3780.58391525	[1, 1, 1, 1, 1, 1, 1, 1, 1, 1, 1, 1]
	964279	826814	862531	11	M	5	A		-1	3780.77569066	[1, 1, 1, 1, 1, 1, 1, 1, 1, 1, 1, 1]
	944637	884055	854853	11	M	49	A		-1	3780.79342376	[1, 1, 1, 1, 1, 1, 1, 1, 1, 1, 1, 1]
	976343	879227	851302	11	M	60	A		-1	3780.8140035	[1, 1, 1, 1, 1, 1, 1, 1, 1, 1, 1, 1]
	899809	871526	809551	11	M	5	A		-1	3781.05538261	[1, 1, 1, 0, 1, 1, 1, 1, 1, 1, 1, 1]
	977360	826814	749933	11	M	64	A		-1	3781.63688806	[1, 1, 1, 1, 1, 1, 1, 1, 1, 1, 1, 1]
	980865	809553	695213	11	M	28	A		-1	3781.99205366	[1, 1, 1, 0, 1, 1, 1, 1, 1, 1, 1, 1]
	941340	860368	722813	11	M	43	A		-1	3782.57502386	[1, 1, 1, 1, 1, 1, 1, 1, 1, 1, 1, 1]
	933777	811294	859224	11	M	80	A		-1	3783.445163	[1, 1, 1, 1, 1, 1, 1, 1, 1, 1, 1, 1]
	936901	862565	889220	11	M	10	A		-1	3784.25915688	[1, 1, 1, 1, 1, 1, 0, 1, 1, 1, 1, 1]
	921604	858228	819559	11	M	87	A		-1	3784.38359037	[1, 1, 1, 1, 1, 1, 1, 1, 1, 1, 1, 1]
	943272	890948	884588	11	M	8	A		-1	3784.44060119	[1, 1, 1, 1, 1, 1, 1, 1, 1, 1, 1, 1]
	917737	826038	849734	11	M	63	A		-1	3784.74846511	[1, 1, 1, 1, 1, 1, 1, 1, 1, 1, 1, 1]
	941712	834173	891075	11	M	20	A		-1	3784.7908932	[1, 1, 1, 1, 1, 1, 1, 1, 1, 1, 1, 1]
	961146	805893	811652	11	M	69	A		-1	3784.90949557	[1, 1, 1, 1, 1, 1, 1, 1, 1, 1, 1, 1]
	947607	840759	806310	11	M	2	A		-1	3785.51360207	[1, 1, 1, 1, 1, 1, 1, 1, 1, 1, 1, 1]
	946625	873227	861081	11	M	59	A		-1	3785.74993329	[1, 0, 0, 1, 1, 1, 1, 1, 1, 1, 1, 1]
	957426	860368	731999	11	M	69	A		-1	3786.22828091	[1, 1, 1, 1, 1, 1, 1, 0, 1, 1, 1, 1]
	903335	814608	796041	11	M	29	A		-1	3786.88099705	[1, 1, 1, 1, 1, 1, 1, 1, 1, 1, 1, 1]
	908648	867220	857145	11	M	56	A		-1	3787.26651073	[1, 1, 1, 1, 1, 1, 1, 1, 1, 1, 1, 1]
	923130	833285	836495	11	M	99	A		-1	3787.78062975	[1, 1, 1, 1, 1, 1, 1, 1, 1, 1, 1, 1]
	894117	865616	848036	11	M	76	A		-1	3788.17976853	[1, 1, 1, 1, 1, 1, 1, 1, 1, 1, 1, 1]
	982105	809553	887964	11	M	63	A		-1	3788.25583352	[1, 1, 1, 1, 1, 1, 1, 1, 1, 1, 1, 1]
	898340	844604	857173	11	M	6	A		-1	3789.16584231	[1, 1, 1, 1, 1, 1, 1, 1, 1, 1, 1, 1]
	906580	856019	759884	11	M	34	A		-1	3789.2162973	[1, 1, 1, 1, 1, 1, 1, 1, 1, 1, 1, 1]
	916069	855122	834617	11	M	39	A		-1	3789.42411628	[1, 1, 1, 1, 1, 1, 1, 1, 1, 1, 1, 1]
	957333	865000	786072	11	M	0	A		-1	3789.47141275	[1, 1, 1, 1, 1, 1, 1, 1, 1, 1, 1, 1]
	957860	884268	840013	11	M	63	A		-1	3789.9397002	[1, 1, 1, 1, 1, 1, 1, 0, 1, 1, 1, 1]
	980027	878704	875717	11	M	17	A		-1	3790.02840479	[1, 1, 1, 1, 1, 1, 1, 1, 1, 1, 1, 1]
	933280	830520	891036	11	M	16	A		-1	3790.06909438	[1, 1, 1, 1, 1, 1, 1, 1, 1, 1, 1, 1]
	979528	862565	827729	11	M	90	A		-1	3790.31091017	[1, 1, 1, 1, 1, 1, 0, 1, 1, 1, 1, 1]
	937829	812835	696170	11	M	91	A		-1	3790.38410464	[1, 1, 1, 1, 1, 1, 1, 1, 1, 1, 1, 1]
	910822	856019	891082	11	M	17	A		-1	3790.82179352	[1, 1, 1, 1, 1, 1, 1, 1, 1, 1, 1, 1]
	916377	874831	802336	11	M	77	A		-1	3791.13947387	[1, 0, 1, 1, 1, 1, 1, 1, 1, 1, 1, 1]
	954454	830520	786704	11	M	77	A		-1	3791.63844049	[1, 1, 1, 1, 1, 1, 1, 1, 1, 1, 1, 1]
	901230	805893	888336	11	M	44	A		-1	3791.81128954	[1, 1, 1, 1, 1, 1, 1, 1, 1, 1, 1, 1]
	982077	816133	862043	11	M	80	A		-1	3791.83004852	[1, 1, 1, 1, 1, 1, 1, 1, 1, 1, 1, 1]
	929526	812835	867944	11	M	44	A		-1	3791.97159854	[1, 1, 1, 1, 1, 1, 1, 0, 1, 1, 1, 1]
	912803	856019	870978	11	M	82	A		-1	3792.08162394	[1, 1, 1, 1, 1, 1, 1, 1, 1, 1, 1, 1]
	975848	862565	802930	11	M	55	A		-1	3792.2037892	[1, 1, 1, 1, 1, 1, 1, 1, 1, 1, 1, 1]
	929177	830166	844210	11	M	97	A		-1	3792.68434501	[1, 1, 1, 1, 1, 1, 1, 1, 1, 1, 1, 1]
	901464	860368	886979	11	M	89	A		-1	3792.68594501	[1, 1, 1, 1, 1, 1, 1, 1, 1, 1, 1, 1]
	967327	860368	825835	11	M	74	A		-1	3792.92117611	[1, 1, 0, 1, 1, 1, 1, 1, 1, 1, 1, 1]
	915597	873227	871531	11	M	94	A		-1	3793.36359579	[1, 1, 1, 1, 1, 1, 1, 1, 1, 1, 1, 1]
	968178	887550	809395	11	M	79	A		-1	3793.79094629	[1, 1, 1, 1, 1, 1, 1, 1, 1, 1, 1, 1]
	899738	867220	714721	11	M	22	A		-1	3793.88192452	[1, 1, 1, 0, 1, 1, 1, 1, 1, 1, 1, 1]
	971023	826038	816180	11	M	25	A		-1	3793.9021554	[1, 1, 1, 1, 1, 1, 1, 1, 1, 1, 1, 1]
	993571	865000	857343	11	M	19	A		-1	3794.06127053	[1, 1, 0, 1, 1, 1, 1, 1, 1, 1, 1, 1]
	951228	856910	878783	11	M	2	A		-1	3794.46957704	[1, 1, 1, 1, 1, 1, 1, 1, 1, 1, 1, 1]
	929585	856019	832285	11	M	54	A		-1	3795.57242357	[1, 1, 1, 1, 1, 1, 1, 1, 1, 1, 1, 1]
	922997	833285	794496	11	M	34	A		-1	3795.76104347	[1, 1, 1, 1, 1, 1, 1, 1, 1, 1, 1, 1]
	898288	867220	812527	11	M	98	A		-1	3795.78480634	[1, 1, 1, 1, 1, 1, 1, 1, 1, 1, 1, 1]
	936719	883090	804723	11	M	9	A		-1	3797.76782505	[1, 1, 1, 0, 1, 1, 1, 1, 1, 1, 1, 1]
	944029	887665	742646	11	M	58	A		-1	3798.12488392	[1, 1, 1, 1, 1, 1, 1, 1, 1, 1, 1, 1]
	897083	806538	799556	11	M	36	A		-1	3798.22514516	[1, 1, 1, 1, 1, 1, 1, 0, 1, 1, 1, 1]
	923461	867220	838057	11	M	97	A		-1	3798.35942044	[1, 1, 1, 0, 1, 1, 1, 1, 1, 1, 1, 1]
	971535	844604	881254	11	M	37	A		-1	3798.71075138	[1, 1, 1, 0, 1, 1, 1, 1, 1, 1, 1, 1]
	910778	862565	869233	11	M	71	A		-1	3799.21437744	[1, 1, 1, 1, 1, 1, 1, 1, 1, 1, 1, 1]
	978630	844604	806447	11	M	35	A		-1	3800.26059817	[1, 1, 1, 1, 1, 1, 1, 1, 1, 1, 1, 1]
	971488	879227	837890	11	M	52	A		-1	3801.25703371	[1, 1, 1, 1, 1, 1, 1, 1, 1, 1, 1, 1]
	899627	845762	864039	11	M	29	A		-1	3801.2837069	[1, 1, 1, 1, 1, 1, 1, 1, 1, 1, 1, 1]
	958224	833817	877040	11	M	68	A		-1	3801.39790666	[1, 1, 1, 1, 1, 1, 1, 1, 1, 1, 1, 1]
	940840	860368	822727	11	M	76	A		-1	3801.45663153	[1, 1, 1, 1, 1, 1, 1, 1, 1, 1, 1, 1]
	895008	826038	851168	11	M	29	A		-1	3802.33921412	[1, 1, 1, 1, 1, 1, 1, 1, 1, 1, 1, 1]
	919017	813640	864075	11	M	52	A		-1	3802.37315098	[1, 1, 1, 1, 1, 1, 1, 1, 1, 1, 1, 1]
	895563	805893	842052	11	M	45	A		-1	3802.74962515	[1, 0, 1, 1, 1, 1, 1, 1, 1, 1, 1, 1]
	978941	831108	836930	11	M	78	A		-1	3802.9283232	[1, 1, 1, 1, 1, 1, 1, 0, 1, 1, 1, 1]
	956045	845762	854117	11	M	66	A		-1	3803.22497701	[1, 1, 1, 1, 1, 1, 1, 1, 1, 1, 1, 1]
	914022	855122	603920	11	M	54	A		-1	3803.75568583	[1, 1, 1, 1, 1, 1, 1, 1, 1, 1, 1, 1]
	969631	826038	869956	11	M	23	A		-1	3803.79631797	[1, 1, 1, 1, 1, 1, 1, 1, 1, 1, 1, 1]
	928557	883090	804558	11	M	54	A		-1	3803.8950904	[1, 1, 1, 1, 1, 1, 1, 1, 1, 1, 1, 1]
	962798	865616	817316	11	M	35	A		-1	3804.05137653	[1, 1, 1, 1, 1, 1, 1, 1, 1, 1, 1, 0]
	984989	831108	888865	11	M	45	A		-1	3804.19718536	[1, 1, 1, 1, 1, 1, 1, 0, 1, 1, 1, 1]
	915484	826038	772479	11	M	31	A		-1	3804.72172714	[1, 1, 1, 1, 1, 1, 1, 1, 1, 1, 1, 1]
	926357	841982	834127	11	M	14	A		-1	3804.75157632	[1, 1, 1, 1, 1, 1, 1, 1, 1, 1, 1, 1]
	962597	892426	817838	11	M	93	A		-1	3804.80446026	[1, 1, 1, 0, 1, 1, 1, 1, 1, 1, 1, 1]
	905613	812835	828248	11	M	23	A		-1	3805.14578315	[1, 1, 1, 1, 1, 1, 1, 1, 1, 1, 1, 1]
	930499	830412	746668	11	M	40	A		-1	3805.34340454	[1, 1, 1, 1, 1, 1, 1, 1, 1, 1, 1, 0]
	830520	713055	791724	10	M	48	A		-1	3805.51414769	[1, 1, 1, 1, 1, 1, 1, 1, 1, 1, 1, 1]
	931105	813640	873902	11	M	3	A		-1	3805.59493548	[1, 1, 1, 1, 1, 1, 1, 1, 1, 1, 1, 1]
	958374	860368	892358	11	M	28	A		-1	3806.53785784	[1, 1, 1, 1, 1, 1, 1, 1, 1, 1, 1, 1]
	934616	826038	857675	11	M	12	A		-1	3806.64913088	[1, 1, 1, 1, 1, 1, 1, 1, 1, 1, 1, 1]
	894426	883090	861621	11	M	19	A		-1	3806.70083407	[1, 1, 1, 0, 1, 1, 1, 1, 1, 1, 1, 1]
	937974	844604	745593	11	M	97	A		-1	3807.00005917	[1, 1, 1, 1, 1, 1, 1, 0, 1, 1, 1, 1]
	915637	814608	872780	11	M	53	A		-1	3807.07769802	[1, 1, 1, 1, 1, 1, 1, 1, 1, 1, 1, 1]
	928331	826038	596553	11	M	93	A		-1	3807.10425618	[1, 1, 1, 1, 1, 1, 1, 1, 1, 1, 1, 1]
	897006	834173	799237	11	M	52	A		-1	3807.2281236	[1, 1, 1, 1, 1, 1, 1, 1, 1, 1, 1, 1]
	968886	826038	885112	11	M	15	A		-1	3807.65520919	[1, 1, 1, 1, 1, 1, 1, 1, 1, 1, 1, 1]
	979882	862565	822364	11	M	50	A		-1	3807.77796932	[1, 1, 1, 1, 1, 1, 1, 1, 1, 1, 1, 1]
	979471	830412	616397	11	M	95	A		-1	3807.99366166	[1, 1, 1, 1, 0, 1, 1, 1, 1, 1, 1, 0]
	961407	884268	826261	11	M	34	A		-1	3808.00708688	[1, 1, 1, 1, 1, 1, 1, 0, 1, 1, 1, 1]
	910119	830166	795710	11	M	9	A		-1	3808.38143883	[1, 1, 1, 1, 1, 1, 1, 1, 1, 1, 1, 1]
	932292	892338	872738	11	M	66	A		-1	3808.41397815	[1, 1, 1, 1, 1, 1, 1, 1, 1, 1, 1, 1]
	946396	812835	867631	11	M	58	A		-1	3808.51931345	[1, 1, 1, 1, 1, 1, 1, 1, 1, 1, 1, 1]
	931011	826814	827653	11	M	66	A		-1	3808.91058357	[1, 1, 1, 1, 1, 1, 1, 1, 1, 1, 1, 1]
	924282	857354	848772	11	M	80	A		-1	3809.34548561	[1, 1, 1, 1, 1, 1, 1, 1, 1, 1, 1, 1]
	894881	813640	854633	11	M	96	A		-1	3809.50763916	[1, 1, 1, 1, 1, 1, 1, 1, 1, 1, 1, 1]
	918652	878704	867266	11	M	83	A		-1	3809.9211792	[1, 1, 1, 1, 1, 1, 1, 1, 1, 1, 1, 1]
	931394	862565	817153	11	M	25	A		-1	3810.39761437	[1, 1, 1, 1, 1, 1, 0, 1, 1, 1, 1, 1]
	989168	892338	805709	11	M	78	A		-1	3810.51908519	[1, 1, 1, 1, 1, 1, 1, 1, 1, 1, 1, 1]
	903888	813640	848706	11	M	16	A		-1	3810.62438148	[1, 1, 1, 1, 1, 1, 1, 1, 1, 1, 1, 1]
	900935	883090	806927	11	M	4	A		-1	3810.81166111	[1, 1, 1, 0, 1, 1, 1, 1, 1, 1, 1, 1]
	970641	816133	807033	11	M	31	A		-1	3811.05247681	[1, 1, 0, 1, 1, 1, 1, 1, 1, 1, 1, 1]
	895588	855122	828859	11	M	17	A		-1	3811.26325275	[1, 1, 1, 1, 1, 1, 1, 1, 1, 1, 1, 1]
	917873	806538	868552	11	M	82	A		-1	3811.35711585	[1, 1, 1, 1, 1, 1, 1, 0, 1, 1, 1, 1]
	972143	813640	817363	11	M	42	A		-1	3812.77766126	[1, 1, 1, 1, 1, 1, 1, 1, 1, 1, 1, 1]
	969042	856019	697796	11	M	37	A		-1	3812.78522994	[1, 1, 1, 1, 1, 1, 1, 1, 1, 1, 1, 1]
	928197	809553	838488	11	M	68	A		-1	3813.29878123	[1, 1, 1, 1, 1, 1, 1, 1, 1, 1, 1, 1]
	971375	887665	695736	11	M	46	A		-1	3813.43703205	[1, 1, 1, 1, 1, 1, 1, 1, 1, 1, 1, 1]
	974996	816133	871949	11	M	71	A		-1	3815.02494811	[1, 1, 1, 1, 1, 1, 1, 0, 1, 1, 1, 1]
	993055	818058	883327	11	M	61	A		-1	3815.53703513	[1, 1, 1, 1, 1, 1, 1, 1, 1, 1, 1, 1]
	955546	867220	795121	11	M	79	A		-1	3815.56280629	[1, 1, 1, 1, 1, 1, 1, 1, 1, 1, 1, 1]
	919734	826814	841040	11	M	89	A		-1	3816.05418421	[1, 1, 1, 1, 1, 1, 1, 1, 1, 1, 1, 1]
	945967	879227	882828	11	M	42	A		-1	3816.29364111	[1, 1, 1, 1, 1, 1, 1, 1, 1, 1, 1, 1]
	901836	855122	811586	11	M	26	A		-1	3816.92094972	[1, 1, 1, 1, 1, 1, 1, 1, 1, 1, 1, 1]
	962763	834173	774231	11	M	41	A		-1	3817.22268434	[0, 1, 1, 1, 1, 1, 1, 1, 1, 1, 1, 1]
	953484	857354	888205	11	M	0	A		-1	3817.48371832	[1, 1, 1, 1, 1, 1, 1, 1, 1, 1, 1, 1]
	898831	845762	620881	11	M	92	A		-1	3817.51554997	[1, 1, 1, 1, 1, 1, 1, 1, 1, 1, 1, 1]
	943970	831108	837987	11	M	21	A		-1	3818.02588702	[1, 1, 1, 1, 1, 1, 1, 0, 1, 1, 1, 1]
	928221	871526	870018	11	M	23	A		-1	3818.15394935	[1, 1, 1, 1, 1, 1, 1, 1, 1, 1, 1, 1]
	896598	833285	841765	11	M	28	A		-1	3818.6503375	[1, 1, 1, 1, 1, 1, 1, 0, 1, 1, 1, 1]
	944940	818058	799513	11	M	23	A		-1	3818.75766539	[1, 1, 1, 0, 1, 1, 1, 1, 1, 1, 1, 1]
	913205	830520	830259	11	M	69	A		-1	3819.25797152	[1, 1, 1, 1, 1, 1, 1, 1, 1, 1, 1, 1]
	904310	818058	796774	11	M	19	A		-1	3819.36019566	[1, 0, 1, 1, 1, 1, 1, 0, 1, 1, 1, 1]
	945012	812835	805585	11	M	79	A		-1	3819.42398082	[1, 1, 1, 1, 1, 1, 1, 1, 1, 1, 1, 1]
	966596	883090	806759	11	M	78	A		-1	3820.64714816	[1, 1, 1, 1, 1, 1, 1, 1, 1, 1, 1, 1]
	905029	830166	830206	11	M	55	A		-1	3821.60560192	[1, 1, 1, 1, 1, 1, 1, 1, 1, 1, 1, 1]
	969764	819176	859041	11	M	32	A		-1	3821.84606662	[1, 1, 0, 1, 1, 1, 1, 1, 1, 1, 1, 1]
	907220	811294	816228	11	M	21	A		-1	3823.41144791	[1, 1, 1, 1, 1, 1, 1, 1, 1, 1, 1, 1]
	951027	892338	847752	11	M	76	A		-1	3823.79308769	[1, 1, 1, 1, 1, 1, 1, 1, 1, 1, 1, 1]
	883090	748479	709177	10	M	82	A		-1	3824.78976631	[1, 1, 1, 0, 1, 1, 1, 1, 1, 1, 1, 1]
	981500	892426	780801	11	M	70	A		-1	3824.85692807	[1, 1, 1, 1, 1, 1, 1, 1, 1, 1, 1, 1]
	916522	856910	831570	11	M	88	A		-1	3825.9512206	[1, 1, 1, 1, 1, 1, 1, 1, 1, 1, 1, 1]
	962174	862565	826285	11	M	41	A		-1	3826.02421066	[1, 1, 1, 1, 1, 1, 1, 1, 1, 1, 1, 1]
	912645	826814	705008	11	M	18	A		-1	3826.68014079	[1, 1, 1, 1, 1, 1, 1, 1, 1, 1, 1, 1]
	974221	814608	864853	11	M	51	A		-1	3826.77857569	[1, 1, 1, 1, 1, 1, 1, 1, 1, 1, 1, 1]
	968342	856019	740194	11	M	5	A		-1	3827.19426997	[1, 1, 1, 1, 1, 1, 1, 1, 1, 1, 1, 1]
	934759	821733	879435	11	M	16	A		-1	3828.11204378	[1, 1, 1, 1, 1, 1, 1, 1, 1, 1, 1, 1]
	904851	883090	820314	11	M	52	A		-1	3828.17189295	[1, 1, 1, 1, 1, 1, 1, 1, 1, 1, 1, 1]
	965035	892338	825072	11	M	12	A		-1	3828.21643891	[1, 1, 1, 1, 1, 1, 1, 1, 1, 1, 1, 1]
	844604	787992	720914	10	M	62	A		-1	3828.33438066	[1, 1, 1, 1, 1, 1, 1, 1, 1, 1, 1, 1]
	911934	812835	814389	11	M	100	A		-1	3828.65153288	[1, 1, 1, 1, 1, 1, 1, 1, 1, 1, 1, 1]
	918386	856910	854511	11	M	83	A		-1	3828.88444713	[1, 1, 1, 1, 1, 1, 1, 1, 1, 1, 1, 1]
	963228	874831	815660	11	M	33	A		-1	3828.99408184	[1, 1, 1, 1, 1, 1, 1, 1, 1, 1, 1, 1]
	904509	809553	838187	11	M	76	A		-1	3829.56322547	[1, 1, 1, 1, 1, 1, 1, 1, 1, 1, 1, 1]
	956002	806538	867871	11	M	79	A		-1	3829.5749396	[1, 1, 1, 1, 1, 1, 1, 1, 1, 1, 1, 1]
	903029	856019	848426	11	M	94	A		-1	3829.90468143	[1, 1, 1, 1, 1, 1, 1, 1, 1, 1, 1, 1]
	900320	860368	850752	11	M	60	A		-1	3830.29260781	[1, 1, 1, 1, 1, 1, 1, 1, 1, 1, 1, 1]
	895427	844604	744618	11	M	66	A		-1	3830.37254138	[1, 1, 1, 1, 1, 1, 1, 1, 1, 1, 1, 0]
	896723	809553	874632	11	M	12	A		-1	3830.74104346	[1, 1, 1, 1, 1, 1, 1, 1, 1, 1, 1, 1]
	931810	884055	875521	11	M	60	A		-1	3832.32685134	[1, 1, 1, 1, 1, 1, 1, 1, 1, 1, 1, 1]
	959006	805893	869992	11	M	64	A		-1	3833.11693579	[1, 1, 1, 1, 1, 1, 1, 1, 1, 1, 1, 1]
	941771	840759	808753	11	M	55	A		-1	3833.40384076	[1, 1, 0, 1, 1, 1, 1, 1, 1, 1, 1, 1]
	951311	856019	798123	11	M	30	A		-1	3833.71092247	[1, 1, 1, 1, 1, 1, 1, 1, 1, 1, 1, 1]
	987432	871526	892553	11	M	62	A		-1	3834.15418792	[1, 1, 1, 1, 1, 1, 1, 1, 1, 1, 1, 1]
	984929	867220	680014	11	M	14	A		-1	3834.43772531	[1, 1, 1, 1, 1, 1, 1, 1, 1, 1, 1, 1]
	981883	879227	822613	11	M	15	A		-1	3836.50469608	[1, 1, 1, 1, 1, 1, 1, 1, 1, 1, 1, 1]
	910420	844604	806195	11	M	37	A		-1	3836.88423165	[1, 1, 1, 1, 1, 1, 1, 1, 1, 1, 1, 1]
	944428	887550	886158	11	M	51	A		-1	3838.04839298	[1, 1, 1, 1, 1, 1, 1, 1, 1, 1, 1, 1]
	900646	819176	829862	11	M	57	A		-1	3838.19988267	[1, 1, 0, 1, 1, 1, 1, 1, 1, 1, 1, 1]
	903817	856910	819171	11	M	97	A		-1	3839.57805383	[1, 1, 1, 1, 1, 1, 1, 1, 1, 1, 1, 1]
	992845	884268	853651	11	M	9	A		-1	3839.84681867	[1, 1, 1, 1, 1, 1, 1, 1, 1, 1, 1, 1]
	901823	830520	866167	11	M	36	A		-1	3840.01974071	[1, 1, 1, 1, 1, 1, 1, 1, 1, 1, 1, 1]
	925101	821733	871051	11	M	33	A		-1	3841.61222567	[1, 1, 1, 1, 1, 1, 1, 1, 1, 1, 1, 1]
	940973	887665	820429	11	M	11	A		-1	3842.3254412	[1, 1, 1, 1, 1, 1, 1, 1, 1, 1, 1, 1]
	953873	892338	827225	11	M	87	A		-1	3842.73718569	[1, 1, 1, 1, 1, 1, 1, 1, 1, 1, 1, 1]
	921032	830520	838716	11	M	88	A		-1	3843.0912508	[1, 1, 1, 1, 1, 1, 1, 1, 1, 1, 1, 1]
	901892	887665	759249	11	M	58	A		-1	3844.02652457	[1, 1, 1, 1, 1, 1, 1, 1, 1, 1, 1, 1]
	900576	865616	883389	11	M	1	A		-1	3844.24690062	[1, 1, 1, 1, 1, 1, 1, 1, 1, 1, 1, 1]
	899977	845762	867836	11	M	8	A		-1	3845.07605852	[1, 1, 1, 1, 1, 1, 1, 1, 1, 1, 1, 1]
	953706	830412	732515	11	M	67	A		-1	3847.76744714	[1, 1, 1, 1, 1, 1, 1, 1, 1, 1, 1, 0]
	988384	830520	798563	11	M	8	A		-1	3847.98312899	[1, 1, 1, 0, 1, 1, 1, 1, 1, 1, 1, 1]
	914711	857693	819605	11	M	7	A		-1	3848.21205651	[1, 1, 1, 1, 1, 1, 1, 1, 1, 1, 1, 1]
	954403	890948	838576	11	M	47	A		-1	3848.65691784	[1, 1, 1, 0, 1, 1, 1, 1, 1, 1, 1, 1]
	933304	830520	885827	11	M	58	A		-1	3849.10861638	[1, 1, 1, 1, 1, 1, 1, 1, 1, 1, 1, 1]
	907349	860368	886648	11	M	56	A		-1	3850.45840162	[1, 1, 1, 1, 1, 1, 1, 1, 1, 1, 1, 1]
	947325	892338	799031	11	M	73	A		-1	3850.75276807	[1, 1, 1, 1, 1, 1, 1, 1, 1, 1, 1, 1]
	897063	887550	817419	11	M	37	A		-1	3851.00419639	[1, 1, 1, 1, 1, 1, 1, 1, 1, 1, 1, 1]
	922107	857693	825527	11	M	24	A		-1	3853.55120012	[1, 1, 1, 1, 1, 1, 1, 1, 1, 1, 1, 1]
	867220	755848	782739	10	M	58	A		-1	3854.65747243	[1, 1, 1, 1, 1, 1, 1, 1, 1, 1, 1, 1]
	950832	805893	889892	11	M	29	A		-1	3854.69797138	[1, 0, 1, 1, 1, 1, 1, 1, 1, 1, 1, 1]
	935837	857354	794037	11	M	54	A		-1	3855.22870268	[1, 1, 1, 1, 1, 1, 1, 1, 1, 1, 1, 1]
	905105	856910	811338	11	M	34	A		-1	3855.55716281	[1, 1, 1, 1, 1, 1, 1, 1, 1, 1, 1, 1]
	993334	857354	813540	11	M	14	A		-1	3855.73603503	[1, 1, 1, 1, 1, 1, 1, 1, 1, 1, 1, 1]
	913790	833817	870547	11	M	70	A		-1	3855.84930108	[1, 1, 1, 1, 1, 1, 1, 1, 1, 1, 1, 1]
	909757	884268	838383	11	M	86	A		-1	3856.12498219	[1, 1, 1, 1, 1, 1, 1, 0, 1, 1, 1, 1]
	932451	867220	822409	11	M	76	A		-1	3856.90330314	[1, 1, 0, 1, 1, 1, 1, 1, 1, 1, 1, 1]
	938456	865616	883469	11	M	82	A		-1	3857.33892242	[1, 1, 1, 1, 1, 1, 1, 1, 1, 1, 1, 1]
	959465	856019	891571	11	M	3	A		-1	3858.27457594	[1, 1, 1, 1, 1, 1, 1, 1, 1, 1, 1, 1]
	971964	874831	884873	11	M	99	A		-1	3858.53461962	[1, 1, 1, 1, 1, 1, 1, 1, 1, 1, 1, 1]
	956186	890948	883463	11	M	62	A		-1	3860.0665449	[1, 1, 1, 1, 1, 1, 0, 1, 1, 1, 1, 1]
	949732	834173	753541	11	M	97	A		-1	3860.32230085	[1, 1, 1, 1, 1, 1, 1, 1, 1, 1, 1, 0]
	951056	833285	859672	11	M	32	A		-1	3861.18476286	[1, 1, 1, 1, 1, 1, 1, 1, 1, 1, 1, 1]
	900771	833285	867609	11	M	20	A		-1	3861.67807591	[1, 1, 1, 1, 1, 1, 1, 1, 1, 1, 1, 1]
	979497	871526	840877	11	M	7	A		-1	3864.17061152	[1, 1, 1, 1, 1, 1, 1, 1, 1, 1, 1, 1]
	945128	818058	869101	11	M	23	A		-1	3864.39013033	[1, 1, 1, 1, 1, 1, 1, 1, 1, 1, 1, 1]
	942824	818058	846601	11	M	67	A		-1	3864.81649973	[1, 1, 1, 1, 1, 1, 1, 1, 1, 1, 1, 1]
	954675	826038	852361	11	M	49	A		-1	3866.82839447	[1, 1, 1, 1, 1, 1, 1, 1, 1, 1, 1, 1]
	907649	887665	798996	11	M	38	A		-1	3867.5891861	[1, 1, 1, 1, 1, 1, 1, 1, 1, 1, 1, 1]
	976164	814608	822875	11	M	17	A		-1	3867.75889994	[1, 1, 1, 1, 1, 1, 1, 1, 1, 1, 1, 1]
	977813	830166	850185	11	M	79	A		-1	3868.28533181	[1, 1, 1, 1, 1, 1, 1, 1, 1, 1, 1, 1]
	966844	812835	707313	11	M	99	A		-1	3868.55513033	[1, 1, 1, 1, 1, 1, 1, 1, 1, 1, 1, 1]
	974105	833817	823264	11	M	78	A		-1	3868.70528769	[1, 1, 1, 1, 1, 1, 1, 1, 1, 1, 1, 1]
	962691	805893	869514	11	M	29	A		-1	3868.74441684	[1, 1, 1, 1, 1, 1, 1, 1, 1, 1, 1, 1]
	908325	830520	854841	11	M	81	A		-1	3868.81857822	[1, 1, 1, 1, 1, 1, 1, 1, 1, 1, 1, 1]
	980149	890948	799400	11	M	11	A		-1	3869.38717903	[0, 1, 0, 1, 1, 1, 1, 1, 1, 1, 1, 1]
	953128	818058	890253	11	M	29	A		-1	3869.42065068	[1, 1, 1, 1, 1, 1, 1, 1, 1, 1, 1, 1]
	925514	821733	893040	11	M	80	A		-1	3869.4954372	[1, 1, 1, 1, 1, 1, 1, 1, 1, 1, 1, 1]
	933731	887665	804090	11	M	78	A		-1	3872.08083626	[1, 1, 1, 1, 1, 1, 1, 1, 1, 1, 1, 1]
	955361	806538	723585	11	M	93	A		-1	3872.53259673	[1, 1, 1, 1, 1, 1, 1, 0, 1, 1, 1, 1]
	938552	879227	827227	11	M	90	A		-1	3872.81870214	[1, 1, 1, 1, 1, 1, 1, 1, 1, 1, 1, 1]
	971873	826038	804138	11	M	39	A		-1	3875.21826552	[1, 1, 1, 1, 1, 1, 1, 1, 1, 1, 1, 1]
	972573	833817	856079	11	M	49	A		-1	3875.29579424	[1, 1, 1, 1, 1, 1, 1, 1, 1, 1, 1, 1]
	969613	887665	826564	11	M	32	A		-1	3878.56853802	[1, 1, 1, 1, 1, 1, 1, 1, 1, 1, 1, 1]
	932996	879227	888323	11	M	66	A		-1	3880.17244618	[1, 1, 1, 1, 1, 1, 1, 1, 1, 1, 1, 1]
	924906	805893	832290	11	M	47	A		-1	3881.74167992	[1, 1, 1, 1, 1, 1, 1, 1, 1, 1, 1, 1]
	936998	819176	839065	11	M	83	A		-1	3881.75628016	[1, 1, 1, 1, 1, 1, 1, 1, 1, 1, 1, 1]
	992522	814608	885241	11	M	46	A		-1	3882.5858408	[1, 1, 1, 1, 1, 1, 1, 1, 1, 1, 1, 1]
	921668	813640	803410	11	M	30	A		-1	3882.76969408	[1, 1, 1, 1, 1, 1, 1, 1, 1, 1, 1, 1]
	951937	855122	884786	11	M	55	A		-1	3882.91334832	[1, 1, 1, 1, 1, 1, 1, 1, 1, 1, 1, 1]
	904475	830520	866758	11	M	89	A		-1	3883.77202916	[1, 1, 1, 1, 1, 1, 1, 1, 1, 1, 1, 1]
	901586	857354	807437	11	M	100	A		-1	3886.25438313	[1, 1, 1, 1, 1, 1, 1, 1, 1, 1, 1, 1]
	916741	884268	856589	11	M	42	A		-1	3887.8600666	[1, 1, 1, 1, 1, 1, 1, 0, 1, 1, 1, 1]
	962438	883090	734141	11	M	31	A		-1	3889.56924975	[1, 1, 1, 0, 1, 1, 1, 1, 1, 1, 1, 1]
	896451	830520	796804	11	M	60	A		-1	3889.66099677	[1, 1, 1, 1, 1, 1, 1, 1, 1, 1, 1, 1]
	957604	844604	881529	11	M	98	A		-1	3890.4242677	[1, 1, 1, 1, 1, 1, 1, 1, 1, 1, 1, 1]
	977365	873227	801814	11	M	22	A		-1	3890.69825406	[1, 1, 1, 1, 1, 1, 1, 1, 1, 1, 1, 1]
	920083	883090	826218	11	M	20	A		-1	3891.19516928	[1, 1, 1, 0, 1, 1, 1, 1, 1, 1, 1, 1]
	940460	860368	861223	11	M	15	A		-1	3891.20079087	[1, 1, 1, 1, 1, 1, 1, 1, 1, 1, 1, 1]
	940209	887665	879425	11	M	89	A		-1	3893.2897102	[1, 1, 1, 1, 1, 1, 1, 1, 1, 1, 1, 1]
	941358	845762	848622	11	M	19	A		-1	3893.34085091	[1, 1, 1, 1, 1, 1, 1, 1, 1, 1, 1, 1]
	983475	805893	698907	11	M	12	A		-1	3893.99305997	[1, 1, 1, 1, 1, 1, 1, 1, 1, 1, 1, 1]
	896952	831108	846172	11	M	36	A		-1	3895.13904222	[1, 1, 1, 1, 1, 1, 1, 1, 1, 1, 1, 1]
	971666	821733	762328	11	M	73	A		-1	3895.53266942	[1, 1, 1, 1, 1, 1, 1, 1, 1, 1, 1, 1]
	896720	867220	892739	11	M	36	A		-1	3899.07600987	[0, 1, 1, 1, 1, 1, 1, 1, 1, 1, 1, 1]
	968671	805893	827266	11	M	53	A		-1	3901.56194826	[1, 1, 1, 1, 1, 1, 1, 1, 1, 1, 1, 1]
	989887	830520	794920	11	M	31	A		-1	3902.5079148	[1, 1, 1, 1, 1, 1, 1, 1, 1, 1, 1, 1]
	897182	844604	884905	11	M	45	A		-1	3903.11640528	[1, 1, 1, 1, 1, 1, 1, 1, 1, 1, 1, 1]
	937118	816133	805857	11	M	8	A		-1	3903.2539305	[1, 1, 1, 1, 1, 1, 1, 1, 1, 1, 1, 1]
	956690	865000	822766	11	M	28	A		-1	3904.45450553	[0, 1, 1, 1, 1, 1, 1, 1, 1, 1, 1, 1]
	993344	827943	850199	11	M	30	A		-1	3904.66909254	[1, 1, 1, 1, 1, 1, 1, 1, 1, 1, 1, 1]
	939692	813640	757540	11	M	7	A		-1	3906.65430034	[1, 1, 1, 1, 1, 1, 1, 1, 1, 1, 1, 1]
	934154	845762	890631	11	M	26	A		-1	3909.2181478	[1, 1, 1, 1, 1, 1, 1, 1, 1, 1, 1, 1]
	920390	830520	819307	11	M	18	A		-1	3909.6255397	[1, 1, 1, 1, 1, 1, 1, 1, 1, 1, 1, 1]
	956339	855122	823718	11	M	10	A		-1	3911.45523048	[1, 1, 1, 1, 1, 1, 1, 1, 1, 1, 1, 1]
	927446	818058	727530	11	M	18	A		-1	3912.65739292	[1, 1, 1, 1, 1, 1, 1, 1, 1, 1, 1, 1]
	967590	887665	754651	11	M	89	A		-1	3913.16320966	[1, 1, 1, 1, 1, 1, 1, 1, 1, 1, 1, 1]
	893870	862565	830781	11	M	61	A		-1	3914.25912098	[1, 1, 1, 1, 1, 0, 1, 1, 1, 1, 1, 1]
	932965	827943	879969	11	M	10	A		-1	3914.7879797	[1, 1, 1, 1, 1, 1, 1, 1, 1, 1, 1, 1]
	912674	845762	872886	11	M	3	A		-1	3916.50934911	[1, 1, 1, 1, 1, 1, 1, 1, 1, 1, 1, 1]
	939079	821733	833898	11	M	18	A		-1	3916.60415673	[1, 1, 1, 1, 1, 1, 1, 1, 1, 1, 1, 1]
	930378	833817	813943	11	M	55	A		-1	3918.27919604	[1, 1, 1, 1, 1, 1, 1, 1, 1, 1, 1, 1]
	942023	812835	862155	11	M	87	A		-1	3918.52763244	[1, 1, 1, 1, 1, 1, 1, 1, 1, 1, 1, 1]
	915271	884055	836665	11	M	54	A		-1	3919.91052088	[1, 1, 1, 1, 1, 1, 1, 1, 1, 1, 1, 1]
	942263	865616	868049	11	M	49	A		-1	3922.80302662	[1, 1, 1, 1, 1, 1, 1, 1, 1, 1, 1, 1]
	856019	754181	746853	10	M	23	A		-1	3924.35652404	[1, 1, 1, 1, 1, 1, 1, 1, 1, 1, 1, 1]
	940631	860368	825611	11	M	46	A		-1	3924.97413292	[1, 1, 1, 1, 1, 1, 1, 1, 1, 1, 1, 1]
	919422	826814	818066	11	M	17	A		-1	3925.77862067	[1, 1, 1, 1, 1, 1, 1, 0, 1, 1, 1, 1]
	954573	884268	823976	11	M	96	A		-1	3926.20486155	[1, 1, 1, 1, 1, 1, 1, 1, 1, 1, 1, 1]
	986687	845762	830327	11	M	97	A		-1	3927.59094922	[1, 1, 1, 1, 1, 1, 1, 1, 1, 1, 1, 1]
	932186	883090	853144	11	M	10	A		-1	3927.66473341	[1, 1, 1, 0, 1, 1, 1, 1, 1, 1, 1, 1]
	977788	812835	794476	11	M	11	A		-1	3932.02111857	[1, 1, 1, 1, 1, 1, 1, 1, 1, 1, 1, 1]
	913922	884268	886347	11	M	97	A		-1	3932.0918191	[1, 1, 1, 1, 1, 1, 1, 1, 1, 1, 1, 1]
	887665	693789	600749	10	M	65	A		-1	3934.70670166	[1, 1, 1, 1, 1, 1, 1, 1, 1, 1, 1, 1]
	915178	883090	881022	11	M	93	A		-1	3939.53009676	[1, 1, 1, 1, 1, 1, 1, 1, 1, 1, 1, 1]
	913290	857693	825496	11	M	85	A		-1	3944.17911593	[1, 1, 1, 1, 1, 1, 1, 1, 1, 1, 1, 1]
	953529	855122	858997	11	M	2	A		-1	3945.24911717	[1, 1, 1, 1, 1, 1, 1, 1, 1, 1, 1, 1]
	961721	813640	785611	11	M	4	A		-1	3946.52760346	[1, 1, 1, 1, 1, 1, 1, 1, 1, 1, 1, 1]
	924746	890948	809828	11	M	34	A		-1	3949.88522979	[1, 1, 1, 1, 1, 1, 1, 1, 1, 1, 1, 0]
	985040	865000	869388	11	M	23	A		-1	3950.27543314	[0, 1, 1, 1, 1, 1, 1, 1, 1, 1, 1, 1]
	908237	856910	893133	11	M	8	A		-1	3952.58929571	[1, 1, 1, 1, 1, 1, 1, 1, 1, 1, 1, 1]
	912705	805893	885822	11	M	26	A		-1	3959.18711825	[1, 0, 1, 1, 1, 1, 1, 1, 1, 1, 1, 1]
	990740	819176	618124	11	M	77	A		-1	3962.37535276	[1, 1, 1, 1, 1, 1, 1, 1, 1, 1, 1, 1]
	967517	867220	814402	11	M	17	A		-1	3965.31221856	[1, 1, 1, 1, 1, 1, 1, 1, 1, 1, 1, 1]
	912288	806538	809452	11	M	49	A		-1	3967.7394369	[1, 1, 1, 1, 1, 1, 1, 0, 1, 1, 1, 1]
	971953	884268	844825	11	M	42	A		-1	3968.840925	[1, 1, 1, 1, 1, 1, 1, 0, 1, 1, 1, 1]
	969729	883090	819561	11	M	93	A		-1	3969.56769545	[1, 1, 1, 0, 1, 1, 1, 1, 1, 1, 1, 1]
	963545	856019	863552	11	M	31	A		-1	3970.77881372	[1, 1, 1, 1, 1, 1, 1, 1, 1, 1, 1, 1]
	975999	856019	837824	11	M	74	A		-1	3971.26608145	[1, 1, 1, 1, 1, 1, 1, 1, 1, 1, 1, 1]
	958844	856019	862753	11	M	14	A		-1	3973.59912407	[1, 1, 1, 1, 1, 1, 1, 1, 1, 1, 1, 1]
	971841	844604	811921	11	M	84	A		-1	3975.73620991	[1, 1, 1, 1, 1, 1, 1, 1, 1, 1, 1, 1]
	922897	873227	817497	11	M	47	A		-1	3976.63009701	[1, 1, 0, 1, 1, 1, 1, 1, 1, 1, 1, 1]
	981717	834173	828499	11	M	60	A		-1	3982.57459521	[0, 1, 1, 1, 1, 1, 1, 1, 1, 1, 1, 1]
	977518	860368	810628	11	M	47	A		-1	3985.05506058	[1, 1, 1, 1, 1, 1, 1, 1, 1, 1, 1, 1]
	939920	833817	745216	11	M	36	A		-1	3997.78200453	[1, 1, 1, 0, 1, 1, 1, 0, 1, 1, 1, 1]
	944415	844604	803435	11	M	42	A		-1	3998.88497666	[1, 1, 1, 1, 1, 1, 1, 1, 1, 1, 1, 1]
	932786	887665	802007	11	M	44	A		-1	3999.03531624	[1, 1, 1, 1, 1, 1, 1, 1, 1, 1, 1, 1]
	931935	834173	892396	11	M	84	A		-1	4001.66192223	[0, 1, 1, 1, 1, 1, 1, 1, 1, 1, 1, 1]
	898352	855122	827956	11	M	60	A		-1	4004.87073279	[1, 1, 1, 1, 1, 1, 1, 1, 1, 1, 1, 1]
	992332	826814	853061	11	M	25	A		-1	4013.80597641	[1, 1, 1, 1, 1, 1, 1, 1, 1, 1, 1, 1]
	906132	844604	843452	11	M	24	A		-1	4015.11730008	[1, 1, 1, 1, 0, 1, 1, 1, 1, 1, 1, 1]
	927149	856019	833755	11	M	63	A		-1	4017.28849162	[1, 1, 0, 1, 1, 1, 1, 1, 1, 1, 1, 1]
	913995	840759	820110	11	M	71	A		-1	4024.64621928	[1, 1, 0, 1, 1, 1, 1, 1, 1, 1, 1, 1]
	942316	884268	874413	11	M	30	A		-1	4030.29795683	[1, 1, 1, 1, 1, 1, 1, 1, 1, 1, 1, 1]
	902217	821733	723455	11	M	62	A		-1	4032.72066295	[1, 1, 1, 1, 1, 1, 1, 1, 1, 1, 1, 1]
	909738	884268	848943	11	M	52	A		-1	4034.12665383	[1, 1, 1, 1, 1, 1, 1, 1, 1, 1, 1, 1]
	911896	873227	833793	11	M	36	A		-1	4037.35053197	[1, 1, 1, 1, 1, 1, 1, 1, 1, 1, 1, 1]
	954181	844604	796151	11	M	9	A		-1	4038.00534921	[1, 1, 1, 1, 1, 1, 1, 0, 1, 1, 1, 1]
	911059	857354	804283	11	M	47	A		-1	4049.16893285	[0, 1, 1, 1, 1, 1, 1, 1, 1, 1, 1, 1]
	954904	844604	821616	11	M	48	A		-1	4052.24235872	[1, 1, 1, 1, 1, 1, 1, 1, 1, 1, 1, 1]
	960001	856910	798942	11	M	34	A		-1	4052.4209733	[1, 1, 1, 1, 1, 1, 1, 1, 1, 1, 1, 1]
	933595	830520	806508	11	M	87	A		-1	4068.14341552	[1, 1, 1, 1, 1, 1, 1, 1, 1, 1, 1, 1]
	911473	884268	839737	11	M	6	A		-1	4104.60565922	[1, 1, 1, 0, 1, 1, 1, 1, 1, 1, 1, 1]
	928739	827943	873516	11	M	90	A		-1	4123.15799712	[1, 1, 1, 1, 1, 1, 1, 1, 1, 1, 1, 1]
	956961	867220	873423	11	M	88	A		-1	4123.27850143	[1, 1, 1, 1, 1, 1, 1, 1, 1, 1, 1, 1]
	990177	865616	821865	11	M	98	A		-1	4163.63015722	[1, 1, 1, 1, 1, 1, 1, 1, 1, 1, 1, 1]
	950538	867220	893071	11	M	18	A		-1	4236.65333511	[1, 1, 1, 0, 1, 1, 1, 1, 1, 1, 1, 1]
