animal	sire	dam	born	sex	herd	status	cause	died	TBV	recessives
	193552	83714	74138	3	M	69	A		-1	1384.38936335	[1, 1, 1, 1, 1, 1, 1, 1, 1, 1, 1, 1]
	179570	102260	112971	3	M	32	A		-1	1384.64831026	[1, 1, 1, 1, 1, 1, 1, 1, 1, 1, 1, 0]
	155898	97822	84323	3	M	17	A		-1	1384.7244861	[1, 1, 1, 1, 1, 1, 1, 1, 1, 1, 1, 1]
	83714	46003	60078	2	M	45	A		-1	1384.86096128	[1, 1, 1, 1, 1, 1, 1, 1, 1, 1, 1, 0]
	191148	113302	108751	3	M	55	A		-1	1385.01305749	[1, 1, 1, 1, 1, 1, 1, 0, 1, 1, 1, 1]
	129153	75406	43584	3	M	92	A		-1	1385.13480536	[1, 1, 1, 1, 1, 1, 1, 1, 1, 1, 1, 1]
	148094	102260	71251	3	M	70	A		-1	1385.41896615	[1, 1, 1, 1, 1, 0, 1, 1, 1, 1, 1, 1]
	138514	101977	110913	3	M	57	A		-1	1385.42640163	[1, 1, 1, 0, 1, 1, 1, 1, 1, 1, 1, 1]
	184317	108475	37287	3	M	79	A		-1	1385.70179173	[1, 1, 1, 1, 1, 1, 1, 1, 1, 1, 1, 1]
	185680	77997	70642	3	M	99	A		-1	1385.70183939	[1, 1, 1, 1, 1, 1, 1, 1, 1, 1, 0, 1]
	188803	79443	93127	3	M	4	A		-1	1385.81236498	[1, 0, 1, 1, 1, 1, 1, 1, 1, 1, 1, 1]
	155719	112750	42141	3	M	99	A		-1	1385.83475796	[1, 1, 1, 1, 1, 1, 1, 1, 1, 1, 1, 1]
	124394	114756	118386	3	M	38	A		-1	1386.24518281	[1, 1, 1, 1, 1, 1, 1, 0, 1, 1, 1, 1]
	132127	83714	11628	3	M	89	A		-1	1386.28177428	[1, 1, 1, 1, 1, 1, 1, 1, 1, 1, 1, 0]
	169987	105940	88492	3	M	58	A		-1	1386.35209271	[1, 1, 1, 1, 1, 1, 1, 1, 1, 1, 1, 1]
	153055	118605	47247	3	M	22	A		-1	1386.59792148	[1, 1, 1, 1, 1, 1, 1, 1, 1, 1, 1, 1]
	174079	85431	92688	3	M	100	A		-1	1386.75922946	[1, 1, 1, 1, 1, 1, 1, 1, 1, 1, 1, 1]
	150079	111611	111944	3	M	42	A		-1	1386.96292243	[1, 1, 1, 1, 1, 1, 1, 1, 1, 1, 1, 1]
	134191	100895	93327	3	M	51	A		-1	1387.15251563	[1, 0, 1, 1, 1, 1, 1, 1, 1, 1, 1, 0]
	166287	118605	74271	3	M	79	A		-1	1387.38036367	[1, 1, 1, 1, 0, 1, 1, 1, 1, 1, 1, 1]
	164852	97822	35886	3	M	81	A		-1	1387.41905127	[1, 1, 1, 1, 1, 0, 0, 1, 1, 1, 1, 0]
	134252	114186	84071	3	M	52	A		-1	1387.56955676	[1, 1, 1, 1, 1, 1, 1, 1, 1, 1, 1, 1]
	189193	105940	96606	3	M	55	A		-1	1387.77846857	[1, 1, 1, 1, 1, 1, 1, 0, 1, 1, 1, 1]
	181224	106571	109661	3	M	71	A		-1	1387.77892575	[1, 1, 1, 1, 1, 1, 1, 1, 1, 1, 1, 1]
	132818	90566	71092	3	M	30	A		-1	1387.91123874	[1, 1, 1, 1, 1, 1, 1, 1, 1, 1, 1, 1]
	190853	114186	38057	3	M	53	A		-1	1388.06715186	[1, 1, 1, 1, 1, 1, 1, 0, 1, 1, 1, 1]
	142399	102260	84883	3	M	81	A		-1	1388.08103415	[1, 1, 1, 1, 1, 1, 1, 1, 1, 1, 1, 0]
	193233	87738	81939	3	M	60	A		-1	1388.39511677	[1, 1, 1, 1, 1, 1, 1, 1, 1, 1, 1, 1]
	190503	100895	97899	3	M	0	A		-1	1389.15036134	[1, 0, 1, 1, 1, 1, 1, 1, 1, 1, 1, 1]
	128023	79443	45108	3	M	20	A		-1	1389.26492454	[1, 1, 1, 1, 1, 1, 1, 1, 1, 1, 1, 1]
	173099	87738	74226	3	M	43	A		-1	1389.33259402	[1, 1, 1, 1, 1, 1, 1, 1, 1, 1, 1, 1]
	126751	96369	32777	3	M	33	A		-1	1389.38173658	[1, 1, 1, 1, 1, 1, 1, 1, 1, 1, 1, 1]
	193731	111611	76648	3	M	27	A		-1	1389.68642444	[1, 1, 1, 1, 1, 1, 1, 1, 1, 1, 1, 0]
	150056	79443	99720	3	M	33	A		-1	1389.80911612	[1, 1, 1, 1, 1, 1, 1, 1, 1, 1, 1, 1]
	144693	105940	112629	3	M	54	A		-1	1389.85755513	[1, 1, 1, 1, 1, 1, 1, 1, 1, 1, 1, 1]
	138710	105940	100646	3	M	46	A		-1	1390.11961993	[1, 1, 1, 1, 1, 1, 1, 1, 1, 1, 1, 1]
	169564	112750	37043	3	M	29	A		-1	1390.53622711	[1, 1, 1, 1, 1, 1, 1, 1, 1, 1, 1, 1]
	170580	71692	119778	3	M	62	A		-1	1390.62320553	[1, 1, 1, 1, 1, 1, 1, 1, 1, 1, 1, 1]
	182002	120766	109813	3	M	82	A		-1	1390.94408301	[1, 1, 1, 1, 1, 1, 1, 1, 1, 1, 1, 1]
	169429	73615	56948	3	M	68	A		-1	1391.25500177	[1, 1, 1, 1, 1, 1, 1, 1, 1, 1, 1, 0]
	146959	79443	114614	3	M	36	A		-1	1391.60898342	[1, 1, 1, 1, 1, 1, 1, 1, 1, 1, 1, 1]
	180009	78956	85661	3	M	44	A		-1	1391.62902133	[1, 1, 1, 1, 1, 1, 1, 1, 1, 1, 1, 1]
	171160	71692	103726	3	M	42	A		-1	1391.66706683	[1, 1, 1, 1, 1, 1, 1, 1, 1, 1, 1, 1]
	176202	102865	101433	3	M	79	A		-1	1391.93383169	[1, 1, 1, 1, 1, 1, 1, 1, 1, 1, 1, 1]
	130875	73615	45362	3	M	12	A		-1	1391.94376048	[1, 1, 1, 1, 1, 1, 1, 1, 1, 1, 1, 1]
	156817	73615	63238	3	M	7	A		-1	1391.98039432	[1, 1, 1, 1, 1, 1, 1, 1, 1, 1, 1, 1]
	184318	97822	76490	3	M	72	A		-1	1392.02382682	[1, 1, 1, 1, 1, 1, 1, 1, 1, 1, 1, 0]
	158066	85431	42893	3	M	1	A		-1	1392.19930697	[1, 1, 1, 1, 1, 1, 1, 1, 1, 1, 1, 1]
	143245	96369	121078	3	M	94	A		-1	1392.25957833	[1, 1, 1, 1, 1, 1, 1, 1, 1, 1, 1, 1]
	154410	78956	118294	3	M	2	A		-1	1392.33274211	[1, 1, 1, 1, 1, 1, 1, 1, 1, 1, 1, 1]
	165138	78956	77909	3	M	53	A		-1	1392.56127263	[1, 1, 1, 1, 1, 1, 1, 1, 1, 1, 1, 1]
	185929	101977	45574	3	M	67	A		-1	1393.02742547	[1, 1, 1, 0, 1, 0, 1, 1, 1, 1, 1, 1]
	148402	80703	84393	3	M	54	A		-1	1393.1352546	[1, 1, 1, 1, 1, 1, 1, 1, 1, 1, 1, 1]
	142971	90710	101350	3	M	16	A		-1	1393.43546868	[1, 1, 1, 1, 1, 1, 1, 1, 1, 1, 1, 1]
	148676	105793	95116	3	M	21	A		-1	1393.47041074	[1, 1, 1, 1, 1, 1, 1, 1, 1, 1, 1, 1]
	191369	115527	76921	3	M	17	A		-1	1394.09808593	[1, 1, 1, 1, 1, 1, 1, 1, 1, 1, 1, 1]
	140775	121878	106119	3	M	36	A		-1	1394.13248054	[1, 1, 1, 1, 1, 1, 1, 1, 1, 1, 1, 1]
	174651	117726	103405	3	M	42	A		-1	1394.16845762	[1, 1, 1, 1, 1, 0, 1, 1, 1, 1, 1, 1]
	140749	106571	90774	3	M	81	A		-1	1394.33534507	[1, 1, 1, 0, 1, 1, 1, 1, 1, 1, 1, 1]
	112976	60423	67727	2	M	53	A		-1	1394.41070875	[1, 1, 1, 1, 1, 1, 1, 0, 1, 1, 1, 1]
	139712	93537	101299	3	M	5	A		-1	1394.91481916	[1, 1, 1, 1, 1, 1, 1, 1, 1, 1, 1, 1]
	192555	80706	82245	3	M	65	A		-1	1394.97384444	[1, 1, 1, 1, 1, 1, 1, 1, 1, 1, 1, 1]
	168927	100113	115822	3	M	51	A		-1	1395.11434166	[1, 1, 1, 0, 1, 1, 1, 1, 1, 1, 1, 1]
	191855	93537	98096	3	M	82	A		-1	1395.16320075	[1, 1, 1, 1, 1, 1, 1, 1, 1, 1, 1, 1]
	147806	104457	86155	3	M	97	A		-1	1395.54900256	[1, 1, 1, 1, 1, 1, 1, 1, 1, 1, 1, 1]
	189218	105940	119869	3	M	85	A		-1	1395.55249341	[1, 1, 1, 1, 1, 1, 1, 1, 1, 1, 1, 1]
	171694	85431	56290	3	M	94	A		-1	1395.72260174	[1, 1, 1, 1, 1, 1, 1, 1, 1, 1, 1, 1]
	188389	103251	107104	3	M	45	A		-1	1395.87742622	[1, 1, 1, 1, 1, 1, 1, 1, 1, 1, 1, 1]
	165613	93439	116020	3	M	35	A		-1	1396.35613508	[1, 1, 1, 1, 1, 1, 1, 1, 1, 1, 1, 1]
	135805	90261	76674	3	M	37	A		-1	1396.57543066	[1, 1, 1, 1, 1, 1, 1, 1, 1, 1, 1, 1]
	169333	100895	98169	3	M	69	A		-1	1396.59724918	[1, 1, 1, 1, 1, 1, 1, 1, 1, 1, 1, 1]
	128818	119811	56952	3	M	96	A		-1	1396.61831772	[1, 1, 1, 0, 1, 1, 1, 1, 1, 1, 1, 1]
	145910	78956	31103	3	M	20	A		-1	1396.6530112	[1, 1, 1, 1, 1, 1, 1, 1, 1, 1, 1, 1]
	173082	101977	78360	3	M	53	A		-1	1396.79130547	[1, 1, 1, 0, 1, 1, 1, 1, 1, 1, 1, 1]
	140588	93537	100096	3	M	0	A		-1	1396.83359379	[1, 1, 1, 1, 1, 1, 1, 1, 1, 1, 1, 1]
	182164	107987	108348	3	M	27	A		-1	1397.07920775	[0, 0, 1, 1, 1, 1, 1, 0, 1, 1, 1, 1]
	190006	120766	111437	3	M	51	A		-1	1397.10421035	[1, 1, 1, 1, 1, 1, 1, 1, 1, 1, 1, 1]
	156397	96369	76913	3	M	52	A		-1	1397.35957571	[1, 1, 1, 1, 1, 1, 1, 1, 1, 1, 1, 0]
	142568	120766	4341	3	M	88	A		-1	1397.38991948	[1, 1, 1, 1, 1, 1, 1, 1, 1, 1, 1, 1]
	134323	106571	45470	3	M	61	A		-1	1397.43352212	[1, 1, 1, 1, 1, 1, 1, 1, 1, 1, 1, 1]
	141633	83714	112616	3	M	20	A		-1	1398.02654501	[1, 1, 1, 1, 1, 1, 1, 1, 1, 1, 1, 0]
	171472	87738	69983	3	M	10	A		-1	1398.20144658	[1, 1, 1, 1, 1, 1, 1, 1, 1, 1, 1, 1]
	171835	85431	113529	3	M	26	A		-1	1398.2400604	[1, 1, 1, 1, 1, 1, 1, 1, 1, 1, 1, 1]
	148520	85431	73439	3	M	98	A		-1	1398.30778728	[1, 1, 1, 1, 1, 1, 1, 1, 1, 1, 1, 1]
	129664	87738	121390	3	M	20	A		-1	1398.63954043	[1, 1, 1, 1, 1, 1, 1, 1, 1, 1, 1, 1]
	147410	76489	90952	3	M	89	A		-1	1398.70184428	[1, 1, 1, 1, 1, 1, 1, 1, 1, 1, 1, 1]
	146942	73615	73994	3	M	48	A		-1	1399.32060909	[1, 1, 1, 1, 1, 1, 0, 1, 1, 1, 1, 1]
	127930	76489	81784	3	M	40	A		-1	1399.35680535	[1, 1, 1, 1, 1, 1, 1, 1, 1, 1, 1, 1]
	122930	101977	102636	3	M	65	A		-1	1399.53706787	[1, 1, 1, 1, 1, 1, 1, 1, 1, 1, 1, 1]
	132501	117726	74401	3	M	14	A		-1	1400.04054214	[1, 1, 1, 1, 1, 1, 1, 1, 1, 1, 1, 1]
	154666	105940	98283	3	M	43	A		-1	1400.05600726	[1, 1, 1, 1, 1, 1, 1, 1, 1, 1, 1, 1]
	172936	71064	116520	3	M	11	A		-1	1400.37538633	[1, 1, 1, 1, 1, 1, 0, 1, 1, 1, 1, 1]
	173774	99628	58282	3	M	58	A		-1	1400.54334243	[1, 1, 1, 1, 1, 1, 1, 1, 1, 1, 1, 1]
	188243	80703	117793	3	M	31	A		-1	1400.54812731	[1, 1, 1, 1, 1, 1, 1, 1, 1, 1, 1, 1]
	153210	99628	73655	3	M	55	A		-1	1401.03935101	[1, 1, 1, 0, 1, 1, 1, 1, 1, 1, 1, 1]
	153633	104457	75206	3	M	89	A		-1	1401.13007756	[1, 1, 1, 1, 1, 0, 1, 1, 1, 1, 1, 1]
	155437	78956	108709	3	M	18	A		-1	1401.25202273	[1, 1, 1, 1, 1, 1, 1, 1, 1, 1, 1, 1]
	177432	108475	108741	3	M	2	A		-1	1401.66312017	[1, 1, 1, 1, 1, 1, 1, 1, 1, 1, 1, 1]
	166220	109664	98962	3	M	37	A		-1	1401.8876818	[1, 1, 1, 1, 1, 1, 1, 1, 1, 1, 1, 1]
	182631	118605	109137	3	M	73	A		-1	1402.09388367	[1, 1, 1, 1, 1, 1, 1, 1, 1, 1, 1, 1]
	193224	79443	78580	3	M	16	A		-1	1402.21963843	[1, 1, 1, 1, 1, 1, 1, 1, 1, 1, 1, 1]
	136531	111611	110754	3	M	68	A		-1	1402.42276904	[1, 1, 1, 0, 1, 1, 1, 1, 1, 1, 1, 1]
	189464	113302	117068	3	M	47	A		-1	1402.66901113	[1, 1, 1, 1, 1, 1, 1, 0, 1, 1, 1, 1]
	182313	78956	54284	3	M	99	A		-1	1402.91180564	[1, 1, 1, 1, 1, 1, 1, 1, 1, 1, 1, 1]
	168897	114756	64771	3	M	37	A		-1	1404.02123972	[1, 1, 1, 1, 1, 1, 1, 1, 1, 1, 1, 1]
	148130	106571	81292	3	M	83	A		-1	1404.02865733	[1, 1, 1, 0, 1, 1, 1, 1, 1, 1, 1, 1]
	130720	103169	118407	3	M	74	A		-1	1404.03052247	[1, 1, 1, 1, 1, 1, 1, 1, 1, 1, 1, 1]
	181700	85431	13239	3	M	1	A		-1	1404.03985165	[1, 1, 1, 1, 1, 1, 1, 1, 1, 1, 1, 1]
	146446	113302	71794	3	M	69	A		-1	1404.82878416	[1, 1, 1, 1, 1, 1, 1, 0, 1, 1, 1, 1]
	124464	117689	108485	3	M	56	A		-1	1404.83968052	[1, 1, 1, 1, 1, 1, 1, 1, 1, 1, 1, 1]
	187552	118605	79250	3	M	16	A		-1	1404.86813195	[1, 1, 1, 1, 1, 1, 1, 1, 1, 1, 1, 1]
	142571	109664	95609	3	M	78	A		-1	1405.03887432	[1, 1, 1, 1, 1, 1, 1, 1, 1, 1, 1, 1]
	150238	105940	86057	3	M	24	A		-1	1405.73104847	[1, 1, 1, 1, 1, 1, 1, 1, 1, 1, 1, 1]
	178524	121878	82656	3	M	0	A		-1	1406.09993879	[1, 1, 1, 1, 1, 1, 1, 1, 1, 1, 1, 1]
	142741	90710	89529	3	M	83	A		-1	1406.50863137	[1, 1, 1, 1, 1, 1, 1, 1, 1, 1, 1, 1]
	122994	100113	109453	3	M	2	A		-1	1406.6879583	[1, 1, 1, 1, 1, 0, 1, 1, 1, 1, 1, 1]
	135256	80706	95639	3	M	82	A		-1	1407.19162993	[1, 1, 1, 1, 1, 1, 1, 1, 1, 1, 1, 1]
	153831	119811	77444	3	M	34	A		-1	1407.47713931	[1, 1, 1, 1, 1, 1, 1, 1, 1, 1, 1, 1]
	170839	115527	57427	3	M	94	A		-1	1407.8675165	[1, 1, 1, 0, 1, 1, 1, 1, 1, 1, 1, 1]
	172989	77997	119513	3	M	13	A		-1	1408.325449	[1, 1, 1, 1, 1, 1, 1, 1, 1, 1, 1, 1]
	173936	101977	119967	3	M	96	A		-1	1408.49208812	[1, 1, 1, 0, 1, 1, 1, 1, 1, 1, 1, 1]
	153151	105940	71286	3	M	50	A		-1	1408.67702425	[1, 1, 1, 1, 1, 1, 1, 1, 1, 1, 1, 1]
	166914	104457	86044	3	M	25	A		-1	1409.18730656	[1, 1, 1, 1, 1, 1, 1, 1, 1, 1, 1, 1]
	176360	70742	52054	3	M	58	A		-1	1409.25369	[1, 1, 1, 1, 1, 1, 1, 1, 1, 1, 1, 1]
	159116	101977	111246	3	M	11	A		-1	1409.26594866	[1, 1, 1, 1, 1, 1, 1, 1, 1, 1, 1, 1]
	133105	76489	97623	3	M	96	A		-1	1409.84976433	[1, 1, 1, 1, 1, 1, 1, 0, 1, 1, 1, 1]
	132968	105793	103447	3	M	54	A		-1	1410.03683245	[1, 1, 1, 1, 1, 1, 1, 1, 1, 1, 1, 1]
	142842	83714	46071	3	M	66	A		-1	1410.52139123	[1, 1, 1, 1, 1, 1, 1, 1, 1, 1, 1, 1]
	170166	90710	92746	3	M	91	A		-1	1410.54323876	[1, 1, 1, 1, 1, 0, 1, 1, 1, 1, 1, 1]
	152434	90261	76140	3	M	36	A		-1	1410.66114828	[1, 1, 1, 1, 1, 1, 1, 1, 1, 1, 1, 0]
	127784	80703	75460	3	M	83	A		-1	1410.75821327	[1, 1, 1, 1, 1, 1, 1, 1, 1, 1, 1, 1]
	186046	80703	91650	3	M	22	A		-1	1410.84203347	[1, 1, 1, 1, 1, 1, 1, 1, 1, 1, 1, 1]
	192595	117726	90441	3	M	58	A		-1	1411.01998916	[1, 1, 1, 1, 1, 1, 1, 1, 1, 1, 1, 1]
	155992	108475	91334	3	M	63	A		-1	1411.56327356	[1, 1, 1, 1, 0, 1, 0, 1, 1, 1, 1, 1]
	131329	73615	46447	3	M	6	A		-1	1412.57617765	[1, 1, 1, 0, 1, 1, 1, 1, 1, 1, 1, 1]
	138841	100895	111363	3	M	27	A		-1	1413.10045056	[1, 1, 1, 1, 1, 1, 1, 1, 1, 1, 1, 1]
	166045	100895	81901	3	M	94	A		-1	1413.60770949	[1, 0, 1, 1, 1, 1, 1, 1, 1, 1, 1, 0]
	127270	78956	24774	3	M	63	A		-1	1413.95623223	[1, 1, 1, 1, 1, 1, 1, 1, 1, 1, 1, 1]
	161070	76489	74630	3	M	100	A		-1	1414.0288998	[1, 1, 1, 1, 1, 1, 1, 1, 1, 1, 1, 1]
	146207	87738	57131	3	M	94	A		-1	1414.18784939	[1, 1, 1, 1, 1, 1, 1, 1, 1, 1, 1, 1]
	166853	71064	2846	3	M	52	A		-1	1414.31355545	[1, 1, 1, 1, 1, 1, 1, 1, 1, 1, 1, 1]
	182026	79443	83424	3	M	66	A		-1	1414.74572033	[1, 1, 1, 1, 1, 1, 1, 1, 1, 1, 1, 1]
	158746	100113	86585	3	M	54	A		-1	1414.91381171	[1, 1, 1, 1, 1, 0, 1, 1, 1, 1, 1, 0]
	171127	115527	63602	3	M	57	A		-1	1415.03221394	[1, 1, 1, 1, 1, 1, 1, 1, 1, 1, 1, 1]
	177830	112750	89879	3	M	25	A		-1	1415.3352239	[1, 1, 1, 1, 1, 1, 1, 1, 1, 1, 1, 1]
	138015	112976	118224	3	M	41	A		-1	1416.19105709	[1, 1, 1, 1, 1, 1, 1, 1, 1, 1, 1, 1]
	188843	115527	91111	3	M	5	A		-1	1416.45348123	[1, 1, 1, 1, 1, 1, 1, 1, 1, 1, 1, 1]
	133587	85431	83879	3	M	73	A		-1	1416.54047731	[1, 1, 1, 1, 1, 1, 1, 1, 1, 1, 1, 1]
	145658	105940	61499	3	M	63	A		-1	1417.50323179	[1, 1, 1, 1, 1, 1, 1, 1, 1, 1, 1, 1]
	191293	80706	104408	3	M	22	A		-1	1417.66338044	[1, 1, 1, 1, 1, 1, 1, 1, 1, 1, 1, 1]
	158404	114756	78074	3	M	0	A		-1	1417.71583525	[1, 1, 1, 1, 1, 1, 1, 1, 1, 1, 1, 1]
	148441	114756	115434	3	M	74	A		-1	1417.78648674	[1, 1, 1, 1, 1, 1, 1, 1, 1, 1, 1, 1]
	182055	102260	107261	3	M	87	A		-1	1418.12164684	[1, 1, 1, 1, 1, 1, 1, 1, 1, 1, 1, 0]
	192582	111611	114179	3	M	34	A		-1	1418.31810213	[1, 1, 1, 1, 1, 1, 1, 0, 1, 1, 1, 1]
	164763	103251	84149	3	M	50	A		-1	1419.19325474	[1, 1, 1, 1, 1, 1, 1, 1, 1, 1, 1, 1]
	168198	105940	107912	3	M	35	A		-1	1419.59197173	[1, 1, 1, 1, 1, 1, 1, 1, 1, 1, 1, 1]
	139014	90261	42541	3	M	81	A		-1	1420.08439779	[1, 1, 1, 1, 1, 1, 1, 1, 1, 1, 1, 1]
	141721	100895	89354	3	M	6	A		-1	1420.11008613	[1, 1, 1, 1, 1, 1, 1, 1, 1, 1, 1, 1]
	151427	78956	32913	3	M	2	A		-1	1420.69149551	[1, 1, 1, 1, 1, 1, 1, 1, 1, 1, 1, 1]
	127948	103251	94862	3	M	17	A		-1	1420.69851471	[1, 1, 1, 1, 1, 1, 1, 1, 1, 1, 1, 1]
	148985	71692	119916	3	M	84	A		-1	1420.81603413	[1, 1, 1, 1, 1, 1, 1, 1, 1, 1, 1, 1]
	146423	119811	101961	3	M	24	A		-1	1421.48889307	[1, 1, 1, 1, 1, 1, 1, 1, 1, 1, 1, 1]
	139099	105793	100276	3	M	69	A		-1	1421.749923	[1, 1, 1, 1, 1, 1, 1, 1, 1, 1, 1, 1]
	151089	87738	113748	3	M	81	A		-1	1421.80955292	[1, 1, 1, 1, 1, 1, 1, 1, 1, 1, 1, 1]
	163024	90710	91402	3	M	95	A		-1	1422.13609235	[1, 1, 1, 1, 1, 1, 1, 1, 1, 1, 1, 1]
	151247	96369	38702	3	M	66	A		-1	1422.14218318	[1, 1, 1, 1, 1, 1, 1, 1, 1, 1, 1, 1]
	131878	77997	88287	3	M	100	A		-1	1422.22313124	[1, 1, 1, 1, 1, 1, 1, 1, 1, 1, 1, 1]
	128223	93537	94220	3	M	73	A		-1	1422.52020556	[1, 1, 1, 1, 1, 1, 1, 1, 1, 1, 1, 1]
	151868	73615	97235	3	M	53	A		-1	1422.58601528	[1, 1, 1, 1, 1, 1, 0, 1, 1, 1, 1, 1]
	157127	78956	87402	3	M	76	A		-1	1423.11524215	[1, 1, 1, 1, 1, 1, 1, 1, 1, 1, 1, 1]
	164707	83714	102782	3	M	25	A		-1	1423.1775004	[1, 1, 1, 1, 1, 1, 1, 1, 1, 1, 1, 0]
	171007	90566	112978	3	M	38	A		-1	1423.23176479	[1, 1, 1, 1, 1, 1, 1, 1, 1, 1, 1, 1]
	162952	112976	114808	3	M	43	A		-1	1423.28993507	[1, 1, 1, 1, 1, 1, 1, 1, 1, 1, 1, 1]
	179578	103169	41692	3	M	91	A		-1	1423.42012473	[1, 1, 1, 1, 1, 1, 1, 1, 1, 1, 1, 1]
	143030	76489	80340	3	M	81	A		-1	1423.46989402	[1, 1, 1, 1, 0, 1, 1, 1, 1, 1, 0, 1]
	154153	90261	119272	3	M	1	A		-1	1423.66091787	[1, 1, 1, 1, 1, 1, 1, 1, 1, 1, 1, 1]
	139611	78956	80377	3	M	76	A		-1	1423.75240572	[1, 1, 1, 1, 1, 1, 1, 1, 1, 1, 1, 1]
	161338	78956	84610	3	M	43	A		-1	1423.930181	[1, 1, 1, 1, 1, 1, 1, 1, 1, 1, 1, 1]
	157985	80706	91478	3	M	47	A		-1	1424.48469947	[1, 1, 1, 1, 1, 1, 1, 1, 1, 1, 1, 1]
	160878	99628	84301	3	M	98	A		-1	1424.81838841	[1, 1, 1, 0, 1, 1, 1, 1, 1, 1, 1, 1]
	133460	107987	109850	3	M	52	A		-1	1425.78703148	[1, 1, 1, 1, 1, 1, 1, 1, 1, 1, 1, 1]
	161087	85431	48315	3	M	5	A		-1	1426.37588964	[1, 0, 1, 1, 1, 1, 1, 1, 1, 1, 1, 1]
	178970	79443	71389	3	M	19	A		-1	1426.76910164	[1, 1, 1, 1, 1, 1, 1, 1, 1, 1, 1, 1]
	166345	85431	48374	3	M	42	A		-1	1426.87617223	[1, 1, 1, 1, 1, 1, 1, 1, 1, 1, 1, 1]
	140106	96369	10311	3	M	13	A		-1	1426.99260055	[1, 1, 1, 1, 1, 1, 1, 1, 1, 1, 1, 0]
	122852	80706	104273	3	M	48	A		-1	1427.25874955	[1, 1, 1, 1, 1, 1, 1, 1, 1, 1, 1, 1]
	141356	77997	74449	3	M	27	A		-1	1427.33519532	[1, 1, 1, 1, 1, 1, 1, 1, 1, 1, 1, 0]
	143119	105940	110563	3	M	69	A		-1	1427.39722991	[1, 1, 1, 1, 1, 1, 1, 1, 1, 1, 1, 1]
	128008	120766	80988	3	M	15	A		-1	1428.12703622	[1, 1, 1, 1, 1, 1, 1, 1, 1, 1, 1, 1]
	125744	90261	100119	3	M	10	A		-1	1428.7051823	[1, 1, 1, 1, 1, 1, 1, 1, 1, 1, 1, 1]
	175934	108475	94490	3	M	69	A		-1	1428.78258962	[1, 1, 1, 1, 0, 1, 1, 1, 1, 1, 1, 1]
	171974	111611	78185	3	M	20	A		-1	1428.97550497	[1, 1, 1, 0, 1, 1, 1, 1, 1, 1, 1, 1]
	125628	102260	102825	3	M	82	A		-1	1429.46701283	[1, 1, 1, 1, 1, 1, 1, 1, 1, 1, 1, 0]
	152040	71064	106980	3	M	40	A		-1	1429.68578963	[1, 1, 1, 0, 1, 1, 0, 1, 1, 1, 1, 1]
	172497	70742	86156	3	M	66	A		-1	1429.91671431	[1, 1, 1, 1, 1, 1, 1, 1, 1, 1, 1, 1]
	135878	70742	86512	3	M	97	A		-1	1431.88818915	[1, 1, 1, 1, 1, 1, 1, 1, 1, 1, 1, 1]
	125788	101055	105899	3	M	50	A		-1	1433.21743572	[1, 1, 1, 1, 1, 0, 1, 1, 1, 1, 1, 1]
	129546	90566	99660	3	M	27	A		-1	1433.46678586	[1, 1, 1, 1, 1, 1, 1, 1, 1, 1, 1, 1]
	151102	103251	105100	3	M	78	A		-1	1434.22165565	[1, 1, 1, 1, 1, 1, 1, 1, 1, 1, 1, 1]
	150880	117689	99723	3	M	19	A		-1	1434.42804645	[1, 1, 1, 0, 1, 1, 1, 1, 1, 1, 1, 1]
	189304	78956	77065	3	M	99	A		-1	1434.51100108	[1, 1, 1, 1, 1, 1, 1, 1, 1, 1, 1, 1]
	159905	93537	105492	3	M	43	A		-1	1434.81736199	[1, 1, 1, 1, 1, 1, 1, 1, 1, 1, 1, 1]
	125795	85431	70021	3	M	23	A		-1	1435.01099421	[1, 1, 1, 1, 1, 1, 1, 1, 1, 1, 1, 1]
	168032	120766	81215	3	M	1	A		-1	1435.07109561	[1, 1, 1, 1, 1, 1, 1, 1, 1, 1, 1, 1]
	186850	109664	36962	3	M	14	A		-1	1435.50963561	[1, 0, 0, 1, 1, 1, 1, 1, 1, 1, 1, 1]
	124920	100113	74879	3	M	8	A		-1	1436.27779838	[1, 1, 1, 1, 1, 0, 1, 1, 1, 1, 1, 1]
	193380	79443	75677	3	M	70	A		-1	1436.77163871	[1, 1, 1, 1, 1, 1, 1, 1, 1, 1, 1, 1]
	127854	119811	70640	3	M	5	A		-1	1436.99361503	[1, 1, 1, 1, 1, 1, 1, 1, 1, 1, 1, 1]
	174147	73615	103841	3	M	70	A		-1	1437.25518733	[1, 1, 1, 1, 1, 1, 1, 1, 1, 1, 1, 1]
	171959	112750	110445	3	M	20	A		-1	1437.29728572	[1, 1, 1, 1, 0, 1, 1, 1, 1, 1, 1, 1]
	164140	96369	71253	3	M	94	A		-1	1437.49174433	[1, 1, 1, 1, 1, 1, 1, 1, 1, 1, 1, 1]
	156629	101055	72234	3	M	93	A		-1	1437.55524127	[1, 1, 1, 1, 1, 1, 1, 1, 1, 1, 1, 1]
	166582	79443	107033	3	M	92	A		-1	1437.70772205	[1, 1, 1, 1, 1, 1, 1, 1, 1, 1, 1, 1]
	172671	100113	86683	3	M	63	A		-1	1437.72102543	[1, 1, 1, 1, 1, 0, 1, 1, 1, 1, 1, 1]
	175698	90261	55856	3	M	28	A		-1	1437.95164298	[1, 1, 1, 1, 1, 1, 1, 1, 1, 1, 1, 1]
	142222	71064	111609	3	M	90	A		-1	1438.04678946	[1, 1, 1, 1, 1, 1, 0, 1, 1, 1, 1, 1]
	173142	113302	93771	3	M	55	A		-1	1438.68510426	[1, 1, 1, 1, 1, 1, 1, 1, 1, 1, 1, 1]
	148829	113302	122010	3	M	67	A		-1	1439.80332309	[1, 1, 1, 0, 1, 1, 1, 1, 1, 1, 1, 1]
	146372	106571	43248	3	M	71	A		-1	1440.52316027	[1, 1, 1, 1, 1, 1, 1, 1, 1, 1, 1, 1]
	157011	90261	58441	3	M	26	A		-1	1440.93274672	[1, 1, 1, 1, 1, 1, 1, 1, 1, 1, 1, 1]
	151519	120766	78227	3	M	9	A		-1	1441.10748936	[1, 1, 1, 1, 1, 1, 1, 1, 1, 1, 1, 1]
	185286	71692	117960	3	M	65	A		-1	1441.36252462	[1, 1, 1, 1, 1, 1, 1, 1, 1, 1, 1, 1]
	120766	49616	43137	2	M	65	A		-1	1441.36305873	[1, 1, 1, 1, 1, 1, 1, 1, 1, 1, 1, 1]
	169520	100895	110954	3	M	96	A		-1	1442.25585167	[1, 0, 1, 1, 1, 1, 1, 1, 1, 1, 1, 0]
	174150	114756	121250	3	M	3	A		-1	1442.28925119	[1, 1, 1, 1, 1, 1, 1, 1, 1, 1, 1, 1]
	127359	80703	115512	3	M	29	A		-1	1442.53233291	[1, 1, 1, 1, 1, 1, 1, 1, 1, 1, 1, 1]
	193775	93439	92872	3	M	1	A		-1	1442.70688676	[1, 1, 1, 1, 1, 1, 1, 1, 1, 1, 1, 1]
	148713	85431	73630	3	M	39	A		-1	1443.03930247	[1, 1, 1, 1, 1, 1, 1, 1, 1, 1, 1, 1]
	189149	101055	82361	3	M	26	A		-1	1443.44676674	[1, 1, 1, 1, 1, 1, 1, 1, 1, 1, 1, 1]
	141222	80706	92369	3	M	81	A		-1	1443.76625966	[1, 1, 1, 1, 1, 1, 1, 1, 1, 1, 1, 1]
	139452	71064	83431	3	M	3	A		-1	1444.17335304	[1, 1, 1, 1, 1, 1, 0, 1, 1, 1, 1, 1]
	151659	103169	91794	3	M	65	A		-1	1444.35922711	[1, 1, 1, 1, 1, 1, 1, 1, 1, 1, 1, 1]
	150924	99628	104883	3	M	1	A		-1	1444.78067143	[1, 1, 1, 1, 1, 1, 1, 1, 1, 1, 1, 1]
	192986	83714	9390	3	M	68	A		-1	1445.39660497	[1, 1, 1, 1, 1, 1, 1, 1, 1, 1, 1, 0]
	163048	108475	91675	3	M	70	A		-1	1445.40854189	[1, 1, 1, 1, 0, 1, 1, 1, 1, 1, 1, 1]
	157544	85431	75400	3	M	97	A		-1	1445.94061297	[1, 1, 1, 1, 1, 1, 1, 1, 1, 1, 1, 1]
	163303	111611	94435	3	M	57	A		-1	1445.97645306	[1, 1, 1, 0, 1, 1, 1, 1, 1, 1, 1, 1]
	171343	120766	118996	3	M	77	A		-1	1445.9822444	[1, 1, 1, 1, 1, 1, 1, 1, 1, 1, 1, 1]
	180259	90261	88510	3	M	38	A		-1	1446.02248007	[1, 1, 1, 1, 1, 1, 1, 1, 1, 1, 1, 1]
	127872	79443	81090	3	M	16	A		-1	1446.89343196	[1, 1, 1, 1, 1, 1, 1, 1, 1, 1, 1, 1]
	166349	102260	73743	3	M	95	A		-1	1446.99129163	[1, 1, 1, 1, 1, 1, 1, 1, 1, 1, 1, 0]
	138882	102865	116743	3	M	24	A		-1	1447.04547445	[1, 1, 0, 1, 1, 1, 1, 1, 1, 1, 1, 1]
	176055	90566	104276	3	M	9	A		-1	1447.29616319	[1, 1, 1, 1, 1, 1, 1, 1, 1, 1, 1, 1]
	171662	101977	109334	3	M	63	A		-1	1447.6668082	[1, 1, 1, 1, 1, 1, 1, 1, 1, 1, 0, 1]
	177806	99628	103494	3	M	38	A		-1	1447.76013468	[1, 1, 1, 0, 1, 1, 1, 1, 1, 1, 1, 1]
	179483	90566	54712	3	M	56	A		-1	1448.32648942	[1, 1, 1, 1, 1, 1, 1, 1, 1, 1, 1, 1]
	157667	114186	93472	3	M	92	A		-1	1448.45969462	[1, 1, 1, 1, 1, 1, 1, 1, 1, 1, 1, 1]
	127456	90710	119979	3	M	0	A		-1	1448.48342361	[1, 1, 1, 0, 1, 1, 1, 1, 1, 1, 1, 1]
	160595	101977	16832	3	M	78	A		-1	1448.49041128	[1, 1, 1, 1, 1, 1, 1, 1, 1, 1, 1, 1]
	190611	85431	101219	3	M	4	A		-1	1448.52807091	[1, 1, 1, 1, 1, 1, 1, 1, 1, 1, 1, 1]
	182993	115527	70368	3	M	27	A		-1	1448.87507474	[1, 1, 1, 1, 1, 1, 1, 1, 1, 1, 1, 1]
	156108	101977	43366	3	M	43	A		-1	1450.08585162	[1, 1, 1, 1, 1, 1, 1, 1, 1, 1, 1, 1]
	146778	71692	67228	3	M	37	A		-1	1450.71689642	[1, 1, 1, 1, 1, 1, 1, 1, 1, 1, 1, 1]
	126257	101977	72568	3	M	24	A		-1	1450.77260398	[1, 1, 1, 1, 1, 1, 1, 1, 1, 1, 1, 1]
	169573	100113	86881	3	M	52	A		-1	1451.15649652	[1, 1, 1, 1, 1, 1, 1, 1, 1, 1, 1, 1]
	129797	93439	120710	3	M	71	A		-1	1451.21844158	[1, 1, 1, 1, 1, 1, 1, 1, 1, 1, 1, 1]
	185603	90261	112869	3	M	60	A		-1	1452.51915487	[1, 1, 1, 1, 1, 1, 1, 1, 1, 1, 1, 1]
	138017	119811	70751	3	M	31	A		-1	1452.56730929	[0, 1, 1, 1, 1, 1, 1, 1, 1, 1, 1, 1]
	125157	105793	75494	3	M	80	A		-1	1453.39352495	[0, 1, 1, 1, 1, 1, 1, 1, 1, 1, 1, 0]
	125864	117689	78141	3	M	23	A		-1	1454.19802652	[1, 1, 1, 1, 1, 1, 1, 1, 1, 1, 1, 1]
	133304	73615	72655	3	M	64	A		-1	1454.2593221	[1, 1, 1, 1, 1, 1, 1, 1, 1, 1, 1, 1]
	193094	93537	83555	3	M	1	A		-1	1454.73612504	[1, 1, 1, 1, 1, 1, 1, 1, 1, 1, 1, 1]
	90261	46003	55791	2	M	88	A		-1	1455.03602572	[1, 1, 1, 1, 1, 1, 1, 1, 1, 1, 1, 1]
	182595	90566	116732	3	M	9	A		-1	1455.70365379	[1, 1, 1, 1, 1, 1, 1, 1, 1, 1, 1, 1]
	180808	103169	67226	3	M	23	A		-1	1455.81593487	[1, 1, 1, 1, 1, 1, 1, 1, 1, 1, 1, 1]
	158977	100895	78999	3	M	23	A		-1	1455.85873685	[1, 1, 1, 1, 1, 1, 1, 1, 1, 1, 1, 1]
	179680	111611	25594	3	M	1	A		-1	1455.93685874	[1, 1, 1, 0, 1, 1, 1, 0, 1, 1, 1, 1]
	159359	77997	98383	3	M	61	A		-1	1457.42042608	[1, 1, 1, 1, 1, 1, 1, 1, 1, 1, 1, 1]
	135340	80706	77304	3	M	67	A		-1	1457.81301539	[1, 1, 1, 1, 1, 1, 1, 1, 1, 1, 1, 1]
	169047	80706	108864	3	M	11	A		-1	1458.4142919	[1, 1, 1, 1, 1, 1, 1, 1, 1, 1, 1, 1]
	134126	111611	87721	3	M	74	A		-1	1458.59267984	[1, 1, 1, 0, 0, 1, 1, 1, 1, 1, 1, 1]
	173898	90261	76656	3	M	28	A		-1	1458.59764689	[1, 1, 1, 1, 1, 1, 1, 1, 1, 1, 1, 1]
	168391	93537	121855	3	M	96	A		-1	1458.76294201	[1, 1, 1, 1, 1, 1, 1, 1, 1, 1, 1, 1]
	158827	96369	103332	3	M	2	A		-1	1458.76555626	[1, 1, 1, 1, 1, 1, 1, 1, 1, 1, 1, 1]
	155170	111611	101114	3	M	91	A		-1	1458.78234428	[1, 1, 1, 0, 1, 1, 1, 1, 1, 1, 1, 1]
	166362	78956	118998	3	M	89	A		-1	1458.87216718	[1, 1, 1, 1, 1, 1, 1, 1, 1, 1, 1, 1]
	129092	114756	81867	3	M	22	A		-1	1459.25745336	[1, 1, 1, 1, 1, 1, 1, 1, 1, 1, 1, 1]
	165656	70742	49100	3	M	96	A		-1	1459.5227084	[1, 1, 1, 1, 1, 1, 1, 1, 1, 1, 1, 1]
	139489	114756	45039	3	M	28	A		-1	1459.71098488	[1, 1, 1, 1, 1, 1, 1, 1, 1, 1, 1, 1]
	158815	114186	111896	3	M	72	A		-1	1459.81872978	[1, 1, 1, 1, 1, 1, 1, 0, 1, 1, 1, 1]
	177234	102260	27382	3	M	43	A		-1	1459.91038228	[0, 1, 1, 1, 1, 1, 1, 1, 1, 1, 1, 1]
	184265	78956	111580	3	M	89	A		-1	1460.57671974	[1, 1, 1, 1, 1, 1, 1, 1, 1, 1, 1, 1]
	137140	120766	80459	3	M	40	A		-1	1460.61253434	[1, 1, 1, 1, 1, 1, 1, 1, 1, 1, 1, 1]
	165418	71064	100453	3	M	17	A		-1	1461.23075939	[1, 1, 1, 1, 1, 1, 0, 1, 1, 1, 1, 1]
	173871	117689	113867	3	M	18	A		-1	1461.43273432	[1, 1, 1, 1, 1, 1, 1, 1, 1, 1, 1, 1]
	136121	101977	75148	3	M	53	A		-1	1461.58431358	[1, 1, 1, 0, 1, 1, 1, 1, 1, 1, 1, 1]
	166894	105940	88473	3	M	62	A		-1	1461.62758455	[1, 1, 1, 1, 1, 1, 1, 1, 1, 1, 1, 1]
	155247	90566	98897	3	M	64	A		-1	1462.19774602	[1, 1, 1, 1, 1, 1, 1, 1, 1, 1, 1, 1]
	150627	90710	61820	3	M	3	A		-1	1462.43509626	[1, 1, 1, 1, 1, 1, 1, 1, 1, 1, 1, 1]
	150387	101977	87581	3	M	80	A		-1	1462.97939448	[1, 1, 1, 0, 1, 1, 1, 1, 1, 1, 1, 1]
	163830	113302	99303	3	M	41	A		-1	1463.1032328	[1, 1, 1, 1, 1, 1, 1, 0, 1, 1, 1, 1]
	123869	101055	107593	3	M	91	A		-1	1463.13956481	[1, 1, 1, 1, 1, 1, 1, 1, 1, 1, 1, 1]
	125391	101977	68006	3	M	63	A		-1	1463.16663311	[1, 1, 1, 0, 1, 1, 1, 1, 1, 1, 1, 1]
	174952	99628	89614	3	M	100	A		-1	1463.19625572	[1, 1, 1, 0, 1, 1, 1, 1, 1, 1, 1, 1]
	145278	90261	38986	3	M	0	A		-1	1463.25608913	[1, 1, 1, 1, 1, 1, 1, 1, 1, 1, 1, 1]
	177615	90710	96044	3	M	1	A		-1	1463.41392914	[1, 1, 1, 1, 1, 1, 1, 1, 1, 1, 1, 1]
	180588	103251	80032	3	M	46	A		-1	1463.64546306	[1, 1, 1, 1, 1, 1, 1, 1, 1, 1, 1, 1]
	175933	119811	91193	3	M	80	A		-1	1464.46182709	[1, 1, 1, 1, 1, 1, 1, 1, 1, 1, 1, 1]
	184358	121878	72091	3	M	38	A		-1	1464.72535399	[1, 1, 1, 1, 1, 1, 1, 1, 1, 1, 1, 1]
	193695	101977	41578	3	M	94	A		-1	1464.85380329	[1, 1, 1, 0, 1, 1, 1, 1, 1, 1, 1, 1]
	163301	78956	89255	3	M	11	A		-1	1465.34264264	[1, 1, 1, 1, 1, 1, 1, 0, 1, 1, 1, 1]
	183416	103251	78390	3	M	94	A		-1	1465.39595073	[1, 1, 1, 1, 1, 1, 1, 1, 1, 1, 1, 1]
	181399	106571	89294	3	M	7	A		-1	1466.30270079	[1, 1, 1, 0, 1, 1, 1, 1, 1, 1, 1, 1]
	90566	46188	47922	2	M	47	A		-1	1466.32794656	[1, 1, 1, 1, 1, 1, 1, 1, 1, 1, 1, 1]
	185221	103169	77816	3	M	74	A		-1	1466.75773056	[1, 1, 1, 1, 1, 1, 1, 1, 1, 1, 1, 1]
	130928	121878	83872	3	M	48	A		-1	1466.93236599	[1, 1, 1, 1, 1, 1, 1, 1, 1, 1, 1, 1]
	136339	73615	75502	3	M	98	A		-1	1467.06705493	[1, 1, 1, 1, 1, 1, 0, 1, 1, 1, 1, 1]
	156160	73615	112707	3	M	64	A		-1	1467.31732983	[1, 1, 1, 1, 1, 1, 1, 1, 1, 1, 1, 0]
	156931	90566	11910	3	M	71	A		-1	1468.71809781	[1, 1, 1, 1, 1, 1, 1, 1, 1, 1, 1, 1]
	144756	105940	108338	3	M	34	A		-1	1468.72312231	[1, 1, 1, 1, 1, 1, 1, 1, 1, 1, 1, 1]
	188774	109664	118831	3	M	15	A		-1	1468.97093557	[1, 1, 1, 1, 1, 1, 1, 1, 1, 1, 1, 1]
	187369	73615	119927	3	M	23	A		-1	1469.44757551	[1, 1, 1, 1, 1, 1, 0, 1, 1, 1, 1, 1]
	185391	76489	105971	3	M	46	A		-1	1469.77844387	[1, 1, 1, 1, 1, 1, 1, 1, 1, 1, 1, 1]
	141682	76489	109284	3	M	53	A		-1	1469.875669	[1, 1, 1, 1, 1, 1, 1, 1, 1, 1, 1, 1]
	182081	103251	113810	3	M	44	A		-1	1470.2183567	[1, 1, 1, 1, 1, 1, 1, 1, 1, 1, 1, 0]
	150422	87738	75832	3	M	66	A		-1	1470.36595391	[1, 1, 1, 1, 1, 1, 1, 1, 1, 1, 0, 1]
	105940	44574	64429	2	M	41	A		-1	1471.24824118	[1, 1, 1, 1, 1, 1, 1, 1, 1, 1, 1, 1]
	141748	112976	115653	3	M	35	A		-1	1471.57642873	[1, 1, 1, 1, 1, 1, 1, 0, 1, 1, 1, 1]
	134653	101977	96591	3	M	16	A		-1	1471.67756081	[1, 1, 1, 0, 1, 1, 1, 1, 1, 1, 1, 1]
	154205	113302	92489	3	M	100	A		-1	1472.79101016	[1, 1, 1, 1, 1, 1, 1, 0, 1, 1, 1, 1]
	179155	102865	111960	3	M	60	A		-1	1473.81298139	[1, 1, 1, 1, 1, 1, 1, 1, 1, 1, 1, 1]
	127779	85431	87722	3	M	16	A		-1	1474.64889376	[1, 1, 1, 1, 1, 1, 1, 1, 1, 1, 1, 1]
	154492	117726	100048	3	M	91	A		-1	1474.95086692	[1, 1, 1, 1, 1, 1, 1, 1, 1, 1, 1, 1]
	175654	78956	104826	3	M	6	A		-1	1475.28257604	[1, 1, 1, 1, 1, 1, 1, 1, 1, 1, 1, 1]
	192975	78956	73859	3	M	98	A		-1	1475.90354925	[1, 1, 1, 1, 1, 1, 1, 1, 1, 1, 1, 1]
	130682	96369	80305	3	M	63	A		-1	1476.13879452	[1, 1, 1, 1, 1, 1, 1, 1, 1, 1, 1, 1]
	151808	113302	62194	3	M	88	A		-1	1476.83382922	[1, 1, 1, 1, 1, 1, 1, 0, 1, 1, 1, 1]
	132592	108475	95551	3	M	13	A		-1	1476.97936164	[1, 1, 1, 1, 1, 1, 1, 1, 1, 1, 1, 1]
	134148	112750	115636	3	M	58	A		-1	1477.00033006	[1, 1, 0, 1, 1, 1, 1, 1, 1, 1, 1, 1]
	170717	83714	93508	3	M	1	A		-1	1477.25858376	[1, 1, 1, 1, 1, 1, 1, 1, 1, 1, 1, 1]
	193948	121878	102673	3	M	92	A		-1	1478.3621334	[1, 1, 1, 1, 1, 1, 1, 1, 1, 1, 1, -1]
	169132	83714	42040	3	M	72	A		-1	1479.99371557	[1, 1, 1, 1, 1, 1, 1, 1, 1, 1, 1, 1]
	144019	96369	102195	3	M	4	A		-1	1480.07035245	[1, 1, 1, 1, 1, 1, 1, 1, 1, 1, 1, 1]
	179157	102865	102139	3	M	11	A		-1	1480.18857206	[1, 1, 1, 1, 1, 1, 1, 1, 1, 1, 1, 1]
	146225	73615	43340	3	M	7	A		-1	1480.39730021	[1, 1, 1, 1, 1, 1, 0, 1, 1, 1, 1, 1]
	192408	118605	78827	3	M	76	A		-1	1480.55518694	[1, 1, 1, 1, 0, 1, 1, 1, 1, 1, 1, 1]
	191434	105940	78506	3	M	75	A		-1	1480.86259321	[1, 1, 1, 1, 1, 1, 1, 1, 1, 1, 1, 1]
	158863	78956	76901	3	M	32	A		-1	1480.93096082	[1, 1, 1, 1, 1, 1, 1, 1, 1, 1, 1, 1]
	147957	85431	113768	3	M	45	A		-1	1481.05488174	[1, 1, 1, 1, 1, 1, 1, 1, 1, 1, 1, 1]
	168200	73615	106883	3	M	30	A		-1	1481.35231099	[1, 1, 1, 1, 1, 1, 1, 1, 1, 1, 1, 1]
	175398	118605	52969	3	M	43	A		-1	1482.09514154	[1, 1, 1, 1, 1, 1, 1, 1, 1, 1, 1, 1]
	188001	112976	36640	3	M	31	A		-1	1482.1024067	[1, 1, 1, 1, 1, 0, 1, 0, 1, 1, 1, 1]
	142345	103169	111209	3	M	26	A		-1	1484.82217464	[1, 1, 0, 1, 1, 1, 1, 1, 1, 1, 1, 1]
	145084	120766	55420	3	M	30	A		-1	1485.44082	[1, 1, 1, 1, 1, 1, 1, 1, 1, 1, 1, 1]
	178292	105793	92317	3	M	80	A		-1	1485.84413506	[0, 1, 1, 0, 1, 1, 1, 1, 1, 1, 1, 1]
	134964	112976	121449	3	M	25	A		-1	1486.4033683	[1, 1, 1, 1, 1, 1, 1, 1, 1, 1, 1, 1]
	188506	100113	108351	3	M	31	A		-1	1486.8578251	[1, 1, 1, 1, 1, 0, 1, 1, 1, 1, 1, 1]
	135451	112976	82976	3	M	74	A		-1	1487.23319906	[1, 1, 1, 1, 1, 1, 1, 0, 1, 1, 1, 1]
	179756	90566	58873	3	M	20	A		-1	1488.44208564	[1, 1, 1, 1, 1, 1, 1, 1, 1, 1, 1, 1]
	189967	114756	82179	3	M	6	A		-1	1488.6685205	[1, 1, 1, 1, 1, 1, 1, 1, 1, 1, 1, 1]
	174514	103251	103677	3	M	12	A		-1	1488.79273543	[1, 1, 1, 1, 1, 1, 1, 1, 1, 1, 1, 1]
	154597	119811	115487	3	M	68	A		-1	1489.49500843	[1, 1, 1, 1, 1, 1, 1, 1, 1, 1, 1, 1]
	168151	71692	100583	3	M	76	A		-1	1489.72160361	[1, 1, 1, 1, 1, 1, 1, 1, 1, 1, 1, 1]
	154527	119811	116255	3	M	92	A		-1	1490.36781415	[1, 1, 1, 1, 1, 1, 1, 1, 1, 1, 1, 1]
	162344	106571	89333	3	M	76	A		-1	1491.04312192	[1, 1, 1, 1, 1, 1, 1, 1, 1, 1, 1, 1]
	140390	100895	96962	3	M	17	A		-1	1491.47301796	[1, 0, 1, 1, 1, 1, 1, 1, 1, 1, 1, 0]
	173486	97822	51714	3	M	62	A		-1	1492.40879146	[1, 0, 1, 1, 1, 1, 0, 1, 1, 1, 1, 1]
	143648	83714	84912	3	M	80	A		-1	1493.57271283	[1, 1, 1, 1, 1, 1, 1, 1, 1, 1, 1, 1]
	145381	105793	82770	3	M	41	A		-1	1494.3960222	[0, 1, 1, 1, 1, 1, 1, 1, 1, 1, 1, 1]
	145731	120766	108766	3	M	56	A		-1	1494.41895128	[1, 1, 1, 1, 1, 1, 1, 1, 1, 1, 1, 1]
	146622	97822	75538	3	M	67	A		-1	1494.98926312	[1, 1, 1, 1, 1, 1, 1, 1, 1, 1, 1, 1]
	188276	90261	72581	3	M	69	A		-1	1496.00163287	[1, 1, 1, 1, 1, 1, 1, 1, 1, 1, 1, 1]
	174883	117689	77796	3	M	20	A		-1	1496.20579715	[1, 1, 1, 1, 1, 1, 1, 1, 1, 1, 1, 1]
	185803	90261	105322	3	M	5	A		-1	1496.30557672	[1, 1, 1, 0, 1, 1, 1, 1, 1, 1, 1, 1]
	136612	115527	95598	3	M	75	A		-1	1497.29753527	[1, 1, 1, 0, 1, 1, 1, 1, 1, 1, 1, 1]
	144055	118605	88738	3	M	55	A		-1	1497.93214942	[1, 1, 1, 1, 0, 1, 1, 1, 1, 1, 1, 1]
	158545	73615	116746	3	M	69	A		-1	1498.38194515	[1, 1, 1, 1, 1, 1, 1, 1, 1, 1, 1, 1]
	185763	120766	110404	3	M	91	A		-1	1499.64135499	[1, 1, 1, 1, 1, 1, 1, 1, 1, 1, 1, 1]
	78956	36255	66213	2	M	90	A		-1	1499.68497502	[1, 1, 1, 1, 1, 1, 1, 1, 1, 1, 1, 1]
	178671	119811	40105	3	M	62	A		-1	1499.7604717	[1, 1, 1, 1, 1, 1, 1, 1, 1, 1, 1, 1]
	148476	83714	100652	3	M	12	A		-1	1500.17674032	[1, 1, 1, 1, 1, 1, 1, 1, 1, 1, 1, 0]
	159068	90261	75423	3	M	73	A		-1	1500.75744637	[1, 1, 0, 1, 1, 1, 1, 1, 1, 1, 1, 1]
	181183	90566	23033	3	M	92	A		-1	1501.10824771	[1, 1, 1, 1, 1, 1, 1, 1, 1, 1, 1, 1]
	137940	102865	122468	3	M	78	A		-1	1501.36563994	[1, 1, 1, 1, 1, 1, 1, 1, 1, 1, 1, 1]
	175415	113302	104224	3	M	51	A		-1	1501.48639225	[1, 1, 1, 1, 1, 1, 1, 0, 1, 1, 1, 1]
	181057	115527	116671	3	M	35	A		-1	1501.54571374	[1, 1, 1, 1, 1, 0, 1, 1, 1, 1, 1, 1]
	179700	83714	83490	3	M	39	A		-1	1501.7409864	[1, 1, 1, 1, 1, 1, 1, 1, 1, 1, 1, 1]
	168141	111611	98436	3	M	67	A		-1	1502.21226294	[1, 1, 1, 0, 1, 1, 1, 1, 1, 1, 1, 1]
	193941	73615	121790	3	M	45	A		-1	1503.01561622	[1, 1, 1, 1, 1, 1, 0, 1, 1, 1, 1, 1]
	156380	108475	86859	3	M	42	A		-1	1503.22202678	[1, 1, 1, 1, 1, 1, 1, 1, 1, 1, 1, 1]
	134532	113302	104526	3	M	93	A		-1	1503.47705599	[1, 1, 1, 1, 1, 1, 1, 1, 1, 1, 1, 1]
	139660	71064	77441	3	M	47	A		-1	1503.93335739	[1, 1, 1, 1, 1, 1, 0, 1, 1, 1, 1, 1]
	161243	102260	72434	3	M	29	A		-1	1504.06104611	[1, 1, 1, 1, 1, 1, 1, 1, 1, 1, 1, 1]
	138237	107987	106719	3	M	82	A		-1	1504.09954915	[1, 1, 1, 1, 1, 1, 1, 1, 1, 1, 1, 1]
	172294	90566	91469	3	M	67	A		-1	1504.32182244	[1, 1, 1, 1, 1, 1, 1, 1, 1, 1, 1, 1]
	175732	87738	103227	3	M	93	A		-1	1505.3233225	[1, 1, 1, 1, 1, 1, 1, 1, 1, 1, 1, 1]
	129869	117726	34013	3	M	43	A		-1	1505.33040429	[1, 1, 1, 1, 1, 1, 1, 1, 1, 1, 1, 1]
	154616	118605	54772	3	M	34	A		-1	1507.77045964	[1, 1, 1, 1, 1, 1, 1, 1, 1, 1, 1, 1]
	73615	64497	51645	2	M	92	A		-1	1509.24773265	[1, 1, 1, 1, 1, 1, 0, 1, 1, 1, 1, 1]
	176456	73615	72630	3	M	61	A		-1	1510.95433295	[1, 1, 1, 1, 1, 1, 1, 1, 1, 1, 1, 1]
	158381	93537	86934	3	M	54	A		-1	1511.61765957	[1, 1, 1, 1, 0, 1, 1, 1, 1, 1, 1, 1]
	177795	104457	106174	3	M	72	A		-1	1511.63823296	[1, 1, 1, 1, 1, 1, 1, 1, 1, 1, 0, 1]
	156350	107987	107230	3	M	52	A		-1	1512.03610912	[1, 0, 1, 1, 1, 1, 1, 0, 1, 1, 1, 1]
	149910	102260	110576	3	M	50	A		-1	1512.07961013	[1, 1, 1, 1, 1, 1, 1, 1, 1, 1, 1, 0]
	189709	90261	106566	3	M	10	A		-1	1512.27163185	[1, 1, 1, 1, 1, 1, 1, 1, 1, 1, 1, 1]
	183883	119811	120650	3	M	6	A		-1	1512.39057613	[1, 1, 1, 1, 1, 0, 1, 1, 1, 1, 0, 1]
	128552	78956	107199	3	M	50	A		-1	1512.44301146	[1, 1, 1, 1, 1, 1, 1, 1, 1, 1, 1, 1]
	180096	80706	70625	3	M	45	A		-1	1513.9640768	[1, 1, 1, 1, 1, 1, 1, 1, 1, 1, 1, 1]
	147739	107987	76610	3	M	36	A		-1	1515.07524271	[1, 1, 1, 1, 1, 1, 1, 1, 1, 1, 1, 1]
	185799	102260	76899	3	M	66	A		-1	1516.10810192	[1, 1, 1, 1, 1, 1, 1, 1, 1, 1, 1, 1]
	190232	85431	37377	3	M	55	A		-1	1516.23708416	[1, 1, 1, 1, 1, 1, 1, 1, 1, 1, 1, 1]
	151662	73615	102333	3	M	85	A		-1	1517.59231767	[1, 1, 1, 1, 1, 1, 1, 1, 1, 1, 1, 1]
	138140	90566	79102	3	M	81	A		-1	1517.74620586	[1, 1, 1, 1, 1, 1, 1, 1, 1, 1, 1, 1]
	147931	119811	82776	3	M	80	A		-1	1518.26349912	[1, 1, 0, 1, 1, 1, 1, 1, 1, 1, 1, 1]
	154621	85431	71257	3	M	8	A		-1	1519.17797316	[1, 1, 1, 1, 1, 1, 1, 1, 1, 1, 1, 1]
	176981	80703	68338	3	M	70	A		-1	1520.16884067	[1, 1, 1, 1, 1, 1, 1, 1, 1, 1, 1, 1]
	185069	101977	122629	3	M	22	A		-1	1520.26554799	[1, 1, 1, 1, 1, 1, 1, 1, 1, 1, 1, 1]
	141073	100895	83060	3	M	95	A		-1	1520.65036708	[1, 1, 1, 1, 1, 1, 1, 1, 1, 1, 1, 0]
	172238	75406	79488	3	M	10	A		-1	1521.60704631	[1, 1, 1, 1, 1, 0, 1, 1, 1, 1, 1, 1]
	147004	78956	97433	3	M	77	A		-1	1522.18778855	[1, 1, 1, 1, 1, 1, 1, 1, 1, 1, 1, 1]
	157988	100113	104982	3	M	22	A		-1	1522.35897363	[1, 1, 1, 1, 1, 0, 1, 1, 1, 1, 1, 1]
	175981	75406	102580	3	M	99	A		-1	1523.38608178	[1, 1, 1, 1, 1, 0, 1, 1, 1, 1, 1, 1]
	179480	90566	45665	3	M	19	A		-1	1527.14678303	[1, 1, 1, 1, 1, 1, 1, 1, 1, 1, 1, 1]
	183124	71692	97798	3	M	33	A		-1	1528.74900412	[1, 1, 1, 1, 1, 1, 1, 1, 1, 1, 1, 1]
	145922	115527	106498	3	M	44	A		-1	1528.83569618	[1, 1, 1, 1, 1, 0, 1, 1, 1, 1, 1, 1]
	154696	85431	91476	3	M	63	A		-1	1530.13548613	[1, 1, 1, 1, 1, 1, 1, 1, 1, 1, 1, 1]
	178634	118605	103902	3	M	82	A		-1	1531.23680225	[1, 1, 1, 1, 0, 1, 1, 1, 1, 1, 1, 1]
	144239	120766	85201	3	M	57	A		-1	1531.36004743	[1, 1, 1, 1, 1, 1, 1, 1, 1, 1, 1, 1]
	152162	114756	114303	3	M	65	A		-1	1531.64530012	[1, 1, 1, 1, 1, 1, 1, 1, 1, 1, 1, 1]
	182853	120766	84236	3	M	93	A		-1	1533.57885719	[1, 1, 1, 1, 1, 1, 1, 1, 1, 1, 1, 1]
	180995	90566	110082	3	M	4	A		-1	1533.76303339	[1, 0, 1, 1, 1, 1, 1, 1, 1, 1, 1, 1]
	184342	104457	80259	3	M	30	A		-1	1534.41632196	[1, 1, 1, 1, 1, 1, 1, 1, 1, 1, 1, 1]
	173684	102260	114319	3	M	39	A		-1	1536.2164402	[1, 1, 1, 1, 1, 1, 1, 1, 1, 1, 1, 0]
	179401	115527	78920	3	M	7	A		-1	1537.52089434	[0, 1, 1, 1, 1, 1, 1, 1, 1, 1, 1, 1]
	188470	90566	107417	3	M	20	A		-1	1537.54654431	[1, 1, 1, 1, 1, 1, 1, 1, 1, 1, 1, 0]
	175244	75406	117435	3	M	28	A		-1	1537.64366566	[1, 1, 1, 1, 1, 0, 1, 1, 1, 1, 1, 1]
	157713	106571	90340	3	M	60	A		-1	1538.34036131	[1, 1, 1, 0, 1, 1, 1, 1, 1, 1, 1, 1]
	146326	90566	66302	3	M	76	A		-1	1538.39313384	[1, 1, 1, 1, 1, 1, 1, 1, 1, 1, 1, 1]
	146126	78956	75893	3	M	90	A		-1	1539.10867479	[1, 1, 1, 1, 1, 1, 1, 1, 1, 1, 1, 1]
	159826	76489	107398	3	M	23	A		-1	1539.13093463	[1, 1, 1, 0, 1, 1, 1, 1, 1, 1, 1, 1]
	174568	103169	69274	3	M	63	A		-1	1540.06704674	[1, 1, 1, 1, 1, 1, 1, 1, 1, 1, 1, 1]
	85431	64497	38131	2	M	25	A		-1	1547.71259259	[1, 1, 1, 1, 1, 1, 1, 1, 1, 1, 1, 1]
	122667	105940	101666	3	M	78	A		-1	1548.2775178	[1, 1, 1, 1, 1, 1, 1, 1, 1, 1, 1, 1]
	158221	71064	24655	3	M	50	A		-1	1549.14479285	[1, 1, 1, 1, 1, 1, 0, 1, 1, 1, 1, 1]
	181272	101977	94553	3	M	52	A		-1	1550.44939268	[1, 1, 1, 1, 1, 1, 1, 1, 1, 1, 1, 1]
	184968	107987	111533	3	M	93	A		-1	1551.03648664	[1, 0, 1, 1, 1, 1, 1, 1, 1, 1, 1, 1]
	180246	100895	119441	3	M	98	A		-1	1551.90337552	[1, 0, 1, 1, 1, 1, 1, 1, 1, 1, 1, 0]
	149406	107987	95224	3	M	76	A		-1	1552.12974565	[1, 0, 1, 1, 1, 1, 1, 1, 1, 1, 1, 1]
	175722	77997	119267	3	M	91	A		-1	1552.22920943	[1, 1, 1, 1, 1, 1, 0, 1, 1, 1, 1, 1]
	162726	93537	104298	3	M	29	A		-1	1553.32304025	[1, 1, 1, 1, 1, 1, 1, 1, 1, 1, 1, 1]
	125097	103169	103465	3	M	57	A		-1	1554.38411927	[1, 1, 1, 1, 1, 1, 1, 1, 1, 1, 1, 1]
	140031	79443	114405	3	M	36	A		-1	1560.36450312	[1, 1, 1, 1, 1, 1, 1, 1, 1, 1, 1, 1]
	150633	85431	99747	3	M	74	A		-1	1562.14625412	[1, 1, 1, 1, 1, 1, 1, 1, 1, 1, 1, 1]
	161133	97822	112950	3	M	6	A		-1	1564.56224417	[1, 1, 1, 1, 1, 1, 1, 1, 1, 1, 1, 1]
	123907	114186	82001	3	M	62	A		-1	1568.92245652	[1, 1, 1, 1, 1, 1, 1, 1, 1, 1, 1, 1]
	164642	87738	61435	3	M	59	A		-1	1570.612267	[1, 1, 1, 1, 1, 1, 1, 1, 1, 1, 1, 1]
	172961	96369	100071	3	M	72	A		-1	1574.82871665	[0, 1, 1, 1, 1, 1, 1, 1, 1, 1, 1, 1]
	163687	103169	94228	3	M	81	A		-1	1576.03188687	[1, 1, 1, 1, 1, 1, 1, 0, 1, 1, 1, 1]
	141274	120766	85119	3	M	54	A		-1	1577.97457523	[1, 1, 1, 1, 1, 1, 1, 1, 1, 1, 1, 1]
	189782	114186	117360	3	M	80	A		-1	1579.25627215	[1, 1, 1, 1, 1, 1, 1, 1, 1, 1, 1, 1]
	128845	90261	87690	3	M	13	A		-1	1581.57903816	[1, 1, 1, 1, 1, 0, 1, 1, 1, 1, 1, 1]
	159076	97822	88941	3	M	50	A		-1	1583.33026292	[1, 1, 1, 1, 1, 1, 1, 1, 1, 1, 1, 0]
	152991	83714	76270	3	M	24	A		-1	1584.41215144	[1, 1, 1, 1, 1, 1, 1, 1, 1, 1, 1, 0]
	160857	101055	83073	3	M	71	A		-1	1586.8591493	[1, 1, 1, 1, 1, 1, 1, 1, 1, 1, 1, 1]
	146625	107987	106418	3	M	7	A		-1	1586.87799852	[1, 1, 1, 1, 1, 1, 1, 0, 1, 1, 1, 1]
	180844	77997	49441	3	M	74	A		-1	1587.18341335	[1, 1, 1, 1, 1, 1, 1, 1, 1, 1, 1, 1]
	177042	112750	93351	3	M	61	A		-1	1587.79812178	[1, 1, 1, 1, 1, 1, 1, 1, 1, 1, 1, 1]
	175786	73615	82314	3	M	30	A		-1	1588.65341679	[1, 1, 1, 1, 1, 1, 0, 1, 1, 1, 1, 1]
	168248	90261	105915	3	M	35	A		-1	1589.96516947	[1, 1, 1, 1, 1, 1, 1, 1, 1, 1, 1, 1]
	144798	109664	71693	3	M	73	A		-1	1592.18028592	[1, 1, 1, 1, 1, 1, 1, 1, 1, 1, 1, 1]
	177483	105793	97532	3	M	15	A		-1	1596.51880028	[0, 1, 1, 1, 1, 1, 1, 1, 1, 1, 1, 1]
	149178	107987	70397	3	M	54	A		-1	1597.24876307	[1, 0, 1, 1, 1, 1, 1, 1, 1, 1, 1, 1]
	128744	93439	108393	3	M	13	A		-1	1599.25897892	[1, 1, 1, 1, 1, 1, 1, 1, 1, 1, 1, 1]
	143319	117689	86255	3	M	21	A		-1	1601.1930308	[1, 1, 1, 1, 1, 1, 1, 1, 1, 1, 1, 1]
	158882	80703	57230	3	M	66	A		-1	1602.55768866	[1, 1, 1, 1, 1, 1, 1, 1, 1, 1, 1, 1]
	172527	120766	111466	3	M	56	A		-1	1611.1402521	[1, 1, 1, 1, 1, 1, 1, 1, 1, 1, 1, 1]
	169943	73615	47943	3	M	21	A		-1	1611.60179284	[1, 1, 1, 1, 1, 1, 0, 0, 1, 1, 1, 1]
	167797	93439	101792	3	M	76	A		-1	1613.27141673	[1, 1, 1, 1, 1, 1, 1, 1, 1, 1, 1, 1]
	159479	105940	84658	3	M	34	A		-1	1614.31910361	[1, 1, 1, 1, 1, 1, 1, 1, 1, 1, 1, 1]
	134983	71692	113127	3	M	13	A		-1	1617.14942026	[1, 1, 1, 1, 1, 1, 1, 1, 1, 1, 1, 1]
	172879	105940	121606	3	M	6	A		-1	1619.63994307	[1, 1, 1, 1, 1, 1, 1, 1, 1, 1, 1, 1]
	178788	75406	109303	3	M	12	A		-1	1620.51795339	[1, 1, 1, 1, 1, 1, 1, 1, 1, 1, 1, 1]
	193066	117689	78364	3	M	49	A		-1	1625.13265755	[1, 1, 1, 1, 1, 1, 1, 1, 1, 1, 1, 1]
	135414	114756	71331	3	M	19	A		-1	1625.5180314	[1, 1, 1, 1, 1, 1, 1, 1, 1, 1, 1, 1]
	127344	121878	117890	3	M	49	A		-1	1629.11926914	[1, 1, 1, 1, 1, 1, 1, 1, 1, 1, 1, 0]
	192147	85431	73193	3	M	38	A		-1	1629.33143839	[1, 1, 1, 1, 1, 1, 1, 1, 1, 1, 1, 1]
	128719	80706	78523	3	M	85	A		-1	1631.93216448	[1, 1, 1, 1, 1, 1, 1, 1, 1, 1, 1, 1]
	169270	83714	77157	3	M	50	A		-1	1634.48627066	[1, 1, 1, 1, 1, 1, 1, 1, 1, 1, 1, 0]
	172026	118605	73665	3	M	73	A		-1	1635.79277953	[1, 1, 1, 1, 0, 1, 1, 1, 1, 1, 1, 1]
	184240	113302	85081	3	M	71	A		-1	1638.71900769	[1, 1, 1, 1, 1, 1, 1, 1, 1, 1, 1, 1]
	123065	78956	119060	3	M	85	A		-1	1638.8635481	[1, 1, 1, 1, 1, 1, 1, 1, 1, 1, 1, 1]
	153513	106571	37470	3	M	83	A		-1	1640.41385137	[1, 1, 1, 1, 1, 1, 1, 1, 1, 1, 1, 1]
	173700	102260	64952	3	M	97	A		-1	1641.17265314	[1, 1, 1, 1, 1, 1, 1, 0, 1, 1, 1, 1]
	181549	113302	114722	3	M	26	A		-1	1641.60346686	[1, 1, 1, 1, 1, 1, 1, 0, 1, 1, 1, 1]
	169036	107987	65204	3	M	55	A		-1	1642.36561344	[1, 0, 0, 1, 1, 1, 1, 1, 1, 1, 1, 1]
	163967	102865	90250	3	M	94	A		-1	1643.53472848	[1, 1, 1, 1, 1, 1, 1, 1, 1, 1, 1, 1]
	150278	111611	53250	3	M	21	A		-1	1649.96870771	[1, 1, 1, 1, 1, 1, 1, 1, 1, 1, 1, 1]
	166044	78956	121763	3	M	83	A		-1	1651.44763593	[1, 1, 1, 1, 1, 1, 1, 1, 1, 1, 0, 1]
	182286	111611	85590	3	M	57	A		-1	1652.01125142	[1, 1, 1, 0, 1, 1, 1, 1, 1, 1, 1, 1]
	171433	90261	108447	3	M	77	A		-1	1659.75262812	[1, 1, 1, 1, 1, 1, 1, 1, 1, 1, 1, 1]
	185814	112976	96909	3	M	48	A		-1	1663.39473066	[1, 1, 1, 1, 1, 1, 1, 1, 1, 1, 1, 1]
	168548	108475	75812	3	M	38	A		-1	1669.09050361	[1, 1, 1, 1, 1, 1, 1, 1, 1, 1, 1, 1]
	166360	75406	43610	3	M	8	A		-1	1671.46427803	[1, 1, 1, 0, 1, 1, 1, 1, 1, 1, 1, 1]
	172798	90710	118356	3	M	65	A		-1	1673.35750606	[1, 1, 1, 1, 1, 1, 1, 1, 1, 1, 1, 1]
	124981	99628	90273	3	M	84	A		-1	1695.32785271	[1, 1, 1, 0, 1, 1, 1, 1, 1, 1, 1, 1]
	124261	78956	78643	3	M	51	A		-1	1697.70426287	[1, 1, 1, 1, 1, 1, 1, 1, 1, 1, 1, 1]
	168580	118605	118651	3	M	28	A		-1	1704.25993497	[1, 1, 1, 1, 0, 0, 1, 1, 1, 1, 1, 1]
	152500	112750	106217	3	M	91	A		-1	1745.52151968	[1, 1, 1, 1, 1, 1, 1, 1, 1, 1, 1, 1]
	168579	85431	112752	3	M	74	A		-1	1784.69284606	[1, 1, 1, 1, 1, 1, 1, 1, 1, 1, 1, 1]
	172054	93537	95296	3	M	93	A		-1	1807.59239003	[1, 1, 1, 1, 1, 1, 1, 1, 1, 1, 1, 1]
