animal	sire	dam	born	sex	herd	status	cause	died	TBV	recessives
	92331	37484	12175	2	M	37	A		-1	1061.6695458	[1, 1, 1, 1, 1, 1, 1, 1, 1, 1, 1, 1]
	113288	69387	54453	2	M	66	A		-1	1061.81697261	[1, 1, 1, 1, 1, 1, 1, 1, 1, 1, 1, 1]
	103264	63460	55166	2	M	25	A		-1	1061.87621421	[1, 1, 1, 1, 1, 1, 1, 1, 1, 1, 1, 1]
	111277	46188	59599	2	M	47	A		-1	1063.28547196	[1, 1, 1, 1, 1, 1, 1, 1, 1, 1, 1, 1]
	108000	38284	45184	2	M	47	A		-1	1063.48733916	[1, 1, 1, 1, 1, 1, 1, 1, 1, 1, 1, 1]
	76987	67946	3938	2	M	66	A		-1	1064.19222745	[1, 1, 1, 0, 1, 1, 1, 1, 1, 1, 1, 1]
	83595	55667	6593	2	M	2	A		-1	1064.20042063	[1, 1, 1, 1, 1, 1, 1, 1, 1, 1, 1, 1]
	94240	41615	62657	2	M	14	A		-1	1064.20514039	[1, 1, 1, 1, 1, 1, 1, 1, 1, 1, 1, 0]
	106340	50111	50396	2	M	92	A		-1	1064.44081461	[1, 1, 1, 1, 1, 1, 1, 1, 1, 1, 1, 1]
	71570	37484	1992	2	M	30	A		-1	1064.50345868	[1, 1, 1, 1, 1, 1, 1, 1, 1, 1, 1, 1]
	116325	36255	33579	2	M	88	A		-1	1064.63551128	[1, 1, 1, 1, 1, 1, 1, 1, 1, 1, 1, 1]
	116604	36255	51275	2	M	83	A		-1	1064.73153888	[1, 1, 1, 1, 1, 1, 1, 1, 1, 1, 1, 1]
	77351	50684	26729	2	M	79	A		-1	1065.02149536	[1, 1, 1, 1, 1, 1, 1, 1, 1, 1, 1, 1]
	94649	45963	60815	2	M	88	A		-1	1065.43737759	[0, 1, 1, 1, 1, 1, 1, 1, 1, 1, 0, 1]
	85981	50418	47434	2	M	75	A		-1	1065.58850073	[1, 1, 1, 1, 1, 1, 1, 1, 1, 1, 1, 1]
	115136	38284	69437	2	M	57	A		-1	1065.76626291	[0, 1, 1, 1, 1, 1, 1, 1, 1, 1, 1, 1]
	73844	63774	66396	2	M	41	A		-1	1066.37139598	[1, 1, 1, 1, 1, 1, 1, 1, 1, 1, 1, 1]
	97575	46835	26467	2	M	4	A		-1	1066.39816401	[1, 0, 1, 1, 1, 1, 1, 1, 1, 1, 1, 1]
	93332	38441	48902	2	M	22	A		-1	1066.91427033	[1, 1, 1, 1, 1, 1, 1, 1, 1, 1, 1, 1]
	114611	47441	1444	2	M	71	A		-1	1066.95320696	[1, 1, 1, 1, 1, 1, 1, 1, 1, 1, 1, 1]
	111771	46188	18624	2	M	81	A		-1	1066.98239284	[1, 1, 1, 1, 1, 1, 1, 1, 1, 1, 1, 1]
	117366	44574	10240	2	M	35	A		-1	1067.10023904	[1, 1, 1, 1, 1, 1, 1, 1, 1, 1, 1, 1]
	85745	41615	6488	2	M	61	A		-1	1067.24931556	[1, 1, 0, 1, 1, 1, 1, 1, 1, 1, 1, 1]
	107824	44574	41371	2	M	8	A		-1	1067.77035816	[1, 1, 1, 1, 1, 1, 1, 1, 1, 1, 1, 1]
	98901	47224	62110	2	M	17	A		-1	1067.92618269	[1, 1, 1, 1, 1, 1, 1, 1, 1, 1, 1, 1]
	88762	45794	2636	2	M	25	A		-1	1068.0511819	[1, 1, 1, 1, 1, 1, 1, 1, 1, 1, 1, 1]
	96005	63460	52000	2	M	54	A		-1	1068.57464673	[1, 1, 1, 1, 1, 0, 0, 1, 1, 1, 1, 1]
	77487	63927	32442	2	M	11	A		-1	1068.96978553	[1, 1, 1, 1, 1, 1, 1, 1, 1, 1, 1, 1]
	81604	46003	61444	2	M	92	A		-1	1069.15170057	[1, 1, 1, 1, 1, 1, 1, 1, 1, 1, 1, 1]
	70361	50684	63513	2	M	47	A		-1	1069.5005857	[1, 1, 1, 1, 1, 1, 1, 1, 1, 1, 1, 1]
	75180	50111	35357	2	M	45	A		-1	1069.72440974	[1, 1, 1, 1, 1, 1, 1, 1, 1, 1, 1, 1]
	86508	69620	54586	2	M	86	A		-1	1070.83247969	[1, 1, 1, 1, 1, 1, 1, 1, 1, 1, 1, 1]
	75909	63460	56901	2	M	61	A		-1	1070.86042011	[1, 1, 1, 1, 1, 0, 1, 1, 1, 1, 1, 1]
	80742	36826	44685	2	M	65	A		-1	1070.9685776	[1, 1, 1, 1, 1, 1, 1, 1, 1, 1, 1, 1]
	103962	61667	56640	2	M	35	A		-1	1071.21373331	[1, 1, 1, 1, 1, 1, 1, 1, 1, 1, 1, 1]
	84381	55603	69022	2	M	32	A		-1	1071.3986477	[1, 1, 1, 1, 1, 1, 1, 1, 1, 1, 1, 1]
	74003	63688	10742	2	M	79	A		-1	1071.74409782	[1, 1, 1, 1, 1, 1, 1, 1, 1, 1, 1, 1]
	118804	64497	65502	2	M	12	A		-1	1071.97271068	[1, 1, 1, 1, 1, 1, 1, 1, 1, 1, 1, 0]
	94212	63486	11278	2	M	13	A		-1	1072.13668752	[1, 1, 1, 1, 1, 0, 1, 1, 1, 1, 1, 1]
	87017	37644	41247	2	M	73	A		-1	1072.36835148	[1, 1, 1, 1, 1, 1, 1, 1, 1, 1, 1, 1]
	89246	38441	37528	2	M	56	A		-1	1072.47260133	[1, 1, 1, 1, 1, 1, 1, 1, 1, 1, 1, 1]
	109538	44574	69134	2	M	46	A		-1	1072.50995735	[1, 1, 1, 1, 1, 1, 1, 1, 1, 1, 1, 1]
	89113	47224	40787	2	M	95	A		-1	1072.60955019	[1, 1, 1, 1, 1, 1, 1, 1, 1, 1, 1, 1]
	117075	39045	4559	2	M	7	A		-1	1072.61375398	[1, 1, 1, 1, 1, 1, 1, 1, 1, 1, 1, 0]
	117363	55586	35955	2	M	93	A		-1	1073.10929675	[1, 1, 1, 1, 1, 0, 1, 1, 1, 1, 1, 1]
	87102	37644	49474	2	M	64	A		-1	1073.37539001	[1, 1, 1, 1, 1, 1, 1, 1, 1, 1, 1, 1]
	77959	37644	62226	2	M	40	A		-1	1073.75328788	[1, 1, 1, 1, 1, 1, 1, 1, 1, 1, 1, 1]
	76248	64497	57027	2	M	65	A		-1	1074.14633435	[1, 1, 1, 1, 1, 1, 1, 1, 1, 1, 1, 1]
	113144	46188	46631	2	M	90	A		-1	1074.27988679	[1, 1, 1, 1, 1, 1, 1, 1, 1, 1, 1, 1]
	83631	61667	48637	2	M	20	A		-1	1074.44293941	[1, 1, 1, 1, 1, 1, 1, 1, 1, 1, 1, 1]
	113651	49616	52704	2	M	23	A		-1	1074.65402378	[1, 1, 1, 1, 1, 1, 1, 0, 1, 1, 1, 1]
	77096	38441	65687	2	M	93	A		-1	1074.66339834	[1, 1, 1, 1, 1, 1, 1, 0, 1, 1, 1, 1]
	88633	60784	7431	2	M	80	A		-1	1074.67867255	[1, 1, 1, 1, 1, 1, 1, 1, 1, 1, 1, 1]
	87918	55603	56804	2	M	92	A		-1	1074.73478527	[1, 1, 1, 0, 1, 1, 1, 1, 1, 1, 1, 1]
	89445	63688	44905	2	M	59	A		-1	1074.77029387	[1, 1, 1, 1, 1, 1, 1, 1, 1, 1, 1, 1]
	73229	54369	45447	2	M	77	A		-1	1074.98924853	[1, 1, 1, 1, 1, 1, 1, 1, 1, 1, 1, 1]
	113333	63486	28991	2	M	2	A		-1	1075.06799604	[1, 0, 1, 1, 1, 1, 1, 1, 1, 1, 1, 1]
	113495	38441	53348	2	M	16	A		-1	1075.10921566	[1, 1, 1, 1, 1, 1, 1, 1, 1, 1, 1, 1]
	114013	55586	28205	2	M	50	A		-1	1075.17955215	[1, 1, 1, 1, 1, 1, 1, 1, 1, 1, 1, 1]
	87441	50684	51219	2	M	58	A		-1	1075.21245091	[1, 1, 1, 1, 1, 1, 1, 1, 1, 1, 1, 1]
	71534	60784	8754	2	M	33	A		-1	1075.53096497	[1, 1, 1, 1, 1, 1, 1, 1, 1, 1, 1, 1]
	100091	50684	68189	2	M	91	A		-1	1075.64741729	[1, 1, 1, 1, 1, 1, 1, 1, 1, 1, 1, 1]
	97734	40221	3581	2	M	15	A		-1	1075.76206078	[1, 1, 1, 1, 1, 1, 1, 1, 1, 1, 1, 1]
	87419	69620	43578	2	M	20	A		-1	1075.8791079	[1, 1, 1, 1, 1, 1, 1, 1, 1, 1, 1, 1]
	90598	69387	68396	2	M	42	A		-1	1075.89453699	[1, 1, 1, 0, 1, 1, 1, 1, 1, 1, 1, 1]
	112232	64497	60623	2	M	66	A		-1	1076.01679309	[1, 1, 1, 1, 1, 1, 1, 1, 1, 1, 1, 1]
	93078	50111	820	2	M	1	A		-1	1076.58695576	[1, 1, 1, 1, 1, 1, 1, 1, 1, 1, 1, 1]
	85653	47441	51537	2	M	64	A		-1	1076.81839902	[0, 1, 1, 1, 1, 1, 1, 1, 1, 1, 1, 1]
	93880	46188	9708	2	M	29	A		-1	1077.30967707	[1, 1, 1, 1, 1, 1, 1, 1, 1, 1, 1, 1]
	87479	40221	54908	2	M	47	A		-1	1077.3188555	[1, 1, 1, 1, 1, 1, 1, 1, 1, 1, 1, 1]
	88235	60784	58225	2	M	23	A		-1	1078.16115526	[1, 1, 1, 1, 1, 1, 1, 1, 1, 1, 1, 1]
	71468	39045	24868	2	M	47	A		-1	1078.17890068	[1, 1, 1, 1, 1, 1, 1, 1, 1, 1, 1, 0]
	117066	46003	41280	2	M	27	A		-1	1078.42124173	[1, 1, 1, 1, 1, 1, 1, 1, 1, 1, 1, 1]
	76017	46835	33062	2	M	59	A		-1	1078.54103463	[1, 1, 1, 1, 1, 1, 1, 1, 1, 1, 1, 1]
	105498	63927	50683	2	M	58	A		-1	1078.80558018	[0, 1, 1, 1, 0, 1, 1, 1, 1, 1, 1, 1]
	107283	50418	60360	2	M	85	A		-1	1079.19033055	[1, 1, 1, 1, 1, 1, 1, 1, 1, 1, 1, 1]
	37484	35060	2134	1	M	8	A		-1	1079.32168731	[1, 1, 1, 1, 1, 1, 1, 1, 1, 1, 1, 1]
	73220	37484	35502	2	M	70	A		-1	1079.4396696	[1, 1, 1, 1, 0, 1, 1, 1, 1, 1, 1, 1]
	92429	41615	62841	2	M	47	A		-1	1079.44017411	[1, 1, 0, 1, 1, 1, 1, 1, 1, 1, 1, 1]
	120472	36919	37690	2	M	4	A		-1	1079.65290161	[1, 1, 1, 1, 1, 1, 1, 1, 1, 1, 1, 1]
	85696	64497	12539	2	M	17	A		-1	1079.69789097	[1, 1, 1, 1, 1, 1, 1, 1, 1, 1, 1, 1]
	102210	43557	23567	2	M	72	A		-1	1080.00911468	[1, 1, 1, 1, 1, 1, 1, 1, 1, 1, 1, 0]
	99642	46835	51655	2	M	7	A		-1	1080.11824711	[1, 1, 1, 1, 1, 1, 1, 1, 1, 1, 1, 1]
	100848	54369	46034	2	M	97	A		-1	1080.42401115	[1, 1, 1, 1, 1, 1, 1, 1, 1, 1, 1, 1]
	96643	63774	48512	2	M	10	A		-1	1080.67449933	[1, 1, 1, 1, 1, 1, 1, 1, 1, 1, 1, 1]
	95386	64497	67956	2	M	7	A		-1	1080.97488711	[1, 1, 1, 1, 1, 1, 1, 1, 1, 1, 1, 1]
	95253	38441	37053	2	M	74	A		-1	1081.29008967	[1, 1, 1, 1, 1, 1, 1, 1, 1, 1, 1, 1]
	74780	39045	32895	2	M	26	A		-1	1081.74555015	[1, 1, 1, 1, 1, 1, 1, 1, 1, 1, 1, 0]
	100943	63486	55188	2	M	12	A		-1	1081.98248633	[1, 1, 1, 1, 1, 1, 1, 1, 1, 1, 1, 1]
	99365	59140	36215	2	M	76	A		-1	1082.14939994	[0, 1, 1, 1, 1, 1, 1, 1, 1, 1, 1, 1]
	119315	54792	59587	2	M	34	A		-1	1082.50148791	[1, 1, 1, 1, 1, 1, 1, 1, 1, 1, 1, 1]
	105486	61667	69535	2	M	94	A		-1	1082.53681229	[1, 1, 1, 1, 1, 1, 1, 1, 1, 1, 1, 1]
	89610	38441	38752	2	M	51	A		-1	1082.88467993	[1, 1, 1, 1, 1, 1, 1, 1, 1, 1, 1, 1]
	87355	50111	4066	2	M	61	A		-1	1082.94663931	[1, 1, 1, 1, 1, 1, 1, 1, 1, 1, 1, 1]
	72429	37644	22837	2	M	67	A		-1	1083.20392562	[1, 1, 1, 1, 1, 1, 1, 1, 1, 1, 1, 1]
	113776	60784	54141	2	M	12	A		-1	1083.50335773	[1, 1, 1, 1, 1, 1, 1, 1, 1, 1, 1, 1]
	117619	52587	49359	2	M	9	A		-1	1083.74150441	[1, 1, 1, 1, 1, 1, 1, 1, 1, 1, 1, 1]
	105293	63774	9669	2	M	5	A		-1	1084.06306039	[1, 1, 1, 1, 1, 1, 1, 1, 1, 1, 1, 1]
	112623	39045	48928	2	M	51	A		-1	1084.48599645	[1, 1, 1, 1, 1, 1, 1, 1, 1, 1, 1, 0]
	84913	46188	23470	2	M	88	A		-1	1084.52153474	[1, 1, 1, 1, 1, 1, 1, 1, 1, 1, 1, 1]
	96908	44574	65021	2	M	17	A		-1	1084.69916628	[1, 1, 1, 1, 1, 1, 1, 1, 1, 1, 1, 1]
	111892	36255	59121	2	M	25	A		-1	1084.97499502	[1, 1, 1, 1, 1, 1, 1, 1, 1, 1, 1, 1]
	89244	55667	53681	2	M	1	A		-1	1085.31663665	[1, 1, 1, 1, 1, 1, 1, 1, 1, 1, 1, 1]
	120691	61667	53976	2	M	51	A		-1	1085.33450982	[1, 1, 1, 1, 1, 1, 1, 1, 1, 1, 1, 1]
	38441	35267	3091	1	M	18	A		-1	1085.36434172	[1, 1, 1, 1, 1, 1, 1, 1, 1, 1, 1, 1]
	77244	46003	54263	2	M	31	A		-1	1086.15328955	[1, 1, 1, 1, 1, 1, 1, 1, 1, 1, 1, 1]
	121815	39045	41239	2	M	18	A		-1	1086.2067653	[1, 1, 1, 1, 1, 1, 1, 1, 1, 1, 1, 1]
	118038	69704	10979	2	M	16	A		-1	1087.04582374	[1, 1, 1, 1, 1, 1, 1, 1, 1, 1, 1, 1]
	119913	41615	45150	2	M	76	A		-1	1087.16645467	[0, 1, 0, 1, 1, 1, 1, 1, 1, 1, 1, 1]
	77025	69704	45417	2	M	63	A		-1	1087.5431693	[1, 1, 1, 1, 1, 1, 1, 1, 1, 1, 1, 1]
	77325	49616	3951	2	M	77	A		-1	1087.77017462	[1, 1, 1, 1, 1, 1, 1, 0, 1, 1, 1, 1]
	98614	63486	40397	2	M	12	A		-1	1087.8070757	[1, 1, 1, 1, 1, 1, 1, 1, 1, 1, 1, 1]
	87634	50111	51574	2	M	40	A		-1	1087.81925891	[1, 1, 1, 1, 1, 1, 1, 1, 1, 1, 1, 1]
	103830	49616	35639	2	M	16	A		-1	1088.48049676	[1, 1, 1, 1, 1, 1, 1, 0, 1, 1, 1, 1]
	99201	63486	31280	2	M	65	A		-1	1089.22271131	[1, 1, 1, 1, 1, 1, 1, 1, 1, 1, 1, 1]
	69704	35151	34354	1	M	95	A		-1	1089.27324023	[1, 1, 1, 1, 1, 1, 1, 1, 1, 1, 1, 1]
	96688	37484	54644	2	M	71	A		-1	1089.62627624	[1, 1, 1, 1, 1, 1, 1, 1, 1, 1, 1, 1]
	82107	50684	65979	2	M	99	A		-1	1089.69690017	[1, 1, 1, 1, 1, 1, 1, 1, 1, 1, 1, 1]
	86108	50418	60142	2	M	42	A		-1	1089.90231365	[1, 1, 1, 1, 1, 1, 1, 1, 1, 1, 1, 1]
	109131	36919	51677	2	M	2	A		-1	1089.92314415	[1, 1, 1, 1, 1, 1, 1, 1, 1, 1, 1, 1]
	113147	52587	55501	2	M	25	A		-1	1089.9858932	[1, 1, 1, 1, 1, 1, 1, 1, 1, 1, 1, 0]
	97353	54792	60908	2	M	77	A		-1	1090.21420894	[1, 1, 1, 1, 1, 1, 1, 1, 1, 1, 1, 1]
	113516	52688	36168	2	M	41	A		-1	1090.41341055	[1, 1, 1, 1, 1, 1, 1, 1, 1, 1, 1, 1]
	119767	69704	41485	2	M	46	A		-1	1090.86106134	[1, 1, 1, 1, 1, 1, 1, 1, 1, 1, 1, 1]
	71160	37955	63857	2	M	16	A		-1	1090.92645115	[1, 1, 1, 1, 1, 1, 1, 1, 1, 1, 1, 1]
	89360	36826	47346	2	M	47	A		-1	1090.92759371	[1, 1, 1, 1, 1, 1, 1, 1, 1, 1, 1, 1]
	75073	50111	32466	2	M	23	A		-1	1091.50450729	[1, 1, 1, 1, 1, 1, 1, 1, 1, 1, 1, 1]
	75686	38441	33800	2	M	87	A		-1	1091.981089	[1, 1, 1, 1, 1, 1, 1, 1, 1, 1, 1, 1]
	85068	47441	58227	2	M	42	A		-1	1092.04538199	[1, 1, 1, 1, 1, 1, 1, 1, 1, 1, 1, 1]
	117174	38284	65612	2	M	0	A		-1	1092.91122787	[1, 1, 1, 1, 1, 1, 1, 1, 1, 1, 1, 1]
	116757	39045	6762	2	M	9	A		-1	1092.96171239	[1, 1, 1, 1, 1, 1, 1, 1, 1, 1, 1, 1]
	114161	63486	46923	2	M	67	A		-1	1093.04722225	[1, 1, 1, 1, 1, 1, 1, 1, 1, 1, 1, 1]
	109618	41615	64820	2	M	60	A		-1	1093.11638713	[1, 1, 0, 1, 1, 1, 1, 1, 1, 1, 1, 1]
	118136	39045	18958	2	M	72	A		-1	1093.41391803	[1, 1, 1, 1, 1, 1, 1, 1, 1, 1, 1, 0]
	91337	54492	40543	2	M	35	A		-1	1093.53527459	[1, 1, 1, 1, 1, 1, 1, 1, 1, 1, 1, 0]
	92338	39045	50593	2	M	28	A		-1	1093.6597368	[1, 1, 1, 1, 1, 1, 1, 1, 1, 1, 1, 0]
	103674	37955	44980	2	M	78	A		-1	1094.17038798	[1, 1, 1, 1, 1, 1, 1, 1, 1, 1, 1, 1]
	55586	35006	20236	1	M	56	A		-1	1094.22114573	[1, 1, 1, 1, 1, 0, 1, 1, 1, 1, 1, 1]
	88704	55667	36931	2	M	49	A		-1	1094.47318797	[1, 1, 1, 1, 1, 1, 1, 1, 1, 1, 1, 1]
	76555	54792	53846	2	M	91	A		-1	1094.57249896	[1, 1, 1, 1, 1, 1, 1, 1, 1, 1, 1, 1]
	76860	46835	43619	2	M	17	A		-1	1095.116863	[1, 1, 1, 1, 1, 1, 1, 1, 1, 1, 1, 1]
	102960	60423	19735	2	M	59	A		-1	1095.12678471	[1, 1, 1, 1, 1, 1, 1, 0, 1, 1, 1, 1]
	106687	49616	14940	2	M	7	A		-1	1095.43896348	[1, 1, 1, 1, 1, 1, 1, 1, 1, 1, 1, 1]
	118177	37955	23337	2	M	93	A		-1	1095.90557356	[0, 1, 1, 1, 1, 1, 1, 1, 1, 1, 1, 1]
	94977	55586	60027	2	M	57	A		-1	1096.17597765	[1, 1, 1, 1, 1, 1, 1, 1, 1, 1, 1, 1]
	112129	44107	62340	2	M	10	A		-1	1096.25112085	[1, 1, 1, 1, 1, 1, 1, 1, 1, 1, 1, 1]
	119182	49616	53374	2	M	64	A		-1	1096.39205481	[1, 1, 1, 1, 1, 1, 1, 1, 1, 1, 1, 1]
	109947	36826	18203	2	M	43	A		-1	1096.46225327	[0, 1, 1, 1, 1, 1, 1, 1, 1, 1, 1, 1]
	81936	64326	43408	2	M	74	A		-1	1096.51551248	[1, 1, 1, 1, 1, 1, 1, 1, 1, 1, 1, 1]
	93316	69387	59574	2	M	90	A		-1	1096.5604246	[1, 1, 1, 1, 1, 1, 1, 1, 1, 1, 1, 1]
	107054	64497	40838	2	M	67	A		-1	1096.64247423	[1, 1, 1, 1, 1, 1, 1, 1, 1, 1, 1, 1]
	120755	41615	10312	2	M	22	A		-1	1096.67729078	[1, 1, 0, 1, 1, 1, 1, 1, 1, 1, 1, 1]
	108128	54492	61944	2	M	29	A		-1	1098.25313934	[1, 1, 1, 1, 1, 1, 1, 1, 1, 1, 1, 1]
	73864	37484	14753	2	M	17	A		-1	1098.30766867	[1, 1, 1, 1, 1, 1, 1, 1, 1, 1, 1, 1]
	103423	40221	55340	2	M	32	A		-1	1098.52765989	[1, 1, 1, 1, 1, 1, 1, 1, 1, 1, 1, 1]
	76334	37955	51932	2	M	25	A		-1	1099.13297749	[1, 1, 1, 1, 1, 1, 1, 1, 1, 1, 1, 1]
	80868	36255	42640	2	M	55	A		-1	1099.21113811	[1, 1, 1, 1, 1, 1, 1, 1, 1, 1, 1, 1]
	107260	64326	54332	2	M	18	A		-1	1100.32978052	[0, 1, 1, 1, 1, 1, 1, 1, 1, 1, 1, 1]
	81568	50684	35991	2	M	99	A		-1	1100.85118949	[1, 1, 1, 1, 1, 1, 1, 1, 1, 1, 1, 1]
	78941	69387	70119	2	M	20	A		-1	1101.10523659	[1, 1, 1, 0, 1, 1, 1, 1, 1, 1, 1, 1]
	100623	36919	12869	2	M	78	A		-1	1101.13347508	[1, 1, 1, 1, 1, 1, 1, 1, 1, 1, 1, 1]
	109250	60423	22120	2	M	93	A		-1	1101.27107791	[0, 1, 1, 1, 1, 1, 1, 1, 1, 1, 1, 1]
	101430	54369	61688	2	M	49	A		-1	1101.52045904	[1, 1, 1, 1, 1, 1, 1, 1, 1, 1, 1, 1]
	119014	54492	37133	2	M	83	A		-1	1101.70407405	[1, 1, 1, 0, 1, 1, 1, 1, 1, 1, 1, 1]
	100648	37644	59806	2	M	61	A		-1	1101.72073696	[1, 1, 1, 1, 1, 1, 1, 1, 1, 1, 1, 1]
	79425	61667	56952	2	M	96	A		-1	1101.86062711	[1, 1, 1, 1, 1, 1, 1, 1, 1, 1, 1, 1]
	70956	69387	48329	2	M	0	A		-1	1102.17937378	[1, 1, 1, 0, 1, 1, 1, 1, 1, 1, 1, 1]
	88453	60423	41955	2	M	60	A		-1	1102.78086039	[1, 1, 1, 1, 1, 1, 1, 1, 1, 1, 1, 1]
	119358	54792	61306	2	M	18	A		-1	1102.83684744	[1, 1, 1, 1, 1, 1, 1, 1, 1, 1, 1, 1]
	95190	50111	52070	2	M	2	A		-1	1102.87339868	[1, 1, 1, 1, 1, 1, 1, 1, 1, 1, 1, 0]
	86626	37484	31202	2	M	55	A		-1	1102.93322657	[1, 1, 1, 1, 1, 1, 1, 1, 1, 1, 1, 1]
	85398	64326	60011	2	M	53	A		-1	1103.08635532	[1, 1, 1, 1, 1, 1, 1, 1, 1, 1, 1, 1]
	110048	63927	51028	2	M	53	A		-1	1103.66895345	[1, 1, 1, 1, 1, 1, 1, 1, 1, 1, 1, 1]
	101534	50418	56247	2	M	79	A		-1	1103.9753193	[1, 1, 1, 1, 1, 1, 1, 1, 1, 1, 1, 1]
	112609	46188	39041	2	M	33	A		-1	1104.40158883	[1, 1, 1, 1, 1, 1, 1, 1, 1, 1, 1, 1]
	81711	59140	38845	2	M	46	A		-1	1104.46587337	[1, 1, 1, 1, 1, 1, 1, 1, 1, 1, 1, 1]
	71427	47441	15098	2	M	63	A		-1	1104.51075873	[1, 1, 1, 1, 1, 1, 1, 1, 1, 1, 1, 1]
	92452	50111	44007	2	M	29	A		-1	1104.67227968	[1, 1, 1, 1, 1, 1, 1, 1, 1, 1, 1, 1]
	120818	50684	55580	2	M	53	A		-1	1104.67399684	[1, 1, 1, 1, 1, 1, 1, 1, 1, 1, 1, 1]
	77333	36919	68094	2	M	63	A		-1	1105.08400835	[1, 1, 1, 1, 1, 1, 1, 1, 1, 1, 1, 1]
	78682	41615	37093	2	M	33	A		-1	1105.35632336	[1, 1, 1, 1, 1, 1, 1, 1, 1, 1, 1, 1]
	122437	69704	33881	2	M	12	A		-1	1105.55005504	[0, 1, 1, 1, 1, 1, 1, 1, 1, 1, 1, 1]
	117818	63486	31189	2	M	81	A		-1	1106.13240956	[1, 1, 1, 1, 1, 1, 1, 1, 1, 1, 1, 1]
	80783	55586	64716	2	M	21	A		-1	1106.26491808	[1, 1, 1, 1, 1, 1, 1, 1, 1, 1, 1, 1]
	104356	62358	35796	2	M	57	A		-1	1106.27671651	[1, 1, 1, 1, 1, 1, 0, 1, 1, 1, 1, 1]
	115794	49616	70169	2	M	1	A		-1	1106.83882749	[1, 1, 1, 1, 1, 1, 1, 0, 1, 1, 1, 1]
	83902	63688	43754	2	M	40	A		-1	1106.83966349	[1, 1, 1, 1, 1, 1, 1, 1, 1, 1, 1, 1]
	89705	61667	2170	2	M	69	A		-1	1107.00258596	[1, 1, 1, 1, 1, 1, 1, 1, 1, 1, 1, 0]
	106439	36255	51668	2	M	28	A		-1	1107.25055502	[1, 1, 1, 1, 1, 1, 1, 1, 1, 1, 1, 1]
	80725	54369	50714	2	M	99	A		-1	1107.32862957	[1, 1, 1, 1, 1, 1, 1, 1, 1, 1, 1, 1]
	87662	67946	60457	2	M	85	A		-1	1107.50497061	[1, 1, 1, 0, 1, 1, 1, 1, 1, 1, 1, 1]
	113877	63486	64390	2	M	10	A		-1	1107.69315913	[1, 1, 1, 1, 1, 1, 1, 1, 1, 1, 1, 1]
	71256	46003	67052	2	M	27	A		-1	1107.82974644	[1, 1, 1, 1, 1, 1, 1, 1, 1, 1, 1, 1]
	87015	50684	35875	2	M	28	A		-1	1108.02632812	[1, 1, 1, 1, 1, 1, 1, 1, 1, 1, 1, 1]
	111826	63774	69936	2	M	23	A		-1	1108.38545252	[1, 1, 1, 1, 1, 1, 1, 1, 1, 1, 1, 1]
	116452	52688	41415	2	M	64	A		-1	1108.65782748	[1, 1, 1, 1, 1, 0, 1, 1, 1, 1, 1, 1]
	102835	52587	40448	2	M	33	A		-1	1108.75993708	[1, 1, 1, 1, 1, 1, 1, 1, 1, 1, 1, 1]
	78321	37955	1218	2	M	16	A		-1	1108.91478163	[1, 1, 1, 1, 1, 1, 1, 1, 1, 1, 1, 1]
	103898	49616	35709	2	M	11	A		-1	1109.28157598	[1, 1, 1, 1, 1, 1, 1, 0, 1, 1, 1, 1]
	100516	67946	44799	2	M	47	A		-1	1109.64414682	[1, 1, 1, 1, 1, 1, 1, 1, 1, 1, 1, 1]
	85125	47441	39067	2	M	28	A		-1	1109.66559564	[0, 1, 1, 1, 1, 1, 1, 1, 1, 1, 1, 1]
	83557	55667	14526	2	M	25	A		-1	1109.77472619	[1, 1, 1, 1, 1, 1, 1, 1, 1, 1, 1, 1]
	106445	44574	6422	2	M	69	A		-1	1110.50380985	[1, 1, 1, 1, 1, 1, 1, 1, 1, 1, 1, 1]
	95020	55603	55972	2	M	97	A		-1	1110.64803734	[1, 1, 1, 1, 1, 1, 1, 1, 1, 1, 1, 0]
	77519	62358	59029	2	M	28	A		-1	1111.33385671	[1, 1, 1, 1, 1, 1, 1, 1, 1, 1, 1, 1]
	118247	60423	956	2	M	45	A		-1	1113.09572112	[1, 1, 1, 1, 1, 1, 1, 0, 1, 1, 1, 1]
	100808	63486	66639	2	M	19	A		-1	1113.35346585	[1, 1, 1, 1, 1, 1, 1, 1, 1, 1, 1, 1]
	44574	35308	9224	1	M	35	A		-1	1113.67791005	[1, 1, 1, 1, 1, 1, 1, 1, 1, 1, 1, 1]
	107876	38441	53176	2	M	18	A		-1	1113.80175279	[1, 1, 1, 1, 1, 1, 1, 1, 1, 1, 1, 1]
	94102	55586	35368	2	M	61	A		-1	1113.8877338	[1, 1, 1, 1, 1, 1, 1, 1, 1, 1, 1, 1]
	86208	45963	49441	2	M	74	A		-1	1114.05661367	[1, 1, 1, 1, 1, 1, 1, 1, 1, 1, 1, 1]
	106118	69620	49661	2	M	70	A		-1	1114.17405662	[1, 1, 1, 1, 1, 1, 1, 1, 1, 1, 1, 1]
	119192	69620	19823	2	M	39	A		-1	1114.3200224	[1, 1, 1, 1, 1, 1, 1, 1, 1, 1, 1, 1]
	118326	36255	58878	2	M	78	A		-1	1114.35501858	[1, 1, 1, 1, 1, 1, 1, 1, 1, 1, 1, 1]
	119211	36255	42140	2	M	96	A		-1	1114.51816377	[1, 1, 1, 1, 1, 1, 1, 1, 1, 1, 1, 1]
	111652	59140	2150	2	M	90	A		-1	1114.62151618	[0, 1, 1, 1, 1, 1, 1, 1, 1, 1, 1, 1]
	116539	49616	53219	2	M	59	A		-1	1114.64133153	[1, 1, 1, 1, 1, 1, 1, 0, 1, 1, 1, 1]
	87982	59140	22832	2	M	89	A		-1	1115.96088414	[1, 1, 1, 1, 1, 1, 1, 1, 1, 1, 1, 0]
	86520	50111	8560	2	M	38	A		-1	1116.22559477	[1, 1, 1, 1, 1, 1, 1, 1, 1, 1, 1, 1]
	87133	61667	65619	2	M	10	A		-1	1116.94159599	[1, 1, 1, 1, 1, 1, 1, 1, 1, 1, 1, 1]
	116455	36826	35363	2	M	48	A		-1	1117.17975293	[1, 1, 1, 1, 1, 1, 1, 1, 1, 1, 1, 1]
	84579	45794	7097	2	M	58	A		-1	1117.48880719	[1, 1, 1, 1, 1, 1, 1, 1, 1, 1, 1, 1]
	75237	43557	63008	2	M	74	A		-1	1118.01164477	[1, 1, 1, 1, 1, 1, 1, 1, 1, 1, 1, 1]
	78578	54492	61022	2	M	26	A		-1	1118.45416081	[1, 1, 1, 0, 1, 1, 1, 1, 1, 1, 1, 1]
	110841	50418	64386	2	M	72	A		-1	1118.63080628	[1, 1, 1, 1, 1, 1, 1, 1, 1, 1, 1, 1]
	102137	44574	30259	2	M	77	A		-1	1118.66058822	[1, 1, 1, 1, 1, 1, 1, 1, 1, 1, 1, 1]
	93977	36826	56271	2	M	27	A		-1	1118.93969086	[1, 1, 1, 0, 1, 1, 1, 1, 1, 1, 1, 1]
	72799	39045	62646	2	M	59	A		-1	1119.08485581	[1, 1, 1, 1, 1, 1, 1, 1, 1, 1, 1, 0]
	78277	52688	39746	2	M	72	A		-1	1119.11703349	[1, 1, 1, 1, 1, 1, 1, 1, 1, 1, 1, 1]
	76746	36255	14804	2	M	94	A		-1	1119.20094346	[1, 1, 1, 1, 1, 1, 1, 1, 1, 1, 1, 1]
	118600	55402	48249	2	M	45	A		-1	1119.39518485	[1, 1, 1, 1, 1, 1, 1, 1, 1, 1, 1, 1]
	97372	49616	12470	2	M	82	A		-1	1119.4603524	[1, 1, 1, 1, 1, 1, 1, 1, 1, 1, 1, 1]
	97179	54492	63171	2	M	34	A		-1	1119.53729574	[1, 1, 1, 0, 1, 1, 1, 1, 1, 1, 1, 1]
	89309	38441	70186	2	M	7	A		-1	1119.85388718	[1, 1, 1, 1, 1, 1, 1, 1, 1, 1, 1, 1]
	104972	50418	28569	2	M	26	A		-1	1119.88406409	[1, 1, 1, 1, 1, 1, 1, 1, 1, 1, 1, 1]
	86029	55402	63944	2	M	8	A		-1	1120.57320179	[1, 1, 1, 1, 1, 1, 1, 1, 1, 1, 1, 1]
	110666	36255	44843	2	M	61	A		-1	1120.7022275	[1, 1, 1, 1, 1, 1, 1, 1, 1, 1, 1, 1]
	103761	37955	41808	2	M	97	A		-1	1121.74519499	[1, 1, 1, 0, 1, 1, 1, 1, 1, 1, 1, 1]
	89852	54492	38031	2	M	69	A		-1	1121.81516961	[1, 1, 0, 1, 1, 1, 1, 1, 1, 1, 1, 1]
	98597	55667	36448	2	M	90	A		-1	1121.84967967	[1, 1, 1, 1, 0, 1, 1, 1, 1, 1, 1, 1]
	107119	63688	69656	2	M	45	A		-1	1122.10031129	[1, 1, 1, 1, 1, 1, 1, 1, 1, 1, 1, 1]
	103326	46835	46956	2	M	77	A		-1	1122.18431014	[1, 0, 1, 1, 1, 1, 1, 1, 1, 1, 1, 1]
	88222	40221	48073	2	M	12	A		-1	1122.40390318	[1, 1, 1, 1, 1, 1, 1, 1, 1, 1, 1, 1]
	80481	55667	46764	2	M	90	A		-1	1123.1821619	[1, 1, 1, 1, 1, 1, 1, 1, 1, 1, 1, 1]
	113858	44574	51249	2	M	41	A		-1	1123.66461706	[1, 1, 1, 1, 1, 1, 1, 1, 1, 1, 1, 1]
	73650	50111	19218	2	M	43	A		-1	1124.15600367	[1, 1, 1, 1, 1, 1, 1, 1, 1, 1, 1, 1]
	117634	47441	7048	2	M	58	A		-1	1124.27323514	[1, 1, 1, 1, 1, 1, 1, 1, 1, 1, 1, 1]
	83904	37955	6571	2	M	90	A		-1	1124.4528693	[1, 1, 1, 1, 1, 1, 1, 1, 1, 1, 1, 1]
	115744	44574	67570	2	M	80	A		-1	1124.52835164	[1, 1, 1, 1, 1, 1, 1, 1, 1, 1, 1, 1]
	78869	45794	16405	2	M	32	A		-1	1124.54482613	[1, 1, 1, 0, 1, 1, 1, 1, 1, 1, 1, 1]
	120003	37955	38964	2	M	17	A		-1	1124.64650562	[1, 1, 1, 1, 1, 1, 1, 1, 1, 1, 1, 1]
	117241	60784	50798	2	M	15	A		-1	1124.75913605	[1, 1, 1, 1, 1, 1, 1, 1, 1, 1, 1, 1]
	73105	50418	44763	2	M	43	A		-1	1124.76183274	[1, 1, 1, 1, 1, 1, 1, 1, 1, 1, 1, 1]
	114820	67946	39189	2	M	66	A		-1	1125.09945763	[1, 1, 1, 1, 1, 1, 1, 1, 1, 1, 1, 1]
	103526	67946	1755	2	M	67	A		-1	1125.14313856	[1, 1, 1, 1, 1, 1, 1, 1, 1, 1, 1, 1]
	112337	67946	57904	2	M	49	A		-1	1125.30143621	[1, 1, 1, 0, 1, 1, 1, 1, 1, 1, 1, 1]
	97600	63688	41737	2	M	14	A		-1	1125.87424105	[1, 1, 1, 1, 1, 1, 1, 1, 1, 1, 1, 1]
	79259	36826	37243	2	M	41	A		-1	1126.0040595	[1, 1, 1, 1, 1, 1, 1, 1, 1, 1, 1, 1]
	76130	55603	6452	2	M	70	A		-1	1126.23671766	[1, 1, 1, 0, 1, 1, 1, 1, 1, 1, 1, 1]
	119102	47224	14483	2	M	23	A		-1	1126.28733	[1, 1, 1, 1, 1, 1, 1, 1, 1, 1, 1, 1]
	101361	55603	64115	2	M	27	A		-1	1126.60012516	[1, 1, 1, 1, 1, 1, 1, 1, 1, 1, 1, 1]
	85815	50111	65497	2	M	85	A		-1	1126.81797555	[1, 1, 1, 1, 1, 1, 1, 1, 1, 1, 1, 1]
	114394	63927	46468	2	M	83	A		-1	1127.71219791	[1, 1, 1, 1, 1, 1, 1, 1, 1, 1, 1, 1]
	77948	50111	48117	2	M	54	A		-1	1127.74065756	[1, 1, 1, 1, 1, 1, 1, 1, 1, 1, 1, 1]
	87817	60423	66952	2	M	94	A		-1	1128.1049921	[1, 1, 1, 1, 1, 1, 1, 0, 1, 1, 1, 1]
	78979	54492	47312	2	M	98	A		-1	1128.59925385	[1, 1, 1, 0, 1, 1, 1, 1, 1, 1, 1, 1]
	98777	37484	64981	2	M	36	A		-1	1128.72159752	[1, 1, 1, 1, 1, 1, 1, 1, 1, 1, 1, 1]
	73858	47224	40854	2	M	91	A		-1	1129.11805977	[1, 1, 1, 1, 1, 0, 1, 1, 1, 1, 1, 1]
	112326	54492	65492	2	M	37	A		-1	1129.29809561	[1, 1, 1, 0, 1, 1, 1, 1, 1, 1, 1, 1]
	108879	47441	65437	2	M	10	A		-1	1129.56200389	[1, 1, 1, 1, 1, 1, 1, 1, 1, 1, 1, 1]
	116063	69704	312	2	M	4	A		-1	1129.69098259	[1, 1, 1, 1, 1, 1, 1, 1, 1, 1, 1, 1]
	98458	43557	62873	2	M	84	A		-1	1130.25392218	[1, 1, 1, 1, 1, 1, 1, 1, 1, 1, 1, 1]
	120729	47224	62872	2	M	25	A		-1	1130.54296291	[1, 1, 1, 1, 1, 1, 1, 1, 1, 1, 1, 1]
	108374	39045	39867	2	M	39	A		-1	1131.53351579	[1, 1, 1, 1, 1, 1, 1, 1, 1, 1, 1, 0]
	72151	55586	1351	2	M	78	A		-1	1131.73300451	[1, 1, 1, 1, 1, 1, 1, 1, 1, 1, 1, 1]
	102527	63460	38322	2	M	77	A		-1	1131.86454642	[1, 1, 1, 1, 1, 1, 1, 1, 1, 1, 1, 1]
	109675	39045	55517	2	M	20	A		-1	1132.07569812	[1, 1, 1, 1, 1, 1, 1, 1, 1, 1, 1, 0]
	73179	50684	44052	2	M	49	A		-1	1132.28051383	[1, 1, 1, 1, 1, 1, 1, 1, 1, 1, 1, 1]
	97307	36919	22053	2	M	54	A		-1	1132.59526674	[1, 1, 1, 1, 1, 1, 1, 1, 1, 1, 1, 1]
	83541	59140	48663	2	M	75	A		-1	1133.35197033	[0, 1, 1, 1, 1, 1, 1, 1, 1, 1, 1, 1]
	94731	69704	46305	2	M	90	A		-1	1133.8526674	[1, 1, 1, 1, 1, 1, 1, 1, 1, 1, 1, 1]
	78635	54369	41553	2	M	32	A		-1	1134.00477696	[1, 1, 1, 1, 1, 1, 1, 1, 1, 1, 1, 1]
	72185	54369	21915	2	M	94	A		-1	1135.53981814	[1, 1, 1, 1, 1, 1, 1, 1, 1, 1, 1, 1]
	74819	64326	38246	2	M	42	A		-1	1135.66529646	[0, 1, 1, 1, 1, 1, 1, 1, 1, 1, 1, 1]
	118243	41615	43435	2	M	27	A		-1	1136.27916752	[1, 1, 1, 1, 1, 1, 1, 1, 1, 1, 1, 1]
	74237	63927	46757	2	M	59	A		-1	1136.49306032	[1, 1, 1, 1, 1, 1, 1, 1, 1, 1, 1, 1]
	98748	41615	41698	2	M	94	A		-1	1137.9524739	[1, 0, 1, 1, 1, 1, 1, 1, 1, 1, 1, 1]
	104915	67946	64154	2	M	54	A		-1	1137.99955092	[1, 1, 1, 1, 1, 1, 1, 1, 1, 1, 1, 1]
	76221	54492	59083	2	M	42	A		-1	1138.33489562	[1, 1, 1, 1, 1, 1, 1, 1, 1, 1, 1, 1]
	71983	38284	48509	2	M	20	A		-1	1138.65969913	[1, 1, 1, 1, 1, 1, 1, 1, 1, 1, 1, 1]
	75847	64326	64522	2	M	52	A		-1	1138.76374146	[1, 1, 1, 1, 1, 1, 1, 1, 1, 1, 1, 1]
	95385	67946	66707	2	M	34	A		-1	1139.17831832	[1, 1, 1, 1, 1, 1, 1, 1, 1, 1, 1, 1]
	91527	52688	49541	2	M	88	A		-1	1139.22385462	[1, 1, 1, 1, 1, 0, 1, 1, 1, 1, 1, 1]
	102011	41615	70230	2	M	80	A		-1	1139.44756913	[1, 1, 0, 1, 1, 1, 1, 1, 1, 1, 1, 1]
	86557	55586	58204	2	M	72	A		-1	1139.54652596	[1, 1, 1, 1, 1, 0, 1, 1, 1, 1, 1, 1]
	98258	43557	51793	2	M	66	A		-1	1139.82970614	[1, 1, 1, 0, 1, 1, 1, 1, 1, 1, 1, 1]
	36255	35159	905	1	M	94	A		-1	1139.83731864	[1, 1, 1, 1, 1, 1, 1, 1, 1, 1, 1, 1]
	86021	55402	51444	2	M	47	A		-1	1139.88318283	[1, 1, 1, 1, 1, 1, 1, 1, 1, 1, 1, 1]
	83574	52688	35417	2	M	62	A		-1	1139.96176588	[1, 1, 1, 1, 1, 1, 1, 1, 1, 1, 1, 1]
	122073	46003	15024	2	M	0	A		-1	1140.47472827	[1, 1, 1, 1, 1, 1, 1, 1, 1, 1, 1, 1]
	111316	46835	40322	2	M	99	A		-1	1141.0649791	[1, 1, 1, 1, 1, 1, 1, 1, 1, 1, 1, 1]
	78984	63774	66200	2	M	58	A		-1	1141.61558345	[1, 1, 1, 1, 1, 1, 1, 1, 1, 1, 1, 1]
	41615	35159	6265	1	M	21	A		-1	1141.70879307	[1, 1, 0, 1, 1, 1, 1, 1, 1, 1, 1, 1]
	83599	36255	50657	2	M	14	A		-1	1142.24527079	[1, 1, 1, 1, 1, 1, 1, 1, 1, 1, 1, 1]
	108304	55603	20104	2	M	30	A		-1	1142.31958618	[1, 1, 1, 1, 1, 1, 1, 1, 1, 1, 1, 1]
	70429	55586	55731	2	M	96	A		-1	1142.60059471	[1, 1, 1, 1, 1, 0, 1, 1, 1, 1, 1, 1]
	113680	46188	7125	2	M	94	A		-1	1142.96014354	[1, 1, 1, 1, 1, 1, 1, 1, 1, 1, 1, 1]
	78550	55586	35727	2	M	15	A		-1	1143.01165758	[1, 1, 1, 1, 1, 0, 1, 1, 1, 1, 1, 1]
	122501	54492	56357	2	M	11	A		-1	1143.05850341	[1, 1, 1, 0, 1, 0, 1, 1, 1, 1, 1, 1]
	73223	60423	40371	2	M	47	A		-1	1143.51901637	[1, 1, 1, 1, 1, 1, 1, 0, 1, 1, 1, 1]
	100473	63486	57721	2	M	38	A		-1	1144.79619065	[1, 1, 1, 1, 1, 1, 1, 1, 1, 1, 1, 1]
	104259	67946	54076	2	M	33	A		-1	1145.00765074	[1, 1, 1, 0, 1, 1, 1, 1, 1, 1, 1, 1]
	118392	69704	65842	2	M	64	A		-1	1145.58732164	[1, 1, 1, 1, 1, 1, 1, 1, 1, 1, 1, 1]
	104454	52688	48474	2	M	42	A		-1	1146.19824836	[1, 1, 1, 1, 1, 0, 1, 1, 1, 1, 1, 1]
	86039	36255	52957	2	M	17	A		-1	1146.27778018	[1, 1, 1, 1, 1, 1, 1, 1, 1, 1, 1, 1]
	108648	50418	36583	2	M	64	A		-1	1146.66813546	[1, 1, 1, 1, 1, 1, 1, 1, 1, 1, 1, 1]
	83442	36255	57151	2	M	25	A		-1	1147.18247388	[1, 1, 1, 1, 1, 1, 1, 1, 1, 1, 1, 0]
	88536	64326	50085	2	M	0	A		-1	1147.26983132	[1, 1, 1, 1, 0, 1, 1, 1, 1, 1, 1, 1]
	70357	41615	37613	2	M	34	A		-1	1147.296935	[1, 1, 0, 1, 1, 1, 1, 1, 1, 1, 1, 0]
	121198	63927	39676	2	M	55	A		-1	1148.0197614	[0, 1, 1, 1, 1, 1, 1, 1, 1, 1, 1, 1]
	99973	64326	30466	2	M	52	A		-1	1148.05949555	[1, 1, 1, 1, 1, 1, 1, 1, 1, 1, 1, 1]
	116283	43557	7672	2	M	86	A		-1	1149.59470663	[1, 1, 1, 1, 1, 1, 1, 1, 1, 1, 1, 1]
	82445	54492	44251	2	M	43	A		-1	1149.60808087	[1, 1, 1, 0, 1, 1, 1, 1, 1, 1, 1, 1]
	104310	62358	67327	2	M	74	A		-1	1150.51689748	[1, 1, 1, 1, 1, 1, 1, 1, 1, 1, 1, 1]
	113679	41615	3992	2	M	88	A		-1	1150.81160523	[1, 1, 1, 1, 1, 1, 1, 1, 1, 1, 1, 1]
	98179	69704	55434	2	M	48	A		-1	1151.22307693	[1, 1, 1, 1, 1, 1, 1, 1, 1, 1, 1, 1]
	111179	38441	48884	2	M	39	A		-1	1152.24930507	[1, 1, 0, 1, 1, 1, 1, 1, 1, 1, 1, 1]
	108488	36255	7540	2	M	95	A		-1	1152.40756374	[1, 0, 1, 1, 1, 1, 1, 1, 1, 1, 1, 1]
	95187	47441	46161	2	M	58	A		-1	1153.82729218	[1, 1, 1, 1, 1, 1, 1, 1, 1, 1, 1, 0]
	115678	44574	48394	2	M	13	A		-1	1155.08459611	[0, 1, 1, 1, 1, 0, 1, 0, 1, 1, 1, 1]
	88729	36919	19977	2	M	87	A		-1	1155.22400672	[1, 1, 1, 1, 1, 1, 1, 1, 1, 1, 1, 1]
	81495	45794	57727	2	M	25	A		-1	1155.52164908	[0, 1, 1, 1, 1, 1, 1, 1, 1, 1, 1, 1]
	122240	55667	31988	2	M	80	A		-1	1155.76635529	[1, 1, 1, 1, 1, 1, 1, 1, 1, 1, 1, 1]
	107277	60784	42480	2	M	29	A		-1	1156.7023927	[1, 1, 1, 0, 1, 1, 1, 1, 1, 1, 1, 1]
	74794	47441	23136	2	M	67	A		-1	1156.78799943	[1, 1, 1, 1, 1, 1, 1, 1, 1, 1, 1, 1]
	100678	45794	49660	2	M	89	A		-1	1157.07409992	[1, 1, 1, 1, 1, 1, 1, 1, 1, 1, 1, 1]
	100542	39045	36829	2	M	8	A		-1	1157.91565478	[1, 1, 1, 1, 1, 1, 1, 1, 1, 1, 1, 1]
	108110	44574	47311	2	M	1	A		-1	1158.56836166	[1, 1, 1, 1, 1, 1, 1, 1, 1, 1, 1, 1]
	116592	63460	38627	2	M	47	A		-1	1158.6639063	[1, 1, 1, 1, 1, 1, 1, 1, 1, 1, 1, 1]
	82566	59140	66666	2	M	68	A		-1	1158.68765424	[1, 1, 1, 1, 1, 1, 1, 1, 1, 1, 1, 1]
	113100	45963	65022	2	M	4	A		-1	1159.39067557	[1, 1, 1, 1, 1, 1, 1, 1, 1, 1, 0, 1]
	107954	47441	59591	2	M	46	A		-1	1160.19175769	[1, 1, 1, 1, 1, 1, 1, 1, 1, 1, 1, 1]
	87317	36826	42824	2	M	55	A		-1	1161.70684418	[1, 1, 1, 1, 1, 1, 1, 1, 1, 1, 1, 1]
	81575	63927	40885	2	M	28	A		-1	1161.87238304	[1, 1, 1, 1, 1, 1, 1, 1, 1, 1, 1, 1]
	98083	50111	43936	2	M	70	A		-1	1162.26150881	[1, 1, 1, 1, 1, 1, 1, 1, 1, 1, 1, 1]
	86431	46835	50848	2	M	74	A		-1	1162.55487181	[1, 1, 1, 1, 1, 1, 1, 1, 1, 1, 1, 1]
	93717	38284	6307	2	M	0	A		-1	1163.47449018	[1, 1, 1, 1, 1, 1, 1, 1, 1, 1, 1, 1]
	103975	50418	41941	2	M	39	A		-1	1163.81742996	[1, 1, 1, 1, 1, 1, 1, 1, 1, 1, 1, 1]
	91182	52587	56081	2	M	32	A		-1	1164.21904356	[1, 1, 1, 1, 1, 0, 1, 1, 1, 1, 1, 0]
	74646	52587	57913	2	M	53	A		-1	1164.33325283	[1, 1, 1, 1, 1, 1, 1, 1, 1, 1, 1, 1]
	95055	69704	46729	2	M	74	A		-1	1164.49352793	[1, 1, 1, 1, 1, 1, 1, 1, 1, 1, 1, 1]
	88377	62358	60486	2	M	3	A		-1	1165.85082845	[1, 1, 1, 1, 1, 1, 1, 1, 1, 1, 1, 1]
	120980	60423	65933	2	M	94	A		-1	1166.10226003	[1, 1, 1, 1, 1, 1, 1, 0, 1, 1, 1, 0]
	96467	37955	70198	2	M	88	A		-1	1166.72798837	[1, 1, 1, 1, 1, 1, 1, 1, 1, 1, 1, 1]
	85471	50111	36714	2	M	71	A		-1	1166.73668721	[1, 1, 1, 1, 1, 1, 1, 1, 1, 1, 1, 1]
	90029	54369	69029	2	M	92	A		-1	1166.94751836	[1, 1, 1, 1, 1, 1, 1, 1, 1, 1, 1, 1]
	79891	36255	44161	2	M	86	A		-1	1167.13443304	[1, 1, 1, 1, 1, 1, 1, 1, 1, 1, 1, 1]
	76250	45794	65635	2	M	13	A		-1	1167.48657374	[1, 1, 1, 1, 1, 1, 1, 1, 1, 1, 1, 1]
	74424	37644	49487	2	M	41	A		-1	1168.45842617	[0, 1, 1, 1, 1, 1, 1, 1, 1, 1, 1, 1]
	98895	44107	52355	2	M	33	A		-1	1168.96929123	[1, 1, 0, 1, 1, 1, 1, 1, 1, 1, 1, 1]
	90586	36255	18572	2	M	12	A		-1	1168.97274672	[1, 1, 1, 1, 1, 1, 1, 1, 1, 1, 1, 0]
	90760	36255	50226	2	M	50	A		-1	1169.08247831	[1, 0, 1, 1, 1, 1, 1, 1, 1, 1, 1, 1]
	104064	47441	39743	2	M	20	A		-1	1169.35265115	[1, 1, 1, 1, 1, 1, 1, 1, 1, 1, 1, 1]
	113874	69387	51043	2	M	94	A		-1	1169.96014607	[1, 0, 1, 1, 1, 1, 1, 1, 1, 1, 1, 1]
	78284	38441	56254	2	M	67	A		-1	1170.21256062	[1, 1, 1, 1, 1, 1, 1, 1, 1, 1, 1, 1]
	95119	55667	26376	2	M	0	A		-1	1170.29743208	[1, 1, 1, 1, 1, 0, 1, 1, 1, 1, 1, 1]
	119374	39045	62198	2	M	21	A		-1	1170.3770874	[1, 1, 1, 1, 1, 1, 1, 1, 1, 1, 1, 1]
	95905	69704	41645	2	M	48	A		-1	1170.6068911	[1, 1, 1, 1, 1, 1, 1, 1, 1, 1, 1, 1]
	84265	60423	70000	2	M	9	A		-1	1171.31488504	[1, 1, 1, 1, 1, 1, 1, 0, 1, 1, 1, 1]
	122406	45794	49100	2	M	96	A		-1	1171.90286272	[1, 1, 1, 1, 1, 1, 1, 1, 1, 1, 1, 1]
	74527	39045	49476	2	M	86	A		-1	1173.68189251	[1, 1, 1, 1, 1, 1, 1, 1, 1, 1, 0, 1]
	113782	63927	26769	2	M	100	A		-1	1174.10011269	[1, 1, 1, 1, 1, 1, 1, 1, 1, 1, 1, 1]
	122399	49616	30051	2	M	84	A		-1	1174.10583489	[1, 1, 1, 1, 1, 1, 1, 0, 1, 1, 1, 1]
	75838	43557	61738	2	M	3	A		-1	1174.10607132	[1, 1, 1, 1, 1, 1, 1, 0, 1, 1, 1, 1]
	70795	63688	62203	2	M	29	A		-1	1174.77299593	[1, 1, 1, 1, 1, 1, 1, 1, 1, 1, 1, 1]
	109552	63688	3091	2	M	18	A		-1	1175.45355059	[1, 1, 1, 1, 1, 1, 1, 1, 1, 1, 1, 1]
	120176	36255	54099	2	M	18	A		-1	1175.8200339	[1, 1, 1, 1, 1, 1, 1, 1, 1, 1, 1, 1]
	112908	44574	65821	2	M	71	A		-1	1176.07339565	[1, 1, 1, 1, 1, 1, 1, 1, 1, 1, 1, 1]
	79858	55402	44776	2	M	9	A		-1	1176.15717206	[1, 1, 1, 1, 1, 1, 1, 1, 1, 1, 1, 1]
	92319	54792	62772	2	M	35	A		-1	1176.72798659	[1, 1, 1, 1, 1, 1, 1, 1, 1, 1, 1, 1]
	100498	38284	46361	2	M	28	A		-1	1177.58516261	[1, 1, 1, 1, 1, 1, 1, 1, 1, 1, 1, 1]
	114893	60423	70329	2	M	30	A		-1	1178.34869026	[1, 1, 1, 1, 1, 1, 1, 0, 1, 1, 1, 1]
	82667	50111	37843	2	M	1	A		-1	1179.25381	[1, 1, 1, 1, 1, 1, 1, 1, 1, 1, 1, 1]
	112146	39045	52600	2	M	16	A		-1	1179.50816321	[1, 1, 1, 1, 1, 0, 1, 1, 1, 1, 1, 1]
	83310	36255	24662	2	M	7	A		-1	1179.66989608	[1, 1, 1, 1, 1, 1, 1, 1, 1, 1, 1, 1]
	110101	63486	60076	2	M	20	A		-1	1179.74959126	[1, 1, 1, 1, 1, 1, 1, 1, 1, 1, 1, 1]
	74564	59140	38351	2	M	32	A		-1	1181.34314644	[0, 1, 1, 1, 1, 1, 1, 1, 1, 1, 1, 1]
	71800	40221	36900	2	M	51	A		-1	1181.40703622	[1, 1, 1, 1, 1, 1, 1, 1, 1, 1, 1, 1]
	92644	41615	67056	2	M	38	A		-1	1181.86173532	[1, 1, 0, 1, 1, 1, 1, 1, 1, 1, 1, 1]
	82645	46835	31950	2	M	81	A		-1	1182.31419478	[1, 1, 1, 1, 1, 1, 1, 1, 1, 1, 1, 1]
	111473	45963	68035	2	M	23	A		-1	1182.65997707	[1, 1, 1, 1, 1, 1, 1, 1, 1, 1, 0, 1]
	50111	35065	14761	1	M	25	A		-1	1183.49995579	[1, 1, 1, 1, 1, 1, 1, 1, 1, 1, 1, 1]
	116674	55586	15672	2	M	86	A		-1	1184.6195976	[1, 1, 1, 1, 1, 0, 1, 1, 1, 1, 1, 1]
	119049	63486	41650	2	M	69	A		-1	1185.363163	[1, 1, 1, 1, 1, 1, 1, 1, 1, 1, 1, 1]
	88217	59140	51826	2	M	4	A		-1	1186.59205321	[1, 1, 1, 1, 1, 1, 1, 1, 1, 1, 1, 1]
	79721	61667	61954	2	M	29	A		-1	1186.59304869	[1, 1, 1, 1, 1, 1, 0, 1, 1, 1, 1, 1]
	106889	37484	63082	2	M	85	A		-1	1186.914567	[1, 1, 1, 1, 1, 1, 1, 1, 1, 1, 1, 1]
	86299	69620	49518	2	M	56	A		-1	1188.00667224	[1, 1, 1, 1, 1, 1, 1, 1, 1, 1, 1, 1]
	63486	35272	28136	1	M	58	A		-1	1188.49187494	[1, 1, 1, 1, 1, 1, 1, 1, 1, 1, 1, 1]
	73530	63927	69235	2	M	20	A		-1	1190.82511613	[1, 1, 1, 1, 1, 1, 1, 1, 1, 1, 1, 1]
	77695	50418	47177	2	M	17	A		-1	1191.25101072	[1, 1, 1, 1, 1, 1, 1, 1, 1, 1, 1, 1]
	107190	63460	62685	2	M	54	A		-1	1192.66381689	[0, 1, 1, 1, 1, 1, 1, 1, 1, 1, 1, 1]
	79788	45963	65535	2	M	74	A		-1	1192.68465941	[1, 1, 1, 1, 1, 1, 1, 1, 1, 1, 0, 1]
	121341	46003	37481	2	M	38	A		-1	1192.97098245	[1, 1, 1, 1, 1, 1, 1, 1, 1, 1, 1, 1]
	112878	43557	65994	2	M	36	A		-1	1193.2548427	[1, 1, 1, 1, 1, 1, 1, 1, 1, 1, 1, 1]
	111773	55586	43230	2	M	13	A		-1	1193.35097401	[1, 1, 1, 1, 1, 0, 1, 1, 1, 1, 1, 1]
	122055	63486	62225	2	M	40	A		-1	1196.31571041	[1, 1, 1, 1, 1, 1, 1, 1, 1, 1, 1, 0]
	77342	63927	46390	2	M	38	A		-1	1198.47950228	[1, 1, 1, 1, 1, 1, 1, 1, 1, 1, 1, 1]
	120221	41615	28665	2	M	49	A		-1	1199.45611326	[1, 1, 0, 1, 1, 1, 1, 1, 1, 1, 1, 1]
	97722	44574	21246	2	M	29	A		-1	1202.50083167	[1, 1, 1, 1, 1, 1, 1, 1, 1, 1, 1, 1]
	98387	63927	61631	2	M	80	A		-1	1202.84613634	[1, 1, 1, 1, 1, 1, 1, 1, 1, 1, 1, 1]
	91825	52688	36884	2	M	82	A		-1	1203.20044208	[1, 1, 1, 1, 1, 1, 1, 1, 1, 1, 1, 1]
	121942	69387	1147	2	M	86	A		-1	1203.92418912	[1, 1, 1, 0, 1, 1, 1, 1, 1, 1, 1, 1]
	113170	54492	40385	2	M	54	A		-1	1204.17476936	[1, 1, 1, 0, 1, 1, 1, 1, 1, 1, 1, 1]
	104509	64326	44732	2	M	25	A		-1	1204.55849735	[0, 1, 1, 1, 1, 1, 1, 0, 1, 1, 1, 1]
	82115	41615	63450	2	M	32	A		-1	1205.44071067	[1, 1, 1, 1, 1, 1, 1, 1, 1, 1, 1, 1]
	113140	55586	19396	2	M	95	A		-1	1206.04409742	[1, 1, 1, 1, 1, 1, 1, 1, 1, 1, 1, 1]
	120736	55586	39229	2	M	38	A		-1	1208.46533301	[1, 1, 1, 1, 1, 0, 1, 1, 1, 1, 1, 1]
	107942	36255	39592	2	M	13	A		-1	1211.22898303	[1, 1, 1, 1, 1, 1, 1, 1, 1, 1, 1, 1]
	96966	36255	35451	2	M	30	A		-1	1211.71473674	[1, 1, 1, 1, 1, 1, 1, 1, 1, 1, 1, 1]
	86836	46835	57402	2	M	89	A		-1	1212.07885005	[1, 0, 1, 1, 1, 1, 1, 1, 1, 1, 0, 1]
	107490	36255	56322	2	M	82	A		-1	1212.12150209	[1, 1, 1, 1, 1, 1, 1, 1, 1, 1, 0, 0]
	73015	47441	60127	2	M	18	A		-1	1212.99845331	[1, 1, 0, 1, 1, 1, 1, 1, 1, 1, 1, 1]
	106986	37644	31029	2	M	5	A		-1	1214.52551121	[1, 1, 1, 1, 1, 1, 1, 1, 1, 1, 1, 1]
	72984	45963	69340	2	M	93	A		-1	1214.53284403	[1, 1, 1, 1, 1, 1, 1, 1, 1, 1, 0, 1]
	74844	54492	44634	2	M	85	A		-1	1215.26002328	[1, 1, 1, 0, 1, 1, 1, 1, 1, 1, 1, 1]
	116913	36255	59316	2	M	25	A		-1	1218.45437315	[1, 1, 1, 1, 1, 1, 1, 1, 1, 1, 1, 1]
	106168	60423	68380	2	M	55	A		-1	1218.60431433	[1, 1, 1, 1, 1, 1, 1, 0, 1, 1, 1, 1]
	83702	54369	35981	2	M	85	A		-1	1220.63530899	[1, 1, 1, 1, 1, 1, 1, 1, 1, 1, 1, 1]
	112512	55586	12017	2	M	99	A		-1	1221.25420793	[1, 1, 1, 1, 1, 1, 1, 1, 1, 1, 1, 1]
	116008	39045	42126	2	M	81	A		-1	1221.80717461	[1, 1, 1, 1, 1, 1, 1, 1, 1, 1, 1, 1]
	98689	55603	53267	2	M	38	A		-1	1227.37600147	[1, 1, 1, 1, 1, 1, 1, 1, 1, 1, 1, 1]
	75113	63688	51860	2	M	17	A		-1	1227.6002378	[1, 1, 1, 1, 1, 1, 1, 1, 1, 1, 1, 1]
	114308	59140	38146	2	M	80	A		-1	1227.97273943	[1, 1, 1, 0, 1, 1, 1, 1, 1, 1, 1, 1]
	100245	63927	61919	2	M	51	A		-1	1228.82004317	[1, 1, 1, 1, 1, 1, 1, 1, 1, 1, 1, 1]
	122471	37484	38488	2	M	98	A		-1	1228.87730279	[1, 1, 1, 0, 1, 1, 1, 1, 1, 1, 1, 1]
	107743	50111	67431	2	M	97	A		-1	1229.30097749	[1, 1, 1, 1, 1, 1, 1, 0, 1, 1, 1, 1]
	110123	39045	70204	2	M	27	A		-1	1234.60499734	[1, 1, 1, 1, 1, 1, 1, 1, 1, 1, 1, 0]
	121831	63927	64185	2	M	1	A		-1	1234.77839839	[1, 1, 1, 1, 1, 1, 1, 1, 1, 1, 1, 1]
	102336	63486	51709	2	M	44	A		-1	1237.72084394	[1, 1, 1, 1, 1, 1, 1, 1, 1, 1, 1, 1]
	84357	63460	38851	2	M	92	A		-1	1237.90422953	[1, 1, 1, 1, 1, 1, 1, 1, 1, 1, 1, 1]
	80273	64497	59520	2	M	61	A		-1	1238.89883091	[1, 1, 1, 1, 1, 1, 1, 1, 1, 1, 1, 1]
	112820	41615	61341	2	M	87	A		-1	1242.16038981	[1, 1, 0, 1, 1, 1, 1, 1, 1, 1, 1, 1]
	71089	39045	19556	2	M	77	A		-1	1243.33502366	[1, 1, 1, 1, 1, 0, 1, 1, 1, 1, 1, 0]
	72370	54369	67361	2	M	70	A		-1	1243.58683589	[1, 1, 1, 1, 1, 1, 1, 1, 1, 1, 1, 1]
	73369	46003	61527	2	M	89	A		-1	1243.71783594	[1, 1, 1, 1, 1, 1, 0, 1, 1, 1, 1, 1]
	93069	45794	61579	2	M	63	A		-1	1245.05319896	[1, 1, 1, 1, 1, 1, 1, 1, 1, 1, 1, 1]
	72804	44107	39813	2	M	99	A		-1	1247.80635648	[1, 1, 0, 1, 1, 1, 1, 1, 1, 1, 1, 1]
	80084	63486	49366	2	M	3	A		-1	1248.64919415	[1, 1, 1, 1, 1, 1, 1, 1, 1, 1, 1, 1]
	105703	36919	46447	2	M	6	A		-1	1250.91608894	[1, 1, 1, 0, 1, 1, 1, 1, 1, 1, 1, 1]
	117726	45794	45933	2	M	34	A		-1	1255.49093746	[1, 1, 1, 1, 1, 1, 1, 1, 1, 1, 1, 1]
	115527	55667	55948	2	M	67	A		-1	1256.15260377	[1, 1, 1, 1, 1, 1, 1, 1, 1, 1, 1, 1]
	100113	55586	45782	2	M	72	A		-1	1256.49158733	[1, 1, 1, 1, 1, 0, 1, 1, 1, 1, 1, 1]
	102865	44107	65569	2	M	71	A		-1	1259.59894079	[1, 1, 1, 1, 1, 1, 1, 1, 1, 1, 1, 1]
	121878	39045	42533	2	M	45	A		-1	1264.92653407	[1, 1, 1, 1, 1, 1, 1, 1, 1, 1, 1, 0]
	103251	36255	57137	2	M	87	A		-1	1266.33547645	[1, 1, 1, 1, 1, 1, 1, 1, 1, 1, 1, 1]
	71064	61667	53990	2	M	31	A		-1	1266.94768786	[1, 1, 1, 1, 1, 1, 0, 1, 1, 1, 1, 1]
	104457	55667	16433	2	M	24	A		-1	1267.54008736	[1, 1, 1, 1, 1, 1, 1, 1, 1, 1, 1, 1]
	80703	69387	51508	2	M	12	A		-1	1269.21729791	[1, 1, 1, 1, 1, 1, 1, 1, 1, 1, 1, 1]
	97822	39045	14520	2	M	39	A		-1	1270.96213537	[1, 1, 1, 1, 1, 1, 1, 1, 1, 1, 1, 0]
	112750	63460	58269	2	M	14	A		-1	1271.06731962	[1, 1, 1, 1, 1, 1, 1, 1, 1, 1, 1, 1]
	99628	55603	37434	2	M	1	A		-1	1275.5980896	[1, 1, 1, 0, 1, 1, 1, 1, 1, 1, 1, 1]
	71692	47441	44240	2	M	7	A		-1	1275.82815197	[1, 1, 1, 1, 1, 1, 1, 1, 1, 1, 1, 1]
	96369	45794	35480	2	M	80	A		-1	1276.21742305	[1, 1, 1, 1, 1, 1, 1, 1, 1, 1, 1, 1]
	93537	55586	39552	2	M	61	A		-1	1277.0157246	[1, 1, 1, 1, 1, 1, 1, 1, 1, 1, 1, 1]
	93439	60784	56881	2	M	29	A		-1	1277.1791922	[1, 1, 1, 1, 1, 1, 1, 1, 1, 1, 1, 1]
	114186	49616	10462	2	M	13	A		-1	1285.9412668	[1, 1, 1, 1, 1, 1, 1, 0, 1, 1, 1, 1]
	107987	46835	58678	2	M	55	A		-1	1286.12006286	[1, 0, 1, 1, 1, 1, 1, 1, 1, 1, 1, 1]
	76489	54369	40435	2	M	45	A		-1	1287.97112804	[1, 1, 1, 1, 1, 1, 1, 1, 1, 1, 1, 1]
	108475	38284	42664	2	M	43	A		-1	1289.43557344	[1, 1, 1, 1, 0, 1, 1, 1, 1, 1, 1, 1]
	111611	54492	10976	2	M	76	A		-1	1290.42020138	[1, 1, 1, 0, 1, 1, 1, 1, 1, 1, 1, 1]
	70742	54492	38600	2	M	13	A		-1	1292.49109175	[1, 1, 1, 1, 1, 1, 1, 1, 1, 1, 1, 1]
	109664	36826	68099	2	M	86	A		-1	1294.34654851	[1, 0, 1, 1, 1, 1, 1, 1, 1, 1, 1, 1]
	80706	36826	53359	2	M	73	A		-1	1298.18570102	[1, 1, 1, 1, 1, 1, 1, 1, 1, 1, 1, 1]
	105793	50418	25290	2	M	88	A		-1	1298.56279922	[0, 1, 1, 1, 1, 1, 1, 1, 1, 1, 1, 1]
	77997	69704	51734	2	M	70	A		-1	1298.67673354	[1, 1, 1, 1, 1, 1, 1, 1, 1, 1, 1, 1]
	106571	36826	69425	2	M	0	A		-1	1299.49830033	[1, 1, 1, 0, 1, 1, 1, 1, 1, 1, 1, 1]
	75406	55586	10553	2	M	41	A		-1	1300.55157678	[1, 1, 1, 1, 1, 0, 1, 1, 1, 1, 1, 1]
	114756	47441	50600	2	M	25	A		-1	1307.25518435	[1, 1, 1, 1, 1, 1, 1, 1, 1, 1, 1, 1]
	87738	55402	49705	2	M	97	A		-1	1323.0271575	[1, 1, 1, 1, 1, 1, 1, 1, 1, 1, 1, 1]
	101977	54492	66506	2	M	75	A		-1	1331.81905901	[1, 1, 1, 0, 1, 1, 1, 1, 1, 1, 1, 1]
	79443	63486	11212	2	M	35	A		-1	1337.23397351	[1, 1, 1, 1, 1, 1, 1, 1, 1, 1, 1, 1]
	101055	50111	63191	2	M	31	A		-1	1342.69066649	[1, 1, 1, 1, 1, 1, 1, 1, 1, 1, 1, 1]
	102260	50418	50559	2	M	8	A		-1	1345.8208869	[1, 1, 1, 1, 1, 1, 1, 1, 1, 1, 1, 0]
	119811	54792	608	2	M	87	A		-1	1348.66603737	[1, 1, 1, 1, 1, 1, 1, 1, 1, 1, 1, 1]
	90710	36826	48380	2	M	50	A		-1	1349.41129272	[1, 1, 1, 1, 1, 1, 1, 1, 1, 1, 1, 1]
	103169	36826	42902	2	M	76	A		-1	1349.91910888	[1, 1, 1, 1, 1, 1, 1, 1, 1, 1, 1, 1]
	117689	60784	67017	2	M	80	A		-1	1350.0690267	[1, 1, 1, 1, 1, 1, 1, 1, 1, 1, 1, 1]
	113302	63688	54806	2	M	13	A		-1	1357.220316	[1, 1, 1, 1, 1, 1, 1, 0, 1, 1, 1, 1]
	100895	47224	55025	2	M	58	A		-1	1361.36968938	[1, 0, 1, 1, 1, 1, 1, 1, 1, 1, 1, 0]
	118605	60423	35605	2	M	9	A		-1	1369.58530774	[1, 1, 1, 1, 0, 1, 1, 1, 1, 1, 1, 1]
	83714	46003	60078	2	M	45	A		-1	1384.86096128	[1, 1, 1, 1, 1, 1, 1, 1, 1, 1, 1, 0]
	112976	60423	67727	2	M	53	A		-1	1394.41070875	[1, 1, 1, 1, 1, 1, 1, 0, 1, 1, 1, 1]
	120766	49616	43137	2	M	65	A		-1	1441.36305873	[1, 1, 1, 1, 1, 1, 1, 1, 1, 1, 1, 1]
	90261	46003	55791	2	M	88	A		-1	1455.03602572	[1, 1, 1, 1, 1, 1, 1, 1, 1, 1, 1, 1]
	90566	46188	47922	2	M	47	A		-1	1466.32794656	[1, 1, 1, 1, 1, 1, 1, 1, 1, 1, 1, 1]
	105940	44574	64429	2	M	41	A		-1	1471.24824118	[1, 1, 1, 1, 1, 1, 1, 1, 1, 1, 1, 1]
	78956	36255	66213	2	M	90	A		-1	1499.68497502	[1, 1, 1, 1, 1, 1, 1, 1, 1, 1, 1, 1]
	73615	64497	51645	2	M	92	A		-1	1509.24773265	[1, 1, 1, 1, 1, 1, 0, 1, 1, 1, 1, 1]
	85431	64497	38131	2	M	25	A		-1	1547.71259259	[1, 1, 1, 1, 1, 1, 1, 1, 1, 1, 1, 1]
