animal	sire	dam	born	sex	herd	status	cause	died	TBV	recessives
	1858561	1746141	1766683	20	M	30	A		-1	4892.16339843	[1, 1, 1, 1, 1, 1, 1, 1, 1, 1, 1, 1]
	1886988	1740095	1551874	20	M	12	A		-1	4892.22750203	[1, 1, 1, 1, 1, 1, 1, 1, 1, 1, 1, 1]
	1761562	1660630	1646343	19	M	60	A		-1	4892.46810091	[0, 0, 1, 1, 1, 1, 1, 1, 1, 1, 1, 1]
	1843257	1743747	1738525	20	M	58	A		-1	4892.53036586	[1, 1, 1, 0, 1, 1, 1, 1, 1, 1, 1, 1]
	1803129	1740966	1675571	20	M	29	A		-1	4892.64900798	[1, 1, 1, 1, 1, 1, 1, 1, 1, 1, 1, 1]
	1874851	1762136	1697649	20	M	27	A		-1	4892.68787323	[1, 1, 1, 1, 1, 1, 1, 1, 1, 1, 1, 1]
	1814104	1698301	1761543	20	M	20	A		-1	4893.23670893	[1, 1, 1, 1, 1, 1, 1, 1, 1, 1, 1, 1]
	1803110	1743790	1769839	20	M	22	A		-1	4893.77932319	[1, 1, 1, 1, 1, 1, 1, 1, 1, 1, 1, 1]
	1864674	1694941	1751544	20	M	46	A		-1	4893.89609213	[1, 1, 0, 1, 1, 1, 1, 1, 1, 1, 1, 0]
	1833172	1728309	1774616	20	M	9	A		-1	4893.97913101	[1, 1, 1, 1, 1, 1, 1, 1, 1, 1, 1, 1]
	1843018	1722672	1774489	20	M	87	A		-1	4894.18034159	[1, 1, 1, 1, 1, 1, 1, 1, 1, 1, 1, 1]
	1815199	1715800	1669663	20	M	17	A		-1	4894.27706695	[1, 1, 1, 0, 1, 1, 1, 1, 1, 1, 1, 1]
	1869861	1791005	1706775	20	M	19	A		-1	4894.28090833	[1, 1, 1, 1, 1, 0, 1, 1, 1, 1, 1, 1]
	1876215	1727711	1752078	20	M	63	A		-1	4894.29139028	[1, 1, 1, 1, 1, 1, 1, 1, 1, 1, 1, 1]
	1883939	1695914	1581700	20	M	19	A		-1	4894.29784723	[1, 1, 1, 1, 1, 1, 1, 1, 1, 1, 1, 1]
	1849050	1742763	1721717	20	M	71	A		-1	4894.32977935	[1, 1, 1, 1, 1, 0, 1, 1, 1, 1, 1, 1]
	1842966	1746450	1792653	20	M	45	A		-1	4894.43425088	[1, 1, 1, 1, 1, 1, 1, 1, 1, 1, 1, 1]
	1830739	1776082	1727935	20	M	16	A		-1	4894.45299565	[1, 1, 1, 1, 1, 1, 1, 1, 1, 1, 1, 1]
	1810730	1789132	1728368	20	M	46	A		-1	4894.72495542	[1, 1, 1, 1, 1, 1, 1, 1, 1, 1, 1, 1]
	1820907	1774663	1732625	20	M	84	A		-1	4894.8929402	[1, 1, 1, 1, 1, 1, 1, 1, 1, 1, 1, 1]
	1822013	1697034	1778119	20	M	35	A		-1	4895.29019443	[1, 1, 1, 1, 1, 1, 1, 1, 1, 1, 1, 1]
	1872804	1734140	1732101	20	M	37	A		-1	4895.57253346	[1, 1, 1, 1, 1, 1, 1, 0, 1, 1, 1, 1]
	1836575	1764785	1758744	20	M	85	A		-1	4895.89581715	[1, 1, 1, 1, 1, 0, 1, 1, 1, 1, 1, 1]
	1878033	1772494	1675098	20	M	1	A		-1	4896.0081195	[1, 1, 1, 1, 1, 1, 1, 1, 1, 1, 1, 1]
	1803472	1695914	1768079	20	M	60	A		-1	4896.1131649	[1, 1, 1, 1, 1, 1, 1, 1, 1, 1, 1, 1]
	1866639	1792566	1702107	20	M	88	A		-1	4896.45857007	[1, 1, 1, 1, 1, 1, 1, 1, 1, 1, 1, 1]
	1878011	1722263	1660872	20	M	81	A		-1	4896.51779211	[1, 1, 0, 1, 1, 1, 1, 1, 1, 1, 1, 1]
	1871184	1715504	1619193	20	M	35	A		-1	4896.7489578	[1, 1, 1, 1, 1, 1, 1, 1, 1, 1, 1, 0]
	1859552	1705718	1725425	20	M	7	A		-1	4896.80087561	[1, 1, 1, 1, 1, 1, 1, 1, 1, 1, 1, 1]
	1811282	1758960	1640341	20	M	4	A		-1	4897.05811789	[1, 1, 1, 1, 1, 1, 1, 1, 1, 1, 1, 1]
	1801593	1729709	1764250	20	M	28	A		-1	4897.29274479	[1, 1, 1, 1, 1, 1, 1, 1, 1, 1, 1, 1]
	1820978	1791449	1750817	20	M	12	A		-1	4897.30215806	[1, 1, 1, 1, 1, 1, 1, 1, 1, 1, 1, 1]
	1869364	1712352	1630490	20	M	73	A		-1	4897.59890519	[1, 1, 1, 1, 1, 1, 1, 1, 1, 1, 1, 1]
	1811817	1709600	1658197	20	M	63	A		-1	4897.71723215	[1, 1, 1, 1, 1, 0, 1, 1, 1, 1, 1, 0]
	1889740	1753651	1785856	20	M	34	A		-1	4898.06577573	[1, 1, 1, 0, 1, 1, 1, 1, 1, 1, 1, 1]
	1815947	1747068	1741794	20	M	43	A		-1	4898.10257055	[1, 1, 1, 1, 1, 1, 1, 1, 1, 1, 1, 1]
	1821329	1720595	1632832	20	M	71	A		-1	4898.18545011	[1, 1, 1, 1, 1, 1, 1, 1, 1, 1, 1, 1]
	1787857	1671411	1686594	19	M	17	A		-1	4898.20886902	[1, 1, 1, 1, 1, 1, 1, 1, 1, 1, 1, 1]
	1869843	1761179	1789383	20	M	42	A		-1	4898.35129296	[1, 1, 1, 1, 1, 1, 1, 1, 1, 1, 1, 1]
	1732603	1653098	1670212	19	M	22	A		-1	4899.1249976	[1, 1, 1, 1, 1, 1, 1, 1, 1, 1, 1, 1]
	1857990	1747054	1361676	20	M	96	A		-1	4899.29102839	[1, 1, 1, 1, 1, 1, 1, 1, 1, 1, 1, 1]
	1870203	1608987	1700366	20	M	89	A		-1	4899.36541317	[1, 1, 1, 1, 1, 1, 1, 1, 1, 1, 1, 1]
	1892188	1747681	1710806	20	M	62	A		-1	4899.5978775	[1, 1, 1, 1, 1, 1, 1, 1, 1, 1, 1, 1]
	1818229	1696487	1715544	20	M	88	A		-1	4899.60433279	[1, 1, 1, 1, 1, 1, 1, 1, 1, 1, 1, 1]
	1607590	1521575	1545220	18	M	93	A		-1	4899.61693988	[1, 1, 1, 1, 1, 1, 1, 1, 1, 1, 1, 0]
	1834614	1697826	1773829	20	M	64	A		-1	4899.67968994	[1, 1, 1, 1, 1, 1, 1, 1, 1, 1, 1, 1]
	1869195	1793622	1743566	20	M	100	A		-1	4899.82554818	[1, 1, 1, 1, 1, 1, 1, 1, 1, 1, 0, 1]
	1877349	1696223	1785363	20	M	91	A		-1	4899.83326943	[0, 1, 0, 1, 1, 1, 1, 1, 1, 1, 1, 1]
	1848901	1720353	1626851	20	M	10	A		-1	4899.86988976	[1, 1, 1, 1, 1, 1, 1, 1, 1, 1, 1, 0]
	1699229	1672206	1694014	19	M	31	A		-1	4900.28271431	[1, 1, 1, 1, 1, 1, 1, 1, 1, 1, 1, 0]
	1755010	1614934	1693240	19	M	8	A		-1	4900.52092751	[1, 1, 1, 1, 1, 1, 1, 1, 1, 1, 1, 1]
	1870180	1791593	1779195	20	M	100	A		-1	4900.58239897	[1, 1, 1, 1, 1, 1, 1, 1, 1, 1, 1, 0]
	1798164	1711173	1612273	20	M	61	A		-1	4900.99809455	[1, 1, 1, 1, 1, 1, 1, 1, 1, 1, 1, 1]
	1861814	1764785	1764295	20	M	93	A		-1	4901.02941309	[1, 1, 1, 1, 1, 1, 1, 1, 1, 1, 1, 1]
	1893134	1667600	1749767	20	M	65	A		-1	4901.19017754	[1, 1, 1, 1, 1, 1, 1, 1, 1, 1, 1, 1]
	1875327	1753651	1754703	20	M	34	A		-1	4901.45661183	[1, 1, 1, 1, 1, 1, 1, 1, 1, 1, 1, 1]
	1720595	1604701	1546526	19	M	46	A		-1	4901.48065202	[1, 1, 1, 1, 1, 1, 1, 1, 1, 1, 1, 1]
	1885453	1675046	1617546	20	M	61	A		-1	4901.9805636	[1, 1, 1, 1, 1, 1, 1, 1, 1, 1, 1, 1]
	1814030	1779296	1673994	20	M	26	A		-1	4902.2584346	[1, 1, 1, 1, 1, 1, 1, 1, 1, 1, 1, 1]
	1835363	1732386	1731273	20	M	50	A		-1	4902.25907005	[0, 1, 1, 1, 1, 1, 1, 1, 1, 1, 1, 1]
	1800967	1746141	1621741	20	M	71	A		-1	4902.43853955	[1, 1, 1, 1, 1, 1, 1, 1, 1, 1, 1, 1]
	1813176	1723783	1435107	20	M	90	A		-1	4902.46268285	[1, 1, 1, 1, 1, 1, 1, 1, 1, 1, 1, 1]
	1753651	1665396	1570444	19	M	50	A		-1	4902.83495353	[1, 1, 1, 0, 1, 1, 1, 1, 1, 1, 1, 1]
	1853936	1742392	1747089	20	M	43	A		-1	4903.07834117	[1, 1, 1, 1, 1, 1, 1, 1, 1, 1, 1, 1]
	1823531	1747068	1740577	20	M	50	A		-1	4903.14419602	[1, 1, 1, 1, 1, 1, 1, 1, 1, 1, 1, 1]
	1875472	1736655	1775196	20	M	1	A		-1	4903.7057421	[1, 1, 1, 1, 1, 1, 1, 1, 1, 1, 1, 0]
	1853302	1741513	1714453	20	M	77	A		-1	4903.77338244	[1, 1, 1, 1, 1, 1, 1, 1, 1, 1, 1, 1]
	1824587	1743992	1658462	20	M	17	A		-1	4904.06182037	[1, 1, 1, 1, 1, 1, 1, 1, 1, 1, 1, 1]
	1867374	1773778	1736631	20	M	29	A		-1	4904.24066474	[0, 1, 1, 1, 1, 1, 1, 1, 1, 1, 1, 0]
	1871724	1721570	1757845	20	M	55	A		-1	4905.07983703	[1, 1, 1, 1, 1, 1, 1, 1, 1, 1, 1, 1]
	1838242	1722263	1772059	20	M	81	A		-1	4905.29846677	[1, 1, 1, 1, 1, 1, 1, 1, 1, 1, 1, 1]
	1835880	1709600	1696096	20	M	50	A		-1	4905.4738727	[1, 1, 1, 1, 1, 1, 1, 1, 1, 1, 1, 1]
	1857819	1771840	1505993	20	M	4	A		-1	4906.19655175	[1, 1, 1, 1, 1, 1, 1, 1, 1, 1, 1, 1]
	1701808	1664415	1538492	19	M	14	A		-1	4906.28851322	[1, 1, 1, 1, 1, 1, 1, 1, 1, 1, 1, 1]
	1856417	1781920	1741163	20	M	48	A		-1	4906.47313156	[1, 1, 1, 1, 1, 1, 1, 1, 1, 1, 1, 1]
	1817854	1741820	1772594	20	M	60	A		-1	4906.51678245	[1, 1, 0, 1, 1, 1, 1, 1, 1, 1, 1, 1]
	1797474	1786279	1700014	20	M	52	A		-1	4906.71290988	[1, 1, 1, 1, 1, 1, 1, 1, 1, 1, 1, 1]
	1726387	1648322	1634898	19	M	4	A		-1	4907.10556025	[1, 1, 1, 1, 1, 1, 1, 1, 1, 1, 1, 1]
	1797166	1775675	1755847	20	M	60	A		-1	4907.15800598	[1, 1, 1, 1, 1, 1, 1, 1, 1, 1, 1, 0]
	1885942	1788083	1693446	20	M	93	A		-1	4907.23630563	[1, 1, 1, 1, 1, 1, 1, 1, 1, 1, 1, 1]
	1882484	1764785	1695437	20	M	73	A		-1	4907.78622791	[1, 1, 1, 1, 1, 1, 1, 1, 1, 1, 1, 1]
	1832831	1779633	1788444	20	M	45	A		-1	4908.1664228	[1, 1, 1, 1, 1, 1, 1, 1, 1, 1, 1, 1]
	1806530	1735866	1760186	20	M	14	A		-1	4908.50164434	[1, 1, 1, 1, 1, 1, 1, 1, 1, 1, 1, 1]
	1813213	1793393	1744411	20	M	3	A		-1	4908.51644956	[1, 1, 1, 1, 1, 1, 1, 1, 1, 1, 1, 1]
	1870775	1609211	1704809	20	M	60	A		-1	4909.05609593	[1, 1, 1, 1, 1, 1, 1, 1, 1, 1, 1, 1]
	1819213	1780834	1782008	20	M	62	A		-1	4909.4071753	[1, 1, 1, 1, 1, 1, 1, 1, 1, 1, 1, 1]
	1799224	1747068	1752512	20	M	69	A		-1	4909.65368663	[1, 1, 1, 1, 1, 1, 1, 1, 1, 1, 1, 1]
	1842829	1715815	1712769	20	M	60	A		-1	4910.23996106	[1, 1, 1, 0, 1, 0, 1, 1, 1, 1, 1, 1]
	1847455	1705670	1704287	20	M	8	A		-1	4910.48606306	[1, 1, 1, 1, 1, 1, 1, 1, 1, 1, 1, 1]
	1888244	1721628	1776386	20	M	3	A		-1	4910.49792459	[1, 1, 1, 1, 1, 1, 1, 1, 1, 1, 1, 1]
	1705842	1647796	1682151	19	M	16	A		-1	4910.64969625	[1, 1, 1, 1, 1, 1, 1, 1, 1, 1, 1, 1]
	1807138	1734140	1770677	20	M	31	A		-1	4911.21414791	[1, 0, 1, 1, 1, 1, 1, 1, 1, 1, 1, 1]
	1879698	1737724	1776922	20	M	89	A		-1	4911.54389485	[1, 1, 0, 1, 1, 0, 1, 1, 1, 1, 1, 0]
	1813738	1747068	1775030	20	M	70	A		-1	4911.56403584	[1, 1, 1, 1, 1, 1, 1, 1, 1, 1, 1, 1]
	1852175	1744033	1748137	20	M	100	A		-1	4911.90621373	[1, 1, 1, 1, 1, 1, 1, 1, 1, 1, 1, 1]
	1891315	1711543	1675312	20	M	80	A		-1	4911.99235024	[1, 1, 1, 1, 1, 1, 1, 1, 1, 1, 1, 1]
	1888683	1721628	1791526	20	M	13	A		-1	4912.19437379	[1, 1, 1, 1, 1, 1, 1, 1, 1, 1, 1, 1]
	1853341	1740519	1606217	20	M	45	A		-1	4912.31892006	[1, 1, 0, 1, 1, 1, 1, 1, 1, 1, 1, 1]
	1877105	1773685	1751287	20	M	27	A		-1	4912.44307104	[1, 1, 1, 1, 1, 1, 1, 1, 1, 1, 1, 1]
	1831838	1753651	1737005	20	M	16	A		-1	4912.78866857	[1, 1, 1, 0, 1, 1, 1, 1, 1, 1, 1, 0]
	1812909	1761039	1567552	20	M	9	A		-1	4912.96024718	[1, 1, 1, 1, 1, 1, 1, 1, 1, 1, 1, 1]
	1799457	1785748	1718482	20	M	95	A		-1	4913.23021903	[1, 1, 1, 1, 1, 1, 1, 1, 1, 1, 1, 1]
	1813207	1767666	1733626	20	M	34	A		-1	4913.28204666	[1, 1, 1, 1, 1, 1, 1, 1, 1, 1, 1, 1]
	1819485	1770368	1731114	20	M	49	A		-1	4913.34988069	[1, 1, 1, 1, 1, 1, 1, 1, 1, 1, 1, 1]
	1873044	1789922	1696150	20	M	18	A		-1	4913.41649646	[1, 1, 1, 1, 1, 1, 1, 1, 1, 1, 1, 1]
	1851378	1695099	1689645	20	M	90	A		-1	4913.78201761	[1, 1, 1, 1, 1, 1, 1, 1, 1, 1, 1, 1]
	1871133	1788730	1722367	20	M	27	A		-1	4913.96573112	[1, 1, 1, 1, 1, 1, 1, 1, 1, 1, 1, 1]
	1852258	1773448	1735303	20	M	44	A		-1	4914.73653379	[1, 1, 1, 1, 1, 1, 1, 1, 1, 1, 1, 1]
	1804951	1715504	1772283	20	M	88	A		-1	4914.92170708	[1, 1, 1, 1, 1, 1, 1, 1, 1, 1, 1, 1]
	1816672	1720595	1741349	20	M	7	A		-1	4915.05137283	[1, 1, 1, 1, 1, 0, 1, 1, 1, 1, 1, 1]
	1810667	1785659	1670363	20	M	99	A		-1	4915.08648848	[1, 1, 1, 1, 1, 1, 1, 1, 1, 1, 1, 1]
	1865525	1724307	1586216	20	M	93	A		-1	4915.52921912	[1, 1, 1, 1, 1, 1, 1, 1, 1, 1, 1, 1]
	1858635	1742392	1538593	20	M	61	A		-1	4915.5440315	[1, 1, 1, 1, 1, 1, 1, 1, 1, 1, 1, 1]
	1880499	1763546	1733617	20	M	8	A		-1	4915.97244027	[1, 1, 1, 0, 1, 1, 1, 1, 1, 1, 1, 1]
	1884049	1699586	1756207	20	M	16	A		-1	4916.3008248	[1, 1, 1, 1, 1, 0, 1, 1, 1, 1, 1, 0]
	1813680	1753793	1734006	20	M	22	A		-1	4916.99224242	[1, 1, 1, 1, 1, 1, 1, 1, 1, 1, 1, 1]
	1805874	1793622	1494590	20	M	39	A		-1	4916.99603116	[1, 1, 1, 1, 1, 1, 1, 1, 1, 1, 1, 1]
	1872006	1741820	1761351	20	M	12	A		-1	4917.11326669	[1, 1, 1, 1, 1, 1, 1, 1, 1, 1, 1, 1]
	1870339	1703482	1721967	20	M	29	A		-1	4917.14154096	[1, 1, 1, 1, 1, 1, 1, 1, 1, 1, 1, 1]
	1886147	1706897	1680683	20	M	7	A		-1	4917.15181612	[1, 1, 1, 1, 1, 1, 1, 1, 1, 1, 1, 1]
	1797277	1763671	1688978	20	M	2	A		-1	4917.4397652	[1, 1, 1, 1, 1, 1, 1, 1, 1, 1, 1, 1]
	1806524	1740095	1758603	20	M	34	A		-1	4917.59450048	[1, 1, 1, 1, 1, 1, 1, 1, 1, 1, 1, 1]
	1826899	1695149	1790780	20	M	6	A		-1	4917.85630982	[1, 1, 0, 1, 1, 1, 1, 1, 1, 1, 1, 1]
	1796208	1783411	1784048	20	M	19	A		-1	4918.18933499	[1, 1, 1, 0, 1, 1, 0, 1, 1, 1, 1, 1]
	1833095	1738502	1724164	20	M	26	A		-1	4918.82522404	[1, 1, 1, 1, 1, 1, 1, 1, 1, 1, 1, 1]
	1834516	1779165	1702563	20	M	1	A		-1	4920.64562701	[1, 1, 1, 1, 0, 1, 1, 1, 1, 1, 1, 1]
	1799824	1761179	1660393	20	M	99	A		-1	4920.87454182	[1, 1, 1, 1, 1, 1, 1, 1, 1, 1, 1, 1]
	1853449	1758119	1771408	20	M	40	A		-1	4921.51190095	[1, 1, 0, 1, 1, 1, 1, 1, 1, 1, 1, 1]
	1843994	1722945	1793995	20	M	24	A		-1	4921.53835324	[1, 1, 1, 1, 1, 0, 1, 1, 1, 1, 1, 1]
	1803161	1722791	1714550	20	M	56	A		-1	4921.55486345	[1, 1, 1, 0, 1, 1, 1, 1, 1, 1, 1, 1]
	1798024	1705842	1726487	20	M	63	A		-1	4921.90389165	[1, 1, 1, 1, 1, 1, 1, 1, 1, 1, 1, 1]
	1822744	1788095	1784348	20	M	94	A		-1	4922.10915358	[1, 1, 1, 1, 1, 1, 1, 1, 1, 1, 1, 1]
	1744939	1674297	1442923	19	M	26	A		-1	4922.25921163	[1, 1, 1, 1, 1, 1, 1, 1, 1, 1, 1, 1]
	1876453	1778156	1608490	20	M	100	A		-1	4922.66837347	[1, 1, 1, 1, 1, 1, 1, 1, 1, 1, 1, 1]
	1872052	1654491	1772201	20	M	45	A		-1	4922.86444079	[1, 1, 1, 1, 1, 1, 1, 1, 1, 1, 1, 0]
	1830846	1764481	1763056	20	M	87	A		-1	4922.98656291	[1, 1, 1, 1, 1, 0, 1, 1, 1, 1, 1, 1]
	1855526	1770794	1766202	20	M	96	A		-1	4923.25470984	[1, 1, 0, 1, 1, 1, 1, 1, 1, 1, 1, 1]
	1697504	1627095	1664493	19	M	2	A		-1	4923.7962308	[1, 1, 1, 1, 1, 1, 1, 1, 1, 1, 1, 1]
	1835987	1731109	1794636	20	M	96	A		-1	4924.55167875	[1, 1, 1, 1, 1, 1, 1, 1, 1, 1, 1, 0]
	1801796	1779238	1704921	20	M	76	A		-1	4924.65910568	[1, 1, 1, 1, 1, 1, 1, 1, 1, 1, 1, 1]
	1849817	1764481	1791147	20	M	78	A		-1	4925.00838366	[1, 1, 1, 1, 1, 1, 1, 1, 1, 1, 1, 1]
	1821429	1722791	1768028	20	M	20	A		-1	4925.0098355	[1, 1, 1, 1, 1, 1, 1, 1, 1, 1, 1, 1]
	1863930	1748372	1612988	20	M	95	A		-1	4926.04433804	[0, 1, 1, 1, 1, 1, 1, 1, 1, 1, 1, 1]
	1792566	1611948	1658860	19	M	38	A		-1	4926.17747143	[1, 1, 1, 1, 1, 1, 1, 1, 1, 1, 1, 1]
	1893132	1764481	1751892	20	M	21	A		-1	4926.70071197	[1, 1, 1, 0, 1, 1, 1, 1, 1, 1, 1, 1]
	1739213	1528820	1602033	19	M	6	A		-1	4926.81575551	[1, 1, 1, 1, 1, 1, 1, 1, 1, 1, 1, 1]
	1867465	1712896	1633461	20	M	38	A		-1	4926.9108935	[1, 0, 1, 1, 1, 1, 1, 1, 1, 1, 1, 1]
	1840361	1701176	1664120	20	M	26	A		-1	4926.99587481	[1, 1, 0, 1, 1, 1, 1, 1, 1, 1, 1, 1]
	1831061	1713165	1701386	20	M	35	A		-1	4927.22640694	[1, 1, 1, 0, 1, 1, 1, 1, 1, 1, 1, 1]
	1816423	1736672	1609398	20	M	81	A		-1	4927.27118299	[1, 1, 1, 1, 1, 1, 1, 1, 1, 1, 1, 1]
	1874106	1778156	1761784	20	M	27	A		-1	4927.3826708	[1, 1, 1, 1, 1, 1, 1, 1, 1, 1, 1, 1]
	1861420	1786089	1725604	20	M	81	A		-1	4927.58578914	[1, 1, 1, 1, 1, 1, 1, 1, 1, 1, 1, 1]
	1888409	1761179	1754084	20	M	76	A		-1	4927.62681032	[1, 1, 1, 1, 1, 1, 1, 1, 1, 1, 1, 1]
	1804115	1738502	1764227	20	M	37	A		-1	4928.22640867	[1, 1, 1, 1, 1, 0, 1, 1, 1, 1, 1, 1]
	1853145	1787804	1598018	20	M	45	A		-1	4928.44623969	[1, 1, 1, 1, 1, 1, 1, 1, 1, 1, 1, 0]
	1813870	1611948	1790284	20	M	2	A		-1	4928.48027087	[1, 1, 1, 1, 1, 1, 1, 1, 1, 1, 1, 1]
	1821932	1722263	1774864	20	M	1	A		-1	4928.50306607	[1, 1, 1, 1, 1, 1, 1, 1, 1, 1, 1, 1]
	1875999	1732940	1617276	20	M	100	A		-1	4928.55029891	[1, 1, 1, 1, 1, 1, 1, 1, 1, 1, 1, 1]
	1884246	1726779	1791195	20	M	15	A		-1	4928.6855524	[1, 1, 1, 1, 1, 1, 1, 1, 1, 1, 1, 1]
	1814311	1716025	1624351	20	M	85	A		-1	4929.2348148	[1, 1, 1, 1, 1, 1, 1, 1, 1, 1, 1, 1]
	1858429	1696223	1778732	20	M	77	A		-1	4929.32998864	[0, 1, 1, 1, 1, 1, 1, 1, 1, 1, 1, 1]
	1814950	1748372	1653194	20	M	93	A		-1	4929.38986256	[1, 1, 1, 1, 1, 1, 1, 1, 1, 1, 1, 1]
	1804193	1667600	1731191	20	M	93	A		-1	4930.19134356	[1, 1, 1, 1, 1, 1, 1, 1, 1, 1, 1, 1]
	1582234	1469128	1381321	17	M	78	A		-1	4930.56336129	[1, 1, 1, 1, 1, 1, 1, 1, 1, 1, 1, 0]
	1809417	1606558	1557147	20	M	45	A		-1	4930.65947359	[1, 1, 1, 1, 1, 1, 1, 1, 1, 1, 1, 1]
	1857261	1716723	1736893	20	M	81	A		-1	4930.80766173	[1, 1, 1, 1, 1, 1, 1, 1, 1, 1, 1, 1]
	1827135	1793747	1748794	20	M	9	A		-1	4931.08857829	[1, 1, 1, 1, 1, 1, 1, 1, 1, 1, 1, 1]
	1800150	1712352	1722720	20	M	71	A		-1	4931.19239985	[1, 1, 1, 1, 1, 1, 1, 0, 1, 1, 1, 1]
	1824568	1751531	1743576	20	M	37	A		-1	4931.77747152	[1, 1, 1, 1, 1, 1, 1, 1, 1, 1, 1, 0]
	1880424	1786279	1770779	20	M	46	A		-1	4932.1843888	[1, 1, 1, 1, 1, 0, 1, 1, 1, 1, 1, 1]
	1801223	1759436	1742008	20	M	6	A		-1	4932.36367942	[1, 1, 1, 1, 1, 1, 1, 1, 1, 1, 1, 1]
	1827359	1763402	1746701	20	M	59	A		-1	4932.6946902	[1, 1, 1, 1, 1, 1, 1, 1, 1, 1, 1, 1]
	1800728	1749872	1779662	20	M	48	A		-1	4932.75924548	[1, 1, 0, 1, 1, 1, 1, 1, 1, 1, 1, 1]
	1785659	1597995	1515900	19	M	81	A		-1	4933.15718212	[1, 1, 1, 1, 1, 1, 1, 1, 1, 1, 1, 0]
	1859991	1736655	1575219	20	M	22	A		-1	4933.20257475	[1, 1, 1, 1, 1, 1, 1, 1, 1, 1, 1, 1]
	1875379	1738600	1654315	20	M	40	A		-1	4933.43962629	[1, 1, 1, 1, 1, 1, 1, 1, 1, 1, 1, 1]
	1840670	1743790	1766137	20	M	90	A		-1	4933.60374614	[0, 1, 1, 1, 1, 1, 1, 1, 1, 1, 1, 1]
	1869545	1782927	1749597	20	M	87	A		-1	4933.67824743	[1, 1, 1, 1, 1, 1, 1, 1, 1, 1, 1, 1]
	1714355	1670571	1606130	19	M	14	A		-1	4933.96608673	[1, 1, 1, 1, 1, 1, 1, 1, 1, 1, 1, 1]
	1856190	1748146	1709206	20	M	87	A		-1	4934.6386454	[1, 1, 1, 1, 1, 1, 1, 1, 1, 1, 1, 1]
	1883410	1755305	1776235	20	M	34	A		-1	4935.31581665	[1, 1, 0, 1, 1, 1, 1, 1, 1, 1, 1, 0]
	1862355	1779991	1613700	20	M	100	A		-1	4935.38315248	[1, 1, 1, 1, 1, 1, 1, 1, 1, 1, 1, 1]
	1834709	1770595	1709527	20	M	70	A		-1	4935.82335857	[1, 1, 1, 1, 1, 1, 1, 1, 1, 1, 1, 1]
	1802844	1713687	1678188	20	M	0	A		-1	4936.0068867	[1, 1, 1, 1, 1, 1, 1, 1, 1, 1, 1, 1]
	1842748	1777740	1768638	20	M	11	A		-1	4936.42712206	[1, 1, 1, 1, 1, 1, 1, 1, 1, 1, 1, 1]
	1890752	1713620	1743706	20	M	31	A		-1	4936.76426086	[1, 1, 1, 1, 1, 1, 1, 1, 1, 1, 1, 1]
	1894309	1770595	1750928	20	M	75	A		-1	4936.80765593	[1, 1, 1, 1, 1, 1, 1, 1, 1, 1, 1, 1]
	1879601	1701176	1722723	20	M	89	A		-1	4937.71148225	[0, 1, 0, 1, 1, 1, 1, 1, 1, 1, 1, 1]
	1835763	1764481	1727524	20	M	36	A		-1	4938.08315611	[1, 1, 1, 0, 1, 1, 1, 1, 1, 1, 1, 1]
	1775642	1600703	1604338	19	M	51	A		-1	4938.4664401	[1, 1, 1, 1, 1, 1, 1, 1, 1, 1, 1, 1]
	1836728	1667600	1709337	20	M	63	A		-1	4938.61094161	[1, 1, 1, 1, 1, 1, 1, 1, 1, 1, 1, 1]
	1891956	1708843	1790642	20	M	3	A		-1	4938.74135256	[1, 1, 1, 1, 1, 1, 1, 1, 1, 1, 1, 1]
	1812839	1714941	1696109	20	M	65	A		-1	4939.10496224	[1, 0, 1, 1, 1, 1, 1, 1, 1, 1, 1, 1]
	1889546	1769083	1578841	20	M	70	A		-1	4939.84154256	[1, 1, 1, 1, 1, 1, 1, 1, 1, 1, 1, 1]
	1870986	1755358	1739701	20	M	96	A		-1	4939.85631201	[1, 1, 1, 1, 1, 1, 1, 1, 1, 1, 1, 1]
	1885828	1740095	1780752	20	M	57	A		-1	4939.89365611	[1, 1, 1, 1, 1, 1, 1, 1, 1, 1, 1, 1]
	1781143	1615277	1672347	19	M	81	A		-1	4940.0069291	[1, 1, 1, 1, 1, 1, 1, 1, 1, 1, 1, 1]
	1889357	1742701	1788318	20	M	59	A		-1	4940.34056967	[1, 1, 1, 1, 1, 1, 1, 1, 1, 1, 1, 1]
	1802207	1776655	1782174	20	M	20	A		-1	4940.38315623	[1, 1, 1, 1, 1, 1, 1, 1, 1, 1, 1, 0]
	1853197	1714743	1636227	20	M	11	A		-1	4941.64023482	[1, 1, 0, 1, 1, 1, 1, 1, 1, 1, 1, 1]
	1842924	1705842	1668652	20	M	36	A		-1	4941.6415903	[1, 1, 1, 1, 1, 1, 1, 1, 1, 1, 1, 1]
	1869612	1789427	1506361	20	M	61	A		-1	4942.98004985	[1, 1, 1, 1, 1, 1, 1, 1, 1, 1, 1, 1]
	1875032	1719871	1720570	20	M	9	A		-1	4943.09697824	[1, 1, 1, 1, 1, 1, 1, 1, 1, 1, 1, 0]
	1854823	1736655	1663106	20	M	7	A		-1	4943.80662403	[1, 1, 1, 1, 1, 1, 1, 1, 1, 1, 1, 1]
	1801214	1720767	1783318	20	M	70	A		-1	4944.07613817	[1, 1, 1, 1, 1, 1, 1, 1, 1, 1, 1, 1]
	1842393	1699229	1745283	20	M	73	A		-1	4944.0948293	[1, 1, 1, 1, 1, 1, 1, 1, 1, 1, 1, 0]
	1823125	1767801	1735468	20	M	88	A		-1	4944.44345088	[1, 1, 1, 1, 1, 1, 1, 1, 1, 1, 1, 1]
	1825752	1641258	1618854	20	M	34	A		-1	4944.71711404	[1, 1, 1, 1, 1, 1, 1, 1, 1, 1, 1, 1]
	1841259	1759436	1724848	20	M	48	A		-1	4944.74282463	[1, 1, 1, 0, 1, 1, 1, 1, 1, 1, 1, 1]
	1813570	1749603	1626250	20	M	83	A		-1	4944.77206188	[1, 1, 1, 1, 1, 0, 1, 1, 1, 1, 1, 1]
	1853385	1749872	1753880	20	M	97	A		-1	4944.81357065	[0, 1, 1, 1, 1, 1, 1, 1, 1, 1, 1, 1]
	1852353	1714355	1773768	20	M	69	A		-1	4945.90127414	[1, 1, 1, 1, 1, 1, 1, 1, 1, 1, 1, 1]
	1888634	1755723	1521342	20	M	35	A		-1	4946.12876429	[1, 1, 1, 1, 1, 0, 1, 1, 1, 1, 1, -1]
	1814956	1706576	1714564	20	M	78	A		-1	4946.24257984	[1, 1, 1, 1, 1, 1, 1, 1, 1, 1, 1, 1]
	1828867	1748650	1700027	20	M	58	A		-1	4946.68878774	[1, 1, 0, 1, 1, 1, 1, 1, 1, 1, 1, 1]
	1844580	1717190	1778285	20	M	28	A		-1	4946.84008753	[1, 1, 1, 1, 1, 1, 1, 1, 1, 1, 1, 1]
	1852222	1699931	1758249	20	M	93	A		-1	4947.08389893	[1, 1, 1, 0, 1, 1, 1, 1, 1, 1, 1, 1]
	1829480	1741736	1672391	20	M	32	A		-1	4947.11630473	[1, 1, 1, 1, 1, 1, 1, 1, 1, 1, 1, 1]
	1804232	1780805	1784593	20	M	73	A		-1	4947.14791963	[1, 1, 1, 1, 1, 1, 1, 1, 1, 1, 0, 1]
	1886554	1730482	1769644	20	M	70	A		-1	4947.47497555	[1, 1, 1, 1, 1, 1, 1, 1, 1, 1, 1, 1]
	1880599	1716723	1679664	20	M	90	A		-1	4947.54366082	[1, 1, 1, 1, 1, 1, 1, 1, 1, 1, 1, 1]
	1881584	1734300	1727334	20	M	55	A		-1	4947.79026808	[1, 1, 1, 1, 1, 1, 1, 1, 1, 1, 1, 1]
	1837477	1726779	1628574	20	M	53	A		-1	4947.86495761	[1, 1, 1, 1, 1, 1, 1, 1, 1, 1, 1, 1]
	1845664	1732940	1714537	20	M	19	A		-1	4948.09465696	[1, 1, 1, 1, 1, 1, 1, 1, 1, 1, 1, 1]
	1797697	1764509	1794822	20	M	21	A		-1	4948.22154116	[1, 1, 1, 1, 1, 0, 1, 1, 1, 1, 1, 1]
	1885265	1786465	1762144	20	M	76	A		-1	4948.28978657	[1, 1, 1, 1, 1, 1, 1, 1, 1, 1, 1, 1]
	1723783	1686019	1656183	19	M	69	A		-1	4948.36937625	[1, 1, 1, 1, 1, 1, 1, 1, 1, 1, 1, 1]
	1893517	1705718	1710534	20	M	86	A		-1	4948.43910822	[1, 1, 1, 1, 1, 1, 1, 1, 1, 1, 1, 0]
	1872456	1699586	1702899	20	M	26	A		-1	4948.71753499	[1, 1, 1, 1, 1, 0, 1, 1, 1, 1, 1, 1]
	1823661	1720767	1757210	20	M	69	A		-1	4949.35818925	[1, 1, 1, 1, 1, 1, 1, 1, 1, 1, 1, 1]
	1828178	1621440	1636758	20	M	84	A		-1	4949.54887642	[1, 1, 1, 1, 1, 1, 1, 1, 1, 1, 1, 1]
	1885743	1699229	1693930	20	M	7	A		-1	4950.01997059	[1, 1, 1, 1, 1, 1, 1, 1, 1, 1, 1, 0]
	1894675	1709600	1694933	20	M	94	A		-1	4950.28539071	[1, 1, 1, 1, 1, 1, 1, 1, 1, 1, 1, 0]
	1819007	1717098	1699749	20	M	68	A		-1	4950.46486311	[1, 1, 1, 1, 1, 0, 1, 1, 1, 1, 1, 1]
	1877320	1777740	1699404	20	M	73	A		-1	4950.68303798	[1, 1, 1, 1, 1, 1, 1, 1, 1, 1, 1, 1]
	1868962	1778974	1698965	20	M	39	A		-1	4951.27980114	[1, 1, 1, 1, 1, 1, 1, 1, 1, 1, 1, 0]
	1845258	1791449	1764743	20	M	73	A		-1	4951.31868992	[1, 1, 1, 1, 1, 1, 1, 1, 1, 1, 1, 1]
	1811114	1645110	1684922	20	M	100	A		-1	4951.54345029	[1, 1, 1, 1, 0, 1, 1, 1, 1, 1, 1, 1]
	1877239	1705718	1670752	20	M	69	A		-1	4951.67452871	[1, 1, 1, 1, 1, 1, 1, 1, 1, 1, 1, 1]
	1876037	1766363	1635248	20	M	35	A		-1	4951.73871247	[1, 1, 1, 1, 1, 1, 1, 1, 1, 1, 1, 1]
	1715504	1540973	1692051	19	M	33	A		-1	4952.00252957	[1, 1, 1, 1, 1, 1, 1, 1, 1, 1, 1, 1]
	1878172	1714894	1728563	20	M	32	A		-1	4952.43134732	[1, 1, 1, 1, 1, 1, 1, 1, 1, 1, 1, 1]
	1816351	1695914	1763001	20	M	93	A		-1	4953.2651589	[1, 1, 1, 1, 1, 1, 1, 1, 1, 1, 1, 1]
	1870329	1709600	1620166	20	M	18	A		-1	4953.3873417	[1, 1, 1, 0, 1, 1, 1, 1, 1, 1, 1, 1]
	1882390	1745988	1656824	20	M	65	A		-1	4954.09479706	[1, 1, 1, 1, 1, 1, 1, 1, 1, 1, 1, 1]
	1848999	1792181	1724746	20	M	47	A		-1	4954.25753527	[1, 1, 1, 1, 1, 1, 1, 1, 1, 1, 1, 1]
	1881579	1770431	1742254	20	M	66	A		-1	4954.50866921	[1, 1, 1, 1, 1, 1, 1, 1, 1, 1, 1, 1]
	1861987	1713764	1737415	20	M	12	A		-1	4954.83794363	[1, 1, 1, 1, 1, 0, 1, 1, 1, 1, 1, 0]
	1867288	1742392	1625314	20	M	22	A		-1	4955.18129327	[1, 1, 1, 1, 1, 1, 1, 1, 1, 1, 1, 0]
	1840957	1768439	1430429	20	M	66	A		-1	4955.47376562	[1, 1, 1, 1, 1, 1, 1, 1, 1, 1, 1, 0]
	1849607	1748140	1792782	20	M	65	A		-1	4956.22001056	[1, 1, 1, 1, 1, 1, 1, 1, 1, 1, 1, 0]
	1857320	1735207	1658531	20	M	40	A		-1	4956.46702474	[1, 1, 1, 1, 1, 1, 1, 1, 1, 1, 1, 1]
	1870023	1732008	1648222	20	M	66	A		-1	4957.18421355	[1, 1, 1, 1, 1, 1, 1, 1, 1, 1, 1, 1]
	1872902	1715800	1759193	20	M	95	A		-1	4957.38031027	[1, 1, 1, 1, 1, 1, 1, 1, 1, 1, 1, 1]
	1857592	1706897	1779103	20	M	39	A		-1	4957.7868169	[0, 1, 1, 1, 1, 1, 1, 1, 1, 1, 1, 1]
	1842993	1784747	1630616	20	M	3	A		-1	4958.10507366	[1, 1, 1, 1, 1, 1, 1, 1, 1, 1, 1, 1]
	1823283	1744033	1697461	20	M	7	A		-1	4958.17280071	[1, 1, 1, 1, 1, 1, 1, 1, 1, 1, 1, 1]
	1844930	1749872	1705483	20	M	23	A		-1	4958.17319426	[1, 1, 0, 1, 1, 1, 1, 1, 1, 1, 1, 1]
	1817247	1747054	1712155	20	M	62	A		-1	4958.38579503	[1, 1, 1, 1, 1, 1, 1, 1, 1, 1, 1, 1]
	1814309	1700951	1781094	20	M	34	A		-1	4958.74338598	[1, 1, 1, 1, 1, 1, 1, 1, 1, 1, 1, 1]
	1857937	1740519	1723163	20	M	8	A		-1	4959.5725124	[1, 1, 1, 1, 1, 1, 1, 1, 1, 1, 1, 0]
	1871118	1791005	1553253	20	M	58	A		-1	4959.99431847	[1, 1, 1, 1, 1, 1, 1, 1, 1, 1, 1, 1]
	1832748	1712085	1732778	20	M	81	A		-1	4960.10873793	[1, 1, 1, 1, 1, 1, 1, 1, 1, 1, 1, 1]
	1837191	1712352	1736265	20	M	91	A		-1	4960.72962475	[1, 1, 1, 1, 1, 1, 1, 1, 1, 1, 1, 1]
	1844645	1764509	1597815	20	M	95	A		-1	4961.2232134	[1, 1, 1, 1, 1, 1, 1, 1, 1, 1, 1, 1]
	1846052	1724228	1701283	20	M	94	A		-1	4961.44087482	[1, 1, 1, 1, 1, 1, 1, 1, 1, 1, 1, 1]
	1818005	1724307	1704220	20	M	63	A		-1	4962.24750694	[1, 1, 1, 0, 1, 1, 1, 1, 1, 1, 1, 1]
	1808367	1706760	1725507	20	M	92	A		-1	4962.36638217	[1, 1, 1, 1, 1, 1, 1, 1, 1, 1, 1, 1]
	1866231	1779438	1776275	20	M	53	A		-1	4962.52513886	[1, 1, 1, 1, 1, 1, 1, 1, 1, 1, 1, 1]
	1859637	1678872	1734753	20	M	36	A		-1	4962.69762628	[1, 1, 1, 1, 1, 1, 1, 1, 1, 1, 1, 1]
	1842129	1703357	1792823	20	M	88	A		-1	4962.88278572	[1, 1, 1, 1, 1, 1, 1, 1, 1, 1, 1, 1]
	1764785	1620777	1587685	19	M	74	A		-1	4963.21800041	[1, 1, 1, 1, 1, 1, 1, 1, 1, 1, 1, 1]
	1824141	1708667	1678214	20	M	27	A		-1	4963.23203358	[1, 1, 1, 1, 1, 1, 1, 1, 1, 1, 1, 1]
	1884115	1701176	1767565	20	M	97	A		-1	4963.35507138	[1, 1, 0, 1, 1, 1, 1, 1, 1, 1, 1, 1]
	1798336	1747789	1601237	20	M	8	A		-1	4963.51599899	[1, 1, 1, 1, 1, 1, 1, 1, 1, 1, 1, 1]
	1844541	1788095	1748257	20	M	57	A		-1	4963.9340353	[1, 1, 1, 1, 1, 1, 1, 1, 1, 1, 1, 1]
	1834612	1764885	1663798	20	M	31	A		-1	4964.11153604	[1, 1, 1, 1, 1, 1, 1, 1, 1, 1, 1, 1]
	1784130	1618316	1607712	19	M	54	A		-1	4964.51423097	[0, 1, 1, 1, 1, 1, 1, 1, 1, 1, 1, 1]
	1815579	1756318	1628356	20	M	72	A		-1	4965.2464788	[1, 1, 1, 1, 1, 1, 1, 1, 1, 1, 1, 1]
	1800628	1701561	1727827	20	M	14	A		-1	4965.63052032	[1, 1, 1, 1, 1, 1, 1, 1, 1, 1, 1, 1]
	1872526	1703594	1781942	20	M	70	A		-1	4965.75452284	[1, 1, 1, 1, 1, 1, 1, 1, 1, 1, 1, 1]
	1890717	1707218	1695395	20	M	2	A		-1	4966.04711135	[1, 1, 1, 1, 1, 1, 1, 1, 1, 1, 1, 1]
	1810925	1776551	1717031	20	M	13	A		-1	4966.29866202	[1, 1, 1, 1, 1, 1, 1, 1, 1, 1, 1, 1]
	1819892	1645110	1748382	20	M	88	A		-1	4967.5056786	[1, 1, 1, 1, 0, 1, 1, 1, 1, 1, 1, 1]
	1858262	1749202	1763125	20	M	10	A		-1	4967.80670074	[1, 1, 1, 1, 1, 1, 1, 1, 1, 1, 1, 1]
	1873734	1772854	1686989	20	M	22	A		-1	4967.89641513	[1, 1, 1, 1, 1, 1, 1, 1, 1, 1, 1, 1]
	1807214	1719034	1742573	20	M	95	A		-1	4968.39026191	[1, 0, 0, 1, 1, 1, 1, 1, 1, 1, 1, 1]
	1808726	1788005	1655990	20	M	96	A		-1	4968.50938907	[1, 1, 1, 1, 1, 1, 1, 1, 1, 1, 1, 1]
	1892328	1743790	1780007	20	M	62	A		-1	4968.58792903	[1, 1, 1, 1, 1, 1, 1, 1, 1, 1, 1, 1]
	1866414	1788910	1704395	20	M	100	A		-1	4968.90680882	[1, 1, 1, 1, 1, 1, 1, 1, 1, 1, 1, 1]
	1891619	1776655	1750287	20	M	98	A		-1	4969.46963334	[1, 1, 1, 1, 1, 1, 1, 1, 1, 1, 1, 0]
	1820624	1770368	1745496	20	M	3	A		-1	4969.82223877	[1, 1, 1, 1, 1, 1, 1, 1, 1, 1, 1, 1]
	1821546	1745357	1720489	20	M	91	A		-1	4969.94106901	[1, 1, 1, 1, 1, 1, 1, 0, 1, 1, 1, 1]
	1833103	1700951	1757671	20	M	47	A		-1	4969.94902288	[1, 1, 0, 1, 1, 1, 1, 1, 1, 1, 1, 1]
	1849742	1716723	1680775	20	M	81	A		-1	4970.3489501	[1, 1, 1, 1, 1, 1, 1, 1, 1, 1, 1, 1]
	1809494	1727015	1757751	20	M	36	A		-1	4970.71025934	[1, 1, 1, 1, 1, 1, 1, 1, 1, 1, 1, 1]
	1869652	1715504	1719935	20	M	39	A		-1	4970.93848521	[1, 1, 1, 1, 1, 1, 1, 1, 1, 1, 1, 1]
	1832419	1765051	1754497	20	M	58	A		-1	4971.24444407	[1, 1, 1, 1, 1, 1, 1, 1, 1, 1, 1, 1]
	1846699	1667600	1751963	20	M	4	A		-1	4971.25612012	[1, 1, 1, 1, 1, 1, 1, 1, 1, 1, 1, 1]
	1848994	1722903	1714738	20	M	35	A		-1	4971.3553269	[1, 1, 1, 1, 1, 1, 1, 1, 1, 1, 1, 1]
	1812632	1782927	1706803	20	M	60	A		-1	4971.57202181	[1, 1, 1, 1, 1, 0, 1, 1, 1, 1, 1, 1]
	1828165	1735866	1722814	20	M	64	A		-1	4972.71559617	[1, 1, 1, 0, 1, 1, 1, 1, 1, 1, 1, 0]
	1747068	1656647	1648073	19	M	58	A		-1	4973.89176802	[1, 1, 1, 1, 1, 1, 1, 1, 1, 1, 1, 1]
	1817537	1719364	1710936	20	M	100	A		-1	4974.02173319	[1, 1, 1, 0, 1, 0, 1, 1, 1, 1, 1, 1]
	1883249	1764785	1775813	20	M	91	A		-1	4974.33298148	[1, 1, 1, 1, 1, 1, 1, 1, 1, 1, 1, 1]
	1830721	1709869	1755168	20	M	47	A		-1	4974.97876605	[1, 1, 1, 1, 1, 1, 1, 1, 1, 1, 1, 1]
	1820410	1776551	1747486	20	M	44	A		-1	4975.15797891	[1, 1, 1, 1, 1, 1, 1, 1, 1, 1, 1, 1]
	1852690	1724307	1621011	20	M	38	A		-1	4975.3112826	[1, 1, 0, 0, 1, 1, 1, 1, 1, 1, 1, 1]
	1797351	1770298	1667318	20	M	76	A		-1	4975.31774144	[1, 1, 1, 1, 1, 1, 1, 1, 1, 1, 1, 1]
	1860235	1747054	1774579	20	M	28	A		-1	4975.49789821	[1, 1, 1, 1, 1, 1, 1, 1, 1, 1, 1, 1]
	1866612	1761225	1712323	20	M	32	A		-1	4976.31348834	[1, 1, 1, 1, 1, 1, 1, 1, 1, 1, 1, 1]
	1875208	1749872	1731125	20	M	33	A		-1	4976.63083805	[0, 1, 1, 1, 1, 1, 1, 1, 1, 1, 1, 1]
	1808848	1709705	1757431	20	M	70	A		-1	4976.66450552	[1, 1, 1, 1, 1, 1, 1, 1, 1, 1, 1, 1]
	1814091	1697034	1744079	20	M	96	A		-1	4976.92364264	[1, 1, 1, 1, 1, 1, 1, 1, 1, 1, 1, 1]
	1840675	1758960	1496991	20	M	39	A		-1	4977.15877182	[1, 1, 1, 1, 1, 1, 1, 1, 1, 1, 1, 1]
	1807316	1766933	1532567	20	M	87	A		-1	4977.51310369	[1, 1, 1, 1, 1, 1, 1, 1, 1, 1, 1, 1]
	1860735	1779989	1720449	20	M	10	A		-1	4977.78502128	[1, 1, 1, 1, 1, 1, 1, 1, 1, 1, 1, 1]
	1889491	1752545	1777684	20	M	18	A		-1	4978.61778779	[1, 1, 1, 0, 1, 1, 1, 1, 1, 1, 1, 1]
	1850797	1747054	1717425	20	M	50	A		-1	4978.79693271	[1, 1, 1, 1, 1, 1, 1, 1, 1, 1, 1, 1]
	1846910	1701176	1789415	20	M	24	A		-1	4980.35496122	[1, 1, 0, 1, 1, 1, 1, 1, 1, 1, 1, 1]
	1805593	1711543	1688928	20	M	60	A		-1	4980.48990425	[1, 1, 1, 1, 1, 1, 1, 1, 1, 1, 1, 1]
	1806189	1647517	1756521	20	M	40	A		-1	4982.19627501	[0, 1, 1, 1, 1, 1, 1, 1, 1, 1, 1, 1]
	1747789	1670206	1641552	19	M	24	A		-1	4982.5850168	[1, 1, 1, 1, 1, 1, 1, 1, 1, 1, 1, 1]
	1834357	1792181	1682845	20	M	33	A		-1	4983.49435434	[1, 1, 1, 1, 1, 1, 1, 1, 1, 1, 1, 1]
	1864078	1755614	1741396	20	M	21	A		-1	4983.61319337	[1, 1, 1, 1, 1, 1, 1, 1, 1, 1, 1, 1]
	1805796	1711488	1697075	20	M	93	A		-1	4983.74662598	[1, 1, 1, 1, 1, 1, 1, 1, 1, 1, 1, 1]
	1707218	1597577	1572911	19	M	91	A		-1	4983.89940117	[1, 1, 1, 1, 1, 1, 1, 1, 1, 1, 1, 1]
	1877344	1711602	1701019	20	M	41	A		-1	4984.06913577	[1, 1, 1, 1, 1, 1, 1, 1, 1, 1, 1, 1]
	1813121	1746450	1698652	20	M	12	A		-1	4984.1414295	[1, 1, 1, 1, 1, 1, 1, 1, 1, 1, 1, 1]
	1881618	1762516	1752395	20	M	98	A		-1	4985.71598654	[1, 1, 1, 1, 1, 1, 1, 1, 1, 1, 1, 1]
	1861922	1732324	1711470	20	M	32	A		-1	4985.74894098	[1, 1, 1, 1, 1, 1, 1, 1, 1, 1, 1, 1]
	1797852	1748160	1677073	20	M	60	A		-1	4986.10498354	[1, 1, 1, 1, 1, 1, 1, 1, 1, 1, 1, 1]
	1889021	1763671	1715224	20	M	41	A		-1	4986.25942016	[1, 1, 1, 1, 1, 1, 1, 1, 1, 1, 1, 1]
	1849104	1776059	1714236	20	M	23	A		-1	4987.04362241	[1, 1, 1, 1, 1, 1, 1, 1, 1, 1, 0, 1]
	1892525	1764509	1626224	20	M	37	A		-1	4987.35044253	[1, 1, 1, 1, 1, 1, 1, 1, 1, 1, 1, 1]
	1827063	1739209	1783303	20	M	31	A		-1	4987.96347519	[1, 1, 1, 1, 1, 1, 1, 1, 1, 1, 1, 1]
	1826912	1744939	1741898	20	M	93	A		-1	4988.4244068	[1, 1, 1, 1, 1, 1, 1, 1, 1, 1, 1, 1]
	1851007	1632185	1709832	20	M	17	A		-1	4989.10239181	[1, 1, 1, 0, 1, 1, 1, 1, 1, 1, 1, 1]
	1876518	1706319	1780886	20	M	50	A		-1	4989.2383664	[1, 1, 1, 1, 1, 1, 1, 1, 1, 1, 1, 1]
	1850728	1709600	1719068	20	M	83	A		-1	4989.66846603	[1, 1, 0, 1, 1, 1, 1, 1, 1, 1, 1, 1]
	1891752	1747054	1761088	20	M	100	A		-1	4989.94073656	[1, 1, 1, 1, 1, 1, 1, 1, 1, 1, 1, 1]
	1842125	1708667	1605313	20	M	98	A		-1	4990.02696971	[1, 1, 1, 1, 1, 1, 1, 1, 1, 1, 1, 1]
	1809228	1764785	1717869	20	M	46	A		-1	4990.41656214	[1, 1, 1, 1, 1, 1, 1, 1, 1, 1, 1, 1]
	1779165	1635570	1682049	19	M	0	A		-1	4990.87230978	[1, 1, 1, 1, 1, 1, 1, 1, 1, 1, 1, 1]
	1819447	1745938	1708495	20	M	36	A		-1	4992.12133114	[1, 1, 1, 1, 1, 1, 1, 1, 1, 1, 1, 1]
	1885846	1787778	1701179	20	M	90	A		-1	4993.02920965	[1, 1, 1, 1, 1, 1, 1, 1, 1, 1, 1, 1]
	1842807	1768439	1788749	20	M	23	A		-1	4993.16964218	[1, 1, 1, 1, 1, 1, 1, 1, 1, 1, 1, 1]
	1883838	1716137	1712542	20	M	30	A		-1	4994.63866643	[1, 1, 1, 1, 1, 1, 1, 1, 1, 1, 1, 1]
	1889864	1709142	1749741	20	M	74	A		-1	4996.12986268	[1, 1, 1, 1, 1, 1, 1, 1, 1, 1, 1, 1]
	1864883	1726387	1760735	20	M	68	A		-1	4996.99444094	[1, 1, 1, 1, 1, 1, 1, 1, 1, 1, 1, 1]
	1807227	1747681	1649197	20	M	19	A		-1	4997.38866544	[1, 1, 1, 1, 1, 1, 1, 1, 1, 1, 1, -1]
	1849098	1703744	1756762	20	M	58	A		-1	4998.68693914	[1, 1, 1, 1, 1, 0, 1, 1, 1, 1, 1, 0]
	1879902	1772424	1749487	20	M	53	A		-1	4998.83398462	[1, 1, 1, 1, 1, 1, 1, 1, 1, 1, 1, 1]
	1857753	1761225	1760086	20	M	8	A		-1	4998.83864848	[1, 1, 1, 1, 1, 1, 1, 1, 1, 1, 1, 1]
	1883714	1721628	1709146	20	M	24	A		-1	4998.85748326	[1, 1, 1, 1, 1, 0, 1, 1, 1, 1, 1, 1]
	1879294	1748495	1727288	20	M	35	A		-1	4999.77798991	[1, 1, 1, 1, 1, 1, 1, 1, 1, 1, 1, 1]
	1877481	1792566	1764029	20	M	25	A		-1	5000.81654658	[0, 1, 1, 1, 1, 1, 1, 1, 1, 1, 1, 1]
	1831046	1768787	1763019	20	M	40	A		-1	5001.69826007	[1, 1, 1, 1, 1, 0, 1, 1, 1, 1, 1, 0]
	1831564	1774657	1742881	20	M	56	A		-1	5002.74691821	[1, 1, 1, 1, 1, 0, 1, 1, 1, 1, 1, 1]
	1724307	1612521	1592986	19	M	9	A		-1	5002.78913929	[1, 1, 0, 0, 1, 1, 1, 1, 1, 1, 1, 1]
	1877386	1732324	1717398	20	M	71	A		-1	5002.79289375	[1, 1, 1, 1, 1, 1, 1, 1, 1, 1, 1, 1]
	1825239	1762136	1761722	20	M	1	A		-1	5005.78944519	[1, 1, 1, 1, 1, 1, 1, 1, 1, 1, 1, 1]
	1843430	1720079	1625466	20	M	69	A		-1	5006.07372333	[1, 1, 1, 1, 1, 1, 1, 1, 1, 1, 1, 1]
	1820651	1707218	1786043	20	M	89	A		-1	5006.69998296	[1, 1, 1, 1, 1, 1, 1, 1, 1, 1, 1, 1]
	1833961	1761179	1783717	20	M	8	A		-1	5007.47096159	[1, 1, 1, 1, 1, 1, 1, 1, 1, 1, 1, 1]
	1852519	1727246	1739619	20	M	69	A		-1	5008.49985515	[1, 1, 0, 1, 1, 0, 1, 1, 1, 1, 1, 1]
	1873083	1582234	1775475	20	M	46	A		-1	5009.0784006	[1, 1, 1, 1, 1, 0, 1, 1, 1, 1, 1, 1]
	1892595	1695218	1720416	20	M	93	A		-1	5009.08977494	[1, 1, 1, 1, 1, 1, 1, 1, 1, 1, 1, 0]
	1779991	1611948	1674316	19	M	73	A		-1	5010.28299649	[1, 1, 1, 1, 1, 1, 1, 1, 1, 1, 1, 1]
	1812544	1745811	1726910	20	M	20	A		-1	5010.43706151	[1, 1, 1, 1, 1, 1, 1, 1, 1, 1, 1, 1]
	1813784	1748689	1773246	20	M	21	A		-1	5010.86063193	[1, 1, 1, 1, 1, 1, 1, 1, 1, 1, 1, 1]
	1804140	1712352	1702016	20	M	93	A		-1	5012.27606403	[1, 1, 1, 1, 1, 1, 1, 1, 1, 1, 1, 1]
	1889452	1743570	1636417	20	M	22	A		-1	5012.74730255	[1, 1, 1, 1, 1, 0, 1, 1, 1, 1, 1, 1]
	1871207	1711221	1728550	20	M	84	A		-1	5012.97897558	[1, 1, 1, 1, 1, 1, 1, 1, 1, 1, 1, 1]
	1816711	1744033	1694915	20	M	6	A		-1	5013.25595215	[1, 1, 1, 0, 1, 1, 1, 1, 1, 1, 1, 1]
	1842374	1763546	1786462	20	M	94	A		-1	5013.37394792	[1, 1, 1, 1, 1, 1, 1, 1, 1, 1, 1, 1]
	1873327	1766363	1771206	20	M	91	A		-1	5013.66281068	[1, 1, 1, 1, 1, 1, 1, 0, 1, 1, 1, 1]
	1844959	1747054	1703166	20	M	54	A		-1	5014.49846463	[1, 1, 1, 1, 1, 1, 1, 1, 1, 1, 1, 1]
	1828634	1774290	1761585	20	M	38	A		-1	5014.62370602	[0, 1, 1, 1, 1, 1, 1, 1, 1, 1, 1, 1]
	1880237	1749432	1724331	20	M	83	A		-1	5015.34610091	[1, 1, 1, 1, 1, 1, 1, 1, 1, 1, 1, 1]
	1816290	1754669	1632756	20	M	36	A		-1	5015.77673425	[1, 1, 1, 1, 1, 1, 1, 1, 1, 1, 1, 1]
	1798977	1762516	1599759	20	M	17	A		-1	5016.18306935	[1, 1, 1, 1, 1, 1, 1, 1, 1, 1, 1, 1]
	1820236	1776059	1688887	20	M	21	A		-1	5017.60342618	[1, 1, 1, 1, 1, 1, 1, 1, 1, 1, 1, 1]
	1836549	1739581	1690472	20	M	14	A		-1	5018.02627019	[1, 1, 1, 1, 1, 1, 1, 1, 1, 1, 1, 0]
	1880579	1697504	1763078	20	M	27	A		-1	5018.29064754	[1, 1, 1, 1, 1, 1, 1, 1, 1, 1, 1, 1]
	1804476	1727246	1738433	20	M	18	A		-1	5018.59811143	[1, 1, 1, 1, 1, 1, 1, 1, 1, 1, 1, 1]
	1827518	1756239	1611798	20	M	85	A		-1	5018.75078703	[1, 1, 1, 1, 1, 1, 1, 1, 1, 1, 1, 1]
	1858046	1724228	1787457	20	M	38	A		-1	5018.76436805	[1, 1, 1, 1, 1, 1, 1, 1, 1, 1, 1, 1]
	1858614	1711215	1768702	20	M	61	A		-1	5019.01419995	[1, 1, 1, 1, 1, 1, 1, 1, 1, 1, 1, 1]
	1872825	1786279	1725278	20	M	76	A		-1	5019.67695524	[1, 1, 1, 1, 1, 1, 1, 1, 1, 1, 1, 1]
	1818815	1753280	1695840	20	M	25	A		-1	5020.11340888	[1, 1, 1, 1, 1, 1, 1, 1, 1, 1, 1, 1]
	1852310	1776082	1770478	20	M	17	A		-1	5020.27847603	[1, 1, 1, 1, 1, 1, 1, 1, 1, 1, 1, 1]
	1817033	1793622	1645930	20	M	30	A		-1	5021.37088776	[1, 1, 1, 1, 1, 1, 1, 1, 1, 1, 1, 1]
	1890216	1721570	1789457	20	M	54	A		-1	5021.69712087	[1, 1, 1, 1, 1, 1, 1, 1, 1, 1, 1, 1]
	1812488	1607590	1651170	20	M	17	A		-1	5022.02952295	[1, 1, 1, 1, 1, 1, 1, 1, 1, 1, 1, 0]
	1827802	1770595	1732158	20	M	42	A		-1	5022.5637544	[1, 1, 1, 1, 1, 1, 1, 1, 1, 1, 1, 1]
	1701176	1655857	1600565	19	M	66	A		-1	5022.62810618	[1, 1, 0, 1, 1, 1, 1, 1, 1, 1, 1, 1]
	1846377	1711488	1743724	20	M	6	A		-1	5022.81320378	[1, 1, 1, 0, 1, 1, 1, 1, 1, 1, 1, 1]
	1761179	1621440	1616400	19	M	12	A		-1	5024.68796381	[1, 1, 1, 1, 1, 1, 1, 1, 1, 1, 1, 1]
	1865866	1728035	1702377	20	M	44	A		-1	5025.54910908	[1, 1, 1, 1, 1, 1, 1, 1, 1, 1, 1, 1]
	1862818	1779438	1702878	20	M	100	A		-1	5026.28515878	[1, 1, 1, 1, 1, 1, 1, 1, 1, 1, 1, 1]
	1817672	1724954	1706989	20	M	59	A		-1	5026.95356551	[1, 1, 1, 1, 1, 1, 1, 1, 1, 1, 1, 1]
	1849996	1699229	1730042	20	M	46	A		-1	5031.93862373	[1, 1, 1, 1, 1, 1, 1, 1, 1, 1, 1, 1]
	1832888	1714355	1788166	20	M	10	A		-1	5032.44188727	[1, 1, 1, 1, 1, 1, 1, 1, 1, 1, 1, 1]
	1812706	1760824	1734539	20	M	1	A		-1	5032.58403495	[1, 1, 1, 1, 1, 1, 1, 1, 1, 1, 1, 1]
	1864081	1645110	1685046	20	M	55	A		-1	5035.00312932	[1, 1, 1, 1, 0, 1, 1, 1, 1, 1, 1, 1]
	1819832	1763832	1719950	20	M	62	A		-1	5036.95641962	[1, 1, 1, 1, 1, 1, 1, 1, 1, 1, 1, 1]
	1777740	1564074	1610029	19	M	86	A		-1	5037.81159668	[1, 1, 1, 1, 1, 1, 1, 1, 1, 1, 1, 1]
	1812192	1737533	1740489	20	M	52	A		-1	5039.80481414	[1, 1, 1, 1, 1, 1, 1, 1, 1, 1, 1, 1]
	1798205	1771518	1749047	20	M	71	A		-1	5040.9450866	[1, 1, 1, 0, 1, 1, 1, 1, 1, 1, 1, 1]
	1844109	1747068	1758797	20	M	44	A		-1	5041.46267755	[1, 1, 1, 1, 1, 1, 1, 1, 1, 1, 1, 1]
	1864035	1785748	1760465	20	M	76	A		-1	5041.5475791	[1, 1, 1, 1, 1, 1, 1, 1, 1, 1, 1, 1]
	1815500	1612772	1732635	20	M	26	A		-1	5041.69785746	[1, 1, 1, 1, 1, 1, 1, 1, 1, 1, 1, 1]
	1880472	1751531	1770912	20	M	42	A		-1	5044.2294832	[0, 1, 1, 1, 1, 1, 1, 1, 1, 1, 1, 1]
	1807904	1613349	1746246	20	M	39	A		-1	5046.36165523	[1, 1, 1, 1, 1, 1, 1, 1, 1, 1, 1, 1]
	1842087	1729469	1749761	20	M	15	A		-1	5048.08222604	[1, 1, 1, 1, 1, 1, 1, 1, 1, 1, 1, 1]
	1840839	1724307	1760666	20	M	85	A		-1	5048.19081334	[1, 1, 1, 0, 1, 1, 1, 1, 1, 1, 1, 1]
	1839756	1758119	1710308	20	M	46	A		-1	5050.4028982	[1, 1, 0, 1, 1, 1, 1, 1, 1, 1, 1, 1]
	1854849	1789758	1702956	20	M	16	A		-1	5050.48658133	[1, 1, 0, 1, 1, 1, 1, 1, 1, 1, 1, 1]
	1805289	1794392	1744640	20	M	81	A		-1	5051.15509072	[1, 0, 1, 1, 1, 1, 1, 1, 1, 1, 1, 1]
	1849591	1737724	1752799	20	M	55	A		-1	5053.02935229	[1, 1, 1, 1, 1, 1, 1, 1, 1, 1, 1, 1]
	1889839	1783411	1662404	20	M	87	A		-1	5053.06481942	[1, 1, 1, 1, 1, 1, 1, 1, 1, 1, 1, 1]
	1833507	1775412	1706036	20	M	16	A		-1	5053.43578103	[1, 1, 1, 0, 1, 1, 1, 1, 1, 1, 1, 1]
	1820974	1751499	1755375	20	M	10	A		-1	5054.89992722	[1, 1, 1, 1, 1, 1, 1, 1, 1, 1, 1, 1]
	1880661	1779165	1704333	20	M	30	A		-1	5057.49127337	[1, 1, 1, 1, 1, 1, 1, 1, 1, 1, 1, 1]
	1891534	1716025	1682239	20	M	95	A		-1	5057.64615101	[1, 1, 1, 1, 1, 1, 1, 1, 1, 1, 1, 1]
	1839118	1735207	1783623	20	M	87	A		-1	5059.16400497	[1, 1, 1, 1, 1, 1, 1, 1, 1, 1, 1, 1]
	1822900	1779991	1503191	20	M	87	A		-1	5060.65607856	[1, 1, 1, 1, 1, 1, 1, 1, 1, 1, 1, 1]
	1852128	1767982	1757346	20	M	84	A		-1	5061.75594873	[1, 1, 1, 1, 1, 1, 1, 1, 1, 1, 1, 1]
	1838845	1703482	1697751	20	M	42	A		-1	5062.52739519	[1, 1, 1, 1, 1, 1, 1, 1, 1, 1, 1, 1]
	1856784	1697504	1749659	20	M	8	A		-1	5064.16342049	[1, 0, 1, 1, 1, 0, 1, 1, 1, 1, 1, 1]
	1800302	1612772	1615470	20	M	82	A		-1	5064.20987805	[1, 1, 1, 1, 1, 1, 1, 1, 1, 1, 1, 0]
	1849658	1791593	1764157	20	M	35	A		-1	5066.09942767	[1, 1, 1, 1, 1, 1, 1, 1, 1, 1, 1, 0]
	1867507	1618880	1733819	20	M	80	A		-1	5067.37499148	[1, 1, 1, 1, 1, 1, 1, 1, 1, 1, 1, 1]
	1822947	1715504	1701034	20	M	63	A		-1	5070.46393561	[1, 1, 1, 1, 1, 1, 1, 1, 1, 1, 1, 1]
	1800203	1695914	1769630	20	M	56	A		-1	5071.30496592	[1, 1, 1, 1, 1, 1, 1, 1, 1, 1, 1, 1]
	1881586	1760580	1786789	20	M	0	A		-1	5072.09517948	[1, 1, 1, 1, 1, 1, 1, 1, 1, 1, 1, 1]
	1885378	1702319	1779867	20	M	67	A		-1	5072.43445459	[1, 1, 1, 1, 1, 1, 1, 1, 1, 1, 1, 1]
	1872753	1761179	1695063	20	M	54	A		-1	5073.77339579	[1, 1, 1, 1, 1, 1, 1, 1, 1, 1, 1, 1]
	1893190	1728309	1670075	20	M	65	A		-1	5077.98897531	[1, 1, 0, 1, 1, 1, 1, 1, 1, 1, 1, 1]
	1885311	1752545	1764670	20	M	27	A		-1	5079.76666141	[1, 1, 1, 1, 1, 1, 1, 1, 1, 1, 1, 1]
	1847177	1613479	1767663	20	M	65	A		-1	5080.60896719	[1, 1, 1, 1, 1, 1, 1, 1, 1, 1, 1, 1]
	1820070	1746119	1773263	20	M	59	A		-1	5084.32082068	[1, 1, 1, 1, 1, 0, 1, 1, 1, 1, 1, 1]
	1764509	1657134	1653862	19	M	68	A		-1	5084.3540175	[1, 1, 1, 1, 1, 0, 1, 1, 1, 1, 1, 1]
	1807085	1762405	1764193	20	M	61	A		-1	5085.49369655	[1, 1, 1, 1, 1, 1, 1, 1, 1, 1, 1, 1]
	1877959	1787391	1749172	20	M	36	A		-1	5086.77148101	[1, 0, 1, 1, 1, 1, 1, 1, 1, 1, 1, 1]
	1803180	1704345	1705241	20	M	9	A		-1	5088.47513201	[1, 1, 1, 1, 1, 1, 1, 1, 1, 1, 1, -1]
	1887091	1696223	1633256	20	M	56	A		-1	5090.48444226	[1, 1, 0, 1, 1, 1, 1, 1, 1, 1, 1, 1]
	1823802	1758521	1695589	20	M	27	A		-1	5091.46185151	[1, 1, 1, 1, 1, 1, 1, 1, 1, 1, 1, 1]
	1806174	1758323	1606737	20	M	19	A		-1	5092.61643416	[1, 1, 1, 1, 1, 1, 1, 1, 1, 1, 1, 1]
	1861220	1794862	1733746	20	M	49	A		-1	5092.66105992	[1, 1, 1, 1, 1, 1, 1, 1, 1, 1, 1, 1]
	1864806	1748146	1735546	20	M	60	A		-1	5093.52285182	[1, 1, 0, 1, 1, 1, 1, 1, 1, 1, 1, 1]
	1858270	1744033	1740535	20	M	3	A		-1	5095.18375319	[1, 1, 1, 1, 1, 1, 1, 1, 1, 1, 1, 0]
	1831445	1712085	1709694	20	M	47	A		-1	5095.90035426	[1, 1, 1, 1, 1, 1, 1, 1, 1, 1, 1, 1]
	1891685	1760824	1751437	20	M	22	A		-1	5096.14075577	[1, 1, 1, 1, 1, 1, 1, 1, 1, 1, 1, 1]
	1854668	1738502	1700931	20	M	29	A		-1	5098.59575251	[1, 1, 1, 1, 1, 1, 1, 1, 1, 1, 1, 1]
	1842574	1695218	1786404	20	M	51	A		-1	5099.60686001	[1, 1, 1, 1, 1, 1, 1, 1, 1, 1, 1, 1]
	1804615	1733847	1724553	20	M	34	A		-1	5100.79622792	[1, 1, 1, 1, 1, 1, 1, 1, 1, 1, 1, 1]
	1892832	1704879	1765416	20	M	70	A		-1	5101.45181287	[1, 1, 1, 1, 1, 1, 1, 1, 1, 1, 1, 1]
	1860081	1789758	1688314	20	M	5	A		-1	5105.84563882	[1, 1, 1, 1, 1, 1, 1, 1, 1, 1, 1, 1]
	1881463	1712085	1701368	20	M	32	A		-1	5108.61509778	[1, 1, 1, 1, 1, 1, 1, 1, 1, 1, 1, 1]
	1830451	1754694	1789126	20	M	78	A		-1	5110.1641257	[1, 1, 1, 1, 1, 1, 1, 1, 1, 1, 1, 1]
	1888299	1758323	1656207	20	M	98	A		-1	5110.2936965	[1, 1, 1, 1, 1, 1, 1, 1, 1, 1, 1, 1]
	1878821	1723783	1653224	20	M	46	A		-1	5112.36213426	[1, 1, 1, 1, 1, 1, 1, 1, 1, 1, 1, 1]
	1805980	1775642	1752441	20	M	50	A		-1	5113.13175627	[1, 1, 1, 1, 1, 1, 1, 1, 1, 1, 1, 1]
	1886686	1764089	1715472	20	M	62	A		-1	5113.76552512	[1, 1, 1, 1, 1, 1, 1, 1, 1, 1, 1, 1]
	1828812	1776059	1517215	20	M	89	A		-1	5115.42978628	[1, 1, 1, 1, 1, 1, 1, 1, 1, 1, 1, 0]
	1802257	1770298	1758021	20	M	87	A		-1	5116.12287475	[1, 1, 1, 1, 1, 1, 1, 1, 1, 1, 1, 1]
	1857047	1701808	1605536	20	M	63	A		-1	5119.20737734	[1, 1, 1, 1, 1, 1, 1, 1, 1, 1, 1, 1]
	1803665	1768439	1783319	20	M	98	A		-1	5119.97766529	[1, 0, 1, 1, 1, 1, 1, 1, 1, 1, 1, 0]
	1806846	1727246	1785603	20	M	6	A		-1	5119.98449862	[1, 1, 0, 1, 1, 1, 1, 1, 1, 1, 1, 1]
	1747054	1662080	1674902	19	M	56	A		-1	5122.25103477	[1, 1, 1, 1, 1, 1, 1, 1, 1, 1, 1, 1]
	1815422	1787391	1730828	20	M	13	A		-1	5124.18710685	[1, 0, 1, 1, 1, 1, 1, 1, 1, 1, 1, 1]
	1824401	1707218	1770950	20	M	28	A		-1	5135.22629451	[1, 1, 1, 1, 1, 1, 1, 1, 1, 1, 1, 1]
	1797903	1699508	1658945	20	M	93	A		-1	5138.00632768	[1, 1, 1, 1, 1, 1, 1, 1, 1, 1, 1, 1]
	1815016	1747054	1760004	20	M	32	A		-1	5138.12302124	[1, 1, 1, 1, 1, 1, 1, 1, 1, 1, 1, 1]
	1825775	1737533	1768541	20	M	50	A		-1	5142.59230937	[1, 0, 1, 1, 1, 1, 1, 1, 1, 1, 1, 1]
	1850868	1706168	1734579	20	M	32	A		-1	5149.73245821	[1, 1, 1, 1, 1, 1, 1, 1, 1, 1, 1, 1]
	1844965	1779238	1783956	20	M	71	A		-1	5153.87272096	[1, 1, 1, 1, 1, 1, 1, 1, 1, 1, 1, 1]
	1807669	1714894	1735494	20	M	34	A		-1	5154.10937915	[1, 1, 1, 1, 1, 1, 1, 1, 1, 1, 1, 1]
	1853231	1748495	1652011	20	M	20	A		-1	5155.8746967	[1, 1, 1, 1, 1, 1, 1, 1, 1, 1, 1, 1]
	1817586	1764785	1714701	20	M	1	A		-1	5158.05726962	[1, 1, 1, 1, 1, 1, 1, 1, 1, 1, 1, 1]
	1820980	1788958	1679143	20	M	1	A		-1	5162.56145075	[1, 1, 1, 1, 1, 1, 1, 1, 1, 1, 1, 1]
	1839778	1761179	1608376	20	M	42	A		-1	5166.94535966	[1, 1, 1, 1, 1, 1, 1, 1, 1, 1, 1, 1]
	1835877	1723783	1672737	20	M	44	A		-1	5167.88877242	[1, 1, 1, 1, 1, 1, 1, 1, 1, 1, 1, 0]
	1807547	1779165	1792316	20	M	68	A		-1	5168.52127066	[1, 1, 1, 1, 1, 1, 1, 1, 1, 1, 1, 1]
	1874813	1714662	1766230	20	M	49	A		-1	5174.11837856	[1, 1, 1, 1, 1, 0, 1, 1, 1, 1, 1, 1]
	1813196	1788730	1752890	20	M	75	A		-1	5174.75753998	[1, 1, 1, 1, 1, 1, 1, 1, 1, 1, 1, 1]
	1853199	1716025	1774627	20	M	61	A		-1	5176.3254028	[1, 1, 1, 1, 1, 1, 1, 1, 1, 1, 1, 1]
	1806231	1761225	1723226	20	M	82	A		-1	5176.45998392	[1, 1, 1, 1, 1, 1, 1, 1, 1, 1, 1, 1]
	1862368	1747068	1750481	20	M	29	A		-1	5187.36243498	[1, 1, 1, 1, 1, 1, 1, 1, 1, 1, 1, 1]
	1885326	1768726	1628951	20	M	100	A		-1	5206.46398276	[1, 1, 1, 1, 1, 1, 1, 1, 1, 1, 1, 1]
	1801918	1746119	1654684	20	M	90	A		-1	5216.98912423	[1, 1, 1, 1, 1, 1, 1, 1, 1, 1, 1, 0]
	1850840	1706576	1508763	20	M	22	A		-1	5237.70836111	[1, 1, 1, 1, 1, 1, 1, 1, 1, 1, 1, 1]
	1889738	1789676	1760066	20	M	74	A		-1	5250.88774249	[1, 1, 1, 1, 1, 1, 1, 1, 1, 1, 1, 1]
	1827390	1770595	1703101	20	M	38	A		-1	5251.91712256	[1, 1, 1, 1, 1, 1, 1, 1, 1, 1, 1, 1]
	1796559	1733137	1721342	20	M	8	A		-1	5275.10627699	[1, 1, 1, 1, 1, 1, 1, 1, 1, 1, 1, 1]
	1822181	1700992	1696553	20	M	86	A		-1	5282.25267711	[1, 1, 1, 1, 1, 1, 1, 1, 1, 1, 1, 1]
	1842822	1770431	1717736	20	M	86	A		-1	5337.8952133	[1, 1, 1, 1, 1, 1, 1, 1, 1, 1, 1, 1]
	1874507	1764723	1781708	20	M	27	A		-1	5618.36028751	[1, 1, 1, 1, 1, 1, 1, 1, 1, 1, 1, 1]
