animal	sire	dam	born	sex	herd	status	cause	died	TBV	recessives
	694960	694422	557521	9	M	138	A		-1	2646.55537789	[1, 1, 1, 1, 1, 1, 1, 1, 1, 1, 1, 1]
	866226	723499	706123	10	M	147	A		-1	2647.08347844	[1, 1, 1, 0, 1, 1, 1, 1, 1, 1, 1, 1]
	849464	722627	729511	10	M	54	A		-1	2647.36314143	[1, 1, 1, 1, 1, 1, 1, 1, 1, 1, 1, 1]
	841188	722606	735523	10	M	97	A		-1	2647.77782174	[1, 1, 1, 1, 1, 1, 1, 1, 1, 1, 1, 1]
	840486	722606	742941	10	M	94	A		-1	2648.48999365	[1, 1, 1, 1, 1, 1, 1, 1, 1, 1, 1, 1]
	796028	794711	792335	10	M	143	A		-1	2648.49248825	[1, 1, 1, 1, 1, 1, 1, 1, 1, 1, 1, 1]
	796879	794711	757244	10	M	130	A		-1	2648.54729095	[1, 1, 1, 1, 1, 1, 1, 1, 1, 1, 1, 1]
	780613	622589	655891	9	M	159	A		-1	2648.59063449	[1, 1, 1, 1, 1, 1, 1, 1, 1, 1, 1, 1]
	878452	729102	713241	10	M	29	A		-1	2648.6521266	[1, 1, 1, 1, 1, 1, 1, 1, 1, 1, 1, 0]
	812803	720683	744830	10	M	52	A		-1	2648.70233072	[1, 1, 1, 1, 1, 1, 1, 1, 1, 1, 1, 1]
	833856	722473	698199	10	M	189	A		-1	2648.76773852	[1, 1, 1, 1, 1, 1, 1, 1, 1, 1, 1, 1]
	818035	721398	784000	10	M	162	A		-1	2649.06740874	[1, 1, 1, 1, 1, 1, 1, 1, 1, 1, 1, 1]
	846748	722627	765403	10	M	55	A		-1	2649.11931238	[1, 1, 1, 1, 1, 1, 1, 1, 1, 1, 1, 1]
	886792	724685	773402	10	M	176	A		-1	2649.22442287	[0, 1, 1, 1, 1, 1, 1, 1, 1, 1, 1, 1]
	871041	723760	712739	10	M	106	A		-1	2649.35380743	[1, 1, 1, 1, 1, 1, 1, 1, 1, 1, 1, 1]
	852480	722700	701177	10	M	128	A		-1	2649.68642823	[1, 1, 1, 1, 1, 1, 1, 1, 1, 1, 1, 1]
	853882	722700	766654	10	M	102	A		-1	2650.01413176	[1, 1, 1, 1, 1, 1, 1, 1, 1, 1, 1, 0]
	890216	725176	734760	10	M	187	A		-1	2650.11720351	[1, 1, 1, 1, 1, 1, 1, 1, 1, 1, 1, 0]
	826813	722347	771538	10	M	139	A		-1	2650.15329594	[1, 1, 1, 1, 1, 1, 1, 1, 1, 1, 1, 1]
	816235	721398	719970	10	M	96	A		-1	2650.23015143	[1, 1, 1, 1, 1, 1, 1, 1, 1, 1, 1, 1]
	845874	722627	748664	10	M	45	A		-1	2650.82264731	[1, 1, 1, 1, 1, 1, 1, 1, 1, 1, 1, 1]
	754974	621881	659376	9	M	21	A		-1	2650.88074727	[1, 1, 1, 1, 1, 1, 1, 1, 1, 1, 1, 1]
	833031	722473	745580	10	M	74	A		-1	2651.01012596	[1, 1, 1, 1, 1, 1, 1, 1, 1, 1, 1, 1]
	721398	619742	504607	9	M	64	A		-1	2651.55422483	[1, 1, 1, 1, 1, 1, 1, 1, 1, 1, 1, 1]
	873245	723760	771806	10	M	92	A		-1	2652.30325135	[1, 1, 1, 1, 1, 1, 1, 1, 1, 1, 1, 1]
	878209	729102	737136	10	M	150	A		-1	2652.30574345	[1, 1, 1, 1, 1, 1, 1, 1, 1, 1, 1, 1]
	825139	722347	731696	10	M	88	A		-1	2652.37953832	[1, 1, 1, 1, 1, 1, 1, 1, 1, 1, 1, 1]
	882817	724336	759663	10	M	36	A		-1	2653.45575191	[1, 1, 1, 1, 1, 1, 1, 1, 1, 1, 1, 1]
	840958	722606	662389	10	M	199	A		-1	2654.49361082	[1, 1, 1, 1, 1, 1, 1, 1, 1, 1, 1, 1]
	882286	724336	706261	10	M	76	A		-1	2654.65628132	[1, 0, 1, 1, 1, 0, 1, 1, 1, 1, 1, 1]
	821899	721664	791464	10	M	95	A		-1	2654.97817951	[1, 1, 1, 1, 1, 1, 1, 1, 1, 1, 1, 1]
	867560	723499	435076	10	M	158	A		-1	2655.82584689	[1, 1, 1, 0, 1, 1, 1, 1, 1, 1, 1, 1]
	802820	723596	750815	10	M	192	A		-1	2655.86386653	[1, 1, 1, 1, 1, 1, 1, 1, 1, 1, 1, 1]
	871565	723760	780038	10	M	115	A		-1	2656.15704135	[1, 1, 1, 1, 1, 1, 1, 1, 1, 1, 1, 0]
	889949	725176	757872	10	M	137	A		-1	2656.15843003	[1, 1, 1, 1, 1, 1, 1, 1, 1, 1, 1, 1]
	823593	721664	759089	10	M	14	A		-1	2656.21635198	[1, 1, 1, 1, 1, 1, 1, 1, 1, 1, 1, 1]
	866272	723499	794459	10	M	155	A		-1	2656.2381786	[1, 1, 1, 1, 1, 1, 1, 1, 1, 1, 1, 1]
	817692	721398	746692	10	M	174	A		-1	2656.49652106	[1, 1, 0, 1, 1, 1, 1, 1, 1, 1, 1, 1]
	807255	720630	660219	10	M	13	A		-1	2656.51135315	[1, 1, 1, 1, 1, 1, 1, 1, 1, 1, 1, 1]
	840132	722606	604396	10	M	73	A		-1	2657.43031106	[1, 1, 1, 1, 1, 1, 1, 1, 1, 1, 1, 1]
	827841	722347	752403	10	M	162	A		-1	2657.69238239	[1, 1, 1, 1, 1, 1, 1, 1, 1, 1, 1, 1]
	853385	722700	750146	10	M	35	A		-1	2657.75364044	[1, 1, 1, 1, 1, 1, 1, 1, 1, 1, 1, 1]
	800913	723596	727853	10	M	7	A		-1	2657.87936867	[1, 0, 0, 1, 1, 1, 1, 1, 1, 1, 1, 1]
	861002	723447	762767	10	M	5	A		-1	2657.90208055	[1, 1, 1, 1, 1, 1, 1, 1, 1, 1, 1, 1]
	879740	729102	730683	10	M	47	A		-1	2657.97027122	[1, 1, 1, 1, 1, 1, 1, 1, 1, 1, 1, 1]
	882881	724336	523059	10	M	46	A		-1	2658.48542342	[1, 1, 1, 1, 1, 1, 1, 1, 1, 1, 1, 1]
	803114	723596	758494	10	M	26	A		-1	2658.62162419	[1, 1, 1, 1, 1, 1, 1, 1, 1, 1, 1, 1]
	819063	721398	520479	10	M	42	A		-1	2658.84766347	[1, 1, 1, 1, 1, 1, 1, 1, 1, 1, 1, 1]
	828251	722347	773774	10	M	84	A		-1	2658.94704536	[1, 1, 1, 1, 1, 1, 1, 1, 1, 1, 1, 1]
	839575	722544	723936	10	M	41	A		-1	2658.98106074	[1, 1, 1, 1, 1, 1, 1, 1, 1, 1, 1, 1]
	814818	721398	783998	10	M	180	A		-1	2659.14529612	[1, 1, 1, 1, 1, 1, 1, 1, 1, 1, 1, 1]
	810738	720683	718280	10	M	118	A		-1	2659.66057598	[1, 0, 1, 1, 1, 1, 1, 1, 1, 1, 1, 1]
	848781	722627	751088	10	M	112	A		-1	2659.98573527	[1, 1, 1, 1, 1, 1, 1, 1, 1, 1, 1, 1]
	818295	721398	662004	10	M	73	A		-1	2660.30722756	[1, 1, 1, 1, 1, 1, 1, 1, 1, 1, 1, 1]
	824828	722347	562773	10	M	6	A		-1	2660.36111444	[1, 1, 1, 1, 1, 1, 1, 1, 1, 1, 1, 1]
	821441	721664	495965	10	M	77	A		-1	2660.38810353	[1, 1, 1, 1, 1, 1, 1, 1, 1, 1, 1, 1]
	862439	723447	734374	10	M	48	A		-1	2660.44755187	[1, 1, 1, 1, 1, 1, 1, 1, 1, 1, 1, 0]
	877301	729102	684073	10	M	81	A		-1	2660.66846336	[1, 1, 1, 1, 1, 1, 1, 1, 1, 1, 1, 0]
	864113	723447	791595	10	M	44	A		-1	2660.85305253	[1, 1, 1, 1, 1, 1, 1, 1, 1, 1, 1, 1]
	883220	724336	786599	10	M	85	A		-1	2660.95483523	[1, 1, 1, 1, 1, 1, 1, 1, 1, 1, 1, 1]
	851974	722700	698502	10	M	56	A		-1	2661.21929725	[1, 1, 1, 1, 1, 1, 1, 1, 1, 1, 1, 1]
	844790	722627	620309	10	M	2	A		-1	2661.31552367	[1, 1, 1, 1, 1, 1, 1, 1, 1, 1, 1, 1]
	859576	722998	730740	10	M	100	A		-1	2661.51258714	[1, 1, 1, 1, 1, 1, 1, 1, 1, 1, 1, 1]
	807900	720630	652537	10	M	183	A		-1	2661.54273029	[1, 1, 1, 1, 1, 1, 1, 1, 1, 1, 1, 1]
	882464	724336	701636	10	M	133	A		-1	2661.70985841	[1, 0, 1, 1, 1, 1, 1, 1, 1, 1, 1, 1]
	806169	720630	642141	10	M	127	A		-1	2661.9111419	[1, 1, 1, 1, 1, 1, 1, 1, 1, 1, 1, 1]
	843936	722606	620683	10	M	8	A		-1	2661.91435544	[1, 1, 1, 1, 1, 1, 1, 1, 1, 1, 1, 1]
	881091	724336	722038	10	M	68	A		-1	2662.13809009	[1, 1, 1, 1, 1, 1, 1, 1, 1, 1, 1, 1]
	831094	722473	658845	10	M	127	A		-1	2662.33519902	[1, 1, 1, 1, 1, 1, 1, 1, 1, 1, 1, 1]
	841337	722606	601746	10	M	192	A		-1	2662.63156917	[1, 1, 1, 1, 1, 1, 1, 1, 1, 1, 1, 1]
	842741	722606	737600	10	M	177	A		-1	2662.64925494	[1, 1, 1, 1, 1, 1, 1, 1, 1, 1, 1, 1]
	829243	722347	674991	10	M	193	A		-1	2662.67008911	[1, 1, 1, 1, 1, 1, 1, 1, 1, 1, 1, 1]
	816489	721398	617875	10	M	135	A		-1	2662.71932789	[1, 1, 1, 1, 1, 1, 1, 1, 1, 1, 1, 1]
	852962	722700	709468	10	M	127	A		-1	2662.81547146	[1, 1, 1, 1, 1, 1, 1, 1, 1, 1, 1, 1]
	846923	722627	714125	10	M	134	A		-1	2662.81590841	[1, 1, 1, 1, 1, 1, 1, 1, 1, 1, 1, 1]
	808108	720630	748659	10	M	143	A		-1	2662.93373178	[1, 1, 1, 1, 1, 1, 1, 1, 1, 1, 1, 1]
	824886	722347	774965	10	M	126	A		-1	2662.93779512	[1, 1, 1, 1, 1, 1, 1, 1, 1, 1, 1, 1]
	817499	721398	741415	10	M	123	A		-1	2663.54980758	[1, 1, 1, 1, 1, 1, 1, 1, 1, 1, 1, 0]
	890363	725176	655954	10	M	68	A		-1	2664.02609878	[1, 1, 1, 1, 1, 1, 1, 1, 1, 1, 1, 1]
	812837	720683	721430	10	M	166	A		-1	2664.13352741	[1, 1, 1, 1, 1, 1, 1, 1, 1, 1, 1, 1]
	884235	724336	757176	10	M	35	A		-1	2664.14004726	[1, 1, 1, 1, 1, 1, 1, 1, 1, 1, 1, 1]
	809343	720630	740289	10	M	20	A		-1	2664.20627647	[1, 1, 1, 1, 1, 1, 1, 1, 1, 1, 1, 1]
	830457	722473	499275	10	M	22	A		-1	2664.28960841	[1, 1, 1, 1, 1, 1, 1, 1, 1, 1, 1, 1]
	875573	729102	784281	10	M	119	A		-1	2664.57965833	[1, 1, 1, 1, 1, 1, 1, 1, 1, 1, 1, 1]
	840607	722606	783761	10	M	3	A		-1	2664.8595821	[1, 1, 1, 1, 1, 1, 1, 1, 1, 1, 1, 1]
	815119	721398	640334	10	M	142	A		-1	2665.43630412	[1, 0, 1, 1, 1, 1, 1, 1, 1, 1, 1, 1]
	832076	722473	616307	10	M	16	A		-1	2665.74402285	[1, 1, 1, 1, 1, 1, 1, 1, 1, 1, 1, 1]
	849313	722627	670930	10	M	174	A		-1	2665.80761835	[1, 1, 1, 1, 1, 1, 1, 1, 1, 1, 1, 1]
	811139	720683	561232	10	M	11	A		-1	2665.80923734	[1, 1, 1, 1, 1, 1, 1, 1, 1, 1, 1, 1]
	844038	722606	759779	10	M	120	A		-1	2666.09258946	[1, 1, 1, 1, 1, 1, 1, 1, 1, 1, 1, 1]
	829752	722347	766397	10	M	58	A		-1	2666.32050001	[1, 1, 1, 1, 1, 1, 1, 1, 1, 1, 1, 1]
	893902	725176	603122	10	M	29	A		-1	2666.32722062	[1, 1, 1, 0, 1, 1, 1, 1, 1, 1, 1, 1]
	785146	622633	692353	9	M	75	A		-1	2666.53318253	[1, 1, 1, 1, 1, 1, 1, 1, 1, 1, 1, 1]
	803936	723596	784977	10	M	94	A		-1	2666.62304828	[1, 1, 1, 1, 1, 1, 1, 1, 1, 1, 1, 1]
	852668	722700	622721	10	M	59	A		-1	2667.19890483	[1, 1, 1, 1, 1, 1, 1, 1, 1, 1, 1, 0]
	871756	723760	765596	10	M	53	A		-1	2667.36047802	[1, 1, 1, 1, 1, 1, 1, 1, 1, 1, 1, 1]
	807490	720630	787715	10	M	192	A		-1	2667.47467663	[1, 1, 1, 1, 1, 1, 1, 1, 1, 1, 1, 1]
	892099	725176	631326	10	M	69	A		-1	2667.71677924	[1, 1, 1, 1, 1, 1, 1, 1, 1, 1, 1, 1]
	835340	722544	589489	10	M	167	A		-1	2668.57604901	[1, 1, 1, 1, 1, 1, 1, 1, 1, 1, 1, 1]
	882962	724336	751389	10	M	71	A		-1	2668.88153113	[1, 1, 1, 1, 1, 1, 1, 1, 1, 1, 1, 1]
	892573	725176	778422	10	M	153	A		-1	2668.9150949	[1, 1, 1, 1, 1, 1, 1, 1, 1, 1, 1, 1]
	816431	721398	600626	10	M	61	A		-1	2669.02446169	[1, 1, 1, 1, 1, 1, 1, 1, 1, 1, 1, 1]
	822643	721664	762004	10	M	157	A		-1	2669.44352644	[1, 1, 1, 1, 1, 1, 1, 1, 1, 1, 1, 1]
	839236	722544	786707	10	M	176	A		-1	2669.90924335	[1, 1, 1, 1, 1, 1, 1, 1, 1, 1, 1, 1]
	836823	722544	614286	10	M	193	A		-1	2670.21541716	[1, 1, 1, 1, 1, 1, 1, 1, 1, 1, 1, 1]
	865880	723499	558888	10	M	6	A		-1	2670.66492919	[1, 1, 1, 1, 1, 1, 1, 1, 1, 1, 1, 1]
	852455	722700	747428	10	M	39	A		-1	2670.91519853	[1, 1, 1, 1, 1, 1, 1, 1, 1, 1, 1, 1]
	824956	722347	785354	10	M	86	A		-1	2670.97167442	[1, 1, 1, 1, 1, 1, 1, 1, 1, 1, 1, 1]
	844623	722606	724487	10	M	1	A		-1	2671.03865033	[1, 1, 1, 1, 1, 1, 1, 1, 1, 1, 1, 1]
	863772	723447	624970	10	M	30	A		-1	2671.0741649	[1, 1, 1, 1, 1, 1, 1, 1, 1, 1, 1, 1]
	866094	723499	780947	10	M	177	A		-1	2671.41397501	[1, 1, 1, 1, 1, 1, 1, 1, 1, 1, 1, 1]
	840456	722606	792350	10	M	52	A		-1	2671.76484412	[1, 1, 1, 1, 1, 1, 1, 1, 1, 1, 1, 1]
	812886	720683	698561	10	M	185	A		-1	2671.8152379	[1, 1, 1, 1, 1, 1, 1, 1, 1, 1, 1, 1]
	807713	720630	748508	10	M	87	A		-1	2671.94585017	[1, 1, 1, 1, 1, 1, 1, 1, 1, 1, 1, 1]
	890835	725176	752979	10	M	170	A		-1	2672.45369878	[1, 1, 1, 0, 1, 1, 1, 1, 1, 1, 1, 1]
	806079	720630	755499	10	M	182	A		-1	2672.61389952	[1, 1, 1, 1, 1, 1, 1, 1, 1, 1, 1, 1]
	832708	722473	724113	10	M	77	A		-1	2672.64877688	[1, 1, 1, 1, 1, 1, 1, 1, 1, 1, 1, 1]
	880658	724336	742132	10	M	120	A		-1	2672.78391673	[1, 1, 1, 1, 1, 1, 1, 1, 1, 1, 1, 0]
	737044	620700	533994	9	M	190	A		-1	2672.94655258	[1, 1, 1, 1, 1, 1, 1, 1, 1, 1, 1, 1]
	813981	720683	779027	10	M	132	A		-1	2673.30719714	[1, 1, 1, 1, 1, 1, 1, 1, 1, 1, 1, 1]
	834263	722473	750247	10	M	49	A		-1	2673.48465319	[1, 1, 1, 1, 1, 1, 1, 1, 1, 1, 1, 1]
	867248	723499	715007	10	M	111	A		-1	2673.6514692	[1, 1, 1, 1, 1, 1, 1, 1, 1, 1, 1, 1]
	879977	724336	680063	10	M	31	A		-1	2674.18845151	[1, 1, 1, 1, 1, 1, 1, 1, 1, 1, 1, 1]
	798503	794711	766522	10	M	99	A		-1	2674.32627788	[1, 1, 1, 1, 1, 1, 1, 1, 1, 1, 1, 1]
	823169	721664	712896	10	M	117	A		-1	2674.65074747	[1, 1, 1, 1, 1, 1, 1, 1, 1, 1, 1, 1]
	869171	723499	736452	10	M	166	A		-1	2674.65267185	[1, 1, 1, 1, 1, 1, 1, 1, 1, 1, 1, 1]
	824729	721664	714519	10	M	70	A		-1	2674.68110099	[1, 1, 1, 1, 1, 1, 1, 1, 1, 1, 1, 1]
	807909	720630	776578	10	M	139	A		-1	2674.76017946	[1, 1, 1, 1, 1, 1, 1, 1, 1, 1, 1, 1]
	882702	724336	791119	10	M	62	A		-1	2674.79948574	[1, 1, 1, 1, 1, 1, 1, 1, 1, 1, 1, 1]
	822761	721664	765597	10	M	176	A		-1	2675.23174158	[1, 1, 1, 1, 1, 1, 1, 1, 1, 1, 1, 1]
	816412	721398	740488	10	M	186	A		-1	2675.37539685	[1, 1, 1, 1, 1, 1, 1, 1, 1, 1, 1, 1]
	748513	621025	647768	9	M	18	A		-1	2675.49390673	[1, 1, 1, 1, 1, 1, 1, 1, 1, 1, 1, 1]
	804154	723596	755986	10	M	73	A		-1	2675.83168678	[1, 1, 1, 1, 1, 1, 1, 1, 1, 1, 1, 1]
	824415	721664	759678	10	M	95	A		-1	2675.90361435	[1, 1, 1, 1, 1, 1, 1, 1, 1, 1, 1, 1]
	814374	720683	720258	10	M	164	A		-1	2676.08523539	[1, 1, 1, 0, 1, 1, 1, 1, 1, 1, 1, 1]
	858298	722998	739251	10	M	173	A		-1	2676.49786013	[1, 1, 1, 1, 1, 1, 1, 1, 1, 1, 1, 1]
	890647	725176	781325	10	M	34	A		-1	2676.59409671	[1, 1, 1, 1, 1, 1, 1, 1, 1, 1, 1, 1]
	797758	794711	792589	10	M	181	A		-1	2676.73448462	[1, 1, 1, 1, 1, 1, 1, 1, 1, 1, 1, 1]
	872067	723760	778780	10	M	138	A		-1	2676.88124398	[1, 1, 1, 1, 1, 1, 1, 1, 1, 1, 1, 1]
	816844	721398	585368	10	M	46	A		-1	2676.99694994	[0, 1, 1, 1, 1, 1, 1, 1, 1, 1, 1, 1]
	868410	723499	698520	10	M	22	A		-1	2677.09533337	[1, 1, 1, 1, 1, 1, 1, 1, 1, 1, 1, 1]
	851196	722700	699312	10	M	81	A		-1	2677.47117427	[1, 1, 1, 1, 1, 1, 1, 1, 1, 1, 1, 1]
	870565	723760	755522	10	M	65	A		-1	2677.79785242	[1, 1, 1, 1, 1, 1, 1, 1, 1, 1, 1, 1]
	824306	721664	596994	10	M	153	A		-1	2677.90224838	[1, 1, 1, 1, 1, 1, 1, 1, 1, 1, 1, 1]
	754860	621881	601637	9	M	111	A		-1	2677.98635911	[1, 1, 1, 1, 1, 1, 1, 1, 1, 1, 1, 1]
	860814	723447	744108	10	M	16	A		-1	2678.20800429	[1, 1, 1, 1, 1, 1, 1, 1, 1, 1, 1, 1]
	848722	722627	717195	10	M	183	A		-1	2678.47563924	[1, 0, 1, 1, 1, 1, 1, 1, 1, 1, 1, 1]
	836724	722544	715835	10	M	179	A		-1	2678.95187595	[1, 1, 1, 1, 1, 1, 1, 1, 1, 1, 1, 1]
	795638	794711	521253	10	M	66	A		-1	2679.02485535	[1, 1, 1, 1, 1, 1, 1, 1, 1, 1, 1, 1]
	833227	722473	717259	10	M	172	A		-1	2679.05614326	[1, 1, 1, 1, 1, 1, 1, 1, 1, 1, 1, 1]
	839443	722544	708196	10	M	152	A		-1	2679.90426739	[1, 1, 1, 1, 1, 0, 1, 1, 1, 1, 1, 1]
	813739	720683	499920	10	M	40	A		-1	2679.96990322	[1, 1, 1, 1, 1, 1, 1, 1, 1, 1, 1, 1]
	816869	721398	698769	10	M	145	A		-1	2680.53804561	[1, 1, 1, 1, 1, 1, 1, 1, 1, 1, 1, 1]
	885749	724685	770415	10	M	41	A		-1	2681.04642358	[1, 1, 1, 1, 1, 1, 1, 1, 1, 1, 1, 1]
	892000	725176	695589	10	M	55	A		-1	2681.08722123	[1, 1, 1, 1, 1, 1, 1, 1, 1, 1, 1, 1]
	816951	721398	753736	10	M	156	A		-1	2681.45506487	[1, 1, 1, 1, 1, 1, 1, 1, 1, 1, 1, 1]
	843345	722606	750602	10	M	200	A		-1	2681.48289777	[1, 1, 1, 1, 1, 1, 1, 1, 1, 1, 1, 1]
	832854	722473	778046	10	M	188	A		-1	2681.68860524	[1, 1, 1, 1, 1, 1, 1, 1, 1, 1, 1, 1]
	767391	622068	630982	9	M	70	A		-1	2681.87686455	[1, 1, 1, 1, 1, 1, 1, 1, 1, 1, 1, 1]
	882189	724336	700941	10	M	23	A		-1	2681.87797584	[1, 1, 1, 1, 1, 1, 1, 1, 1, 1, 1, 1]
	803093	723596	791847	10	M	175	A		-1	2682.77418844	[1, 1, 1, 1, 1, 1, 1, 1, 1, 1, 1, 1]
	834052	722473	698397	10	M	5	A		-1	2682.78138627	[1, 1, 1, 1, 1, 1, 1, 1, 1, 1, 1, 1]
	867913	723499	762706	10	M	131	A		-1	2682.89963312	[1, 1, 1, 1, 1, 1, 1, 1, 1, 1, 1, 1]
	892224	725176	724455	10	M	61	A		-1	2683.11658322	[1, 1, 1, 1, 1, 1, 1, 1, 1, 1, 1, 1]
	875904	729102	735177	10	M	65	A		-1	2683.8675855	[1, 1, 1, 1, 1, 1, 1, 1, 1, 1, 1, 1]
	844277	722606	298311	10	M	134	A		-1	2683.94142382	[1, 1, 1, 1, 1, 1, 1, 1, 1, 1, 1, 0]
	816899	721398	706955	10	M	140	A		-1	2684.19246858	[1, 1, 1, 1, 1, 0, 1, 1, 1, 1, 1, 1]
	856497	722998	628154	10	M	79	A		-1	2684.75278066	[1, 1, 1, 1, 1, 1, 1, 1, 1, 1, 1, 1]
	827847	722347	646058	10	M	72	A		-1	2685.46168768	[1, 1, 1, 1, 1, 1, 1, 1, 1, 1, 1, 1]
	818448	721398	738324	10	M	63	A		-1	2685.48922043	[1, 1, 1, 1, 1, 1, 1, 1, 1, 1, 1, 1]
	841083	722606	712938	10	M	135	A		-1	2685.58082552	[1, 1, 1, 1, 1, 1, 1, 1, 1, 1, 1, 1]
	871184	723760	729018	10	M	110	A		-1	2685.85293037	[1, 1, 1, 1, 1, 1, 1, 1, 1, 1, 1, 1]
	873684	723760	438244	10	M	28	A		-1	2686.09185528	[1, 1, 1, 1, 1, 1, 1, 1, 1, 1, 1, 1]
	815380	721398	694534	10	M	79	A		-1	2686.14593104	[1, 1, 1, 1, 1, 1, 1, 1, 1, 1, 1, 1]
	855310	722998	782589	10	M	199	A		-1	2686.77195147	[1, 1, 0, 1, 1, 1, 1, 1, 1, 1, 1, 1]
	800260	723596	748049	10	M	0	A		-1	2686.86835563	[1, 1, 0, 1, 1, 1, 1, 1, 1, 1, 1, 1]
	822739	721664	723211	10	M	189	A		-1	2686.86958376	[1, 1, 1, 1, 1, 1, 1, 1, 1, 1, 1, 1]
	889838	725176	734531	10	M	144	A		-1	2686.96583629	[1, 1, 1, 1, 1, 1, 1, 1, 1, 1, 1, 1]
	891797	725176	782216	10	M	83	A		-1	2687.06119189	[1, 1, 1, 1, 1, 1, 1, 1, 1, 1, 1, 1]
	816795	721398	714851	10	M	24	A		-1	2687.50318303	[1, 1, 1, 1, 1, 1, 1, 1, 1, 1, 1, 1]
	839123	722544	620621	10	M	28	A		-1	2687.51129795	[1, 1, 1, 1, 1, 1, 1, 1, 1, 1, 1, 1]
	824769	721664	705736	10	M	110	A		-1	2687.72048191	[1, 1, 1, 1, 1, 1, 1, 1, 1, 1, 1, 1]
	845686	722627	735943	10	M	194	A		-1	2687.91747098	[1, 1, 1, 1, 1, 1, 1, 1, 1, 1, 1, 1]
	894552	725176	756571	10	M	98	A		-1	2688.16431206	[1, 1, 1, 1, 1, 1, 1, 1, 1, 1, 1, 1]
	803370	723596	689899	10	M	138	A		-1	2688.49880978	[1, 1, 0, 1, 1, 1, 1, 1, 1, 1, 1, 1]
	808671	720630	766432	10	M	84	A		-1	2688.60567693	[1, 1, 1, 1, 1, 1, 1, 1, 1, 1, 1, 1]
	893137	725176	646842	10	M	116	A		-1	2688.64536838	[1, 1, 1, 1, 1, 1, 1, 1, 1, 1, 1, 1]
	884949	724685	621647	10	M	1	A		-1	2689.3582615	[1, 1, 1, 1, 1, 1, 1, 1, 1, 1, 1, 1]
	780980	622589	659724	9	M	86	A		-1	2689.82291501	[1, 1, 1, 1, 1, 1, 1, 1, 1, 1, 1, 1]
	827208	722347	706622	10	M	188	A		-1	2689.89885879	[1, 1, 1, 1, 1, 0, 1, 1, 1, 1, 1, 1]
	840739	722606	629508	10	M	200	A		-1	2690.19707015	[1, 1, 1, 1, 1, 1, 1, 1, 1, 1, 1, 1]
	856494	722998	739657	10	M	128	A		-1	2690.24095064	[1, 1, 1, 1, 1, 1, 1, 1, 1, 1, 1, 1]
	859999	723447	631830	10	M	87	A		-1	2690.6981623	[1, 1, 1, 1, 1, 1, 1, 1, 1, 1, 1, 1]
	804810	720630	688883	10	M	196	A		-1	2691.46384111	[1, 1, 1, 1, 1, 1, 1, 1, 1, 1, 1, 1]
	866630	723499	752911	10	M	112	A		-1	2692.43457193	[1, 1, 1, 1, 1, 1, 1, 1, 1, 1, 1, 1]
	820265	721664	791892	10	M	17	A		-1	2692.49278292	[1, 1, 1, 1, 1, 1, 1, 1, 1, 1, 1, 1]
	885627	724685	742546	10	M	165	A		-1	2692.52372827	[1, 1, 1, 1, 1, 1, 1, 1, 1, 1, 1, 0]
	860375	723447	731150	10	M	70	A		-1	2692.66433027	[1, 0, 1, 1, 1, 1, 1, 1, 1, 1, 1, 1]
	819431	721398	691962	10	M	80	A		-1	2693.14565011	[1, 1, 1, 1, 1, 1, 1, 1, 1, 1, 1, 1]
	849966	722700	732788	10	M	162	A		-1	2693.44339319	[1, 1, 1, 1, 1, 1, 1, 1, 1, 1, 1, 0]
	824929	722347	769473	10	M	112	A		-1	2693.49226085	[1, 1, 1, 1, 1, 1, 1, 1, 1, 1, 1, 1]
	807055	720630	568821	10	M	47	A		-1	2693.75508006	[1, 1, 1, 1, 1, 1, 1, 1, 1, 1, 1, 0]
	829984	722473	621587	10	M	181	A		-1	2693.85289901	[1, 1, 1, 1, 1, 1, 1, 1, 1, 1, 1, 1]
	819673	721398	763014	10	M	36	A		-1	2694.0249084	[1, 1, 1, 0, 1, 1, 1, 1, 1, 1, 1, 1]
	890003	725176	696447	10	M	92	A		-1	2694.17256077	[1, 1, 1, 1, 1, 1, 1, 1, 1, 1, 1, 1]
	812184	720683	776805	10	M	143	A		-1	2694.6547087	[1, 1, 1, 1, 1, 1, 1, 1, 1, 1, 1, 1]
	852538	722700	784627	10	M	170	A		-1	2695.34526645	[1, 1, 1, 1, 1, 1, 1, 1, 1, 1, 1, 1]
	877327	729102	794776	10	M	17	A		-1	2696.00220449	[1, 0, 1, 1, 1, 1, 1, 1, 1, 1, 1, 1]
	875817	729102	716468	10	M	7	A		-1	2696.09795877	[1, 1, 1, 1, 1, 1, 1, 1, 1, 1, 1, 1]
	835974	722544	779392	10	M	42	A		-1	2696.39028625	[1, 1, 1, 1, 1, 1, 1, 1, 1, 1, 1, 1]
	887102	724685	710899	10	M	66	A		-1	2696.56462002	[1, 1, 1, 1, 1, 1, 1, 1, 1, 1, 1, 1]
	883501	724336	755121	10	M	22	A		-1	2696.93795346	[1, 1, 1, 1, 1, 1, 1, 1, 1, 1, 1, 1]
	886347	724685	773070	10	M	131	A		-1	2698.29939516	[1, 1, 1, 1, 1, 1, 1, 1, 1, 1, 1, 1]
	838364	722544	722267	10	M	182	A		-1	2699.10769602	[1, 1, 1, 1, 1, 1, 1, 1, 1, 1, 1, 1]
	875724	729102	636362	10	M	7	A		-1	2699.41192997	[1, 1, 1, 1, 1, 1, 1, 1, 1, 1, 1, 1]
	829349	722347	749947	10	M	52	A		-1	2699.59079023	[1, 1, 1, 1, 1, 1, 1, 1, 1, 1, 1, 1]
	799813	723596	694919	10	M	120	A		-1	2699.64887004	[1, 1, 0, 1, 1, 1, 1, 1, 1, 1, 1, 1]
	744481	620860	595120	9	M	83	A		-1	2699.88336923	[1, 1, 1, 1, 1, 1, 1, 1, 1, 1, 1, 1]
	852179	722700	775542	10	M	28	A		-1	2700.0438606	[1, 1, 1, 1, 1, 1, 1, 1, 1, 1, 1, 1]
	834695	722473	768966	10	M	73	A		-1	2700.12939386	[1, 1, 1, 1, 1, 1, 1, 1, 1, 1, 1, 1]
	869960	723760	649739	10	M	66	A		-1	2700.25269766	[1, 1, 1, 1, 1, 1, 1, 1, 1, 1, 1, 1]
	883155	724336	713179	10	M	34	A		-1	2700.45985703	[1, 1, 1, 1, 1, 1, 1, 1, 1, 1, 1, 1]
	829216	722347	711122	10	M	25	A		-1	2700.52947234	[1, 1, 1, 1, 1, 1, 1, 1, 1, 1, 1, 1]
	843531	722606	737339	10	M	29	A		-1	2700.69844	[1, 1, 1, 1, 1, 1, 1, 1, 1, 1, 1, 1]
	720088	619742	668761	9	M	127	A		-1	2700.81826109	[1, 1, 1, 1, 1, 1, 1, 1, 1, 1, 1, 1]
	762533	622026	625675	9	M	162	A		-1	2700.98035712	[1, 1, 1, 1, 1, 1, 1, 1, 1, 1, 1, 1]
	849492	722627	708212	10	M	110	A		-1	2701.01614462	[1, 1, 1, 1, 1, 1, 1, 1, 1, 1, 1, 1]
	759530	621881	660700	9	M	1	A		-1	2701.69434998	[1, 1, 1, 1, 1, 1, 1, 1, 1, 1, 1, 1]
	809273	720630	726626	10	M	92	A		-1	2702.03810569	[1, 1, 1, 1, 1, 1, 1, 1, 1, 1, 1, 1]
	873630	723760	722564	10	M	194	A		-1	2702.08701901	[1, 1, 1, 1, 1, 1, 1, 1, 1, 1, 1, 1]
	846657	722627	611368	10	M	10	A		-1	2702.10072512	[1, 1, 1, 1, 1, 1, 1, 1, 1, 1, 1, 1]
	823609	721664	690663	10	M	131	A		-1	2702.42528955	[1, 1, 1, 1, 1, 1, 1, 1, 1, 1, 1, 1]
	840838	722606	626492	10	M	107	A		-1	2702.66820385	[1, 1, 1, 1, 1, 1, 1, 1, 1, 1, 1, 1]
	882533	724336	699970	10	M	159	A		-1	2703.02536446	[1, 1, 1, 1, 1, 1, 1, 1, 1, 1, 1, 1]
	824564	721664	638342	10	M	104	A		-1	2703.97088568	[1, 1, 1, 1, 1, 1, 1, 1, 1, 1, 1, 0]
	892286	725176	598117	10	M	132	A		-1	2703.98776461	[1, 1, 1, 1, 1, 1, 1, 1, 1, 1, 1, 1]
	833190	722473	618357	10	M	26	A		-1	2704.7474421	[1, 1, 1, 1, 1, 1, 1, 1, 1, 1, 1, 1]
	884631	724336	748814	10	M	24	A		-1	2704.76029396	[1, 1, 1, 1, 1, 1, 1, 1, 1, 1, 1, 1]
	816386	721398	769940	10	M	125	A		-1	2704.78862363	[1, 1, 1, 1, 1, 1, 1, 1, 1, 1, 1, 1]
	796205	794711	755014	10	M	59	A		-1	2705.07301363	[1, 1, 1, 1, 1, 1, 1, 1, 1, 1, 1, 0]
	888490	724685	618615	10	M	134	A		-1	2705.59513379	[1, 1, 1, 1, 1, 1, 1, 1, 1, 1, 1, 1]
	868790	723499	784207	10	M	145	A		-1	2705.76105937	[1, 1, 1, 1, 1, 1, 1, 1, 1, 1, 1, 1]
	862654	723447	755364	10	M	42	A		-1	2705.93256542	[1, 1, 1, 1, 1, 1, 1, 1, 1, 1, 1, 1]
	762814	622026	438587	9	M	30	A		-1	2706.08647875	[1, 1, 1, 1, 1, 1, 1, 1, 1, 1, 1, 1]
	830659	722473	730896	10	M	14	A		-1	2706.98270004	[1, 1, 1, 1, 1, 1, 1, 1, 1, 1, 1, 0]
	772794	622228	636912	9	M	179	A		-1	2708.76546686	[1, 1, 1, 1, 1, 1, 1, 1, 1, 1, 1, 1]
	862595	723447	697325	10	M	19	A		-1	2709.4192026	[1, 1, 1, 1, 1, 1, 1, 1, 1, 1, 1, 1]
	827907	722347	749313	10	M	134	A		-1	2709.79204692	[1, 1, 1, 1, 1, 1, 1, 1, 1, 1, 1, 1]
	880899	724336	764921	10	M	0	A		-1	2709.83755278	[1, 1, 1, 1, 1, 1, 1, 1, 1, 1, 1, 1]
	839219	722544	756562	10	M	19	A		-1	2710.06963718	[1, 1, 1, 1, 1, 1, 1, 1, 1, 1, 1, 1]
	824298	721664	725839	10	M	176	A		-1	2710.30021912	[1, 1, 1, 1, 1, 1, 1, 1, 1, 1, 1, 1]
	819565	721398	769405	10	M	41	A		-1	2710.52546238	[1, 1, 1, 1, 1, 1, 1, 1, 1, 1, 1, 1]
	816877	721398	722236	10	M	37	A		-1	2710.73101823	[1, 1, 1, 1, 1, 1, 1, 1, 1, 1, 1, 1]
	817975	721398	754544	10	M	91	A		-1	2710.84036235	[1, 1, 1, 1, 1, 1, 1, 1, 1, 1, 1, 1]
	819410	721398	756143	10	M	162	A		-1	2711.75961368	[1, 1, 1, 1, 1, 1, 1, 1, 1, 1, 1, 1]
	754813	621881	653552	9	M	17	A		-1	2711.86237308	[1, 1, 1, 1, 1, 1, 1, 1, 1, 1, 1, 1]
	804372	723596	743954	10	M	147	A		-1	2712.03086381	[1, 1, 1, 1, 1, 1, 1, 1, 1, 1, 1, 0]
	886188	724685	744231	10	M	187	A		-1	2712.3036673	[1, 1, 1, 1, 1, 1, 1, 1, 1, 1, 1, 1]
	833624	722473	623780	10	M	128	A		-1	2713.18270419	[1, 1, 1, 1, 1, 1, 1, 1, 1, 1, 1, 1]
	840925	722606	747313	10	M	101	A		-1	2713.57934927	[1, 1, 1, 1, 1, 1, 1, 1, 1, 1, 1, 1]
	862046	723447	698214	10	M	194	A		-1	2714.03742462	[1, 1, 1, 1, 1, 1, 1, 1, 1, 1, 1, 1]
	799912	723596	780924	10	M	169	A		-1	2714.69957066	[1, 1, 0, 1, 1, 1, 1, 1, 1, 1, 1, 1]
	842236	722606	765931	10	M	133	A		-1	2714.76449072	[1, 1, 1, 1, 1, 1, 1, 1, 1, 1, 1, 1]
	846973	722627	755849	10	M	55	A		-1	2714.83139547	[1, 1, 1, 1, 1, 1, 1, 1, 1, 1, 1, 1]
	863446	723447	629623	10	M	56	A		-1	2714.84780323	[1, 1, 1, 1, 1, 1, 1, 1, 1, 1, 1, 1]
	817878	721398	764165	10	M	40	A		-1	2715.61994231	[1, 1, 1, 1, 1, 1, 1, 1, 1, 1, 1, 1]
	839996	722606	645413	10	M	125	A		-1	2715.72703628	[1, 1, 1, 1, 1, 1, 1, 1, 1, 1, 1, 1]
	837738	722544	731870	10	M	163	A		-1	2715.75497195	[1, 1, 1, 1, 1, 1, 1, 1, 1, 1, 1, 1]
	679781	528439	550646	8	M	57	A		-1	2717.71554816	[1, 1, 1, 1, 1, 1, 1, 1, 1, 1, 1, 1]
	856138	722998	663084	10	M	74	A		-1	2718.45978283	[1, 1, 1, 1, 1, 1, 1, 1, 1, 1, 1, 1]
	809833	720683	652703	10	M	191	A		-1	2719.06332511	[1, 1, 1, 0, 1, 1, 1, 1, 1, 1, 1, 1]
	827726	722347	742969	10	M	15	A		-1	2719.10507133	[1, 1, 1, 1, 1, 1, 1, 1, 1, 1, 1, 1]
	824871	722347	739302	10	M	199	A		-1	2719.18563618	[1, 1, 1, 1, 1, 1, 1, 1, 1, 1, 1, 1]
	810362	720683	635099	10	M	150	A		-1	2719.29851578	[1, 1, 1, 1, 1, 1, 1, 1, 1, 1, 1, 1]
	828105	722347	738368	10	M	157	A		-1	2719.93256538	[1, 1, 1, 1, 1, 1, 1, 1, 1, 1, 1, 1]
	863827	723447	656816	10	M	194	A		-1	2720.33708262	[1, 1, 1, 1, 1, 1, 1, 1, 1, 1, 1, 1]
	854111	722700	748855	10	M	33	A		-1	2720.38480587	[1, 1, 1, 1, 1, 1, 1, 1, 1, 1, 1, 1]
	861410	723447	703518	10	M	156	A		-1	2720.87440728	[1, 1, 1, 1, 1, 1, 1, 1, 1, 1, 1, 1]
	858369	722998	747600	10	M	59	A		-1	2722.01183774	[1, 1, 1, 1, 1, 1, 1, 1, 1, 1, 1, 1]
	862892	723447	780448	10	M	137	A		-1	2722.04810363	[1, 1, 1, 1, 1, 1, 1, 1, 1, 1, 1, 1]
	826615	722347	672419	10	M	33	A		-1	2722.68600761	[1, 1, 1, 1, 1, 1, 1, 1, 1, 1, 1, 1]
	801331	723596	746154	10	M	194	A		-1	2723.07917672	[1, 1, 0, 1, 1, 1, 1, 1, 1, 1, 1, 1]
	817814	721398	701104	10	M	2	A		-1	2723.2236793	[1, 1, 1, 1, 1, 1, 1, 1, 1, 1, 1, 1]
	873786	723760	614901	10	M	39	A		-1	2724.0310585	[1, 1, 1, 1, 1, 1, 1, 1, 1, 1, 1, 1]
	846932	722627	643612	10	M	17	A		-1	2724.31743726	[1, 1, 1, 1, 1, 1, 1, 1, 1, 1, 1, 1]
	756855	621881	609791	9	M	187	A		-1	2724.53080932	[1, 1, 1, 1, 1, 1, 1, 1, 1, 1, 1, 1]
	852280	722700	762811	10	M	0	A		-1	2724.69922641	[1, 1, 1, 1, 1, 1, 1, 1, 1, 1, 1, 1]
	809862	720683	718395	10	M	124	A		-1	2724.94451076	[1, 1, 1, 1, 1, 1, 1, 1, 1, 1, 1, 1]
	840671	722606	613977	10	M	142	A		-1	2725.07224398	[1, 1, 1, 1, 1, 1, 1, 1, 1, 1, 1, 1]
	830001	722473	702400	10	M	191	A		-1	2725.55059636	[1, 1, 1, 1, 1, 1, 1, 1, 1, 1, 1, 1]
	831523	722473	717269	10	M	122	A		-1	2725.97403595	[1, 1, 1, 1, 1, 1, 1, 1, 1, 1, 1, 1]
	733806	620426	672331	9	M	54	A		-1	2726.23379272	[1, 1, 1, 1, 1, 1, 1, 1, 1, 1, 1, 0]
	894589	725176	756409	10	M	163	A		-1	2726.55481528	[1, 1, 1, 1, 1, 1, 1, 1, 1, 1, 1, 1]
	763208	622026	653983	9	M	199	A		-1	2726.81511058	[1, 1, 1, 1, 1, 1, 1, 1, 1, 1, 1, 1]
	857693	722998	758744	10	M	148	A		-1	2727.2805511	[1, 1, 1, 1, 1, 1, 1, 1, 1, 1, 1, 1]
	893480	725176	738661	10	M	2	A		-1	2727.5019892	[1, 1, 1, 1, 1, 1, 1, 1, 1, 1, 1, 0]
	885273	724685	739541	10	M	126	A		-1	2728.01855049	[1, 1, 1, 1, 1, 1, 1, 1, 1, 1, 1, 1]
	859749	722998	743054	10	M	140	A		-1	2729.31648205	[1, 1, 1, 1, 1, 1, 1, 1, 1, 1, 1, 1]
	872554	723760	765047	10	M	30	A		-1	2729.33014843	[1, 1, 1, 1, 1, 1, 1, 1, 1, 1, 1, 1]
	814702	720683	757696	10	M	145	A		-1	2729.45706967	[1, 1, 1, 1, 1, 1, 1, 1, 1, 1, 1, 1]
	816928	721398	717867	10	M	29	A		-1	2729.48473109	[1, 1, 1, 1, 1, 1, 1, 1, 1, 1, 1, 1]
	802759	723596	758914	10	M	188	A		-1	2729.864294	[1, 1, 0, 1, 1, 1, 1, 1, 1, 1, 1, 1]
	837826	722544	753829	10	M	98	A		-1	2729.91412475	[1, 1, 1, 1, 1, 1, 1, 1, 1, 1, 1, 1]
	823428	721664	770504	10	M	12	A		-1	2730.24022449	[1, 1, 1, 1, 1, 1, 1, 1, 1, 1, 1, 1]
	843896	722606	756612	10	M	106	A		-1	2730.47280576	[1, 1, 1, 1, 1, 1, 1, 1, 1, 1, 1, 1]
	806831	720630	734946	10	M	62	A		-1	2730.72758191	[1, 1, 1, 1, 1, 1, 1, 1, 1, 1, 1, 1]
	804598	723596	511769	10	M	159	A		-1	2730.99261195	[1, 1, 0, 1, 1, 1, 1, 1, 1, 1, 1, 1]
	867841	723499	650043	10	M	151	A		-1	2731.18898507	[1, 1, 1, 1, 1, 1, 1, 1, 1, 1, 1, 1]
	860052	723447	778204	10	M	88	A		-1	2731.48745204	[1, 1, 1, 1, 1, 1, 1, 1, 1, 1, 1, 1]
	842511	722606	752392	10	M	187	A		-1	2731.86878717	[1, 1, 1, 1, 1, 1, 1, 1, 1, 1, 1, 1]
	890542	725176	512934	10	M	108	A		-1	2732.63655917	[1, 1, 1, 1, 1, 1, 1, 1, 1, 1, 1, 1]
	805651	720630	742831	10	M	155	A		-1	2733.21464049	[1, 1, 1, 1, 1, 1, 1, 1, 1, 1, 1, 1]
	870915	723760	642371	10	M	150	A		-1	2733.27765322	[1, 1, 1, 1, 1, 1, 1, 1, 1, 1, 1, 1]
	855986	722998	727385	10	M	155	A		-1	2733.55090891	[1, 1, 1, 1, 1, 1, 1, 1, 1, 1, 1, 1]
	863970	723447	623775	10	M	112	A		-1	2733.56956132	[1, 1, 1, 1, 1, 1, 1, 1, 1, 1, 1, 1]
	861275	723447	737313	10	M	105	A		-1	2734.32927081	[1, 1, 1, 1, 1, 1, 1, 1, 1, 1, 1, 1]
	830470	722473	746645	10	M	165	A		-1	2735.69993005	[1, 1, 1, 1, 1, 1, 1, 1, 1, 1, 1, 1]
	853823	722700	725269	10	M	193	A		-1	2736.36487694	[1, 1, 1, 1, 1, 1, 1, 1, 1, 1, 1, 1]
	819553	721398	731475	10	M	41	A		-1	2736.54049749	[1, 1, 1, 1, 1, 1, 1, 1, 1, 1, 1, 1]
	885140	724685	758248	10	M	125	A		-1	2736.59319946	[1, 1, 1, 0, 1, 1, 1, 1, 1, 1, 1, 1]
	821295	721664	652866	10	M	163	A		-1	2736.66736876	[1, 1, 1, 1, 1, 1, 1, 1, 1, 1, 1, 1]
	815563	721398	739436	10	M	197	A		-1	2737.07712892	[1, 1, 1, 1, 1, 1, 1, 1, 1, 1, 1, 1]
	830183	722473	605915	10	M	42	A		-1	2737.4013038	[1, 1, 1, 1, 1, 1, 1, 1, 1, 1, 1, 1]
	828149	722347	735262	10	M	53	A		-1	2737.83990925	[1, 1, 1, 1, 1, 1, 1, 1, 1, 1, 1, 1]
	846205	722627	768844	10	M	165	A		-1	2738.08855485	[1, 1, 1, 1, 1, 1, 1, 1, 1, 1, 1, 1]
	755323	621881	627854	9	M	101	A		-1	2738.6897169	[1, 1, 1, 0, 1, 1, 1, 1, 1, 1, 1, 1]
	817535	721398	790763	10	M	5	A		-1	2738.81686648	[1, 1, 1, 1, 1, 1, 1, 1, 1, 1, 1, 1]
	827380	722347	572705	10	M	95	A		-1	2739.07531732	[1, 1, 1, 1, 1, 1, 1, 1, 1, 1, 1, 1]
	872098	723760	792441	10	M	7	A		-1	2739.60182986	[1, 1, 1, 1, 1, 1, 1, 1, 1, 1, 1, 1]
	845431	722627	704895	10	M	35	A		-1	2739.83445273	[1, 1, 1, 1, 1, 0, 1, 1, 1, 1, 1, 1]
	874884	729102	757524	10	M	127	A		-1	2740.53277354	[1, 1, 1, 1, 1, 1, 1, 1, 1, 1, 1, 1]
	812988	720683	755416	10	M	39	A		-1	2742.00972575	[1, 1, 1, 1, 1, 1, 1, 1, 1, 1, 1, 1]
	814283	720683	757567	10	M	55	A		-1	2743.05773338	[1, 1, 1, 1, 1, 1, 1, 1, 1, 1, 1, 1]
	836623	722544	733405	10	M	123	A		-1	2743.27005977	[1, 1, 1, 1, 1, 1, 1, 1, 1, 1, 1, 1]
	874793	729102	615957	10	M	77	A		-1	2743.75420385	[1, 1, 1, 1, 1, 1, 1, 1, 1, 1, 1, 1]
	877473	729102	766577	10	M	170	A		-1	2745.25316127	[1, 1, 1, 1, 1, 1, 1, 1, 1, 1, 1, 1]
	817084	721398	750141	10	M	114	A		-1	2745.55940751	[1, 1, 1, 1, 1, 1, 1, 1, 1, 1, 1, 1]
	871079	723760	687582	10	M	10	A		-1	2745.95642074	[1, 1, 1, 1, 1, 1, 1, 1, 1, 1, 1, 0]
	871205	723760	740308	10	M	51	A		-1	2747.2187347	[1, 1, 1, 1, 1, 1, 1, 1, 1, 1, 1, 1]
	796137	794711	773515	10	M	79	A		-1	2747.44513604	[1, 1, 0, 1, 1, 1, 1, 1, 1, 1, 1, 0]
	835646	722544	752847	10	M	181	A		-1	2747.50848718	[1, 1, 1, 1, 1, 1, 1, 1, 1, 1, 1, 1]
	872592	723760	791758	10	M	40	A		-1	2748.45652434	[1, 1, 1, 1, 1, 1, 1, 1, 1, 1, 1, 1]
	857536	722998	756353	10	M	33	A		-1	2748.5528314	[1, 1, 1, 1, 1, 1, 1, 1, 1, 1, 1, 1]
	844095	722606	702308	10	M	53	A		-1	2749.82548198	[1, 1, 1, 1, 1, 1, 1, 1, 1, 1, 1, 1]
	808916	720630	772222	10	M	160	A		-1	2749.90521886	[1, 1, 1, 1, 1, 1, 1, 1, 1, 1, 1, 1]
	851538	722700	652356	10	M	140	A		-1	2750.08110733	[1, 1, 1, 1, 1, 1, 1, 1, 1, 1, 1, 1]
	830541	722473	628100	10	M	16	A		-1	2750.22442696	[1, 1, 1, 1, 1, 1, 1, 1, 1, 1, 1, 1]
	825241	722347	772297	10	M	128	A		-1	2750.40292003	[1, 1, 1, 1, 1, 1, 1, 1, 1, 1, 1, 1]
	852473	722700	685449	10	M	196	A		-1	2750.64314388	[1, 1, 1, 1, 1, 1, 1, 1, 1, 1, 1, 1]
	883071	724336	736982	10	M	146	A		-1	2751.62781214	[1, 1, 1, 1, 1, 1, 1, 1, 1, 1, 1, 1]
	842894	722606	789785	10	M	79	A		-1	2752.14830295	[1, 1, 1, 1, 1, 1, 1, 1, 1, 1, 1, 1]
	805655	720630	505669	10	M	140	A		-1	2752.29709503	[1, 1, 1, 1, 1, 1, 1, 1, 1, 1, 1, 1]
	831849	722473	761725	10	M	70	A		-1	2753.52452812	[1, 1, 1, 1, 1, 1, 1, 1, 1, 1, 1, 1]
	809319	720630	411306	10	M	4	A		-1	2753.78824581	[1, 1, 1, 1, 1, 1, 1, 1, 1, 1, 1, 1]
	808785	720630	660730	10	M	2	A		-1	2754.29305954	[1, 1, 1, 1, 1, 1, 1, 1, 1, 1, 1, 1]
	846029	722627	735211	10	M	100	A		-1	2755.06069611	[1, 1, 1, 1, 1, 1, 1, 1, 1, 1, 1, 1]
	891022	725176	781698	10	M	81	A		-1	2755.28588049	[1, 1, 1, 1, 1, 1, 1, 1, 1, 1, 1, 1]
	892037	725176	713983	10	M	122	A		-1	2757.02139026	[1, 1, 1, 1, 1, 1, 1, 1, 1, 1, 1, 1]
	884543	724336	659297	10	M	72	A		-1	2757.02166438	[1, 1, 1, 1, 1, 1, 1, 1, 1, 1, 1, 1]
	879599	729102	758585	10	M	182	A		-1	2759.69302836	[1, 1, 1, 1, 1, 1, 1, 1, 1, 1, 1, 1]
	826110	722347	665651	10	M	53	A		-1	2759.73599912	[1, 1, 1, 1, 1, 1, 1, 1, 1, 1, 1, 1]
	881448	724336	708496	10	M	141	A		-1	2760.08562795	[1, 1, 1, 1, 1, 1, 1, 1, 1, 1, 1, 1]
	893037	725176	744152	10	M	110	A		-1	2761.38847101	[1, 1, 1, 1, 1, 1, 1, 1, 1, 1, 1, 1]
	799540	794711	699983	10	M	146	A		-1	2763.27611976	[1, 1, 1, 1, 1, 1, 1, 1, 1, 1, 1, 1]
	827345	722347	762330	10	M	54	A		-1	2763.33284805	[1, 1, 1, 1, 1, 1, 1, 1, 1, 1, 1, 1]
	870910	723760	687419	10	M	70	A		-1	2763.55774936	[1, 1, 1, 1, 1, 1, 1, 1, 1, 1, 1, 1]
	882503	724336	719514	10	M	142	A		-1	2764.22446552	[1, 1, 1, 1, 1, 1, 1, 1, 1, 1, 1, 1]
	863264	723447	731244	10	M	129	A		-1	2764.738539	[1, 1, 1, 1, 1, 1, 1, 1, 1, 1, 1, 1]
	849369	722627	721952	10	M	175	A		-1	2765.71653915	[1, 1, 1, 1, 1, 1, 1, 1, 1, 1, 1, 1]
	799773	794711	710302	10	M	84	A		-1	2766.24231882	[1, 1, 1, 1, 1, 1, 1, 1, 1, 1, 1, 1]
	870197	723760	608038	10	M	176	A		-1	2766.30002348	[1, 1, 1, 1, 1, 1, 1, 1, 1, 1, 1, 1]
	802348	723596	775548	10	M	132	A		-1	2766.44420109	[1, 1, 1, 1, 1, 1, 1, 1, 1, 1, 1, 1]
	883151	724336	756242	10	M	51	A		-1	2766.87845428	[1, 1, 1, 1, 1, 1, 1, 1, 1, 1, 1, 1]
	846472	722627	599416	10	M	56	A		-1	2767.66906914	[1, 1, 1, 1, 1, 1, 1, 1, 1, 1, 1, 1]
	848004	722627	728539	10	M	108	A		-1	2767.84226367	[1, 1, 1, 1, 1, 1, 1, 1, 1, 1, 1, 1]
	814665	720683	717674	10	M	126	A		-1	2768.69693745	[1, 1, 1, 1, 1, 1, 1, 1, 1, 1, 1, 1]
	819639	721398	752925	10	M	134	A		-1	2769.26610988	[1, 1, 1, 0, 1, 1, 1, 1, 1, 1, 1, 1]
	843509	722606	706672	10	M	94	A		-1	2769.30299316	[1, 1, 1, 1, 1, 1, 1, 1, 1, 1, 1, 1]
	831259	722473	658875	10	M	70	A		-1	2769.48283357	[1, 1, 1, 0, 1, 1, 1, 1, 1, 1, 1, 1]
	891171	725176	788844	10	M	102	A		-1	2769.51765377	[1, 1, 1, 1, 1, 1, 1, 1, 1, 1, 1, 1]
	847660	722627	660488	10	M	140	A		-1	2769.6080457	[1, 1, 1, 1, 1, 1, 1, 1, 1, 1, 1, 1]
	799216	794711	596292	10	M	151	A		-1	2769.83044566	[1, 1, 1, 1, 1, 1, 1, 1, 1, 1, 1, 1]
	874466	723760	737267	10	M	45	A		-1	2769.95844836	[1, 1, 1, 1, 1, 1, 1, 1, 1, 1, 1, 1]
	885347	724685	738316	10	M	79	A		-1	2770.38169443	[1, 1, 1, 1, 1, 1, 1, 1, 1, 1, 1, 1]
	838284	722544	732622	10	M	110	A		-1	2770.65348584	[1, 1, 1, 1, 1, 1, 1, 1, 1, 1, 1, 1]
	800906	723596	664141	10	M	141	A		-1	2770.92557381	[1, 1, 0, 1, 1, 1, 1, 1, 1, 1, 1, 1]
	871611	723760	759141	10	M	20	A		-1	2771.22086335	[1, 1, 1, 1, 1, 1, 1, 1, 1, 1, 1, 1]
	848963	722627	743332	10	M	111	A		-1	2773.14755331	[1, 1, 1, 1, 1, 1, 1, 1, 1, 1, 1, 1]
	815483	721398	776490	10	M	64	A		-1	2773.26245106	[1, 0, 1, 1, 1, 1, 1, 1, 1, 1, 1, 1]
	841723	722606	637960	10	M	31	A		-1	2776.30547179	[1, 1, 1, 1, 1, 1, 1, 1, 1, 1, 1, 1]
	865297	723499	699513	10	M	183	A		-1	2777.04604913	[1, 1, 1, 1, 1, 1, 1, 1, 1, 1, 1, 1]
	893934	725176	677905	10	M	46	A		-1	2777.44154434	[1, 1, 1, 1, 1, 1, 1, 1, 1, 1, 1, 1]
	819270	721398	771273	10	M	49	A		-1	2777.70397393	[1, 1, 1, 1, 1, 1, 1, 1, 1, 1, 1, 1]
	823820	721664	768619	10	M	63	A		-1	2778.00570313	[1, 1, 1, 1, 1, 1, 1, 1, 1, 1, 1, 1]
	789681	622633	651094	9	M	41	A		-1	2778.20384616	[1, 1, 1, 1, 1, 1, 1, 1, 1, 1, 1, 1]
	893096	725176	752150	10	M	162	A		-1	2778.87929846	[1, 0, 1, 1, 1, 1, 1, 1, 1, 1, 1, 1]
	884435	724336	736173	10	M	8	A		-1	2779.48455197	[1, 1, 0, 1, 1, 1, 1, 1, 1, 1, 1, 1]
	880852	724336	707526	10	M	183	A		-1	2780.19735639	[1, 1, 1, 1, 1, 1, 1, 1, 1, 1, 1, 1]
	819820	721664	791839	10	M	77	A		-1	2780.86067245	[1, 1, 1, 1, 1, 1, 1, 1, 1, 1, 1, 1]
	844008	722606	729011	10	M	19	A		-1	2781.49759174	[1, 1, 1, 1, 1, 1, 1, 1, 1, 1, 1, 1]
	831774	722473	743260	10	M	67	A		-1	2782.00692637	[1, 1, 1, 1, 1, 1, 1, 1, 1, 1, 1, 1]
	818786	721398	710206	10	M	14	A		-1	2782.05509993	[1, 1, 1, 1, 1, 1, 1, 1, 1, 1, 1, 1]
	859879	723447	673207	10	M	155	A		-1	2782.17542922	[1, 1, 1, 1, 1, 1, 1, 1, 1, 1, 1, 1]
	813785	720683	776931	10	M	91	A		-1	2782.45979465	[1, 1, 1, 1, 1, 1, 1, 1, 1, 1, 1, 1]
	819691	721398	733993	10	M	37	A		-1	2782.71542811	[1, 1, 1, 1, 1, 1, 1, 1, 1, 1, 1, 1]
	819853	721664	711137	10	M	107	A		-1	2784.57383756	[1, 1, 1, 1, 1, 1, 1, 1, 1, 1, 1, 1]
	846724	722627	720931	10	M	3	A		-1	2784.64803568	[1, 1, 1, 1, 1, 1, 1, 1, 1, 1, 1, 1]
	814819	721398	774954	10	M	137	A		-1	2785.98123681	[1, 1, 1, 1, 1, 1, 1, 1, 1, 1, 1, 1]
	811338	720683	689291	10	M	45	A		-1	2787.13897462	[1, 1, 1, 1, 1, 1, 1, 1, 1, 1, 1, 1]
	859980	723447	761771	10	M	60	A		-1	2787.1517277	[1, 1, 1, 1, 1, 1, 1, 1, 1, 1, 1, 1]
	756894	621881	431446	9	M	38	A		-1	2789.22983592	[1, 1, 1, 1, 1, 1, 1, 1, 1, 1, 1, 1]
	795572	794711	732998	10	M	109	A		-1	2790.23300926	[1, 1, 1, 1, 1, 1, 1, 1, 1, 1, 1, 0]
	875542	729102	736055	10	M	95	A		-1	2791.33909643	[1, 1, 1, 1, 1, 1, 1, 1, 1, 1, 1, 1]
	871776	723760	792734	10	M	116	A		-1	2792.04837863	[1, 1, 1, 1, 1, 1, 1, 1, 1, 1, 1, 1]
	828890	722347	782084	10	M	127	A		-1	2792.59700178	[1, 1, 1, 1, 1, 1, 1, 1, 1, 1, 1, 1]
	826590	722347	672372	10	M	44	A		-1	2793.78751659	[1, 1, 1, 1, 1, 1, 1, 1, 1, 1, 1, 1]
	894068	725176	771950	10	M	25	A		-1	2794.30401949	[1, 1, 1, 1, 1, 1, 1, 1, 1, 1, 1, 1]
	791873	622647	632431	9	M	161	A		-1	2795.67837272	[1, 1, 1, 1, 1, 1, 1, 1, 1, 1, 1, 1]
	816088	721398	783879	10	M	129	A		-1	2797.080439	[1, 1, 1, 1, 1, 1, 1, 1, 1, 1, 1, 1]
	814392	720683	752523	10	M	51	A		-1	2798.33492118	[1, 1, 1, 1, 1, 1, 1, 1, 1, 1, 1, 1]
	812100	720683	659484	10	M	191	A		-1	2798.40448942	[1, 1, 1, 1, 1, 1, 1, 1, 1, 1, 1, 1]
	866613	723499	732902	10	M	169	A		-1	2798.9932446	[1, 1, 1, 1, 1, 1, 1, 1, 1, 1, 1, 1]
	795016	794711	791854	10	M	138	A		-1	2799.64152834	[1, 1, 1, 1, 1, 1, 1, 1, 1, 1, 1, 1]
	809805	720683	526462	10	M	35	A		-1	2802.18194949	[1, 1, 1, 1, 1, 1, 1, 1, 1, 1, 1, 0]
	886478	724685	662937	10	M	44	A		-1	2802.44512971	[1, 1, 1, 1, 1, 1, 1, 1, 1, 1, 1, 1]
	891644	725176	695173	10	M	123	A		-1	2805.51057872	[1, 1, 1, 1, 1, 1, 1, 1, 1, 1, 1, 1]
	833449	722473	699615	10	M	113	A		-1	2807.2629041	[1, 1, 1, 1, 1, 1, 1, 1, 1, 1, 1, 1]
	881819	724336	745910	10	M	5	A		-1	2810.62131609	[1, 1, 1, 1, 1, 1, 1, 1, 1, 1, 1, 1]
	840449	722606	781103	10	M	5	A		-1	2811.02112941	[1, 1, 1, 1, 1, 1, 1, 1, 1, 1, 1, 1]
	823110	721664	747570	10	M	71	A		-1	2811.9729217	[1, 1, 1, 1, 1, 1, 1, 1, 1, 1, 1, 1]
	894449	725176	763466	10	M	189	A		-1	2813.49560077	[1, 1, 1, 1, 1, 1, 1, 1, 1, 1, 1, 1]
	842183	722606	695792	10	M	181	A		-1	2814.2967616	[1, 1, 1, 1, 1, 1, 1, 1, 1, 1, 1, 1]
	884552	724336	764013	10	M	87	A		-1	2817.66481581	[1, 1, 1, 1, 1, 1, 1, 1, 1, 1, 1, 1]
	825863	722347	687662	10	M	167	A		-1	2817.97314069	[1, 1, 1, 1, 1, 1, 1, 1, 1, 1, 1, 1]
	747958	621025	644328	9	M	191	A		-1	2822.8891576	[1, 1, 1, 1, 1, 1, 1, 1, 1, 1, 1, 1]
	836352	722544	726358	10	M	106	A		-1	2823.51139385	[1, 1, 1, 1, 1, 1, 1, 1, 1, 1, 1, 1]
	825786	722347	576739	10	M	77	A		-1	2823.57121035	[1, 1, 1, 1, 1, 1, 1, 1, 1, 1, 1, 1]
	815067	721398	649130	10	M	61	A		-1	2824.09017123	[1, 1, 1, 1, 1, 1, 1, 1, 1, 1, 1, 1]
	819871	721664	707077	10	M	193	A		-1	2824.71734395	[1, 1, 1, 1, 1, 1, 1, 1, 1, 1, 1, 1]
	883638	724336	757384	10	M	134	A		-1	2824.81067124	[1, 1, 1, 1, 1, 1, 1, 1, 1, 1, 1, 1]
	884643	724336	743647	10	M	92	A		-1	2830.40370264	[1, 1, 1, 1, 1, 1, 1, 1, 1, 1, 1, 0]
	816387	721398	758912	10	M	122	A		-1	2831.52026019	[1, 1, 1, 1, 1, 1, 1, 1, 1, 1, 1, 1]
	872636	723760	749003	10	M	42	A		-1	2831.59788654	[1, 1, 1, 1, 1, 1, 1, 1, 1, 1, 1, 1]
	832886	722473	731231	10	M	74	A		-1	2831.62802234	[1, 1, 1, 1, 1, 1, 1, 1, 1, 1, 1, 1]
	833753	722473	648017	10	M	62	A		-1	2832.66488003	[1, 1, 1, 1, 1, 1, 1, 1, 1, 1, 1, 0]
	834691	722473	784004	10	M	38	A		-1	2834.53003824	[1, 1, 1, 1, 1, 1, 1, 1, 1, 1, 1, 1]
	819481	721398	743855	10	M	14	A		-1	2835.59730506	[1, 1, 1, 1, 1, 1, 1, 1, 1, 1, 1, 1]
	862942	723447	764794	10	M	107	A		-1	2836.16902138	[1, 1, 1, 1, 1, 1, 1, 1, 1, 1, 1, 1]
	841250	722606	759049	10	M	188	A		-1	2836.36669633	[1, 1, 1, 1, 1, 1, 1, 1, 1, 1, 1, 1]
	885125	724685	721095	10	M	124	A		-1	2838.78369301	[1, 1, 1, 1, 1, 1, 1, 1, 1, 1, 1, 1]
	725427	620066	685065	9	M	109	A		-1	2843.71390123	[1, 1, 1, 1, 1, 1, 1, 1, 1, 1, 1, 1]
	869901	723760	788750	10	M	150	A		-1	2843.96914104	[1, 1, 1, 1, 1, 1, 1, 1, 1, 1, 1, 1]
	825236	722347	745197	10	M	153	A		-1	2844.12737568	[1, 1, 1, 1, 1, 1, 1, 1, 1, 1, 1, 1]
	866079	723499	718521	10	M	9	A		-1	2844.75436939	[1, 1, 1, 1, 1, 1, 1, 1, 1, 1, 1, 1]
	836077	722544	738613	10	M	152	A		-1	2846.04193303	[1, 1, 1, 1, 1, 1, 1, 1, 1, 1, 1, 1]
	739987	620860	619669	9	M	54	A		-1	2847.78476822	[1, 1, 1, 1, 1, 1, 1, 1, 1, 1, 1, 1]
	874645	723760	667106	10	M	78	A		-1	2848.35562041	[1, 1, 1, 1, 1, 1, 1, 1, 1, 1, 1, 1]
	893750	725176	648611	10	M	148	A		-1	2849.25030968	[1, 1, 1, 1, 1, 1, 1, 1, 1, 1, 1, 0]
	807817	720630	698503	10	M	13	A		-1	2849.36103588	[1, 1, 1, 1, 1, 1, 1, 1, 1, 1, 1, 1]
	858832	722998	709979	10	M	155	A		-1	2849.57738044	[1, 1, 1, 1, 1, 1, 1, 1, 1, 1, 1, 1]
	707213	619627	681367	9	M	1	A		-1	2850.28308008	[1, 1, 1, 1, 1, 0, 1, 1, 1, 1, 1, 1]
	869626	723499	740704	10	M	42	A		-1	2852.62570596	[1, 1, 1, 1, 1, 1, 1, 1, 1, 1, 1, 1]
	880998	724336	772462	10	M	63	A		-1	2853.04457813	[1, 1, 1, 1, 1, 1, 1, 1, 1, 1, 1, 1]
	885096	724685	740955	10	M	161	A		-1	2854.29350985	[1, 1, 1, 1, 1, 1, 1, 1, 1, 1, 1, 1]
	870660	723760	792165	10	M	35	A		-1	2856.63979938	[1, 1, 1, 1, 1, 1, 1, 1, 1, 1, 1, 1]
	892426	725176	730570	10	M	76	A		-1	2858.91459877	[1, 1, 1, 1, 1, 1, 1, 1, 1, 1, 1, 1]
	807812	720630	724294	10	M	3	A		-1	2860.78863044	[1, 1, 1, 1, 1, 1, 1, 1, 1, 1, 1, 1]
	887165	724685	759640	10	M	134	A		-1	2861.96658155	[1, 1, 1, 1, 1, 1, 1, 1, 1, 1, 1, 1]
	823043	721664	781077	10	M	193	A		-1	2864.49360188	[1, 1, 1, 1, 1, 1, 1, 1, 1, 1, 1, 1]
	826748	722347	713729	10	M	64	A		-1	2865.05808877	[1, 1, 1, 1, 1, 1, 1, 1, 1, 1, 1, 1]
	860228	723447	741301	10	M	15	A		-1	2865.24404628	[1, 1, 1, 1, 1, 1, 1, 1, 1, 1, 1, 0]
	850370	722700	731701	10	M	144	A		-1	2865.85702662	[1, 1, 1, 1, 1, 1, 1, 1, 1, 1, 1, 1]
	885501	724685	695971	10	M	150	A		-1	2868.62477601	[1, 1, 1, 1, 1, 1, 1, 1, 1, 1, 1, 1]
	835878	722544	743528	10	M	37	A		-1	2877.64173617	[1, 1, 1, 1, 1, 1, 1, 1, 1, 1, 1, 1]
	809320	720630	627614	10	M	55	A		-1	2877.99592303	[1, 1, 1, 1, 1, 1, 1, 1, 1, 1, 1, 1]
	805145	720630	636437	10	M	50	A		-1	2881.80267252	[1, 1, 1, 1, 1, 1, 1, 1, 1, 1, 1, 1]
	880931	724336	765649	10	M	64	A		-1	2897.96524698	[1, 1, 1, 1, 1, 1, 1, 1, 1, 1, 1, 1]
	797582	794711	641793	10	M	46	A		-1	2905.03613703	[1, 1, 1, 1, 1, 1, 1, 1, 1, 1, 1, 0]
	869648	723499	747787	10	M	107	A		-1	2906.9547249	[1, 1, 1, 1, 1, 1, 1, 1, 1, 1, 1, 1]
	877642	729102	743955	10	M	170	A		-1	2909.28412236	[1, 1, 1, 1, 1, 1, 1, 1, 1, 1, 1, 1]
	845093	722627	712398	10	M	47	A		-1	2910.24729899	[1, 1, 1, 1, 1, 1, 1, 1, 1, 1, 1, 0]
	872009	723760	702482	10	M	125	A		-1	2913.92303037	[1, 1, 1, 1, 1, 1, 1, 1, 1, 1, 1, 1]
	851377	722700	782654	10	M	65	A		-1	2921.53659337	[1, 1, 1, 1, 1, 1, 1, 1, 1, 1, 1, 1]
	811125	720683	763772	10	M	176	A		-1	2922.26544851	[1, 1, 1, 1, 1, 1, 1, 1, 1, 1, 1, 1]
	838577	722544	705386	10	M	63	A		-1	2924.22679442	[1, 1, 1, 1, 1, 1, 1, 1, 1, 1, 1, 1]
	849845	722700	762847	10	M	149	A		-1	2928.6751461	[1, 1, 1, 1, 1, 1, 1, 1, 1, 1, 1, 1]
	845857	722627	722902	10	M	168	A		-1	2941.34566649	[1, 1, 1, 1, 1, 1, 1, 1, 1, 1, 1, 1]
	819939	721664	645160	10	M	52	A		-1	2941.48373795	[1, 1, 1, 1, 1, 1, 1, 1, 1, 1, 1, 1]
	807927	720630	748490	10	M	2	A		-1	2947.4458745	[1, 1, 1, 1, 1, 1, 1, 1, 1, 1, 1, 1]
	817772	721398	791782	10	M	165	A		-1	2947.62584017	[1, 1, 1, 1, 1, 1, 1, 1, 1, 1, 1, 1]
	816093	721398	727961	10	M	25	A		-1	2957.9300328	[1, 1, 1, 1, 1, 1, 1, 1, 1, 1, 1, 1]
	890944	725176	789660	10	M	191	A		-1	2961.07475274	[1, 1, 1, 1, 1, 1, 1, 1, 1, 1, 1, 1]
	891111	725176	733161	10	M	160	A		-1	2961.43813762	[1, 1, 1, 1, 1, 1, 1, 1, 1, 1, 1, 0]
	796606	794711	755561	10	M	3	A		-1	2971.55936109	[1, 1, 1, 1, 1, 1, 1, 1, 1, 1, 1, 1]
	833705	722473	690443	10	M	91	A		-1	2972.18932934	[1, 1, 1, 1, 1, 1, 1, 1, 1, 1, 1, 1]
	882580	724336	788263	10	M	130	A		-1	2980.06976552	[1, 1, 1, 1, 1, 1, 1, 1, 1, 1, 1, 1]
	882152	724336	773596	10	M	189	A		-1	2985.05336421	[1, 1, 1, 1, 1, 1, 1, 1, 1, 1, 1, 1]
	806946	720630	720225	10	M	198	A		-1	3001.32028151	[1, 1, 1, 1, 1, 1, 1, 1, 1, 1, 1, 1]
	872659	723760	698117	10	M	191	A		-1	3034.75310764	[1, 1, 1, 1, 1, 1, 1, 1, 1, 1, 1, 1]
	853240	722700	755983	10	M	50	A		-1	3173.56027377	[1, 1, 1, 1, 1, 1, 1, 1, 1, 1, 1, 1]
