animal	sire	dam	born	sex	herd	status	cause	died	TBV	recessives
	1527238	1421216	1377129	17	M	150	A		-1	4211.55482392	[1, 1, 1, 1, 1, 1, 1, 1, 1, 1, 1, 1]
	1497089	1494494	1308500	17	M	3	A		-1	4211.69639322	[1, 1, 1, 1, 1, 1, 1, 1, 1, 1, 1, 1]
	1561491	1422845	1400312	17	M	82	A		-1	4211.82094809	[1, 1, 1, 1, 1, 1, 1, 1, 1, 1, 1, 1]
	1533734	1421651	1478184	17	M	111	A		-1	4212.24006359	[1, 1, 1, 1, 1, 1, 1, 1, 1, 1, 1, 1]
	1511756	1420614	1444144	17	M	157	A		-1	4212.31195907	[1, 1, 1, 1, 1, 1, 1, 1, 1, 1, 1, 1]
	1581638	1423327	1300948	17	M	127	A		-1	4213.10956252	[1, 1, 1, 1, 1, 1, 1, 1, 1, 1, 1, 1]
	1583137	1423327	1429306	17	M	160	A		-1	4213.32604064	[1, 1, 1, 1, 1, 1, 1, 1, 1, 1, 1, 1]
	1499173	1494494	1474997	17	M	193	A		-1	4213.32626747	[1, 1, 1, 1, 1, 1, 1, 1, 1, 1, 1, 1]
	1581941	1423327	1436933	17	M	130	A		-1	4214.57409127	[1, 1, 1, 1, 1, 1, 1, 1, 1, 1, 1, 1]
	1580354	1423327	1307206	17	M	8	A		-1	4214.90788063	[1, 1, 1, 1, 1, 1, 1, 1, 1, 1, 1, 1]
	1449026	1314690	1249974	16	M	178	A		-1	4215.17586571	[1, 1, 1, 1, 1, 1, 1, 1, 1, 1, 1, 1]
	1496539	1494494	1432689	17	M	60	A		-1	4215.41767491	[1, 1, 1, 1, 1, 1, 1, 1, 1, 1, 1, 1]
	1565683	1422931	1303937	17	M	18	A		-1	4215.4780623	[1, 1, 1, 1, 1, 1, 1, 1, 1, 1, 1, 1]
	1504180	1422992	1479948	17	M	112	A		-1	4215.67510234	[1, 1, 1, 1, 1, 1, 1, 1, 1, 1, 1, 1]
	1542881	1422249	1218148	17	M	197	A		-1	4215.76371878	[1, 1, 1, 1, 1, 1, 1, 1, 1, 1, 1, 1]
	1536854	1421697	1437704	17	M	125	A		-1	4215.81079152	[1, 1, 1, 1, 1, 1, 1, 1, 1, 1, 1, 1]
	1545476	1422319	1422159	17	M	103	A		-1	4215.82290856	[1, 1, 1, 1, 1, 1, 1, 1, 1, 1, 1, 1]
	1584630	1423327	1354829	17	M	139	A		-1	4215.9994983	[1, 1, 1, 1, 1, 1, 1, 1, 1, 1, 1, 1]
	1497734	1494494	1350508	17	M	184	A		-1	4216.01328764	[1, 1, 1, 1, 1, 1, 1, 1, 1, 1, 1, 1]
	1560864	1422845	1428083	17	M	95	A		-1	4216.23684864	[1, 1, 1, 1, 1, 1, 1, 1, 1, 1, 1, 0]
	1582574	1423327	1314085	17	M	176	A		-1	4216.61530964	[1, 1, 1, 1, 1, 1, 1, 1, 1, 1, 1, 1]
	1584311	1423327	1413841	17	M	156	A		-1	4217.09319726	[1, 1, 1, 1, 1, 1, 1, 1, 1, 1, 1, 1]
	1573887	1423120	1404923	17	M	100	A		-1	4217.15007194	[1, 1, 1, 1, 1, 0, 1, 1, 1, 1, 1, 1]
	1508261	1420490	1348094	17	M	130	A		-1	4217.28776513	[1, 1, 1, 1, 1, 1, 1, 1, 1, 1, 1, 1]
	1531530	1421651	1464789	17	M	99	A		-1	4217.46123188	[1, 1, 1, 1, 1, 1, 1, 1, 1, 1, 1, 1]
	1582334	1423327	1484313	17	M	194	A		-1	4217.67353351	[1, 1, 1, 1, 1, 1, 1, 1, 1, 1, 1, 1]
	1511085	1420614	1446495	17	M	188	A		-1	4217.69739607	[1, 1, 1, 1, 1, 1, 1, 1, 1, 1, 1, 1]
	1565543	1422931	1395351	17	M	153	A		-1	4218.28994468	[1, 1, 1, 1, 1, 1, 1, 1, 1, 1, 1, 1]
	1505758	1420490	1433036	17	M	61	A		-1	4218.55848389	[1, 1, 1, 1, 1, 1, 1, 1, 1, 1, 1, 1]
	1474072	1316170	1369715	16	M	108	A		-1	4219.53744784	[1, 1, 1, 1, 1, 1, 1, 1, 1, 1, 1, 1]
	1581516	1423327	1400679	17	M	68	A		-1	4219.64190786	[1, 1, 1, 1, 1, 1, 1, 1, 1, 1, 1, 1]
	1534025	1421651	1298841	17	M	57	A		-1	4219.90401757	[1, 1, 1, 1, 1, 0, 1, 1, 1, 1, 1, 1]
	1448361	1314690	1285614	16	M	9	A		-1	4219.96080269	[1, 1, 1, 1, 1, 1, 1, 1, 1, 1, 1, 1]
	1512925	1420614	1299286	17	M	156	A		-1	4220.75165745	[1, 1, 1, 1, 1, 1, 1, 1, 1, 1, 1, 1]
	1579165	1426459	1409077	17	M	190	A		-1	4221.00777543	[1, 1, 1, 1, 1, 1, 1, 1, 1, 1, 1, 1]
	1547797	1422319	1249846	17	M	158	A		-1	4221.01807991	[1, 1, 1, 1, 1, 1, 1, 1, 1, 1, 1, 1]
	1576235	1426459	1488313	17	M	99	A		-1	4221.16284191	[1, 1, 1, 1, 1, 1, 1, 1, 1, 1, 1, 1]
	1498949	1494494	1365301	17	M	0	A		-1	4221.2931921	[1, 1, 1, 1, 1, 1, 1, 1, 1, 1, 1, 1]
	1537797	1421697	1312426	17	M	99	A		-1	4221.54320361	[1, 1, 1, 1, 1, 1, 1, 1, 1, 1, 1, 1]
	1581258	1423327	1411795	17	M	22	A		-1	4221.54909194	[1, 1, 1, 1, 1, 1, 1, 1, 1, 1, 1, 1]
	1570699	1423120	1361163	17	M	34	A		-1	4221.59464687	[1, 1, 1, 1, 1, 1, 1, 1, 1, 1, 1, 1]
	1516116	1420829	1448210	17	M	133	A		-1	4221.61985699	[1, 1, 1, 1, 1, 1, 1, 1, 1, 1, 1, 1]
	1457620	1315005	1362248	16	M	196	A		-1	4221.73349329	[1, 1, 0, 1, 1, 1, 1, 1, 1, 1, 1, 1]
	1562156	1422845	1430570	17	M	192	A		-1	4221.91537519	[1, 1, 1, 1, 1, 1, 1, 1, 1, 1, 1, 1]
	1509663	1420490	1451050	17	M	165	A		-1	4222.12121666	[1, 1, 1, 1, 1, 1, 1, 1, 1, 1, 1, 1]
	1584875	1423745	1467706	17	M	64	A		-1	4222.33412423	[1, 1, 1, 1, 1, 1, 1, 1, 1, 1, 1, 1]
	1592857	1424043	1398236	17	M	91	A		-1	4222.37499699	[1, 1, 1, 1, 1, 1, 1, 1, 1, 1, 1, 1]
	1523477	1421186	1411048	17	M	26	A		-1	4222.45656989	[1, 1, 1, 1, 1, 1, 1, 1, 1, 1, 1, 1]
	1549874	1422450	1409400	17	M	91	A		-1	4222.50648261	[1, 1, 1, 1, 1, 1, 1, 1, 1, 1, 1, 1]
	1531270	1421651	1236532	17	M	179	A		-1	4222.64355885	[1, 1, 1, 1, 1, 0, 1, 1, 1, 1, 1, 1]
	1548770	1422319	1340483	17	M	83	A		-1	4222.73471179	[1, 1, 1, 1, 1, 1, 1, 1, 1, 1, 1, 1]
	1503607	1422992	1417234	17	M	91	A		-1	4223.29698409	[1, 1, 1, 1, 1, 0, 1, 1, 1, 1, 1, 1]
	1582698	1423327	1339555	17	M	104	A		-1	4223.36583158	[1, 1, 1, 1, 1, 1, 1, 1, 1, 1, 1, 1]
	1512146	1420614	1471014	17	M	157	A		-1	4223.49092274	[1, 1, 1, 1, 1, 1, 1, 1, 1, 1, 1, 1]
	1537678	1421697	1441742	17	M	152	A		-1	4223.80463434	[1, 1, 1, 1, 1, 1, 1, 1, 1, 1, 1, 1]
	1574849	1426459	1324236	17	M	150	A		-1	4223.95263124	[1, 1, 1, 1, 1, 1, 1, 1, 1, 1, 1, 1]
	1584854	1423745	1457689	17	M	145	A		-1	4224.25937233	[1, 1, 1, 1, 1, 1, 1, 1, 1, 1, 1, 1]
	1580823	1423327	1439684	17	M	122	A		-1	4224.53579718	[1, 1, 1, 1, 1, 1, 1, 1, 1, 1, 1, 1]
	1573023	1423120	1427438	17	M	13	A		-1	4224.58764324	[1, 1, 1, 1, 1, 1, 1, 1, 1, 1, 1, 1]
	1560826	1422845	1441331	17	M	195	A		-1	4224.78332715	[1, 1, 1, 1, 1, 1, 1, 1, 1, 1, 1, 1]
	1571898	1423120	1479843	17	M	21	A		-1	4224.98381872	[1, 1, 1, 1, 1, 1, 1, 1, 1, 1, 1, 1]
	1511248	1420614	1447974	17	M	89	A		-1	4225.22238014	[1, 1, 1, 1, 1, 1, 1, 1, 1, 1, 1, 1]
	1546887	1422319	1429897	17	M	188	A		-1	4225.48317865	[1, 1, 1, 1, 1, 1, 1, 1, 1, 1, 1, 1]
	1553990	1422450	1460464	17	M	190	A		-1	4225.48493571	[1, 1, 1, 1, 1, 1, 1, 1, 1, 1, 1, 1]
	1518371	1420829	1451462	17	M	89	A		-1	4225.67842997	[1, 1, 1, 1, 1, 1, 1, 1, 1, 1, 1, 1]
	1546814	1422319	1456856	17	M	102	A		-1	4226.10634741	[1, 1, 0, 1, 1, 1, 1, 1, 1, 1, 1, 1]
	1497857	1494494	1461017	17	M	133	A		-1	4226.52655747	[1, 1, 1, 1, 1, 1, 1, 1, 1, 1, 1, 1]
	1582626	1423327	1418431	17	M	32	A		-1	4226.71104382	[1, 1, 1, 1, 1, 1, 1, 1, 1, 1, 1, 1]
	1532386	1421651	1447613	17	M	156	A		-1	4226.82395552	[1, 1, 1, 1, 1, 1, 1, 1, 1, 1, 1, 1]
	1561563	1422845	1424854	17	M	167	A		-1	4226.87233205	[1, 1, 1, 1, 1, 1, 1, 1, 1, 1, 1, 1]
	1513394	1420614	1473762	17	M	187	A		-1	4227.07367586	[1, 1, 1, 1, 1, 1, 1, 1, 1, 1, 1, 1]
	1564763	1422845	1461114	17	M	126	A		-1	4227.10531924	[1, 1, 1, 1, 1, 1, 1, 1, 1, 1, 1, 1]
	1510957	1420614	1466388	17	M	199	A		-1	4227.23595381	[1, 1, 1, 1, 1, 1, 1, 1, 1, 1, 1, 1]
	1495943	1494494	1457675	17	M	15	A		-1	4227.31762341	[1, 1, 1, 1, 1, 1, 1, 1, 1, 1, 1, 1]
	1589613	1423745	1403763	17	M	46	A		-1	4227.50777652	[1, 1, 1, 1, 1, 1, 1, 1, 1, 1, 1, 1]
	1537254	1421697	1465140	17	M	125	A		-1	4227.59315929	[1, 1, 1, 1, 1, 1, 1, 1, 1, 1, 1, 1]
	1509511	1420490	1423116	17	M	100	A		-1	4227.64894867	[1, 1, 1, 1, 1, 1, 1, 1, 1, 1, 1, 1]
	1562976	1422845	1460864	17	M	120	A		-1	4228.85607185	[1, 1, 1, 1, 1, 1, 1, 1, 1, 1, 1, 1]
	1502575	1422992	1403354	17	M	51	A		-1	4228.95339576	[1, 1, 1, 1, 1, 1, 1, 1, 1, 1, 1, 1]
	1518359	1420829	1332544	17	M	45	A		-1	4229.07631352	[1, 1, 1, 1, 1, 1, 1, 1, 1, 1, 1, 1]
	1505403	1420490	1387779	17	M	182	A		-1	4229.40353784	[0, 1, 1, 1, 1, 1, 1, 1, 1, 1, 1, 1]
	1568404	1422931	1493462	17	M	174	A		-1	4229.65406752	[1, 1, 1, 1, 1, 1, 1, 1, 1, 1, 1, 1]
	1582866	1423327	1488912	17	M	38	A		-1	4229.67677328	[1, 1, 1, 1, 1, 1, 1, 1, 1, 1, 1, 1]
	1524929	1421216	1397191	17	M	49	A		-1	4229.75487034	[1, 1, 1, 1, 1, 1, 1, 1, 1, 1, 1, 1]
	1511075	1420614	1405132	17	M	154	A		-1	4229.81715297	[1, 1, 1, 1, 1, 1, 1, 1, 1, 1, 1, 1]
	1559123	1422756	1425817	17	M	16	A		-1	4229.96443272	[1, 1, 1, 1, 1, 1, 1, 1, 1, 1, 1, 1]
	1549778	1422319	1411413	17	M	17	A		-1	4230.1352394	[1, 1, 1, 1, 1, 1, 1, 1, 1, 1, 1, 1]
	1563400	1422845	1370459	17	M	20	A		-1	4230.4816565	[1, 1, 1, 1, 1, 1, 1, 1, 1, 1, 1, 1]
	1514578	1420614	1477559	17	M	128	A		-1	4230.89389181	[1, 1, 1, 1, 1, 1, 1, 1, 1, 1, 1, 1]
	1521958	1421186	1327612	17	M	91	A		-1	4231.16344378	[1, 1, 1, 1, 1, 1, 1, 1, 1, 1, 1, 1]
	1406082	1314148	1295111	16	M	44	A		-1	4231.23942741	[1, 1, 1, 1, 1, 1, 1, 1, 1, 1, 1, 1]
	1544796	1422319	1450024	17	M	111	A		-1	4231.31085278	[0, 1, 1, 1, 1, 1, 1, 1, 1, 1, 1, 1]
	1561330	1422845	1434953	17	M	46	A		-1	4231.65879244	[1, 1, 1, 1, 1, 1, 1, 1, 1, 1, 1, 1]
	1550258	1422450	1448791	17	M	119	A		-1	4231.86419253	[1, 1, 1, 1, 1, 1, 1, 1, 1, 1, 1, 1]
	1574220	1423120	1377579	17	M	95	A		-1	4232.40189518	[1, 1, 1, 1, 1, 1, 1, 1, 1, 1, 1, 1]
	1583260	1423327	1319102	17	M	74	A		-1	4232.52522343	[1, 1, 1, 1, 1, 1, 1, 1, 1, 1, 1, 1]
	1495850	1494494	1475843	17	M	56	A		-1	4232.83101736	[1, 1, 1, 1, 1, 1, 1, 1, 1, 1, 1, 1]
	1508243	1420490	1434384	17	M	56	A		-1	4233.17415253	[1, 1, 1, 1, 1, 1, 1, 1, 1, 1, 1, 1]
	1582745	1423327	1414872	17	M	66	A		-1	4233.24523671	[1, 1, 1, 1, 1, 0, 1, 1, 1, 1, 1, 1]
	1321069	1235937	1262500	15	M	165	A		-1	4233.35088656	[1, 1, 1, 1, 1, 1, 1, 1, 1, 1, 1, 1]
	1568242	1422931	1423659	17	M	185	A		-1	4233.38499553	[1, 1, 1, 1, 1, 1, 1, 1, 1, 1, 1, 1]
	1549154	1422319	1404470	17	M	91	A		-1	4233.45292023	[1, 1, 1, 1, 1, 1, 1, 1, 1, 1, 1, 1]
	1557841	1422756	1459595	17	M	164	A		-1	4233.55954075	[1, 1, 0, 1, 1, 1, 1, 1, 1, 1, 1, 1]
	1565409	1422931	1400546	17	M	88	A		-1	4233.61883597	[1, 1, 1, 1, 1, 1, 1, 1, 1, 1, 1, 1]
	1570607	1423120	1486160	17	M	66	A		-1	4233.67909594	[1, 1, 1, 1, 1, 1, 1, 1, 1, 1, 1, 1]
	1521146	1421186	1319414	17	M	126	A		-1	4233.94588932	[1, 1, 1, 1, 1, 1, 1, 1, 1, 1, 1, 1]
	1583229	1423327	1410503	17	M	154	A		-1	4234.16377823	[1, 1, 1, 1, 1, 1, 1, 1, 1, 1, 1, 1]
	1543622	1422249	1439709	17	M	91	A		-1	4234.18586158	[1, 1, 1, 1, 1, 1, 1, 1, 1, 1, 1, 1]
	1495016	1494494	1445261	17	M	117	A		-1	4234.32247513	[1, 1, 1, 1, 1, 1, 1, 1, 1, 1, 1, 1]
	1529693	1421216	1204158	17	M	45	A		-1	4234.40236233	[1, 1, 1, 1, 1, 1, 1, 1, 1, 1, 1, 1]
	1594723	1424043	1472631	17	M	167	A		-1	4234.4634414	[1, 1, 1, 1, 1, 1, 1, 1, 1, 1, 1, 1]
	1446140	1314690	1332230	16	M	14	A		-1	4234.63266899	[1, 1, 1, 1, 1, 1, 1, 1, 1, 1, 1, 1]
	1520757	1421186	1451042	17	M	172	A		-1	4234.90360364	[1, 1, 1, 1, 1, 1, 1, 1, 1, 1, 1, 1]
	1593601	1424043	1479363	17	M	21	A		-1	4234.90635357	[1, 1, 1, 1, 1, 1, 1, 1, 1, 1, 1, 1]
	1530575	1421651	1297721	17	M	28	A		-1	4234.97238255	[1, 1, 1, 1, 1, 1, 1, 1, 1, 1, 1, 1]
	1509028	1420490	1420814	17	M	188	A		-1	4235.42517584	[1, 1, 1, 1, 1, 1, 1, 1, 1, 1, 1, 1]
	1511511	1420614	1469950	17	M	150	A		-1	4235.65542273	[1, 1, 1, 1, 1, 1, 1, 1, 1, 1, 1, 1]
	1470407	1316170	1345529	16	M	5	A		-1	4236.16669578	[1, 1, 1, 1, 1, 1, 1, 1, 1, 1, 1, 1]
	1589056	1423745	1446981	17	M	28	A		-1	4236.4827891	[1, 1, 1, 1, 1, 1, 1, 1, 1, 1, 1, 1]
	1540968	1422249	1491018	17	M	161	A		-1	4236.67911813	[1, 1, 1, 1, 1, 1, 1, 1, 1, 1, 1, 1]
	1512577	1420614	1370449	17	M	119	A		-1	4237.08182521	[1, 1, 1, 1, 1, 1, 1, 1, 1, 1, 1, 1]
	1534469	1421651	1430130	17	M	162	A		-1	4237.3065394	[1, 1, 1, 1, 1, 0, 1, 1, 1, 1, 1, 1]
	1497025	1494494	1427406	17	M	9	A		-1	4237.3690052	[1, 1, 1, 1, 1, 1, 1, 1, 1, 1, 1, 1]
	1586211	1423745	1459662	17	M	187	A		-1	4238.23771121	[1, 1, 1, 1, 1, 1, 1, 1, 1, 1, 1, 1]
	1536633	1421697	1425401	17	M	96	A		-1	4238.42143087	[1, 1, 1, 1, 1, 1, 1, 1, 1, 1, 1, 0]
	1498954	1494494	1487466	17	M	134	A		-1	4238.623253	[1, 1, 1, 1, 1, 1, 1, 1, 1, 1, 1, 1]
	1582283	1423327	1447077	17	M	154	A		-1	4238.80409422	[1, 1, 1, 1, 1, 1, 1, 1, 1, 1, 1, 1]
	1509084	1420490	1295855	17	M	165	A		-1	4239.22382728	[1, 1, 1, 1, 1, 1, 1, 1, 1, 1, 1, 1]
	1527375	1421216	1426620	17	M	52	A		-1	4239.22504415	[1, 1, 1, 1, 1, 1, 1, 1, 1, 1, 1, 1]
	1465205	1315167	1356471	16	M	113	A		-1	4239.29122294	[1, 1, 1, 1, 1, 1, 1, 1, 1, 1, 1, 1]
	1507778	1420490	1383483	17	M	31	A		-1	4239.8329578	[1, 1, 1, 1, 1, 1, 1, 1, 1, 1, 1, 1]
	1551779	1422450	1240082	17	M	83	A		-1	4239.84133837	[1, 1, 1, 1, 1, 1, 1, 1, 1, 1, 1, 1]
	1513408	1420614	1420115	17	M	115	A		-1	4239.88761218	[1, 1, 1, 1, 1, 1, 1, 1, 1, 1, 1, 1]
	1450224	1314965	1364704	16	M	63	A		-1	4240.15290366	[1, 1, 1, 1, 1, 1, 1, 1, 1, 1, 1, 1]
	1474682	1316170	1345139	16	M	46	A		-1	4240.41694039	[1, 1, 1, 1, 1, 1, 1, 1, 1, 1, 1, 0]
	1584669	1423327	1483673	17	M	120	A		-1	4240.49576409	[1, 1, 1, 1, 1, 1, 1, 1, 1, 1, 1, 1]
	1548881	1422319	1422430	17	M	0	A		-1	4240.54839655	[1, 1, 1, 1, 1, 1, 1, 1, 1, 1, 1, 1]
	1556532	1422756	1487289	17	M	115	A		-1	4240.9837424	[1, 1, 1, 1, 1, 1, 1, 1, 1, 1, 1, 1]
	1575629	1426459	1385178	17	M	31	A		-1	4241.0032821	[1, 1, 1, 1, 1, 1, 1, 1, 1, 1, 1, 1]
	1539575	1421697	1198099	17	M	150	A		-1	4241.27252635	[1, 1, 1, 1, 1, 1, 1, 1, 1, 1, 1, 1]
	1535534	1421697	1309138	17	M	58	A		-1	4241.59064127	[1, 1, 1, 1, 1, 1, 1, 1, 1, 1, 1, 1]
	1571654	1423120	1433018	17	M	12	A		-1	4242.15034226	[1, 1, 1, 1, 1, 1, 1, 1, 1, 1, 1, 1]
	1521602	1421186	1494604	17	M	145	A		-1	4242.32603696	[1, 1, 1, 1, 1, 1, 1, 1, 1, 1, 1, 1]
	1578308	1426459	1462230	17	M	99	A		-1	4242.33216096	[1, 1, 1, 1, 1, 1, 1, 1, 1, 1, 1, 1]
	1507143	1420490	1445813	17	M	0	A		-1	4242.39217051	[1, 1, 1, 1, 1, 1, 1, 1, 1, 1, 1, 1]
	1591195	1424043	1472980	17	M	41	A		-1	4242.58477731	[1, 1, 1, 1, 1, 1, 1, 1, 1, 1, 1, 1]
	1541193	1422249	1410742	17	M	147	A		-1	4242.58742399	[1, 1, 1, 1, 1, 1, 1, 1, 1, 1, 1, 1]
	1418334	1314370	1209258	16	M	138	A		-1	4242.6923028	[1, 1, 1, 1, 1, 0, 1, 1, 1, 1, 1, 1]
	1515466	1420829	1430584	17	M	102	A		-1	4243.11733283	[1, 1, 1, 1, 1, 1, 1, 1, 1, 1, 1, 1]
	1438508	1314506	1274449	16	M	172	A		-1	4243.80937274	[1, 1, 1, 1, 1, 1, 1, 1, 1, 1, 1, 1]
	1505326	1420490	1216831	17	M	34	A		-1	4244.29413364	[1, 1, 1, 1, 1, 1, 1, 1, 1, 1, 1, 1]
	1582736	1423327	1451866	17	M	17	A		-1	4244.33432632	[1, 1, 1, 1, 1, 1, 1, 1, 1, 1, 1, 0]
	1509377	1420490	1479012	17	M	168	A		-1	4244.36614592	[1, 1, 1, 1, 1, 1, 1, 1, 1, 1, 1, 1]
	1456564	1315005	1316057	16	M	184	A		-1	4244.58724408	[1, 1, 0, 1, 1, 1, 1, 1, 1, 1, 1, 1]
	1506884	1420490	1488539	17	M	17	A		-1	4245.40332527	[1, 1, 1, 1, 1, 1, 1, 1, 1, 1, 1, 1]
	1427076	1314447	1267866	16	M	120	A		-1	4245.55423679	[1, 1, 1, 1, 1, 1, 1, 1, 1, 1, 1, 0]
	1536780	1421697	1473097	17	M	158	A		-1	4245.66958903	[1, 1, 1, 1, 1, 1, 1, 1, 1, 1, 1, 1]
	1594351	1424043	1473235	17	M	186	A		-1	4245.93949239	[1, 1, 1, 1, 1, 1, 1, 1, 1, 1, 1, 1]
	1520450	1421186	1401384	17	M	4	A		-1	4246.06632889	[1, 1, 1, 1, 1, 1, 1, 1, 1, 1, 1, 1]
	1588657	1423745	1330959	17	M	183	A		-1	4246.09388034	[1, 1, 1, 1, 1, 1, 1, 1, 1, 1, 1, 1]
	1500792	1422992	1429064	17	M	179	A		-1	4246.16449396	[1, 1, 1, 1, 1, 1, 1, 1, 1, 1, 1, 0]
	1513529	1420614	1474624	17	M	150	A		-1	4246.18087825	[1, 1, 1, 1, 1, 1, 1, 1, 1, 1, 1, 1]
	1505675	1420490	1483367	17	M	176	A		-1	4246.29192497	[1, 1, 1, 1, 1, 1, 1, 1, 1, 1, 1, 1]
	1521893	1421186	1449402	17	M	95	A		-1	4246.69517739	[1, 1, 1, 1, 1, 1, 1, 1, 1, 1, 1, 1]
	1570732	1423120	1348937	17	M	42	A		-1	4246.94771308	[1, 1, 1, 1, 1, 1, 1, 1, 1, 1, 1, 0]
	1581259	1423327	1435851	17	M	152	A		-1	4246.98881237	[1, 1, 1, 1, 1, 1, 1, 1, 1, 1, 1, 1]
	1530798	1421651	1473111	17	M	93	A		-1	4247.11688985	[1, 1, 1, 1, 1, 0, 1, 1, 1, 1, 1, 1]
	1513940	1420614	1477989	17	M	45	A		-1	4247.1335109	[1, 1, 1, 1, 1, 1, 1, 1, 1, 1, 1, 1]
	1570197	1423120	1435754	17	M	6	A		-1	4247.1357602	[1, 1, 1, 1, 1, 1, 1, 1, 1, 1, 1, 1]
	1420614	1314408	1287626	16	M	72	A		-1	4247.53272447	[1, 1, 1, 1, 1, 1, 1, 1, 1, 1, 1, 1]
	1580258	1423327	1254089	17	M	145	A		-1	4247.68005006	[1, 1, 1, 1, 1, 1, 1, 1, 1, 1, 1, 1]
	1539162	1421697	1298516	17	M	48	A		-1	4248.12552227	[1, 1, 1, 1, 1, 1, 1, 1, 1, 1, 1, 1]
	1507677	1420490	1476156	17	M	35	A		-1	4248.84520099	[1, 1, 1, 1, 1, 1, 1, 1, 1, 1, 1, 1]
	1513534	1420614	1431870	17	M	3	A		-1	4249.55615541	[1, 1, 1, 1, 1, 1, 1, 1, 1, 1, 1, 1]
	1506590	1420490	1457211	17	M	99	A		-1	4249.6027009	[1, 1, 1, 1, 1, 1, 1, 1, 1, 1, 1, 1]
	1531025	1421651	1439648	17	M	115	A		-1	4249.64118845	[1, 1, 1, 1, 1, 1, 1, 1, 1, 1, 1, 1]
	1591981	1424043	1475008	17	M	120	A		-1	4250.269245	[1, 1, 1, 1, 1, 1, 1, 1, 1, 1, 1, 1]
	1587867	1423745	1319438	17	M	78	A		-1	4250.33164461	[1, 1, 1, 1, 1, 1, 1, 1, 1, 1, 1, 1]
	1443404	1314525	1303998	16	M	120	A		-1	4250.59120361	[1, 1, 1, 1, 1, 1, 1, 1, 1, 1, 1, 1]
	1521410	1421186	1422972	17	M	3	A		-1	4250.68061188	[1, 1, 1, 1, 1, 1, 1, 1, 1, 1, 1, 1]
	1567683	1422931	1412492	17	M	169	A		-1	4251.20143376	[1, 1, 1, 1, 1, 1, 1, 1, 1, 1, 1, 1]
	1589259	1423745	1358464	17	M	94	A		-1	4251.20671028	[1, 1, 1, 1, 1, 1, 1, 1, 1, 1, 1, 1]
	1538994	1421697	1430769	17	M	174	A		-1	4251.22875288	[1, 1, 1, 1, 1, 1, 1, 1, 1, 1, 1, 1]
	1514690	1420614	1494286	17	M	105	A		-1	4251.32551697	[1, 1, 1, 1, 1, 1, 1, 1, 1, 1, 1, 1]
	1582260	1423327	1138948	17	M	178	A		-1	4251.53770697	[1, 1, 1, 1, 1, 1, 1, 1, 1, 1, 1, 1]
	1516634	1420829	1481165	17	M	128	A		-1	4252.23690887	[1, 1, 1, 1, 1, 1, 1, 1, 1, 1, 1, 1]
	1498526	1494494	1407400	17	M	195	A		-1	4252.45844075	[1, 1, 1, 1, 1, 1, 1, 1, 1, 1, 1, 1]
	1416831	1314370	1322833	16	M	197	A		-1	4252.51933478	[1, 1, 1, 1, 1, 0, 1, 1, 1, 1, 1, 1]
	1510453	1420614	1492411	17	M	98	A		-1	4252.97858812	[1, 1, 1, 1, 1, 1, 1, 1, 1, 1, 1, 1]
	1538450	1421697	1409118	17	M	66	A		-1	4253.08719312	[1, 1, 1, 1, 1, 1, 1, 1, 1, 1, 1, 1]
	1564550	1422845	1478610	17	M	152	A		-1	4253.23394502	[1, 1, 1, 1, 1, 1, 1, 1, 1, 1, 1, 1]
	1538553	1421697	1461148	17	M	118	A		-1	4253.39497027	[1, 1, 1, 1, 1, 1, 1, 1, 1, 1, 1, 1]
	1524323	1421186	1428243	17	M	105	A		-1	4253.77519921	[1, 1, 1, 1, 1, 1, 1, 1, 1, 1, 1, 0]
	1430382	1314482	1249972	16	M	115	A		-1	4253.80475569	[1, 1, 1, 1, 1, 1, 1, 1, 1, 1, 1, 1]
	1505116	1420490	1442705	17	M	42	A		-1	4254.38655051	[1, 1, 1, 1, 1, 1, 1, 1, 1, 1, 1, 1]
	1536860	1421697	1457449	17	M	2	A		-1	4255.25827009	[1, 1, 1, 1, 1, 1, 1, 1, 1, 1, 1, 1]
	1575197	1426459	1445725	17	M	181	A		-1	4256.13405149	[1, 1, 1, 1, 1, 1, 1, 1, 1, 1, 1, 1]
	1450429	1314965	1298580	16	M	110	A		-1	4256.77328695	[1, 1, 1, 1, 1, 1, 1, 1, 1, 1, 1, 1]
	1576455	1426459	1351106	17	M	116	A		-1	4257.10830921	[1, 1, 1, 1, 1, 1, 1, 1, 1, 1, 1, 1]
	1544711	1422249	1402707	17	M	46	A		-1	4257.63214903	[1, 1, 1, 1, 1, 1, 1, 1, 1, 1, 1, 1]
	1557011	1422756	1412373	17	M	61	A		-1	4258.46942654	[1, 1, 1, 1, 1, 1, 1, 1, 1, 1, 1, 1]
	1519062	1420829	1479622	17	M	91	A		-1	4258.80308033	[1, 1, 1, 1, 1, 1, 1, 1, 1, 1, 1, 1]
	1512389	1420614	1383842	17	M	56	A		-1	4258.94015313	[1, 1, 1, 1, 1, 1, 1, 1, 1, 1, 1, 1]
	1436332	1314506	1295913	16	M	136	A		-1	4259.13478447	[1, 1, 1, 1, 1, 1, 1, 1, 1, 1, 1, 1]
	1529446	1421216	1471717	17	M	110	A		-1	4259.48230672	[1, 1, 1, 1, 1, 1, 1, 1, 1, 1, 1, 1]
	1509062	1420490	1422168	17	M	22	A		-1	4259.54585888	[1, 1, 1, 1, 1, 1, 1, 1, 1, 1, 1, 1]
	1501874	1422992	1459065	17	M	84	A		-1	4259.99089077	[1, 1, 0, 1, 1, 1, 1, 1, 1, 1, 1, 1]
	1535183	1421697	1449636	17	M	146	A		-1	4260.36131299	[1, 1, 1, 1, 1, 1, 1, 1, 1, 1, 1, 1]
	1512226	1420614	1415052	17	M	98	A		-1	4260.49058137	[1, 1, 1, 1, 1, 1, 1, 1, 1, 1, 1, 1]
	1532288	1421651	1405093	17	M	99	A		-1	4261.23556756	[1, 1, 1, 1, 1, 0, 1, 1, 1, 1, 1, 1]
	1503455	1422992	1422270	17	M	1	A		-1	4261.68550666	[1, 1, 1, 1, 1, 1, 1, 1, 1, 1, 1, 1]
	1548628	1422319	1475387	17	M	17	A		-1	4262.01199487	[1, 1, 1, 1, 1, 0, 1, 1, 1, 1, 1, 1]
	1572597	1423120	1401385	17	M	127	A		-1	4262.39354051	[1, 1, 1, 1, 1, 1, 1, 1, 1, 1, 1, 1]
	1556266	1422756	1394796	17	M	31	A		-1	4262.44585727	[1, 1, 1, 1, 1, 1, 1, 1, 1, 1, 1, 1]
	1582094	1423327	1341532	17	M	121	A		-1	4263.20223156	[1, 1, 1, 1, 1, 1, 1, 1, 1, 1, 1, 1]
	1582388	1423327	1430390	17	M	177	A		-1	4263.41026295	[1, 1, 1, 1, 1, 1, 1, 1, 1, 1, 1, 1]
	1537563	1421697	1444709	17	M	67	A		-1	4263.57036957	[1, 1, 1, 1, 1, 1, 1, 1, 1, 1, 1, 1]
	1521603	1421186	1403185	17	M	78	A		-1	4263.76201151	[1, 1, 1, 1, 1, 1, 1, 1, 1, 1, 1, 1]
	1575139	1426459	1457208	17	M	112	A		-1	4263.91457808	[1, 1, 1, 1, 1, 1, 1, 1, 1, 1, 1, 1]
	1504675	1422992	1429680	17	M	62	A		-1	4264.6994739	[0, 1, 1, 1, 1, 1, 1, 1, 1, 1, 1, 1]
	1527298	1421216	1492004	17	M	8	A		-1	4264.836052	[1, 1, 1, 1, 1, 1, 1, 1, 1, 1, 1, 1]
	1558987	1422756	1418553	17	M	2	A		-1	4265.10635766	[1, 1, 1, 1, 1, 0, 1, 1, 1, 1, 1, 1]
	1517851	1420829	1467820	17	M	107	A		-1	4265.79340827	[1, 1, 1, 1, 1, 1, 1, 1, 1, 1, 1, 1]
	1513557	1420614	1459113	17	M	12	A		-1	4266.21301251	[1, 1, 1, 1, 1, 1, 1, 1, 1, 1, 1, 1]
	1531585	1421651	1443101	17	M	75	A		-1	4266.22740503	[1, 1, 1, 1, 1, 1, 1, 1, 1, 1, 1, 1]
	1511381	1420614	1425766	17	M	53	A		-1	4267.80870151	[1, 1, 1, 1, 1, 1, 1, 1, 1, 1, 1, 1]
	1472985	1316170	1320314	16	M	179	A		-1	4268.33236779	[1, 1, 1, 1, 1, 1, 1, 1, 1, 1, 1, 1]
	1590105	1424043	1402418	17	M	65	A		-1	4268.54628167	[1, 1, 1, 1, 1, 1, 1, 1, 1, 1, 1, 1]
	1566460	1422931	1303013	17	M	158	A		-1	4269.93542165	[1, 1, 1, 1, 1, 1, 1, 1, 1, 1, 1, 1]
	1589776	1423745	1404779	17	M	42	A		-1	4270.17316318	[1, 1, 1, 1, 1, 1, 1, 1, 1, 1, 1, 1]
	1517297	1420829	1408227	17	M	74	A		-1	4270.49908288	[1, 1, 1, 1, 1, 0, 1, 1, 1, 1, 1, 1]
	1529419	1421216	1436802	17	M	53	A		-1	4270.53505449	[1, 1, 1, 1, 1, 1, 1, 1, 1, 1, 1, 1]
	1496475	1494494	1305988	17	M	121	A		-1	4271.27606727	[1, 1, 1, 1, 1, 1, 1, 1, 1, 1, 1, 1]
	1494902	1494494	1361881	17	M	137	A		-1	4271.28398426	[1, 1, 1, 1, 1, 1, 1, 1, 1, 1, 1, 1]
	1592580	1424043	1415264	17	M	100	A		-1	4272.06561565	[1, 1, 1, 1, 1, 1, 1, 1, 1, 1, 1, 1]
	1539511	1421697	1395174	17	M	5	A		-1	4272.28012471	[1, 1, 1, 1, 1, 1, 1, 1, 1, 1, 1, 1]
	1514335	1420614	1283161	17	M	55	A		-1	4273.66151581	[1, 1, 1, 1, 1, 1, 1, 1, 1, 1, 1, 1]
	1514116	1420614	1290131	17	M	100	A		-1	4273.85260248	[1, 1, 1, 1, 1, 1, 1, 1, 1, 1, 1, 1]
	1520621	1421186	1418864	17	M	28	A		-1	4274.26469192	[1, 1, 1, 1, 1, 1, 1, 1, 1, 1, 1, 1]
	1517382	1420829	1399441	17	M	61	A		-1	4274.91007249	[1, 1, 1, 1, 1, 1, 1, 1, 1, 1, 1, 1]
	1511119	1420614	1472950	17	M	108	A		-1	4275.4770528	[1, 1, 1, 1, 1, 1, 1, 1, 1, 1, 1, 1]
	1504517	1422992	1415220	17	M	121	A		-1	4275.5491781	[1, 1, 1, 1, 1, 1, 1, 1, 1, 1, 1, 1]
	1455806	1315005	1201759	16	M	16	A		-1	4276.1137911	[1, 1, 1, 1, 1, 1, 1, 1, 1, 1, 1, 1]
	1530795	1421651	1421633	17	M	68	A		-1	4276.42032476	[1, 1, 1, 1, 1, 1, 1, 1, 1, 1, 1, 1]
	1566257	1422931	1488196	17	M	103	A		-1	4276.7566748	[1, 1, 1, 1, 1, 1, 1, 1, 1, 1, 1, 1]
	1577484	1426459	1444218	17	M	90	A		-1	4276.95844736	[1, 1, 1, 1, 1, 1, 1, 1, 1, 1, 1, 1]
	1512433	1420614	1390273	17	M	83	A		-1	4277.37317406	[1, 1, 1, 1, 1, 1, 1, 1, 1, 1, 1, 1]
	1583747	1423327	1365174	17	M	130	A		-1	4277.99471389	[1, 1, 1, 1, 1, 1, 1, 1, 1, 1, 1, 1]
	1524470	1421186	1403041	17	M	67	A		-1	4278.47177458	[1, 1, 1, 1, 1, 1, 1, 1, 1, 1, 1, 1]
	1582616	1423327	1409604	17	M	199	A		-1	4278.6164374	[1, 1, 1, 1, 1, 1, 1, 1, 1, 1, 1, 1]
	1526352	1421216	1374262	17	M	13	A		-1	4279.18849111	[1, 1, 1, 1, 1, 1, 1, 1, 1, 1, 1, 1]
	1582266	1423327	1407739	17	M	122	A		-1	4279.56662324	[1, 1, 1, 1, 1, 1, 1, 1, 1, 1, 1, 1]
	1500972	1422992	1432371	17	M	167	A		-1	4280.03652211	[1, 1, 1, 1, 1, 1, 1, 1, 1, 1, 1, 1]
	1537883	1421697	1445144	17	M	70	A		-1	4280.3015674	[1, 1, 1, 1, 1, 1, 1, 1, 1, 1, 1, 1]
	1515795	1420829	1424677	17	M	143	A		-1	4280.38505456	[1, 1, 1, 1, 1, 1, 1, 1, 1, 1, 1, 1]
	1508615	1420490	1459749	17	M	130	A		-1	4281.5159388	[1, 1, 0, 1, 1, 1, 1, 1, 1, 1, 1, 1]
	1514642	1420614	1468033	17	M	54	A		-1	4282.07156109	[1, 1, 1, 1, 1, 1, 1, 1, 1, 1, 1, 1]
	1581972	1423327	1349148	17	M	21	A		-1	4282.11178743	[1, 1, 1, 1, 1, 1, 1, 1, 1, 1, 1, 1]
	1529912	1421651	1409466	17	M	75	A		-1	4282.16469681	[1, 1, 1, 1, 1, 0, 1, 1, 1, 1, 1, 1]
	1581074	1423327	1485354	17	M	5	A		-1	4282.19727461	[1, 1, 1, 1, 1, 1, 1, 1, 1, 1, 1, 1]
	1589969	1424043	1399407	17	M	20	A		-1	4282.91820456	[1, 1, 1, 1, 1, 1, 1, 1, 1, 1, 1, 1]
	1580349	1423327	1405321	17	M	70	A		-1	4283.03130656	[1, 1, 1, 1, 1, 0, 1, 1, 1, 1, 1, 1]
	1506526	1420490	1468244	17	M	67	A		-1	4283.08538988	[1, 1, 1, 1, 1, 1, 1, 1, 1, 1, 1, 1]
	1567101	1422931	1440313	17	M	191	A		-1	4283.40086953	[1, 1, 1, 1, 1, 1, 1, 1, 1, 1, 1, 1]
	1518618	1420829	1436876	17	M	99	A		-1	4283.47019233	[1, 1, 1, 1, 1, 1, 1, 1, 1, 1, 1, 1]
	1579791	1423327	1417569	17	M	38	A		-1	4283.50629575	[1, 1, 1, 1, 1, 1, 1, 1, 1, 1, 1, 1]
	1579820	1423327	1464509	17	M	120	A		-1	4283.81422694	[1, 1, 1, 1, 1, 1, 1, 1, 1, 1, 1, 1]
	1544170	1422249	1415077	17	M	81	A		-1	4283.95316325	[1, 1, 1, 1, 1, 1, 1, 1, 1, 1, 1, 1]
	1538507	1421697	1460623	17	M	151	A		-1	4284.19303433	[1, 1, 1, 1, 1, 1, 1, 1, 1, 1, 1, 1]
	1498257	1494494	1353690	17	M	93	A		-1	4284.2449972	[1, 1, 1, 1, 1, 1, 1, 1, 1, 1, 1, 1]
	1519882	1421186	1447043	17	M	173	A		-1	4285.26139445	[1, 1, 1, 1, 1, 1, 1, 1, 1, 1, 1, 1]
	1501482	1422992	1449986	17	M	108	A		-1	4286.49076415	[1, 1, 1, 1, 1, 1, 1, 1, 1, 1, 1, 1]
	1562860	1422845	1405827	17	M	127	A		-1	4286.60984851	[1, 1, 1, 1, 1, 1, 1, 1, 1, 1, 1, 1]
	1580017	1423327	1304623	17	M	97	A		-1	4287.29104876	[1, 1, 1, 1, 1, 1, 1, 1, 1, 1, 1, 1]
	1505135	1420490	1320912	17	M	145	A		-1	4287.64861083	[1, 1, 1, 1, 1, 1, 1, 1, 1, 1, 1, 1]
	1582175	1423327	1406041	17	M	123	A		-1	4287.86248512	[1, 1, 1, 1, 1, 1, 1, 1, 1, 1, 1, 1]
	1535269	1421697	1433116	17	M	25	A		-1	4288.02328765	[0, 1, 1, 1, 1, 1, 1, 1, 1, 1, 1, 1]
	1505974	1420490	1321825	17	M	36	A		-1	4288.29131922	[1, 1, 1, 1, 1, 1, 1, 1, 1, 1, 1, 1]
	1530880	1421651	1313136	17	M	69	A		-1	4288.95121931	[1, 1, 1, 1, 1, 0, 1, 1, 1, 1, 1, 1]
	1552810	1422450	1351955	17	M	71	A		-1	4288.96132617	[1, 1, 1, 1, 1, 1, 1, 1, 1, 1, 1, 1]
	1566436	1422931	1472327	17	M	77	A		-1	4289.20245401	[1, 1, 1, 1, 1, 1, 1, 1, 1, 1, 1, 1]
	1503033	1422992	1436115	17	M	37	A		-1	4289.93476641	[1, 1, 1, 1, 1, 1, 1, 1, 1, 1, 1, 1]
	1512154	1420614	1463762	17	M	173	A		-1	4290.55290527	[1, 1, 1, 1, 1, 1, 1, 1, 1, 1, 1, 1]
	1533330	1421651	1482937	17	M	88	A		-1	4290.79553116	[1, 1, 1, 1, 1, 0, 1, 1, 1, 1, 1, 1]
	1536302	1421697	1268914	17	M	185	A		-1	4291.57411296	[1, 1, 1, 1, 1, 1, 1, 1, 1, 1, 1, 1]
	1582028	1423327	1473340	17	M	132	A		-1	4291.90286141	[1, 1, 1, 1, 1, 1, 1, 1, 1, 1, 1, 1]
	1441853	1314525	1300936	16	M	143	A		-1	4292.32727318	[1, 1, 1, 1, 1, 1, 1, 1, 1, 1, 1, 1]
	1555249	1422756	1320688	17	M	175	A		-1	4292.32800388	[1, 1, 1, 1, 1, 1, 1, 1, 1, 1, 1, 1]
	1529972	1421651	1401326	17	M	72	A		-1	4292.50604973	[1, 1, 1, 1, 1, 1, 1, 1, 1, 1, 1, 1]
	1581062	1423327	1424910	17	M	51	A		-1	4292.65525054	[1, 1, 1, 1, 1, 1, 1, 1, 1, 1, 1, 1]
	1565138	1422931	1266763	17	M	188	A		-1	4294.02069375	[1, 1, 1, 1, 1, 1, 1, 1, 1, 1, 1, 1]
	1575145	1426459	1411011	17	M	191	A		-1	4295.38849774	[1, 1, 1, 1, 1, 0, 1, 1, 1, 1, 1, 1]
	1508132	1420490	1395661	17	M	167	A		-1	4295.45057561	[1, 1, 1, 1, 1, 1, 1, 1, 1, 1, 1, 1]
	1512601	1420614	1337035	17	M	108	A		-1	4295.84606663	[1, 1, 1, 1, 1, 1, 1, 1, 1, 1, 1, 1]
	1534882	1421697	1443777	17	M	110	A		-1	4296.04316439	[1, 1, 1, 1, 1, 1, 1, 1, 1, 1, 1, 1]
	1541397	1422249	1364637	17	M	147	A		-1	4296.94081089	[1, 1, 1, 1, 1, 1, 1, 1, 1, 1, 1, 1]
	1589393	1423745	1470130	17	M	11	A		-1	4297.74558263	[1, 1, 1, 1, 1, 1, 1, 1, 1, 1, 1, 1]
	1495825	1494494	1472734	17	M	184	A		-1	4298.35497946	[1, 1, 1, 1, 1, 1, 1, 1, 1, 1, 1, 1]
	1568766	1422931	1407655	17	M	175	A		-1	4298.65502194	[1, 1, 1, 1, 1, 0, 1, 1, 1, 1, 1, 1]
	1411730	1314233	1368931	16	M	1	A		-1	4298.67298993	[1, 1, 1, 1, 1, 1, 1, 1, 1, 1, 1, 1]
	1525085	1421216	1490402	17	M	74	A		-1	4299.0151643	[1, 1, 1, 1, 1, 1, 1, 1, 1, 1, 1, 1]
	1504286	1422992	1356156	17	M	157	A		-1	4299.23361365	[1, 1, 1, 1, 1, 1, 1, 1, 1, 1, 1, 1]
	1479091	1320660	1203118	16	M	15	A		-1	4299.85187852	[1, 1, 1, 1, 1, 1, 1, 1, 1, 1, 1, 1]
	1538449	1421697	1409211	17	M	126	A		-1	4300.01830502	[1, 1, 1, 1, 1, 0, 1, 1, 1, 1, 1, 1]
	1530843	1421651	1458125	17	M	186	A		-1	4300.58380366	[1, 1, 1, 1, 1, 0, 1, 1, 1, 1, 1, 1]
	1548138	1422319	1449073	17	M	131	A		-1	4300.67164846	[1, 1, 1, 1, 1, 1, 1, 1, 1, 1, 1, 1]
	1509525	1420490	1443919	17	M	5	A		-1	4300.9544524	[1, 1, 1, 1, 1, 1, 1, 1, 1, 1, 1, 1]
	1502489	1422992	1485590	17	M	189	A		-1	4301.07571301	[1, 1, 1, 1, 1, 1, 1, 1, 1, 1, 1, 1]
	1513765	1420614	1441692	17	M	34	A		-1	4301.54430918	[1, 1, 1, 1, 1, 1, 1, 1, 1, 1, 1, 1]
	1582964	1423327	1389517	17	M	165	A		-1	4301.65894278	[1, 1, 1, 1, 1, 1, 1, 1, 1, 1, 1, 1]
	1519530	1420829	1409708	17	M	105	A		-1	4301.7483963	[1, 1, 1, 1, 1, 1, 1, 1, 1, 1, 1, 1]
	1513761	1420614	1438337	17	M	200	A		-1	4302.02140523	[1, 1, 1, 1, 1, 1, 1, 1, 1, 1, 1, 1]
	1543427	1422249	1325387	17	M	24	A		-1	4302.19747157	[1, 1, 1, 1, 1, 1, 1, 1, 1, 1, 1, 1]
	1514586	1420614	1425937	17	M	66	A		-1	4302.84561653	[1, 1, 1, 1, 1, 1, 1, 1, 1, 1, 1, 1]
	1560720	1422845	1448216	17	M	21	A		-1	4303.02852722	[1, 1, 1, 1, 1, 1, 1, 1, 1, 1, 1, 1]
	1547728	1422319	1406176	17	M	180	A		-1	4303.16653928	[1, 1, 1, 1, 1, 1, 1, 1, 1, 1, 1, 1]
	1522437	1421186	1408053	17	M	167	A		-1	4304.42065728	[1, 1, 1, 1, 1, 0, 1, 1, 1, 1, 1, 1]
	1536422	1421697	1418447	17	M	28	A		-1	4304.89145498	[1, 1, 1, 1, 1, 1, 1, 1, 1, 1, 1, 1]
	1528460	1421216	1444308	17	M	0	A		-1	4305.64825221	[1, 1, 1, 1, 1, 1, 1, 1, 1, 1, 1, 1]
	1513264	1420614	1444776	17	M	4	A		-1	4305.77079074	[1, 1, 1, 1, 1, 1, 1, 1, 1, 1, 1, 1]
	1582819	1423327	1459123	17	M	148	A		-1	4306.83913898	[1, 1, 1, 1, 1, 1, 1, 1, 1, 1, 1, 1]
	1523136	1421186	1376046	17	M	152	A		-1	4307.63735063	[1, 1, 1, 1, 1, 1, 1, 1, 1, 1, 1, 1]
	1516835	1420829	1490202	17	M	161	A		-1	4308.31053688	[1, 1, 1, 1, 1, 1, 1, 1, 1, 1, 1, 1]
	1498183	1494494	1407276	17	M	173	A		-1	4308.34416811	[1, 1, 1, 1, 1, 0, 1, 1, 1, 1, 1, 1]
	1538843	1421697	1480479	17	M	64	A		-1	4308.42269291	[1, 1, 1, 1, 1, 1, 1, 1, 1, 1, 1, 1]
	1583165	1423327	1414095	17	M	74	A		-1	4309.85900463	[1, 1, 1, 1, 1, 1, 1, 1, 1, 1, 1, 1]
	1581716	1423327	1443889	17	M	133	A		-1	4311.01283028	[1, 1, 1, 1, 1, 1, 1, 1, 1, 1, 1, 1]
	1496818	1494494	1436786	17	M	156	A		-1	4311.41062196	[1, 1, 1, 1, 1, 1, 1, 1, 1, 1, 1, 1]
	1534257	1421651	1485767	17	M	138	A		-1	4311.47632051	[1, 1, 1, 1, 1, 1, 1, 1, 1, 1, 1, 1]
	1536160	1421697	1413885	17	M	46	A		-1	4312.05896668	[1, 1, 1, 1, 1, 0, 1, 1, 1, 1, 1, 1]
	1548666	1422319	1461826	17	M	79	A		-1	4312.29717695	[1, 1, 1, 1, 1, 1, 1, 1, 1, 1, 1, 1]
	1504669	1422992	1330797	17	M	175	A		-1	4312.77112822	[1, 1, 1, 1, 1, 1, 1, 1, 1, 1, 1, 1]
	1571233	1423120	1372554	17	M	73	A		-1	4312.8627672	[1, 1, 1, 1, 1, 1, 1, 1, 1, 1, 1, 1]
	1503698	1422992	1425995	17	M	67	A		-1	4313.05094389	[1, 1, 1, 1, 1, 1, 1, 1, 1, 1, 1, 1]
	1500745	1422992	1387716	17	M	6	A		-1	4313.40824077	[1, 1, 1, 1, 1, 1, 1, 1, 1, 1, 1, 1]
	1534303	1421651	1421329	17	M	74	A		-1	4314.93099785	[1, 1, 1, 1, 1, 0, 1, 1, 1, 1, 1, 1]
	1587062	1423745	1470283	17	M	144	A		-1	4315.20195158	[1, 1, 1, 1, 1, 1, 1, 1, 1, 1, 1, 1]
	1592860	1424043	1403141	17	M	146	A		-1	4316.95264567	[1, 1, 1, 1, 1, 1, 1, 1, 1, 1, 1, 1]
	1546226	1422319	1429422	17	M	155	A		-1	4318.26817854	[1, 1, 1, 1, 1, 1, 1, 1, 1, 1, 1, 1]
	1593732	1424043	1209235	17	M	181	A		-1	4318.68654494	[1, 1, 1, 1, 1, 1, 1, 1, 1, 1, 1, 1]
	1583846	1423327	1161527	17	M	181	A		-1	4319.08516959	[1, 1, 1, 1, 1, 1, 1, 1, 1, 1, 1, 1]
	1556961	1422756	1296301	17	M	0	A		-1	4320.04229114	[1, 1, 1, 1, 1, 1, 1, 1, 1, 1, 1, 1]
	1532548	1421651	1450871	17	M	26	A		-1	4320.12762863	[1, 1, 1, 1, 1, 1, 1, 1, 1, 1, 1, 1]
	1536477	1421697	1468114	17	M	184	A		-1	4321.09251232	[1, 1, 1, 1, 1, 1, 1, 1, 1, 1, 1, 1]
	1565849	1422931	1452248	17	M	49	A		-1	4322.85867661	[1, 1, 1, 1, 1, 1, 1, 1, 1, 1, 1, 1]
	1584246	1423327	1405958	17	M	19	A		-1	4326.07524807	[1, 1, 1, 1, 1, 1, 1, 1, 1, 1, 1, 1]
	1510461	1420614	1465118	17	M	196	A		-1	4326.30495354	[1, 1, 1, 1, 1, 1, 1, 1, 1, 1, 1, 1]
	1581215	1423327	1259857	17	M	191	A		-1	4326.4656492	[1, 1, 1, 1, 1, 1, 1, 1, 1, 1, 1, 1]
	1510114	1420614	1476669	17	M	56	A		-1	4327.76091444	[1, 1, 1, 1, 1, 1, 1, 1, 1, 1, 1, 1]
	1582025	1423327	1403577	17	M	108	A		-1	4328.39416679	[1, 1, 1, 1, 1, 1, 1, 1, 1, 1, 1, 1]
	1583618	1423327	1298648	17	M	154	A		-1	4329.08299805	[1, 1, 1, 1, 1, 1, 1, 1, 1, 1, 1, 1]
	1508612	1420490	1416845	17	M	81	A		-1	4329.5055879	[1, 1, 1, 1, 1, 1, 1, 1, 1, 1, 1, 1]
	1580619	1423327	1451437	17	M	156	A		-1	4329.56699899	[1, 1, 1, 1, 1, 1, 1, 1, 1, 1, 1, 1]
	1521843	1421186	1492376	17	M	194	A		-1	4329.6445376	[1, 1, 1, 1, 1, 1, 1, 1, 1, 1, 1, 1]
	1496805	1494494	1446532	17	M	110	A		-1	4329.96011448	[1, 1, 1, 1, 1, 1, 1, 1, 1, 1, 1, 1]
	1570168	1423120	1421579	17	M	30	A		-1	4330.11186298	[1, 1, 1, 1, 1, 1, 1, 1, 1, 1, 1, 1]
	1506953	1420490	1413792	17	M	126	A		-1	4330.85366159	[1, 1, 1, 1, 1, 1, 1, 1, 1, 1, 1, 1]
	1583674	1423327	1452286	17	M	155	A		-1	4330.92935413	[1, 1, 1, 1, 1, 1, 1, 1, 1, 1, 1, 1]
	1580092	1423327	1464055	17	M	198	A		-1	4331.71205504	[1, 1, 1, 1, 1, 1, 1, 1, 1, 1, 1, 1]
	1584247	1423327	1405493	17	M	60	A		-1	4332.15957227	[1, 1, 1, 1, 1, 1, 1, 1, 1, 1, 1, 1]
	1583653	1423327	1483055	17	M	4	A		-1	4333.31072154	[1, 1, 1, 1, 1, 1, 1, 1, 1, 1, 1, 1]
	1584550	1423327	1417831	17	M	28	A		-1	4333.50306431	[1, 1, 1, 1, 1, 1, 1, 1, 1, 1, 1, 1]
	1512933	1420614	1405123	17	M	190	A		-1	4335.67533893	[1, 1, 1, 1, 1, 1, 1, 1, 1, 1, 1, 1]
	1535921	1421697	1414737	17	M	118	A		-1	4335.78352751	[1, 1, 1, 1, 1, 1, 1, 1, 1, 1, 1, 1]
	1587545	1423745	1435277	17	M	9	A		-1	4335.83313503	[1, 1, 1, 1, 1, 1, 1, 1, 1, 1, 1, 1]
	1468731	1315167	1347637	16	M	103	A		-1	4335.88978448	[1, 1, 1, 1, 1, 1, 1, 1, 1, 1, 1, 1]
	1538514	1421697	1322786	17	M	195	A		-1	4337.79745177	[1, 1, 1, 1, 1, 1, 1, 1, 1, 1, 1, 1]
	1590211	1424043	1486594	17	M	130	A		-1	4337.84856448	[1, 1, 1, 1, 1, 1, 1, 1, 1, 1, 1, 1]
	1505772	1420490	1484350	17	M	5	A		-1	4337.88039644	[1, 1, 1, 1, 1, 1, 1, 1, 1, 1, 1, 1]
	1512792	1420614	1451972	17	M	199	A		-1	4338.3331762	[1, 1, 1, 1, 1, 1, 1, 1, 1, 1, 1, 1]
	1409250	1314148	1330722	16	M	191	A		-1	4338.64344769	[1, 1, 1, 1, 1, 1, 1, 1, 1, 1, 1, 1]
	1583262	1423327	1460398	17	M	84	A		-1	4338.96565806	[1, 1, 1, 1, 1, 1, 1, 1, 1, 1, 1, 1]
	1522633	1421186	1470241	17	M	15	A		-1	4341.11857275	[1, 1, 1, 1, 1, 1, 1, 1, 1, 1, 1, 1]
	1404082	1315668	1338616	16	M	115	A		-1	4341.3870513	[1, 1, 1, 1, 1, 1, 1, 1, 1, 1, 1, 1]
	1495260	1494494	1351775	17	M	86	A		-1	4343.50212096	[1, 1, 1, 1, 1, 1, 1, 1, 1, 1, 1, 1]
	1580182	1423327	1424102	17	M	16	A		-1	4343.65106253	[1, 1, 1, 1, 1, 1, 1, 1, 1, 1, 1, 1]
	1563519	1422845	1494001	17	M	4	A		-1	4343.75772561	[1, 1, 1, 1, 1, 1, 1, 1, 1, 1, 1, 1]
	1536251	1421697	1309764	17	M	112	A		-1	4344.15998634	[1, 1, 1, 1, 1, 1, 1, 1, 1, 1, 1, 1]
	1557998	1422756	1442358	17	M	136	A		-1	4344.54755125	[1, 1, 1, 1, 1, 1, 1, 1, 1, 1, 1, 1]
	1518606	1420829	1475792	17	M	155	A		-1	4346.46203031	[1, 1, 1, 1, 1, 1, 1, 1, 1, 1, 1, 1]
	1551089	1422450	1402140	17	M	43	A		-1	4346.76964112	[1, 1, 1, 1, 1, 1, 1, 1, 1, 1, 1, 1]
	1580868	1423327	1427523	17	M	7	A		-1	4347.15586368	[1, 1, 1, 1, 1, 1, 1, 1, 1, 1, 1, 1]
	1576333	1426459	1425449	17	M	200	A		-1	4347.30448196	[1, 1, 1, 1, 1, 1, 1, 1, 1, 1, 1, 1]
	1536294	1421697	1432499	17	M	38	A		-1	4348.24224995	[1, 1, 1, 1, 1, 1, 1, 1, 1, 1, 1, 1]
	1509814	1420614	1407924	17	M	50	A		-1	4349.49676624	[1, 1, 1, 1, 1, 1, 1, 1, 1, 1, 1, 1]
	1536392	1421697	1398252	17	M	169	A		-1	4349.99481205	[1, 1, 1, 1, 1, 1, 1, 1, 1, 1, 1, 1]
	1575968	1426459	1490052	17	M	158	A		-1	4350.01992667	[1, 1, 1, 1, 1, 1, 1, 1, 1, 1, 1, 1]
	1553982	1422450	1479610	17	M	181	A		-1	4350.08414194	[1, 1, 1, 1, 1, 1, 1, 1, 1, 1, 1, 1]
	1423327	1314408	1262123	16	M	100	A		-1	4350.17679214	[1, 1, 1, 1, 1, 1, 1, 1, 1, 1, 1, 1]
	1516920	1420829	1150919	17	M	101	A		-1	4351.10524932	[1, 1, 1, 1, 1, 1, 1, 1, 1, 1, 1, 1]
	1567203	1422931	1424216	17	M	189	A		-1	4351.47074216	[1, 1, 1, 1, 1, 1, 1, 1, 1, 1, 1, 1]
	1556057	1422756	1404985	17	M	62	A		-1	4351.99034306	[1, 1, 1, 1, 1, 1, 1, 1, 1, 1, 1, 1]
	1583013	1423327	1406072	17	M	17	A		-1	4352.32212689	[1, 1, 1, 1, 1, 0, 1, 1, 1, 1, 1, 1]
	1510245	1420614	1421713	17	M	56	A		-1	4352.54570862	[1, 1, 1, 1, 1, 0, 1, 1, 1, 1, 1, 1]
	1580673	1423327	1400285	17	M	78	A		-1	4353.79116332	[1, 1, 1, 1, 1, 1, 1, 1, 1, 1, 1, 1]
	1593362	1424043	1494222	17	M	5	A		-1	4354.40835852	[1, 1, 1, 1, 1, 1, 1, 1, 1, 1, 1, 1]
	1554212	1422450	1475736	17	M	84	A		-1	4355.89845141	[1, 1, 1, 1, 1, 1, 1, 1, 1, 1, 1, 1]
	1566725	1422931	1422353	17	M	151	A		-1	4356.32665555	[1, 1, 1, 1, 1, 1, 1, 1, 1, 1, 1, 1]
	1502492	1422992	1476440	17	M	174	A		-1	4356.56581958	[1, 1, 1, 1, 1, 1, 1, 1, 1, 1, 1, 1]
	1551871	1422450	1398773	17	M	81	A		-1	4356.98468694	[1, 1, 1, 1, 1, 1, 1, 1, 1, 1, 1, 1]
	1552298	1422450	1385361	17	M	36	A		-1	4357.08407142	[1, 1, 1, 1, 1, 1, 1, 1, 1, 1, 1, 1]
	1513808	1420614	1336420	17	M	12	A		-1	4357.33400386	[1, 1, 1, 1, 1, 1, 1, 1, 1, 1, 1, 1]
	1575402	1426459	1347708	17	M	59	A		-1	4360.30796533	[1, 1, 1, 1, 1, 1, 1, 1, 1, 1, 1, 1]
	1584549	1423327	1443141	17	M	130	A		-1	4360.85518242	[1, 1, 1, 1, 1, 1, 1, 1, 1, 1, 1, 1]
	1580099	1423327	1412940	17	M	127	A		-1	4361.5186591	[1, 1, 1, 1, 1, 0, 1, 1, 1, 1, 1, 1]
	1517455	1420829	1359557	17	M	66	A		-1	4363.02565746	[1, 1, 1, 1, 1, 1, 1, 1, 1, 1, 1, 1]
	1514346	1420614	1432095	17	M	18	A		-1	4363.53115523	[1, 1, 1, 1, 1, 1, 1, 1, 1, 1, 1, 1]
	1526293	1421216	1469082	17	M	187	A		-1	4364.20332639	[1, 1, 1, 1, 1, 1, 1, 1, 1, 1, 1, 1]
	1534520	1421651	1391697	17	M	48	A		-1	4364.73103241	[1, 1, 1, 1, 1, 0, 1, 1, 1, 1, 1, 1]
	1504255	1422992	1410006	17	M	92	A		-1	4365.98759911	[1, 1, 1, 1, 1, 1, 1, 1, 1, 1, 1, 1]
	1568708	1422931	1436093	17	M	13	A		-1	4366.86074193	[1, 1, 1, 1, 1, 1, 1, 1, 1, 1, 1, 1]
	1510642	1420614	1435239	17	M	172	A		-1	4367.32828058	[1, 1, 1, 1, 1, 1, 1, 1, 1, 1, 1, 1]
	1525505	1421216	1407399	17	M	194	A		-1	4367.96260458	[1, 1, 1, 1, 1, 1, 1, 1, 1, 1, 1, 1]
	1500835	1422992	1433565	17	M	147	A		-1	4370.44892885	[1, 1, 1, 1, 1, 1, 1, 1, 1, 1, 1, 1]
	1585386	1423745	1472202	17	M	29	A		-1	4373.58572805	[1, 1, 1, 1, 1, 1, 1, 1, 1, 1, 1, 1]
	1536460	1421697	1417662	17	M	28	A		-1	4373.78179495	[1, 1, 1, 1, 1, 1, 1, 1, 1, 1, 1, 1]
	1499083	1494494	1400575	17	M	148	A		-1	4373.84516085	[1, 1, 1, 1, 1, 1, 1, 1, 1, 1, 1, 1]
	1583099	1423327	1488048	17	M	188	A		-1	4375.40284681	[1, 1, 1, 1, 1, 1, 1, 1, 1, 1, 1, 1]
	1525587	1421216	1415055	17	M	61	A		-1	4375.7418529	[1, 1, 1, 1, 1, 0, 1, 1, 1, 1, 1, 1]
	1580025	1423327	1455326	17	M	123	A		-1	4377.04914634	[1, 1, 1, 1, 1, 1, 1, 1, 1, 1, 1, 1]
	1580320	1423327	1450392	17	M	136	A		-1	4377.45900243	[1, 1, 1, 1, 1, 1, 1, 1, 1, 1, 1, 1]
	1578826	1426459	1479797	17	M	176	A		-1	4379.69471541	[1, 1, 1, 1, 1, 1, 1, 1, 1, 1, 1, 1]
	1580210	1423327	1480075	17	M	167	A		-1	4380.12229271	[1, 1, 1, 1, 1, 1, 1, 1, 1, 1, 1, 1]
	1512681	1420614	1397487	17	M	162	A		-1	4385.02436796	[1, 1, 1, 1, 1, 1, 1, 1, 1, 1, 1, 1]
	1582189	1423327	1413323	17	M	191	A		-1	4385.76379662	[1, 1, 1, 1, 1, 1, 1, 1, 1, 1, 1, 1]
	1411408	1314233	1307349	16	M	5	A		-1	4387.53043892	[1, 1, 1, 1, 1, 0, 1, 1, 1, 1, 1, 1]
	1516614	1420829	1429262	17	M	56	A		-1	4389.73837789	[1, 1, 1, 1, 1, 1, 1, 1, 1, 1, 1, 1]
	1567991	1422931	1452644	17	M	31	A		-1	4391.27711723	[1, 1, 1, 1, 1, 1, 1, 1, 1, 1, 1, 1]
	1535973	1421697	1427247	17	M	86	A		-1	4395.58958037	[1, 1, 1, 1, 1, 1, 1, 1, 1, 1, 1, 1]
	1543410	1422249	1445019	17	M	43	A		-1	4396.67970145	[1, 1, 1, 1, 1, 1, 1, 1, 1, 1, 1, 1]
	1580446	1423327	1447641	17	M	197	A		-1	4396.93856447	[1, 1, 1, 1, 1, 1, 1, 1, 1, 1, 1, 1]
	1511768	1420614	1419139	17	M	64	A		-1	4396.95647126	[1, 1, 1, 1, 1, 1, 1, 1, 1, 1, 1, 1]
	1584144	1423327	1473168	17	M	192	A		-1	4398.14510646	[1, 1, 1, 1, 1, 1, 1, 1, 1, 1, 1, 1]
	1497613	1494494	1414965	17	M	11	A		-1	4398.52589843	[1, 1, 1, 1, 1, 0, 1, 1, 1, 1, 1, 1]
	1536092	1421697	1310938	17	M	128	A		-1	4399.00601053	[1, 1, 1, 1, 1, 1, 1, 1, 1, 1, 1, 1]
	1535275	1421697	1412408	17	M	99	A		-1	4403.58607139	[1, 1, 1, 1, 1, 0, 1, 1, 1, 1, 1, 1]
	1553083	1422450	1420534	17	M	74	A		-1	4405.98215584	[1, 1, 1, 1, 1, 1, 1, 1, 1, 1, 1, 1]
	1584299	1423327	1389078	17	M	22	A		-1	4406.21030482	[1, 1, 1, 1, 1, 1, 1, 1, 1, 1, 1, 1]
	1582227	1423327	1472213	17	M	70	A		-1	4406.90909591	[1, 1, 1, 1, 1, 1, 1, 1, 1, 1, 1, 1]
	1571728	1423120	1310536	17	M	59	A		-1	4407.30710729	[1, 1, 1, 1, 1, 1, 1, 1, 1, 1, 1, 1]
	1533953	1421651	1413338	17	M	126	A		-1	4408.98295635	[1, 1, 1, 1, 1, 0, 1, 1, 1, 1, 1, 1]
	1537972	1421697	1439690	17	M	122	A		-1	4409.64920549	[1, 1, 1, 1, 1, 1, 1, 1, 1, 1, 1, 1]
	1529550	1421216	1487225	17	M	146	A		-1	4410.00750911	[1, 1, 1, 1, 1, 1, 1, 1, 1, 1, 1, 1]
	1564702	1422845	1446511	17	M	117	A		-1	4411.54511423	[1, 1, 1, 1, 1, 1, 1, 1, 1, 1, 1, 1]
	1583835	1423327	1338768	17	M	78	A		-1	4414.76527144	[1, 1, 1, 1, 1, 1, 1, 1, 1, 1, 1, 1]
	1521307	1421186	1455930	17	M	10	A		-1	4415.32257578	[1, 1, 1, 1, 1, 1, 1, 1, 1, 1, 1, 1]
	1566914	1422931	1479932	17	M	27	A		-1	4417.37530704	[1, 1, 1, 1, 1, 1, 1, 1, 1, 1, 1, 1]
	1440996	1314525	1333052	16	M	96	A		-1	4417.84509932	[1, 1, 1, 1, 1, 1, 1, 1, 1, 1, 1, 1]
	1508272	1420490	1397237	17	M	144	A		-1	4419.18537952	[1, 1, 1, 1, 1, 1, 1, 1, 1, 1, 1, 1]
	1561632	1422845	1483981	17	M	152	A		-1	4419.97975544	[1, 1, 1, 1, 1, 1, 1, 1, 1, 1, 1, 1]
	1537145	1421697	1468567	17	M	190	A		-1	4420.53352442	[1, 1, 1, 1, 1, 1, 1, 1, 1, 1, 1, 1]
	1511985	1420614	1408810	17	M	23	A		-1	4421.24002714	[1, 1, 1, 1, 1, 1, 1, 1, 1, 1, 1, 1]
	1450965	1314965	1356481	16	M	147	A		-1	4422.49762704	[1, 1, 1, 1, 1, 1, 1, 1, 1, 1, 1, 1]
	1547872	1422319	1473455	17	M	20	A		-1	4424.6926257	[0, 1, 1, 1, 1, 1, 1, 1, 1, 1, 1, 1]
	1476161	1320660	1365312	16	M	131	A		-1	4427.04320061	[1, 1, 1, 1, 1, 1, 1, 1, 1, 1, 1, 1]
	1531204	1421651	1452776	17	M	164	A		-1	4429.97629041	[1, 1, 1, 1, 1, 0, 1, 1, 1, 1, 1, 1]
	1580442	1423327	1447192	17	M	56	A		-1	4433.54371989	[1, 1, 1, 1, 1, 1, 1, 1, 1, 1, 1, 1]
	1584644	1423327	1422649	17	M	184	A		-1	4434.62181934	[1, 1, 1, 1, 1, 1, 1, 1, 1, 1, 1, 1]
	1561745	1422845	1462610	17	M	72	A		-1	4434.94477213	[1, 1, 1, 1, 1, 1, 1, 1, 1, 1, 1, 1]
	1500834	1422992	1455037	17	M	70	A		-1	4436.53574827	[1, 1, 0, 1, 1, 1, 1, 1, 1, 1, 1, 1]
	1537108	1421697	1491180	17	M	61	A		-1	4436.77453006	[1, 1, 1, 1, 1, 1, 1, 1, 1, 1, 1, 1]
	1455398	1315005	1355751	16	M	12	A		-1	4438.47024356	[1, 1, 0, 1, 1, 1, 1, 1, 1, 1, 1, 1]
	1583436	1423327	1388333	17	M	137	A		-1	4439.66736355	[1, 1, 1, 1, 1, 1, 1, 1, 1, 1, 1, 1]
	1534164	1421651	1310858	17	M	47	A		-1	4440.46202841	[1, 1, 1, 1, 1, 1, 1, 1, 1, 1, 1, 1]
	1523295	1421186	1434126	17	M	130	A		-1	4441.29544008	[1, 1, 1, 1, 1, 1, 1, 1, 1, 1, 1, 1]
	1564719	1422845	1456905	17	M	68	A		-1	4447.02777289	[1, 1, 1, 1, 1, 1, 1, 1, 1, 1, 1, 1]
	1538221	1421697	1414757	17	M	118	A		-1	4449.3926876	[1, 1, 1, 1, 1, 1, 1, 1, 1, 1, 1, 1]
	1564184	1422845	1455228	17	M	177	A		-1	4451.41699019	[1, 1, 1, 1, 1, 1, 1, 1, 1, 1, 1, 1]
	1577835	1426459	1481907	17	M	64	A		-1	4454.6107163	[1, 1, 1, 1, 1, 1, 1, 1, 1, 1, 1, 1]
	1582325	1423327	1434495	17	M	90	A		-1	4460.50468575	[1, 1, 1, 1, 1, 1, 1, 1, 1, 1, 1, 1]
	1581996	1423327	1461499	17	M	51	A		-1	4462.58791017	[1, 1, 1, 1, 1, 1, 1, 1, 1, 1, 1, 1]
	1528155	1421216	1372839	17	M	9	A		-1	4463.63673052	[1, 1, 1, 1, 1, 1, 1, 1, 1, 1, 1, 1]
	1513258	1420614	1471702	17	M	87	A		-1	4465.26633984	[1, 1, 1, 1, 1, 1, 1, 1, 1, 1, 1, 1]
	1511686	1420614	1420863	17	M	88	A		-1	4466.1076972	[1, 1, 1, 1, 1, 1, 1, 1, 1, 1, 1, 1]
	1583093	1423327	1442329	17	M	142	A		-1	4468.05715208	[1, 1, 1, 1, 1, 1, 1, 1, 1, 1, 1, 1]
	1526238	1421216	1327848	17	M	22	A		-1	4468.10092157	[1, 1, 1, 1, 1, 1, 1, 1, 1, 1, 1, 1]
	1582612	1423327	1317789	17	M	195	A		-1	4473.19344934	[1, 1, 1, 1, 1, 1, 1, 1, 1, 1, 1, 1]
	1533598	1421651	1459254	17	M	183	A		-1	4475.13110636	[1, 1, 1, 1, 1, 0, 1, 1, 1, 1, 1, 1]
	1580292	1423327	1393709	17	M	167	A		-1	4477.84539285	[1, 1, 1, 1, 1, 1, 1, 1, 1, 1, 1, 1]
	1575850	1426459	1415627	17	M	159	A		-1	4480.80112462	[1, 1, 1, 1, 1, 0, 1, 1, 1, 1, 1, 1]
	1545929	1422319	1478032	17	M	193	A		-1	4483.6148505	[1, 1, 1, 1, 1, 1, 1, 1, 1, 1, 1, 1]
	1560061	1422845	1426244	17	M	42	A		-1	4485.27716595	[1, 1, 1, 1, 1, 0, 1, 1, 1, 1, 1, 1]
	1455052	1315005	1286052	16	M	81	A		-1	4486.68554514	[1, 1, 0, 1, 1, 1, 1, 1, 1, 1, 1, 1]
	1519930	1421186	1433401	17	M	183	A		-1	4489.89021753	[1, 1, 1, 1, 1, 1, 1, 1, 1, 1, 1, 1]
	1474785	1320660	1300317	16	M	84	A		-1	4492.66414204	[1, 1, 1, 1, 1, 1, 1, 1, 1, 1, 1, 1]
	1582369	1423327	1311142	17	M	118	A		-1	4494.79756862	[1, 1, 1, 1, 1, 1, 1, 1, 1, 1, 1, 1]
	1531870	1421651	1436317	17	M	107	A		-1	4502.7574404	[1, 1, 1, 1, 1, 1, 1, 1, 1, 1, 1, 1]
	1583058	1423327	1261300	17	M	33	A		-1	4504.2961375	[1, 1, 1, 1, 1, 1, 1, 1, 1, 1, 1, 1]
	1495738	1494494	1417867	17	M	31	A		-1	4506.96680953	[1, 1, 1, 1, 1, 0, 1, 1, 1, 1, 1, 1]
	1584110	1423327	1273602	17	M	121	A		-1	4518.02634228	[1, 1, 1, 1, 1, 1, 1, 1, 1, 1, 1, 1]
	1522749	1421186	1414678	17	M	105	A		-1	4527.73900936	[1, 1, 1, 1, 1, 0, 1, 1, 1, 1, 1, 1]
	1512936	1420614	1465199	17	M	86	A		-1	4534.93072641	[1, 1, 1, 1, 1, 1, 1, 1, 1, 1, 1, 1]
	1529244	1421216	1422967	17	M	170	A		-1	4539.31408307	[1, 1, 1, 1, 1, 1, 1, 1, 1, 1, 1, 1]
	1506668	1420490	1323476	17	M	173	A		-1	4553.18881967	[1, 1, 1, 1, 1, 1, 1, 1, 1, 1, 1, 1]
	1558101	1422756	1458000	17	M	172	A		-1	4556.30893838	[1, 1, 1, 1, 1, 1, 1, 1, 1, 1, 1, 1]
	1509260	1420490	1489761	17	M	4	A		-1	4563.55972524	[1, 1, 1, 1, 1, 1, 1, 1, 1, 1, 1, 1]
	1539473	1421697	1330072	17	M	45	A		-1	4575.56366397	[1, 1, 1, 1, 1, 1, 1, 1, 1, 1, 1, 1]
	1519410	1420829	1415969	17	M	108	A		-1	4611.6329815	[1, 1, 1, 1, 1, 1, 1, 1, 1, 1, 1, 1]
	1582808	1423327	1399803	17	M	130	A		-1	4664.84980281	[1, 1, 1, 1, 1, 1, 1, 1, 1, 1, 1, 1]
	1583650	1423327	1448973	17	M	113	A		-1	4671.79019466	[1, 1, 1, 1, 1, 1, 1, 1, 1, 1, 1, 1]
