animal	sire	dam	born	sex	herd	status	cause	died	TBV	recessives
	1104495	1019782	1039058	13	M	136	A		-1	3399.54853483	[1, 1, 1, 1, 1, 1, 1, 1, 1, 1, 1, 1]
	1190578	1022658	983969	13	M	181	A		-1	3399.56492661	[1, 1, 1, 1, 1, 1, 1, 1, 1, 1, 1, 1]
	1159440	1020657	1034080	13	M	30	A		-1	3399.81580853	[1, 1, 1, 1, 1, 1, 1, 1, 1, 1, 1, 1]
	1161247	1021335	1069951	13	M	41	A		-1	3400.06790662	[1, 1, 1, 1, 1, 1, 1, 1, 1, 1, 1, 1]
	1117441	1019939	1024509	13	M	156	A		-1	3400.16225468	[1, 1, 1, 1, 1, 1, 1, 1, 1, 1, 1, 1]
	1134120	1020099	983014	13	M	57	A		-1	3400.20870061	[1, 1, 1, 1, 1, 1, 1, 1, 1, 1, 1, 1]
	1193120	1022658	1080383	13	M	175	A		-1	3400.30306663	[1, 1, 1, 1, 1, 1, 1, 1, 1, 1, 1, 1]
	1136040	1020130	1043042	13	M	8	A		-1	3400.36895489	[1, 1, 1, 1, 1, 1, 1, 1, 1, 1, 1, 1]
	1140778	1020211	1088208	13	M	44	A		-1	3400.45181886	[1, 1, 1, 1, 1, 1, 1, 1, 1, 1, 1, 1]
	1006809	920020	967973	12	M	20	A		-1	3400.88072859	[1, 1, 1, 1, 1, 1, 1, 1, 1, 1, 1, 1]
	1097542	1093488	1012180	13	M	114	A		-1	3400.89063228	[1, 1, 1, 1, 1, 1, 1, 1, 1, 1, 1, 1]
	1165332	1021479	921141	13	M	176	A		-1	3400.90350608	[1, 1, 1, 1, 1, 1, 1, 1, 1, 1, 1, 1]
	1179518	1022104	1028160	13	M	106	A		-1	3400.90993773	[1, 1, 1, 1, 1, 1, 1, 1, 1, 1, 1, 1]
	1181868	1022104	1027748	13	M	173	A		-1	3401.40940329	[1, 1, 1, 1, 1, 1, 1, 1, 1, 1, 1, 1]
	1190886	1022658	963090	13	M	181	A		-1	3401.52051541	[1, 1, 1, 1, 1, 1, 1, 1, 1, 1, 1, 1]
	1144671	1020349	992385	13	M	8	A		-1	3401.80790926	[1, 1, 1, 1, 1, 1, 1, 1, 1, 1, 1, 1]
	1153298	1020456	921358	13	M	156	A		-1	3402.34018031	[1, 1, 1, 1, 1, 1, 1, 1, 1, 1, 1, 1]
	1173713	1022081	1025432	13	M	188	A		-1	3402.72284795	[1, 1, 1, 1, 1, 1, 1, 1, 1, 1, 1, 1]
	1154209	1020456	1011895	13	M	191	A		-1	3402.95327939	[1, 1, 1, 1, 1, 1, 1, 1, 1, 1, 1, 1]
	1155880	1020657	1009141	13	M	70	A		-1	3403.02426048	[1, 1, 1, 1, 1, 1, 1, 1, 1, 1, 1, 1]
	1114477	1019939	1015335	13	M	6	A		-1	3403.10161448	[1, 1, 1, 1, 1, 1, 1, 1, 1, 1, 1, 1]
	1167473	1021479	1047523	13	M	124	A		-1	3403.10895716	[1, 1, 1, 1, 1, 1, 1, 1, 1, 1, 1, 1]
	1137427	1020130	1052928	13	M	82	A		-1	3403.10941545	[1, 1, 1, 1, 1, 1, 1, 1, 1, 1, 1, 1]
	1157184	1020657	1009789	13	M	14	A		-1	3403.21178629	[1, 1, 1, 1, 1, 1, 1, 1, 1, 1, 1, 1]
	1175994	1024053	1056643	13	M	83	A		-1	3403.2869539	[1, 1, 1, 1, 1, 1, 1, 1, 1, 1, 1, 1]
	1145788	1020349	981098	13	M	156	A		-1	3403.68355301	[1, 1, 1, 1, 1, 1, 1, 1, 1, 1, 1, 1]
	1132880	1020099	1059644	13	M	167	A		-1	3403.75177343	[1, 1, 1, 1, 1, 1, 1, 1, 1, 1, 1, 1]
	1102301	1022017	1061703	13	M	21	A		-1	3403.86069616	[1, 1, 1, 1, 1, 1, 1, 1, 1, 1, 1, 1]
	1103309	1022017	1073604	13	M	91	A		-1	3403.90449715	[1, 1, 1, 1, 1, 1, 1, 1, 1, 1, 1, 1]
	1107630	1019782	1007155	13	M	1	A		-1	3404.17751193	[1, 1, 1, 1, 1, 1, 1, 1, 1, 1, 1, 1]
	1169096	1021479	1014471	13	M	128	A		-1	3404.23622617	[1, 1, 1, 1, 1, 1, 1, 1, 1, 1, 1, 1]
	1181480	1022104	1012803	13	M	61	A		-1	3404.29478405	[1, 1, 1, 1, 1, 1, 1, 1, 1, 1, 1, 1]
	1178384	1024053	1062443	13	M	10	A		-1	3404.61556022	[1, 1, 1, 1, 1, 1, 1, 1, 1, 1, 1, 1]
	1117326	1019939	1066425	13	M	36	A		-1	3404.74778451	[1, 1, 1, 1, 1, 1, 1, 1, 1, 1, 1, 1]
	1139806	1020211	1046723	13	M	86	A		-1	3404.77339184	[1, 1, 1, 1, 1, 1, 1, 1, 1, 1, 1, 1]
	1022658	920495	987905	12	M	103	A		-1	3404.77355806	[1, 1, 1, 1, 1, 1, 1, 1, 1, 1, 1, 1]
	1119535	1020021	1003116	13	M	97	A		-1	3405.4095455	[1, 1, 1, 1, 1, 1, 1, 1, 1, 1, 1, 1]
	1119854	1020021	1051167	13	M	118	A		-1	3405.54171133	[1, 1, 1, 1, 1, 1, 1, 1, 1, 1, 1, 1]
	1165315	1021479	1073081	13	M	43	A		-1	3405.56655793	[1, 1, 1, 1, 1, 1, 1, 1, 1, 1, 1, 1]
	1130215	1020099	1026698	13	M	123	A		-1	3405.95720417	[1, 1, 1, 1, 1, 1, 1, 1, 1, 1, 1, 1]
	1189743	1022658	1044401	13	M	188	A		-1	3406.06276074	[1, 1, 1, 1, 1, 1, 1, 1, 1, 1, 1, 1]
	1153158	1020456	1082670	13	M	3	A		-1	3406.29260083	[1, 1, 1, 1, 1, 1, 1, 1, 1, 1, 1, 1]
	1115496	1019939	1042556	13	M	172	A		-1	3406.86987283	[1, 1, 1, 1, 1, 1, 1, 1, 1, 1, 1, 1]
	1129919	1020099	1013623	13	M	170	A		-1	3407.28179371	[1, 1, 1, 1, 1, 1, 1, 1, 1, 1, 1, 1]
	1187178	1022582	896458	13	M	142	A		-1	3407.32565498	[1, 1, 1, 1, 1, 1, 1, 1, 1, 1, 1, 1]
	1190981	1022658	852823	13	M	35	A		-1	3407.45902666	[1, 1, 1, 1, 1, 1, 1, 1, 1, 1, 1, 1]
	1152439	1020456	952740	13	M	164	A		-1	3407.74363154	[1, 1, 1, 1, 1, 1, 1, 1, 1, 1, 1, 1]
	1151267	1020456	975976	13	M	42	A		-1	3407.94014666	[1, 1, 1, 1, 1, 1, 1, 1, 1, 1, 1, 1]
	1143265	1020211	1074113	13	M	79	A		-1	3408.22440001	[1, 1, 1, 1, 1, 1, 1, 1, 1, 1, 1, 1]
	1100188	1022017	1023227	13	M	172	A		-1	3408.45660055	[1, 1, 1, 1, 1, 1, 1, 1, 1, 1, 1, 1]
	1149165	1020349	920000	13	M	175	A		-1	3408.49168976	[1, 1, 1, 1, 1, 1, 1, 1, 1, 1, 1, 1]
	1160545	1021335	1064418	13	M	63	A		-1	3408.80458351	[1, 1, 1, 1, 1, 1, 1, 1, 1, 1, 1, 1]
	1157640	1020657	1031597	13	M	177	A		-1	3408.8682672	[1, 1, 1, 1, 1, 1, 1, 1, 1, 1, 1, 1]
	1177943	1024053	855349	13	M	107	A		-1	3408.98695435	[1, 1, 1, 1, 1, 1, 1, 1, 1, 1, 1, 0]
	1167440	1021479	1052372	13	M	111	A		-1	3409.16010036	[1, 1, 1, 1, 1, 1, 1, 1, 1, 1, 1, 1]
	1146366	1020349	1057562	13	M	179	A		-1	3409.40227098	[1, 1, 1, 1, 1, 1, 1, 1, 1, 1, 1, 1]
	1119476	1020021	1047328	13	M	61	A		-1	3409.70158578	[1, 1, 1, 1, 1, 1, 1, 1, 1, 1, 1, 1]
	1191376	1022658	1016919	13	M	188	A		-1	3410.19672714	[1, 1, 1, 1, 1, 1, 1, 1, 1, 1, 1, 1]
	1172420	1022081	1011180	13	M	171	A		-1	3410.22469027	[1, 1, 1, 1, 1, 1, 1, 1, 1, 1, 1, 1]
	1133430	1020099	963082	13	M	164	A		-1	3410.53957455	[1, 1, 1, 1, 1, 1, 1, 1, 1, 1, 1, 1]
	1164081	1021335	1056762	13	M	155	A		-1	3410.71774618	[1, 1, 1, 1, 1, 1, 1, 1, 1, 1, 1, 1]
	1193860	1022658	1014705	13	M	168	A		-1	3410.77388344	[1, 1, 1, 1, 1, 1, 1, 1, 1, 1, 1, 1]
	1077090	926617	853416	12	M	178	A		-1	3411.12001096	[1, 1, 1, 1, 1, 1, 1, 1, 1, 1, 1, 1]
	1187131	1022582	1077993	13	M	165	A		-1	3411.18089931	[1, 1, 1, 1, 1, 1, 1, 1, 1, 1, 1, 1]
	1023176	920495	930766	12	M	118	A		-1	3411.32217637	[1, 1, 1, 1, 1, 1, 1, 1, 1, 1, 1, 1]
	1174257	1022081	1041900	13	M	172	A		-1	3411.60074722	[1, 1, 1, 1, 1, 1, 1, 1, 1, 1, 1, 1]
	1135524	1020130	1008006	13	M	31	A		-1	3411.64297969	[1, 1, 1, 1, 1, 1, 1, 1, 1, 1, 1, 1]
	1176309	1024053	1067738	13	M	178	A		-1	3411.71990471	[1, 1, 1, 1, 1, 1, 1, 1, 1, 1, 1, 1]
	1152631	1020456	1073087	13	M	32	A		-1	3411.96544322	[1, 1, 1, 1, 1, 1, 1, 1, 1, 1, 1, 1]
	1144936	1020349	1007641	13	M	154	A		-1	3412.44205034	[1, 1, 1, 1, 1, 1, 1, 1, 1, 1, 1, 1]
	1043240	920893	822172	12	M	50	A		-1	3412.45930939	[1, 1, 1, 1, 1, 1, 1, 1, 1, 1, 1, 1]
	1169730	1022081	935970	13	M	52	A		-1	3412.73246062	[1, 1, 1, 1, 1, 1, 1, 1, 1, 1, 1, 1]
	1095857	1093488	1041484	13	M	127	A		-1	3412.7368397	[1, 1, 1, 1, 1, 1, 1, 1, 1, 1, 1, 1]
	1007659	920020	937221	12	M	186	A		-1	3412.79865358	[1, 1, 1, 1, 1, 1, 1, 1, 1, 1, 1, 1]
	996417	994345	963024	12	M	166	A		-1	3412.97519476	[1, 1, 1, 1, 1, 1, 1, 1, 1, 1, 1, 1]
	1174059	1022081	1050724	13	M	176	A		-1	3413.14840488	[1, 1, 1, 1, 1, 1, 1, 1, 1, 1, 1, 1]
	1054487	921347	960493	12	M	45	A		-1	3413.24734282	[1, 1, 1, 1, 1, 1, 1, 1, 1, 1, 1, 1]
	1160443	1021335	1084406	13	M	154	A		-1	3413.28204621	[1, 1, 1, 1, 1, 1, 1, 1, 1, 1, 1, 1]
	1164489	1021479	1003217	13	M	31	A		-1	3413.30137372	[1, 1, 1, 1, 1, 1, 1, 1, 1, 1, 1, 1]
	1141678	1020211	1089067	13	M	184	A		-1	3413.37849143	[1, 1, 1, 1, 1, 1, 1, 1, 1, 1, 1, 1]
	1130606	1020099	999388	13	M	30	A		-1	3413.43425898	[1, 1, 1, 1, 1, 1, 1, 1, 1, 1, 1, 1]
	1135336	1020130	964893	13	M	27	A		-1	3413.8758255	[1, 1, 1, 1, 1, 1, 1, 1, 1, 1, 1, 1]
	1068715	921769	980925	12	M	39	A		-1	3413.92991613	[1, 1, 1, 1, 1, 1, 1, 1, 1, 1, 1, 1]
	1114887	1019939	996424	13	M	77	A		-1	3414.57483163	[1, 1, 1, 1, 1, 1, 1, 1, 1, 1, 1, 1]
	1144959	1020349	1010285	13	M	104	A		-1	3414.79707339	[1, 1, 1, 1, 1, 1, 1, 1, 1, 1, 1, 1]
	1006100	920020	871643	12	M	1	A		-1	3415.21407103	[1, 1, 1, 1, 1, 1, 1, 1, 1, 1, 1, 1]
	1170043	1022081	1060399	13	M	62	A		-1	3415.73463072	[1, 1, 1, 1, 1, 1, 1, 1, 1, 1, 1, 1]
	1191754	1022658	1065363	13	M	17	A		-1	3415.74389524	[1, 1, 1, 1, 1, 1, 1, 1, 1, 1, 1, 1]
	1119139	1019939	1005486	13	M	50	A		-1	3415.78302839	[1, 1, 1, 1, 1, 1, 1, 1, 1, 1, 1, 1]
	1152457	1020456	1055046	13	M	18	A		-1	3416.01256994	[1, 1, 1, 1, 1, 1, 1, 1, 1, 1, 1, 1]
	1126225	1020096	1081015	13	M	74	A		-1	3416.56833236	[1, 1, 1, 1, 1, 1, 1, 1, 1, 1, 1, 1]
	1148135	1020349	1078020	13	M	178	A		-1	3417.10090486	[1, 1, 1, 1, 1, 1, 1, 1, 1, 1, 1, 1]
	1181724	1022104	1000310	13	M	108	A		-1	3417.14733956	[1, 1, 1, 1, 1, 1, 1, 1, 1, 1, 1, 1]
	968728	825242	807799	11	M	31	A		-1	3417.25935996	[1, 1, 1, 1, 1, 1, 1, 1, 1, 1, 1, 1]
	1155336	1020657	922781	13	M	198	A		-1	3417.49082531	[1, 1, 1, 1, 1, 1, 1, 1, 1, 1, 1, 1]
	1144487	1020349	1078877	13	M	86	A		-1	3417.68740921	[1, 1, 1, 1, 1, 1, 1, 1, 1, 1, 1, 1]
	1005242	920020	918144	12	M	74	A		-1	3417.89506661	[1, 1, 1, 1, 1, 1, 1, 1, 1, 1, 1, 1]
	1181580	1022104	949834	13	M	47	A		-1	3418.14398631	[1, 1, 1, 1, 1, 1, 1, 1, 1, 1, 1, 1]
	1119278	1019939	1047124	13	M	179	A		-1	3418.23289963	[1, 1, 1, 1, 1, 1, 1, 1, 1, 1, 1, 1]
	1135395	1020130	944964	13	M	90	A		-1	3418.30376931	[1, 1, 1, 1, 1, 1, 1, 1, 1, 1, 1, 1]
	1191294	1022658	1005666	13	M	133	A		-1	3418.51553701	[1, 1, 1, 1, 1, 1, 1, 1, 1, 1, 1, 1]
	1135179	1020130	1020688	13	M	37	A		-1	3418.59836477	[1, 1, 1, 1, 1, 1, 1, 1, 1, 1, 1, 1]
	1144847	1020349	951971	13	M	37	A		-1	3418.65173643	[1, 1, 1, 1, 1, 1, 1, 1, 1, 1, 1, 1]
	1115965	1019939	1062552	13	M	111	A		-1	3418.70189814	[1, 1, 1, 1, 1, 1, 1, 1, 1, 1, 1, 1]
	1146532	1020349	1039845	13	M	160	A		-1	3418.70354277	[1, 1, 1, 1, 1, 1, 1, 1, 1, 1, 1, 1]
	1112464	1019888	1086760	13	M	129	A		-1	3418.79025572	[1, 1, 1, 1, 1, 1, 1, 1, 1, 1, 1, 1]
	1018230	920385	971713	12	M	90	A		-1	3418.88018482	[1, 1, 1, 1, 1, 1, 1, 1, 1, 1, 1, 1]
	1184570	1022582	1008734	13	M	151	A		-1	3419.04136215	[1, 1, 1, 1, 1, 1, 1, 1, 1, 1, 1, 1]
	1143788	1020211	1034720	13	M	24	A		-1	3419.22513485	[1, 1, 1, 1, 1, 1, 1, 1, 1, 1, 1, 1]
	1130182	1020099	887250	13	M	181	A		-1	3419.43521486	[1, 1, 1, 1, 1, 1, 1, 1, 1, 1, 1, 1]
	1180933	1022104	1030673	13	M	11	A		-1	3419.63829428	[1, 1, 1, 1, 1, 1, 1, 1, 1, 1, 1, 1]
	1154379	1020456	1020611	13	M	73	A		-1	3419.89837997	[1, 1, 1, 1, 1, 1, 1, 1, 1, 1, 1, 1]
	1121460	1020021	1028034	13	M	11	A		-1	3420.70148592	[1, 1, 1, 1, 1, 1, 1, 1, 1, 1, 1, 1]
	1144005	1020211	919582	13	M	194	A		-1	3420.87785169	[1, 1, 1, 1, 1, 1, 1, 1, 1, 1, 1, 1]
	1135770	1020130	1059743	13	M	168	A		-1	3420.90932067	[1, 1, 1, 1, 1, 1, 1, 1, 1, 1, 1, 1]
	1129965	1020099	1054043	13	M	196	A		-1	3421.09585147	[1, 1, 1, 1, 1, 1, 1, 1, 1, 1, 1, 1]
	1153326	1020456	1056038	13	M	98	A		-1	3421.11541078	[1, 1, 1, 1, 1, 1, 1, 1, 1, 1, 1, 1]
	1115101	1019939	1081058	13	M	14	A		-1	3421.13648377	[1, 1, 1, 1, 1, 1, 1, 1, 1, 1, 1, 1]
	1180127	1022104	939199	13	M	137	A		-1	3421.31570574	[1, 1, 1, 1, 1, 1, 1, 1, 1, 1, 1, 1]
	1183005	1022104	1078749	13	M	180	A		-1	3421.96902332	[1, 1, 1, 1, 1, 1, 1, 1, 1, 1, 1, 1]
	1125289	1020096	1088326	13	M	127	A		-1	3422.0262122	[1, 1, 1, 1, 1, 1, 1, 1, 1, 1, 1, 1]
	1169140	1021479	1007940	13	M	40	A		-1	3422.12962626	[1, 1, 1, 1, 1, 1, 1, 1, 1, 1, 1, 1]
	1094806	1093488	1080888	13	M	19	A		-1	3422.17648145	[1, 1, 1, 1, 1, 1, 1, 1, 1, 1, 1, 1]
	1147622	1020349	1061986	13	M	53	A		-1	3422.54051965	[1, 1, 1, 1, 1, 1, 1, 1, 1, 1, 1, 1]
	1108766	1019782	895251	13	M	107	A		-1	3422.64968894	[1, 1, 1, 1, 1, 1, 1, 1, 1, 1, 1, 1]
	1064277	921350	952223	12	M	23	A		-1	3423.09999405	[1, 1, 1, 1, 1, 1, 1, 1, 1, 1, 1, 1]
	1144736	1020349	968173	13	M	163	A		-1	3423.22447696	[1, 1, 1, 1, 1, 1, 1, 1, 1, 1, 1, 1]
	1152212	1020456	1052622	13	M	61	A		-1	3423.61357868	[1, 1, 1, 1, 1, 1, 1, 1, 1, 1, 1, 1]
	1167140	1021479	1031223	13	M	106	A		-1	3423.6139719	[1, 1, 1, 1, 1, 1, 1, 1, 1, 1, 1, 1]
	1108356	1019782	1013304	13	M	58	A		-1	3423.72196072	[1, 1, 1, 1, 1, 1, 1, 1, 1, 1, 1, 1]
	1165077	1021479	1036939	13	M	125	A		-1	3423.96801733	[1, 1, 1, 1, 1, 1, 1, 1, 1, 1, 1, 1]
	1156931	1020657	996387	13	M	139	A		-1	3424.4742683	[1, 1, 1, 1, 1, 1, 1, 1, 1, 1, 1, 1]
	1119337	1019939	1023258	13	M	95	A		-1	3424.54032157	[1, 1, 1, 1, 1, 1, 1, 1, 1, 1, 1, 1]
	1170963	1022081	963844	13	M	54	A		-1	3424.56918896	[1, 1, 1, 1, 1, 1, 1, 1, 1, 1, 1, 1]
	1169522	1022081	998222	13	M	121	A		-1	3424.57518589	[1, 1, 1, 1, 1, 1, 1, 1, 1, 1, 1, 1]
	1079046	926617	949676	12	M	62	A		-1	3424.68948637	[1, 1, 1, 1, 1, 1, 1, 1, 1, 1, 1, 1]
	1189889	1022658	814030	13	M	85	A		-1	3425.00294685	[1, 1, 1, 1, 1, 1, 1, 1, 1, 1, 1, 1]
	1160754	1021335	1018202	13	M	71	A		-1	3425.26431874	[1, 1, 1, 1, 1, 1, 1, 1, 1, 1, 1, 1]
	1098877	1093488	1000710	13	M	89	A		-1	3425.35481156	[1, 1, 1, 1, 1, 1, 1, 1, 1, 1, 1, 0]
	1169958	1022081	1051262	13	M	76	A		-1	3425.41228784	[1, 1, 1, 1, 1, 1, 1, 1, 1, 1, 1, 1]
	1019516	920495	900002	12	M	44	A		-1	3425.5384547	[1, 1, 1, 1, 1, 1, 1, 1, 1, 1, 1, 1]
	1107638	1019782	1038052	13	M	120	A		-1	3425.62251079	[1, 1, 1, 1, 1, 1, 1, 1, 1, 1, 1, 1]
	1115585	1019939	807642	13	M	126	A		-1	3425.77414505	[1, 1, 1, 1, 1, 1, 1, 1, 1, 1, 1, 1]
	1189586	1022658	965605	13	M	43	A		-1	3425.9720577	[1, 1, 1, 1, 1, 1, 1, 1, 1, 1, 1, 1]
	1134576	1020130	1037973	13	M	197	A		-1	3426.50292084	[1, 1, 1, 1, 1, 1, 1, 1, 1, 1, 1, 1]
	1033424	920759	903964	12	M	84	A		-1	3426.7040158	[1, 1, 1, 1, 1, 1, 1, 1, 1, 1, 1, 1]
	1124754	1020096	1083808	13	M	105	A		-1	3426.90961673	[1, 1, 1, 1, 1, 1, 1, 1, 1, 1, 1, 1]
	1007388	920020	899703	12	M	82	A		-1	3426.92210622	[1, 1, 1, 1, 1, 1, 1, 1, 1, 1, 1, 1]
	1164572	1021479	1067929	13	M	151	A		-1	3427.19799709	[1, 1, 1, 1, 1, 1, 1, 1, 1, 1, 1, 1]
	1149789	1020456	1021012	13	M	86	A		-1	3427.35642662	[1, 1, 1, 1, 1, 1, 1, 1, 1, 1, 1, 1]
	1025969	920503	992892	12	M	122	A		-1	3427.38918412	[1, 1, 1, 1, 1, 1, 1, 1, 1, 1, 1, 1]
	1117213	1019939	1015328	13	M	130	A		-1	3427.41733316	[1, 1, 1, 1, 1, 1, 1, 1, 1, 1, 1, 1]
	1188117	1022582	1033271	13	M	98	A		-1	3427.43479498	[1, 1, 1, 1, 1, 1, 1, 1, 1, 1, 1, 1]
	1152975	1020456	901042	13	M	26	A		-1	3427.54001408	[1, 1, 1, 1, 1, 1, 1, 1, 1, 1, 1, 1]
	1099993	1022017	1069898	13	M	94	A		-1	3427.69965421	[1, 1, 1, 1, 1, 1, 1, 1, 1, 1, 1, 1]
	1122442	1020021	1055451	13	M	0	A		-1	3428.01364049	[1, 1, 1, 1, 1, 1, 1, 1, 1, 1, 1, 1]
	1139221	1020130	899400	13	M	127	A		-1	3428.09355967	[1, 1, 1, 1, 1, 1, 1, 1, 1, 1, 1, 1]
	1165029	1021479	978378	13	M	24	A		-1	3428.42274801	[1, 1, 1, 1, 1, 1, 1, 1, 1, 1, 1, 1]
	1116250	1019939	993166	13	M	185	A		-1	3428.52240521	[1, 1, 1, 1, 1, 1, 1, 1, 1, 1, 1, 1]
	1187086	1022582	1011516	13	M	125	A		-1	3428.57544288	[1, 1, 1, 1, 1, 1, 1, 1, 1, 1, 1, 1]
	1101514	1022017	1032360	13	M	15	A		-1	3428.6404028	[1, 1, 1, 1, 1, 1, 1, 1, 1, 1, 1, 1]
	1192752	1022658	911269	13	M	86	A		-1	3428.64409874	[1, 1, 1, 1, 1, 1, 1, 1, 1, 1, 1, 1]
	1171760	1022081	1022482	13	M	57	A		-1	3428.95892963	[1, 1, 1, 1, 1, 1, 1, 1, 1, 1, 1, 1]
	1157192	1020657	1026674	13	M	171	A		-1	3429.1695433	[1, 1, 1, 1, 1, 1, 1, 1, 1, 1, 1, 1]
	1104598	1019782	1058789	13	M	68	A		-1	3429.32061323	[1, 1, 1, 1, 1, 1, 1, 1, 1, 1, 1, 1]
	1194094	1022658	1040864	13	M	69	A		-1	3429.32325598	[1, 1, 1, 1, 1, 1, 1, 1, 1, 1, 1, 1]
	1117650	1019939	1019383	13	M	146	A		-1	3429.44884922	[1, 1, 0, 1, 1, 1, 1, 1, 1, 1, 1, 1]
	1119105	1019939	1078153	13	M	76	A		-1	3430.55026798	[1, 1, 1, 1, 1, 1, 1, 1, 1, 1, 1, 1]
	1118354	1019939	1081814	13	M	151	A		-1	3430.58118319	[1, 1, 1, 1, 1, 1, 1, 1, 1, 1, 1, 1]
	1006263	920020	954786	12	M	26	A		-1	3432.08584103	[1, 1, 1, 1, 1, 1, 1, 1, 1, 1, 1, 1]
	1116965	1019939	1033292	13	M	0	A		-1	3432.16480303	[1, 1, 1, 1, 1, 1, 1, 1, 1, 1, 1, 1]
	1137952	1020130	1013955	13	M	179	A		-1	3432.70365086	[1, 1, 1, 1, 1, 1, 1, 1, 1, 1, 1, 1]
	1189666	1022658	1066332	13	M	42	A		-1	3432.77192252	[1, 1, 1, 1, 1, 1, 1, 1, 1, 1, 1, 1]
	1140344	1020211	1029700	13	M	46	A		-1	3432.87319653	[1, 1, 1, 1, 1, 1, 1, 1, 1, 1, 1, 1]
	1019939	920495	934905	12	M	78	A		-1	3433.65059385	[1, 1, 1, 1, 1, 1, 1, 1, 1, 1, 1, 1]
	1150510	1020456	1073891	13	M	101	A		-1	3433.66504682	[1, 1, 1, 1, 1, 1, 1, 1, 1, 1, 1, 1]
	1146313	1020349	1008542	13	M	97	A		-1	3433.75919398	[1, 1, 1, 1, 1, 1, 1, 1, 1, 1, 1, 1]
	1192504	1022658	1045840	13	M	5	A		-1	3434.18985408	[1, 1, 1, 1, 1, 1, 1, 1, 1, 1, 1, 1]
	1191224	1022658	930618	13	M	52	A		-1	3434.47127808	[1, 1, 1, 1, 1, 1, 1, 1, 1, 1, 1, 1]
	1194428	1022658	1040832	13	M	67	A		-1	3435.05401118	[1, 1, 1, 1, 1, 1, 1, 1, 1, 1, 1, 1]
	1110554	1019888	1028905	13	M	53	A		-1	3435.21088228	[1, 1, 1, 1, 1, 1, 1, 1, 1, 1, 1, 1]
	1115229	1019939	850141	13	M	170	A		-1	3436.0626051	[1, 1, 1, 1, 1, 1, 1, 1, 1, 1, 1, 0]
	1117254	1019939	1005204	13	M	190	A		-1	3436.20581997	[1, 1, 1, 1, 1, 1, 1, 1, 1, 1, 1, 1]
	1193307	1022658	927043	13	M	10	A		-1	3436.37034503	[1, 1, 1, 1, 1, 1, 1, 1, 1, 1, 1, 1]
	1193001	1022658	1005306	13	M	31	A		-1	3436.38784866	[1, 1, 1, 1, 1, 1, 1, 1, 1, 1, 1, 1]
	1103159	1022017	1023360	13	M	61	A		-1	3436.50627904	[1, 1, 1, 1, 1, 1, 1, 1, 1, 1, 1, 1]
	1178928	1024053	1088924	13	M	11	A		-1	3437.12541844	[1, 1, 1, 1, 1, 1, 1, 1, 1, 1, 1, 1]
	1151799	1020456	1019676	13	M	92	A		-1	3437.41393585	[1, 1, 1, 1, 1, 1, 1, 1, 1, 1, 1, 1]
	1125557	1020096	1057603	13	M	76	A		-1	3437.49761102	[1, 1, 1, 1, 1, 1, 1, 1, 1, 1, 1, 1]
	1111851	1019888	1032567	13	M	80	A		-1	3439.6752534	[1, 1, 1, 1, 1, 1, 1, 1, 1, 1, 1, 1]
	1117121	1019939	1072198	13	M	52	A		-1	3439.68699019	[1, 1, 1, 1, 1, 1, 1, 1, 1, 1, 1, 1]
	1145632	1020349	1019401	13	M	117	A		-1	3439.68719615	[1, 1, 1, 1, 1, 1, 1, 1, 1, 1, 1, 1]
	1118145	1019939	1047902	13	M	135	A		-1	3439.99704186	[1, 1, 1, 1, 1, 1, 1, 1, 1, 1, 1, 1]
	1169631	1022081	1076053	13	M	114	A		-1	3440.35424547	[1, 1, 1, 1, 1, 1, 1, 1, 1, 1, 1, 1]
	1150879	1020456	1058362	13	M	78	A		-1	3441.42608904	[1, 1, 1, 1, 1, 1, 1, 1, 1, 1, 1, 1]
	1122074	1020021	1056181	13	M	155	A		-1	3441.58666426	[1, 1, 1, 1, 1, 1, 1, 1, 1, 1, 1, 1]
	1077507	926617	848822	12	M	139	A		-1	3441.74587671	[1, 1, 1, 1, 1, 1, 1, 1, 1, 1, 1, 1]
	1190918	1022658	1045358	13	M	119	A		-1	3441.86704011	[1, 1, 1, 1, 1, 1, 1, 1, 1, 1, 1, 1]
	1122838	1020021	1072063	13	M	19	A		-1	3442.77644618	[1, 1, 1, 1, 1, 1, 1, 1, 1, 1, 1, 1]
	1125017	1020096	994894	13	M	5	A		-1	3442.85067678	[1, 1, 1, 1, 1, 1, 1, 1, 1, 1, 1, 1]
	1159428	1020657	1002464	13	M	152	A		-1	3443.09238556	[1, 1, 1, 1, 1, 1, 1, 1, 1, 1, 1, 1]
	1119379	1019939	1004929	13	M	158	A		-1	3443.17622783	[1, 1, 1, 1, 1, 1, 1, 1, 1, 1, 1, 1]
	1103627	1022017	1010926	13	M	174	A		-1	3443.34068007	[1, 1, 1, 1, 1, 1, 1, 1, 1, 1, 1, 1]
	1111836	1019888	1034657	13	M	84	A		-1	3443.4250768	[1, 1, 1, 1, 1, 1, 1, 1, 1, 1, 1, 1]
	1165419	1021479	1003136	13	M	45	A		-1	3443.53773013	[1, 1, 1, 1, 1, 1, 1, 1, 1, 1, 1, 1]
	1166346	1021479	1059134	13	M	77	A		-1	3443.79129892	[1, 1, 1, 1, 1, 1, 1, 1, 1, 1, 1, 1]
	1105841	1019782	1027310	13	M	82	A		-1	3443.83157124	[1, 1, 1, 1, 1, 1, 1, 1, 1, 1, 1, 1]
	1137425	1020130	1019030	13	M	30	A		-1	3444.30614694	[1, 1, 1, 1, 1, 1, 1, 1, 1, 1, 1, 1]
	1133008	1020099	995365	13	M	83	A		-1	3444.50574617	[1, 1, 1, 1, 1, 1, 1, 1, 1, 1, 1, 1]
	1008215	920020	874934	12	M	96	A		-1	3444.77549256	[1, 1, 1, 1, 1, 1, 1, 1, 1, 1, 1, 1]
	1150568	1020456	1059192	13	M	26	A		-1	3445.13408296	[1, 1, 1, 1, 1, 1, 1, 1, 1, 1, 1, 1]
	1118258	1019939	1081746	13	M	167	A		-1	3445.261095	[1, 1, 1, 1, 1, 1, 1, 1, 1, 1, 1, 1]
	1166322	1021479	1020388	13	M	36	A		-1	3445.36731544	[1, 1, 1, 1, 1, 1, 1, 1, 1, 1, 1, 1]
	1148075	1020349	1056131	13	M	122	A		-1	3445.87008567	[1, 1, 1, 1, 1, 1, 1, 1, 1, 1, 1, 1]
	1131849	1020099	1015617	13	M	14	A		-1	3445.97989862	[1, 1, 1, 1, 1, 1, 1, 1, 1, 1, 1, 1]
	1194325	1022658	1020581	13	M	167	A		-1	3446.5107613	[1, 1, 1, 1, 1, 1, 1, 1, 1, 1, 1, 1]
	1153215	1020456	1046048	13	M	118	A		-1	3446.6916507	[1, 1, 1, 1, 1, 1, 1, 1, 1, 1, 1, 1]
	1153048	1020456	905912	13	M	5	A		-1	3446.76790627	[1, 1, 1, 1, 1, 1, 1, 1, 1, 1, 1, 1]
	1116477	1019939	916572	13	M	29	A		-1	3446.84623809	[1, 1, 1, 1, 1, 1, 1, 1, 1, 1, 1, 1]
	1075064	926617	974973	12	M	24	A		-1	3447.09240351	[1, 1, 1, 1, 1, 1, 1, 1, 1, 1, 1, 1]
	1139025	1020130	1043595	13	M	167	A		-1	3447.44088039	[1, 1, 1, 1, 1, 1, 1, 1, 1, 1, 1, 1]
	1153054	1020456	955729	13	M	165	A		-1	3448.05847193	[1, 1, 1, 1, 1, 1, 1, 1, 1, 1, 1, 1]
	1193252	1022658	1062445	13	M	138	A		-1	3448.3806343	[1, 1, 1, 1, 1, 1, 1, 1, 1, 1, 1, 1]
	1179018	1024053	1026022	13	M	74	A		-1	3448.66133183	[1, 1, 1, 1, 1, 1, 1, 1, 1, 1, 1, 1]
	1169666	1022081	1072640	13	M	134	A		-1	3449.82504593	[1, 1, 1, 1, 1, 1, 1, 1, 1, 1, 1, 1]
	1137453	1020130	1081352	13	M	133	A		-1	3449.89578754	[1, 1, 1, 1, 1, 1, 1, 1, 1, 1, 1, 1]
	1113257	1019888	920530	13	M	47	A		-1	3450.0699078	[1, 1, 1, 1, 1, 1, 1, 1, 1, 1, 1, 1]
	1121294	1020021	1020282	13	M	128	A		-1	3450.58825787	[1, 1, 1, 1, 1, 1, 1, 1, 1, 1, 1, 1]
	1149591	1020456	876277	13	M	170	A		-1	3451.02602843	[1, 1, 1, 1, 1, 1, 1, 1, 1, 1, 1, 1]
	1154956	1020657	1070525	13	M	110	A		-1	3451.16725178	[1, 1, 1, 1, 1, 1, 1, 1, 1, 1, 1, 1]
	1116577	1019939	1001877	13	M	12	A		-1	3451.66837197	[1, 1, 1, 1, 1, 1, 1, 1, 1, 1, 1, 1]
	1101547	1022017	1022872	13	M	132	A		-1	3451.71611019	[1, 1, 1, 1, 1, 1, 1, 1, 1, 1, 1, 1]
	1186129	1022582	1073310	13	M	24	A		-1	3451.72985577	[1, 1, 1, 1, 1, 1, 1, 1, 1, 1, 1, 1]
	1167107	1021479	995267	13	M	192	A		-1	3451.98129377	[1, 1, 1, 1, 1, 1, 1, 1, 1, 1, 1, 1]
	1184093	1022104	908010	13	M	179	A		-1	3452.41559053	[1, 1, 1, 1, 1, 1, 1, 1, 1, 1, 1, 1]
	1056287	921347	928807	12	M	47	A		-1	3453.18506583	[1, 1, 1, 1, 1, 1, 1, 1, 1, 1, 1, 1]
	1169176	1021479	1032382	13	M	169	A		-1	3453.52977041	[1, 1, 1, 1, 1, 1, 1, 1, 1, 1, 1, 1]
	1194178	1022658	1012588	13	M	153	A		-1	3453.58190076	[1, 1, 1, 1, 1, 1, 1, 1, 1, 1, 1, 1]
	1115009	1019939	896629	13	M	185	A		-1	3453.58793937	[1, 1, 1, 1, 1, 1, 1, 1, 1, 1, 1, 1]
	1155496	1020657	1093873	13	M	90	A		-1	3453.88021581	[1, 1, 1, 1, 1, 1, 1, 1, 1, 1, 1, 1]
	1145836	1020349	1028052	13	M	174	A		-1	3454.15813275	[1, 1, 1, 1, 1, 1, 1, 1, 1, 1, 1, 1]
	1135963	1020130	1042838	13	M	129	A		-1	3454.32574119	[1, 1, 1, 1, 1, 1, 1, 1, 1, 1, 1, 1]
	1077524	926617	913167	12	M	9	A		-1	3455.01681057	[1, 1, 1, 1, 1, 1, 1, 1, 1, 1, 1, 1]
	1150161	1020456	921516	13	M	172	A		-1	3456.11376934	[1, 1, 1, 1, 1, 1, 1, 1, 1, 1, 1, 0]
	1147303	1020349	1007335	13	M	116	A		-1	3456.27412739	[1, 1, 1, 1, 1, 1, 1, 1, 1, 1, 1, 1]
	1148971	1020349	1008001	13	M	31	A		-1	3456.3772028	[1, 1, 1, 1, 1, 1, 1, 1, 1, 1, 1, 1]
	1182955	1022104	1018449	13	M	189	A		-1	3457.9856569	[1, 1, 1, 1, 1, 1, 1, 1, 1, 1, 1, 1]
	1020456	920495	956611	12	M	82	A		-1	3459.67549328	[1, 1, 1, 1, 1, 1, 1, 1, 1, 1, 1, 1]
	1175995	1024053	964682	13	M	75	A		-1	3460.1791791	[1, 1, 1, 1, 1, 1, 1, 1, 1, 1, 1, 1]
	1149977	1020456	900946	13	M	33	A		-1	3460.84599914	[1, 1, 1, 1, 1, 1, 1, 1, 1, 1, 1, 1]
	1132922	1020099	1058446	13	M	141	A		-1	3461.21063788	[1, 1, 1, 1, 1, 1, 1, 1, 1, 1, 1, 1]
	1055241	921347	942868	12	M	26	A		-1	3461.37744732	[1, 1, 1, 1, 1, 1, 1, 1, 1, 1, 1, 1]
	1131229	1020099	1081104	13	M	112	A		-1	3461.58285569	[1, 1, 1, 1, 1, 1, 1, 1, 1, 1, 1, 1]
	1190199	1022658	1067322	13	M	133	A		-1	3461.77354373	[1, 1, 1, 1, 1, 1, 1, 1, 1, 1, 1, 1]
	1117226	1019939	990075	13	M	5	A		-1	3462.14716127	[1, 1, 1, 1, 1, 1, 1, 1, 1, 1, 1, 1]
	1177774	1024053	1048960	13	M	54	A		-1	3462.62491158	[1, 1, 1, 1, 1, 1, 1, 1, 1, 1, 1, 1]
	1173027	1022081	942215	13	M	115	A		-1	3462.70930985	[1, 1, 1, 1, 1, 1, 1, 1, 1, 1, 1, 1]
	1028811	920503	865104	12	M	39	A		-1	3463.08359207	[1, 1, 1, 1, 1, 1, 1, 1, 1, 1, 1, 1]
	1165260	1021479	1052508	13	M	121	A		-1	3463.36528024	[1, 1, 1, 1, 1, 1, 1, 1, 1, 1, 1, 1]
	1166974	1021479	1010565	13	M	191	A		-1	3463.51864551	[1, 1, 1, 1, 1, 1, 1, 1, 1, 1, 1, 1]
	1153392	1020456	1069998	13	M	0	A		-1	3463.55636866	[1, 1, 1, 1, 1, 1, 1, 1, 1, 1, 1, 1]
	1130317	1020099	1062962	13	M	187	A		-1	3464.21232521	[1, 1, 1, 1, 1, 1, 1, 1, 1, 1, 1, 1]
	1167403	1021479	881496	13	M	39	A		-1	3464.70685128	[1, 1, 1, 1, 1, 1, 1, 1, 1, 1, 1, 1]
	1142598	1020211	1012293	13	M	34	A		-1	3465.32556302	[1, 1, 1, 1, 1, 1, 1, 1, 1, 1, 1, 1]
	1168204	1021479	1070003	13	M	10	A		-1	3466.1662848	[1, 1, 1, 1, 1, 1, 1, 1, 1, 1, 1, 1]
	1124015	1020021	1062629	13	M	18	A		-1	3466.52391544	[1, 1, 1, 1, 1, 1, 1, 1, 1, 1, 1, 1]
	1112997	1019888	1008834	13	M	83	A		-1	3466.71797908	[1, 1, 1, 1, 1, 1, 1, 1, 1, 1, 1, 1]
	1148852	1020349	984908	13	M	192	A		-1	3467.37276439	[1, 1, 1, 1, 1, 1, 1, 1, 1, 1, 1, 1]
	1165053	1021479	1093533	13	M	37	A		-1	3467.45212467	[1, 1, 1, 1, 1, 1, 1, 1, 1, 1, 1, 1]
	1155818	1020657	1013244	13	M	120	A		-1	3467.61485805	[1, 1, 1, 1, 1, 1, 1, 1, 1, 1, 1, 1]
	1124746	1020096	1025790	13	M	172	A		-1	3468.02037047	[1, 1, 1, 1, 1, 1, 1, 1, 1, 1, 1, 1]
	1135345	1020130	1077377	13	M	161	A		-1	3468.4226975	[1, 1, 1, 1, 1, 1, 1, 1, 1, 1, 1, 1]
	1116002	1019939	1034201	13	M	35	A		-1	3470.24852935	[1, 1, 1, 1, 1, 1, 1, 1, 1, 1, 1, 1]
	1162388	1021335	1070199	13	M	125	A		-1	3470.40367093	[1, 1, 1, 1, 1, 1, 1, 1, 1, 1, 1, 1]
	1151818	1020456	1031957	13	M	93	A		-1	3470.65532536	[1, 1, 1, 1, 1, 1, 1, 1, 1, 1, 1, 1]
	1130212	1020099	1020782	13	M	3	A		-1	3470.69957148	[1, 1, 1, 1, 1, 1, 1, 1, 1, 1, 1, 1]
	1180096	1022104	1064191	13	M	145	A		-1	3471.62886302	[1, 1, 1, 1, 1, 1, 1, 1, 1, 1, 1, 1]
	1151367	1020456	960787	13	M	24	A		-1	3471.67124198	[1, 1, 1, 1, 1, 1, 1, 1, 1, 1, 1, 1]
	1186642	1022582	1071318	13	M	78	A		-1	3471.9503445	[1, 1, 1, 1, 1, 1, 1, 1, 1, 1, 1, 1]
	1024340	920495	963355	12	M	40	A		-1	3472.79122917	[1, 1, 1, 1, 1, 1, 1, 1, 1, 1, 1, 1]
	1118472	1019939	1035636	13	M	26	A		-1	3473.24015421	[1, 1, 1, 1, 1, 1, 1, 1, 1, 1, 1, 1]
	1191600	1022658	1087425	13	M	16	A		-1	3473.67358601	[1, 1, 1, 1, 1, 1, 1, 1, 1, 1, 1, 1]
	1112421	1019888	1074118	13	M	8	A		-1	3474.5124249	[1, 1, 1, 1, 1, 1, 1, 1, 1, 1, 1, 1]
	1144600	1020349	1010857	13	M	86	A		-1	3475.44416367	[1, 1, 1, 1, 1, 1, 1, 1, 1, 1, 1, 1]
	1194231	1022658	999390	13	M	52	A		-1	3475.51685613	[1, 1, 1, 1, 1, 1, 1, 1, 1, 1, 1, 1]
	1117265	1019939	1078118	13	M	78	A		-1	3475.53289054	[1, 1, 1, 1, 1, 1, 1, 1, 1, 1, 1, 1]
	1152087	1020456	1066239	13	M	146	A		-1	3475.69495658	[1, 1, 1, 1, 1, 1, 1, 1, 1, 1, 1, 1]
	1145921	1020349	977645	13	M	154	A		-1	3476.4990243	[1, 1, 1, 1, 1, 1, 1, 1, 1, 1, 1, 1]
	1107794	1019782	1044222	13	M	173	A		-1	3476.53592772	[1, 1, 1, 1, 1, 1, 1, 1, 1, 1, 1, 1]
	1123166	1020021	966909	13	M	146	A		-1	3476.81895426	[1, 1, 1, 1, 1, 1, 1, 1, 1, 1, 1, 1]
	1105440	1019782	1013694	13	M	45	A		-1	3477.06744655	[1, 1, 1, 1, 1, 1, 1, 1, 1, 1, 1, 1]
	1071019	922410	963461	12	M	174	A		-1	3477.23564168	[1, 1, 1, 1, 1, 1, 1, 1, 1, 1, 1, 1]
	1172683	1022081	1089812	13	M	84	A		-1	3477.47257223	[1, 1, 1, 1, 1, 1, 1, 1, 1, 1, 1, 1]
	1148952	1020349	1043861	13	M	53	A		-1	3477.48552784	[1, 1, 1, 1, 1, 1, 1, 1, 1, 1, 1, 1]
	1156193	1020657	1046416	13	M	139	A		-1	3477.73697061	[1, 1, 1, 1, 1, 1, 1, 1, 1, 1, 1, 1]
	1061382	921350	985947	12	M	7	A		-1	3478.13831832	[1, 1, 1, 1, 1, 1, 1, 1, 1, 1, 1, 1]
	1126824	1020096	1039243	13	M	132	A		-1	3478.52706892	[1, 1, 1, 1, 1, 1, 1, 1, 1, 1, 1, 1]
	1109507	1019888	918535	13	M	43	A		-1	3478.66486135	[1, 1, 1, 1, 1, 1, 1, 1, 1, 1, 1, 1]
	1126969	1020096	1055406	13	M	88	A		-1	3478.74080495	[1, 1, 1, 1, 1, 1, 1, 1, 1, 1, 1, 1]
	1173080	1022081	1058678	13	M	79	A		-1	3479.15667721	[1, 1, 1, 1, 1, 1, 1, 1, 1, 1, 1, 1]
	1115103	1019939	964585	13	M	7	A		-1	3479.30471557	[1, 1, 1, 1, 1, 1, 1, 1, 1, 1, 1, 1]
	1158923	1020657	1043856	13	M	27	A		-1	3479.5208361	[1, 1, 1, 1, 1, 1, 1, 1, 1, 1, 1, 1]
	1096087	1093488	1003858	13	M	138	A		-1	3481.94256487	[1, 1, 1, 1, 1, 1, 1, 1, 1, 1, 1, 1]
	1151331	1020456	1008942	13	M	36	A		-1	3481.98539258	[1, 1, 1, 1, 1, 1, 1, 1, 1, 1, 1, 1]
	1150572	1020456	1086687	13	M	0	A		-1	3482.09014271	[1, 1, 1, 1, 1, 1, 1, 1, 1, 1, 1, 1]
	1132018	1020099	916708	13	M	116	A		-1	3482.11431549	[1, 1, 1, 1, 1, 1, 1, 1, 1, 1, 1, 1]
	1171764	1022081	1078024	13	M	134	A		-1	3482.4908426	[1, 1, 1, 1, 1, 1, 1, 1, 1, 1, 1, 1]
	1189456	1022658	1083469	13	M	194	A		-1	3483.45649171	[1, 1, 1, 1, 1, 1, 1, 1, 1, 1, 1, 1]
	1109862	1019888	974458	13	M	29	A		-1	3483.458291	[1, 1, 1, 1, 1, 1, 1, 1, 1, 1, 1, 1]
	1144735	1020349	1046026	13	M	64	A		-1	3483.56961387	[1, 1, 1, 1, 1, 1, 1, 1, 1, 1, 1, 1]
	1116607	1019939	1087760	13	M	116	A		-1	3483.84707357	[1, 1, 1, 1, 1, 1, 1, 1, 1, 1, 1, 1]
	1139409	1020130	1084603	13	M	49	A		-1	3484.08635022	[1, 1, 1, 1, 1, 1, 1, 1, 1, 1, 1, 1]
	1167072	1021479	796164	13	M	170	A		-1	3484.26599979	[1, 1, 1, 1, 1, 1, 1, 1, 1, 1, 1, 1]
	1148346	1020349	906297	13	M	95	A		-1	3484.38264543	[1, 1, 1, 1, 1, 1, 1, 1, 1, 1, 1, 1]
	1179015	1024053	1016135	13	M	59	A		-1	3485.59525407	[1, 1, 1, 1, 1, 1, 1, 1, 1, 1, 1, 1]
	1161116	1021335	1026891	13	M	74	A		-1	3486.19169031	[1, 1, 1, 1, 1, 1, 1, 1, 1, 1, 1, 1]
	1172102	1022081	874187	13	M	162	A		-1	3487.09408588	[1, 1, 1, 1, 1, 1, 1, 1, 1, 1, 1, 1]
	1142613	1020211	996526	13	M	165	A		-1	3487.59147059	[1, 1, 1, 1, 1, 1, 1, 1, 1, 1, 1, 1]
	1149463	1020456	1085100	13	M	64	A		-1	3489.30465722	[1, 1, 1, 1, 1, 1, 1, 1, 1, 1, 1, 1]
	1154934	1020657	1008951	13	M	25	A		-1	3490.14275662	[1, 1, 1, 1, 1, 1, 1, 1, 1, 1, 1, 1]
	1120787	1020021	1055936	13	M	108	A		-1	3490.19164792	[1, 1, 1, 1, 1, 1, 1, 1, 1, 1, 1, 1]
	1151188	1020456	1055849	13	M	198	A		-1	3490.87222307	[1, 1, 1, 1, 1, 1, 1, 1, 1, 1, 1, 1]
	1109580	1019888	1075653	13	M	122	A		-1	3491.10731525	[1, 1, 1, 1, 1, 1, 1, 1, 1, 1, 1, 1]
	1166092	1021479	1075152	13	M	59	A		-1	3491.15503126	[1, 1, 1, 1, 1, 1, 1, 1, 1, 1, 1, 1]
	1191857	1022658	1020860	13	M	50	A		-1	3491.31910221	[1, 1, 1, 1, 1, 1, 1, 1, 1, 1, 1, 1]
	1095013	1093488	998039	13	M	21	A		-1	3491.73024874	[1, 1, 1, 1, 1, 1, 1, 1, 1, 1, 1, 1]
	1109032	1019782	1056290	13	M	73	A		-1	3492.72360472	[1, 1, 1, 1, 1, 1, 1, 1, 1, 1, 1, 1]
	1135348	1020130	1007525	13	M	113	A		-1	3492.96833721	[1, 1, 1, 1, 1, 1, 1, 1, 1, 1, 1, 1]
	1114080	1019888	963057	13	M	143	A		-1	3493.18517794	[1, 1, 1, 1, 1, 1, 1, 1, 1, 1, 1, 1]
	1076759	926617	954952	12	M	10	A		-1	3493.23423816	[1, 1, 1, 1, 1, 1, 1, 1, 1, 1, 1, 1]
	1121214	1020021	1039981	13	M	102	A		-1	3493.90959737	[1, 1, 1, 1, 1, 1, 1, 1, 1, 1, 1, 1]
	1113564	1019888	1075924	13	M	199	A		-1	3494.02980018	[1, 1, 1, 1, 1, 1, 1, 1, 1, 1, 1, 1]
	1167326	1021479	1082224	13	M	169	A		-1	3495.04600938	[1, 1, 1, 1, 1, 1, 1, 1, 1, 1, 1, 1]
	1093207	923147	925477	12	M	157	A		-1	3495.78281118	[1, 1, 1, 1, 1, 1, 1, 1, 1, 1, 1, 1]
	1078806	926617	938295	12	M	131	A		-1	3497.78315024	[1, 1, 1, 1, 1, 1, 1, 1, 1, 1, 1, 1]
	1144437	1020211	1079554	13	M	112	A		-1	3497.98466452	[1, 1, 1, 1, 1, 1, 1, 1, 1, 1, 1, 1]
	1141457	1020211	944283	13	M	100	A		-1	3498.40369275	[1, 1, 1, 1, 1, 1, 1, 1, 1, 1, 1, 1]
	1103718	1022017	807423	13	M	32	A		-1	3498.5667228	[1, 1, 1, 1, 1, 1, 1, 1, 1, 1, 1, 1]
	1150625	1020456	999628	13	M	40	A		-1	3498.68677587	[1, 1, 1, 1, 1, 1, 1, 1, 1, 1, 1, 1]
	1142796	1020211	1010934	13	M	114	A		-1	3498.69142924	[1, 1, 1, 1, 1, 1, 1, 1, 1, 1, 1, 1]
	1165026	1021479	898514	13	M	192	A		-1	3498.95428843	[1, 1, 1, 1, 1, 1, 1, 1, 1, 1, 1, 1]
	1104837	1019782	1016754	13	M	63	A		-1	3499.22031549	[1, 1, 1, 1, 1, 1, 1, 1, 1, 1, 1, 1]
	1187707	1022582	1000857	13	M	187	A		-1	3499.26913836	[1, 1, 1, 1, 1, 1, 1, 1, 1, 1, 1, 1]
	1130022	1020099	916411	13	M	31	A		-1	3499.38088019	[1, 1, 1, 1, 1, 1, 1, 1, 1, 1, 1, 1]
	1131376	1020099	1047119	13	M	22	A		-1	3499.39799494	[1, 1, 1, 1, 1, 1, 1, 1, 1, 1, 1, 1]
	1040225	920893	987597	12	M	180	A		-1	3500.49946511	[1, 1, 1, 1, 1, 1, 1, 1, 1, 1, 1, 1]
	1188393	1022582	1093985	13	M	134	A		-1	3501.05279477	[1, 1, 1, 1, 1, 1, 1, 1, 1, 1, 1, 1]
	1116545	1019939	963829	13	M	157	A		-1	3501.56779659	[1, 1, 1, 1, 1, 1, 1, 1, 1, 1, 1, 1]
	1150797	1020456	1064690	13	M	54	A		-1	3502.09705186	[1, 1, 1, 1, 1, 1, 1, 1, 1, 1, 1, 1]
	1138495	1020130	1087302	13	M	31	A		-1	3503.03427654	[1, 1, 1, 1, 1, 1, 1, 1, 1, 1, 1, 1]
	1150780	1020456	1002916	13	M	127	A		-1	3505.27947536	[1, 1, 1, 1, 1, 1, 1, 1, 1, 1, 1, 1]
	1146581	1020349	1046443	13	M	107	A		-1	3505.91011366	[1, 1, 1, 1, 1, 1, 1, 1, 1, 1, 1, 1]
	1117475	1019939	975536	13	M	35	A		-1	3506.0558458	[1, 1, 1, 1, 1, 1, 1, 1, 1, 1, 1, 1]
	1181987	1022104	1078402	13	M	177	A		-1	3506.1636975	[1, 1, 1, 1, 1, 1, 1, 1, 1, 1, 1, 1]
	1099875	1022017	1040946	13	M	147	A		-1	3506.34274699	[1, 1, 1, 0, 1, 1, 1, 1, 1, 1, 1, 1]
	1169916	1022081	956722	13	M	132	A		-1	3507.26435503	[1, 1, 1, 1, 1, 1, 1, 1, 1, 1, 1, 1]
	1112167	1019888	1005445	13	M	32	A		-1	3507.68185854	[1, 1, 1, 1, 1, 1, 1, 1, 1, 1, 1, 1]
	1078570	926617	974964	12	M	168	A		-1	3508.12213663	[1, 1, 1, 1, 1, 1, 1, 1, 1, 1, 1, 1]
	1115306	1019939	1017566	13	M	15	A		-1	3508.19147505	[1, 1, 1, 1, 1, 1, 1, 1, 1, 1, 1, 1]
	1137998	1020130	1007169	13	M	30	A		-1	3508.88066954	[1, 1, 1, 1, 1, 1, 1, 1, 1, 1, 1, 1]
	1148278	1020349	1083917	13	M	132	A		-1	3509.358849	[1, 1, 1, 1, 1, 1, 1, 1, 1, 1, 1, 1]
	1149845	1020456	1019777	13	M	119	A		-1	3509.75467386	[1, 1, 1, 1, 1, 1, 1, 1, 1, 1, 1, 1]
	1161443	1021335	1025651	13	M	66	A		-1	3510.03421345	[1, 1, 1, 1, 1, 1, 1, 1, 1, 1, 1, 1]
	1122686	1020021	1084682	13	M	115	A		-1	3511.17452826	[1, 1, 1, 1, 1, 1, 1, 1, 1, 1, 1, 1]
	1131086	1020099	1075318	13	M	98	A		-1	3511.25625638	[1, 1, 1, 1, 1, 1, 1, 1, 1, 1, 1, 1]
	1151715	1020456	1042024	13	M	133	A		-1	3513.00859962	[1, 1, 1, 1, 1, 1, 1, 1, 1, 1, 1, 1]
	1097815	1093488	1069902	13	M	34	A		-1	3513.66795629	[1, 1, 1, 1, 1, 1, 1, 1, 1, 1, 1, 1]
	1150434	1020456	954590	13	M	14	A		-1	3514.54805844	[1, 1, 1, 1, 1, 1, 1, 1, 1, 1, 1, 1]
	1139031	1020130	1043783	13	M	29	A		-1	3515.64978127	[1, 1, 1, 1, 1, 1, 1, 1, 1, 1, 1, 1]
	1111072	1019888	1025266	13	M	175	A		-1	3517.57735978	[1, 1, 1, 1, 1, 1, 1, 1, 1, 1, 1, 1]
	1153628	1020456	1063728	13	M	172	A		-1	3518.03256551	[1, 1, 1, 1, 1, 1, 1, 1, 1, 1, 1, 1]
	1165868	1021479	1035571	13	M	36	A		-1	3518.08568875	[1, 1, 1, 1, 1, 1, 1, 1, 1, 1, 1, 1]
	1191577	1022658	901884	13	M	6	A		-1	3518.81567195	[1, 1, 1, 1, 1, 1, 1, 1, 1, 1, 1, 1]
	1150531	1020456	1005055	13	M	151	A		-1	3519.42406605	[1, 1, 1, 1, 1, 1, 1, 1, 1, 1, 1, 1]
	1167852	1021479	1030633	13	M	179	A		-1	3519.88727196	[1, 1, 1, 1, 1, 1, 1, 1, 1, 1, 1, 1]
	1149749	1020456	959735	13	M	124	A		-1	3521.82706385	[1, 1, 1, 1, 1, 1, 1, 1, 1, 1, 1, 1]
	1115398	1019939	1014008	13	M	190	A		-1	3521.91130648	[1, 1, 1, 1, 1, 1, 1, 1, 1, 1, 1, 1]
	1151421	1020456	1044374	13	M	175	A		-1	3522.1871993	[1, 1, 1, 1, 1, 1, 1, 1, 1, 1, 1, 1]
	1181342	1022104	1009204	13	M	196	A		-1	3522.43223123	[1, 1, 1, 1, 1, 1, 1, 1, 1, 1, 1, 1]
	1160230	1021335	1024175	13	M	147	A		-1	3523.03362337	[1, 1, 1, 1, 1, 1, 1, 1, 1, 1, 1, 1]
	1118185	1019939	1051986	13	M	149	A		-1	3523.27698995	[1, 1, 1, 1, 1, 1, 1, 1, 1, 1, 1, 1]
	1099467	1022017	1079878	13	M	3	A		-1	3524.12863362	[1, 1, 1, 1, 1, 1, 1, 1, 1, 1, 1, 1]
	1130764	1020099	1021922	13	M	83	A		-1	3524.94426333	[1, 1, 1, 1, 1, 1, 1, 1, 1, 1, 1, 1]
	1173733	1022081	926375	13	M	54	A		-1	3525.11616888	[1, 1, 1, 1, 1, 1, 1, 1, 1, 1, 1, 1]
	1154133	1020456	1044838	13	M	152	A		-1	3527.47554911	[1, 1, 1, 1, 1, 1, 1, 1, 1, 1, 1, 1]
	1104497	1019782	892887	13	M	75	A		-1	3528.16507182	[1, 1, 1, 1, 1, 1, 1, 1, 1, 1, 1, 1]
	1157407	1020657	1050911	13	M	40	A		-1	3529.17923942	[1, 1, 1, 1, 1, 1, 1, 1, 1, 1, 1, 1]
	1151947	1020456	1009372	13	M	175	A		-1	3529.4953888	[1, 1, 1, 1, 1, 1, 1, 1, 1, 1, 1, 1]
	1171604	1022081	1013521	13	M	167	A		-1	3530.14865732	[1, 1, 1, 1, 1, 1, 1, 1, 1, 1, 1, 1]
	1148216	1020349	1000840	13	M	148	A		-1	3530.61470436	[1, 1, 1, 1, 1, 1, 1, 1, 1, 1, 1, 1]
	1192962	1022658	1020191	13	M	76	A		-1	3531.16181797	[1, 1, 1, 1, 1, 1, 1, 1, 1, 1, 1, 1]
	1151191	1020456	1077808	13	M	133	A		-1	3531.46844247	[1, 1, 1, 1, 1, 1, 1, 1, 1, 1, 1, 1]
	1117208	1019939	1067066	13	M	53	A		-1	3531.49336991	[1, 1, 1, 1, 1, 1, 1, 1, 1, 1, 1, 1]
	1153804	1020456	1071438	13	M	96	A		-1	3531.74490995	[1, 1, 1, 1, 1, 1, 1, 1, 1, 1, 1, 1]
	1189563	1022658	952974	13	M	124	A		-1	3533.54595819	[1, 1, 1, 1, 1, 1, 1, 1, 1, 1, 1, 1]
	1166970	1021479	1043586	13	M	125	A		-1	3533.7473152	[1, 1, 1, 1, 1, 1, 1, 1, 1, 1, 1, 1]
	1178737	1024053	1073611	13	M	145	A		-1	3534.27021928	[1, 1, 1, 1, 1, 1, 1, 1, 1, 1, 1, 1]
	1168221	1021479	1074766	13	M	149	A		-1	3534.27024176	[1, 1, 1, 1, 1, 1, 1, 1, 1, 1, 1, 1]
	1098101	1093488	1088339	13	M	24	A		-1	3539.17235369	[1, 1, 1, 1, 1, 1, 1, 1, 1, 1, 1, 1]
	1118973	1019939	1069918	13	M	56	A		-1	3539.39079618	[1, 1, 1, 1, 1, 1, 1, 1, 1, 1, 1, 1]
	1172408	1022081	1011814	13	M	40	A		-1	3540.00180577	[1, 1, 1, 1, 1, 1, 1, 1, 1, 1, 1, 1]
	1131955	1020099	992788	13	M	148	A		-1	3541.41715705	[1, 1, 1, 1, 1, 1, 1, 1, 1, 1, 1, 1]
	1138729	1020130	1014634	13	M	118	A		-1	3542.08723158	[1, 1, 1, 1, 1, 1, 1, 1, 1, 1, 1, 1]
	1152415	1020456	1023278	13	M	193	A		-1	3544.85163305	[1, 1, 1, 1, 1, 1, 1, 1, 1, 1, 1, 1]
	1006581	920020	981278	12	M	195	A		-1	3545.90989399	[1, 1, 1, 1, 1, 1, 1, 1, 1, 1, 1, 1]
	1098131	1093488	999930	13	M	30	A		-1	3546.99183365	[1, 1, 1, 1, 1, 1, 1, 1, 1, 1, 1, 1]
	1135649	1020130	1050620	13	M	4	A		-1	3548.06324853	[1, 1, 1, 1, 1, 1, 1, 1, 1, 1, 1, 1]
	1184923	1022582	902720	13	M	1	A		-1	3548.16102357	[1, 1, 1, 1, 1, 1, 1, 1, 1, 1, 1, 1]
	1094881	1093488	1004523	13	M	47	A		-1	3550.39512196	[1, 1, 1, 1, 1, 1, 1, 1, 1, 1, 1, 1]
	1154393	1020456	912033	13	M	125	A		-1	3554.24267973	[1, 1, 1, 1, 1, 1, 1, 1, 1, 1, 1, 1]
	1153256	1020456	1014683	13	M	183	A		-1	3554.62068374	[1, 1, 1, 1, 1, 1, 1, 1, 1, 1, 1, 1]
	1132417	1020099	1072815	13	M	170	A		-1	3554.70592682	[1, 1, 1, 1, 1, 1, 1, 1, 1, 1, 1, 1]
	1149384	1020349	1043648	13	M	43	A		-1	3559.05462287	[1, 1, 1, 1, 1, 1, 1, 1, 1, 1, 1, 1]
	1134715	1020130	1086917	13	M	94	A		-1	3559.07140484	[1, 1, 1, 1, 1, 1, 1, 1, 1, 1, 1, 1]
	1144923	1020349	1003559	13	M	96	A		-1	3559.36039694	[1, 1, 1, 1, 1, 1, 1, 1, 1, 1, 1, 1]
	1191161	1022658	1018799	13	M	159	A		-1	3560.29482211	[1, 1, 1, 1, 1, 1, 1, 1, 1, 1, 1, 1]
	1155321	1020657	924330	13	M	136	A		-1	3560.34854402	[1, 1, 1, 1, 1, 1, 1, 1, 1, 1, 1, 1]
	1193228	1022658	808081	13	M	42	A		-1	3561.53865628	[1, 1, 1, 0, 1, 1, 1, 1, 1, 1, 1, 1]
	1153097	1020456	997054	13	M	106	A		-1	3562.33106926	[1, 1, 1, 1, 1, 1, 1, 1, 1, 1, 1, 1]
	1160744	1021335	1044944	13	M	15	A		-1	3564.1737443	[1, 1, 1, 1, 1, 1, 1, 1, 1, 1, 1, 1]
	1120011	1020021	1059935	13	M	56	A		-1	3565.12854556	[1, 1, 1, 1, 1, 1, 1, 1, 1, 1, 1, 1]
	1168893	1021479	961494	13	M	40	A		-1	3569.01405508	[1, 1, 1, 1, 1, 1, 1, 1, 1, 1, 1, 1]
	1189584	1022658	1092332	13	M	24	A		-1	3570.03866782	[1, 1, 1, 1, 1, 1, 1, 1, 1, 1, 1, 1]
	1127479	1020096	1005986	13	M	6	A		-1	3571.9212828	[1, 1, 1, 1, 1, 1, 1, 1, 1, 1, 1, 1]
	1108654	1019782	1033898	13	M	56	A		-1	3573.05393682	[1, 1, 1, 1, 1, 1, 1, 1, 1, 1, 1, 1]
	1119328	1019939	1047467	13	M	14	A		-1	3573.34563889	[1, 1, 1, 1, 1, 1, 1, 1, 1, 1, 1, 1]
	1126118	1020096	1023897	13	M	27	A		-1	3573.72810035	[1, 1, 1, 1, 1, 1, 1, 1, 1, 1, 1, 1]
	1111357	1019888	1077329	13	M	18	A		-1	3574.74540519	[1, 1, 1, 1, 1, 1, 1, 1, 1, 1, 1, 1]
	1101384	1022017	998769	13	M	113	A		-1	3574.85346104	[1, 1, 1, 1, 1, 1, 1, 1, 1, 1, 1, 1]
	1193758	1022658	980151	13	M	102	A		-1	3575.20478411	[1, 1, 1, 1, 1, 1, 1, 1, 1, 1, 1, 1]
	1025398	920503	969352	12	M	91	A		-1	3576.86094307	[1, 1, 1, 1, 1, 1, 1, 1, 1, 1, 1, 1]
	1101002	1022017	1033025	13	M	137	A		-1	3576.89293763	[1, 1, 1, 1, 1, 1, 1, 1, 1, 1, 1, 1]
	1009074	920020	900039	12	M	98	A		-1	3577.20279803	[1, 1, 1, 1, 1, 1, 1, 1, 1, 1, 1, 1]
	1123881	1020021	1081965	13	M	157	A		-1	3577.68413289	[1, 1, 1, 1, 1, 1, 1, 1, 1, 1, 1, 1]
	1116400	1019939	992104	13	M	33	A		-1	3578.88281688	[1, 1, 1, 1, 1, 1, 1, 1, 1, 1, 1, 1]
	1152765	1020456	1085911	13	M	89	A		-1	3579.22404929	[1, 1, 1, 1, 1, 1, 1, 1, 1, 1, 1, 1]
	1178109	1024053	903082	13	M	0	A		-1	3580.03727791	[1, 1, 1, 1, 1, 1, 1, 1, 1, 1, 1, 1]
	1167797	1021479	1044116	13	M	166	A		-1	3583.03790967	[1, 1, 1, 1, 1, 1, 1, 1, 1, 1, 1, 1]
	1140794	1020211	990018	13	M	51	A		-1	3584.41059484	[1, 1, 1, 1, 1, 1, 1, 1, 1, 1, 1, 1]
	1154439	1020456	1024172	13	M	199	A		-1	3586.05052593	[1, 1, 1, 1, 1, 1, 1, 1, 1, 1, 1, 1]
	1117195	1019939	1031665	13	M	14	A		-1	3594.72487567	[1, 1, 1, 1, 1, 1, 1, 1, 1, 1, 1, 1]
	1140496	1020211	1062573	13	M	187	A		-1	3595.64996691	[1, 1, 1, 1, 1, 1, 1, 1, 1, 1, 1, 1]
	1101838	1022017	1016702	13	M	164	A		-1	3595.69475473	[1, 1, 1, 1, 1, 1, 1, 1, 1, 1, 1, 1]
	1112717	1019888	1045129	13	M	186	A		-1	3596.21758727	[1, 1, 1, 1, 1, 1, 1, 1, 1, 1, 1, 1]
	1119429	1019939	996794	13	M	82	A		-1	3596.60326898	[1, 1, 1, 1, 1, 1, 1, 1, 1, 1, 1, 1]
	1116882	1019939	1004858	13	M	137	A		-1	3599.87106292	[1, 1, 1, 1, 1, 1, 1, 1, 1, 1, 1, 1]
	1131530	1020099	1074973	13	M	142	A		-1	3600.28289536	[1, 1, 1, 1, 1, 1, 1, 1, 1, 1, 1, 1]
	1004930	920020	963495	12	M	43	A		-1	3601.96063212	[1, 1, 1, 1, 1, 1, 1, 1, 1, 1, 1, 1]
	1150556	1020456	920820	13	M	167	A		-1	3605.89469842	[1, 1, 1, 1, 1, 1, 1, 1, 1, 1, 1, 1]
	1151820	1020456	1032527	13	M	25	A		-1	3606.6246297	[1, 1, 1, 1, 1, 1, 1, 1, 1, 1, 1, 1]
	1117051	1019939	995364	13	M	169	A		-1	3606.63209673	[1, 1, 1, 1, 1, 1, 1, 1, 1, 1, 1, 1]
	1153868	1020456	1092336	13	M	120	A		-1	3610.45712957	[1, 1, 1, 1, 1, 1, 1, 1, 1, 1, 1, 1]
	1095800	1093488	1075529	13	M	188	A		-1	3611.98821554	[1, 1, 1, 1, 1, 1, 1, 1, 1, 1, 1, 1]
	1146309	1020349	997725	13	M	85	A		-1	3612.65354204	[1, 1, 1, 1, 1, 1, 1, 1, 1, 1, 1, 1]
	1152755	1020456	1043004	13	M	124	A		-1	3612.95695007	[1, 1, 1, 1, 1, 1, 1, 1, 1, 1, 1, 0]
	1116275	1019939	1007869	13	M	172	A		-1	3616.87954272	[1, 1, 1, 1, 1, 1, 1, 1, 1, 1, 1, 1]
	1175939	1024053	1061872	13	M	98	A		-1	3618.58907734	[1, 1, 1, 1, 1, 1, 1, 1, 1, 1, 1, 1]
	1171522	1022081	1062437	13	M	79	A		-1	3618.95983549	[1, 1, 1, 1, 1, 1, 1, 1, 1, 1, 1, 1]
	1150038	1020456	913773	13	M	191	A		-1	3620.11748408	[1, 1, 1, 1, 1, 1, 1, 1, 1, 1, 1, 1]
	1169791	1022081	1019360	13	M	3	A		-1	3621.04644918	[1, 1, 1, 1, 1, 1, 1, 1, 1, 1, 1, 1]
	1161537	1021335	1021789	13	M	80	A		-1	3622.3020715	[1, 1, 1, 1, 1, 1, 1, 1, 1, 1, 1, 1]
	1126129	1020096	1023081	13	M	25	A		-1	3623.6448728	[1, 1, 1, 1, 1, 1, 1, 1, 1, 1, 1, 1]
	1121692	1020021	991919	13	M	12	A		-1	3626.43558538	[1, 1, 1, 1, 1, 1, 1, 1, 1, 1, 1, 1]
	1169247	1021479	1070045	13	M	22	A		-1	3627.80326961	[1, 1, 1, 1, 1, 1, 1, 1, 1, 1, 1, 1]
	1150122	1020456	1088786	13	M	27	A		-1	3628.78985088	[1, 1, 1, 1, 1, 1, 1, 1, 1, 1, 1, 1]
	1184362	1022104	1074326	13	M	71	A		-1	3630.29232081	[1, 1, 1, 1, 1, 1, 1, 1, 1, 1, 1, 1]
	1103805	1022017	1021300	13	M	45	A		-1	3632.6613723	[1, 1, 1, 1, 1, 1, 1, 1, 1, 1, 1, 1]
	1127631	1020096	1053940	13	M	43	A		-1	3633.19831533	[1, 1, 1, 1, 1, 1, 1, 1, 1, 1, 1, 1]
	1133407	1020099	895786	13	M	29	A		-1	3634.16334826	[1, 1, 1, 1, 1, 1, 1, 1, 1, 1, 1, 1]
	1174031	1022081	1074446	13	M	108	A		-1	3634.8208872	[1, 1, 1, 1, 1, 1, 1, 1, 1, 1, 1, 1]
	1132621	1020099	1004706	13	M	81	A		-1	3635.85092126	[1, 1, 1, 1, 1, 1, 1, 1, 1, 1, 1, 1]
	1130250	1020099	1045472	13	M	43	A		-1	3638.05465556	[1, 1, 1, 1, 1, 1, 1, 1, 1, 1, 1, 1]
	1176271	1024053	1048742	13	M	179	A		-1	3641.58735991	[1, 1, 1, 1, 1, 1, 1, 1, 1, 1, 1, 1]
	1120910	1020021	1058437	13	M	122	A		-1	3644.59766316	[1, 1, 1, 1, 1, 1, 1, 1, 1, 1, 1, 1]
	1114866	1019939	1082599	13	M	184	A		-1	3646.84426367	[1, 1, 1, 1, 1, 1, 1, 1, 1, 1, 1, 1]
	1162160	1021335	1017665	13	M	131	A		-1	3648.19459902	[1, 1, 1, 1, 1, 1, 1, 1, 1, 1, 1, 1]
	1019698	920495	920904	12	M	127	A		-1	3654.39167967	[1, 1, 1, 1, 1, 1, 1, 1, 1, 1, 1, 1]
	1146093	1020349	1063108	13	M	96	A		-1	3661.72930421	[1, 1, 1, 1, 1, 1, 1, 1, 1, 1, 1, 1]
	1022780	920495	975442	12	M	155	A		-1	3663.42226598	[1, 1, 1, 1, 1, 1, 1, 1, 1, 1, 1, 1]
	1156771	1020657	1048353	13	M	200	A		-1	3664.98500991	[1, 1, 1, 1, 1, 1, 1, 1, 1, 1, 1, 1]
	1078186	926617	955806	12	M	187	A		-1	3667.03738717	[1, 1, 1, 1, 1, 1, 1, 1, 1, 1, 1, 1]
	1148146	1020349	1070465	13	M	125	A		-1	3667.49194073	[1, 1, 1, 1, 1, 1, 1, 1, 1, 1, 1, 1]
	1151876	1020456	976702	13	M	111	A		-1	3677.03081831	[1, 1, 1, 1, 1, 1, 1, 1, 1, 1, 1, 1]
	1173585	1022081	1083825	13	M	114	A		-1	3677.11563524	[1, 1, 1, 1, 1, 1, 1, 1, 1, 1, 1, 1]
	1182379	1022104	1077798	13	M	120	A		-1	3677.66645919	[1, 1, 1, 1, 1, 1, 1, 1, 1, 1, 1, 1]
	1189859	1022658	1050099	13	M	3	A		-1	3678.6340236	[1, 1, 1, 1, 1, 1, 1, 1, 1, 1, 1, 1]
	1168048	1021479	1058582	13	M	111	A		-1	3683.64557335	[1, 1, 1, 1, 1, 1, 1, 1, 1, 1, 1, 1]
	1176767	1024053	1088003	13	M	183	A		-1	3686.35336036	[1, 1, 1, 1, 1, 1, 1, 1, 1, 1, 1, 1]
	1150883	1020456	998840	13	M	71	A		-1	3686.56692297	[1, 1, 1, 1, 1, 1, 1, 1, 1, 1, 1, 1]
	1165169	1021479	1092794	13	M	76	A		-1	3693.60188348	[1, 1, 1, 1, 1, 1, 1, 1, 1, 1, 1, 1]
	1188368	1022582	1040982	13	M	188	A		-1	3697.84699844	[1, 1, 1, 1, 1, 1, 1, 1, 1, 1, 1, 1]
	1098274	1093488	1062808	13	M	170	A		-1	3705.49623528	[1, 1, 1, 1, 1, 1, 1, 1, 1, 1, 1, 1]
	1165383	1021479	1019675	13	M	161	A		-1	3706.71232769	[1, 1, 1, 1, 1, 1, 1, 1, 1, 1, 1, 1]
	1108522	1019782	1006110	13	M	45	A		-1	3711.42716173	[1, 1, 1, 1, 1, 1, 1, 1, 1, 1, 1, 1]
	1147011	1020349	1020018	13	M	11	A		-1	3725.4396602	[1, 1, 1, 1, 1, 1, 1, 1, 1, 1, 1, 1]
	1126467	1020096	1037896	13	M	109	A		-1	3737.73770515	[1, 1, 1, 1, 1, 1, 1, 1, 1, 1, 1, 1]
	1154240	1020456	1073840	13	M	1	A		-1	3751.05988721	[1, 1, 1, 1, 1, 1, 1, 1, 1, 1, 1, 1]
	1148358	1020349	1064217	13	M	193	A		-1	3760.21543474	[1, 1, 1, 1, 1, 1, 1, 1, 1, 1, 1, 1]
	1116278	1019939	1088535	13	M	156	A		-1	3783.0339067	[1, 1, 1, 1, 1, 1, 1, 1, 1, 1, 1, 1]
	1145259	1020349	996988	13	M	142	A		-1	3921.7394071	[1, 1, 1, 1, 1, 1, 1, 1, 1, 1, 1, 1]
