animal	sire	dam	born	sex	herd	status	cause	died	TBV	recessives
	1861286	1711670	1729395	20	M	99	A		-1	4880.33494052	[1, 1, 1, 1, 1, 1, 1, 1, 1, 1, 1, 1]
	1879338	1712712	1629058	20	M	155	A		-1	4880.53992313	[1, 1, 1, 1, 1, 1, 1, 1, 1, 1, 1, 1]
	1849659	1711503	1774180	20	M	167	A		-1	4880.56317838	[1, 1, 1, 1, 1, 1, 1, 1, 1, 1, 1, 1]
	1870250	1711945	1719955	20	M	78	A		-1	4881.06936572	[1, 1, 1, 1, 1, 1, 1, 1, 1, 1, 1, 1]
	1838460	1711481	1710384	20	M	170	A		-1	4881.07678442	[1, 1, 1, 1, 1, 1, 1, 1, 1, 1, 1, 1]
	1857250	1711630	1687865	20	M	117	A		-1	4881.15714404	[1, 1, 1, 1, 1, 1, 1, 1, 1, 1, 1, 1]
	1836450	1711481	1752640	20	M	128	A		-1	4881.82532036	[1, 1, 1, 1, 1, 1, 1, 1, 1, 1, 1, 1]
	1697184	1694650	1609267	19	M	78	A		-1	4882.21602885	[1, 1, 1, 1, 1, 1, 1, 1, 1, 1, 1, 1]
	1807793	1711070	1728227	20	M	15	A		-1	4882.25021787	[1, 1, 1, 1, 1, 0, 1, 1, 1, 1, 1, 1]
	1857873	1711630	1759997	20	M	148	A		-1	4882.36770427	[1, 1, 1, 1, 1, 1, 1, 1, 1, 1, 1, 1]
	1712638	1626180	1600457	19	M	80	A		-1	4882.40446109	[1, 1, 1, 1, 1, 1, 1, 1, 1, 1, 1, 1]
	1840679	1711499	1587047	20	M	45	A		-1	4882.48660063	[1, 1, 1, 1, 1, 1, 1, 1, 1, 1, 1, 1]
	1864568	1711670	1631524	20	M	170	A		-1	4882.7096846	[1, 1, 1, 1, 1, 1, 1, 1, 1, 1, 1, 1]
	1888641	1712017	1600358	20	M	92	A		-1	4882.83680892	[1, 1, 1, 1, 1, 1, 1, 1, 1, 1, 1, 1]
	1839315	1711481	1700365	20	M	28	A		-1	4883.21169541	[1, 1, 1, 1, 1, 0, 1, 1, 1, 1, 1, 1]
	1697545	1694650	1534614	19	M	22	A		-1	4883.32319989	[1, 1, 1, 1, 1, 0, 1, 1, 1, 1, 1, 1]
	1854599	1711574	1573503	20	M	108	A		-1	4883.33421318	[1, 1, 1, 1, 1, 1, 1, 1, 1, 1, 1, 1]
	1841650	1711499	1722952	20	M	106	A		-1	4883.43988943	[1, 1, 1, 1, 1, 1, 1, 1, 1, 1, 1, 1]
	1864197	1711670	1759108	20	M	167	A		-1	4883.97347246	[1, 1, 1, 1, 1, 1, 1, 1, 1, 1, 1, 1]
	1789353	1632070	1613067	19	M	9	A		-1	4884.12922952	[1, 1, 1, 1, 1, 1, 1, 1, 1, 1, 1, 1]
	1750828	1630540	1610361	19	M	57	A		-1	4884.48396113	[1, 1, 1, 1, 1, 1, 1, 1, 1, 1, 1, 1]
	1854519	1711574	1727498	20	M	126	A		-1	4884.62195607	[1, 1, 1, 1, 1, 1, 1, 1, 1, 1, 1, 1]
	1850805	1711574	1702108	20	M	72	A		-1	4884.69355858	[1, 1, 1, 1, 1, 1, 1, 1, 1, 1, 1, 1]
	1876267	1712712	1710485	20	M	19	A		-1	4884.83782973	[1, 1, 1, 1, 1, 1, 1, 1, 1, 1, 1, 1]
	1866691	1711780	1773367	20	M	105	A		-1	4885.04527299	[1, 1, 1, 1, 1, 1, 1, 1, 1, 1, 1, 1]
	1870473	1711945	1765719	20	M	36	A		-1	4885.06949433	[1, 1, 1, 1, 1, 1, 1, 1, 1, 1, 1, 1]
	1871887	1711945	1724173	20	M	27	A		-1	4885.23154245	[1, 1, 1, 1, 1, 1, 1, 1, 1, 1, 1, 1]
	1833789	1711474	1698796	20	M	13	A		-1	4885.84349139	[1, 1, 1, 1, 1, 1, 1, 1, 1, 1, 1, 1]
	1843075	1711499	1723920	20	M	63	A		-1	4886.06373324	[1, 1, 1, 1, 1, 1, 1, 1, 1, 1, 1, 1]
	1816713	1711164	1751085	20	M	200	A		-1	4886.11594837	[1, 1, 1, 1, 1, 1, 1, 1, 1, 1, 1, 1]
	1871569	1711945	1698036	20	M	182	A		-1	4886.19235082	[1, 1, 1, 1, 1, 1, 1, 1, 1, 1, 1, 1]
	1832770	1711474	1724859	20	M	145	A		-1	4886.23092868	[1, 1, 1, 1, 1, 1, 1, 1, 1, 1, 1, 1]
	1798743	1794690	1751464	20	M	104	A		-1	4886.37995543	[1, 1, 1, 1, 1, 1, 1, 1, 1, 1, 1, 1]
	1888168	1712017	1760160	20	M	18	A		-1	4886.77700869	[1, 1, 1, 1, 1, 1, 1, 1, 1, 1, 1, 1]
	1828199	1711355	1760780	20	M	26	A		-1	4887.03722923	[1, 1, 1, 1, 1, 1, 1, 1, 1, 1, 1, 1]
	1809171	1711070	1588335	20	M	132	A		-1	4887.36781938	[1, 1, 1, 1, 1, 1, 1, 1, 1, 1, 1, 1]
	1827406	1711355	1541518	20	M	44	A		-1	4887.54177066	[1, 1, 1, 1, 1, 1, 1, 1, 1, 1, 1, 1]
	1845687	1711503	1779360	20	M	62	A		-1	4887.72015015	[1, 1, 1, 1, 1, 1, 1, 1, 1, 1, 1, 1]
	1754885	1630684	1597245	19	M	85	A		-1	4887.79859352	[1, 1, 1, 1, 1, 1, 1, 1, 1, 1, 1, 1]
	1817268	1711164	1726225	20	M	39	A		-1	4888.31265032	[1, 1, 1, 1, 1, 1, 1, 1, 1, 1, 1, 1]
	1828229	1711355	1515731	20	M	95	A		-1	4888.35108583	[1, 1, 1, 1, 1, 1, 1, 1, 1, 1, 1, 1]
	1809166	1711070	1698467	20	M	144	A		-1	4888.57445112	[1, 1, 1, 1, 1, 1, 1, 1, 1, 1, 1, 1]
	1853343	1711574	1717101	20	M	134	A		-1	4888.87177324	[1, 1, 1, 1, 1, 1, 1, 1, 1, 1, 1, 1]
	1853906	1711574	1752211	20	M	147	A		-1	4889.02105513	[1, 1, 1, 1, 1, 1, 1, 1, 1, 1, 1, 1]
	1857455	1711630	1752312	20	M	95	A		-1	4889.0545783	[1, 1, 1, 1, 1, 1, 1, 1, 1, 1, 1, 1]
	1884132	1711979	1687477	20	M	112	A		-1	4889.12579332	[1, 1, 1, 1, 1, 0, 1, 1, 1, 1, 1, 1]
	1888429	1712017	1791165	20	M	38	A		-1	4889.56028455	[1, 1, 1, 1, 1, 1, 1, 1, 1, 1, 1, 1]
	1844864	1711503	1653329	20	M	177	A		-1	4889.76923445	[1, 1, 1, 1, 1, 1, 1, 1, 1, 1, 1, 1]
	1822481	1711179	1744473	20	M	172	A		-1	4890.02524491	[1, 1, 1, 1, 1, 1, 1, 1, 1, 1, 1, 1]
	1729280	1626915	1533630	19	M	12	A		-1	4890.69952018	[1, 1, 1, 1, 1, 1, 1, 1, 1, 1, 1, 1]
	1799771	1794690	1601710	20	M	100	A		-1	4891.16900707	[1, 1, 1, 1, 1, 1, 1, 1, 1, 1, 1, 1]
	1857523	1711630	1709856	20	M	97	A		-1	4891.24115736	[1, 1, 1, 1, 1, 1, 1, 1, 1, 1, 1, 1]
	1826478	1711355	1709126	20	M	109	A		-1	4891.3393669	[1, 1, 1, 1, 1, 1, 1, 1, 1, 1, 1, 1]
	1876035	1712712	1717663	20	M	190	A		-1	4891.48600816	[1, 1, 1, 1, 1, 1, 1, 1, 1, 1, 1, 1]
	1844308	1711499	1707775	20	M	85	A		-1	4891.49074761	[1, 1, 1, 1, 1, 1, 1, 1, 1, 1, 1, 1]
	1848238	1711503	1612495	20	M	80	A		-1	4891.61910656	[1, 1, 1, 1, 1, 1, 1, 1, 1, 1, 1, 1]
	1863568	1711670	1583480	20	M	162	A		-1	4891.8921278	[1, 1, 1, 1, 1, 1, 1, 1, 1, 1, 1, 1]
	1879076	1712712	1755534	20	M	179	A		-1	4892.04060985	[1, 1, 1, 1, 1, 0, 1, 1, 1, 1, 1, 1]
	1877325	1712712	1639699	20	M	133	A		-1	4892.57900721	[1, 1, 1, 1, 1, 1, 1, 1, 1, 1, 1, 1]
	1841162	1711499	1742383	20	M	98	A		-1	4893.24273697	[1, 1, 1, 1, 1, 1, 1, 1, 1, 1, 1, 1]
	1854681	1711574	1716205	20	M	191	A		-1	4893.39748044	[1, 1, 1, 1, 1, 1, 1, 1, 1, 1, 1, 1]
	1870026	1711945	1742217	20	M	145	A		-1	4894.2718323	[1, 1, 1, 1, 1, 1, 1, 1, 1, 1, 1, 1]
	1856678	1711630	1673054	20	M	69	A		-1	4894.59154814	[1, 1, 1, 1, 1, 1, 1, 1, 1, 1, 1, 1]
	1847643	1711503	1695636	20	M	46	A		-1	4894.85049657	[1, 1, 1, 1, 1, 1, 1, 1, 1, 1, 1, 1]
	1824903	1711355	1739981	20	M	179	A		-1	4895.24163396	[1, 1, 1, 1, 1, 1, 1, 1, 1, 1, 1, 1]
	1848999	1711503	1779339	20	M	158	A		-1	4895.29777689	[1, 1, 1, 1, 1, 1, 1, 1, 1, 1, 1, 1]
	1683968	1519062	1582525	18	M	50	A		-1	4895.31726235	[1, 1, 1, 1, 1, 1, 1, 1, 1, 1, 1, 1]
	1828332	1711355	1700076	20	M	97	A		-1	4895.50423935	[1, 1, 1, 1, 1, 1, 1, 1, 1, 1, 1, 1]
	1846971	1711503	1742590	20	M	108	A		-1	4895.54954297	[1, 1, 0, 1, 1, 1, 1, 1, 1, 1, 1, 1]
	1818800	1711164	1763929	20	M	109	A		-1	4895.58452499	[1, 1, 1, 1, 1, 1, 1, 1, 1, 1, 1, 1]
	1850454	1711574	1734917	20	M	161	A		-1	4895.62947457	[1, 1, 1, 1, 1, 1, 1, 1, 1, 1, 1, 1]
	1831824	1711474	1621773	20	M	71	A		-1	4896.01775984	[1, 1, 1, 1, 1, 1, 1, 1, 1, 1, 1, 1]
	1877296	1712712	1725324	20	M	182	A		-1	4896.12057425	[1, 1, 1, 1, 1, 1, 1, 1, 1, 1, 1, 1]
	1832125	1711474	1705654	20	M	42	A		-1	4896.15152858	[1, 1, 1, 1, 1, 1, 1, 1, 1, 1, 1, 1]
	1847127	1711503	1738732	20	M	49	A		-1	4896.42577295	[1, 1, 1, 1, 1, 0, 1, 1, 1, 1, 1, 1]
	1712329	1626180	1685000	19	M	40	A		-1	4896.70798698	[1, 1, 1, 1, 1, 1, 1, 1, 1, 1, 1, 1]
	1831828	1711474	1684161	20	M	70	A		-1	4896.80041501	[1, 1, 1, 1, 1, 1, 1, 1, 1, 1, 1, 1]
	1815618	1711164	1745394	20	M	131	A		-1	4896.99384699	[1, 1, 1, 1, 1, 1, 1, 1, 1, 1, 1, 1]
	1815345	1711164	1593846	20	M	148	A		-1	4897.12259962	[1, 1, 1, 1, 1, 1, 1, 1, 1, 1, 1, 1]
	1885930	1712017	1555864	20	M	155	A		-1	4897.32709939	[1, 1, 1, 1, 1, 1, 1, 1, 1, 1, 1, 1]
	1833232	1711474	1703090	20	M	99	A		-1	4897.39484776	[1, 1, 1, 1, 1, 1, 1, 1, 1, 1, 1, 1]
	1846731	1711503	1634187	20	M	44	A		-1	4897.75182017	[1, 1, 1, 1, 1, 0, 1, 1, 1, 1, 1, 1]
	1842766	1711499	1706066	20	M	58	A		-1	4897.82770871	[1, 1, 1, 1, 1, 1, 1, 1, 1, 1, 1, 1]
	1891847	1712038	1708154	20	M	174	A		-1	4898.42273569	[1, 1, 1, 1, 1, 1, 1, 1, 1, 1, 1, 1]
	1829119	1711355	1725918	20	M	115	A		-1	4898.62807105	[1, 1, 1, 1, 1, 1, 1, 1, 1, 1, 1, 1]
	1871575	1711945	1735808	20	M	198	A		-1	4898.71091872	[1, 1, 1, 1, 1, 1, 1, 1, 1, 1, 1, 1]
	1884195	1711979	1654182	20	M	29	A		-1	4899.04295632	[1, 1, 1, 1, 1, 1, 1, 1, 1, 1, 1, 1]
	1883270	1711979	1760846	20	M	190	A		-1	4899.04610341	[1, 1, 1, 1, 1, 1, 1, 1, 1, 1, 1, 1]
	1871857	1711945	1713999	20	M	71	A		-1	4899.06200346	[1, 1, 1, 1, 1, 1, 1, 1, 1, 1, 1, 1]
	1797336	1794690	1743669	20	M	76	A		-1	4899.21645196	[1, 1, 1, 1, 1, 1, 1, 1, 1, 1, 1, 1]
	1890920	1712038	1633511	20	M	63	A		-1	4899.35460033	[1, 1, 1, 1, 1, 1, 1, 1, 1, 1, 1, 1]
	1850505	1711574	1720775	20	M	192	A		-1	4899.40253638	[1, 1, 1, 1, 1, 1, 1, 1, 1, 1, 1, 1]
	1885658	1712017	1777517	20	M	63	A		-1	4899.76129398	[1, 1, 1, 1, 1, 1, 1, 1, 1, 1, 1, 1]
	1876279	1712712	1710121	20	M	81	A		-1	4900.2003617	[1, 1, 1, 1, 1, 1, 1, 1, 1, 1, 1, 1]
	1844845	1711503	1704839	20	M	150	A		-1	4900.65246717	[1, 1, 1, 1, 1, 0, 1, 1, 1, 1, 1, 1]
	1817152	1711164	1530580	20	M	194	A		-1	4900.7070026	[1, 1, 1, 1, 1, 1, 1, 1, 1, 1, 1, 1]
	1861759	1711670	1790087	20	M	57	A		-1	4900.87805929	[1, 1, 1, 1, 1, 1, 1, 1, 1, 1, 1, 1]
	1876322	1712712	1731498	20	M	37	A		-1	4900.90891437	[1, 1, 1, 1, 1, 1, 1, 1, 1, 1, 1, 1]
	1795782	1794690	1792711	20	M	68	A		-1	4901.09127504	[1, 1, 1, 1, 1, 1, 1, 1, 1, 1, 1, 1]
	1827755	1711355	1782341	20	M	111	A		-1	4901.18075134	[1, 1, 1, 1, 1, 1, 1, 1, 1, 1, 1, 1]
	1871810	1711945	1791820	20	M	92	A		-1	4901.21560284	[1, 1, 1, 1, 1, 1, 1, 1, 1, 1, 1, 1]
	1866237	1711780	1674625	20	M	129	A		-1	4901.46738888	[1, 1, 1, 1, 1, 1, 1, 1, 1, 1, 1, 1]
	1867761	1711780	1784728	20	M	62	A		-1	4901.47171135	[1, 1, 1, 1, 1, 1, 1, 1, 1, 1, 1, 1]
	1830786	1711474	1695214	20	M	26	A		-1	4901.8249551	[1, 1, 1, 1, 1, 1, 1, 1, 1, 1, 1, 1]
	1864486	1711670	1693508	20	M	103	A		-1	4902.15296268	[1, 1, 1, 1, 1, 1, 1, 1, 1, 1, 1, 1]
	1799280	1794690	1672876	20	M	68	A		-1	4902.24820499	[1, 1, 1, 1, 1, 1, 1, 1, 1, 1, 1, 1]
	1871339	1711945	1662902	20	M	21	A		-1	4902.87262928	[1, 1, 1, 1, 1, 1, 1, 1, 1, 1, 1, 1]
	1883716	1711979	1699358	20	M	76	A		-1	4902.88755991	[1, 1, 1, 1, 1, 1, 1, 1, 1, 1, 1, 1]
	1833222	1711474	1745637	20	M	29	A		-1	4903.07839501	[1, 1, 1, 1, 1, 1, 1, 1, 1, 1, 1, 1]
	1724335	1626454	1654601	19	M	69	A		-1	4903.1393893	[1, 1, 1, 1, 1, 1, 1, 1, 1, 1, 1, 1]
	1858244	1711630	1722908	20	M	126	A		-1	4903.38191772	[1, 1, 1, 1, 1, 1, 1, 1, 1, 1, 1, 1]
	1842803	1711499	1701610	20	M	105	A		-1	4903.54732282	[1, 1, 1, 1, 1, 1, 1, 1, 1, 1, 1, 1]
	1862493	1711670	1760789	20	M	56	A		-1	4903.70929309	[1, 1, 1, 1, 1, 1, 1, 1, 1, 1, 1, 1]
	1871984	1711945	1725242	20	M	66	A		-1	4903.71241217	[1, 1, 1, 1, 1, 1, 1, 1, 1, 1, 1, 1]
	1855247	1711630	1636880	20	M	65	A		-1	4903.88275263	[1, 1, 1, 1, 1, 1, 1, 1, 1, 1, 1, 1]
	1834348	1711474	1751169	20	M	182	A		-1	4904.39485357	[1, 1, 0, 1, 1, 1, 1, 1, 1, 1, 1, 1]
	1893216	1712038	1647710	20	M	178	A		-1	4904.69289605	[1, 1, 1, 1, 1, 1, 1, 1, 1, 1, 1, 1]
	1826506	1711355	1774797	20	M	188	A		-1	4905.45229222	[1, 1, 1, 1, 1, 1, 1, 1, 1, 1, 1, 1]
	1857557	1711630	1744006	20	M	75	A		-1	4905.47798842	[1, 1, 1, 1, 1, 1, 1, 1, 1, 1, 1, 1]
	1874728	1711945	1770129	20	M	76	A		-1	4905.51048467	[1, 1, 1, 1, 1, 1, 1, 1, 1, 1, 1, 1]
	1848311	1711503	1741161	20	M	87	A		-1	4905.88956318	[1, 1, 1, 1, 1, 1, 1, 1, 1, 1, 1, 1]
	1839094	1711481	1710267	20	M	185	A		-1	4905.92311725	[1, 1, 1, 1, 1, 1, 1, 1, 1, 1, 1, 1]
	1878090	1712712	1714062	20	M	9	A		-1	4905.99563549	[1, 1, 1, 1, 1, 1, 1, 1, 1, 1, 1, 1]
	1815127	1711164	1772077	20	M	88	A		-1	4906.12611759	[1, 1, 1, 1, 1, 1, 1, 1, 1, 1, 1, 1]
	1836702	1711481	1726261	20	M	112	A		-1	4906.741182	[1, 1, 1, 1, 1, 1, 1, 1, 1, 1, 1, 1]
	1861038	1711670	1774553	20	M	70	A		-1	4906.83326282	[1, 1, 1, 1, 1, 1, 1, 1, 1, 1, 1, 1]
	1775639	1635372	1686030	19	M	78	A		-1	4907.04715499	[1, 1, 1, 1, 1, 1, 1, 1, 1, 1, 1, 1]
	1873018	1711945	1789424	20	M	2	A		-1	4907.08974686	[1, 1, 1, 1, 1, 1, 1, 1, 1, 1, 1, 1]
	1831639	1711474	1734791	20	M	73	A		-1	4907.59603657	[1, 1, 1, 1, 1, 1, 1, 1, 1, 1, 1, 1]
	1854734	1711574	1687363	20	M	35	A		-1	4907.84511552	[1, 1, 1, 1, 1, 1, 1, 1, 1, 1, 1, 1]
	1862899	1711670	1698642	20	M	77	A		-1	4907.87476362	[1, 1, 1, 1, 1, 1, 1, 1, 1, 1, 1, 1]
	1826246	1711355	1710424	20	M	178	A		-1	4908.09264984	[1, 1, 1, 1, 1, 1, 1, 1, 1, 1, 1, 1]
	1864981	1711780	1644413	20	M	67	A		-1	4908.24073818	[1, 1, 1, 1, 1, 1, 1, 1, 1, 1, 1, 1]
	1831646	1711474	1779422	20	M	155	A		-1	4908.38228524	[1, 1, 1, 1, 1, 1, 1, 1, 1, 1, 1, 1]
	1853253	1711574	1628145	20	M	39	A		-1	4908.55407702	[1, 1, 1, 1, 1, 1, 1, 1, 1, 1, 1, 1]
	1862281	1711670	1762630	20	M	174	A		-1	4908.82680834	[1, 1, 1, 1, 1, 1, 1, 1, 1, 1, 1, 1]
	1893938	1712038	1768978	20	M	135	A		-1	4909.06321906	[1, 1, 1, 1, 1, 1, 1, 1, 1, 1, 1, 1]
	1814875	1711164	1724381	20	M	139	A		-1	4909.23610301	[1, 1, 1, 1, 1, 1, 1, 1, 1, 1, 1, 1]
	1807883	1711070	1754170	20	M	42	A		-1	4909.49837355	[1, 1, 1, 1, 1, 0, 1, 1, 1, 1, 1, 1]
	1872579	1711945	1686992	20	M	180	A		-1	4909.56878309	[1, 1, 1, 1, 1, 0, 1, 1, 1, 1, 1, 1]
	1831403	1711474	1649455	20	M	122	A		-1	4909.93585181	[1, 1, 1, 1, 1, 1, 1, 1, 1, 1, 1, 1]
	1816678	1711164	1704834	20	M	20	A		-1	4909.98292975	[1, 1, 1, 1, 1, 1, 1, 1, 1, 1, 1, 1]
	1799611	1794690	1748921	20	M	99	A		-1	4910.00050601	[1, 1, 1, 1, 1, 1, 1, 1, 1, 1, 1, 1]
	1833123	1711474	1707134	20	M	79	A		-1	4910.31832233	[1, 1, 1, 1, 1, 1, 1, 1, 1, 1, 1, 1]
	1877513	1712712	1744398	20	M	109	A		-1	4911.36905205	[1, 1, 1, 0, 1, 1, 1, 1, 1, 1, 1, 1]
	1869482	1711780	1709129	20	M	64	A		-1	4912.37209951	[1, 1, 1, 1, 1, 1, 1, 1, 1, 1, 1, 1]
	1831574	1711474	1695122	20	M	110	A		-1	4913.06447909	[1, 1, 1, 1, 1, 1, 1, 1, 1, 1, 1, 1]
	1876823	1712712	1779496	20	M	168	A		-1	4914.10155617	[1, 1, 1, 1, 1, 1, 1, 1, 1, 1, 1, 1]
	1869785	1711945	1706979	20	M	169	A		-1	4914.13513976	[1, 1, 1, 1, 1, 1, 1, 1, 1, 1, 1, 1]
	1852984	1711574	1769031	20	M	168	A		-1	4914.35827577	[1, 1, 1, 1, 1, 1, 1, 1, 1, 1, 1, 1]
	1836143	1711481	1752260	20	M	81	A		-1	4914.75588648	[1, 1, 1, 1, 1, 1, 1, 1, 1, 1, 1, 1]
	1870393	1711945	1708596	20	M	57	A		-1	4915.47042641	[1, 1, 1, 1, 1, 1, 1, 1, 1, 1, 1, 1]
	1842943	1711499	1744397	20	M	161	A		-1	4915.55240403	[1, 1, 1, 1, 1, 1, 1, 1, 1, 1, 1, 1]
	1892810	1712038	1743693	20	M	192	A		-1	4915.73075976	[1, 1, 1, 1, 1, 1, 1, 1, 1, 1, 1, 1]
	1822012	1711179	1721529	20	M	124	A		-1	4915.84301169	[1, 1, 1, 1, 1, 1, 1, 1, 1, 1, 1, 1]
	1811820	1711073	1682794	20	M	45	A		-1	4916.4996112	[1, 1, 1, 1, 1, 1, 1, 1, 1, 1, 1, 1]
	1832342	1711474	1726885	20	M	134	A		-1	4916.58941418	[1, 1, 1, 1, 1, 1, 1, 1, 1, 1, 1, 1]
	1847167	1711503	1762283	20	M	144	A		-1	4916.67176709	[1, 1, 1, 1, 1, 0, 1, 1, 1, 1, 1, 1]
	1711503	1626180	1421446	19	M	126	A		-1	4916.69514565	[1, 1, 1, 1, 1, 0, 1, 1, 1, 1, 1, 1]
	1857165	1711630	1722053	20	M	40	A		-1	4916.89062877	[1, 1, 1, 1, 1, 1, 1, 1, 1, 1, 1, 1]
	1738173	1628113	1682153	19	M	124	A		-1	4917.06519267	[1, 1, 1, 1, 1, 1, 1, 1, 1, 1, 1, 1]
	1782124	1632044	1612068	19	M	192	A		-1	4917.0978476	[1, 1, 1, 1, 1, 1, 1, 1, 1, 1, 1, 1]
	1803512	1711890	1610613	20	M	61	A		-1	4917.41105817	[1, 1, 1, 1, 1, 1, 1, 1, 1, 1, 1, 1]
	1872414	1711945	1758259	20	M	177	A		-1	4917.45358581	[1, 1, 1, 1, 1, 1, 1, 1, 1, 1, 1, 1]
	1834342	1711474	1696475	20	M	122	A		-1	4917.9313486	[1, 1, 1, 1, 1, 1, 1, 1, 1, 1, 1, 1]
	1865011	1711780	1774950	20	M	2	A		-1	4917.95561344	[1, 1, 1, 1, 1, 1, 1, 1, 1, 1, 1, 1]
	1810077	1711073	1526577	20	M	57	A		-1	4917.99294332	[1, 1, 1, 1, 1, 1, 1, 1, 1, 1, 1, 1]
	1861964	1711670	1741195	20	M	93	A		-1	4918.01866615	[1, 1, 1, 1, 1, 1, 1, 1, 1, 1, 1, 1]
	1884758	1711979	1710629	20	M	200	A		-1	4918.06819516	[1, 1, 1, 1, 1, 1, 1, 1, 1, 1, 1, 1]
	1824899	1711355	1696950	20	M	7	A		-1	4918.18545067	[1, 1, 1, 1, 1, 1, 1, 1, 1, 1, 1, 1]
	1885188	1712017	1728128	20	M	47	A		-1	4918.25083629	[1, 1, 1, 1, 1, 1, 1, 1, 1, 1, 1, 1]
	1760276	1630801	1616932	19	M	80	A		-1	4918.47826799	[1, 1, 1, 1, 1, 1, 1, 1, 1, 1, 1, 1]
	1869435	1711780	1774584	20	M	63	A		-1	4919.0114346	[1, 1, 1, 1, 1, 1, 1, 1, 1, 1, 1, 1]
	1873542	1711945	1513460	20	M	53	A		-1	4919.20952117	[1, 1, 1, 1, 1, 1, 1, 1, 1, 1, 1, 1]
	1874873	1712712	1721287	20	M	42	A		-1	4919.26970101	[1, 1, 1, 1, 1, 1, 1, 1, 1, 1, 1, 1]
	1827075	1711355	1771539	20	M	103	A		-1	4919.46216024	[1, 1, 1, 1, 1, 1, 1, 1, 1, 1, 1, 1]
	1817959	1711164	1684832	20	M	181	A		-1	4919.75346433	[1, 1, 1, 1, 1, 1, 1, 1, 1, 1, 1, 1]
	1854246	1711574	1716262	20	M	110	A		-1	4920.21260536	[1, 1, 1, 1, 1, 1, 1, 1, 1, 1, 1, 1]
	1848796	1711503	1688136	20	M	53	A		-1	4920.24708823	[1, 1, 1, 1, 1, 1, 1, 1, 1, 1, 1, 1]
	1819843	1711179	1743122	20	M	107	A		-1	4920.77844132	[1, 1, 1, 1, 1, 1, 1, 1, 1, 1, 1, 1]
	1845239	1711503	1724917	20	M	14	A		-1	4920.91473439	[0, 1, 1, 1, 1, 0, 1, 1, 1, 1, 1, 1]
	1852001	1711574	1794169	20	M	35	A		-1	4921.17050065	[1, 1, 1, 1, 1, 1, 1, 1, 1, 1, 1, 1]
	1809778	1711070	1776149	20	M	94	A		-1	4921.32409611	[1, 1, 1, 1, 1, 0, 1, 1, 1, 1, 1, 1]
	1886938	1712017	1784565	20	M	107	A		-1	4922.05912556	[1, 1, 1, 1, 1, 1, 1, 1, 1, 1, 1, 1]
	1873779	1711945	1652395	20	M	32	A		-1	4922.11791417	[1, 1, 1, 1, 1, 1, 1, 1, 1, 1, 1, 1]
	1886232	1712017	1508477	20	M	176	A		-1	4922.21760575	[1, 1, 1, 1, 1, 1, 1, 1, 1, 1, 1, 1]
	1819300	1711164	1702322	20	M	102	A		-1	4922.54409292	[1, 1, 1, 1, 1, 1, 1, 1, 1, 1, 1, 1]
	1816515	1711164	1632064	20	M	92	A		-1	4922.61555519	[1, 1, 1, 1, 1, 1, 1, 1, 1, 1, 1, 1]
	1851591	1711574	1787538	20	M	63	A		-1	4922.66342816	[1, 1, 1, 1, 1, 1, 1, 1, 1, 1, 1, 1]
	1871426	1711945	1728529	20	M	194	A		-1	4922.88370239	[1, 1, 1, 1, 1, 1, 1, 1, 1, 1, 1, 1]
	1796516	1794690	1688722	20	M	62	A		-1	4923.03238687	[1, 1, 1, 1, 1, 1, 1, 1, 1, 1, 1, 1]
	1799891	1711890	1734536	20	M	26	A		-1	4923.10939951	[1, 1, 1, 1, 1, 1, 1, 1, 1, 1, 1, 1]
	1854858	1711630	1718651	20	M	63	A		-1	4923.31260133	[1, 1, 1, 1, 1, 1, 1, 1, 1, 1, 1, 1]
	1820385	1711179	1783924	20	M	8	A		-1	4923.39145207	[1, 1, 1, 1, 1, 1, 1, 1, 1, 1, 1, 1]
	1875376	1712712	1729063	20	M	20	A		-1	4924.28153921	[1, 1, 1, 1, 1, 1, 1, 1, 1, 1, 1, 1]
	1865623	1711780	1746609	20	M	96	A		-1	4924.37455536	[1, 1, 1, 1, 1, 1, 1, 1, 1, 1, 1, 1]
	1873707	1711945	1664182	20	M	148	A		-1	4924.69602969	[1, 1, 1, 1, 1, 1, 1, 1, 1, 1, 1, 1]
	1810525	1711073	1763279	20	M	116	A		-1	4924.78216277	[1, 1, 1, 1, 1, 1, 1, 1, 1, 1, 1, 1]
	1819767	1711164	1739277	20	M	95	A		-1	4924.89747556	[1, 1, 1, 1, 1, 1, 1, 1, 1, 1, 1, 1]
	1864659	1711670	1621728	20	M	161	A		-1	4925.38772032	[1, 1, 1, 1, 1, 1, 1, 1, 1, 1, 1, 1]
	1860366	1711670	1725307	20	M	10	A		-1	4925.52005313	[1, 1, 1, 1, 1, 1, 1, 1, 1, 1, 1, 1]
	1851771	1711574	1668645	20	M	184	A		-1	4925.67433856	[1, 1, 1, 1, 1, 1, 1, 1, 1, 1, 1, 1]
	1832083	1711474	1732283	20	M	117	A		-1	4925.77779605	[1, 1, 1, 1, 1, 1, 1, 1, 1, 1, 1, 1]
	1826560	1711355	1496421	20	M	35	A		-1	4925.78340683	[1, 1, 1, 1, 1, 1, 1, 1, 1, 1, 1, 1]
	1845116	1711503	1745285	20	M	193	A		-1	4925.78919777	[1, 1, 1, 1, 1, 1, 1, 1, 1, 1, 1, 1]
	1875291	1712712	1764945	20	M	26	A		-1	4925.81483946	[1, 1, 1, 1, 1, 1, 1, 1, 1, 1, 1, 1]
	1808136	1711070	1750284	20	M	186	A		-1	4925.93497498	[1, 1, 1, 1, 1, 0, 1, 1, 1, 1, 1, 1]
	1806194	1711070	1699363	20	M	25	A		-1	4926.42225643	[1, 1, 1, 1, 1, 1, 1, 1, 1, 1, 1, 1]
	1860826	1711670	1792841	20	M	19	A		-1	4926.52728035	[1, 1, 1, 1, 1, 1, 1, 1, 1, 1, 1, 1]
	1841023	1711499	1604450	20	M	170	A		-1	4926.7643148	[1, 1, 1, 1, 1, 1, 1, 1, 1, 1, 1, 1]
	1884844	1712017	1728943	20	M	167	A		-1	4927.30265635	[1, 1, 1, 1, 1, 1, 1, 1, 1, 1, 1, 1]
	1796066	1794690	1782158	20	M	8	A		-1	4927.9165315	[1, 1, 1, 1, 1, 1, 1, 1, 1, 1, 1, 1]
	1862809	1711670	1740761	20	M	19	A		-1	4928.54146085	[1, 1, 1, 1, 1, 1, 1, 1, 1, 1, 1, 1]
	1729208	1626915	1532957	19	M	78	A		-1	4928.55593777	[1, 1, 1, 1, 1, 1, 1, 1, 1, 1, 1, 1]
	1847188	1711503	1791778	20	M	126	A		-1	4928.65283047	[1, 1, 1, 1, 1, 0, 1, 1, 1, 1, 1, 1]
	1794929	1794690	1752819	20	M	151	A		-1	4929.26464651	[1, 1, 1, 1, 1, 1, 1, 1, 1, 1, 1, 1]
	1870822	1711945	1756148	20	M	148	A		-1	4929.64927721	[1, 1, 1, 1, 1, 1, 1, 1, 1, 1, 1, 1]
	1876954	1712712	1773392	20	M	145	A		-1	4929.87840144	[1, 1, 1, 1, 1, 1, 1, 1, 1, 1, 1, 1]
	1869970	1711945	1731264	20	M	12	A		-1	4930.02171853	[1, 1, 1, 1, 1, 1, 1, 1, 1, 1, 1, 1]
	1850751	1711574	1758824	20	M	96	A		-1	4930.14710291	[1, 1, 1, 1, 1, 0, 1, 1, 1, 1, 1, 1]
	1857388	1711630	1758656	20	M	18	A		-1	4930.23434852	[1, 1, 1, 1, 1, 0, 1, 1, 1, 1, 1, 1]
	1840096	1711499	1619681	20	M	169	A		-1	4930.75003539	[1, 1, 1, 1, 1, 1, 1, 1, 1, 1, 1, 1]
	1846962	1711503	1792532	20	M	44	A		-1	4930.93393845	[1, 1, 1, 1, 1, 0, 1, 1, 1, 1, 1, 1]
	1838112	1711481	1729269	20	M	118	A		-1	4931.05535484	[1, 1, 1, 1, 1, 1, 1, 1, 1, 1, 1, 1]
	1717446	1626442	1670396	19	M	97	A		-1	4931.06554277	[1, 1, 1, 1, 1, 1, 1, 1, 1, 1, 1, 1]
	1833179	1711474	1652647	20	M	179	A		-1	4931.08382	[1, 1, 1, 1, 1, 1, 1, 1, 1, 1, 1, 1]
	1851818	1711574	1740318	20	M	95	A		-1	4931.34761064	[1, 1, 1, 1, 1, 1, 1, 1, 1, 1, 1, 1]
	1801536	1711890	1719321	20	M	44	A		-1	4931.41822438	[1, 1, 1, 1, 1, 1, 1, 1, 1, 1, 1, 1]
	1800313	1711890	1731065	20	M	171	A		-1	4931.88115928	[1, 1, 1, 1, 1, 1, 1, 1, 1, 1, 1, 1]
	1873503	1711945	1766899	20	M	33	A		-1	4932.96525494	[1, 1, 1, 1, 1, 1, 1, 1, 1, 1, 1, 1]
	1887297	1712017	1794743	20	M	77	A		-1	4933.02249635	[1, 1, 1, 1, 1, 1, 1, 1, 1, 1, 1, 1]
	1811504	1711073	1706367	20	M	55	A		-1	4933.15625966	[1, 1, 1, 1, 1, 1, 1, 1, 1, 1, 1, 1]
	1852867	1711574	1695012	20	M	66	A		-1	4933.34904403	[1, 1, 1, 1, 1, 1, 1, 1, 1, 1, 1, 1]
	1830249	1711474	1738567	20	M	164	A		-1	4933.69448439	[1, 1, 1, 1, 1, 1, 1, 1, 1, 1, 1, 1]
	1785433	1632070	1605944	19	M	43	A		-1	4933.83882357	[1, 1, 1, 1, 1, 1, 1, 1, 1, 1, 1, 1]
	1717271	1626442	1636704	19	M	176	A		-1	4933.92611286	[1, 1, 1, 1, 1, 1, 1, 1, 1, 1, 1, 1]
	1818056	1711164	1794634	20	M	2	A		-1	4934.61710146	[1, 1, 1, 1, 1, 1, 1, 1, 1, 1, 1, 1]
	1834220	1711474	1773104	20	M	176	A		-1	4935.3078113	[1, 1, 1, 1, 1, 1, 1, 1, 1, 1, 1, 1]
	1857168	1711630	1728313	20	M	198	A		-1	4935.60547993	[1, 1, 1, 1, 1, 1, 1, 1, 1, 1, 1, 1]
	1824973	1711355	1658543	20	M	52	A		-1	4936.237072	[1, 1, 1, 1, 1, 1, 1, 1, 1, 1, 1, 1]
	1852822	1711574	1744819	20	M	86	A		-1	4936.53320142	[1, 1, 1, 1, 1, 1, 1, 1, 1, 1, 1, 1]
	1841221	1711499	1794004	20	M	93	A		-1	4937.22822634	[1, 1, 1, 1, 1, 1, 1, 1, 1, 1, 1, 1]
	1815982	1711164	1768369	20	M	73	A		-1	4937.90763722	[1, 1, 1, 1, 1, 1, 1, 1, 1, 1, 1, 1]
	1807485	1711070	1738917	20	M	5	A		-1	4938.0067777	[1, 1, 1, 1, 1, 1, 1, 1, 1, 1, 1, 1]
	1802684	1711890	1750959	20	M	172	A		-1	4938.89788001	[1, 1, 1, 1, 1, 1, 1, 1, 1, 1, 1, 1]
	1882651	1711979	1730900	20	M	83	A		-1	4939.61607995	[1, 1, 1, 1, 1, 1, 1, 1, 1, 1, 1, 1]
	1797361	1794690	1767866	20	M	27	A		-1	4939.66821247	[1, 1, 1, 1, 1, 1, 1, 1, 1, 1, 1, 1]
	1873961	1711945	1779557	20	M	121	A		-1	4939.92225436	[1, 1, 1, 1, 1, 1, 1, 1, 1, 1, 1, 1]
	1815787	1711164	1711596	20	M	28	A		-1	4940.75531855	[1, 1, 1, 1, 1, 1, 1, 1, 1, 1, 1, 1]
	1837627	1711481	1719004	20	M	88	A		-1	4940.86227541	[1, 1, 1, 1, 1, 1, 1, 1, 1, 1, 1, 1]
	1829423	1711355	1695272	20	M	177	A		-1	4941.02708266	[1, 1, 1, 1, 1, 1, 1, 1, 1, 1, 1, 1]
	1849386	1711503	1770900	20	M	148	A		-1	4941.25435364	[1, 1, 1, 1, 1, 1, 1, 1, 1, 1, 1, 1]
	1818305	1711164	1645010	20	M	127	A		-1	4941.39665381	[1, 1, 1, 1, 1, 1, 1, 1, 1, 1, 1, 1]
	1848667	1711503	1674528	20	M	6	A		-1	4941.83657834	[1, 1, 1, 1, 1, 1, 1, 1, 1, 1, 1, 1]
	1796534	1794690	1704541	20	M	172	A		-1	4942.34513229	[1, 1, 1, 1, 1, 1, 1, 1, 1, 1, 1, 1]
	1812529	1711073	1713843	20	M	91	A		-1	4943.12651908	[1, 1, 1, 1, 1, 1, 1, 1, 1, 1, 1, 1]
	1845975	1711503	1776386	20	M	102	A		-1	4943.20699181	[1, 1, 1, 1, 1, 1, 1, 1, 1, 1, 1, 1]
	1796649	1794690	1770002	20	M	144	A		-1	4943.80333994	[1, 1, 1, 1, 1, 1, 1, 1, 1, 1, 1, 1]
	1844475	1711499	1714488	20	M	145	A		-1	4943.92271637	[1, 1, 1, 1, 1, 1, 1, 1, 1, 1, 1, 1]
	1715563	1626442	1683708	19	M	159	A		-1	4943.96369452	[1, 1, 1, 1, 1, 1, 1, 1, 1, 1, 1, 1]
	1822668	1711179	1784182	20	M	115	A		-1	4945.1881744	[1, 1, 1, 1, 1, 1, 1, 1, 1, 1, 1, 1]
	1881863	1711979	1704765	20	M	161	A		-1	4945.64177415	[1, 1, 1, 1, 1, 1, 1, 1, 1, 1, 1, 1]
	1844596	1711499	1704798	20	M	119	A		-1	4945.9064982	[1, 1, 1, 1, 1, 1, 1, 1, 1, 1, 1, 1]
	1889370	1712017	1786921	20	M	19	A		-1	4945.96011682	[1, 1, 1, 1, 1, 1, 1, 1, 1, 1, 1, 1]
	1867025	1711780	1663735	20	M	15	A		-1	4946.21664198	[1, 1, 1, 1, 1, 1, 1, 1, 1, 1, 1, 1]
	1873319	1711945	1710450	20	M	53	A		-1	4946.55242597	[1, 1, 1, 1, 1, 1, 1, 1, 1, 1, 1, 1]
	1844684	1711499	1650922	20	M	142	A		-1	4946.61391303	[1, 1, 1, 1, 1, 1, 1, 1, 1, 1, 1, 1]
	1818172	1711164	1750795	20	M	49	A		-1	4947.16542408	[1, 1, 1, 1, 1, 1, 1, 1, 1, 1, 1, 1]
	1852236	1711574	1714975	20	M	31	A		-1	4947.26013061	[1, 1, 1, 1, 1, 1, 1, 1, 1, 1, 1, 1]
	1835543	1711481	1728951	20	M	86	A		-1	4947.52836298	[1, 1, 1, 1, 1, 1, 1, 1, 1, 1, 1, 1]
	1850045	1711574	1707591	20	M	81	A		-1	4947.59198589	[1, 1, 1, 1, 1, 1, 1, 1, 1, 1, 1, 1]
	1835943	1711481	1626404	20	M	62	A		-1	4947.85990253	[1, 1, 1, 1, 1, 1, 1, 1, 1, 1, 1, 1]
	1844416	1711499	1731096	20	M	21	A		-1	4949.20437152	[1, 1, 1, 1, 1, 1, 1, 1, 1, 1, 1, 1]
	1889611	1712017	1714712	20	M	104	A		-1	4949.62127204	[1, 1, 1, 1, 1, 1, 1, 1, 1, 1, 1, 1]
	1827582	1711355	1746018	20	M	93	A		-1	4950.37414686	[1, 1, 1, 1, 1, 1, 1, 1, 1, 1, 1, 1]
	1878654	1712712	1694981	20	M	68	A		-1	4950.62861888	[1, 1, 1, 1, 1, 1, 1, 1, 1, 1, 1, 1]
	1850110	1711574	1766626	20	M	42	A		-1	4951.85355904	[1, 1, 1, 1, 1, 1, 1, 1, 1, 1, 1, 1]
	1867225	1711780	1695280	20	M	33	A		-1	4953.83037923	[1, 1, 1, 1, 1, 1, 1, 1, 1, 1, 1, 1]
	1809916	1711073	1706051	20	M	36	A		-1	4953.9998682	[1, 1, 1, 1, 1, 1, 1, 1, 1, 1, 1, 1]
	1804090	1711890	1653423	20	M	61	A		-1	4954.50879522	[1, 1, 0, 1, 1, 1, 1, 1, 1, 1, 1, 1]
	1805426	1711070	1660236	20	M	113	A		-1	4954.69440594	[1, 1, 1, 1, 1, 1, 1, 1, 1, 1, 1, 1]
	1876088	1712712	1698420	20	M	90	A		-1	4955.31454567	[1, 1, 1, 1, 1, 1, 1, 1, 1, 1, 1, 1]
	1868301	1711780	1538350	20	M	50	A		-1	4955.60389821	[1, 1, 1, 1, 1, 1, 1, 1, 1, 1, 1, 1]
	1860619	1711670	1709810	20	M	194	A		-1	4955.74954986	[1, 1, 1, 1, 1, 1, 1, 1, 1, 1, 1, 1]
	1833229	1711474	1747784	20	M	165	A		-1	4955.79456221	[1, 1, 1, 1, 1, 1, 1, 1, 1, 1, 1, 1]
	1860449	1711670	1772167	20	M	142	A		-1	4956.65223994	[1, 1, 1, 1, 1, 1, 1, 1, 1, 1, 1, 1]
	1849796	1711574	1696492	20	M	42	A		-1	4957.1800629	[1, 1, 1, 1, 1, 1, 1, 1, 1, 1, 1, 1]
	1873255	1711945	1758996	20	M	174	A		-1	4957.25031297	[1, 1, 1, 1, 1, 1, 1, 1, 1, 1, 1, 1]
	1828694	1711355	1789784	20	M	116	A		-1	4957.33418978	[1, 1, 1, 1, 1, 1, 1, 1, 1, 1, 1, 1]
	1696928	1694650	1509900	19	M	49	A		-1	4957.52985077	[1, 1, 1, 1, 1, 1, 1, 1, 1, 1, 1, 1]
	1879780	1712712	1793380	20	M	8	A		-1	4958.49135119	[1, 1, 1, 1, 1, 1, 1, 1, 1, 1, 1, 1]
	1854794	1711630	1657436	20	M	15	A		-1	4958.73304914	[1, 1, 1, 1, 1, 1, 1, 1, 1, 1, 1, 1]
	1859210	1711630	1762884	20	M	130	A		-1	4958.89951843	[1, 1, 1, 1, 1, 1, 1, 1, 1, 1, 1, 1]
	1878760	1712712	1736182	20	M	41	A		-1	4959.14613743	[1, 1, 1, 1, 1, 1, 1, 1, 1, 1, 1, 1]
	1867266	1711780	1740116	20	M	140	A		-1	4959.26691083	[1, 1, 1, 1, 1, 1, 1, 1, 1, 1, 1, 1]
	1834261	1711474	1741544	20	M	77	A		-1	4959.84142582	[1, 1, 1, 1, 1, 1, 1, 1, 1, 1, 1, 1]
	1869406	1711780	1758742	20	M	171	A		-1	4959.97128424	[1, 1, 1, 1, 1, 0, 1, 1, 1, 1, 1, 1]
	1820233	1711179	1687582	20	M	51	A		-1	4960.28089044	[1, 1, 1, 1, 1, 1, 1, 1, 1, 1, 1, 1]
	1867709	1711780	1702630	20	M	18	A		-1	4961.26239136	[1, 1, 1, 1, 1, 1, 1, 1, 1, 1, 1, 1]
	1761630	1630801	1590067	19	M	91	A		-1	4961.33903951	[1, 1, 1, 1, 1, 1, 1, 1, 1, 1, 1, 1]
	1860666	1711670	1792722	20	M	192	A		-1	4961.54663851	[1, 1, 1, 1, 1, 1, 1, 1, 1, 1, 1, 1]
	1826638	1711355	1714556	20	M	110	A		-1	4961.6455923	[1, 1, 1, 0, 1, 1, 1, 1, 1, 1, 1, 1]
	1859309	1711630	1713344	20	M	54	A		-1	4961.64970027	[1, 1, 1, 1, 1, 1, 1, 1, 1, 1, 1, 1]
	1853650	1711574	1705792	20	M	152	A		-1	4961.83128082	[1, 1, 1, 1, 1, 1, 1, 1, 1, 1, 1, 1]
	1808338	1711070	1536697	20	M	76	A		-1	4962.16050411	[1, 1, 1, 1, 1, 0, 1, 1, 1, 1, 1, 1]
	1812474	1711073	1785028	20	M	79	A		-1	4962.20023585	[1, 1, 1, 1, 1, 1, 1, 1, 1, 1, 1, 1]
	1892824	1712038	1768616	20	M	38	A		-1	4962.58936648	[1, 1, 1, 1, 1, 1, 1, 1, 1, 1, 1, 1]
	1854196	1711574	1732049	20	M	120	A		-1	4963.612915	[1, 1, 1, 1, 1, 1, 1, 1, 1, 1, 1, 1]
	1851153	1711574	1782689	20	M	127	A		-1	4964.07163107	[1, 1, 1, 1, 1, 1, 1, 1, 1, 1, 1, 1]
	1840707	1711499	1711161	20	M	42	A		-1	4965.25669735	[1, 1, 1, 1, 1, 1, 1, 1, 1, 1, 1, 1]
	1877580	1712712	1651946	20	M	169	A		-1	4966.09390087	[1, 1, 1, 1, 1, 1, 1, 1, 1, 1, 1, 1]
	1891640	1712038	1722906	20	M	151	A		-1	4966.8151965	[1, 1, 1, 1, 1, 1, 1, 1, 1, 1, 1, 1]
	1837098	1711481	1709516	20	M	82	A		-1	4966.86802713	[1, 1, 1, 1, 1, 1, 1, 1, 1, 1, 1, 1]
	1845122	1711503	1743013	20	M	69	A		-1	4967.8132178	[1, 1, 1, 1, 1, 1, 1, 1, 1, 1, 1, 1]
	1873910	1711945	1748629	20	M	171	A		-1	4968.17177557	[1, 1, 1, 1, 1, 1, 1, 1, 1, 1, 1, 1]
	1811755	1711073	1704913	20	M	125	A		-1	4968.610127	[1, 1, 1, 1, 1, 1, 1, 1, 1, 1, 1, 1]
	1805913	1711070	1788700	20	M	65	A		-1	4968.94727612	[1, 1, 1, 1, 1, 1, 1, 1, 1, 1, 1, 1]
	1866053	1711780	1710995	20	M	156	A		-1	4969.56398122	[1, 1, 1, 1, 1, 1, 1, 1, 1, 1, 1, 1]
	1695045	1694650	1671125	19	M	24	A		-1	4970.51286527	[1, 1, 1, 1, 1, 1, 1, 1, 1, 1, 1, 1]
	1712261	1626180	1646764	19	M	198	A		-1	4970.52112451	[1, 1, 1, 1, 1, 1, 1, 1, 1, 1, 1, 1]
	1886198	1712017	1785721	20	M	152	A		-1	4970.67616142	[1, 1, 1, 1, 1, 1, 1, 1, 1, 1, 1, 1]
	1823389	1711179	1623130	20	M	2	A		-1	4971.11590551	[1, 1, 1, 1, 1, 1, 1, 1, 1, 1, 1, 1]
	1879710	1712712	1710089	20	M	66	A		-1	4971.23208729	[1, 1, 1, 1, 1, 1, 1, 1, 1, 1, 1, 1]
	1846011	1711503	1791893	20	M	34	A		-1	4971.89638992	[1, 1, 1, 1, 1, 1, 1, 1, 1, 1, 1, 1]
	1746392	1629889	1565359	19	M	173	A		-1	4972.3440422	[1, 1, 1, 1, 1, 1, 1, 1, 1, 1, 1, 1]
	1864698	1711670	1772660	20	M	171	A		-1	4975.02481416	[1, 1, 1, 1, 1, 1, 1, 1, 1, 1, 1, 1]
	1888044	1712017	1773206	20	M	7	A		-1	4977.22010714	[1, 1, 1, 1, 1, 1, 1, 1, 1, 1, 1, 1]
	1811505	1711073	1662569	20	M	31	A		-1	4977.52732604	[1, 1, 1, 1, 1, 1, 1, 1, 1, 1, 1, 1]
	1865990	1711780	1742459	20	M	162	A		-1	4978.1666285	[1, 1, 1, 1, 1, 1, 1, 1, 1, 1, 1, 1]
	1857567	1711630	1649795	20	M	119	A		-1	4978.1859116	[1, 1, 1, 1, 1, 1, 1, 1, 1, 1, 1, 1]
	1803122	1711890	1723939	20	M	110	A		-1	4978.85825601	[1, 1, 1, 1, 1, 1, 1, 1, 1, 1, 1, 1]
	1805257	1711070	1714041	20	M	12	A		-1	4979.57742967	[1, 1, 1, 1, 1, 1, 1, 1, 1, 1, 1, 1]
	1881310	1711979	1713719	20	M	42	A		-1	4980.34609698	[1, 1, 1, 1, 1, 1, 1, 1, 1, 1, 1, 1]
	1863642	1711670	1703972	20	M	24	A		-1	4981.42006089	[1, 1, 1, 1, 1, 1, 1, 1, 1, 1, 1, 1]
	1824811	1711355	1757211	20	M	88	A		-1	4981.49373195	[1, 1, 1, 1, 1, 0, 1, 1, 1, 1, 1, 1]
	1873291	1711945	1786858	20	M	41	A		-1	4982.00954064	[1, 1, 1, 1, 1, 1, 1, 1, 1, 1, 1, 1]
	1797388	1794690	1702133	20	M	139	A		-1	4982.81536478	[1, 1, 1, 1, 1, 1, 1, 1, 1, 1, 1, 1]
	1863041	1711670	1745791	20	M	84	A		-1	4982.93602387	[1, 1, 1, 1, 1, 1, 1, 1, 1, 1, 1, 1]
	1811561	1711073	1695221	20	M	60	A		-1	4983.22055548	[1, 1, 1, 1, 1, 1, 1, 1, 1, 1, 1, 1]
	1811680	1711073	1689757	20	M	97	A		-1	4984.36303587	[1, 1, 1, 1, 1, 1, 1, 1, 1, 1, 1, 1]
	1712179	1626180	1617772	19	M	65	A		-1	4985.25603021	[1, 1, 1, 0, 1, 1, 1, 1, 1, 1, 1, 1]
	1857308	1711630	1790745	20	M	153	A		-1	4986.90696064	[1, 1, 1, 1, 1, 1, 1, 1, 1, 1, 1, 1]
	1815758	1711164	1750274	20	M	98	A		-1	4987.59491852	[1, 1, 1, 1, 1, 1, 1, 1, 1, 1, 1, 1]
	1853430	1711574	1708580	20	M	81	A		-1	4988.21035957	[1, 1, 1, 1, 1, 1, 1, 1, 1, 1, 1, 1]
	1845597	1711503	1687142	20	M	130	A		-1	4988.22472159	[1, 1, 1, 1, 1, 1, 1, 1, 1, 1, 1, 1]
	1876901	1712712	1712948	20	M	38	A		-1	4988.39846086	[1, 1, 1, 1, 1, 1, 1, 1, 1, 1, 1, 1]
	1807353	1711070	1774064	20	M	2	A		-1	4988.96344473	[1, 1, 1, 1, 1, 1, 1, 1, 1, 1, 1, 1]
	1799305	1794690	1740368	20	M	63	A		-1	4989.04849256	[1, 1, 1, 1, 1, 1, 1, 1, 1, 1, 1, 1]
	1853883	1711574	1708568	20	M	122	A		-1	4989.16436961	[1, 1, 1, 1, 1, 1, 1, 1, 1, 1, 1, 1]
	1827186	1711355	1674111	20	M	56	A		-1	4989.39000817	[1, 1, 1, 1, 1, 1, 1, 1, 1, 1, 1, 1]
	1822229	1711179	1707107	20	M	38	A		-1	4989.47386068	[1, 1, 1, 1, 1, 1, 1, 1, 1, 1, 1, 1]
	1843364	1711499	1600937	20	M	30	A		-1	4989.69145555	[1, 1, 1, 1, 1, 1, 1, 1, 1, 1, 1, 1]
	1892402	1712038	1755532	20	M	149	A		-1	4990.14633113	[1, 1, 1, 1, 1, 1, 1, 1, 1, 1, 1, 1]
	1859059	1711630	1784780	20	M	139	A		-1	4990.25125557	[1, 1, 1, 1, 1, 1, 1, 1, 1, 1, 1, 1]
	1720387	1626454	1620611	19	M	108	A		-1	4990.90698697	[1, 1, 1, 1, 1, 1, 1, 1, 1, 1, 1, 1]
	1846214	1711503	1744964	20	M	175	A		-1	4991.55884069	[1, 1, 1, 1, 1, 1, 1, 1, 1, 1, 1, 1]
	1831916	1711474	1724209	20	M	51	A		-1	4991.71350312	[1, 1, 1, 1, 1, 1, 1, 1, 1, 1, 1, 1]
	1868779	1711780	1782462	20	M	196	A		-1	4992.22582307	[1, 1, 1, 1, 1, 1, 1, 1, 1, 1, 1, 1]
	1846342	1711503	1749634	20	M	92	A		-1	4993.79478694	[1, 1, 1, 1, 1, 0, 1, 1, 1, 1, 1, 1]
	1817456	1711164	1713173	20	M	28	A		-1	4993.8343935	[1, 1, 1, 1, 1, 1, 1, 1, 1, 1, 1, 1]
	1851090	1711574	1704686	20	M	161	A		-1	4995.09255584	[1, 1, 1, 1, 1, 1, 1, 1, 1, 1, 1, 1]
	1840553	1711499	1652401	20	M	63	A		-1	4995.67327141	[1, 1, 1, 1, 1, 1, 1, 1, 1, 1, 1, 1]
	1829034	1711355	1790391	20	M	44	A		-1	4995.72556619	[1, 1, 1, 1, 1, 1, 1, 1, 1, 1, 1, 1]
	1800965	1711890	1762855	20	M	115	A		-1	4995.93912497	[1, 1, 1, 1, 1, 1, 1, 1, 1, 1, 1, 1]
	1847719	1711503	1794314	20	M	79	A		-1	4995.99908066	[1, 1, 1, 1, 1, 1, 1, 1, 1, 1, 1, 1]
	1874760	1711945	1708886	20	M	143	A		-1	4996.9117845	[1, 1, 1, 1, 1, 1, 1, 1, 1, 1, 1, 1]
	1855463	1711630	1745826	20	M	6	A		-1	4997.18768775	[1, 1, 1, 1, 1, 1, 1, 1, 1, 1, 1, 1]
	1829758	1711355	1751110	20	M	10	A		-1	4997.93033287	[1, 1, 1, 1, 1, 1, 1, 1, 1, 1, 1, 1]
	1877976	1712712	1778981	20	M	50	A		-1	4997.93565311	[1, 1, 1, 1, 1, 1, 1, 1, 1, 1, 1, 1]
	1837898	1711481	1733420	20	M	55	A		-1	4998.25018204	[1, 1, 1, 1, 1, 1, 1, 1, 1, 1, 1, 1]
	1894481	1712038	1680386	20	M	58	A		-1	4998.4538769	[1, 1, 1, 1, 1, 1, 1, 1, 1, 1, 1, 1]
	1801253	1711890	1787016	20	M	104	A		-1	4998.6262738	[1, 1, 1, 1, 1, 1, 1, 1, 1, 1, 1, 1]
	1863362	1711670	1779924	20	M	35	A		-1	4998.86338425	[1, 1, 1, 1, 1, 1, 1, 1, 1, 1, 1, 1]
	1795463	1794690	1737903	20	M	113	A		-1	4998.9251425	[1, 1, 1, 1, 1, 1, 1, 1, 1, 1, 1, 1]
	1847027	1711503	1778958	20	M	170	A		-1	5001.04896999	[1, 1, 1, 1, 1, 1, 1, 1, 1, 1, 1, 1]
	1840690	1711499	1721878	20	M	29	A		-1	5002.21993886	[1, 1, 1, 1, 1, 1, 1, 1, 1, 1, 1, 1]
	1845152	1711503	1716296	20	M	112	A		-1	5002.22293136	[1, 1, 1, 1, 1, 1, 1, 1, 1, 1, 1, 1]
	1864582	1711670	1602726	20	M	156	A		-1	5002.76642991	[1, 1, 1, 1, 1, 0, 1, 1, 1, 1, 1, 1]
	1758263	1630684	1623759	19	M	173	A		-1	5003.58748394	[1, 1, 1, 1, 1, 0, 1, 1, 1, 1, 1, 1]
	1712192	1626180	1599856	19	M	175	A		-1	5004.65793599	[1, 1, 1, 1, 1, 1, 1, 1, 1, 1, 1, 1]
	1854854	1711630	1754428	20	M	97	A		-1	5006.48012814	[1, 1, 1, 1, 1, 1, 1, 1, 1, 1, 1, 1]
	1867677	1711780	1747278	20	M	193	A		-1	5008.29915784	[1, 1, 1, 1, 1, 1, 1, 1, 1, 1, 1, 1]
	1760252	1630801	1662922	19	M	77	A		-1	5009.3914755	[1, 1, 1, 1, 1, 1, 1, 1, 1, 1, 1, 1]
	1884367	1711979	1715077	20	M	56	A		-1	5009.40021524	[1, 1, 1, 1, 1, 1, 1, 1, 1, 1, 1, 1]
	1699575	1694650	1646040	19	M	59	A		-1	5010.37652183	[1, 1, 1, 1, 1, 1, 1, 1, 1, 1, 1, 1]
	1862811	1711670	1789991	20	M	49	A		-1	5010.37932064	[1, 1, 1, 1, 1, 1, 1, 1, 1, 1, 1, 1]
	1847738	1711503	1778406	20	M	39	A		-1	5010.42441183	[1, 1, 1, 1, 1, 1, 1, 1, 1, 1, 1, 1]
	1870868	1711945	1626900	20	M	26	A		-1	5010.8999315	[1, 1, 1, 1, 1, 1, 1, 1, 1, 1, 1, 1]
	1823376	1711179	1676460	20	M	101	A		-1	5011.42044027	[1, 1, 1, 1, 1, 1, 1, 1, 1, 1, 1, 1]
	1861103	1711670	1772699	20	M	152	A		-1	5012.82006892	[1, 1, 1, 1, 1, 1, 1, 1, 1, 1, 1, 1]
	1847956	1711503	1604586	20	M	163	A		-1	5013.77693258	[1, 1, 1, 1, 1, 1, 1, 1, 1, 1, 1, 1]
	1886663	1712017	1754148	20	M	126	A		-1	5013.81857988	[1, 1, 1, 1, 1, 1, 1, 1, 1, 1, 1, 1]
	1894270	1712038	1744935	20	M	185	A		-1	5013.9259033	[1, 1, 1, 1, 1, 1, 1, 1, 1, 1, 1, 1]
	1686208	1519410	1592328	18	M	96	A		-1	5014.07062199	[1, 1, 1, 1, 1, 1, 1, 1, 1, 1, 1, 1]
	1697474	1694650	1647316	19	M	59	A		-1	5016.41252465	[1, 1, 1, 1, 1, 1, 1, 1, 1, 1, 1, 1]
	1819705	1711164	1623301	20	M	15	A		-1	5016.46548092	[1, 1, 1, 1, 1, 1, 1, 1, 1, 1, 1, 1]
	1836146	1711481	1730397	20	M	187	A		-1	5016.61168286	[1, 1, 1, 1, 1, 1, 1, 1, 1, 1, 1, 1]
	1868997	1711780	1721253	20	M	78	A		-1	5017.08950447	[1, 1, 1, 1, 1, 1, 1, 1, 1, 1, 1, 1]
	1888381	1712017	1663721	20	M	109	A		-1	5017.85236294	[1, 1, 1, 1, 1, 1, 1, 1, 1, 1, 1, 1]
	1892207	1712038	1632223	20	M	6	A		-1	5020.64479386	[1, 1, 1, 1, 1, 1, 1, 1, 1, 1, 1, 1]
	1827414	1711355	1711182	20	M	18	A		-1	5020.6558203	[1, 1, 1, 1, 1, 1, 1, 1, 1, 1, 1, 1]
	1839712	1711481	1751686	20	M	83	A		-1	5022.49847749	[1, 1, 1, 1, 1, 1, 1, 1, 1, 1, 1, 1]
	1807854	1711070	1702993	20	M	162	A		-1	5023.2471311	[1, 1, 1, 1, 1, 0, 1, 1, 1, 1, 1, 1]
	1828808	1711355	1751401	20	M	87	A		-1	5023.34370605	[1, 1, 1, 1, 1, 1, 1, 1, 1, 1, 1, 1]
	1829648	1711355	1669148	20	M	144	A		-1	5025.01437643	[1, 1, 1, 1, 1, 1, 1, 1, 1, 1, 1, 1]
	1867046	1711780	1752173	20	M	109	A		-1	5028.15919234	[1, 1, 1, 1, 1, 1, 1, 1, 1, 1, 1, 1]
	1808585	1711070	1732508	20	M	51	A		-1	5029.45467013	[1, 1, 1, 1, 1, 0, 1, 1, 1, 1, 1, 1]
	1848394	1711503	1737092	20	M	88	A		-1	5030.16682866	[1, 1, 1, 1, 1, 0, 1, 1, 1, 1, 1, 1]
	1828620	1711355	1596089	20	M	129	A		-1	5030.3534588	[1, 1, 1, 1, 1, 1, 1, 1, 1, 1, 1, 1]
	1859871	1711670	1780086	20	M	164	A		-1	5032.90202911	[1, 1, 1, 1, 1, 1, 1, 1, 1, 1, 1, 1]
	1840085	1711499	1788482	20	M	5	A		-1	5034.29773407	[1, 1, 1, 1, 1, 1, 1, 1, 1, 1, 1, 1]
	1852190	1711574	1769105	20	M	144	A		-1	5034.42288754	[1, 1, 1, 1, 1, 1, 1, 1, 1, 1, 1, 1]
	1809417	1711070	1788407	20	M	110	A		-1	5035.06417082	[1, 1, 1, 1, 1, 0, 1, 1, 1, 1, 1, 1]
	1886790	1712017	1756577	20	M	168	A		-1	5035.09557005	[1, 1, 1, 1, 1, 0, 1, 1, 1, 1, 1, 1]
	1853574	1711574	1758752	20	M	137	A		-1	5035.17132269	[1, 1, 1, 1, 1, 0, 1, 1, 1, 1, 1, 1]
	1819025	1711164	1746699	20	M	91	A		-1	5035.58878323	[1, 1, 1, 1, 1, 1, 1, 1, 1, 1, 1, 1]
	1825727	1711355	1691959	20	M	70	A		-1	5036.23400931	[1, 1, 1, 1, 1, 1, 1, 1, 1, 1, 1, 1]
	1830936	1711474	1778129	20	M	91	A		-1	5036.8169234	[1, 1, 1, 1, 1, 1, 1, 1, 1, 1, 1, 1]
	1893899	1712038	1784541	20	M	4	A		-1	5038.01517416	[1, 1, 1, 1, 1, 1, 1, 1, 1, 1, 1, 1]
	1878620	1712712	1744160	20	M	110	A		-1	5039.35010066	[1, 1, 1, 1, 1, 1, 1, 1, 1, 1, 1, 1]
	1873992	1711945	1717964	20	M	154	A		-1	5039.47791366	[1, 1, 1, 1, 1, 1, 1, 1, 1, 1, 1, 1]
	1718437	1626442	1606205	19	M	38	A		-1	5040.47690565	[1, 1, 1, 1, 1, 1, 1, 1, 1, 1, 1, 1]
	1886177	1712017	1752864	20	M	19	A		-1	5040.77652957	[1, 1, 1, 1, 1, 1, 1, 1, 1, 1, 1, 1]
	1844487	1711499	1714575	20	M	196	A		-1	5041.90528771	[1, 1, 1, 1, 1, 1, 1, 1, 1, 1, 1, 1]
	1846279	1711503	1762758	20	M	16	A		-1	5043.06291689	[1, 1, 1, 1, 1, 1, 1, 1, 1, 1, 1, 1]
	1866650	1711780	1789033	20	M	173	A		-1	5044.14404094	[1, 1, 1, 1, 1, 1, 1, 1, 1, 1, 1, 1]
	1799426	1794690	1685155	20	M	12	A		-1	5045.41068047	[1, 1, 1, 1, 1, 1, 1, 1, 1, 1, 1, 1]
	1816103	1711164	1777267	20	M	141	A		-1	5045.69983723	[1, 1, 1, 1, 1, 1, 1, 1, 1, 1, 1, 1]
	1882351	1711979	1734269	20	M	52	A		-1	5048.01375281	[1, 1, 1, 1, 1, 1, 1, 1, 1, 1, 1, 1]
	1887621	1712017	1776586	20	M	149	A		-1	5048.69385102	[1, 1, 1, 1, 1, 1, 1, 1, 1, 1, 1, 1]
	1862720	1711670	1776722	20	M	40	A		-1	5049.12246087	[1, 1, 1, 1, 1, 1, 1, 1, 1, 1, 1, 1]
	1878687	1712712	1730810	20	M	88	A		-1	5051.66685705	[1, 1, 1, 1, 1, 1, 1, 1, 1, 1, 1, 1]
	1819642	1711164	1761788	20	M	0	A		-1	5052.10115761	[1, 1, 1, 1, 1, 1, 1, 1, 1, 1, 1, 1]
	1827430	1711355	1699912	20	M	62	A		-1	5055.37364584	[1, 1, 1, 1, 1, 1, 1, 1, 1, 1, 1, 1]
	1857807	1711630	1670082	20	M	54	A		-1	5056.16453634	[1, 1, 1, 1, 1, 1, 1, 1, 1, 1, 1, 1]
	1841699	1711499	1719855	20	M	3	A		-1	5056.71293735	[1, 1, 1, 1, 1, 1, 1, 1, 1, 1, 1, 1]
	1824015	1711179	1685310	20	M	16	A		-1	5058.48814398	[1, 1, 1, 1, 1, 1, 1, 1, 1, 1, 1, 1]
	1893144	1712038	1754888	20	M	109	A		-1	5058.92716807	[1, 1, 1, 1, 1, 1, 1, 1, 1, 1, 1, 1]
	1846888	1711503	1775208	20	M	33	A		-1	5059.53888518	[1, 1, 1, 1, 1, 1, 1, 1, 1, 1, 1, 1]
	1852897	1711574	1756598	20	M	51	A		-1	5059.86269528	[1, 1, 1, 1, 1, 1, 1, 1, 1, 1, 1, 1]
	1828783	1711355	1741396	20	M	177	A		-1	5060.68078263	[1, 1, 1, 1, 1, 1, 1, 1, 1, 1, 1, 1]
	1889278	1712017	1712852	20	M	155	A		-1	5061.78204393	[1, 1, 1, 1, 1, 1, 1, 1, 1, 1, 1, 1]
	1850046	1711574	1779013	20	M	63	A		-1	5062.53428317	[1, 1, 1, 1, 1, 1, 1, 1, 1, 1, 1, 1]
	1833076	1711474	1788426	20	M	3	A		-1	5064.41766183	[1, 1, 1, 1, 1, 1, 1, 1, 1, 1, 1, 1]
	1884919	1712017	1788249	20	M	46	A		-1	5065.01886569	[1, 1, 1, 1, 1, 1, 1, 1, 1, 1, 1, 1]
	1840353	1711499	1695565	20	M	187	A		-1	5066.15971453	[1, 1, 1, 1, 1, 1, 1, 1, 1, 1, 1, 1]
	1890356	1712038	1727929	20	M	188	A		-1	5067.5088358	[1, 1, 1, 1, 1, 1, 1, 1, 1, 1, 1, 1]
	1855354	1711630	1765019	20	M	88	A		-1	5067.98540721	[1, 1, 1, 1, 1, 1, 1, 1, 1, 1, 1, 1]
	1847970	1711503	1694896	20	M	173	A		-1	5070.95235313	[1, 1, 1, 1, 1, 1, 1, 1, 1, 1, 1, 1]
	1840383	1711499	1782279	20	M	63	A		-1	5071.68763104	[1, 1, 1, 1, 1, 1, 1, 1, 1, 1, 1, 1]
	1871862	1711945	1724922	20	M	13	A		-1	5073.8874421	[1, 1, 1, 1, 1, 1, 1, 1, 1, 1, 1, 1]
	1870416	1711945	1713990	20	M	181	A		-1	5073.93564165	[1, 1, 1, 1, 1, 1, 1, 1, 1, 1, 1, 1]
	1889485	1712017	1622070	20	M	164	A		-1	5073.98397221	[1, 1, 1, 1, 1, 1, 1, 1, 1, 1, 1, 1]
	1845124	1711503	1730941	20	M	116	A		-1	5077.35059062	[1, 1, 1, 1, 1, 1, 1, 1, 1, 1, 1, 1]
	1852940	1711574	1697814	20	M	88	A		-1	5078.30799476	[1, 1, 1, 1, 1, 1, 1, 1, 1, 1, 1, 1]
	1854640	1711574	1734967	20	M	167	A		-1	5078.90772145	[1, 1, 1, 1, 1, 1, 1, 1, 1, 1, 1, 1]
	1860260	1711670	1790504	20	M	150	A		-1	5080.11133777	[1, 1, 1, 1, 1, 1, 1, 1, 1, 1, 1, 1]
	1846645	1711503	1614537	20	M	2	A		-1	5081.01215907	[1, 1, 1, 1, 1, 1, 1, 1, 1, 1, 1, 1]
	1833065	1711474	1678281	20	M	97	A		-1	5082.0680907	[1, 1, 1, 1, 1, 1, 1, 1, 1, 1, 1, 1]
	1804362	1711890	1769056	20	M	112	A		-1	5083.50196233	[1, 1, 1, 1, 1, 1, 1, 1, 1, 1, 1, 1]
	1887487	1712017	1729765	20	M	68	A		-1	5084.26976969	[1, 1, 1, 1, 1, 1, 1, 1, 1, 1, 1, 1]
	1857137	1711630	1733200	20	M	174	A		-1	5084.8833782	[1, 1, 1, 1, 1, 1, 1, 1, 1, 1, 1, 1]
	1848861	1711503	1720203	20	M	99	A		-1	5086.04093262	[1, 1, 1, 1, 1, 1, 1, 1, 1, 1, 1, 1]
	1852637	1711574	1720759	20	M	80	A		-1	5089.7536463	[1, 1, 1, 1, 1, 1, 1, 1, 1, 1, 1, 1]
	1695677	1694650	1608887	19	M	147	A		-1	5090.84290803	[1, 1, 1, 1, 1, 1, 1, 1, 1, 1, 1, 1]
	1864044	1711670	1712854	20	M	174	A		-1	5094.1716581	[1, 1, 1, 1, 1, 1, 1, 1, 1, 1, 1, 1]
	1829398	1711355	1624126	20	M	107	A		-1	5094.46744484	[1, 1, 1, 1, 1, 1, 1, 1, 1, 1, 1, 1]
	1801305	1711890	1728935	20	M	66	A		-1	5096.62097059	[1, 1, 1, 1, 1, 1, 1, 1, 1, 1, 1, 1]
	1867065	1711780	1523187	20	M	29	A		-1	5102.45420736	[1, 1, 1, 1, 1, 1, 1, 1, 1, 1, 1, 1]
	1854072	1711574	1776927	20	M	115	A		-1	5106.39614184	[1, 1, 1, 1, 1, 1, 1, 1, 1, 1, 1, 1]
	1855434	1711630	1706807	20	M	146	A		-1	5106.89530862	[1, 1, 1, 1, 1, 1, 1, 1, 1, 1, 1, 1]
	1872996	1711945	1734750	20	M	98	A		-1	5108.82555717	[1, 1, 1, 1, 1, 1, 1, 1, 1, 1, 1, 1]
	1807130	1711070	1632944	20	M	71	A		-1	5113.34687614	[1, 1, 1, 1, 1, 1, 1, 1, 1, 1, 1, 1]
	1810897	1711073	1596453	20	M	175	A		-1	5117.82500912	[1, 1, 1, 1, 1, 1, 1, 1, 1, 1, 1, 1]
	1853031	1711574	1662405	20	M	158	A		-1	5118.79970481	[1, 1, 1, 1, 1, 1, 1, 1, 1, 1, 1, 1]
	1871306	1711945	1712971	20	M	152	A		-1	5119.28782917	[1, 1, 1, 1, 1, 1, 1, 1, 1, 1, 1, 1]
	1816947	1711164	1735217	20	M	144	A		-1	5121.4983558	[1, 1, 1, 1, 1, 1, 1, 1, 1, 1, 1, 1]
	1841856	1711499	1711363	20	M	64	A		-1	5125.78234436	[1, 1, 1, 1, 1, 1, 1, 1, 1, 1, 1, 1]
	1849055	1711503	1696603	20	M	123	A		-1	5130.9956577	[1, 1, 1, 1, 1, 1, 1, 1, 1, 1, 1, 1]
	1844155	1711499	1787909	20	M	1	A		-1	5131.08465764	[1, 1, 1, 1, 1, 1, 1, 1, 1, 1, 1, 1]
	1816788	1711164	1779370	20	M	181	A		-1	5136.46225321	[1, 1, 1, 1, 1, 1, 1, 1, 1, 1, 1, 1]
	1879546	1712712	1725075	20	M	130	A		-1	5143.23607263	[1, 1, 1, 1, 1, 1, 1, 1, 1, 1, 1, 1]
	1871600	1711945	1746114	20	M	93	A		-1	5157.72525325	[1, 1, 1, 1, 1, 0, 1, 1, 1, 1, 1, 0]
	1854937	1711630	1633041	20	M	119	A		-1	5166.0973886	[1, 1, 1, 1, 1, 1, 1, 1, 1, 1, 1, 1]
	1848208	1711503	1762297	20	M	150	A		-1	5166.79853526	[1, 1, 1, 1, 1, 1, 1, 1, 1, 1, 1, 1]
	1878641	1712712	1752091	20	M	111	A		-1	5168.31010856	[1, 1, 1, 1, 1, 1, 1, 1, 1, 1, 1, 1]
	1878591	1712712	1637586	20	M	146	A		-1	5174.87624093	[1, 1, 1, 1, 1, 1, 1, 1, 1, 1, 1, 1]
	1849495	1711503	1763159	20	M	88	A		-1	5176.94854288	[1, 1, 1, 1, 1, 0, 1, 1, 1, 1, 1, 1]
	1822283	1711179	1696649	20	M	190	A		-1	5179.50836419	[1, 1, 1, 1, 1, 1, 1, 1, 1, 1, 1, 1]
	1864375	1711670	1699252	20	M	195	A		-1	5181.07851867	[1, 1, 1, 1, 1, 1, 1, 1, 1, 1, 1, 1]
	1872334	1711945	1724395	20	M	154	A		-1	5183.07193063	[1, 1, 1, 1, 1, 1, 1, 1, 1, 1, 1, 1]
	1823877	1711179	1730293	20	M	116	A		-1	5198.15693229	[1, 1, 1, 1, 1, 1, 1, 1, 1, 1, 1, 1]
	1850955	1711574	1695904	20	M	72	A		-1	5201.10537828	[1, 1, 1, 1, 1, 1, 1, 1, 1, 1, 1, 1]
	1828399	1711355	1652358	20	M	117	A		-1	5207.32341422	[1, 1, 1, 1, 1, 1, 1, 1, 1, 1, 1, 1]
	1828588	1711355	1746757	20	M	179	A		-1	5218.83260661	[1, 1, 1, 1, 1, 1, 1, 1, 1, 1, 1, 1]
	1857547	1711630	1724107	20	M	107	A		-1	5239.46715492	[1, 1, 1, 1, 1, 1, 1, 1, 1, 1, 1, 1]
	1878574	1712712	1712492	20	M	82	A		-1	5283.88451568	[1, 1, 1, 1, 1, 1, 1, 1, 1, 1, 1, 1]
	1854280	1711574	1712846	20	M	52	A		-1	5313.52469275	[1, 1, 1, 1, 1, 1, 1, 1, 1, 1, 1, 1]
	1808032	1711070	1743246	20	M	9	A		-1	5337.77013114	[1, 1, 1, 1, 1, 0, 1, 1, 1, 1, 1, 1]
	1828154	1711355	1791972	20	M	147	A		-1	5473.75972155	[1, 1, 1, 1, 1, 1, 1, 1, 1, 1, 1, 1]
