animal	sire	dam	born	sex	herd	status	cause	died	TBV	recessives
	1111087	1028763	1041875	13	M	66	A		-1	3326.23571082	[1, 1, 1, 1, 1, 1, 1, 1, 1, 1, 1, 1]
	1145787	1030251	1010323	13	M	108	A		-1	3326.40697303	[1, 1, 1, 1, 1, 1, 1, 1, 1, 1, 1, 1]
	1096319	1094780	1037355	13	M	10	A		-1	3326.63504317	[1, 1, 1, 1, 1, 1, 1, 1, 1, 1, 1, 1]
	1126377	1029371	1081546	13	M	115	A		-1	3326.75646415	[1, 1, 1, 1, 1, 1, 1, 1, 1, 1, 1, 1]
	1103209	1030908	936340	13	M	74	A		-1	3326.83732191	[1, 1, 1, 1, 1, 1, 1, 1, 1, 1, 1, 1]
	1181678	1031262	934852	13	M	99	A		-1	3326.86097381	[1, 1, 1, 1, 1, 1, 1, 1, 1, 1, 1, 1]
	1114347	1028763	1031778	13	M	167	A		-1	3327.58058601	[1, 1, 1, 1, 1, 1, 1, 1, 1, 1, 1, 1]
	1155826	1030681	1081106	13	M	88	A		-1	3327.93452284	[1, 1, 1, 1, 1, 1, 1, 1, 1, 1, 1, 1]
	1155132	1030681	938219	13	M	91	A		-1	3328.20546945	[1, 1, 1, 1, 1, 1, 1, 1, 1, 1, 1, 1]
	1141512	1029784	1058942	13	M	40	A		-1	3328.27614749	[1, 1, 1, 1, 1, 1, 1, 1, 1, 1, 1, 1]
	1180703	1031262	1056021	13	M	47	A		-1	3328.4144242	[1, 1, 1, 1, 1, 1, 1, 1, 1, 1, 1, 1]
	1132127	1029389	1059448	13	M	128	A		-1	3328.43185982	[1, 1, 1, 1, 1, 1, 1, 1, 1, 1, 1, 1]
	1128684	1029371	1059500	13	M	192	A		-1	3328.4603641	[1, 1, 1, 1, 1, 1, 1, 1, 1, 1, 1, 1]
	1125845	1029371	1078231	13	M	91	A		-1	3328.51485927	[1, 1, 1, 1, 1, 1, 1, 1, 1, 1, 1, 1]
	1163680	1030830	1092789	13	M	149	A		-1	3328.60083553	[1, 1, 1, 1, 1, 1, 1, 1, 1, 1, 1, 1]
	1147955	1030251	1028329	13	M	24	A		-1	3329.29390532	[1, 1, 1, 1, 1, 1, 1, 1, 1, 1, 1, 1]
	1142650	1029784	977706	13	M	47	A		-1	3329.30595364	[1, 1, 1, 1, 1, 1, 1, 1, 1, 1, 1, 1]
	1131950	1029389	1040248	13	M	171	A		-1	3329.45109213	[1, 1, 1, 1, 1, 1, 1, 1, 1, 1, 1, 1]
	1124949	1029371	996151	13	M	3	A		-1	3330.31289888	[1, 1, 1, 1, 1, 1, 1, 1, 1, 1, 1, 1]
	1126117	1029371	1034843	13	M	182	A		-1	3330.574403	[1, 1, 1, 1, 1, 1, 1, 1, 1, 1, 1, 1]
	1171445	1031013	1085278	13	M	96	A		-1	3330.63136997	[1, 1, 1, 1, 1, 1, 1, 1, 1, 1, 1, 1]
	1142136	1029784	1034037	13	M	116	A		-1	3330.66792253	[1, 1, 1, 1, 1, 1, 1, 1, 1, 1, 1, 1]
	1155194	1030681	807416	13	M	74	A		-1	3330.66861899	[1, 1, 1, 1, 1, 1, 1, 1, 1, 1, 1, 1]
	1100958	1030908	965396	13	M	88	A		-1	3331.22608667	[1, 1, 1, 1, 1, 1, 1, 1, 1, 1, 1, 1]
	1133573	1029389	1089592	13	M	58	A		-1	3331.35374121	[1, 1, 1, 1, 1, 1, 1, 1, 1, 1, 1, 1]
	1128012	1029371	1019109	13	M	134	A		-1	3331.36881511	[1, 1, 1, 1, 1, 1, 1, 1, 1, 1, 1, 1]
	1151593	1030616	1088083	13	M	105	A		-1	3331.53453797	[1, 1, 1, 1, 1, 1, 1, 1, 1, 1, 1, 1]
	1123193	1029289	979825	13	M	13	A		-1	3331.58252048	[1, 1, 1, 1, 1, 1, 1, 1, 1, 1, 1, 1]
	1181033	1031262	912176	13	M	98	A		-1	3331.95365022	[1, 1, 1, 1, 1, 1, 1, 1, 1, 1, 1, 1]
	1161147	1030830	1024953	13	M	8	A		-1	3332.06477583	[1, 1, 1, 1, 1, 1, 1, 1, 1, 1, 1, 1]
	1125850	1029371	1051794	13	M	182	A		-1	3332.09682665	[1, 1, 1, 1, 1, 1, 1, 1, 1, 1, 1, 1]
	1156439	1030681	1073365	13	M	129	A		-1	3332.12218102	[1, 1, 1, 1, 1, 1, 1, 1, 1, 1, 1, 1]
	1147721	1030251	1033524	13	M	155	A		-1	3332.13653922	[1, 1, 1, 1, 1, 1, 1, 1, 1, 1, 1, 0]
	1098086	1094780	1042840	13	M	184	A		-1	3332.16262042	[1, 1, 1, 1, 1, 1, 1, 1, 1, 1, 1, 1]
	1155211	1030681	1001988	13	M	52	A		-1	3332.17387902	[1, 1, 0, 1, 1, 1, 1, 1, 1, 1, 1, 1]
	1089680	927355	843433	12	M	29	A		-1	3332.43080105	[1, 1, 1, 1, 1, 1, 1, 1, 1, 1, 1, 1]
	1156641	1030681	1033036	13	M	187	A		-1	3332.60590339	[1, 1, 1, 1, 1, 1, 1, 1, 1, 1, 1, 1]
	1139549	1029579	1028974	13	M	43	A		-1	3332.73113432	[1, 1, 1, 1, 1, 1, 1, 1, 1, 1, 1, 1]
	1142137	1029784	1022334	13	M	73	A		-1	3332.95346691	[1, 1, 1, 1, 1, 1, 1, 1, 1, 1, 1, 1]
	1137783	1029579	1010394	13	M	59	A		-1	3333.39298775	[1, 1, 1, 1, 1, 1, 1, 1, 1, 1, 1, 1]
	1159062	1030681	1026597	13	M	179	A		-1	3333.5941112	[1, 1, 1, 1, 1, 1, 1, 1, 1, 1, 1, 1]
	1155046	1030681	1041336	13	M	21	A		-1	3333.73173037	[1, 1, 1, 1, 1, 0, 1, 1, 1, 1, 1, 1]
	1160122	1030830	1022562	13	M	44	A		-1	3334.48880519	[1, 1, 1, 1, 1, 1, 1, 1, 1, 1, 1, 1]
	1099297	1094780	1046893	13	M	183	A		-1	3335.07892456	[1, 1, 1, 1, 1, 1, 1, 1, 1, 1, 1, 1]
	1183846	1031262	1089121	13	M	102	A		-1	3335.7813712	[1, 1, 1, 1, 1, 1, 1, 1, 1, 1, 1, 1]
	1099701	1094780	1009767	13	M	23	A		-1	3336.08820164	[1, 1, 1, 1, 1, 1, 1, 1, 1, 1, 1, 1]
	1157775	1030681	1027954	13	M	17	A		-1	3336.34963318	[1, 1, 1, 1, 1, 1, 1, 1, 1, 1, 1, 1]
	1104583	1030908	1082922	13	M	81	A		-1	3336.40572092	[1, 1, 1, 1, 1, 1, 1, 1, 1, 1, 1, 1]
	1126944	1029371	1091275	13	M	132	A		-1	3337.67188913	[1, 1, 1, 1, 1, 1, 1, 1, 1, 1, 1, 1]
	1141394	1029784	1048292	13	M	187	A		-1	3338.14824065	[1, 1, 1, 1, 1, 1, 1, 1, 1, 1, 1, 1]
	1148184	1030251	941245	13	M	84	A		-1	3338.44483516	[1, 1, 1, 1, 1, 1, 1, 1, 1, 1, 1, 1]
	1155541	1030681	1052577	13	M	166	A		-1	3338.55180593	[1, 1, 1, 1, 1, 1, 1, 1, 1, 1, 1, 1]
	1127934	1029371	943544	13	M	160	A		-1	3339.01593347	[1, 1, 1, 1, 1, 1, 1, 1, 1, 1, 1, 1]
	1119216	1029107	1092953	13	M	76	A		-1	3339.03869035	[1, 1, 1, 1, 1, 1, 1, 1, 1, 1, 1, 1]
	1115435	1029107	1070253	13	M	138	A		-1	3339.11145743	[1, 1, 1, 1, 1, 1, 1, 1, 1, 1, 1, 1]
	1184855	1031278	801230	13	M	151	A		-1	3339.18922943	[1, 1, 1, 1, 1, 1, 1, 1, 1, 1, 1, 1]
	1117957	1029107	978591	13	M	32	A		-1	3339.26502522	[1, 1, 1, 1, 1, 1, 1, 1, 1, 1, 1, 1]
	1142156	1029784	1092725	13	M	117	A		-1	3339.3119767	[1, 1, 1, 1, 1, 1, 1, 1, 1, 1, 1, 1]
	1148223	1030251	1084028	13	M	194	A		-1	3339.73598562	[1, 1, 1, 1, 1, 1, 1, 1, 1, 1, 1, 1]
	1122206	1029289	1057178	13	M	6	A		-1	3339.89109119	[1, 1, 1, 1, 1, 1, 1, 1, 1, 1, 1, 1]
	932610	823110	880969	11	M	89	A		-1	3339.96291092	[1, 1, 1, 1, 1, 1, 1, 1, 1, 1, 1, 1]
	1155515	1030681	1092428	13	M	58	A		-1	3340.01452675	[1, 1, 1, 1, 1, 1, 1, 1, 1, 1, 1, 1]
	1127888	1029371	1091604	13	M	146	A		-1	3340.25817102	[1, 1, 1, 1, 1, 1, 1, 1, 1, 1, 1, 1]
	1159322	1030681	1090023	13	M	181	A		-1	3340.56723732	[1, 1, 1, 1, 1, 1, 1, 1, 1, 1, 1, 1]
	1134658	1029389	1013107	13	M	162	A		-1	3340.59332995	[1, 1, 1, 1, 1, 1, 1, 1, 1, 1, 1, 1]
	1159538	1030681	1049952	13	M	39	A		-1	3340.76663764	[1, 1, 1, 1, 1, 1, 1, 1, 1, 1, 1, 1]
	1143667	1029784	1068006	13	M	41	A		-1	3340.82401021	[1, 1, 1, 1, 1, 1, 1, 1, 1, 1, 1, 1]
	1146662	1030251	1018299	13	M	82	A		-1	3341.57046248	[1, 1, 1, 1, 1, 1, 1, 1, 1, 1, 1, 1]
	1122081	1029289	951651	13	M	77	A		-1	3341.60412733	[1, 1, 1, 1, 1, 1, 1, 1, 1, 1, 1, 1]
	1171892	1031013	1069804	13	M	110	A		-1	3341.99425818	[1, 1, 1, 1, 1, 1, 1, 1, 1, 1, 1, 1]
	1133103	1029389	1090614	13	M	92	A		-1	3342.52671011	[1, 1, 1, 1, 1, 1, 1, 1, 1, 1, 1, 1]
	1186621	1031278	1055124	13	M	170	A		-1	3342.56569097	[1, 1, 1, 1, 1, 1, 1, 1, 1, 1, 1, 1]
	1144799	1030251	1080838	13	M	133	A		-1	3342.80942738	[1, 1, 1, 1, 1, 1, 1, 1, 1, 1, 1, 0]
	1126293	1029371	1081597	13	M	199	A		-1	3342.90565179	[1, 1, 1, 1, 1, 1, 1, 1, 1, 1, 1, 1]
	1119942	1029289	1084781	13	M	186	A		-1	3343.02907174	[1, 1, 1, 1, 1, 1, 1, 1, 1, 1, 1, 1]
	1128180	1029371	1046828	13	M	63	A		-1	3343.22302623	[1, 1, 1, 1, 1, 1, 1, 1, 1, 1, 1, 1]
	1052066	926418	966638	12	M	175	A		-1	3343.31084976	[1, 1, 1, 1, 1, 1, 1, 1, 1, 1, 1, 1]
	1156407	1030681	1085613	13	M	111	A		-1	3343.61140139	[1, 1, 1, 1, 1, 1, 1, 1, 1, 1, 1, 1]
	1054962	926483	983895	12	M	66	A		-1	3344.00293714	[1, 1, 1, 1, 1, 1, 1, 1, 1, 1, 1, 1]
	1105129	1028591	991955	13	M	174	A		-1	3344.02853581	[1, 1, 1, 1, 1, 1, 1, 1, 1, 1, 1, 1]
	1128936	1029371	1007598	13	M	105	A		-1	3344.61920671	[1, 1, 1, 1, 1, 1, 1, 1, 1, 1, 1, 1]
	1156884	1030681	950366	13	M	151	A		-1	3344.81723917	[1, 1, 1, 1, 1, 1, 1, 1, 1, 1, 1, 0]
	1125181	1029371	991435	13	M	13	A		-1	3344.89085566	[1, 1, 1, 1, 1, 1, 1, 1, 1, 1, 1, 1]
	1155135	1030681	1076066	13	M	121	A		-1	3344.90100665	[1, 1, 1, 1, 1, 1, 1, 1, 1, 1, 1, 1]
	1112816	1028763	1070369	13	M	132	A		-1	3345.06376973	[1, 1, 1, 1, 1, 1, 1, 1, 1, 1, 1, 1]
	1158165	1030681	1013439	13	M	132	A		-1	3345.09939356	[1, 1, 1, 1, 1, 1, 1, 1, 1, 1, 1, 1]
	1150024	1030616	1093903	13	M	67	A		-1	3345.17701843	[1, 1, 1, 1, 1, 1, 1, 1, 1, 1, 1, 1]
	1104679	1030908	1049029	13	M	131	A		-1	3345.32511414	[1, 1, 1, 1, 1, 1, 1, 1, 1, 1, 1, 1]
	1174402	1031013	740838	13	M	90	A		-1	3345.55111741	[1, 1, 1, 1, 1, 1, 1, 1, 1, 1, 1, 0]
	1122069	1029289	1025179	13	M	101	A		-1	3346.19789031	[1, 1, 1, 1, 1, 1, 1, 1, 1, 1, 1, 1]
	1181448	1031262	1076559	13	M	186	A		-1	3346.26321667	[1, 1, 1, 1, 1, 1, 1, 1, 1, 1, 1, 1]
	1191593	1031369	1010848	13	M	168	A		-1	3346.29455809	[1, 1, 1, 1, 1, 1, 1, 1, 1, 1, 1, 1]
	1048562	926341	713241	12	M	29	A		-1	3346.56652416	[1, 1, 1, 1, 1, 1, 1, 1, 1, 1, 1, 1]
	1182512	1031262	1036369	13	M	62	A		-1	3346.76414547	[1, 1, 1, 1, 1, 1, 1, 1, 1, 1, 1, 1]
	1098600	1094780	1039243	13	M	123	A		-1	3346.82532066	[1, 1, 1, 1, 1, 1, 1, 1, 1, 1, 1, 1]
	1157465	1030681	950772	13	M	199	A		-1	3347.17275545	[1, 1, 1, 1, 1, 1, 1, 1, 1, 1, 1, 1]
	1123682	1029289	1054646	13	M	26	A		-1	3347.37127558	[1, 1, 1, 1, 1, 1, 1, 1, 1, 1, 1, 1]
	1189942	1031369	1065623	13	M	66	A		-1	3347.38347364	[1, 1, 1, 1, 1, 1, 1, 1, 1, 1, 1, 1]
	995808	994748	978673	12	M	154	A		-1	3347.69882859	[1, 1, 0, 1, 1, 1, 1, 1, 1, 1, 1, 1]
	1118173	1029107	831167	13	M	64	A		-1	3348.01317729	[1, 1, 1, 1, 1, 1, 1, 1, 1, 1, 1, 1]
	1028286	926004	899319	12	M	168	A		-1	3348.71307338	[1, 1, 1, 1, 1, 1, 1, 1, 1, 1, 1, 1]
	1109983	1028763	958211	13	M	33	A		-1	3349.00917981	[1, 1, 1, 1, 1, 1, 1, 1, 1, 1, 1, 1]
	1120919	1029289	934643	13	M	12	A		-1	3349.24402698	[1, 1, 1, 1, 1, 1, 1, 1, 1, 1, 1, 1]
	1111545	1028763	1048612	13	M	68	A		-1	3349.82654394	[1, 1, 1, 1, 1, 1, 1, 1, 1, 1, 1, 0]
	1155721	1030681	957895	13	M	88	A		-1	3349.91678161	[1, 1, 1, 1, 1, 1, 1, 1, 1, 1, 1, 1]
	1172620	1031013	1090608	13	M	84	A		-1	3350.1054354	[1, 1, 1, 0, 1, 1, 1, 1, 1, 1, 1, 1]
	1110554	1028763	922248	13	M	14	A		-1	3350.21328332	[1, 1, 1, 1, 1, 1, 1, 1, 1, 1, 1, 1]
	1156092	1030681	1018927	13	M	164	A		-1	3350.45175878	[1, 1, 1, 1, 1, 1, 1, 1, 1, 1, 1, 1]
	1177853	1032709	1045482	13	M	188	A		-1	3350.94304875	[1, 1, 1, 1, 1, 1, 1, 1, 1, 1, 1, 1]
	1194257	1031369	956989	13	M	70	A		-1	3351.16634855	[1, 1, 1, 1, 1, 1, 1, 1, 1, 1, 1, 1]
	1120683	1029289	1011910	13	M	14	A		-1	3352.1785519	[1, 1, 1, 1, 1, 1, 1, 1, 1, 1, 1, 1]
	1157670	1030681	946194	13	M	42	A		-1	3352.63832553	[1, 1, 1, 1, 1, 1, 1, 1, 1, 1, 1, 1]
	1156270	1030681	929988	13	M	38	A		-1	3352.81556592	[1, 1, 1, 1, 1, 1, 1, 1, 1, 1, 1, 1]
	1136384	1029579	1050389	13	M	75	A		-1	3353.13611137	[1, 1, 1, 1, 1, 1, 1, 1, 1, 1, 1, 1]
	1054628	926418	846683	12	M	56	A		-1	3353.2823289	[1, 1, 1, 1, 1, 1, 1, 1, 1, 1, 1, 1]
	1176648	1032709	1021059	13	M	94	A		-1	3353.37309318	[1, 1, 1, 1, 1, 1, 1, 1, 1, 1, 1, 1]
	1183427	1031262	1050507	13	M	176	A		-1	3353.47387723	[1, 1, 1, 1, 1, 1, 1, 1, 1, 1, 1, 1]
	1040688	926239	901123	12	M	89	A		-1	3353.53255242	[1, 1, 1, 1, 1, 1, 1, 1, 1, 1, 1, 1]
	1126848	1029371	976081	13	M	124	A		-1	3354.28243128	[1, 1, 1, 1, 1, 1, 1, 1, 1, 1, 1, 1]
	1137246	1029579	1041806	13	M	166	A		-1	3354.3702876	[1, 1, 1, 1, 1, 1, 1, 1, 1, 1, 1, 1]
	1129711	1029371	1093229	13	M	72	A		-1	3354.56189129	[1, 1, 1, 1, 1, 1, 1, 1, 1, 1, 1, 1]
	1122573	1029289	1029827	13	M	116	A		-1	3354.70126158	[1, 1, 1, 1, 1, 1, 1, 1, 1, 1, 1, 1]
	1172561	1031013	1014794	13	M	58	A		-1	3354.89320697	[1, 1, 1, 0, 1, 1, 1, 1, 1, 1, 1, 1]
	1181946	1031262	930742	13	M	77	A		-1	3354.94653918	[1, 1, 1, 1, 1, 1, 1, 1, 1, 1, 1, 1]
	1129622	1029371	1000433	13	M	108	A		-1	3355.50806033	[1, 1, 1, 1, 1, 1, 1, 1, 1, 1, 1, 1]
	1126030	1029371	1066743	13	M	185	A		-1	3355.5639651	[1, 1, 1, 1, 1, 1, 1, 1, 1, 1, 1, 1]
	1164528	1030830	1017385	13	M	15	A		-1	3355.62609173	[1, 1, 1, 0, 1, 1, 1, 1, 1, 1, 1, 1]
	1173401	1031013	1021565	13	M	42	A		-1	3355.83695225	[1, 1, 1, 1, 1, 1, 1, 1, 1, 1, 1, 1]
	1127010	1029371	976250	13	M	35	A		-1	3356.26413805	[1, 1, 1, 1, 1, 1, 1, 1, 1, 1, 1, 1]
	1116303	1029107	965045	13	M	0	A		-1	3356.3663889	[1, 1, 1, 1, 1, 1, 1, 1, 1, 1, 1, 1]
	1097857	1094780	900909	13	M	142	A		-1	3356.5460028	[1, 1, 1, 1, 1, 1, 1, 1, 1, 1, 1, 1]
	1152388	1030616	916778	13	M	188	A		-1	3356.88652243	[1, 1, 1, 1, 1, 1, 1, 1, 1, 1, 1, 1]
	1188708	1031278	1043382	13	M	126	A		-1	3356.95199413	[1, 1, 1, 1, 1, 1, 1, 1, 1, 1, 1, 1]
	1188743	1031278	1075640	13	M	199	A		-1	3357.58536197	[1, 1, 1, 1, 1, 1, 1, 1, 1, 1, 1, 1]
	1160392	1030830	1000013	13	M	23	A		-1	3357.79864587	[1, 1, 1, 1, 1, 1, 1, 1, 1, 1, 1, 1]
	1117766	1029107	1040083	13	M	65	A		-1	3358.22684884	[1, 1, 1, 1, 1, 1, 1, 1, 1, 1, 1, 1]
	1117622	1029107	1072079	13	M	16	A		-1	3358.730467	[1, 1, 1, 1, 1, 1, 1, 1, 1, 1, 1, 1]
	1175604	1032709	1043341	13	M	145	A		-1	3359.14765597	[1, 1, 1, 1, 1, 1, 1, 1, 1, 1, 1, 1]
	1193246	1031369	922666	13	M	71	A		-1	3359.2693824	[1, 1, 1, 1, 1, 1, 1, 1, 1, 1, 1, 1]
	1136768	1029579	1053036	13	M	136	A		-1	3359.87865719	[1, 1, 1, 1, 1, 1, 1, 1, 1, 1, 1, 1]
	1159068	1030681	1082706	13	M	193	A		-1	3360.01173738	[1, 1, 1, 1, 1, 1, 1, 1, 1, 1, 1, 1]
	1111148	1028763	1033031	13	M	120	A		-1	3360.41630636	[1, 1, 1, 1, 1, 1, 1, 1, 1, 1, 1, 1]
	1129103	1029371	1070586	13	M	67	A		-1	3360.98547494	[1, 1, 1, 1, 1, 1, 1, 1, 1, 1, 1, 1]
	1173379	1031013	950253	13	M	26	A		-1	3361.39937133	[1, 1, 1, 0, 1, 1, 1, 1, 1, 1, 1, 1]
	1174088	1031013	1041989	13	M	47	A		-1	3361.70971421	[1, 1, 1, 0, 1, 1, 1, 1, 1, 1, 1, 0]
	1185474	1031278	1024858	13	M	37	A		-1	3361.90392972	[1, 1, 1, 1, 1, 1, 1, 1, 1, 1, 1, 1]
	1123808	1029289	1040785	13	M	168	A		-1	3361.93013191	[1, 1, 1, 1, 1, 1, 1, 1, 1, 1, 1, 1]
	1116569	1029107	1012614	13	M	39	A		-1	3362.67807599	[1, 1, 1, 1, 1, 1, 1, 1, 1, 1, 1, 1]
	1134475	1029389	1034226	13	M	106	A		-1	3362.75074242	[1, 1, 1, 1, 1, 1, 1, 1, 1, 1, 1, 1]
	1158773	1030681	1044610	13	M	188	A		-1	3362.80225555	[1, 1, 1, 1, 1, 1, 1, 1, 1, 1, 1, 1]
	1156199	1030681	1056859	13	M	21	A		-1	3363.25332218	[1, 1, 1, 1, 1, 1, 1, 1, 1, 1, 1, 1]
	1107496	1028591	1024597	13	M	82	A		-1	3363.26837062	[1, 1, 1, 1, 1, 1, 1, 1, 1, 1, 1, 1]
	1127512	1029371	1088552	13	M	168	A		-1	3363.65009633	[1, 1, 1, 1, 1, 1, 1, 1, 1, 1, 1, 1]
	1155775	1030681	1018057	13	M	158	A		-1	3363.93528973	[1, 1, 1, 1, 1, 1, 1, 1, 1, 1, 1, 1]
	1156120	1030681	1019504	13	M	67	A		-1	3364.15900956	[1, 1, 1, 1, 1, 1, 1, 1, 1, 1, 1, 1]
	1132332	1029389	1038971	13	M	37	A		-1	3364.41488607	[1, 1, 1, 1, 1, 1, 1, 1, 1, 1, 1, 1]
	1156364	1030681	1046288	13	M	132	A		-1	3364.64842798	[1, 1, 1, 1, 1, 1, 1, 1, 1, 1, 1, 1]
	1127547	1029371	1047652	13	M	186	A		-1	3364.98946783	[1, 1, 1, 1, 1, 1, 1, 1, 1, 1, 1, 1]
	1107693	1028591	1053557	13	M	0	A		-1	3365.48712399	[1, 1, 1, 1, 1, 1, 1, 1, 1, 1, 1, 1]
	1105425	1028591	1028646	13	M	78	A		-1	3365.75083797	[1, 1, 1, 1, 1, 1, 1, 1, 1, 1, 1, 1]
	1110922	1028763	1085401	13	M	181	A		-1	3366.16117795	[1, 1, 1, 1, 1, 1, 1, 1, 1, 1, 1, 1]
	1123785	1029289	1004873	13	M	48	A		-1	3366.30102866	[1, 1, 1, 1, 1, 1, 1, 1, 1, 1, 1, 1]
	1146744	1030251	1074101	13	M	88	A		-1	3366.32820665	[1, 1, 1, 1, 1, 1, 1, 1, 1, 1, 1, 0]
	1193528	1031369	1025326	13	M	113	A		-1	3366.58565373	[1, 1, 1, 1, 1, 1, 1, 1, 1, 1, 1, 1]
	1107154	1028591	1009001	13	M	72	A		-1	3366.64321292	[1, 1, 1, 1, 1, 1, 1, 1, 1, 1, 1, 1]
	1033537	926012	862402	12	M	27	A		-1	3367.111273	[1, 1, 1, 1, 1, 1, 1, 1, 1, 1, 1, 1]
	1132836	1029389	1028750	13	M	196	A		-1	3367.25089473	[1, 1, 1, 1, 1, 1, 1, 1, 1, 1, 1, 1]
	1164623	1030830	1081989	13	M	117	A		-1	3367.28409415	[1, 1, 1, 1, 1, 1, 1, 1, 1, 1, 1, 1]
	1155889	1030681	895079	13	M	26	A		-1	3367.35420185	[1, 1, 1, 1, 1, 1, 1, 1, 1, 1, 1, 1]
	1148952	1030251	1069070	13	M	5	A		-1	3368.14153867	[1, 1, 1, 1, 1, 1, 1, 1, 1, 1, 1, 1]
	1116453	1029107	1050130	13	M	70	A		-1	3368.84842669	[1, 1, 1, 1, 1, 1, 1, 1, 1, 1, 1, 1]
	1158173	1030681	1002877	13	M	121	A		-1	3368.85116122	[1, 1, 1, 1, 1, 1, 1, 1, 1, 1, 1, 1]
	1145604	1030251	994852	13	M	151	A		-1	3368.99066535	[1, 1, 1, 1, 1, 1, 1, 1, 1, 1, 1, 1]
	1180102	1031262	1012230	13	M	109	A		-1	3369.55958125	[1, 1, 1, 1, 1, 1, 1, 1, 1, 1, 1, 1]
	1117398	1029107	1008641	13	M	144	A		-1	3370.10791752	[1, 1, 1, 1, 1, 1, 1, 1, 1, 1, 1, 1]
	1190224	1031369	1009090	13	M	79	A		-1	3371.92292273	[1, 1, 1, 1, 1, 1, 1, 1, 1, 1, 1, 1]
	1114572	1028763	1039527	13	M	25	A		-1	3372.0512089	[1, 1, 1, 1, 1, 1, 1, 1, 1, 1, 1, 1]
	1127509	1029371	818245	13	M	168	A		-1	3372.36762958	[1, 1, 1, 1, 1, 1, 1, 1, 1, 1, 1, 1]
	1099629	1094780	1023163	13	M	70	A		-1	3372.50553529	[1, 1, 1, 1, 1, 1, 1, 1, 1, 1, 1, 1]
	1126710	1029371	1058526	13	M	37	A		-1	3372.70079793	[1, 1, 1, 1, 1, 1, 1, 1, 1, 1, 1, 1]
	1146078	1030251	1052100	13	M	0	A		-1	3372.75589563	[1, 1, 1, 1, 1, 1, 1, 1, 1, 1, 1, 1]
	1184392	1031262	1015026	13	M	57	A		-1	3372.89525581	[1, 1, 1, 1, 1, 1, 1, 1, 1, 1, 1, 1]
	1108821	1028591	931243	13	M	195	A		-1	3373.18202548	[1, 1, 1, 1, 1, 1, 1, 1, 1, 1, 1, 1]
	1165340	1030878	1040002	13	M	147	A		-1	3373.58731033	[1, 1, 1, 1, 1, 1, 1, 1, 1, 1, 1, 1]
	1173841	1031013	926867	13	M	99	A		-1	3374.61598395	[1, 1, 1, 0, 1, 1, 1, 1, 1, 1, 1, 1]
	1117630	1029107	1033011	13	M	184	A		-1	3374.6758462	[1, 1, 1, 1, 1, 1, 1, 1, 1, 1, 1, 1]
	1143635	1029784	1064513	13	M	139	A		-1	3374.8908372	[1, 1, 1, 1, 1, 1, 1, 1, 1, 1, 1, 1]
	1189449	1031278	1050152	13	M	103	A		-1	3375.50145129	[1, 1, 1, 1, 1, 1, 1, 1, 1, 1, 1, 1]
	1110574	1028763	1005303	13	M	107	A		-1	3375.72876468	[1, 1, 1, 1, 1, 1, 1, 1, 1, 1, 1, 1]
	1183283	1031262	1094263	13	M	72	A		-1	3376.07890385	[1, 1, 1, 1, 1, 1, 1, 1, 1, 1, 1, 1]
	1117198	1029107	1026422	13	M	88	A		-1	3376.7222257	[1, 1, 1, 1, 1, 1, 1, 1, 1, 1, 1, 1]
	1116308	1029107	984920	13	M	14	A		-1	3376.80464407	[1, 1, 1, 1, 1, 1, 1, 1, 1, 1, 1, 1]
	1167634	1030878	1017626	13	M	1	A		-1	3376.85404963	[1, 1, 1, 1, 1, 1, 1, 1, 1, 1, 1, 1]
	1136363	1029579	996958	13	M	141	A		-1	3377.1925346	[1, 1, 1, 1, 1, 1, 1, 1, 1, 1, 1, 1]
	1144528	1029784	1022338	13	M	134	A		-1	3377.21814745	[1, 1, 1, 1, 1, 1, 1, 1, 1, 1, 1, 1]
	1149912	1030616	1087273	13	M	45	A		-1	3377.78387061	[1, 1, 1, 1, 1, 1, 1, 1, 1, 1, 1, 1]
	1171036	1031013	1067623	13	M	88	A		-1	3377.84773918	[1, 1, 1, 1, 1, 1, 1, 1, 1, 1, 1, 1]
	1146084	1030251	1002418	13	M	158	A		-1	3377.95092976	[1, 1, 1, 1, 1, 1, 1, 1, 1, 1, 1, 1]
	1155334	1030681	1043676	13	M	73	A		-1	3378.16066574	[1, 1, 1, 1, 1, 1, 1, 1, 1, 1, 1, 1]
	1103138	1030908	1067799	13	M	4	A		-1	3378.58628311	[1, 1, 1, 1, 1, 1, 1, 1, 1, 1, 1, 1]
	1159119	1030681	921141	13	M	20	A		-1	3378.78380592	[1, 1, 1, 1, 1, 1, 1, 1, 1, 1, 1, 1]
	1123103	1029289	940463	13	M	90	A		-1	3380.28040547	[1, 1, 1, 1, 1, 1, 1, 1, 1, 1, 1, 1]
	1155153	1030681	1092502	13	M	45	A		-1	3380.39856934	[1, 1, 1, 1, 1, 1, 1, 1, 1, 1, 1, 1]
	1136809	1029579	1083290	13	M	192	A		-1	3380.61082712	[1, 1, 1, 1, 1, 1, 1, 1, 1, 1, 1, 1]
	1170240	1031013	1034364	13	M	72	A		-1	3380.62752795	[1, 1, 1, 1, 1, 1, 1, 1, 1, 1, 1, 1]
	1064249	926486	897737	12	M	94	A		-1	3381.05940118	[1, 1, 1, 1, 1, 1, 1, 1, 1, 1, 1, 1]
	1133874	1029389	854226	13	M	157	A		-1	3381.12536572	[1, 1, 1, 1, 1, 1, 1, 1, 1, 1, 1, 1]
	999451	994748	902321	12	M	117	A		-1	3381.21093346	[1, 1, 1, 1, 1, 1, 1, 1, 1, 1, 1, 1]
	1121968	1029289	1032589	13	M	104	A		-1	3382.5286193	[1, 1, 1, 1, 1, 1, 1, 1, 1, 1, 1, 1]
	1106595	1028591	1057512	13	M	161	A		-1	3382.69157626	[1, 1, 1, 1, 1, 1, 1, 1, 1, 1, 1, 1]
	1018051	925971	965750	12	M	148	A		-1	3382.81779695	[1, 1, 0, 1, 1, 1, 1, 1, 1, 1, 1, 1]
	1112173	1028763	1059096	13	M	4	A		-1	3382.84184089	[1, 1, 1, 1, 1, 1, 1, 1, 1, 1, 1, 1]
	1113318	1028763	917193	13	M	103	A		-1	3382.89696903	[1, 1, 1, 1, 1, 1, 1, 1, 1, 1, 1, 1]
	1173834	1031013	1054830	13	M	108	A		-1	3383.05954597	[1, 1, 1, 0, 1, 1, 1, 1, 1, 1, 1, 1]
	1149094	1030251	1011801	13	M	101	A		-1	3383.59524226	[1, 1, 1, 1, 1, 1, 1, 1, 1, 1, 1, 1]
	1128093	1029371	978906	13	M	109	A		-1	3383.6498354	[1, 1, 1, 1, 1, 1, 1, 1, 1, 1, 1, 1]
	1143509	1029784	998204	13	M	57	A		-1	3383.76285183	[1, 1, 0, 1, 1, 1, 1, 1, 1, 1, 1, 1]
	1119118	1029107	950038	13	M	9	A		-1	3383.83546117	[1, 1, 1, 1, 1, 1, 1, 1, 1, 1, 1, 1]
	1156925	1030681	888981	13	M	143	A		-1	3383.89698028	[1, 1, 1, 1, 1, 1, 1, 1, 1, 1, 1, 1]
	1162887	1030830	1034183	13	M	105	A		-1	3384.12152122	[1, 1, 1, 1, 1, 1, 1, 1, 1, 1, 1, 1]
	1121357	1029289	951901	13	M	17	A		-1	3384.30059831	[1, 1, 1, 1, 1, 1, 1, 1, 1, 1, 1, 1]
	1125078	1029371	1025640	13	M	173	A		-1	3385.72019072	[1, 1, 1, 1, 1, 1, 1, 1, 1, 1, 1, 1]
	1158517	1030681	999609	13	M	179	A		-1	3386.42949158	[1, 1, 1, 1, 1, 1, 1, 1, 1, 1, 1, 1]
	1042312	926239	907640	12	M	57	A		-1	3386.45938292	[1, 1, 1, 1, 1, 1, 1, 1, 1, 1, 1, 1]
	1161575	1030830	949159	13	M	92	A		-1	3386.53489318	[1, 1, 1, 1, 1, 1, 1, 1, 1, 1, 1, 1]
	1134248	1029389	1082741	13	M	1	A		-1	3386.79073257	[1, 1, 1, 1, 1, 1, 1, 1, 1, 1, 1, 1]
	1141446	1029784	1045706	13	M	89	A		-1	3386.85212414	[1, 1, 1, 1, 1, 1, 1, 1, 1, 1, 1, 1]
	1155816	1030681	1047405	13	M	168	A		-1	3387.24468329	[1, 1, 1, 1, 1, 1, 1, 1, 1, 1, 1, 1]
	1129414	1029371	1044891	13	M	65	A		-1	3387.41672782	[1, 1, 1, 1, 1, 1, 1, 1, 1, 1, 1, 1]
	1118360	1029107	1021930	13	M	78	A		-1	3387.52970907	[1, 1, 1, 1, 1, 1, 1, 1, 1, 1, 1, 1]
	1118809	1029107	1016205	13	M	155	A		-1	3387.78279939	[1, 1, 1, 1, 1, 1, 1, 1, 1, 1, 1, 1]
	1149184	1030251	1038643	13	M	39	A		-1	3387.87133024	[1, 1, 1, 1, 1, 1, 1, 1, 1, 1, 1, 1]
	1040882	926239	903709	12	M	31	A		-1	3388.20944462	[1, 1, 1, 1, 1, 1, 1, 1, 1, 1, 1, 1]
	1119164	1029107	1020891	13	M	136	A		-1	3388.38297554	[1, 1, 1, 1, 1, 1, 1, 1, 1, 1, 1, 1]
	1117838	1029107	1019065	13	M	3	A		-1	3388.65796216	[1, 1, 1, 1, 1, 1, 1, 1, 1, 1, 1, 1]
	1154908	1030681	913446	13	M	142	A		-1	3389.07108184	[1, 1, 1, 1, 1, 1, 1, 1, 1, 1, 1, 1]
	1156861	1030681	1060495	13	M	62	A		-1	3389.20671795	[1, 1, 1, 1, 1, 0, 1, 1, 1, 1, 1, 1]
	1180906	1031262	1081163	13	M	183	A		-1	3389.39897388	[1, 1, 1, 1, 1, 1, 1, 1, 1, 1, 1, 1]
	1142275	1029784	1038410	13	M	103	A		-1	3389.45180665	[1, 1, 1, 1, 1, 1, 1, 1, 1, 1, 1, 1]
	1172204	1031013	1032576	13	M	130	A		-1	3389.51412231	[1, 1, 1, 0, 1, 1, 1, 1, 1, 1, 1, 1]
	1193074	1031369	1065773	13	M	84	A		-1	3389.52738764	[1, 1, 1, 0, 1, 1, 1, 1, 1, 1, 1, 1]
	1186595	1031278	1074850	13	M	140	A		-1	3389.9592815	[1, 1, 1, 1, 1, 1, 1, 1, 1, 1, 1, 1]
	1172731	1031013	1006208	13	M	14	A		-1	3390.12244949	[1, 1, 1, 1, 1, 1, 1, 1, 1, 1, 1, 1]
	1135337	1029579	899320	13	M	187	A		-1	3391.09412874	[1, 1, 1, 1, 1, 1, 1, 1, 1, 1, 1, 1]
	1159437	1030681	1025871	13	M	12	A		-1	3391.2831051	[1, 1, 1, 1, 1, 1, 1, 1, 1, 1, 1, 1]
	1103097	1030908	1016015	13	M	177	A		-1	3391.35697765	[1, 1, 1, 1, 1, 1, 1, 1, 1, 1, 1, 1]
	1070645	926739	924921	12	M	73	A		-1	3391.68139797	[1, 1, 1, 1, 1, 1, 1, 1, 1, 1, 1, 1]
	1150638	1030616	1017425	13	M	32	A		-1	3391.80894124	[1, 1, 1, 1, 1, 1, 1, 1, 1, 1, 1, 1]
	1052798	926418	925907	12	M	144	A		-1	3392.28586492	[1, 1, 1, 1, 1, 1, 1, 1, 1, 1, 1, 1]
	1188615	1031278	998296	13	M	49	A		-1	3392.67338687	[1, 1, 1, 1, 1, 1, 1, 1, 1, 1, 1, 1]
	1121637	1029289	1046388	13	M	132	A		-1	3392.80550464	[1, 1, 1, 1, 1, 1, 1, 1, 1, 1, 1, 1]
	1127793	1029371	900493	13	M	11	A		-1	3393.77132999	[1, 1, 1, 1, 1, 1, 1, 1, 1, 1, 1, 1]
	1153717	1030616	999482	13	M	64	A		-1	3394.89946533	[1, 1, 1, 1, 1, 1, 1, 1, 1, 1, 1, 1]
	1100615	1030908	963138	13	M	84	A		-1	3395.29405562	[1, 1, 1, 1, 1, 1, 1, 1, 1, 1, 1, 1]
	1187330	1031278	1009316	13	M	165	A		-1	3396.68010065	[1, 1, 1, 1, 1, 1, 1, 1, 1, 1, 1, 1]
	1135486	1029579	1071123	13	M	172	A		-1	3397.40896435	[1, 1, 1, 1, 1, 1, 1, 1, 1, 1, 1, 1]
	1075151	928576	968601	12	M	118	A		-1	3397.4452003	[1, 1, 1, 1, 1, 1, 1, 1, 1, 1, 1, 1]
	1122686	1029289	1020020	13	M	69	A		-1	3397.50719819	[1, 1, 1, 1, 1, 1, 1, 1, 1, 1, 1, 1]
	1139901	1029784	1054004	13	M	9	A		-1	3398.18489888	[1, 1, 1, 1, 1, 1, 1, 1, 1, 1, 1, 1]
	1126693	1029371	921698	13	M	17	A		-1	3398.43337971	[1, 1, 1, 1, 1, 1, 1, 1, 1, 1, 1, 1]
	1159346	1030681	1012084	13	M	172	A		-1	3398.80075742	[1, 1, 1, 1, 1, 1, 1, 1, 1, 1, 1, 1]
	1104096	1030908	998924	13	M	72	A		-1	3398.88749477	[1, 1, 1, 1, 1, 1, 1, 1, 1, 1, 1, 1]
	1173264	1031013	895238	13	M	9	A		-1	3399.13853375	[1, 1, 1, 0, 1, 1, 1, 1, 1, 1, 1, 1]
	1179751	1032709	1061635	13	M	89	A		-1	3399.3388678	[1, 1, 1, 1, 1, 0, 1, 1, 1, 1, 1, 1]
	1193504	1031369	996624	13	M	84	A		-1	3400.8232519	[1, 1, 0, 1, 1, 1, 1, 1, 1, 1, 1, 1]
	1134985	1029579	963800	13	M	126	A		-1	3400.84215739	[1, 1, 1, 1, 1, 1, 1, 1, 1, 1, 1, 1]
	1167309	1030878	1072726	13	M	94	A		-1	3401.31858608	[1, 1, 1, 1, 1, 1, 1, 1, 1, 1, 1, 1]
	1149438	1030251	1036236	13	M	186	A		-1	3401.39165141	[1, 1, 1, 1, 1, 1, 1, 1, 1, 1, 1, 1]
	1100497	1030908	1007739	13	M	49	A		-1	3401.69156679	[1, 1, 1, 1, 1, 1, 1, 1, 1, 1, 1, 1]
	1149369	1030251	968338	13	M	195	A		-1	3402.38414724	[1, 1, 1, 1, 1, 1, 1, 1, 1, 1, 1, 1]
	1037324	926174	983831	12	M	110	A		-1	3402.47677035	[1, 1, 1, 1, 1, 1, 1, 1, 1, 1, 1, 1]
	1178381	1032709	1012068	13	M	183	A		-1	3402.81006536	[1, 1, 1, 1, 1, 1, 1, 1, 1, 1, 1, 1]
	1167799	1030878	998610	13	M	146	A		-1	3402.83012345	[1, 1, 1, 1, 1, 1, 1, 1, 1, 1, 1, 1]
	1173717	1031013	1057300	13	M	116	A		-1	3403.07164773	[1, 1, 1, 1, 1, 1, 1, 1, 1, 1, 1, 1]
	1129732	1029371	1033527	13	M	97	A		-1	3403.2687529	[1, 1, 1, 1, 1, 1, 1, 1, 1, 1, 1, 1]
	1137092	1029579	929414	13	M	56	A		-1	3404.78373675	[1, 1, 1, 1, 1, 1, 1, 1, 1, 1, 1, 1]
	1179013	1032709	1036002	13	M	80	A		-1	3405.07564809	[1, 1, 1, 1, 1, 1, 1, 1, 1, 1, 1, 1]
	1101476	1030908	1004508	13	M	76	A		-1	3405.07966059	[1, 1, 1, 1, 1, 1, 1, 1, 1, 1, 1, 1]
	1158681	1030681	1078934	13	M	5	A		-1	3405.24933695	[1, 1, 1, 1, 1, 1, 1, 0, 1, 1, 1, 1]
	1156335	1030681	1055230	13	M	137	A		-1	3405.27552887	[1, 1, 1, 1, 1, 1, 1, 1, 1, 1, 1, 1]
	1126317	1029371	1033375	13	M	43	A		-1	3405.28022627	[1, 1, 1, 1, 1, 1, 1, 1, 1, 1, 1, 1]
	1044266	926239	848307	12	M	179	A		-1	3405.84089995	[1, 1, 1, 1, 1, 1, 1, 1, 1, 1, 1, 1]
	1162549	1030830	1067721	13	M	176	A		-1	3406.04947923	[1, 1, 1, 1, 1, 1, 1, 1, 1, 1, 1, 1]
	1136346	1029579	1083291	13	M	193	A		-1	3406.88014878	[1, 1, 0, 1, 1, 1, 1, 1, 1, 1, 1, 1]
	1043618	926239	957065	12	M	79	A		-1	3407.39679514	[1, 1, 1, 1, 1, 1, 1, 1, 1, 1, 1, 1]
	1127054	1029371	1012144	13	M	95	A		-1	3407.84726644	[1, 1, 1, 1, 1, 1, 1, 1, 1, 1, 1, 1]
	1095960	1094780	1030928	13	M	193	A		-1	3408.30365045	[1, 1, 1, 1, 1, 1, 1, 1, 1, 1, 1, 1]
	1139504	1029579	1052180	13	M	151	A		-1	3408.38438435	[1, 1, 1, 1, 1, 1, 1, 1, 1, 1, 1, 1]
	1165181	1030878	928795	13	M	112	A		-1	3409.06551122	[1, 1, 1, 1, 1, 1, 1, 1, 1, 1, 1, 1]
	1102574	1030908	1053247	13	M	191	A		-1	3409.41273583	[1, 1, 1, 1, 1, 1, 1, 1, 1, 1, 1, 1]
	1189403	1031278	1054581	13	M	167	A		-1	3409.62014631	[1, 1, 1, 1, 1, 1, 1, 1, 1, 1, 1, 1]
	1158140	1030681	1030342	13	M	27	A		-1	3409.83585082	[1, 1, 1, 1, 1, 1, 1, 1, 1, 1, 1, 1]
	1158844	1030681	1026555	13	M	198	A		-1	3410.31993401	[1, 1, 1, 1, 1, 1, 1, 1, 1, 1, 1, 1]
	1133775	1029389	1032570	13	M	110	A		-1	3410.73496419	[1, 1, 1, 1, 1, 1, 1, 1, 1, 1, 1, 1]
	1125306	1029371	1047220	13	M	137	A		-1	3411.07795641	[1, 1, 1, 1, 1, 1, 1, 1, 1, 1, 1, 1]
	1142090	1029784	970731	13	M	158	A		-1	3412.24851445	[1, 1, 1, 1, 1, 1, 1, 1, 1, 1, 1, 1]
	1132962	1029389	1044384	13	M	192	A		-1	3412.289338	[1, 1, 1, 1, 1, 1, 1, 1, 1, 1, 1, 1]
	1158344	1030681	970438	13	M	180	A		-1	3412.37237979	[1, 1, 1, 1, 1, 1, 1, 1, 1, 1, 1, 1]
	1174819	1032709	1068143	13	M	106	A		-1	3412.51451204	[1, 1, 1, 1, 1, 1, 1, 1, 1, 1, 1, 1]
	1137128	1029579	881999	13	M	100	A		-1	3413.1958292	[1, 1, 1, 1, 1, 1, 1, 1, 1, 1, 1, 1]
	1179936	1031262	1045013	13	M	193	A		-1	3413.43381683	[1, 1, 1, 1, 1, 1, 1, 1, 1, 1, 1, 1]
	1111668	1028763	803595	13	M	3	A		-1	3413.9257416	[1, 1, 1, 1, 1, 1, 1, 1, 1, 1, 1, 0]
	1125129	1029371	1018764	13	M	51	A		-1	3414.30543926	[1, 1, 1, 1, 1, 1, 1, 1, 1, 1, 1, 1]
	1112479	1028763	1077247	13	M	129	A		-1	3414.34697749	[1, 1, 1, 1, 1, 1, 1, 1, 1, 1, 1, 1]
	1115648	1029107	1080307	13	M	7	A		-1	3414.45885122	[1, 1, 1, 1, 1, 1, 1, 1, 1, 1, 1, 1]
	1155555	1030681	1064932	13	M	91	A		-1	3414.6500811	[1, 1, 1, 1, 1, 1, 1, 1, 1, 1, 1, 1]
	1182722	1031262	1083750	13	M	120	A		-1	3414.82878989	[1, 1, 1, 1, 1, 1, 1, 1, 1, 1, 1, 1]
	1127297	1029371	1045371	13	M	9	A		-1	3414.93803871	[1, 1, 1, 1, 1, 1, 1, 1, 1, 1, 1, 1]
	1127483	1029371	1083646	13	M	69	A		-1	3415.09974339	[1, 1, 1, 1, 1, 1, 1, 1, 1, 1, 1, 1]
	1155054	1030681	910915	13	M	8	A		-1	3415.46996682	[1, 1, 1, 1, 1, 1, 1, 1, 1, 1, 1, 1]
	1142139	1029784	1003053	13	M	143	A		-1	3415.66440881	[1, 1, 1, 1, 1, 1, 1, 1, 1, 1, 1, 1]
	1136407	1029579	1009892	13	M	139	A		-1	3415.76910573	[1, 1, 1, 1, 1, 1, 1, 1, 1, 1, 1, 1]
	1119693	1029107	1015170	13	M	110	A		-1	3415.82001985	[1, 1, 1, 1, 1, 1, 1, 1, 1, 1, 1, 1]
	1156289	1030681	1093232	13	M	146	A		-1	3415.9320824	[1, 1, 1, 1, 1, 1, 1, 1, 1, 1, 1, 1]
	1128371	1029371	1086046	13	M	176	A		-1	3416.12280759	[1, 1, 1, 1, 1, 1, 1, 1, 1, 1, 1, 1]
	1030681	926012	818075	12	M	166	A		-1	3416.22381085	[1, 1, 1, 1, 1, 1, 1, 1, 1, 1, 1, 1]
	1103944	1030908	1068011	13	M	154	A		-1	3416.50482067	[1, 1, 1, 1, 1, 1, 1, 1, 1, 1, 1, 1]
	1191371	1031369	1000224	13	M	168	A		-1	3417.13942871	[1, 1, 1, 1, 1, 1, 1, 1, 1, 1, 1, 1]
	1129122	1029371	928949	13	M	47	A		-1	3417.78612813	[1, 1, 1, 1, 1, 1, 1, 1, 1, 1, 1, 1]
	1175300	1032709	866138	13	M	53	A		-1	3417.79036037	[1, 1, 1, 1, 1, 1, 1, 1, 1, 1, 1, 1]
	1095252	1094780	1006898	13	M	167	A		-1	3418.21896552	[1, 1, 1, 1, 1, 1, 1, 1, 1, 1, 1, 1]
	1119716	1029107	1049908	13	M	136	A		-1	3418.47883317	[1, 1, 1, 1, 1, 1, 1, 1, 1, 1, 1, 1]
	1169207	1030878	915453	13	M	34	A		-1	3418.62503285	[1, 1, 1, 1, 1, 1, 1, 1, 1, 1, 1, 1]
	1118081	1029107	1052330	13	M	101	A		-1	3419.62611598	[1, 1, 1, 1, 1, 1, 1, 1, 1, 1, 1, 1]
	1132087	1029389	970499	13	M	107	A		-1	3419.75848006	[1, 1, 1, 1, 1, 1, 1, 1, 1, 1, 1, 0]
	1108711	1028591	1020668	13	M	130	A		-1	3419.96370233	[1, 1, 1, 1, 1, 1, 1, 1, 1, 1, 1, 1]
	1126756	1029371	1086513	13	M	21	A		-1	3420.00520968	[1, 1, 1, 1, 1, 1, 1, 1, 1, 1, 1, 1]
	1050783	926418	959301	12	M	161	A		-1	3420.24575203	[1, 1, 1, 1, 1, 1, 1, 1, 1, 1, 1, 1]
	1118124	1029107	1032965	13	M	127	A		-1	3420.43326516	[1, 1, 1, 1, 1, 1, 1, 1, 1, 1, 1, 1]
	1038173	926174	959596	12	M	72	A		-1	3420.98540864	[1, 1, 1, 1, 1, 1, 1, 1, 1, 1, 1, 1]
	1139399	1029579	1041216	13	M	88	A		-1	3421.17835853	[1, 1, 1, 1, 1, 1, 1, 1, 1, 1, 1, 1]
	1148590	1030251	997757	13	M	192	A		-1	3421.61480311	[1, 1, 1, 1, 1, 1, 1, 1, 1, 1, 1, 1]
	1187250	1031278	1024960	13	M	31	A		-1	3421.63273319	[1, 1, 1, 1, 1, 1, 1, 1, 1, 1, 1, 1]
	1108188	1028591	1031990	13	M	48	A		-1	3421.83865436	[1, 1, 1, 1, 1, 1, 1, 1, 1, 1, 1, 1]
	1127024	1029371	915421	13	M	101	A		-1	3421.93661632	[1, 1, 1, 1, 1, 1, 1, 1, 1, 1, 1, 1]
	1145099	1030251	1039423	13	M	171	A		-1	3423.12552294	[1, 1, 1, 1, 1, 1, 1, 1, 1, 1, 1, 1]
	1127777	1029371	1058899	13	M	190	A		-1	3423.45642034	[1, 1, 1, 1, 1, 1, 1, 1, 1, 1, 1, 1]
	1193913	1031369	1038787	13	M	11	A		-1	3424.00218472	[1, 1, 1, 1, 1, 1, 1, 1, 1, 1, 1, 1]
	1143737	1029784	1034861	13	M	41	A		-1	3424.73703522	[1, 1, 1, 1, 1, 1, 1, 1, 1, 1, 1, 1]
	1080528	927191	971087	12	M	161	A		-1	3424.9178019	[1, 1, 1, 1, 1, 1, 1, 1, 1, 1, 1, 1]
	1190703	1031369	895030	13	M	52	A		-1	3425.47583282	[1, 1, 1, 1, 1, 1, 1, 1, 1, 1, 1, 1]
	1186346	1031278	940897	13	M	66	A		-1	3425.8092848	[1, 1, 1, 1, 1, 1, 1, 1, 1, 1, 1, 1]
	1134411	1029389	1059252	13	M	95	A		-1	3426.93112937	[1, 1, 1, 1, 1, 1, 1, 1, 1, 1, 1, 1]
	1127063	1029371	924694	13	M	162	A		-1	3427.05518331	[1, 1, 1, 1, 1, 1, 1, 1, 1, 1, 1, 1]
	1175197	1032709	1048602	13	M	159	A		-1	3428.72055713	[1, 1, 1, 1, 1, 1, 1, 1, 1, 1, 1, 0]
	1103898	1030908	1092906	13	M	114	A		-1	3428.97886316	[1, 1, 1, 1, 1, 1, 1, 1, 1, 1, 1, 1]
	1127244	1029371	1054561	13	M	47	A		-1	3428.98223769	[1, 1, 1, 1, 1, 1, 1, 1, 1, 1, 1, 0]
	1183516	1031262	998886	13	M	87	A		-1	3429.55495384	[1, 1, 0, 1, 1, 1, 1, 1, 1, 1, 1, 1]
	1102253	1030908	1033881	13	M	9	A		-1	3429.61096093	[1, 1, 1, 1, 1, 1, 1, 1, 1, 1, 1, 1]
	1138393	1029579	879089	13	M	69	A		-1	3429.65344864	[1, 1, 1, 1, 1, 1, 1, 1, 1, 1, 1, 0]
	1126353	1029371	1025224	13	M	18	A		-1	3430.30509373	[1, 1, 1, 1, 1, 1, 1, 1, 1, 1, 1, 1]
	1128413	1029371	1068841	13	M	26	A		-1	3430.70460727	[1, 1, 1, 1, 1, 1, 1, 1, 1, 1, 1, 1]
	1127704	1029371	1050805	13	M	3	A		-1	3430.93166374	[1, 1, 1, 1, 1, 1, 1, 1, 1, 1, 1, 1]
	1120454	1029289	1043873	13	M	124	A		-1	3431.61595764	[1, 1, 1, 1, 1, 1, 1, 1, 1, 1, 1, 1]
	1156146	1030681	1002901	13	M	116	A		-1	3432.75293458	[1, 1, 0, 1, 1, 1, 1, 1, 1, 1, 1, 1]
	1157435	1030681	1052173	13	M	158	A		-1	3432.99138933	[1, 1, 1, 1, 1, 1, 1, 1, 1, 1, 1, 1]
	1188053	1031278	1072984	13	M	189	A		-1	3433.0489926	[1, 1, 1, 1, 1, 1, 1, 1, 1, 1, 1, 1]
	1124286	1029289	1049635	13	M	110	A		-1	3433.24098873	[1, 1, 1, 1, 1, 1, 1, 1, 1, 1, 1, 1]
	1119230	1029107	1088833	13	M	197	A		-1	3433.63994919	[1, 1, 1, 1, 1, 1, 1, 1, 1, 1, 1, 1]
	1115744	1029107	1093682	13	M	16	A		-1	3433.75186305	[1, 1, 1, 1, 1, 1, 1, 1, 1, 1, 1, 1]
	1104717	1030908	1044863	13	M	191	A		-1	3434.2702747	[1, 1, 1, 1, 1, 1, 1, 1, 1, 1, 1, 1]
	1182120	1031262	1009703	13	M	153	A		-1	3435.30047571	[1, 1, 1, 1, 1, 1, 1, 1, 1, 1, 1, 1]
	1035881	926174	904933	12	M	75	A		-1	3436.36286371	[1, 1, 1, 1, 1, 1, 1, 1, 1, 1, 1, 1]
	1119676	1029107	1058767	13	M	89	A		-1	3437.29363013	[1, 1, 1, 1, 1, 1, 1, 1, 1, 1, 1, 1]
	1129133	1029371	929910	13	M	56	A		-1	3437.61546456	[1, 1, 1, 1, 1, 1, 1, 1, 1, 1, 1, 1]
	1107703	1028591	1090334	13	M	192	A		-1	3438.31301248	[1, 1, 1, 1, 1, 1, 1, 1, 1, 1, 1, 1]
	1122541	1029289	1014043	13	M	178	A		-1	3439.69875617	[1, 1, 1, 1, 1, 1, 1, 1, 1, 1, 1, 1]
	1166649	1030878	1043992	13	M	184	A		-1	3439.70642468	[1, 1, 1, 1, 1, 1, 1, 1, 1, 1, 1, 1]
	1101755	1030908	1025373	13	M	103	A		-1	3440.08545271	[1, 1, 1, 1, 1, 1, 1, 1, 1, 1, 1, 1]
	1150816	1030616	1088933	13	M	39	A		-1	3440.35038602	[1, 1, 1, 1, 1, 1, 1, 1, 1, 1, 1, 1]
	1177353	1032709	1062360	13	M	4	A		-1	3443.22286964	[1, 1, 1, 1, 1, 0, 1, 1, 1, 1, 1, 1]
	1157301	1030681	1059485	13	M	26	A		-1	3443.74306622	[1, 1, 1, 1, 1, 1, 1, 1, 1, 1, 1, 1]
	1123362	1029289	1092878	13	M	148	A		-1	3443.77042385	[1, 1, 1, 1, 1, 1, 1, 1, 1, 1, 1, 1]
	1122356	1029289	926220	13	M	112	A		-1	3443.80218875	[1, 1, 1, 1, 1, 1, 1, 1, 1, 1, 1, 1]
	1151044	1030616	1016094	13	M	121	A		-1	3443.87868232	[1, 1, 1, 1, 1, 1, 1, 1, 1, 1, 1, 1]
	1111149	1028763	1050195	13	M	145	A		-1	3443.99123471	[1, 1, 1, 1, 1, 1, 1, 1, 1, 1, 1, 1]
	1103499	1030908	1069268	13	M	200	A		-1	3444.39428827	[1, 1, 1, 1, 1, 1, 1, 1, 1, 1, 1, 1]
	1001221	926719	917286	12	M	9	A		-1	3445.72491368	[1, 1, 0, 1, 1, 1, 1, 1, 1, 1, 1, 1]
	1102847	1030908	1031643	13	M	46	A		-1	3447.69624087	[1, 1, 1, 1, 1, 1, 1, 1, 1, 1, 1, 1]
	1127699	1029371	916859	13	M	192	A		-1	3447.70230079	[1, 1, 1, 1, 1, 1, 1, 1, 1, 1, 1, 1]
	1110510	1028763	1077968	13	M	167	A		-1	3448.63020458	[1, 1, 1, 1, 1, 1, 1, 1, 1, 1, 1, 1]
	1180002	1031262	1002336	13	M	28	A		-1	3450.08138377	[1, 1, 1, 1, 1, 1, 1, 1, 1, 1, 1, 1]
	1153686	1030616	1004391	13	M	115	A		-1	3450.93607171	[1, 1, 1, 1, 1, 1, 1, 1, 1, 1, 1, 1]
	1127941	1029371	1062010	13	M	183	A		-1	3451.98086841	[1, 1, 1, 1, 1, 0, 1, 1, 1, 1, 1, 1]
	1162639	1030830	958523	13	M	37	A		-1	3452.55547909	[1, 1, 1, 1, 1, 1, 1, 1, 1, 1, 1, 1]
	1158904	1030681	1041770	13	M	181	A		-1	3453.32136598	[1, 1, 1, 1, 1, 1, 1, 1, 1, 1, 1, 1]
	1107146	1028591	927563	13	M	37	A		-1	3455.53243651	[1, 1, 1, 1, 1, 1, 1, 1, 1, 1, 1, 1]
	1154668	1030616	1035516	13	M	190	A		-1	3455.69517845	[1, 1, 1, 1, 1, 1, 1, 1, 1, 1, 1, 1]
	1125743	1029371	1081595	13	M	187	A		-1	3456.27977709	[1, 1, 1, 1, 1, 1, 1, 1, 1, 1, 1, 1]
	1160639	1030830	1092062	13	M	127	A		-1	3457.63675371	[1, 1, 1, 1, 1, 1, 1, 1, 1, 1, 1, 1]
	1135198	1029579	1052727	13	M	122	A		-1	3457.93527096	[1, 1, 1, 1, 1, 1, 1, 1, 1, 1, 1, 1]
	1129466	1029371	865525	13	M	68	A		-1	3458.0924339	[1, 1, 1, 1, 1, 1, 1, 1, 1, 1, 1, 1]
	1130640	1029389	1068429	13	M	103	A		-1	3458.63531539	[1, 1, 1, 1, 1, 1, 1, 1, 1, 1, 1, 1]
	1099006	1094780	998308	13	M	143	A		-1	3459.30193719	[1, 1, 1, 1, 1, 1, 1, 1, 1, 1, 1, 0]
	1105449	1028591	995040	13	M	84	A		-1	3461.25293092	[1, 1, 1, 1, 1, 1, 1, 1, 1, 1, 1, 1]
	1141318	1029784	961692	13	M	101	A		-1	3461.64954603	[1, 1, 1, 1, 1, 1, 1, 1, 1, 1, 1, 0]
	1182019	1031262	1023257	13	M	189	A		-1	3462.33490927	[1, 1, 1, 1, 1, 1, 1, 1, 1, 1, 1, 1]
	1125473	1029371	1076121	13	M	80	A		-1	3462.50697984	[1, 1, 1, 1, 1, 1, 1, 1, 1, 1, 1, 1]
	1115560	1029107	1043400	13	M	98	A		-1	3463.07719331	[1, 1, 1, 1, 1, 1, 1, 1, 1, 1, 1, 1]
	1125491	1029371	1080352	13	M	23	A		-1	3464.03381397	[1, 1, 1, 1, 1, 1, 1, 1, 1, 1, 1, 1]
	1188303	1031278	1017790	13	M	128	A		-1	3464.19778894	[1, 1, 1, 1, 1, 1, 1, 1, 1, 1, 1, 1]
	1129706	1029371	1056119	13	M	118	A		-1	3464.33305077	[1, 1, 1, 1, 1, 1, 1, 1, 1, 1, 1, 1]
	1159548	1030681	1093254	13	M	128	A		-1	3468.51771378	[1, 1, 1, 1, 1, 1, 1, 1, 1, 1, 1, 1]
	1121218	1029289	1047950	13	M	52	A		-1	3469.99426226	[1, 1, 1, 1, 1, 1, 1, 1, 1, 1, 1, 1]
	1159095	1030681	902010	13	M	24	A		-1	3471.05311188	[1, 1, 1, 1, 1, 1, 1, 1, 1, 1, 1, 1]
	1127773	1029371	1007515	13	M	86	A		-1	3471.10136727	[1, 1, 1, 1, 1, 1, 1, 1, 1, 1, 1, 1]
	1182108	1031262	1083160	13	M	42	A		-1	3471.86292575	[1, 1, 1, 1, 1, 1, 1, 1, 1, 1, 1, 1]
	1130346	1029389	1042038	13	M	27	A		-1	3472.23182536	[1, 1, 1, 1, 1, 1, 1, 1, 1, 1, 1, 1]
	1124678	1029289	1081318	13	M	48	A		-1	3472.34394477	[1, 1, 1, 1, 1, 1, 1, 1, 1, 1, 1, 1]
	1125543	1029371	862812	13	M	49	A		-1	3472.59057218	[1, 1, 1, 1, 1, 1, 1, 1, 1, 1, 1, 0]
	1165980	1030878	930487	13	M	184	A		-1	3473.67716517	[1, 1, 1, 1, 1, 1, 1, 1, 1, 1, 1, 1]
	1047986	926341	919568	12	M	187	A		-1	3474.85111354	[1, 1, 1, 1, 1, 1, 1, 1, 1, 1, 1, 1]
	1126041	1029371	1081451	13	M	198	A		-1	3476.53161189	[1, 1, 1, 1, 1, 1, 1, 1, 1, 1, 1, 1]
	1183056	1031262	1006613	13	M	143	A		-1	3477.07800866	[1, 1, 1, 1, 1, 1, 1, 1, 1, 1, 1, 1]
	1029371	926004	896707	12	M	151	A		-1	3477.41734696	[1, 1, 1, 1, 1, 1, 1, 1, 1, 1, 1, 1]
	1162089	1030830	1070544	13	M	109	A		-1	3477.51872259	[1, 1, 1, 1, 1, 1, 1, 1, 1, 1, 1, 1]
	1103216	1030908	1026288	13	M	52	A		-1	3478.3115392	[1, 1, 1, 1, 1, 1, 1, 1, 1, 1, 1, 1]
	1137967	1029579	1066406	13	M	154	A		-1	3478.64950676	[1, 1, 1, 1, 1, 1, 1, 1, 1, 1, 1, 1]
	1134182	1029389	1025194	13	M	62	A		-1	3479.80056963	[1, 1, 1, 1, 1, 1, 1, 1, 1, 1, 1, 1]
	1151559	1030616	1049992	13	M	193	A		-1	3479.95933063	[1, 1, 1, 1, 1, 1, 1, 1, 1, 1, 1, 1]
	1188575	1031278	994910	13	M	170	A		-1	3480.69996854	[1, 1, 1, 1, 1, 1, 1, 1, 1, 1, 1, 1]
	1117020	1029107	1084357	13	M	185	A		-1	3483.50214346	[1, 1, 1, 1, 1, 1, 1, 1, 1, 1, 1, 1]
	1109001	1028591	1088586	13	M	9	A		-1	3484.72182327	[1, 1, 1, 1, 1, 1, 1, 1, 1, 1, 1, 1]
	1155001	1030681	1055237	13	M	52	A		-1	3485.45653844	[1, 1, 1, 1, 1, 1, 1, 1, 1, 1, 1, 1]
	1164389	1030830	1083644	13	M	93	A		-1	3486.77399439	[1, 1, 1, 1, 1, 1, 1, 1, 1, 1, 1, 1]
	1119629	1029107	1069839	13	M	53	A		-1	3488.55894947	[1, 1, 1, 1, 1, 1, 1, 1, 1, 1, 1, 1]
	1133665	1029389	1055209	13	M	30	A		-1	3488.61118429	[1, 1, 1, 1, 1, 1, 1, 1, 1, 1, 1, 1]
	1158527	1030681	1064504	13	M	115	A		-1	3488.76256268	[1, 1, 1, 1, 1, 1, 1, 1, 1, 1, 1, 1]
	1126378	1029371	1065292	13	M	48	A		-1	3490.11944498	[1, 1, 1, 1, 1, 1, 1, 1, 1, 1, 1, 1]
	1123998	1029289	1033819	13	M	58	A		-1	3492.5074903	[1, 1, 1, 1, 1, 1, 1, 1, 1, 1, 1, 0]
	1180000	1031262	1032244	13	M	39	A		-1	3493.61113009	[1, 1, 1, 1, 1, 1, 1, 1, 1, 1, 1, 1]
	1188971	1031278	1043460	13	M	162	A		-1	3494.35942786	[1, 1, 1, 1, 1, 1, 1, 1, 1, 1, 1, 1]
	1112755	1028763	1048769	13	M	48	A		-1	3495.68773431	[1, 1, 1, 1, 1, 1, 1, 1, 1, 1, 1, 1]
	1147625	1030251	1043577	13	M	95	A		-1	3496.4839808	[1, 1, 1, 1, 1, 1, 1, 1, 1, 1, 1, 1]
	1127017	1029371	925331	13	M	98	A		-1	3496.49177865	[1, 1, 1, 1, 1, 1, 1, 1, 1, 1, 1, 1]
	1144113	1029784	1070832	13	M	115	A		-1	3498.52839133	[1, 1, 1, 1, 1, 1, 1, 1, 1, 1, 1, 1]
	1176929	1032709	1036212	13	M	177	A		-1	3499.437322	[1, 1, 1, 1, 1, 1, 1, 1, 1, 1, 1, 1]
	1110472	1028763	1040292	13	M	154	A		-1	3506.54096217	[1, 1, 1, 1, 1, 1, 1, 1, 1, 1, 1, 1]
	1107674	1028591	1036510	13	M	172	A		-1	3507.45829623	[1, 1, 1, 1, 1, 1, 1, 1, 1, 1, 1, 1]
	1116663	1029107	1016200	13	M	142	A		-1	3509.55835592	[1, 1, 1, 1, 1, 1, 1, 1, 1, 1, 1, 1]
	1191308	1031369	1052873	13	M	47	A		-1	3510.10808695	[1, 1, 1, 1, 1, 1, 1, 1, 1, 1, 1, 1]
	1191271	1031369	994975	13	M	62	A		-1	3513.76547078	[1, 1, 1, 1, 1, 1, 1, 1, 1, 1, 1, 1]
	1152904	1030616	1054722	13	M	188	A		-1	3514.47889316	[1, 1, 1, 1, 1, 1, 1, 1, 1, 1, 1, 1]
	1162421	1030830	1020664	13	M	98	A		-1	3514.98300806	[1, 1, 1, 1, 1, 1, 1, 1, 1, 1, 1, 1]
	1144450	1029784	1054227	13	M	174	A		-1	3515.5898024	[1, 1, 1, 1, 1, 1, 1, 1, 1, 1, 1, 1]
	1110977	1028763	1006564	13	M	0	A		-1	3516.51746233	[1, 1, 1, 1, 1, 1, 1, 1, 1, 1, 1, 1]
	1116170	1029107	1002291	13	M	98	A		-1	3517.15726447	[1, 1, 0, 1, 1, 1, 1, 1, 1, 1, 1, 1]
	1154984	1030681	1010140	13	M	178	A		-1	3519.28217533	[1, 1, 1, 1, 1, 1, 1, 1, 1, 1, 1, 1]
	1185328	1031278	995507	13	M	70	A		-1	3520.07491087	[1, 1, 1, 1, 1, 1, 1, 1, 1, 1, 1, 1]
	1101948	1030908	957856	13	M	186	A		-1	3521.85621575	[1, 1, 1, 1, 1, 1, 1, 1, 1, 1, 1, 1]
	1176980	1032709	1084548	13	M	72	A		-1	3522.56053282	[1, 1, 1, 1, 1, 1, 1, 1, 1, 1, 1, 1]
	1156631	1030681	902842	13	M	116	A		-1	3523.38888053	[1, 1, 1, 1, 1, 1, 1, 1, 1, 1, 1, 1]
	1101824	1030908	1043775	13	M	17	A		-1	3524.00944356	[1, 1, 1, 1, 1, 1, 1, 1, 1, 1, 1, 1]
	1098112	1094780	1093831	13	M	79	A		-1	3527.70714401	[1, 1, 1, 1, 1, 1, 1, 1, 1, 1, 1, 1]
	1174589	1031013	1053667	13	M	146	A		-1	3529.49199494	[1, 1, 1, 1, 1, 1, 1, 1, 1, 1, 1, 1]
	1134691	1029389	994840	13	M	170	A		-1	3530.6959166	[1, 1, 1, 1, 1, 1, 1, 1, 1, 1, 1, 1]
	1170333	1031013	1054594	13	M	120	A		-1	3531.51593772	[1, 1, 1, 0, 1, 1, 1, 1, 1, 1, 1, 1]
	1129989	1029389	1032217	13	M	12	A		-1	3534.17050011	[1, 1, 1, 1, 1, 1, 1, 1, 1, 1, 1, 1]
	1164660	1030830	1043495	13	M	25	A		-1	3536.90943839	[1, 1, 1, 1, 1, 1, 1, 1, 1, 1, 1, 1]
	1128622	1029371	1053526	13	M	5	A		-1	3538.07917511	[1, 1, 1, 1, 1, 1, 1, 1, 1, 1, 1, 1]
	1113516	1028763	1054432	13	M	147	A		-1	3538.89039236	[1, 1, 1, 1, 1, 1, 1, 1, 1, 1, 1, 1]
	1097353	1094780	943892	13	M	17	A		-1	3539.56796279	[1, 1, 1, 1, 1, 1, 1, 1, 1, 1, 1, 1]
	1125131	1029371	1048439	13	M	83	A		-1	3542.39654681	[1, 1, 1, 1, 1, 1, 1, 1, 1, 1, 1, 1]
	1107372	1028591	1044066	13	M	10	A		-1	3544.51216939	[1, 1, 1, 1, 1, 1, 1, 1, 1, 1, 1, 1]
	1127094	1029371	997174	13	M	40	A		-1	3548.0451682	[1, 1, 1, 1, 1, 1, 1, 1, 1, 1, 1, 1]
	1094796	1094780	1019465	13	M	53	A		-1	3548.25563798	[1, 1, 1, 1, 1, 1, 1, 1, 1, 1, 1, 1]
	1125069	1029371	1041968	13	M	31	A		-1	3550.79145794	[1, 1, 1, 1, 1, 1, 1, 1, 1, 1, 1, 1]
	1100108	1030908	1015224	13	M	65	A		-1	3551.89322058	[1, 1, 1, 1, 1, 1, 1, 1, 1, 1, 1, 0]
	1119746	1029107	934970	13	M	173	A		-1	3552.27389027	[1, 1, 1, 1, 1, 1, 1, 1, 1, 1, 1, 1]
	1126992	1029371	1092809	13	M	87	A		-1	3552.4102247	[1, 1, 1, 1, 1, 1, 1, 1, 1, 1, 1, 1]
	1149120	1030251	1068162	13	M	19	A		-1	3552.85110167	[1, 1, 1, 1, 1, 1, 1, 1, 1, 1, 1, 1]
	1187665	1031278	1034737	13	M	60	A		-1	3553.49243986	[1, 1, 1, 1, 1, 1, 1, 1, 1, 1, 1, 1]
	1125400	1029371	1076630	13	M	10	A		-1	3555.44441867	[1, 1, 1, 1, 1, 1, 1, 1, 1, 1, 1, 1]
	1175977	1032709	1077488	13	M	184	A		-1	3558.64158087	[1, 1, 1, 1, 1, 1, 1, 1, 1, 1, 1, 1]
	1147805	1030251	1055102	13	M	165	A		-1	3559.31062983	[1, 1, 1, 1, 1, 1, 1, 1, 1, 1, 1, 1]
	1125121	1029371	1074973	13	M	196	A		-1	3562.68597692	[1, 1, 1, 1, 1, 1, 1, 1, 1, 1, 1, 1]
	1192391	1031369	1024732	13	M	38	A		-1	3567.27217504	[1, 1, 1, 1, 1, 1, 1, 1, 1, 1, 1, 1]
	1169031	1030878	930334	13	M	186	A		-1	3568.45123121	[1, 1, 1, 1, 1, 1, 1, 1, 1, 1, 1, 1]
	1154277	1030616	1040013	13	M	139	A		-1	3571.43596286	[1, 1, 1, 1, 1, 1, 1, 1, 1, 1, 1, 1]
	1125046	1029371	979671	13	M	159	A		-1	3578.90663095	[1, 1, 1, 1, 1, 1, 1, 1, 1, 1, 1, 1]
	1161477	1030830	1031584	13	M	191	A		-1	3579.75587984	[1, 1, 1, 1, 1, 1, 1, 1, 1, 1, 1, 1]
	1145201	1030251	1073545	13	M	45	A		-1	3580.38333476	[1, 1, 1, 1, 1, 1, 1, 1, 1, 1, 1, 1]
	1136135	1029579	1032223	13	M	192	A		-1	3583.85135604	[1, 1, 1, 1, 1, 1, 1, 1, 1, 1, 1, 1]
	1152714	1030616	1093728	13	M	179	A		-1	3585.50602835	[1, 1, 1, 1, 1, 1, 1, 1, 1, 1, 1, 1]
	1126312	1029371	1039339	13	M	23	A		-1	3585.91264728	[1, 1, 1, 1, 1, 1, 1, 1, 1, 1, 1, 1]
	1140713	1029784	1011762	13	M	123	A		-1	3586.54839496	[1, 1, 1, 1, 1, 1, 1, 1, 1, 1, 1, 1]
	1111585	1028763	1039978	13	M	64	A		-1	3599.05981055	[1, 1, 1, 1, 1, 1, 1, 1, 1, 1, 1, 1]
	1099872	1030908	1082029	13	M	49	A		-1	3604.04840599	[1, 1, 1, 1, 1, 1, 1, 1, 1, 1, 1, 1]
	1158414	1030681	1033738	13	M	32	A		-1	3624.43081351	[1, 1, 1, 1, 1, 1, 1, 1, 1, 1, 1, 1]
	1115501	1029107	1053389	13	M	63	A		-1	3627.46142187	[1, 1, 1, 1, 1, 1, 1, 1, 1, 1, 1, 1]
	1041854	926239	802343	12	M	152	A		-1	3632.51444737	[1, 1, 0, 1, 1, 1, 1, 1, 1, 1, 1, 1]
	1158943	1030681	1053421	13	M	132	A		-1	3638.01653234	[1, 1, 1, 1, 1, 1, 1, 1, 1, 1, 1, 1]
	1159313	1030681	955394	13	M	197	A		-1	3664.80847106	[1, 1, 1, 1, 1, 1, 1, 1, 1, 1, 1, 1]
	1042072	926239	918117	12	M	41	A		-1	3667.3563525	[1, 1, 1, 1, 1, 1, 1, 1, 1, 1, 1, 1]
	1150192	1030616	1073601	13	M	34	A		-1	3703.26472443	[1, 1, 1, 1, 1, 1, 1, 1, 1, 1, 1, 1]
	1104441	1030908	936498	13	M	176	A		-1	3712.18992187	[1, 1, 1, 1, 1, 1, 1, 1, 1, 1, 1, 1]
	1125445	1029371	908947	13	M	82	A		-1	3726.19815129	[1, 1, 1, 1, 1, 1, 1, 1, 1, 1, 1, 1]
	1124497	1029289	1050546	13	M	26	A		-1	3738.38438383	[1, 1, 1, 1, 1, 1, 1, 1, 1, 1, 1, 1]
	1128844	1029371	1068751	13	M	58	A		-1	3826.84605371	[1, 1, 1, 1, 1, 1, 1, 1, 1, 1, 1, 1]
	1125098	1029371	927244	13	M	196	A		-1	3880.69020898	[1, 1, 1, 1, 1, 1, 1, 1, 1, 1, 1, 1]
