animal	sire	dam	born	sex	herd	status	cause	died	TBV	recessives
	878040	780087	579695	10	M	4	A		-1	3441.93111181	[1, 1, 1, 1, 1, 1, 1, 1, 1, 1, 1, 1]
	868547	789522	713237	10	M	7	A		-1	3441.95867958	[1, 1, 1, 1, 1, 1, 1, 1, 1, 1, 1, 1]
	852795	777659	621832	10	M	11	A		-1	3442.00174927	[1, 1, 1, 1, 1, 1, 1, 1, 1, 1, 1, 1]
	805912	702044	737398	10	M	14	A		-1	3442.65654091	[1, 1, 1, 1, 1, 1, 1, 1, 1, 1, 1, 1]
	885272	781650	713543	10	M	86	A		-1	3443.35148989	[1, 1, 1, 1, 1, 1, 1, 1, 1, 1, 1, 1]
	829110	715589	748683	10	M	99	A		-1	3443.39288454	[1, 1, 1, 1, 1, 1, 1, 1, 1, 1, 1, 1]
	852688	779905	645581	10	M	76	A		-1	3443.44676	[1, 1, 1, 1, 1, 1, 1, 1, 1, 1, 1, 1]
	864181	714483	773385	10	M	57	A		-1	3443.51591129	[1, 1, 1, 1, 1, 0, 1, 1, 1, 1, 1, 1]
	715589	646630	608971	9	M	61	A		-1	3443.69335332	[1, 1, 0, 1, 1, 1, 1, 1, 1, 1, 1, 1]
	871910	698117	695150	10	M	20	A		-1	3443.7677049	[1, 1, 1, 1, 1, 1, 1, 1, 1, 1, 1, 1]
	844217	738479	705389	10	M	73	A		-1	3443.81448575	[1, 1, 1, 1, 1, 1, 1, 1, 1, 1, 1, 1]
	826450	714822	748126	10	M	68	A		-1	3444.21023379	[1, 1, 1, 1, 1, 1, 1, 1, 1, 1, 1, 1]
	842438	755848	777748	10	M	30	A		-1	3444.64548822	[1, 1, 1, 1, 1, 1, 1, 1, 1, 1, 1, 1]
	847629	777519	682564	10	M	7	A		-1	3444.74022603	[1, 1, 1, 1, 1, 1, 1, 1, 1, 1, 1, 1]
	872130	748479	701041	10	M	51	A		-1	3445.53971404	[1, 1, 1, 1, 1, 1, 1, 1, 1, 1, 1, 1]
	843156	754181	762328	10	M	73	A		-1	3445.81994617	[1, 1, 1, 1, 1, 1, 1, 1, 1, 1, 1, 1]
	884766	699670	731802	10	M	31	A		-1	3446.46173031	[1, 1, 1, 1, 1, 1, 1, 1, 1, 1, 1, 1]
	841904	700707	701816	10	M	83	A		-1	3446.49098177	[1, 1, 1, 1, 1, 1, 1, 1, 1, 1, 1, 1]
	824148	787992	699322	10	M	1	A		-1	3447.1803492	[1, 1, 1, 1, 1, 1, 1, 1, 1, 1, 1, 1]
	810168	788818	791321	10	M	4	A		-1	3447.25429129	[0, 1, 1, 1, 1, 1, 1, 1, 1, 1, 1, 1]
	857445	749199	740544	10	M	25	A		-1	3447.62810419	[1, 1, 1, 0, 1, 1, 1, 1, 1, 1, 1, 1]
	840025	781650	654027	10	M	26	A		-1	3447.88116553	[1, 1, 1, 1, 1, 1, 1, 1, 1, 1, 1, 1]
	803558	699212	793404	10	M	82	A		-1	3447.88478572	[1, 1, 1, 1, 1, 1, 1, 1, 1, 1, 1, 0]
	850504	748479	746061	10	M	21	A		-1	3447.94637148	[1, 1, 1, 1, 1, 1, 1, 1, 1, 1, 1, 1]
	892768	779223	621392	10	M	7	A		-1	3448.4371442	[1, 1, 1, 1, 1, 1, 1, 1, 1, 1, 1, 1]
	878586	781768	694063	10	M	55	A		-1	3448.48594792	[1, 1, 1, 1, 1, 1, 1, 1, 1, 1, 1, 1]
	805776	781768	750903	10	M	14	A		-1	3448.54768595	[1, 1, 1, 1, 1, 1, 1, 1, 1, 1, 1, 1]
	861070	739929	783362	10	M	17	A		-1	3448.65348267	[1, 1, 1, 1, 1, 1, 1, 1, 1, 1, 1, 1]
	828965	698117	708918	10	M	84	A		-1	3448.77805407	[1, 1, 1, 1, 1, 1, 1, 1, 1, 1, 1, 1]
	814184	767901	631289	10	M	50	A		-1	3449.33152504	[1, 1, 1, 1, 1, 1, 1, 1, 1, 1, 1, 1]
	866637	787097	789029	10	M	68	A		-1	3449.98815481	[1, 1, 1, 1, 1, 1, 1, 1, 1, 1, 1, 1]
	857319	767901	721506	10	M	2	A		-1	3450.63021252	[1, 1, 1, 1, 1, 1, 1, 1, 1, 1, 1, 1]
	833705	693789	754864	10	M	76	A		-1	3450.90920781	[1, 1, 1, 1, 1, 1, 1, 1, 1, 1, 1, 1]
	810573	781452	772559	10	M	61	A		-1	3451.27275496	[1, 1, 1, 1, 1, 1, 1, 1, 1, 1, 1, 1]
	890992	787992	772282	10	M	62	A		-1	3451.88140934	[1, 1, 1, 1, 1, 1, 1, 1, 1, 1, 1, 1]
	842646	771752	663296	10	M	62	A		-1	3452.1897363	[1, 1, 1, 1, 1, 1, 1, 1, 1, 1, 1, 1]
	740499	613754	645690	9	M	25	A		-1	3452.54794948	[1, 1, 1, 1, 1, 1, 1, 1, 1, 1, 1, 1]
	872665	788818	726595	10	M	61	A		-1	3452.76703531	[1, 1, 1, 1, 1, 1, 1, 1, 1, 1, 1, 1]
	875682	744811	695213	10	M	28	A		-1	3452.78067629	[1, 1, 1, 0, 1, 1, 1, 1, 1, 1, 1, 1]
	856156	713055	788909	10	M	67	A		-1	3452.95925197	[1, 1, 1, 1, 1, 1, 1, 1, 1, 1, 1, 1]
	851720	760618	694627	10	M	26	A		-1	3453.22199051	[1, 1, 1, 0, 1, 1, 1, 1, 1, 1, 1, 1]
	871475	714822	701558	10	M	15	A		-1	3453.89618872	[1, 1, 1, 1, 1, 1, 1, 1, 1, 1, 1, 1]
	870296	748479	650663	10	M	26	A		-1	3453.91366098	[1, 1, 1, 1, 1, 1, 1, 1, 1, 1, 1, 1]
	860701	789522	778227	10	M	2	A		-1	3454.10825544	[1, 1, 1, 1, 1, 1, 1, 1, 1, 1, 1, 1]
	863806	773221	773455	10	M	18	A		-1	3454.21594978	[1, 1, 1, 1, 1, 1, 1, 1, 1, 1, 1, 1]
	805335	702044	793669	10	M	26	A		-1	3454.59396148	[1, 1, 1, 1, 1, 1, 1, 1, 1, 1, 1, 1]
	796597	754181	784522	10	M	12	A		-1	3455.02478706	[1, 1, 1, 1, 1, 1, 1, 1, 1, 1, 1, 1]
	815680	781452	786469	10	M	90	A		-1	3455.15372125	[1, 1, 1, 1, 1, 1, 1, 1, 1, 1, 1, 1]
	841477	779223	719166	10	M	1	A		-1	3455.23787286	[1, 1, 1, 1, 1, 1, 1, 1, 1, 1, 1, 1]
	869923	714822	793515	10	M	31	A		-1	3455.89405434	[1, 1, 1, 1, 1, 1, 1, 1, 1, 1, 1, 1]
	881137	744811	703240	10	M	51	A		-1	3456.2328593	[1, 1, 1, 1, 1, 1, 1, 1, 1, 1, 1, 1]
	800357	781452	703520	10	M	85	A		-1	3456.25581076	[1, 1, 1, 1, 1, 1, 1, 1, 1, 1, 1, 1]
	849928	754181	684499	10	M	10	A		-1	3456.72684606	[1, 1, 1, 1, 1, 1, 1, 1, 1, 1, 1, 1]
	888322	700707	649100	10	M	57	A		-1	3457.20661353	[1, 1, 1, 1, 1, 1, 1, 1, 1, 1, 1, 1]
	851910	699212	787895	10	M	100	A		-1	3457.68393534	[1, 1, 1, 1, 1, 1, 1, 1, 1, 1, 1, 0]
	797370	748479	791931	10	M	8	A		-1	3457.72533491	[1, 1, 1, 1, 1, 1, 1, 1, 1, 1, 1, 1]
	853059	726879	697818	10	M	46	A		-1	3457.83730664	[1, 1, 1, 1, 1, 1, 1, 1, 1, 1, 1, 1]
	849159	773221	705990	10	M	97	A		-1	3457.85456443	[1, 1, 1, 1, 1, 1, 1, 1, 1, 1, 1, 1]
	809913	749199	769002	10	M	11	A		-1	3457.86992475	[1, 1, 1, 1, 1, 1, 1, 1, 1, 1, 1, 1]
	885355	779223	768723	10	M	30	A		-1	3458.03536233	[1, 1, 1, 1, 1, 1, 1, 1, 1, 1, 1, 1]
	861198	718415	752648	10	M	34	A		-1	3458.39956922	[1, 1, 1, 1, 1, 1, 1, 1, 1, 1, 1, 1]
	857882	760618	556529	10	M	4	A		-1	3459.58248815	[1, 1, 1, 1, 1, 1, 1, 1, 1, 1, 1, 1]
	806622	754181	773388	10	M	80	A		-1	3459.79230112	[1, 1, 1, 0, 1, 1, 1, 1, 1, 1, 1, 1]
	806554	787992	715009	10	M	43	A		-1	3460.01438909	[1, 1, 1, 1, 1, 1, 1, 1, 1, 1, 1, 1]
	832328	779905	707815	10	M	81	A		-1	3460.47834382	[1, 1, 1, 1, 1, 1, 1, 1, 1, 1, 1, 1]
	807995	740499	711819	10	M	29	A		-1	3460.59092247	[1, 1, 1, 1, 1, 1, 1, 1, 1, 1, 1, 0]
	869451	777519	746157	10	M	81	A		-1	3460.61923691	[0, 1, 1, 1, 1, 1, 1, 1, 1, 1, 1, 1]
	864117	787992	695009	10	M	59	A		-1	3461.42553007	[1, 1, 1, 0, 1, 1, 1, 1, 1, 1, 1, 1]
	846064	748479	786502	10	M	94	A		-1	3461.86836784	[1, 1, 1, 1, 1, 1, 1, 1, 1, 1, 1, 1]
	781452	612959	618623	9	M	9	A		-1	3461.89366312	[1, 1, 1, 1, 1, 1, 1, 1, 1, 1, 1, 1]
	832351	739929	791957	10	M	17	A		-1	3462.05984117	[1, 1, 1, 1, 1, 1, 0, 1, 1, 1, 1, 1]
	882630	765068	760898	10	M	14	A		-1	3462.16583103	[1, 1, 1, 1, 1, 1, 1, 1, 1, 1, 1, 1]
	861457	779905	650189	10	M	19	A		-1	3462.23050896	[1, 1, 1, 1, 1, 1, 1, 1, 1, 1, 1, 1]
	806808	735617	772381	10	M	10	A		-1	3462.74139908	[1, 1, 1, 1, 1, 1, 1, 1, 1, 1, 1, 1]
	815708	714822	654433	10	M	100	A		-1	3463.11109331	[1, 1, 1, 1, 1, 1, 1, 1, 1, 1, 1, 1]
	812044	765068	739607	10	M	40	A		-1	3463.52936992	[1, 1, 1, 1, 1, 1, 1, 1, 1, 1, 1, 1]
	823669	735617	694984	10	M	86	A		-1	3463.69515316	[1, 1, 1, 1, 1, 1, 1, 0, 1, 1, 1, 1]
	857355	765068	741159	10	M	59	A		-1	3463.7508631	[0, 1, 1, 1, 1, 1, 1, 1, 1, 1, 1, 1]
	878227	781452	578448	10	M	18	A		-1	3463.88614492	[1, 1, 1, 1, 1, 1, 1, 1, 1, 1, 1, 1]
	869858	787992	766583	10	M	70	A		-1	3464.34661081	[1, 1, 1, 1, 1, 1, 1, 1, 1, 1, 1, 1]
	870858	760618	724215	10	M	3	A		-1	3464.50395698	[1, 1, 1, 1, 1, 1, 1, 1, 1, 1, 1, 1]
	793754	789581	748850	10	M	22	A		-1	3465.3736749	[1, 1, 1, 1, 1, 1, 1, 1, 1, 1, 1, 1]
	818102	781768	744800	10	M	15	A		-1	3465.52712388	[1, 1, 1, 1, 1, 1, 1, 1, 1, 1, 1, 1]
	853717	779223	645582	10	M	55	A		-1	3465.81021228	[1, 1, 1, 1, 1, 1, 1, 1, 1, 1, 1, 1]
	838156	781768	744159	10	M	96	A		-1	3466.13075934	[1, 1, 1, 1, 1, 1, 1, 1, 1, 1, 1, 1]
	806224	698117	705145	10	M	99	A		-1	3466.1784505	[1, 1, 1, 1, 1, 1, 1, 1, 1, 1, 1, 1]
	815580	736266	752098	10	M	49	A		-1	3466.31315383	[1, 1, 1, 1, 1, 1, 1, 1, 1, 1, 1, 1]
	847788	779223	670090	10	M	26	A		-1	3466.67713548	[1, 1, 1, 1, 1, 1, 1, 1, 1, 1, 1, 1]
	868368	762026	788843	10	M	82	A		-1	3468.23098141	[1, 1, 1, 1, 1, 1, 1, 1, 1, 1, 1, 1]
	852598	788818	686803	10	M	87	A		-1	3468.28813365	[0, 1, 1, 1, 1, 1, 1, 1, 1, 1, 1, 1]
	837807	722266	674165	10	M	74	A		-1	3468.51090184	[1, 1, 1, 1, 1, 1, 1, 1, 1, 1, 1, 1]
	885057	755848	705814	10	M	11	A		-1	3468.52425877	[1, 1, 1, 1, 1, 1, 1, 1, 1, 1, 1, 1]
	847087	787992	778739	10	M	80	A		-1	3468.65498267	[1, 1, 1, 1, 1, 1, 1, 1, 1, 1, 1, 1]
	862209	781452	640046	10	M	63	A		-1	3468.84629122	[1, 1, 1, 1, 1, 1, 1, 1, 1, 1, 1, 1]
	812048	787992	595005	10	M	59	A		-1	3469.05392647	[1, 1, 1, 1, 1, 1, 1, 1, 1, 1, 1, 1]
	809581	744268	776432	10	M	41	A		-1	3469.40433094	[1, 1, 1, 1, 1, 1, 1, 1, 1, 1, 1, 1]
	855773	777519	780684	10	M	45	A		-1	3470.09894934	[1, 1, 1, 1, 1, 1, 1, 1, 1, 1, 1, 1]
	794780	697264	721197	10	M	11	A		-1	3470.32880633	[1, 1, 1, 1, 1, 1, 1, 1, 1, 1, 1, 1]
	809414	754181	610741	10	M	61	A		-1	3470.38257902	[1, 1, 1, 1, 1, 1, 1, 1, 1, 1, 1, 1]
	822953	781452	739883	10	M	86	A		-1	3470.86004944	[1, 1, 1, 1, 1, 1, 1, 1, 1, 1, 1, 1]
	794969	749199	741124	10	M	74	A		-1	3470.89752286	[1, 1, 1, 1, 1, 1, 1, 1, 1, 1, 1, 0]
	877476	788818	639818	10	M	55	A		-1	3471.36124967	[0, 1, 1, 1, 1, 1, 1, 1, 1, 1, 1, 1]
	893426	779905	736567	10	M	53	A		-1	3471.50903802	[1, 1, 1, 1, 1, 1, 1, 1, 1, 1, 1, 1]
	807954	735617	687171	10	M	78	A		-1	3471.87086197	[1, 1, 1, 1, 1, 1, 1, 0, 1, 1, 1, 1]
	827700	780087	733913	10	M	51	A		-1	3472.50218465	[1, 1, 1, 1, 1, 1, 1, 1, 1, 1, 1, 1]
	872881	779223	647840	10	M	37	A		-1	3472.64175881	[1, 1, 1, 1, 1, 1, 1, 1, 1, 1, 1, 1]
	800541	765068	770664	10	M	44	A		-1	3473.35161357	[1, 1, 1, 1, 1, 1, 1, 1, 1, 1, 1, 1]
	818384	760618	512649	10	M	68	A		-1	3473.4250573	[1, 1, 1, 0, 1, 1, 1, 0, 1, 1, 1, 1]
	861739	787992	715933	10	M	67	A		-1	3473.63283986	[1, 1, 1, 1, 1, 1, 1, 1, 1, 1, 1, 1]
	883059	750130	769489	10	M	90	A		-1	3473.77636038	[1, 1, 1, 1, 1, 1, 1, 1, 1, 1, 1, 1]
	848812	748479	745408	10	M	59	A		-1	3473.77874379	[1, 1, 1, 1, 1, 1, 1, 1, 1, 1, 1, 1]
	805197	787992	697632	10	M	76	A		-1	3474.07739642	[1, 1, 1, 1, 1, 1, 1, 1, 1, 1, 1, 1]
	865050	744268	696713	10	M	68	A		-1	3474.20446277	[1, 1, 1, 1, 1, 1, 1, 1, 1, 1, 1, 1]
	868299	789581	712781	10	M	100	A		-1	3474.57078093	[1, 1, 1, 1, 1, 1, 1, 1, 1, 1, 1, 1]
	825303	722266	769168	10	M	36	A		-1	3475.38684587	[1, 1, 1, 1, 1, 1, 1, 0, 1, 1, 1, 1]
	870065	744268	747150	10	M	82	A		-1	3475.43003802	[1, 1, 1, 1, 1, 1, 1, 1, 1, 1, 1, 1]
	831749	750130	757633	10	M	52	A		-1	3475.4460402	[1, 1, 1, 1, 1, 1, 1, 1, 1, 1, 1, 1]
	800317	749199	705913	10	M	85	A		-1	3475.6696326	[1, 0, 1, 1, 1, 1, 1, 1, 1, 1, 1, 1]
	850815	722266	702651	10	M	42	A		-1	3475.6795597	[1, 1, 1, 1, 1, 1, 1, 0, 1, 1, 1, 1]
	800411	781768	622258	10	M	81	A		-1	3476.04607273	[1, 1, 1, 1, 1, 1, 1, 1, 1, 1, 1, 1]
	809580	740499	653950	10	M	95	A		-1	3476.15462486	[1, 1, 1, 1, 1, 1, 1, 1, 1, 1, 1, 1]
	869860	750130	746933	10	M	34	A		-1	3476.41904008	[1, 1, 1, 1, 1, 1, 1, 1, 1, 1, 1, 1]
	871596	780087	793494	10	M	18	A		-1	3476.66669459	[1, 1, 1, 0, 1, 1, 1, 1, 1, 1, 1, 1]
	811869	715589	724608	10	M	49	A		-1	3476.80735378	[1, 1, 1, 1, 1, 1, 1, 1, 1, 1, 1, 1]
	749199	668020	683233	9	M	63	A		-1	3477.04040996	[1, 1, 1, 1, 1, 1, 1, 1, 1, 1, 1, 1]
	884156	699670	645574	10	M	80	A		-1	3477.14975975	[1, 0, 1, 0, 1, 1, 1, 0, 1, 1, 1, 1]
	860686	738479	769779	10	M	97	A		-1	3477.18407044	[1, 1, 1, 1, 1, 0, 1, 1, 1, 1, 1, 1]
	780087	625291	632177	9	M	99	A		-1	3477.34670824	[1, 1, 1, 1, 1, 1, 1, 1, 1, 1, 1, 1]
	822148	765068	711067	10	M	40	A		-1	3477.51679967	[0, 1, 1, 1, 1, 1, 1, 0, 1, 1, 1, 1]
	840998	788818	773187	10	M	64	A		-1	3477.82779589	[0, 1, 1, 1, 1, 1, 1, 1, 1, 1, 1, 1]
	886488	739514	711111	10	M	52	A		-1	3478.5248768	[1, 1, 1, 1, 1, 1, 1, 1, 1, 1, 1, 1]
	805094	702044	733029	10	M	85	A		-1	3478.63538079	[1, 1, 1, 1, 1, 1, 1, 1, 1, 1, 1, 1]
	856051	777510	728641	10	M	83	A		-1	3479.31633336	[1, 1, 1, 1, 1, 1, 1, 1, 1, 1, 1, 1]
	825416	781452	717797	10	M	62	A		-1	3479.32495372	[1, 1, 1, 0, 1, 1, 1, 1, 1, 1, 1, 1]
	817137	776565	767258	10	M	24	A		-1	3479.34275797	[1, 1, 1, 1, 1, 1, 1, 1, 1, 1, 1, 1]
	845122	788818	745441	10	M	3	A		-1	3479.74469875	[1, 1, 1, 1, 1, 1, 1, 1, 1, 1, 1, 1]
	836653	777510	733845	10	M	51	A		-1	3480.31704893	[1, 1, 1, 1, 1, 1, 1, 1, 1, 1, 1, 1]
	833744	767901	775272	10	M	55	A		-1	3480.87075785	[1, 1, 1, 1, 1, 1, 1, 1, 1, 1, 1, 1]
	841601	779905	496491	10	M	39	A		-1	3481.07794572	[1, 1, 1, 1, 1, 1, 1, 1, 1, 1, 1, 1]
	854754	739514	722288	10	M	12	A		-1	3481.21084005	[1, 1, 1, 1, 1, 1, 1, 1, 1, 1, 1, 1]
	876116	740499	751271	10	M	47	A		-1	3481.40813661	[1, 1, 1, 1, 1, 1, 1, 1, 1, 1, 1, 1]
	844108	698117	776169	10	M	27	A		-1	3481.54983247	[1, 1, 1, 1, 1, 1, 1, 1, 1, 1, 1, 1]
	797019	722266	775110	10	M	23	A		-1	3482.29917115	[1, 1, 1, 1, 1, 1, 1, 0, 1, 1, 1, 1]
	828978	789522	780682	10	M	18	A		-1	3482.53157623	[1, 1, 1, 1, 1, 1, 1, 0, 1, 1, 1, 1]
	794613	789522	695904	10	M	51	A		-1	3483.21648086	[1, 1, 1, 1, 1, 1, 1, 1, 1, 1, 1, 1]
	888000	787992	737303	10	M	32	A		-1	3483.48813212	[1, 1, 1, 1, 1, 1, 1, 1, 1, 1, 1, 1]
	828388	736266	790571	10	M	84	A		-1	3484.25665219	[1, 1, 1, 1, 1, 1, 1, 1, 1, 1, 1, 1]
	833913	776565	697608	10	M	53	A		-1	3484.8816653	[1, 1, 1, 1, 1, 1, 1, 1, 1, 1, 1, 1]
	807343	699670	732854	10	M	59	A		-1	3486.71736451	[1, 1, 1, 1, 1, 1, 1, 1, 1, 1, 1, 1]
	811055	765068	752225	10	M	23	A		-1	3486.75735052	[1, 1, 1, 1, 1, 1, 1, 1, 1, 1, 1, 1]
	837012	781768	772803	10	M	94	A		-1	3486.80143762	[1, 1, 1, 1, 1, 1, 1, 1, 1, 1, 1, 1]
	885699	707562	673808	10	M	96	A		-1	3487.29160203	[1, 1, 1, 1, 1, 1, 1, 1, 1, 1, 1, 1]
	825157	697264	717389	10	M	3	A		-1	3487.7792857	[1, 1, 1, 1, 1, 1, 1, 1, 1, 1, 1, 1]
	833627	754181	746902	10	M	71	A		-1	3487.85507584	[1, 1, 1, 1, 1, 1, 1, 1, 1, 1, 1, 1]
	827380	749199	735381	10	M	82	A		-1	3488.15606876	[1, 1, 1, 1, 1, 1, 1, 1, 1, 1, 1, 0]
	880699	777510	701873	10	M	75	A		-1	3489.45673196	[1, 1, 1, 1, 1, 0, 1, 1, 1, 1, 1, 1]
	808696	713055	707268	10	M	83	A		-1	3490.18475686	[1, 1, 1, 1, 1, 1, 1, 1, 1, 1, 1, 1]
	850097	781452	732296	10	M	15	A		-1	3490.2873329	[1, 1, 1, 1, 1, 1, 1, 1, 1, 1, 1, 1]
	797667	788818	729611	10	M	4	A		-1	3490.28990135	[0, 1, 1, 1, 1, 1, 1, 1, 1, 1, 1, 1]
	837797	739514	763071	10	M	66	A		-1	3490.60453414	[1, 1, 1, 1, 1, 1, 1, 1, 1, 1, 1, 1]
	868057	789522	719569	10	M	70	A		-1	3491.8442397	[1, 1, 1, 1, 1, 1, 1, 1, 1, 1, 1, 1]
	802504	749199	772024	10	M	76	A		-1	3492.09561845	[1, 1, 1, 1, 1, 1, 1, 1, 1, 1, 1, 1]
	876375	693789	772735	10	M	85	A		-1	3492.18275331	[1, 1, 1, 1, 1, 1, 1, 1, 1, 1, 0, 1]
	771752	640911	673081	9	M	3	A		-1	3492.21737529	[1, 1, 1, 1, 1, 1, 1, 1, 1, 1, 1, 1]
	808542	781650	790581	10	M	57	A		-1	3492.40030732	[1, 1, 1, 1, 1, 1, 1, 1, 1, 1, 1, 1]
	808317	726879	721090	10	M	70	A		-1	3493.22858866	[1, 1, 1, 1, 1, 1, 1, 1, 1, 1, 1, 1]
	805088	781768	694729	10	M	63	A		-1	3493.40827229	[1, 1, 1, 1, 1, 1, 1, 1, 1, 1, 1, 1]
	873818	715589	758401	10	M	44	A		-1	3493.50574801	[1, 1, 1, 1, 1, 1, 1, 1, 1, 1, 1, 1]
	798809	787992	672519	10	M	44	A		-1	3493.51805105	[1, 1, 1, 1, 1, 1, 1, 1, 1, 1, 1, 1]
	843207	781768	772375	10	M	49	A		-1	3493.54620435	[1, 1, 1, 1, 1, 1, 1, 1, 1, 1, 1, 1]
	796697	748479	779495	10	M	50	A		-1	3493.80048912	[1, 1, 1, 1, 1, 1, 1, 1, 1, 1, 1, 1]
	834635	789522	624032	10	M	95	A		-1	3494.37440437	[1, 1, 1, 1, 1, 1, 1, 0, 1, 1, 1, 1]
	828145	714822	602813	10	M	26	A		-1	3494.41926342	[1, 1, 1, 1, 1, 1, 1, 0, 1, 1, 1, 1]
	869765	762026	749763	10	M	77	A		-1	3494.7145528	[1, 0, 1, 1, 1, 1, 1, 1, 1, 1, 1, 1]
	851487	765068	729402	10	M	21	A		-1	3494.75460919	[1, 1, 1, 1, 1, 1, 1, 1, 1, 1, 1, 1]
	855814	707562	767327	10	M	20	A		-1	3494.79978282	[1, 1, 1, 1, 1, 1, 1, 1, 1, 1, 1, 1]
	885083	744811	724899	10	M	12	A		-1	3494.81021568	[1, 1, 1, 1, 1, 1, 1, 1, 1, 1, 1, 1]
	886217	755848	654992	10	M	96	A		-1	3494.88800389	[1, 1, 1, 1, 1, 1, 1, 1, 1, 1, 1, 1]
	876936	789581	712207	10	M	33	A		-1	3494.94165419	[1, 1, 1, 1, 1, 1, 1, 1, 1, 1, 1, 1]
	821071	735617	730676	10	M	12	A		-1	3495.72918363	[1, 1, 1, 1, 1, 1, 1, 1, 1, 1, 1, 1]
	805012	752724	774291	10	M	60	A		-1	3495.99195997	[1, 1, 1, 1, 1, 1, 1, 1, 1, 1, 1, 1]
	803451	707562	790073	10	M	79	A		-1	3496.06546259	[1, 1, 1, 1, 1, 1, 1, 1, 1, 1, 1, 1]
	870441	789522	707291	10	M	32	A		-1	3496.37627614	[1, 1, 1, 1, 1, 1, 1, 1, 1, 1, 1, 1]
	841841	780087	729457	10	M	86	A		-1	3496.38300072	[1, 1, 1, 1, 1, 1, 1, 1, 1, 1, 1, 1]
	819497	740499	754531	10	M	64	A		-1	3496.65030796	[1, 1, 1, 0, 1, 1, 1, 1, 1, 1, 1, 1]
	863882	777519	715610	10	M	31	A		-1	3496.80551886	[1, 1, 1, 1, 1, 1, 1, 1, 1, 1, 1, 1]
	887604	726879	603944	10	M	27	A		-1	3497.03290704	[1, 1, 1, 1, 1, 1, 1, 1, 1, 1, 1, 1]
	878293	739514	764732	10	M	66	A		-1	3497.09471306	[1, 1, 1, 1, 1, 1, 1, 1, 1, 1, 1, 1]
	754181	654077	691716	9	M	96	A		-1	3497.1803965	[1, 1, 1, 1, 1, 1, 1, 1, 1, 1, 1, 1]
	885545	773221	741531	10	M	41	A		-1	3497.50038022	[1, 1, 1, 1, 1, 1, 1, 1, 1, 1, 1, 1]
	831531	750130	694791	10	M	9	A		-1	3498.51174108	[1, 1, 1, 1, 1, 1, 1, 1, 1, 1, 1, 1]
	848078	693789	732040	10	M	35	A		-1	3498.65716195	[1, 1, 1, 1, 1, 1, 1, 1, 1, 1, 1, 1]
	718415	619447	616372	9	M	82	A		-1	3498.81094361	[1, 1, 1, 1, 1, 1, 1, 1, 1, 1, 1, 1]
	847943	715589	708655	10	M	68	A		-1	3499.14761846	[1, 1, 1, 1, 1, 1, 1, 1, 1, 1, 1, 1]
	886990	715589	634039	10	M	58	A		-1	3499.26035806	[1, 1, 0, 1, 1, 1, 1, 1, 1, 1, 1, 1]
	886169	752724	677458	10	M	100	A		-1	3499.63727587	[1, 1, 1, 1, 1, 1, 1, 1, 1, 1, 1, 1]
	714822	642007	656139	9	M	48	A		-1	3500.04076337	[1, 1, 1, 1, 1, 1, 1, 1, 1, 1, 1, 1]
	874434	781650	749728	10	M	92	A		-1	3500.24829586	[1, 1, 1, 1, 1, 1, 1, 1, 1, 1, 1, 1]
	813379	697264	783962	10	M	22	A		-1	3500.7183678	[1, 1, 1, 1, 1, 1, 1, 1, 1, 1, 1, 1]
	850812	740499	764966	10	M	66	A		-1	3500.97813916	[1, 1, 1, 1, 1, 1, 1, 1, 1, 1, 1, 1]
	812084	781768	720970	10	M	54	A		-1	3501.31754075	[1, 1, 1, 1, 1, 1, 1, 1, 1, 1, 1, 1]
	891376	700707	756127	10	M	40	A		-1	3501.45327339	[1, 1, 1, 1, 1, 1, 1, 1, 1, 1, 1, 1]
	837791	739929	638166	10	M	36	A		-1	3502.09585218	[1, 1, 1, 1, 1, 1, 1, 1, 1, 1, 1, 1]
	881636	776565	738456	10	M	81	A		-1	3503.05073974	[1, 0, 1, 1, 1, 1, 1, 1, 1, 1, 1, 1]
	796616	755848	779763	10	M	78	A		-1	3503.07099134	[1, 1, 1, 1, 1, 1, 1, 1, 1, 1, 1, 1]
	834667	744811	791744	10	M	54	A		-1	3503.59362081	[1, 1, 1, 1, 1, 1, 1, 1, 1, 1, 1, 1]
	873432	748479	714855	10	M	79	A		-1	3503.90276702	[1, 1, 1, 1, 1, 1, 1, 1, 1, 1, 1, 0]
	883734	789522	764390	10	M	87	A		-1	3504.07777868	[1, 1, 1, 1, 1, 1, 1, 1, 1, 1, 1, 1]
	850085	781452	775199	10	M	39	A		-1	3504.27302521	[1, 1, 1, 1, 1, 1, 1, 1, 1, 1, 1, 1]
	827051	744268	786179	10	M	4	A		-1	3505.12786559	[1, 1, 1, 1, 1, 1, 1, 0, 1, 1, 1, 1]
	875605	779223	600153	10	M	69	A		-1	3505.44719616	[1, 1, 1, 1, 1, 1, 0, 1, 1, 1, 1, 1]
	796435	773221	736556	10	M	90	A		-1	3505.72997888	[1, 1, 1, 1, 1, 1, 1, 1, 1, 1, 1, 1]
	893222	767901	760206	10	M	34	A		-1	3507.05008266	[0, 1, 1, 1, 1, 1, 1, 1, 1, 1, 1, 1]
	838570	726879	723780	10	M	94	A		-1	3507.50425603	[1, 1, 1, 1, 1, 1, 1, 1, 1, 1, 1, 1]
	856979	787097	714852	10	M	80	A		-1	3507.96343901	[1, 1, 1, 1, 1, 1, 1, 0, 1, 1, 1, 1]
	816883	777659	698907	10	M	12	A		-1	3507.96923243	[1, 1, 1, 1, 1, 1, 1, 1, 1, 1, 1, 1]
	876717	748479	776505	10	M	99	A		-1	3508.5789079	[1, 1, 1, 1, 1, 1, 1, 1, 1, 1, 1, 1]
	815810	765068	737797	10	M	99	A		-1	3508.92554555	[0, 1, 1, 0, 1, 1, 1, 1, 1, 1, 1, 1]
	853646	789522	507777	10	M	90	A		-1	3509.3666843	[1, 1, 1, 1, 1, 1, 1, 1, 1, 1, 1, 1]
	883643	789581	693379	10	M	10	A		-1	3509.41150261	[1, 1, 1, 1, 1, 1, 1, 1, 1, 1, 1, 1]
	883759	780087	761038	10	M	13	A		-1	3510.41861593	[1, 1, 1, 1, 1, 1, 1, 1, 1, 1, 1, 0]
	831455	776565	710982	10	M	14	A		-1	3511.04132532	[1, 1, 1, 1, 1, 1, 1, 1, 1, 1, 1, 1]
	810565	779905	719553	10	M	40	A		-1	3511.0712668	[1, 1, 1, 1, 1, 1, 1, 1, 1, 1, 1, 1]
	841008	736266	780711	10	M	99	A		-1	3511.17149629	[1, 0, 1, 1, 1, 1, 1, 1, 1, 1, 1, 1]
	877393	779223	634544	10	M	57	A		-1	3511.61830853	[1, 1, 1, 1, 1, 1, 0, 1, 1, 1, 1, 0]
	838112	755848	789526	10	M	83	A		-1	3511.66553686	[1, 1, 1, 1, 1, 1, 1, 1, 1, 1, 1, 1]
	795697	702044	746726	10	M	61	A		-1	3512.12161714	[1, 0, 1, 1, 1, 1, 1, 1, 1, 1, 1, 1]
	846559	715589	790642	10	M	62	A		-1	3512.2803095	[1, 1, 1, 1, 1, 1, 1, 1, 1, 1, 1, 1]
	814075	781452	719974	10	M	99	A		-1	3512.44168114	[1, 1, 1, 1, 1, 1, 1, 1, 1, 1, 1, 1]
	821715	771752	776234	10	M	63	A		-1	3512.65987866	[1, 1, 1, 1, 1, 1, 1, 1, 1, 1, 1, 1]
	798743	781452	745593	10	M	97	A		-1	3512.73191424	[1, 1, 1, 1, 1, 1, 1, 1, 1, 1, 1, 1]
	852227	787992	770310	10	M	92	A		-1	3512.82486512	[1, 1, 1, 1, 1, 1, 1, 1, 1, 1, 1, 1]
	889093	722266	733885	10	M	76	A		-1	3513.04209368	[1, 1, 1, 1, 1, 1, 1, 0, 1, 1, 1, 1]
	849059	781768	685467	10	M	4	A		-1	3513.50566148	[1, 1, 1, 1, 1, 1, 1, 1, 1, 1, 1, 1]
	887501	715589	643804	10	M	7	A		-1	3513.58986583	[1, 1, 1, 1, 1, 1, 1, 1, 1, 1, 1, 1]
	878899	697264	720932	10	M	59	A		-1	3514.07957452	[0, 1, 1, 1, 1, 1, 1, 1, 1, 1, 1, 1]
	860443	776565	752542	10	M	1	A		-1	3514.23917374	[1, 1, 1, 1, 1, 1, 1, 1, 1, 1, 1, 1]
	806413	771752	651636	10	M	87	A		-1	3514.37003847	[1, 1, 1, 1, 1, 1, 1, 1, 1, 1, 1, 1]
	888759	740499	726153	10	M	96	A		-1	3514.40742912	[1, 1, 1, 1, 1, 1, 1, 1, 1, 1, 1, 1]
	821779	773221	747143	10	M	43	A		-1	3514.44469415	[1, 1, 1, 1, 1, 1, 1, 1, 1, 1, 1, 1]
	858467	714483	723176	10	M	55	A		-1	3514.60786243	[1, 1, 1, 1, 1, 1, 1, 1, 1, 1, 1, 1]
	870379	781768	726967	10	M	22	A		-1	3514.74079799	[1, 1, 1, 1, 1, 1, 1, 1, 1, 1, 1, 1]
	776565	668444	412826	9	M	24	A		-1	3514.89048679	[1, 0, 1, 1, 1, 1, 1, 1, 1, 1, 1, 1]
	836437	777510	713938	10	M	88	A		-1	3514.92756461	[1, 1, 1, 1, 1, 1, 1, 1, 1, 1, 1, 1]
	828796	740499	701248	10	M	67	A		-1	3514.97154419	[1, 1, 1, 1, 1, 1, 1, 1, 1, 1, 1, 1]
	870012	714483	672116	10	M	60	A		-1	3515.19925182	[1, 1, 1, 1, 1, 1, 1, 1, 1, 1, 1, 1]
	838236	700707	741081	10	M	17	A		-1	3515.3922168	[1, 1, 1, 1, 1, 1, 1, 1, 1, 1, 1, 1]
	882308	777519	696455	10	M	82	A		-1	3515.40358469	[1, 1, 1, 1, 1, 1, 1, 1, 1, 1, 1, 1]
	877029	739929	671092	10	M	33	A		-1	3515.98382131	[1, 1, 1, 1, 1, 1, 1, 1, 1, 1, 1, 1]
	886867	718415	734312	10	M	4	A		-1	3516.32257713	[1, 1, 1, 1, 1, 1, 1, 1, 1, 1, 1, 1]
	822404	740499	700600	10	M	68	A		-1	3517.93362441	[1, 0, 1, 1, 1, 1, 1, 1, 1, 1, 1, 1]
	845442	777519	691535	10	M	9	A		-1	3518.18000892	[1, 1, 1, 1, 1, 1, 1, 1, 1, 1, 1, 1]
	890277	779223	659084	10	M	72	A		-1	3518.25945524	[1, 1, 1, 1, 1, 1, 1, 1, 1, 1, 1, 1]
	846924	754181	780393	10	M	92	A		-1	3519.13430577	[1, 1, 1, 1, 1, 1, 1, 1, 1, 1, 1, 1]
	809623	707562	737098	10	M	47	A		-1	3519.51102447	[1, 1, 1, 1, 1, 1, 1, 1, 1, 1, 1, 1]
	868409	749199	784404	10	M	65	A		-1	3519.57480794	[1, 1, 1, 1, 1, 1, 1, 1, 1, 1, 1, 1]
	839100	738479	737278	10	M	27	A		-1	3520.12726458	[1, 1, 1, 1, 1, 0, 1, 1, 1, 1, 1, 1]
	819113	754181	759118	10	M	41	A		-1	3520.77471936	[1, 1, 1, 1, 1, 1, 1, 1, 1, 1, 1, 1]
	800662	781452	793372	10	M	81	A		-1	3520.8667289	[1, 1, 1, 1, 1, 1, 1, 1, 1, 1, 1, 1]
	858112	718415	738612	10	M	29	A		-1	3520.90347652	[1, 1, 1, 1, 1, 1, 1, 1, 1, 1, 1, 1]
	796100	698117	731807	10	M	50	A		-1	3521.05688993	[1, 1, 1, 1, 1, 1, 1, 0, 1, 1, 1, 1]
	800668	755848	746741	10	M	35	A		-1	3521.19796332	[1, 1, 1, 1, 1, 1, 1, 1, 1, 1, 1, 1]
	810575	771752	785801	10	M	83	A		-1	3521.53696456	[1, 1, 1, 1, 1, 1, 1, 1, 1, 1, 1, 1]
	884208	738479	736406	10	M	12	A		-1	3522.54986448	[1, 1, 1, 1, 1, 1, 1, 1, 1, 1, 1, 1]
	777519	668444	602008	9	M	60	A		-1	3523.43060481	[1, 1, 1, 1, 1, 1, 1, 1, 1, 1, 1, 1]
	807504	776565	760445	10	M	36	A		-1	3523.51630441	[1, 0, 1, 1, 1, 1, 1, 1, 1, 1, 1, 1]
	853436	750130	676265	10	M	28	A		-1	3523.57611177	[1, 1, 1, 1, 1, 1, 1, 1, 1, 1, 1, 1]
	845648	718415	732558	10	M	44	A		-1	3523.94766978	[1, 1, 1, 1, 1, 1, 1, 1, 1, 1, 1, 1]
	885279	715589	758592	10	M	45	A		-1	3524.23686476	[1, 1, 0, 1, 1, 1, 1, 1, 1, 1, 1, 1]
	849242	739929	719597	10	M	62	A		-1	3525.00300587	[1, 1, 1, 1, 1, 1, 1, 1, 1, 1, 1, 1]
	884938	739929	702773	10	M	17	A		-1	3525.54987917	[1, 1, 1, 1, 1, 1, 1, 1, 1, 1, 1, 1]
	795554	789522	704520	10	M	19	A		-1	3525.61878874	[1, 1, 1, 1, 1, 1, 1, 1, 1, 1, 1, 1]
	832609	789522	738051	10	M	83	A		-1	3525.72495268	[1, 1, 1, 1, 1, 1, 1, 1, 1, 1, 1, 1]
	871502	697264	779551	10	M	69	A		-1	3526.01539993	[1, 1, 1, 1, 1, 1, 1, 1, 1, 1, 1, 1]
	866271	755848	779644	10	M	90	A		-1	3526.30875896	[1, 1, 1, 1, 1, 1, 1, 1, 1, 1, 1, 1]
	804260	752724	709140	10	M	36	A		-1	3526.78313164	[1, 1, 1, 0, 1, 1, 1, 1, 1, 1, 1, 1]
	893057	787097	784143	10	M	28	A		-1	3526.96793963	[1, 1, 1, 1, 1, 1, 1, 1, 1, 1, 1, 1]
	848400	744268	759662	10	M	68	A		-1	3527.2301242	[1, 1, 1, 1, 1, 1, 1, 1, 1, 1, 1, 1]
	855613	714483	736200	10	M	12	A		-1	3527.44400971	[1, 1, 1, 1, 1, 1, 1, 1, 1, 1, 1, 1]
	861562	777519	744916	10	M	26	A		-1	3527.76392115	[1, 1, 1, 1, 1, 1, 1, 1, 1, 1, 1, 1]
	892599	787992	721486	10	M	46	A		-1	3528.7221465	[1, 1, 1, 0, 1, 1, 1, 1, 1, 1, 1, 1]
	848975	739514	753820	10	M	79	A		-1	3529.35602216	[1, 1, 1, 1, 1, 1, 1, 1, 1, 1, 1, 1]
	892392	781768	753001	10	M	39	A		-1	3530.22885366	[1, 1, 1, 1, 1, 1, 1, 1, 1, 1, 1, 1]
	838483	693789	772962	10	M	12	A		-1	3530.29877276	[1, 1, 1, 1, 1, 1, 1, 1, 1, 1, 1, 1]
	871096	740499	714737	10	M	95	A		-1	3530.44289672	[1, 1, 1, 1, 1, 1, 1, 1, 1, 1, 1, 1]
	817617	789522	755525	10	M	65	A		-1	3530.49219178	[1, 1, 1, 0, 1, 1, 1, 1, 1, 1, 1, 1]
	856293	739929	710363	10	M	66	A		-1	3530.80661643	[1, 1, 1, 1, 1, 1, 1, 1, 1, 1, 1, 1]
	820305	789522	767758	10	M	47	A		-1	3530.89804874	[1, 1, 1, 1, 1, 1, 1, 1, 1, 1, 1, 1]
	858597	776565	666111	10	M	30	A		-1	3531.12697042	[1, 1, 1, 1, 1, 1, 1, 1, 1, 1, 1, 1]
	833126	779223	692811	10	M	56	A		-1	3531.67108898	[1, 1, 1, 1, 1, 1, 1, 1, 1, 1, 1, 1]
	818591	789522	785409	10	M	38	A		-1	3532.15600894	[1, 0, 1, 1, 1, 1, 1, 1, 1, 1, 1, 1]
	858252	736266	755125	10	M	54	A		-1	3533.01491249	[1, 1, 1, 1, 1, 1, 1, 1, 1, 1, 1, 1]
	827521	735617	770870	10	M	99	A		-1	3533.20167068	[1, 1, 1, 1, 1, 1, 1, 1, 1, 1, 1, 1]
	793965	767901	765227	10	M	14	A		-1	3533.40470878	[1, 1, 1, 1, 1, 1, 1, 1, 1, 1, 1, 1]
	813883	744268	774547	10	M	38	A		-1	3534.02671769	[1, 1, 1, 1, 1, 1, 1, 1, 1, 1, 1, 1]
	826497	738479	697588	10	M	84	A		-1	3534.20206953	[1, 1, 1, 1, 1, 1, 1, 1, 1, 1, 1, 1]
	884571	748479	684453	10	M	88	A		-1	3534.34161809	[1, 1, 1, 1, 1, 1, 1, 1, 1, 1, 1, 1]
	858982	744811	774022	10	M	26	A		-1	3534.75570528	[1, 1, 1, 0, 1, 1, 1, 1, 1, 1, 1, 1]
	836583	714483	705594	10	M	39	A		-1	3535.06086182	[1, 1, 1, 1, 1, 1, 1, 1, 1, 1, 1, 1]
	882420	779223	632124	10	M	94	A		-1	3535.88539908	[1, 1, 1, 1, 1, 1, 1, 1, 1, 1, 1, 1]
	869987	726879	762059	10	M	21	A		-1	3536.1152699	[1, 1, 1, 1, 1, 1, 1, 1, 1, 1, 1, 1]
	888400	779223	684998	10	M	52	A		-1	3536.23448454	[1, 1, 1, 1, 1, 1, 1, 1, 1, 1, 1, 1]
	863249	748479	729558	10	M	6	A		-1	3536.45540091	[1, 1, 1, 1, 1, 1, 1, 1, 1, 1, 1, 1]
	886392	739514	744432	10	M	64	A		-1	3536.60811435	[1, 1, 1, 1, 1, 1, 1, 1, 1, 1, 1, 1]
	801979	718415	757967	10	M	98	A		-1	3536.96013211	[1, 1, 1, 1, 1, 1, 1, 1, 1, 1, 1, 1]
	799052	739514	718134	10	M	85	A		-1	3536.98915981	[1, 1, 1, 1, 1, 1, 1, 1, 1, 1, 1, 1]
	887296	787992	791521	10	M	7	A		-1	3537.64819518	[1, 1, 1, 1, 1, 1, 1, 1, 1, 1, 1, 1]
	870856	718415	725549	10	M	38	A		-1	3538.1515413	[1, 1, 1, 1, 1, 1, 1, 1, 1, 1, 1, 1]
	842855	777510	702269	10	M	2	A		-1	3538.35409324	[1, 1, 1, 1, 1, 1, 1, 1, 1, 1, 1, 1]
	874560	726879	748462	10	M	57	A		-1	3538.53372345	[1, 1, 1, 1, 1, 1, 1, 1, 1, 1, 1, 1]
	877468	699212	771554	10	M	19	A		-1	3538.74823733	[1, 1, 1, 1, 1, 1, 1, 1, 1, 1, 1, 0]
	857532	697264	703305	10	M	61	A		-1	3539.13999241	[1, 1, 1, 1, 1, 1, 1, 1, 1, 1, 1, 1]
	857269	780087	701444	10	M	97	A		-1	3539.54008089	[1, 1, 1, 1, 1, 1, 1, 1, 1, 1, 1, 1]
	807144	776565	758230	10	M	26	A		-1	3540.65475936	[1, 0, 1, 1, 1, 1, 1, 1, 1, 1, 1, 1]
	816709	789581	716513	10	M	13	A		-1	3540.69154457	[1, 1, 1, 1, 1, 1, 1, 1, 1, 1, 1, 1]
	843295	780087	697409	10	M	12	A		-1	3542.22319111	[1, 1, 1, 1, 1, 1, 1, 1, 1, 1, 1, 1]
	813263	776565	746539	10	M	64	A		-1	3543.09231455	[1, 0, 1, 1, 1, 1, 1, 1, 1, 1, 1, 1]
	833169	752724	598704	10	M	31	A		-1	3543.23847299	[1, 1, 1, 1, 1, 1, 1, 1, 1, 1, 1, 1]
	870219	736266	623553	10	M	76	A		-1	3543.41903994	[1, 1, 1, 1, 1, 1, 1, 1, 1, 1, 1, 1]
	879326	755848	507687	10	M	53	A		-1	3543.94863637	[1, 1, 1, 1, 1, 1, 1, 1, 1, 1, 1, 1]
	739514	607816	628461	9	M	44	A		-1	3544.49998399	[1, 1, 1, 1, 1, 1, 1, 1, 1, 1, 1, 1]
	850433	789522	775063	10	M	23	A		-1	3544.5156528	[1, 1, 1, 0, 1, 1, 1, 0, 1, 1, 1, 1]
	841900	777510	789058	10	M	48	A		-1	3544.94917793	[1, 1, 1, 1, 1, 1, 1, 1, 1, 1, 1, 1]
	811251	780087	699689	10	M	5	A		-1	3546.22968334	[1, 1, 1, 1, 1, 1, 1, 1, 1, 1, 1, 1]
	872050	739929	723455	10	M	62	A		-1	3547.36815044	[1, 1, 1, 1, 1, 1, 1, 1, 1, 1, 1, 1]
	866084	755848	765330	10	M	48	A		-1	3547.85538037	[1, 1, 1, 1, 1, 1, 1, 1, 1, 1, 1, 1]
	882221	773221	772978	10	M	48	A		-1	3547.99682926	[1, 1, 1, 1, 1, 1, 1, 1, 1, 1, 1, 1]
	870300	736266	770536	10	M	94	A		-1	3548.9456355	[1, 1, 1, 1, 1, 1, 1, 1, 1, 1, 1, 1]
	892280	755848	760392	10	M	57	A		-1	3549.08352596	[1, 1, 1, 1, 1, 1, 1, 1, 1, 1, 1, 1]
	850608	739514	731490	10	M	4	A		-1	3550.73565352	[1, 1, 1, 1, 1, 1, 1, 1, 1, 1, 1, 1]
	817787	699670	777567	10	M	75	A		-1	3551.02968923	[1, 1, 1, 0, 1, 1, 1, 1, 1, 1, 1, 0]
	862508	776565	733334	10	M	44	A		-1	3551.34881031	[1, 0, 1, 1, 1, 1, 1, 1, 1, 1, 1, 1]
	838346	739514	708669	10	M	81	A		-1	3551.35472838	[1, 1, 1, 1, 1, 1, 1, 1, 1, 1, 1, 1]
	755848	683441	666138	9	M	40	A		-1	3551.46902371	[1, 1, 1, 1, 1, 1, 1, 1, 1, 1, 1, 1]
	883873	777519	720486	10	M	22	A		-1	3551.54083386	[1, 1, 1, 1, 1, 1, 1, 1, 1, 1, 1, 1]
	831671	776565	787422	10	M	57	A		-1	3551.84052295	[1, 1, 1, 1, 1, 1, 1, 1, 1, 1, 1, 1]
	835713	697264	636130	10	M	98	A		-1	3552.76705404	[1, 1, 1, 1, 1, 1, 1, 1, 1, 1, 1, 1]
	866830	718415	595611	10	M	56	A		-1	3553.17370587	[1, 1, 1, 1, 1, 1, 1, 1, 1, 1, 1, 1]
	833980	744811	789140	10	M	37	A		-1	3554.08941709	[1, 1, 1, 1, 1, 1, 1, 1, 1, 1, 1, 1]
	809557	697264	726697	10	M	88	A		-1	3554.53667531	[1, 1, 1, 1, 1, 1, 1, 1, 1, 1, 1, 1]
	862923	781452	702758	10	M	88	A		-1	3554.61172588	[1, 1, 1, 0, 1, 1, 1, 1, 1, 1, 1, 1]
	795871	739514	729883	10	M	100	A		-1	3554.8353462	[1, 1, 1, 1, 1, 1, 1, 1, 1, 1, 1, 1]
	823506	726879	768937	10	M	14	A		-1	3555.95202974	[1, 1, 1, 1, 1, 1, 1, 1, 1, 1, 1, 1]
	807418	693789	777496	10	M	19	A		-1	3556.14302733	[1, 1, 1, 1, 1, 1, 1, 1, 1, 1, 1, 1]
	863523	744811	778301	10	M	62	A		-1	3558.29779157	[1, 1, 1, 1, 1, 1, 1, 1, 1, 1, 1, 1]
	819953	718415	792417	10	M	64	A		-1	3558.30370356	[1, 1, 1, 1, 1, 1, 1, 1, 1, 1, 1, 1]
	816328	760618	739978	10	M	29	A		-1	3559.16779974	[1, 1, 1, 0, 1, 1, 1, 1, 1, 1, 1, 1]
	874781	699212	615767	10	M	57	A		-1	3559.26759557	[1, 1, 1, 1, 1, 1, 1, 1, 1, 1, 1, 1]
	805575	780087	777994	10	M	54	A		-1	3559.46946899	[1, 1, 1, 1, 1, 1, 1, 1, 1, 1, 1, 1]
	816101	700707	707867	10	M	31	A		-1	3559.60563908	[1, 1, 1, 1, 1, 1, 1, 1, 1, 1, 1, 1]
	843470	771752	792719	10	M	40	A		-1	3559.85814931	[1, 1, 1, 1, 1, 1, 1, 1, 1, 1, 1, 1]
	821114	718415	562753	10	M	13	A		-1	3560.40162396	[1, 1, 1, 1, 1, 1, 1, 0, 1, 1, 1, 1]
	808051	781768	607611	10	M	77	A		-1	3560.69657983	[1, 1, 1, 1, 1, 1, 1, 1, 1, 1, 1, 1]
	822503	699670	732535	10	M	68	A		-1	3560.84580157	[1, 1, 1, 1, 1, 1, 1, 1, 1, 1, 1, 1]
	890537	739929	699959	10	M	86	A		-1	3561.27118468	[1, 1, 1, 1, 1, 1, 1, 1, 1, 1, 1, 1]
	869635	773221	707521	10	M	4	A		-1	3562.38038362	[1, 1, 1, 1, 0, 1, 1, 1, 1, 1, 1, 1]
	853322	740499	740219	10	M	83	A		-1	3562.39034021	[1, 1, 1, 1, 1, 1, 1, 1, 1, 1, 1, 1]
	830291	779223	780854	10	M	12	A		-1	3562.68569187	[1, 1, 1, 1, 1, 1, 1, 1, 1, 1, 1, 1]
	805004	789522	793205	10	M	96	A		-1	3562.86636123	[1, 1, 1, 1, 1, 1, 1, 1, 1, 1, 1, 1]
	779223	615809	662331	9	M	98	A		-1	3563.03893812	[1, 1, 1, 1, 1, 1, 1, 1, 1, 1, 1, 1]
	859182	789522	783637	10	M	92	A		-1	3563.15994408	[1, 1, 1, 1, 1, 1, 1, 1, 1, 1, 1, 1]
	855297	698117	770439	10	M	6	A		-1	3564.77401171	[1, 1, 1, 1, 1, 1, 1, 1, 1, 1, 1, 1]
	892567	702044	739036	10	M	19	A		-1	3564.88133109	[1, 1, 1, 1, 1, 1, 1, 0, 1, 1, 1, 1]
	812075	699212	698649	10	M	74	A		-1	3564.90261273	[1, 1, 1, 1, 1, 1, 1, 1, 1, 1, 1, 0]
	836630	738479	792426	10	M	17	A		-1	3565.78864999	[1, 1, 1, 1, 1, 1, 1, 1, 1, 1, 1, 1]
	851471	776565	744643	10	M	92	A		-1	3565.98853722	[1, 1, 1, 1, 1, 1, 1, 1, 1, 1, 1, 1]
	868745	779223	781704	10	M	51	A		-1	3567.0693055	[1, 1, 1, 1, 1, 1, 1, 1, 1, 1, 1, 1]
	818011	754181	754419	10	M	47	A		-1	3567.10692853	[1, 1, 1, 1, 1, 1, 1, 1, 1, 1, 1, 1]
	847957	739514	784247	10	M	3	A		-1	3567.50650324	[1, 1, 1, 1, 1, 1, 1, 1, 1, 1, 1, 1]
	813243	787992	600612	10	M	37	A		-1	3567.83432624	[1, 1, 1, 1, 1, 1, 0, 1, 1, 1, 1, 1]
	840073	787097	503136	10	M	57	A		-1	3569.02051016	[1, 1, 1, 1, 1, 1, 1, 1, 1, 1, 1, 1]
	838449	777659	684097	10	M	61	A		-1	3570.76836566	[1, 1, 1, 1, 1, 1, 1, 1, 1, 1, 1, 1]
	805569	787992	750312	10	M	83	A		-1	3571.27915939	[1, 1, 1, 1, 1, 1, 1, 1, 1, 1, 1, 1]
	798225	718415	701980	10	M	80	A		-1	3571.76351547	[1, 1, 0, 1, 1, 1, 1, 1, 1, 1, 1, 1]
	872643	739514	759316	10	M	98	A		-1	3572.09613233	[1, 1, 1, 1, 1, 1, 1, 1, 1, 1, 1, 1]
	807910	744268	631294	10	M	25	A		-1	3572.43449453	[1, 1, 1, 1, 1, 1, 1, 0, 1, 1, 1, 1]
	886603	787097	740654	10	M	96	A		-1	3572.79522039	[1, 1, 1, 1, 1, 1, 1, 1, 1, 1, 1, 1]
	825596	748479	752554	10	M	47	A		-1	3573.4933285	[1, 1, 1, 1, 1, 1, 1, 1, 1, 1, 1, 1]
	830795	787097	707275	10	M	31	A		-1	3574.20707619	[1, 1, 1, 1, 1, 1, 1, 1, 1, 1, 1, 1]
	781768	511280	653373	9	M	24	A		-1	3574.74152156	[1, 1, 1, 1, 1, 1, 1, 1, 1, 1, 1, 1]
	811806	722266	789180	10	M	37	A		-1	3575.73321146	[1, 1, 1, 1, 1, 0, 1, 1, 1, 1, 1, 1]
	883044	767901	595582	10	M	49	A		-1	3575.73409887	[1, 1, 1, 1, 1, 1, 1, 1, 1, 1, 1, 1]
	862770	779905	732615	10	M	73	A		-1	3579.19712285	[1, 1, 1, 1, 1, 1, 1, 1, 1, 1, 1, 1]
	796685	762026	653314	10	M	99	A		-1	3579.52312044	[1, 1, 1, 1, 1, 1, 1, 1, 1, 1, 1, 1]
	808144	781768	791353	10	M	24	A		-1	3580.6090687	[1, 1, 1, 1, 1, 1, 1, 1, 1, 1, 1, 1]
	796281	697264	750185	10	M	51	A		-1	3581.65344994	[1, 1, 1, 1, 1, 1, 1, 1, 1, 1, 1, 1]
	880592	777659	724420	10	M	40	A		-1	3582.00073932	[1, 1, 1, 0, 1, 1, 1, 1, 1, 1, 1, 1]
	885146	693789	717336	10	M	65	A		-1	3582.96435219	[1, 1, 1, 1, 1, 1, 1, 1, 1, 1, 1, 1]
	892467	739514	722313	10	M	60	A		-1	3583.56198656	[1, 1, 1, 1, 1, 1, 1, 1, 1, 1, 1, 1]
	840717	755848	708490	10	M	29	A		-1	3583.87446384	[1, 1, 1, 1, 1, 1, 1, 1, 1, 1, 1, 1]
	809439	779223	639274	10	M	64	A		-1	3585.5589883	[1, 1, 1, 1, 1, 1, 1, 1, 1, 1, 1, 1]
	815953	715589	718392	10	M	79	A		-1	3585.73125675	[1, 1, 0, 1, 1, 1, 1, 1, 1, 1, 1, 1]
	877370	697264	744463	10	M	51	A		-1	3585.80719509	[1, 1, 1, 1, 1, 1, 1, 1, 1, 1, 1, 1]
	885594	699670	741492	10	M	69	A		-1	3585.81996202	[1, 1, 1, 1, 1, 1, 1, 1, 1, 1, 1, 1]
	821162	714483	745758	10	M	37	A		-1	3585.84021349	[1, 1, 1, 1, 1, 1, 1, 1, 1, 1, 1, 1]
	882585	739514	789405	10	M	94	A		-1	3586.88927752	[1, 1, 1, 1, 1, 1, 1, 1, 1, 1, 1, 1]
	884751	715589	743231	10	M	75	A		-1	3587.16516314	[1, 1, 1, 1, 1, 1, 1, 1, 1, 1, 1, 1]
	810052	773221	779417	10	M	48	A		-1	3587.35335738	[1, 1, 1, 1, 1, 1, 1, 1, 1, 1, 1, 1]
	869123	779223	762671	10	M	15	A		-1	3588.15921054	[1, 1, 1, 1, 1, 1, 1, 1, 1, 1, 1, 1]
	820861	714483	723996	10	M	48	A		-1	3588.20695489	[1, 1, 1, 1, 1, 1, 1, 1, 1, 1, 1, 1]
	844980	781768	770497	10	M	20	A		-1	3592.44100991	[1, 1, 1, 1, 1, 1, 1, 1, 1, 1, 1, 1]
	845932	765068	695452	10	M	23	A		-1	3593.58270395	[0, 1, 1, 1, 1, 1, 1, 1, 1, 1, 1, 1]
	841813	699670	727795	10	M	87	A		-1	3594.04553673	[1, 1, 1, 0, 1, 1, 1, 1, 1, 1, 1, 1]
	804200	776565	734991	10	M	92	A		-1	3595.3621104	[1, 1, 1, 1, 1, 1, 1, 1, 1, 1, 1, 1]
	842057	693789	745855	10	M	33	A		-1	3595.49812993	[1, 1, 1, 1, 1, 1, 1, 1, 1, 1, 1, 1]
	841536	776565	720085	10	M	30	A		-1	3595.74165225	[1, 0, 1, 1, 1, 1, 1, 1, 1, 1, 1, 1]
	811312	740499	722771	10	M	42	A		-1	3596.80102687	[1, 1, 1, 1, 1, 1, 1, 1, 1, 1, 1, 1]
	793788	739929	624992	10	M	57	A		-1	3599.4863694	[1, 1, 1, 1, 1, 1, 1, 1, 1, 1, 1, 1]
	849993	744268	713274	10	M	48	A		-1	3599.96744133	[1, 1, 1, 1, 1, 1, 1, 1, 1, 1, 1, 1]
	886114	697264	779889	10	M	73	A		-1	3600.77551117	[1, 1, 1, 1, 1, 1, 1, 1, 1, 1, 1, 1]
	860683	780087	635154	10	M	39	A		-1	3600.8226513	[1, 1, 1, 1, 1, 1, 1, 1, 1, 1, 1, 1]
	838880	739514	767945	10	M	21	A		-1	3600.86264867	[1, 1, 1, 1, 1, 1, 1, 1, 1, 1, 1, 1]
	867699	789522	793337	10	M	100	A		-1	3601.7458513	[1, 1, 1, 1, 1, 1, 1, 1, 1, 1, 1, 1]
	803972	726879	792258	10	M	61	A		-1	3601.94326181	[1, 1, 1, 1, 1, 1, 1, 1, 1, 1, 1, 1]
	833837	777519	733383	10	M	55	A		-1	3602.97114957	[1, 1, 1, 1, 1, 1, 1, 1, 1, 1, 1, 1]
	794313	707562	617061	10	M	64	A		-1	3603.84257203	[1, 1, 1, 1, 1, 1, 1, 1, 1, 1, 1, 1]
	830204	780087	740864	10	M	20	A		-1	3606.40808563	[1, 1, 1, 1, 1, 1, 1, 1, 1, 1, 1, 1]
	887262	781768	729070	10	M	29	A		-1	3607.48689169	[1, 1, 1, 1, 1, 1, 1, 1, 1, 1, 1, 1]
	862742	779223	737846	10	M	94	A		-1	3607.69379395	[1, 1, 1, 1, 1, 1, 1, 1, 1, 1, 1, 1]
	837645	715589	714359	10	M	70	A		-1	3607.72707449	[1, 1, 0, 1, 1, 1, 1, 1, 1, 1, 1, 1]
	860900	767901	773530	10	M	39	A		-1	3608.17441928	[1, 1, 1, 1, 1, 1, 1, 1, 1, 1, 1, 1]
	884307	789522	661797	10	M	60	A		-1	3610.15137497	[1, 1, 1, 1, 1, 1, 1, 1, 1, 1, 1, 1]
	872410	776565	696779	10	M	69	A		-1	3610.53117674	[1, 0, 1, 1, 1, 1, 1, 1, 1, 1, 1, 1]
	885920	754181	766574	10	M	34	A		-1	3611.05140584	[1, 1, 1, 1, 1, 0, 1, 1, 1, 1, 1, 1]
	800770	789581	598516	10	M	55	A		-1	3611.39324316	[1, 1, 1, 1, 1, 1, 1, 1, 1, 1, 1, 1]
	856527	749199	707774	10	M	97	A		-1	3611.64455074	[1, 1, 1, 1, 1, 1, 1, 1, 1, 1, 1, 1]
	853561	714822	729506	10	M	77	A		-1	3612.41500516	[1, 1, 1, 1, 1, 1, 1, 1, 1, 1, 1, 1]
	748479	639790	608147	9	M	37	A		-1	3612.59290559	[1, 1, 1, 1, 1, 1, 1, 1, 1, 1, 1, 1]
	818205	780087	785866	10	M	36	A		-1	3613.38736202	[1, 1, 1, 1, 1, 1, 1, 1, 1, 1, 1, 1]
	847226	698117	737573	10	M	81	A		-1	3614.45638911	[1, 1, 1, 1, 1, 1, 1, 1, 1, 1, 1, 1]
	881285	781768	726315	10	M	58	A		-1	3615.02321554	[1, 1, 1, 1, 1, 1, 1, 1, 1, 1, 1, 1]
	789522	511280	601153	9	M	85	A		-1	3615.50171234	[1, 1, 1, 1, 1, 1, 1, 1, 1, 1, 1, 1]
	888020	777519	751383	10	M	67	A		-1	3615.96707792	[1, 0, 1, 1, 1, 1, 1, 1, 1, 1, 1, 1]
	868146	718415	748618	10	M	68	A		-1	3619.10433808	[1, 1, 1, 1, 1, 1, 1, 1, 1, 1, 1, 1]
	805064	744268	715587	10	M	47	A		-1	3622.69121435	[1, 1, 1, 1, 1, 1, 1, 1, 1, 1, 1, 1]
	867240	789522	785251	10	M	57	A		-1	3624.52726196	[1, 1, 1, 1, 1, 1, 1, 1, 1, 1, 1, 1]
	891619	735617	704831	10	M	34	A		-1	3624.75457217	[1, 1, 1, 1, 1, 1, 1, 1, 1, 1, 1, 1]
	884738	787097	682654	10	M	84	A		-1	3624.78246231	[1, 1, 1, 1, 1, 1, 1, 1, 1, 1, 1, 1]
	826595	767901	746097	10	M	9	A		-1	3627.51449006	[1, 1, 1, 1, 1, 1, 1, 1, 1, 1, 1, 1]
	814907	781650	731917	10	M	1	A		-1	3627.52272692	[1, 1, 1, 0, 1, 1, 1, 1, 1, 1, 1, 1]
	805921	781650	790153	10	M	97	A		-1	3627.78173685	[1, 1, 1, 1, 1, 1, 1, 1, 1, 1, 1, 1]
	821637	748479	755782	10	M	13	A		-1	3628.30134945	[1, 1, 1, 1, 1, 1, 1, 1, 1, 1, 1, 1]
	839512	715589	722983	10	M	47	A		-1	3628.72926834	[1, 1, 0, 1, 1, 1, 1, 1, 1, 1, 1, 1]
	812952	760618	716174	10	M	25	A		-1	3633.62558951	[1, 1, 1, 0, 1, 1, 1, 1, 1, 1, 1, 1]
	825676	771752	772311	10	M	15	A		-1	3636.41881543	[1, 1, 1, 1, 1, 1, 1, 1, 1, 1, 1, 1]
	861408	781650	790476	10	M	41	A		-1	3636.44219991	[1, 1, 1, 1, 1, 1, 1, 1, 1, 1, 1, 1]
	818017	736266	701723	10	M	51	A		-1	3637.3091853	[1, 1, 1, 1, 1, 1, 1, 1, 1, 1, 1, 1]
	833208	739514	775323	10	M	52	A		-1	3638.77161391	[1, 1, 1, 1, 1, 1, 1, 1, 1, 1, 1, 1]
	828545	739514	753815	10	M	40	A		-1	3638.99332312	[1, 1, 1, 1, 1, 1, 1, 1, 1, 1, 1, 1]
	880602	779223	757575	10	M	11	A		-1	3639.54235809	[1, 1, 1, 1, 1, 1, 1, 1, 1, 1, 1, 1]
	813640	779223	741597	10	M	4	A		-1	3640.48799491	[1, 1, 1, 1, 1, 1, 1, 1, 1, 1, 1, 1]
	873227	715589	728209	10	M	7	A		-1	3641.9474159	[1, 1, 0, 1, 1, 1, 1, 1, 1, 1, 1, 1]
	841982	718415	731873	10	M	100	A		-1	3643.56401071	[1, 1, 1, 1, 1, 1, 1, 1, 1, 1, 1, 1]
	858228	789581	747906	10	M	29	A		-1	3644.68552245	[1, 1, 1, 1, 1, 1, 1, 1, 1, 1, 1, 1]
	814608	781650	704773	10	M	59	A		-1	3645.17391305	[1, 1, 1, 1, 1, 1, 1, 1, 1, 1, 1, 1]
	834173	765068	719432	10	M	16	A		-1	3645.55210209	[0, 1, 1, 1, 1, 1, 1, 1, 1, 1, 1, 1]
	890948	765068	721125	10	M	75	A		-1	3645.99488847	[0, 1, 1, 1, 1, 1, 1, 1, 1, 1, 1, 1]
	816133	707562	707459	10	M	14	A		-1	3647.42550874	[1, 1, 1, 1, 1, 1, 1, 1, 1, 1, 1, 1]
	892338	777519	770218	10	M	99	A		-1	3649.4426064	[1, 1, 1, 1, 1, 1, 1, 1, 1, 1, 1, 1]
	831108	744268	702764	10	M	31	A		-1	3652.11370554	[1, 1, 1, 1, 1, 1, 1, 0, 1, 1, 1, 1]
	857693	739514	749933	10	M	64	A		-1	3653.74921356	[1, 1, 1, 1, 1, 1, 1, 1, 1, 1, 1, 1]
	892127	789581	780086	10	M	9	A		-1	3654.77370941	[1, 1, 1, 1, 1, 1, 1, 1, 1, 1, 1, 1]
	819176	715589	691174	10	M	47	A		-1	3656.98466055	[1, 1, 0, 1, 1, 1, 1, 1, 1, 1, 1, 1]
	878704	781452	765054	10	M	49	A		-1	3657.72639922	[1, 1, 1, 0, 1, 1, 1, 1, 1, 1, 1, 1]
	826038	788818	787481	10	M	59	A		-1	3658.08565939	[1, 1, 1, 1, 1, 1, 1, 1, 1, 1, 1, 1]
	857354	739929	765200	10	M	88	A		-1	3658.3969803	[1, 1, 1, 1, 1, 1, 1, 1, 1, 1, 1, 1]
	884055	781768	710144	10	M	19	A		-1	3659.02720448	[1, 1, 1, 1, 1, 1, 1, 1, 1, 1, 1, 1]
	833285	779905	742449	10	M	96	A		-1	3666.41534644	[1, 1, 1, 1, 1, 1, 1, 1, 1, 1, 1, 1]
	821733	787097	785731	10	M	75	A		-1	3669.72057095	[1, 1, 1, 1, 1, 1, 1, 1, 1, 1, 1, 1]
	827943	776565	642035	10	M	14	A		-1	3670.07824123	[1, 1, 1, 1, 1, 1, 1, 1, 1, 1, 1, 1]
	811294	748479	759222	10	M	44	A		-1	3671.25064977	[1, 1, 1, 1, 1, 1, 1, 1, 1, 1, 1, 1]
	865616	779223	662468	10	M	55	A		-1	3675.78135457	[1, 1, 1, 1, 1, 1, 1, 1, 1, 1, 1, 1]
	806538	714483	785876	10	M	2	A		-1	3681.23133096	[1, 1, 1, 1, 1, 1, 1, 0, 1, 1, 1, 1]
	862565	748479	792437	10	M	13	A		-1	3682.28041569	[1, 1, 1, 1, 1, 1, 0, 1, 1, 1, 1, 1]
	840759	715589	759953	10	M	74	A		-1	3684.60409973	[1, 1, 0, 1, 1, 1, 1, 1, 1, 1, 1, 1]
	892426	760618	670405	10	M	84	A		-1	3687.5041574	[1, 1, 1, 0, 1, 1, 1, 1, 1, 1, 1, 1]
	865000	788818	748667	10	M	72	A		-1	3694.17395859	[0, 1, 1, 1, 1, 1, 1, 1, 1, 1, 1, 1]
	812835	787097	707954	10	M	57	A		-1	3695.6394917	[1, 1, 1, 1, 1, 1, 1, 1, 1, 1, 1, 1]
	887550	787097	783547	10	M	14	A		-1	3699.68084244	[1, 1, 1, 1, 1, 1, 1, 1, 1, 1, 1, 1]
	833817	789522	692831	10	M	0	A		-1	3702.53354805	[1, 1, 1, 1, 1, 1, 1, 1, 1, 1, 1, 1]
	805893	776565	714835	10	M	48	A		-1	3704.04600146	[1, 0, 1, 1, 1, 1, 1, 1, 1, 1, 1, 1]
	856910	722266	776302	10	M	29	A		-1	3705.53895809	[1, 1, 1, 1, 1, 1, 1, 1, 1, 1, 1, 1]
	871526	748479	785911	10	M	29	A		-1	3706.15151343	[1, 1, 1, 1, 1, 1, 1, 1, 1, 1, 1, 1]
	809553	773221	777582	10	M	80	A		-1	3716.84739539	[1, 1, 1, 1, 1, 1, 1, 1, 1, 1, 1, 1]
	874831	789522	699567	10	M	35	A		-1	3717.57425308	[1, 1, 1, 1, 1, 1, 1, 1, 1, 1, 1, 1]
	879227	789522	665756	10	M	15	A		-1	3718.61403634	[1, 1, 1, 1, 1, 1, 1, 1, 1, 1, 1, 1]
	830166	754181	762132	10	M	36	A		-1	3738.80870682	[1, 1, 1, 1, 1, 1, 1, 1, 1, 1, 1, 1]
	845762	718415	720429	10	M	100	A		-1	3742.570797	[1, 1, 1, 1, 1, 1, 1, 1, 1, 1, 1, 1]
	826814	777519	736028	10	M	52	A		-1	3745.31852809	[1, 1, 1, 1, 1, 1, 1, 1, 1, 1, 1, 1]
	884268	735617	782801	10	M	64	A		-1	3755.24750059	[1, 1, 1, 1, 1, 1, 1, 0, 1, 1, 1, 1]
	855122	735617	678435	10	M	50	A		-1	3759.27362546	[1, 1, 1, 1, 1, 1, 1, 1, 1, 1, 1, 1]
	860368	754181	738030	10	M	99	A		-1	3759.68227823	[1, 1, 1, 1, 1, 1, 1, 1, 1, 1, 1, 1]
	830412	713055	763319	10	M	52	A		-1	3769.95104101	[1, 1, 1, 1, 1, 1, 1, 1, 1, 1, 1, 0]
	818058	781768	696752	10	M	8	A		-1	3780.11218559	[1, 1, 1, 1, 1, 1, 1, 1, 1, 1, 1, 1]
	830520	713055	791724	10	M	48	A		-1	3805.51414769	[1, 1, 1, 1, 1, 1, 1, 1, 1, 1, 1, 1]
	883090	748479	709177	10	M	82	A		-1	3824.78976631	[1, 1, 1, 0, 1, 1, 1, 1, 1, 1, 1, 1]
	844604	787992	720914	10	M	62	A		-1	3828.33438066	[1, 1, 1, 1, 1, 1, 1, 1, 1, 1, 1, 1]
	867220	755848	782739	10	M	58	A		-1	3854.65747243	[1, 1, 1, 1, 1, 1, 1, 1, 1, 1, 1, 1]
	856019	754181	746853	10	M	23	A		-1	3924.35652404	[1, 1, 1, 1, 1, 1, 1, 1, 1, 1, 1, 1]
	887665	693789	600749	10	M	65	A		-1	3934.70670166	[1, 1, 1, 1, 1, 1, 1, 1, 1, 1, 1, 1]
