animal	sire	dam	born	sex	herd	status	cause	died	TBV	recessives
	804102	724604	789813	10	M	94	A		-1	2722.01189797	[1, 1, 1, 1, 1, 1, 1, 1, 1, 1, 1, 1]
	847613	722751	556951	10	M	20	A		-1	2722.12012604	[1, 1, 1, 1, 1, 1, 1, 1, 1, 1, 1, 1]
	843419	722636	734295	10	M	85	A		-1	2722.14936877	[1, 1, 1, 1, 1, 1, 1, 1, 1, 1, 1, 1]
	798884	794395	672723	10	M	35	A		-1	2722.16703991	[1, 1, 1, 1, 1, 1, 1, 1, 1, 1, 1, 1]
	842712	722636	728813	10	M	147	A		-1	2722.74195347	[1, 1, 1, 1, 1, 1, 1, 1, 1, 1, 1, 1]
	805938	721191	726303	10	M	161	A		-1	2722.74354611	[1, 1, 1, 1, 1, 1, 1, 1, 1, 1, 1, 1]
	799010	794395	720393	10	M	139	A		-1	2722.74792698	[1, 1, 1, 1, 1, 1, 1, 1, 1, 1, 1, 1]
	863826	723868	764068	10	M	130	A		-1	2722.95401422	[1, 1, 1, 1, 1, 1, 1, 1, 1, 1, 1, 1]
	868555	724263	527085	10	M	177	A		-1	2723.76949204	[1, 1, 1, 1, 1, 1, 1, 1, 1, 1, 1, 0]
	889947	726205	749876	10	M	12	A		-1	2723.88593046	[1, 1, 1, 1, 1, 1, 1, 1, 1, 1, 1, 1]
	804441	724604	765401	10	M	58	A		-1	2723.90607229	[1, 1, 1, 1, 1, 1, 1, 1, 1, 1, 1, 1]
	839748	722636	699650	10	M	48	A		-1	2724.18818355	[1, 1, 1, 1, 1, 1, 1, 1, 1, 1, 1, 1]
	737948	620862	658068	9	M	43	A		-1	2724.25126314	[1, 1, 1, 1, 1, 1, 1, 1, 1, 1, 1, 1]
	889413	726038	717934	10	M	102	A		-1	2724.47779191	[1, 1, 1, 1, 1, 1, 1, 1, 1, 1, 1, 1]
	841334	722636	730423	10	M	74	A		-1	2724.74863127	[1, 1, 1, 1, 1, 1, 1, 1, 1, 1, 1, 1]
	882484	724928	738278	10	M	120	A		-1	2725.01001784	[1, 1, 1, 0, 1, 1, 1, 1, 1, 1, 1, 1]
	851201	723196	595300	10	M	68	A		-1	2725.02992083	[1, 1, 1, 1, 1, 1, 1, 1, 1, 1, 1, 1]
	806890	721191	441356	10	M	133	A		-1	2725.09789622	[1, 1, 1, 1, 1, 1, 1, 1, 1, 1, 1, 1]
	798270	794395	761414	10	M	170	A		-1	2725.10281361	[1, 1, 1, 1, 1, 1, 1, 1, 1, 1, 1, 1]
	883944	724928	791129	10	M	107	A		-1	2725.35970455	[1, 1, 1, 1, 1, 1, 1, 1, 1, 1, 1, 1]
	845119	722751	733347	10	M	153	A		-1	2725.38436094	[1, 1, 1, 1, 1, 1, 1, 1, 1, 1, 1, 1]
	736370	620862	558235	9	M	165	A		-1	2725.46145575	[1, 1, 1, 1, 1, 1, 1, 1, 1, 1, 1, 1]
	883328	724928	656514	10	M	129	A		-1	2725.58478173	[1, 1, 1, 1, 1, 1, 1, 1, 1, 1, 1, 1]
	802532	724604	664565	10	M	89	A		-1	2725.63117964	[1, 1, 1, 1, 1, 1, 1, 1, 1, 1, 1, 1]
	888581	726038	747386	10	M	49	A		-1	2725.63965563	[1, 1, 1, 1, 1, 1, 1, 1, 1, 1, 1, 0]
	842431	722636	709771	10	M	93	A		-1	2725.84587142	[1, 1, 1, 1, 1, 1, 1, 1, 1, 1, 1, 1]
	834578	722309	783024	10	M	192	A		-1	2725.85525677	[1, 1, 1, 1, 1, 1, 1, 1, 1, 1, 1, 1]
	802694	724604	741476	10	M	5	A		-1	2726.07198232	[1, 1, 1, 1, 1, 1, 1, 1, 1, 1, 1, 1]
	875432	729960	676985	10	M	181	A		-1	2726.11252941	[1, 1, 1, 1, 1, 1, 1, 1, 1, 1, 1, 1]
	822059	721566	729116	10	M	26	A		-1	2726.34222618	[1, 1, 1, 1, 1, 1, 1, 1, 1, 1, 1, 1]
	894438	726205	725899	10	M	187	A		-1	2726.7572711	[1, 1, 1, 1, 1, 1, 1, 1, 1, 1, 1, 1]
	854131	723196	792808	10	M	2	A		-1	2726.86063163	[1, 1, 1, 1, 1, 1, 1, 1, 1, 1, 1, 1]
	824874	721823	768421	10	M	154	A		-1	2728.3445539	[1, 1, 1, 1, 1, 1, 1, 1, 1, 1, 1, 1]
	882705	724928	709194	10	M	164	A		-1	2728.75335608	[1, 1, 1, 1, 1, 1, 1, 1, 1, 1, 1, 1]
	869960	724713	775748	10	M	170	A		-1	2728.86735929	[1, 1, 1, 1, 1, 1, 1, 1, 1, 1, 1, 1]
	892516	726205	721599	10	M	31	A		-1	2728.99967978	[1, 1, 1, 1, 1, 1, 1, 1, 1, 1, 1, 1]
	721279	620676	674181	9	M	167	A		-1	2729.08598157	[1, 1, 1, 1, 1, 1, 1, 1, 1, 1, 1, 1]
	810566	721279	717069	10	M	83	A		-1	2729.18148154	[1, 1, 1, 1, 1, 1, 1, 1, 1, 1, 1, 1]
	830759	722111	751713	10	M	146	A		-1	2729.81593493	[1, 1, 1, 1, 1, 1, 1, 1, 1, 1, 1, 1]
	854369	723196	735977	10	M	21	A		-1	2730.14326619	[1, 1, 1, 1, 1, 1, 1, 1, 1, 1, 1, 1]
	795086	794395	736928	10	M	77	A		-1	2730.27814721	[1, 1, 1, 1, 1, 1, 1, 1, 1, 1, 1, 1]
	824814	721823	704782	10	M	181	A		-1	2730.34646758	[1, 1, 1, 1, 1, 1, 1, 1, 1, 1, 1, 1]
	828884	721823	600249	10	M	155	A		-1	2730.35640843	[1, 1, 1, 1, 1, 1, 1, 1, 1, 1, 1, 1]
	805007	721191	749495	10	M	75	A		-1	2730.59065845	[1, 1, 1, 1, 1, 1, 1, 1, 1, 1, 1, 1]
	801663	724604	733562	10	M	36	A		-1	2730.61083892	[1, 1, 1, 1, 1, 1, 1, 1, 1, 1, 1, 1]
	778430	624519	655320	9	M	91	A		-1	2730.85910402	[1, 1, 1, 1, 1, 1, 1, 1, 1, 1, 1, 1]
	730312	620737	631661	9	M	24	A		-1	2731.03003573	[1, 1, 1, 1, 1, 1, 1, 1, 1, 1, 1, 1]
	835134	722309	790611	10	M	115	A		-1	2731.25627538	[1, 1, 1, 1, 1, 1, 1, 1, 1, 1, 1, 1]
	875742	729960	791641	10	M	132	A		-1	2731.56311967	[1, 1, 1, 1, 1, 1, 1, 1, 1, 1, 1, 1]
	887039	726038	759873	10	M	55	A		-1	2731.64918851	[1, 1, 1, 1, 1, 1, 1, 1, 1, 1, 1, 1]
	883058	724928	730800	10	M	99	A		-1	2731.89152393	[1, 1, 1, 1, 1, 1, 1, 1, 1, 1, 1, 1]
	878776	729960	596082	10	M	119	A		-1	2732.39418345	[1, 1, 1, 0, 1, 1, 1, 1, 1, 1, 1, 1]
	795343	794395	765071	10	M	135	A		-1	2732.51373339	[1, 1, 1, 1, 1, 1, 1, 1, 1, 1, 1, 1]
	704407	621677	503035	9	M	12	A		-1	2732.63086981	[1, 1, 1, 1, 1, 1, 1, 1, 1, 1, 1, 1]
	881317	724928	749848	10	M	152	A		-1	2732.72192622	[1, 1, 1, 1, 1, 1, 1, 1, 1, 1, 1, 1]
	824481	721823	757410	10	M	140	A		-1	2733.08458332	[1, 1, 1, 1, 1, 1, 1, 1, 1, 1, 1, 1]
	852671	723196	726097	10	M	158	A		-1	2733.16650864	[1, 1, 1, 1, 1, 1, 1, 1, 1, 1, 1, 1]
	811240	721279	738959	10	M	180	A		-1	2733.57279602	[1, 1, 1, 1, 1, 1, 1, 1, 1, 1, 1, 1]
	879723	724928	706450	10	M	156	A		-1	2733.58923691	[1, 1, 1, 1, 1, 1, 1, 1, 1, 1, 1, 1]
	844302	722636	706125	10	M	14	A		-1	2734.20783194	[1, 1, 1, 1, 1, 1, 1, 1, 1, 1, 1, 1]
	836704	722309	731905	10	M	63	A		-1	2734.5495111	[1, 1, 1, 1, 1, 1, 1, 1, 1, 1, 1, 1]
	887892	726038	715487	10	M	97	A		-1	2734.90946244	[1, 1, 1, 1, 1, 1, 1, 1, 1, 1, 1, 1]
	842891	722636	696105	10	M	30	A		-1	2735.60786516	[1, 1, 1, 1, 1, 1, 1, 1, 1, 1, 1, 1]
	837161	722309	604223	10	M	44	A		-1	2735.68718559	[1, 1, 1, 1, 1, 1, 1, 1, 1, 1, 1, 1]
	843531	722636	697052	10	M	102	A		-1	2735.94092799	[1, 1, 1, 1, 1, 1, 1, 1, 1, 1, 1, 1]
	854072	723196	763509	10	M	161	A		-1	2736.01833513	[1, 1, 1, 1, 1, 1, 1, 1, 1, 1, 1, 1]
	764857	621568	588414	9	M	175	A		-1	2736.10311305	[1, 1, 1, 1, 1, 1, 1, 1, 1, 1, 1, 1]
	825856	721823	664022	10	M	123	A		-1	2736.61026954	[1, 1, 1, 1, 1, 1, 1, 1, 1, 1, 1, 1]
	836735	722309	625449	10	M	191	A		-1	2737.11595858	[1, 1, 1, 1, 1, 1, 1, 1, 1, 1, 1, 1]
	853821	723196	688864	10	M	8	A		-1	2737.19905644	[1, 1, 1, 1, 1, 1, 1, 1, 1, 1, 1, 1]
	884362	724928	786767	10	M	151	A		-1	2737.37418459	[1, 1, 1, 1, 1, 1, 1, 1, 1, 1, 1, 1]
	844202	722636	706091	10	M	33	A		-1	2737.38980863	[1, 1, 1, 1, 1, 1, 1, 1, 1, 1, 1, 1]
	889030	726038	616879	10	M	36	A		-1	2737.80499725	[1, 1, 1, 1, 1, 1, 1, 1, 1, 1, 1, 1]
	883892	724928	701573	10	M	32	A		-1	2739.02841918	[1, 1, 1, 1, 1, 1, 1, 1, 1, 1, 1, 1]
	849616	723196	756073	10	M	4	A		-1	2739.75140194	[1, 1, 1, 1, 1, 1, 1, 1, 1, 1, 1, 1]
	852276	723196	745076	10	M	53	A		-1	2740.00099801	[1, 1, 1, 1, 1, 1, 1, 1, 1, 1, 1, 1]
	854185	723196	703140	10	M	2	A		-1	2740.08009435	[1, 1, 1, 1, 1, 1, 1, 1, 1, 1, 1, 1]
	810467	721279	738694	10	M	97	A		-1	2740.54763697	[1, 1, 1, 1, 1, 1, 1, 1, 1, 1, 1, 1]
	827800	721823	724612	10	M	53	A		-1	2741.11235952	[1, 1, 1, 1, 1, 1, 1, 1, 1, 1, 1, 1]
	875975	729960	776411	10	M	12	A		-1	2741.25295507	[1, 1, 1, 1, 1, 1, 1, 1, 1, 1, 1, 1]
	825242	721823	750931	10	M	134	A		-1	2741.28733276	[1, 1, 1, 1, 1, 1, 1, 1, 1, 1, 1, 1]
	864449	723868	788488	10	M	132	A		-1	2741.4849226	[1, 1, 1, 1, 1, 1, 1, 1, 1, 1, 1, 1]
	886275	726038	793192	10	M	118	A		-1	2742.47770882	[1, 1, 1, 1, 1, 1, 1, 1, 1, 1, 1, 1]
	796864	794395	717177	10	M	76	A		-1	2742.68406111	[1, 1, 1, 1, 1, 1, 1, 1, 1, 1, 1, 1]
	803231	724604	763729	10	M	181	A		-1	2742.75665794	[1, 1, 1, 1, 1, 1, 1, 1, 1, 1, 1, 1]
	873958	724713	642786	10	M	11	A		-1	2742.84160275	[1, 1, 1, 1, 1, 1, 1, 1, 1, 1, 1, 1]
	835948	722309	570581	10	M	198	A		-1	2743.07338411	[1, 1, 1, 1, 1, 1, 1, 1, 1, 1, 1, 1]
	889875	726205	732721	10	M	28	A		-1	2743.16277118	[1, 1, 1, 1, 1, 1, 1, 1, 1, 1, 1, 1]
	812866	721279	699286	10	M	156	A		-1	2743.46791712	[1, 1, 1, 1, 1, 1, 1, 1, 1, 1, 1, 1]
	854629	723436	715133	10	M	22	A		-1	2743.58905254	[1, 1, 1, 1, 1, 1, 1, 1, 1, 1, 1, 1]
	727312	620714	663437	9	M	184	A		-1	2744.03368716	[1, 1, 1, 1, 1, 1, 1, 1, 1, 1, 1, 1]
	881782	724928	738056	10	M	107	A		-1	2744.52471453	[1, 1, 1, 1, 1, 1, 1, 1, 1, 1, 1, 1]
	865910	724263	709444	10	M	121	A		-1	2745.17073328	[1, 1, 1, 1, 1, 1, 1, 1, 1, 1, 1, 1]
	853855	723196	710373	10	M	91	A		-1	2745.26749656	[1, 1, 1, 1, 1, 1, 1, 1, 1, 1, 1, 1]
	878976	729960	705110	10	M	16	A		-1	2745.32164687	[1, 1, 1, 1, 1, 1, 1, 1, 1, 1, 1, 1]
	813564	721279	759658	10	M	102	A		-1	2745.37496728	[1, 1, 1, 1, 1, 1, 1, 1, 1, 1, 1, 1]
	857585	723436	707896	10	M	138	A		-1	2745.6534396	[1, 1, 1, 1, 1, 1, 1, 1, 1, 1, 1, 1]
	722636	620676	671677	9	M	73	A		-1	2745.8525839	[1, 1, 1, 1, 1, 1, 1, 1, 1, 1, 1, 1]
	863898	723868	772956	10	M	146	A		-1	2746.22819525	[1, 1, 1, 1, 1, 1, 1, 1, 1, 1, 1, 1]
	760629	621162	602932	9	M	169	A		-1	2746.66569896	[1, 1, 1, 1, 1, 1, 1, 1, 1, 1, 1, 1]
	762939	621162	591230	9	M	135	A		-1	2746.958674	[1, 1, 1, 1, 1, 1, 1, 1, 1, 1, 1, 1]
	850987	723196	730896	10	M	29	A		-1	2747.19159651	[1, 1, 1, 1, 1, 1, 1, 1, 1, 1, 1, 1]
	882813	724928	737683	10	M	178	A		-1	2747.63708415	[1, 1, 1, 1, 1, 1, 1, 1, 1, 1, 1, 1]
	864235	723868	708446	10	M	15	A		-1	2747.65973412	[1, 1, 1, 1, 1, 1, 1, 1, 1, 1, 1, 1]
	844554	722751	718913	10	M	146	A		-1	2747.71988829	[1, 1, 1, 1, 1, 1, 1, 1, 1, 1, 1, 1]
	884222	724928	657536	10	M	66	A		-1	2748.27117599	[1, 1, 1, 1, 1, 1, 1, 1, 1, 1, 1, 1]
	863316	723868	601644	10	M	151	A		-1	2748.50155424	[1, 1, 1, 1, 1, 1, 1, 1, 1, 1, 1, 1]
	830516	722111	751844	10	M	81	A		-1	2748.75124931	[1, 1, 1, 1, 1, 1, 1, 1, 1, 1, 1, 1]
	850958	723196	675337	10	M	102	A		-1	2749.30649899	[1, 1, 1, 1, 1, 1, 1, 1, 1, 1, 1, 1]
	858746	723436	773236	10	M	17	A		-1	2749.60670277	[1, 1, 1, 1, 1, 1, 1, 1, 1, 1, 1, 1]
	879690	724928	770431	10	M	199	A		-1	2749.76499304	[1, 1, 1, 1, 1, 1, 1, 1, 1, 1, 1, 1]
	832407	722111	700901	10	M	175	A		-1	2749.79754008	[1, 1, 1, 1, 1, 1, 1, 1, 1, 1, 1, 1]
	729058	620714	608476	9	M	105	A		-1	2750.40704312	[1, 1, 1, 1, 1, 1, 1, 1, 1, 1, 1, 1]
	880761	724928	754346	10	M	129	A		-1	2750.79746784	[1, 1, 1, 1, 1, 1, 1, 1, 1, 1, 1, 1]
	844313	722636	789835	10	M	98	A		-1	2750.8460701	[1, 1, 1, 1, 1, 1, 1, 1, 1, 1, 1, 1]
	842238	722636	784940	10	M	189	A		-1	2751.13931799	[1, 1, 1, 1, 1, 1, 1, 1, 1, 1, 1, 1]
	809062	721191	635568	10	M	179	A		-1	2751.16413868	[1, 1, 1, 1, 1, 1, 1, 1, 1, 1, 1, 1]
	812509	721279	698188	10	M	16	A		-1	2751.26328311	[1, 1, 1, 1, 1, 1, 1, 1, 1, 1, 1, 1]
	882728	724928	639403	10	M	84	A		-1	2751.30659972	[1, 1, 1, 1, 1, 1, 1, 1, 1, 1, 1, 1]
	797799	794395	779908	10	M	118	A		-1	2751.36508293	[1, 1, 1, 1, 1, 1, 1, 1, 1, 1, 1, 1]
	850825	723196	719322	10	M	151	A		-1	2751.45374442	[1, 1, 1, 1, 1, 1, 1, 1, 1, 1, 1, 1]
	887876	726038	516423	10	M	39	A		-1	2751.59401278	[1, 1, 1, 1, 1, 1, 1, 1, 1, 1, 1, 1]
	839959	722636	728134	10	M	58	A		-1	2751.75350435	[1, 1, 1, 1, 1, 1, 1, 1, 1, 1, 1, 1]
	821514	721566	553091	10	M	12	A		-1	2751.88595107	[1, 1, 1, 1, 1, 1, 1, 1, 1, 1, 1, 1]
	853577	723196	602822	10	M	153	A		-1	2751.94981791	[1, 1, 1, 1, 1, 1, 1, 1, 1, 1, 1, 1]
	853032	723196	717022	10	M	125	A		-1	2752.0714578	[1, 1, 1, 1, 1, 1, 1, 1, 1, 1, 1, 1]
	871211	724713	538321	10	M	62	A		-1	2752.62741009	[1, 1, 1, 1, 1, 1, 1, 1, 1, 1, 1, 1]
	892735	726205	711402	10	M	146	A		-1	2753.15910522	[1, 1, 1, 1, 1, 1, 1, 1, 1, 1, 1, 1]
	810314	721279	683954	10	M	164	A		-1	2753.35691529	[1, 1, 1, 1, 1, 1, 1, 1, 1, 1, 1, 0]
	879857	724928	780543	10	M	86	A		-1	2753.72450206	[1, 1, 1, 1, 1, 1, 1, 1, 1, 1, 1, 1]
	882291	724928	740382	10	M	166	A		-1	2753.79377273	[1, 1, 1, 1, 1, 1, 1, 1, 1, 1, 1, 1]
	881656	724928	596016	10	M	84	A		-1	2754.54416156	[1, 1, 1, 0, 1, 1, 1, 1, 1, 1, 1, 1]
	827490	721823	725773	10	M	43	A		-1	2754.56424357	[1, 1, 1, 1, 1, 1, 1, 1, 1, 1, 1, 1]
	857895	723436	730434	10	M	87	A		-1	2754.81370757	[1, 1, 1, 1, 1, 1, 1, 1, 1, 1, 1, 1]
	798208	794395	675307	10	M	76	A		-1	2754.88402153	[1, 1, 1, 1, 1, 1, 1, 1, 1, 1, 1, 1]
	798087	794395	671375	10	M	149	A		-1	2755.07506314	[1, 1, 1, 1, 1, 1, 1, 1, 1, 1, 1, 1]
	815989	721495	714023	10	M	20	A		-1	2755.24051169	[1, 1, 1, 1, 1, 1, 1, 1, 1, 1, 1, 1]
	837658	722309	630896	10	M	7	A		-1	2755.94376276	[1, 1, 1, 1, 1, 1, 1, 1, 1, 1, 1, 1]
	881924	724928	731664	10	M	80	A		-1	2756.83942538	[1, 1, 1, 1, 1, 1, 1, 1, 1, 1, 1, 1]
	884037	724928	789536	10	M	161	A		-1	2757.3917076	[1, 1, 1, 1, 1, 1, 1, 1, 1, 1, 1, 1]
	735600	620862	691014	9	M	40	A		-1	2757.62396	[1, 1, 1, 1, 1, 1, 1, 1, 1, 1, 1, 1]
	823820	721566	728890	10	M	98	A		-1	2757.84431548	[1, 1, 1, 1, 1, 1, 1, 1, 1, 1, 1, 1]
	744325	620864	506509	9	M	195	A		-1	2759.04910171	[1, 1, 1, 1, 1, 1, 1, 1, 1, 1, 1, 1]
	803015	724604	692779	10	M	140	A		-1	2759.09928817	[1, 1, 1, 1, 1, 1, 1, 1, 1, 1, 1, 1]
	860835	723868	766042	10	M	132	A		-1	2759.90908399	[1, 1, 1, 1, 1, 1, 1, 1, 1, 1, 1, 1]
	882520	724928	742226	10	M	72	A		-1	2760.34147631	[1, 1, 1, 1, 1, 1, 1, 1, 1, 1, 1, 1]
	813921	721279	695972	10	M	138	A		-1	2760.65467967	[1, 1, 1, 1, 1, 1, 1, 1, 1, 1, 1, 1]
	797541	794395	418980	10	M	14	A		-1	2760.76617947	[1, 1, 1, 1, 1, 1, 1, 1, 1, 1, 1, 1]
	724928	620714	643525	9	M	1	A		-1	2761.18131836	[1, 1, 1, 1, 1, 1, 1, 1, 1, 1, 1, 1]
	796026	794395	777264	10	M	15	A		-1	2761.30924148	[1, 1, 1, 1, 1, 1, 1, 1, 1, 1, 1, 1]
	853122	723196	670296	10	M	60	A		-1	2761.50544627	[1, 1, 1, 1, 1, 1, 1, 1, 1, 1, 1, 1]
	836583	722309	516339	10	M	187	A		-1	2761.55992401	[1, 1, 1, 1, 1, 1, 1, 1, 1, 1, 1, 1]
	884570	726038	752045	10	M	141	A		-1	2761.80750165	[1, 1, 1, 1, 1, 1, 1, 1, 1, 1, 1, 1]
	842096	722636	720747	10	M	67	A		-1	2761.92730615	[1, 1, 1, 1, 1, 1, 1, 1, 1, 1, 1, 1]
	886873	726038	790554	10	M	35	A		-1	2762.33573339	[1, 1, 1, 1, 1, 1, 1, 1, 1, 1, 1, 1]
	842370	722636	662608	10	M	47	A		-1	2762.66818647	[1, 1, 1, 1, 1, 1, 1, 1, 1, 1, 1, 1]
	881081	724928	775511	10	M	135	A		-1	2762.99038908	[1, 1, 1, 1, 1, 1, 1, 1, 1, 1, 1, 1]
	844426	722636	784935	10	M	32	A		-1	2763.18395181	[1, 1, 1, 1, 1, 1, 1, 1, 1, 1, 1, 1]
	879801	724928	710753	10	M	38	A		-1	2763.48592977	[1, 1, 1, 1, 1, 1, 1, 1, 1, 1, 1, 1]
	811303	721279	792202	10	M	188	A		-1	2763.49300796	[1, 1, 1, 1, 1, 1, 1, 1, 1, 1, 1, 1]
	864913	724263	714159	10	M	39	A		-1	2763.58732704	[1, 1, 1, 1, 1, 1, 1, 1, 1, 1, 1, 1]
	813267	721279	780707	10	M	177	A		-1	2765.26664396	[1, 1, 1, 1, 1, 1, 1, 1, 1, 1, 1, 1]
	845219	722751	740540	10	M	54	A		-1	2765.47878555	[1, 1, 1, 1, 1, 1, 1, 1, 1, 1, 1, 1]
	883579	724928	738905	10	M	19	A		-1	2765.75967474	[1, 1, 1, 1, 1, 1, 1, 1, 1, 1, 1, 1]
	801432	724604	792200	10	M	25	A		-1	2766.62130273	[1, 1, 1, 1, 1, 1, 1, 1, 1, 1, 1, 1]
	781245	622541	574182	9	M	11	A		-1	2766.72595878	[1, 1, 1, 1, 1, 1, 1, 1, 1, 1, 1, 1]
	859759	723868	775533	10	M	90	A		-1	2766.89362288	[1, 1, 1, 1, 1, 1, 1, 1, 1, 1, 1, 1]
	879376	729960	773765	10	M	86	A		-1	2767.08681611	[1, 1, 1, 1, 1, 1, 1, 1, 1, 1, 1, 1]
	848106	722751	651132	10	M	50	A		-1	2767.6286751	[1, 1, 1, 1, 1, 1, 1, 1, 1, 1, 1, 0]
	802009	724604	650887	10	M	132	A		-1	2767.6299068	[1, 1, 1, 1, 1, 1, 1, 1, 1, 1, 1, 1]
	832882	722111	640621	10	M	136	A		-1	2767.81953163	[1, 1, 1, 1, 1, 1, 1, 1, 1, 1, 1, 1]
	859825	723868	732157	10	M	43	A		-1	2768.08649169	[1, 1, 1, 1, 1, 1, 1, 1, 1, 1, 1, 1]
	884388	724928	724073	10	M	147	A		-1	2768.30615432	[1, 1, 1, 1, 1, 1, 1, 1, 1, 1, 1, 1]
	882234	724928	628713	10	M	34	A		-1	2768.40382916	[1, 1, 1, 1, 1, 1, 1, 1, 1, 1, 1, 1]
	892171	726205	740724	10	M	121	A		-1	2768.45548866	[1, 1, 1, 1, 1, 1, 1, 1, 1, 1, 1, 1]
	837144	722309	703323	10	M	167	A		-1	2768.69068853	[1, 1, 1, 1, 1, 1, 1, 1, 1, 1, 1, 1]
	702296	621677	636604	9	M	1	A		-1	2769.09688101	[1, 1, 1, 1, 1, 1, 1, 1, 1, 1, 1, 1]
	812001	721279	744390	10	M	153	A		-1	2769.39521829	[1, 1, 1, 1, 1, 1, 1, 1, 1, 1, 1, 1]
	839467	722636	737382	10	M	159	A		-1	2769.47427563	[1, 1, 1, 1, 1, 1, 1, 1, 1, 1, 1, 1]
	841528	722636	627396	10	M	43	A		-1	2770.00019289	[1, 1, 1, 1, 1, 1, 1, 1, 1, 1, 1, 1]
	879976	724928	777114	10	M	127	A		-1	2770.23079431	[1, 1, 1, 1, 1, 1, 1, 1, 1, 1, 1, 1]
	804656	721191	706198	10	M	118	A		-1	2770.32882272	[1, 1, 1, 1, 1, 1, 1, 1, 1, 1, 1, 1]
	878913	729960	629281	10	M	38	A		-1	2770.34108642	[1, 1, 1, 1, 1, 1, 1, 1, 1, 1, 1, 1]
	860897	723868	699120	10	M	43	A		-1	2770.5354041	[1, 1, 1, 1, 1, 1, 1, 1, 1, 1, 1, 1]
	843218	722636	775110	10	M	61	A		-1	2770.56789522	[1, 1, 1, 1, 1, 1, 1, 1, 1, 1, 1, 1]
	836443	722309	776969	10	M	154	A		-1	2770.67526843	[1, 1, 1, 1, 1, 1, 1, 1, 1, 1, 1, 1]
	839108	722309	731038	10	M	77	A		-1	2771.32173431	[1, 1, 1, 1, 1, 1, 1, 1, 1, 1, 1, 1]
	831385	722111	738828	10	M	177	A		-1	2771.79044177	[1, 1, 1, 1, 1, 1, 1, 1, 1, 1, 1, 1]
	854788	723436	674444	10	M	72	A		-1	2772.23751931	[1, 1, 1, 1, 1, 1, 1, 1, 1, 1, 1, 1]
	807164	721191	702600	10	M	121	A		-1	2773.03244762	[1, 1, 1, 1, 1, 1, 1, 1, 1, 1, 1, 1]
	878334	729960	710775	10	M	54	A		-1	2773.19617115	[1, 1, 1, 1, 1, 1, 1, 1, 1, 1, 1, 1]
	885309	726038	703243	10	M	16	A		-1	2773.41241678	[1, 1, 1, 1, 1, 1, 1, 1, 1, 1, 1, 1]
	833914	722111	717551	10	M	113	A		-1	2773.66276108	[1, 1, 1, 1, 1, 1, 1, 1, 1, 1, 1, 1]
	836654	722309	735619	10	M	40	A		-1	2773.75248242	[1, 1, 1, 1, 1, 1, 1, 1, 1, 1, 1, 1]
	786836	622558	623272	9	M	48	A		-1	2773.80872003	[1, 1, 1, 1, 1, 1, 1, 1, 1, 1, 1, 1]
	882605	724928	623841	10	M	80	A		-1	2774.51875461	[1, 1, 1, 1, 1, 1, 1, 1, 1, 1, 1, 1]
	889282	726038	751133	10	M	33	A		-1	2774.54408284	[1, 1, 1, 1, 1, 1, 1, 1, 1, 1, 1, 1]
	837590	722309	712978	10	M	98	A		-1	2774.56257096	[1, 1, 1, 1, 1, 1, 1, 1, 1, 1, 1, 1]
	864581	724263	743201	10	M	185	A		-1	2774.72531934	[1, 1, 1, 1, 1, 1, 1, 1, 1, 1, 1, 1]
	886397	726038	780734	10	M	181	A		-1	2775.50447809	[1, 1, 1, 1, 1, 1, 1, 1, 1, 1, 1, 1]
	803046	724604	727159	10	M	186	A		-1	2776.11282544	[1, 1, 1, 1, 1, 1, 1, 1, 1, 1, 1, 1]
	864957	724263	750760	10	M	35	A		-1	2776.16249285	[1, 1, 1, 0, 1, 1, 1, 1, 1, 1, 1, 1]
	814173	721279	700711	10	M	86	A		-1	2776.2008639	[1, 1, 1, 1, 1, 1, 1, 1, 1, 1, 1, 0]
	840167	722636	737564	10	M	38	A		-1	2776.34019202	[1, 1, 1, 1, 1, 1, 1, 1, 1, 1, 1, 1]
	816925	721495	792733	10	M	37	A		-1	2777.43674008	[1, 1, 1, 1, 1, 1, 1, 1, 1, 1, 1, 1]
	732609	620737	636805	9	M	130	A		-1	2777.48060028	[1, 1, 1, 1, 1, 1, 1, 1, 1, 1, 1, 1]
	866646	724263	750770	10	M	76	A		-1	2777.61781104	[1, 1, 1, 1, 1, 1, 1, 1, 1, 1, 1, 1]
	887373	726038	740780	10	M	34	A		-1	2778.72324786	[1, 1, 1, 1, 1, 1, 1, 1, 1, 1, 1, 1]
	881750	724928	659497	10	M	158	A		-1	2778.96766961	[1, 1, 1, 1, 1, 1, 1, 1, 1, 1, 1, 1]
	879809	724928	790708	10	M	112	A		-1	2778.97336689	[1, 1, 0, 1, 1, 1, 1, 1, 1, 1, 1, 1]
	836483	722309	747693	10	M	167	A		-1	2780.64569578	[1, 1, 1, 1, 1, 1, 1, 1, 1, 1, 1, 1]
	703531	621677	563995	9	M	4	A		-1	2780.74489347	[1, 1, 1, 0, 1, 1, 1, 1, 1, 1, 1, 1]
	884009	724928	726350	10	M	189	A		-1	2781.02353451	[1, 1, 1, 1, 1, 1, 1, 1, 1, 1, 1, 1]
	799190	794395	755283	10	M	65	A		-1	2781.08330356	[1, 1, 1, 1, 1, 1, 1, 1, 1, 1, 1, 1]
	794624	794395	719321	10	M	163	A		-1	2781.20526964	[1, 1, 1, 1, 1, 1, 1, 1, 1, 1, 1, 1]
	864177	723868	714523	10	M	89	A		-1	2781.24431423	[1, 1, 1, 1, 1, 1, 1, 1, 1, 1, 1, 0]
	888468	726038	769268	10	M	132	A		-1	2781.88064858	[1, 1, 1, 1, 1, 1, 1, 1, 1, 1, 1, 1]
	861187	723868	706500	10	M	100	A		-1	2782.0092763	[1, 1, 1, 1, 1, 1, 1, 1, 1, 1, 1, 1]
	842484	722636	757125	10	M	45	A		-1	2783.17748825	[1, 1, 1, 1, 1, 1, 1, 1, 1, 1, 1, 1]
	798106	794395	610452	10	M	162	A		-1	2783.44114478	[1, 1, 1, 1, 1, 1, 1, 1, 1, 1, 1, 1]
	810901	721279	748952	10	M	14	A		-1	2783.46410683	[1, 1, 1, 1, 1, 1, 1, 1, 1, 1, 1, 1]
	883856	724928	754571	10	M	46	A		-1	2783.57160168	[1, 1, 1, 1, 1, 1, 1, 1, 1, 1, 1, 1]
	883161	724928	792086	10	M	90	A		-1	2783.7699599	[1, 1, 1, 1, 1, 1, 1, 1, 1, 1, 1, 1]
	881823	724928	701759	10	M	188	A		-1	2784.17113263	[1, 1, 1, 0, 1, 1, 1, 1, 1, 1, 1, 1]
	815215	721495	613637	10	M	8	A		-1	2784.27598967	[1, 1, 1, 1, 1, 1, 1, 1, 1, 1, 1, 0]
	813951	721279	706063	10	M	155	A		-1	2784.85808977	[1, 1, 1, 1, 1, 1, 1, 1, 1, 1, 1, 1]
	840706	722636	779066	10	M	151	A		-1	2784.91710202	[1, 1, 1, 1, 1, 1, 1, 1, 1, 1, 1, 1]
	841954	722636	744937	10	M	158	A		-1	2785.2905189	[1, 1, 1, 1, 1, 1, 1, 1, 1, 1, 1, 1]
	882326	724928	633901	10	M	74	A		-1	2785.48720588	[1, 1, 1, 1, 1, 1, 1, 1, 1, 1, 1, 1]
	813118	721279	760817	10	M	80	A		-1	2786.07462448	[1, 1, 1, 1, 1, 1, 1, 1, 1, 1, 1, 1]
	839534	722636	785707	10	M	128	A		-1	2786.2370841	[1, 1, 1, 1, 1, 1, 1, 1, 1, 1, 1, 1]
	801583	724604	700335	10	M	98	A		-1	2786.74782657	[1, 1, 1, 1, 1, 1, 1, 1, 1, 1, 1, 1]
	835012	722309	701547	10	M	90	A		-1	2786.76411703	[1, 1, 1, 1, 1, 1, 1, 1, 1, 1, 1, 1]
	814017	721279	790682	10	M	66	A		-1	2786.8957799	[1, 1, 1, 1, 1, 1, 1, 1, 1, 1, 1, 1]
	842521	722636	709052	10	M	151	A		-1	2787.25085386	[1, 1, 1, 1, 1, 1, 1, 1, 1, 1, 1, 1]
	864784	724263	697330	10	M	62	A		-1	2787.31188758	[1, 1, 1, 1, 1, 1, 1, 1, 1, 1, 1, 1]
	795784	794395	521192	10	M	45	A		-1	2787.53846669	[1, 1, 1, 1, 1, 1, 1, 1, 1, 1, 1, 1]
	844833	722751	777343	10	M	72	A		-1	2787.56265707	[1, 1, 1, 1, 1, 1, 1, 1, 1, 1, 1, 1]
	865497	724263	783973	10	M	104	A		-1	2787.76839176	[1, 1, 1, 1, 1, 1, 1, 1, 1, 1, 1, 1]
	810491	721279	773330	10	M	163	A		-1	2787.79211663	[1, 1, 1, 1, 1, 1, 1, 1, 1, 1, 1, 1]
	819030	721495	515458	10	M	42	A		-1	2788.6017771	[1, 1, 1, 1, 1, 1, 1, 1, 1, 1, 1, 1]
	886248	726038	613027	10	M	124	A		-1	2788.62170585	[1, 1, 1, 1, 1, 1, 1, 1, 1, 1, 1, 1]
	884070	724928	739200	10	M	79	A		-1	2789.38329088	[1, 1, 1, 1, 1, 1, 1, 1, 1, 1, 1, 1]
	831012	722111	779330	10	M	191	A		-1	2789.81401369	[1, 1, 1, 1, 1, 1, 1, 1, 1, 1, 1, 1]
	837468	722309	706120	10	M	178	A		-1	2790.02619428	[1, 1, 1, 1, 1, 1, 1, 1, 1, 1, 1, 1]
	806130	721191	745069	10	M	59	A		-1	2790.04435967	[1, 1, 1, 1, 1, 1, 1, 1, 1, 1, 1, 1]
	852665	723196	760305	10	M	57	A		-1	2790.15782574	[1, 1, 1, 1, 1, 1, 1, 1, 1, 1, 1, 0]
	858787	723436	735901	10	M	143	A		-1	2790.23024175	[1, 1, 1, 1, 1, 1, 1, 1, 1, 1, 1, 1]
	862664	723868	708160	10	M	132	A		-1	2791.27819333	[1, 1, 1, 1, 1, 1, 1, 1, 1, 1, 1, 1]
	867292	724263	761031	10	M	16	A		-1	2791.87384791	[1, 1, 1, 1, 1, 1, 1, 1, 1, 1, 1, 1]
	843564	722636	789628	10	M	4	A		-1	2792.06650353	[1, 1, 1, 1, 1, 1, 1, 1, 1, 1, 1, 1]
	827979	721823	714226	10	M	184	A		-1	2792.55976612	[1, 1, 1, 1, 1, 1, 1, 1, 1, 1, 1, 1]
	805701	721191	708493	10	M	35	A		-1	2793.05539834	[1, 1, 1, 1, 1, 1, 1, 1, 1, 1, 1, 1]
	878061	729960	729470	10	M	103	A		-1	2793.47561333	[1, 1, 1, 1, 1, 1, 1, 1, 1, 1, 1, 1]
	854111	723196	781223	10	M	6	A		-1	2793.57401284	[1, 1, 1, 1, 1, 1, 1, 1, 1, 1, 1, 1]
	881668	724928	630506	10	M	126	A		-1	2793.73048939	[1, 1, 1, 1, 1, 1, 1, 1, 1, 1, 1, 1]
	800944	724604	744621	10	M	14	A		-1	2794.59233979	[1, 1, 1, 1, 1, 1, 1, 1, 1, 1, 1, 1]
	889594	726205	724116	10	M	181	A		-1	2795.39258796	[1, 1, 1, 1, 1, 1, 1, 1, 1, 1, 1, 1]
	760509	621162	488230	9	M	0	A		-1	2796.19984832	[1, 1, 1, 1, 1, 1, 1, 1, 1, 1, 1, 1]
	821247	721566	441368	10	M	180	A		-1	2796.20510325	[1, 1, 1, 1, 1, 1, 1, 1, 1, 1, 1, 1]
	704775	620537	599404	9	M	173	A		-1	2796.65304356	[1, 1, 1, 1, 1, 1, 1, 1, 1, 1, 1, 1]
	809992	721279	768949	10	M	150	A		-1	2796.72889669	[1, 1, 1, 1, 1, 1, 1, 1, 1, 1, 1, 1]
	824313	721566	751041	10	M	152	A		-1	2796.99008884	[1, 1, 1, 1, 1, 1, 1, 1, 1, 1, 1, 1]
	813318	721279	719610	10	M	77	A		-1	2797.12603081	[1, 1, 1, 1, 1, 1, 1, 1, 1, 1, 1, 1]
	884641	726038	793884	10	M	191	A		-1	2797.48905904	[1, 1, 1, 1, 1, 1, 1, 1, 1, 1, 1, 1]
	795407	794395	758227	10	M	14	A		-1	2797.59639232	[1, 1, 1, 1, 1, 1, 1, 1, 1, 1, 1, 1]
	851139	723196	616934	10	M	187	A		-1	2797.63327051	[1, 1, 1, 1, 1, 1, 1, 1, 1, 1, 1, 1]
	885548	726038	735612	10	M	60	A		-1	2798.73511238	[1, 1, 1, 1, 1, 1, 1, 1, 1, 1, 1, 1]
	842464	722636	779239	10	M	17	A		-1	2799.60686318	[1, 1, 1, 1, 1, 1, 1, 1, 1, 1, 1, 1]
	840482	722636	718726	10	M	45	A		-1	2799.87777174	[1, 1, 1, 1, 1, 1, 1, 1, 1, 1, 1, 1]
	803932	724604	706479	10	M	66	A		-1	2800.72423179	[1, 1, 1, 1, 1, 1, 1, 1, 1, 1, 1, 1]
	810531	721279	722246	10	M	1	A		-1	2800.87696635	[1, 1, 1, 1, 1, 1, 1, 1, 1, 1, 1, 1]
	736127	620862	657697	9	M	134	A		-1	2800.92825915	[1, 1, 1, 1, 1, 1, 1, 1, 1, 1, 1, 1]
	881410	724928	703802	10	M	16	A		-1	2801.47031327	[1, 1, 1, 1, 1, 1, 1, 1, 1, 1, 1, 1]
	870422	724713	776495	10	M	1	A		-1	2801.56637828	[1, 1, 0, 1, 1, 1, 1, 1, 1, 1, 1, 1]
	874561	729960	697410	10	M	63	A		-1	2801.88764415	[1, 1, 1, 1, 1, 1, 1, 1, 1, 1, 1, 1]
	859243	723436	714377	10	M	27	A		-1	2802.07607709	[1, 1, 1, 1, 1, 1, 1, 1, 1, 1, 1, 1]
	813976	721279	740244	10	M	48	A		-1	2802.41030261	[1, 1, 1, 1, 1, 1, 1, 1, 1, 1, 1, 1]
	885281	726038	732992	10	M	48	A		-1	2803.60753856	[1, 1, 1, 1, 1, 1, 1, 1, 1, 1, 1, 1]
	841541	722636	773088	10	M	110	A		-1	2803.67465715	[1, 1, 1, 1, 1, 1, 1, 1, 1, 1, 1, 1]
	817529	721495	739861	10	M	114	A		-1	2803.76255748	[1, 1, 1, 1, 1, 1, 1, 1, 1, 1, 1, 1]
	835401	722309	496280	10	M	77	A		-1	2804.11242294	[1, 1, 1, 1, 1, 1, 1, 1, 1, 1, 1, 1]
	871038	724713	755718	10	M	166	A		-1	2804.12878265	[1, 1, 1, 1, 1, 1, 1, 1, 1, 1, 1, 1]
	858286	723436	763160	10	M	189	A		-1	2804.47728664	[1, 1, 1, 1, 1, 1, 1, 1, 1, 1, 1, 1]
	814799	721495	763923	10	M	172	A		-1	2804.73036611	[1, 1, 1, 1, 1, 1, 1, 1, 1, 1, 1, 1]
	854049	723196	762606	10	M	20	A		-1	2804.78490636	[1, 1, 1, 1, 1, 1, 1, 1, 1, 1, 1, 1]
	858766	723436	792951	10	M	23	A		-1	2805.02824596	[1, 1, 1, 1, 1, 1, 1, 1, 1, 1, 1, 1]
	889453	726038	504956	10	M	94	A		-1	2805.6565063	[1, 1, 1, 1, 1, 1, 1, 1, 1, 1, 1, 1]
	875153	729960	707994	10	M	183	A		-1	2805.81511422	[1, 1, 1, 1, 1, 1, 1, 1, 1, 1, 1, 1]
	819126	721495	664233	10	M	134	A		-1	2806.0363619	[1, 1, 1, 1, 1, 1, 1, 1, 1, 1, 1, 0]
	807706	721191	778525	10	M	158	A		-1	2806.12849127	[1, 1, 1, 1, 1, 1, 1, 1, 1, 1, 1, 1]
	845698	722751	774127	10	M	97	A		-1	2806.25924834	[1, 1, 1, 1, 1, 1, 1, 1, 1, 1, 1, 1]
	866616	724263	735665	10	M	66	A		-1	2806.44866833	[1, 1, 1, 1, 1, 1, 1, 1, 1, 1, 1, 1]
	804309	724604	739424	10	M	146	A		-1	2806.73546331	[1, 1, 1, 1, 1, 1, 1, 1, 1, 1, 1, 1]
	802410	724604	728164	10	M	13	A		-1	2807.31341359	[1, 1, 1, 1, 1, 1, 1, 1, 1, 1, 1, 1]
	850360	723196	720704	10	M	174	A		-1	2807.88149777	[1, 1, 1, 1, 1, 1, 1, 1, 1, 1, 1, 1]
	800425	724604	758313	10	M	192	A		-1	2808.67793318	[1, 1, 1, 1, 1, 1, 1, 1, 1, 1, 1, 1]
	855897	723436	705606	10	M	138	A		-1	2809.03598451	[1, 1, 1, 1, 1, 1, 1, 1, 1, 1, 1, 1]
	823582	721566	712531	10	M	90	A		-1	2809.17309669	[1, 1, 1, 1, 1, 1, 1, 1, 1, 1, 1, 1]
	839493	722636	752531	10	M	172	A		-1	2809.44896314	[1, 1, 1, 1, 1, 1, 1, 1, 1, 1, 1, 1]
	803027	724604	718848	10	M	136	A		-1	2810.23396667	[1, 1, 1, 1, 1, 1, 1, 1, 1, 1, 1, 1]
	877760	729960	695409	10	M	44	A		-1	2810.47033223	[1, 1, 1, 1, 1, 1, 1, 1, 1, 1, 1, 0]
	885631	726038	767501	10	M	141	A		-1	2812.02657296	[1, 1, 1, 1, 1, 1, 1, 1, 1, 1, 1, 1]
	863065	723868	650602	10	M	53	A		-1	2812.22845538	[1, 1, 1, 1, 1, 1, 1, 1, 1, 1, 1, 1]
	880776	724928	793391	10	M	74	A		-1	2813.69868513	[1, 1, 1, 1, 1, 1, 1, 1, 1, 1, 1, 1]
	881308	724928	764425	10	M	153	A		-1	2813.78677587	[1, 1, 1, 1, 1, 1, 1, 1, 1, 1, 1, 1]
	878433	729960	790350	10	M	74	A		-1	2815.77013267	[1, 1, 1, 1, 1, 1, 1, 1, 1, 1, 1, 1]
	866874	724263	712438	10	M	128	A		-1	2816.45026897	[1, 1, 1, 1, 1, 1, 1, 1, 1, 1, 1, 1]
	802813	724604	758467	10	M	80	A		-1	2818.0279957	[1, 1, 1, 1, 1, 1, 1, 1, 1, 1, 1, 1]
	892783	726205	729056	10	M	72	A		-1	2818.39899735	[1, 1, 1, 1, 1, 1, 1, 1, 1, 1, 1, 1]
	833606	722111	717307	10	M	76	A		-1	2818.50675992	[1, 1, 1, 1, 1, 1, 1, 1, 1, 1, 1, 1]
	876636	729960	728172	10	M	196	A		-1	2818.51935161	[1, 1, 1, 1, 1, 1, 1, 1, 1, 1, 1, 1]
	843945	722636	790740	10	M	102	A		-1	2818.58649869	[1, 1, 1, 1, 1, 1, 1, 1, 1, 1, 1, 1]
	859502	723868	699574	10	M	45	A		-1	2820.03283868	[1, 1, 1, 1, 1, 1, 1, 1, 1, 1, 1, 1]
	834334	722111	634988	10	M	135	A		-1	2820.03654758	[1, 1, 1, 1, 1, 1, 1, 1, 1, 1, 1, 1]
	808042	721191	747921	10	M	171	A		-1	2820.3735972	[1, 1, 1, 1, 1, 1, 1, 1, 1, 1, 1, 1]
	837143	722309	763181	10	M	148	A		-1	2821.2609626	[1, 1, 1, 1, 1, 1, 1, 1, 1, 1, 1, 1]
	816887	721495	792729	10	M	80	A		-1	2822.84587331	[1, 1, 1, 1, 1, 1, 1, 1, 1, 1, 1, 1]
	811445	721279	627210	10	M	197	A		-1	2823.59306914	[1, 1, 1, 1, 1, 1, 1, 1, 1, 1, 1, 1]
	826779	721823	728167	10	M	180	A		-1	2823.81964075	[1, 1, 1, 1, 1, 1, 1, 1, 1, 1, 1, 1]
	711297	620612	655295	9	M	110	A		-1	2824.01525344	[1, 1, 1, 1, 1, 1, 1, 1, 1, 1, 1, 1]
	871497	724713	794407	10	M	175	A		-1	2824.56535399	[1, 1, 1, 1, 1, 1, 1, 1, 1, 1, 1, 1]
	775681	624519	634483	9	M	101	A		-1	2826.7216648	[1, 1, 1, 1, 1, 1, 1, 1, 1, 1, 1, 1]
	883606	724928	629355	10	M	6	A		-1	2827.93860461	[1, 1, 1, 1, 1, 1, 1, 1, 1, 1, 1, 1]
	806684	721191	765247	10	M	163	A		-1	2828.14241181	[1, 1, 1, 1, 1, 1, 1, 1, 1, 1, 1, 1]
	867595	724263	709910	10	M	199	A		-1	2828.22037028	[1, 1, 1, 1, 1, 1, 1, 1, 1, 1, 1, 1]
	805320	721191	755538	10	M	13	A		-1	2828.76314692	[1, 1, 1, 1, 1, 1, 1, 1, 1, 1, 1, 1]
	886879	726038	742047	10	M	97	A		-1	2829.63677963	[1, 1, 1, 1, 1, 1, 1, 1, 1, 1, 1, 1]
	805011	721191	694795	10	M	131	A		-1	2829.75028312	[1, 1, 1, 1, 1, 1, 1, 1, 1, 1, 1, 1]
	894034	726205	683967	10	M	139	A		-1	2829.86557952	[1, 1, 1, 1, 1, 1, 1, 1, 1, 1, 1, 1]
	848126	722751	716585	10	M	168	A		-1	2830.09184761	[1, 1, 1, 1, 1, 1, 1, 1, 1, 1, 1, 1]
	847407	722751	776898	10	M	161	A		-1	2830.91502689	[1, 1, 1, 0, 1, 1, 1, 1, 1, 1, 1, 1]
	823887	721566	773092	10	M	79	A		-1	2831.59127031	[1, 1, 1, 1, 1, 1, 1, 1, 1, 1, 1, 1]
	880436	724928	614917	10	M	42	A		-1	2832.87448806	[1, 1, 1, 1, 1, 1, 1, 1, 1, 1, 1, 0]
	803534	724604	737788	10	M	21	A		-1	2833.07827983	[1, 1, 1, 1, 1, 1, 1, 1, 1, 1, 1, 1]
	801806	724604	737933	10	M	48	A		-1	2833.63965928	[1, 1, 1, 1, 1, 1, 1, 1, 1, 1, 1, 1]
	892211	726205	757856	10	M	131	A		-1	2834.10358327	[1, 1, 1, 1, 1, 1, 1, 1, 1, 1, 1, 1]
	870954	724713	644580	10	M	122	A		-1	2835.18916692	[1, 1, 1, 1, 1, 1, 1, 1, 1, 1, 1, 1]
	813094	721279	635964	10	M	72	A		-1	2835.88667379	[1, 1, 1, 1, 1, 1, 1, 1, 1, 1, 1, 1]
	798343	794395	751223	10	M	96	A		-1	2836.59234937	[1, 1, 1, 1, 1, 1, 1, 1, 1, 1, 1, 0]
	812250	721279	794241	10	M	87	A		-1	2838.35068266	[1, 1, 1, 1, 1, 1, 1, 1, 1, 1, 1, 1]
	813110	721279	694594	10	M	117	A		-1	2838.53775363	[1, 1, 1, 1, 1, 1, 1, 1, 1, 1, 1, 1]
	854755	723436	706770	10	M	111	A		-1	2839.44360569	[1, 1, 1, 1, 1, 1, 1, 1, 1, 1, 1, 1]
	867875	724263	755998	10	M	150	A		-1	2839.95062024	[1, 1, 1, 1, 1, 1, 1, 1, 1, 1, 1, 1]
	868486	724263	627765	10	M	190	A		-1	2840.52395046	[1, 1, 1, 1, 1, 1, 1, 1, 1, 1, 1, 1]
	870196	724713	770360	10	M	61	A		-1	2842.41536756	[1, 1, 1, 1, 1, 1, 1, 1, 1, 1, 1, 1]
	782244	622541	605478	9	M	177	A		-1	2842.70165915	[1, 1, 1, 1, 1, 1, 1, 1, 1, 1, 1, 1]
	866163	724263	790228	10	M	31	A		-1	2843.33117361	[1, 1, 1, 1, 1, 1, 1, 1, 1, 1, 1, 1]
	827708	721823	701380	10	M	96	A		-1	2844.02919497	[1, 1, 1, 1, 1, 1, 1, 1, 1, 1, 1, 1]
	871156	724713	785019	10	M	127	A		-1	2844.35525343	[1, 1, 1, 1, 1, 1, 1, 1, 1, 1, 1, 1]
	881788	724928	765378	10	M	123	A		-1	2845.67710029	[1, 1, 1, 1, 1, 1, 1, 1, 1, 1, 1, 1]
	841572	722636	777286	10	M	177	A		-1	2846.23602685	[1, 1, 1, 1, 1, 1, 1, 1, 1, 1, 1, 1]
	822709	721566	711731	10	M	119	A		-1	2846.49509516	[1, 1, 1, 1, 1, 1, 1, 1, 1, 1, 1, 1]
	803043	724604	715422	10	M	167	A		-1	2847.38684556	[1, 1, 1, 1, 1, 1, 1, 1, 1, 1, 1, 1]
	799043	794395	602545	10	M	63	A		-1	2848.35996715	[1, 1, 1, 1, 1, 1, 1, 1, 1, 1, 1, 1]
	810581	721279	766958	10	M	143	A		-1	2848.59524735	[1, 1, 1, 1, 1, 1, 1, 1, 1, 1, 1, 1]
	886528	726038	647239	10	M	42	A		-1	2849.1180921	[1, 1, 1, 1, 1, 1, 1, 1, 1, 1, 1, 0]
	862563	723868	729531	10	M	90	A		-1	2851.58473731	[1, 1, 1, 1, 1, 1, 1, 1, 1, 1, 1, 1]
	823054	721566	712128	10	M	180	A		-1	2851.60784377	[1, 1, 1, 1, 1, 1, 1, 1, 1, 1, 1, 1]
	856896	723436	704806	10	M	155	A		-1	2852.00916258	[1, 1, 1, 1, 1, 1, 1, 1, 1, 1, 1, 1]
	808169	721191	726503	10	M	75	A		-1	2852.99462902	[1, 1, 1, 1, 1, 1, 1, 1, 1, 1, 1, 1]
	867991	724263	700470	10	M	199	A		-1	2854.24038008	[1, 1, 1, 1, 1, 1, 1, 1, 1, 1, 1, 1]
	797376	794395	705675	10	M	156	A		-1	2854.24646577	[1, 1, 1, 1, 1, 1, 1, 1, 1, 1, 1, 1]
	810708	721279	730282	10	M	40	A		-1	2855.06984006	[1, 1, 1, 1, 1, 1, 1, 1, 1, 1, 1, 0]
	852541	723196	722744	10	M	74	A		-1	2855.47007454	[1, 1, 1, 1, 1, 1, 1, 1, 1, 1, 1, 1]
	852885	723196	788417	10	M	164	A		-1	2855.51890392	[1, 1, 1, 1, 1, 1, 1, 1, 1, 1, 1, 1]
	840881	722636	561387	10	M	54	A		-1	2855.53547618	[1, 1, 1, 1, 1, 1, 1, 1, 1, 1, 1, 1]
	854867	723436	723632	10	M	146	A		-1	2856.25391303	[1, 1, 1, 1, 1, 1, 1, 1, 1, 1, 1, 1]
	852833	723196	616494	10	M	168	A		-1	2857.01884727	[1, 1, 1, 1, 1, 1, 1, 1, 1, 1, 1, 1]
	809045	721191	766041	10	M	153	A		-1	2857.45486856	[1, 1, 1, 1, 1, 1, 1, 1, 1, 1, 1, 1]
	828946	721823	744872	10	M	96	A		-1	2857.49129668	[1, 1, 1, 1, 1, 1, 1, 1, 1, 1, 1, 1]
	811322	721279	651477	10	M	7	A		-1	2858.95623146	[1, 1, 1, 1, 1, 1, 1, 1, 1, 1, 1, 1]
	830039	722111	672989	10	M	130	A		-1	2859.03835946	[1, 1, 1, 1, 1, 1, 1, 1, 1, 1, 1, 1]
	861840	723868	726238	10	M	191	A		-1	2860.55335094	[1, 1, 1, 1, 1, 1, 1, 1, 1, 1, 1, 1]
	833091	722111	783312	10	M	187	A		-1	2860.74450544	[1, 1, 1, 1, 1, 1, 1, 1, 1, 1, 1, 1]
	887658	726038	715881	10	M	199	A		-1	2862.7202617	[1, 1, 1, 1, 1, 1, 1, 1, 1, 1, 1, 1]
	833427	722111	748123	10	M	23	A		-1	2863.59783263	[1, 1, 1, 1, 1, 1, 1, 1, 1, 1, 1, 1]
	799835	724604	698111	10	M	16	A		-1	2863.85470606	[1, 1, 1, 1, 1, 1, 1, 1, 1, 1, 1, 1]
	818497	721495	780591	10	M	162	A		-1	2864.7618214	[1, 1, 1, 1, 1, 1, 1, 1, 1, 1, 1, 1]
	797139	794395	790882	10	M	37	A		-1	2865.50833894	[1, 1, 1, 1, 1, 1, 1, 1, 1, 1, 1, 1]
	799203	794395	703580	10	M	34	A		-1	2865.70277797	[1, 1, 1, 1, 1, 1, 1, 1, 1, 1, 1, 1]
	840537	722636	774678	10	M	108	A		-1	2866.03371105	[1, 1, 1, 1, 1, 1, 1, 1, 1, 1, 1, 1]
	849312	722751	715382	10	M	61	A		-1	2866.31656188	[1, 1, 1, 1, 1, 1, 1, 1, 1, 1, 1, 1]
	879739	724928	718115	10	M	68	A		-1	2867.13299195	[1, 1, 1, 1, 1, 1, 1, 1, 1, 1, 1, 1]
	798304	794395	727838	10	M	113	A		-1	2867.51041434	[1, 1, 1, 1, 1, 1, 1, 1, 1, 1, 1, 1]
	830626	722111	706329	10	M	41	A		-1	2867.80879908	[1, 1, 1, 1, 1, 1, 1, 1, 1, 1, 1, 1]
	885571	726038	699403	10	M	69	A		-1	2869.5665367	[1, 1, 1, 1, 1, 1, 1, 1, 1, 1, 1, 1]
	839535	722636	631904	10	M	32	A		-1	2870.07256736	[1, 1, 1, 1, 1, 1, 1, 1, 1, 1, 1, 0]
	825590	721823	775428	10	M	138	A		-1	2873.30945887	[1, 1, 1, 1, 1, 1, 1, 1, 1, 1, 1, 1]
	807925	721191	749578	10	M	141	A		-1	2874.97819396	[1, 1, 1, 1, 1, 1, 1, 1, 1, 1, 1, 0]
	801790	724604	756910	10	M	24	A		-1	2876.77219586	[1, 1, 1, 1, 1, 1, 1, 1, 1, 1, 1, 1]
	840538	722636	787801	10	M	180	A		-1	2878.57804171	[1, 1, 1, 1, 1, 1, 1, 1, 1, 1, 1, 1]
	739038	620862	655639	9	M	143	A		-1	2879.27731393	[1, 1, 1, 1, 1, 1, 1, 1, 1, 1, 1, 1]
	850774	723196	753746	10	M	169	A		-1	2880.02342412	[1, 1, 1, 1, 1, 1, 1, 1, 1, 1, 1, 0]
	863335	723868	790797	10	M	8	A		-1	2880.71731489	[1, 1, 1, 1, 1, 1, 1, 1, 1, 1, 1, 1]
	886497	726038	791329	10	M	48	A		-1	2881.67558527	[1, 1, 1, 1, 1, 1, 1, 1, 1, 1, 1, 1]
	882446	724928	760699	10	M	121	A		-1	2882.27689313	[1, 1, 1, 1, 1, 1, 1, 1, 1, 1, 1, 1]
	879092	729960	763389	10	M	108	A		-1	2883.47194423	[1, 1, 1, 1, 1, 1, 1, 1, 1, 1, 1, 1]
	809343	721191	682171	10	M	36	A		-1	2883.51270376	[1, 1, 1, 1, 1, 1, 1, 1, 1, 1, 1, 1]
	850964	723196	713585	10	M	124	A		-1	2883.96167941	[1, 1, 1, 1, 1, 1, 1, 1, 1, 1, 1, 1]
	851060	723196	754340	10	M	90	A		-1	2884.44857713	[1, 1, 1, 1, 1, 1, 1, 1, 1, 1, 1, 0]
	837454	722309	704258	10	M	95	A		-1	2884.78581514	[1, 1, 1, 1, 1, 1, 1, 1, 1, 1, 1, 1]
	847108	722751	732123	10	M	142	A		-1	2885.51862764	[1, 1, 1, 1, 1, 1, 1, 1, 1, 1, 1, 1]
	795663	794395	679389	10	M	76	A		-1	2886.33346813	[1, 1, 1, 1, 1, 1, 1, 1, 1, 1, 1, 1]
	803840	724604	718240	10	M	72	A		-1	2886.42863142	[1, 1, 1, 1, 1, 1, 1, 1, 1, 1, 1, 1]
	832170	722111	722742	10	M	132	A		-1	2887.26614591	[1, 1, 1, 1, 1, 1, 1, 1, 1, 1, 1, 1]
	803816	724604	718433	10	M	192	A		-1	2888.28955298	[1, 1, 1, 1, 1, 1, 1, 1, 1, 1, 1, 1]
	602750	518315	568952	8	M	88	A		-1	2888.29380736	[1, 1, 1, 1, 1, 1, 1, 1, 1, 1, 1, 1]
	795974	794395	764164	10	M	21	A		-1	2888.41963446	[1, 1, 1, 1, 1, 1, 1, 1, 1, 1, 1, 1]
	879942	724928	758577	10	M	82	A		-1	2888.49001771	[1, 1, 1, 1, 1, 1, 1, 1, 1, 1, 1, 1]
	795245	794395	710507	10	M	77	A		-1	2889.3273332	[1, 1, 1, 1, 1, 1, 1, 1, 1, 1, 1, 1]
	799779	724604	692825	10	M	181	A		-1	2889.40586205	[1, 1, 1, 1, 1, 1, 1, 1, 1, 1, 1, 1]
	794916	794395	762970	10	M	74	A		-1	2890.37581288	[1, 1, 1, 1, 1, 1, 1, 1, 1, 1, 1, 1]
	843350	722636	723527	10	M	88	A		-1	2890.58846937	[1, 1, 1, 1, 1, 1, 1, 1, 1, 1, 1, 1]
	851402	723196	701330	10	M	137	A		-1	2891.3276117	[1, 1, 1, 1, 1, 1, 1, 1, 1, 1, 1, 1]
	809640	721279	709340	10	M	152	A		-1	2891.5446277	[1, 1, 1, 1, 1, 1, 1, 1, 1, 1, 1, 1]
	825072	721823	691014	10	M	40	A		-1	2891.88782785	[1, 1, 1, 1, 1, 1, 1, 1, 1, 1, 1, 1]
	841190	722636	664570	10	M	118	A		-1	2892.23159621	[1, 1, 1, 1, 1, 1, 1, 1, 1, 1, 1, 1]
	797619	794395	699733	10	M	71	A		-1	2898.28547984	[1, 1, 1, 1, 1, 1, 1, 1, 1, 1, 1, 1]
	864068	723868	738717	10	M	123	A		-1	2898.73947069	[1, 1, 1, 1, 1, 1, 1, 1, 1, 1, 1, 1]
	857397	723436	770282	10	M	17	A		-1	2898.91778939	[1, 1, 1, 1, 1, 1, 1, 1, 1, 1, 1, 1]
	834525	722309	739938	10	M	165	A		-1	2899.77957729	[1, 1, 1, 1, 1, 1, 1, 1, 1, 1, 1, 1]
	882811	724928	745159	10	M	175	A		-1	2900.30672381	[1, 1, 1, 1, 1, 1, 1, 1, 1, 1, 1, 1]
	851319	723196	757028	10	M	189	A		-1	2903.58242736	[1, 1, 1, 1, 1, 1, 1, 1, 1, 1, 1, 1]
	828816	721823	746994	10	M	167	A		-1	2903.61297536	[1, 1, 1, 1, 1, 1, 1, 1, 1, 1, 1, 1]
	803927	724604	565424	10	M	50	A		-1	2904.65949226	[1, 1, 1, 1, 1, 1, 1, 1, 1, 1, 1, 1]
	829609	722111	787918	10	M	112	A		-1	2905.12472149	[1, 1, 1, 1, 1, 1, 1, 1, 1, 1, 1, 1]
	844193	722636	721919	10	M	194	A		-1	2906.90795047	[1, 1, 1, 1, 1, 1, 1, 1, 1, 1, 1, 0]
	843822	722636	707263	10	M	151	A		-1	2908.3244583	[1, 1, 1, 1, 1, 1, 1, 1, 1, 1, 1, 1]
	811555	721279	740883	10	M	164	A		-1	2908.36765645	[1, 1, 1, 1, 1, 1, 1, 1, 1, 1, 1, 1]
	865508	724263	746510	10	M	147	A		-1	2908.8136297	[1, 1, 1, 1, 1, 1, 1, 1, 1, 1, 1, 1]
	818271	721495	609549	10	M	139	A		-1	2909.0218587	[1, 1, 1, 1, 1, 1, 1, 1, 1, 1, 1, 0]
	876982	729960	666868	10	M	97	A		-1	2909.17070768	[1, 1, 1, 1, 1, 1, 1, 1, 1, 1, 1, 1]
	806468	721191	696289	10	M	138	A		-1	2909.95837864	[1, 1, 1, 1, 1, 1, 1, 1, 1, 1, 1, 1]
	848955	722751	737159	10	M	89	A		-1	2910.46416166	[1, 1, 1, 1, 1, 1, 1, 1, 1, 1, 1, 1]
	832827	722111	731680	10	M	111	A		-1	2912.33936595	[1, 1, 1, 1, 1, 1, 1, 1, 1, 1, 1, 1]
	809926	721279	512121	10	M	164	A		-1	2914.22294428	[1, 1, 1, 1, 1, 1, 1, 1, 1, 1, 1, 1]
	855526	723436	794416	10	M	63	A		-1	2914.25770596	[1, 1, 1, 1, 1, 1, 1, 1, 1, 1, 1, 1]
	815374	721495	696678	10	M	72	A		-1	2915.75321798	[1, 1, 1, 1, 1, 1, 1, 1, 1, 1, 1, 0]
	880759	724928	764775	10	M	0	A		-1	2917.00618721	[1, 1, 1, 1, 1, 1, 1, 1, 1, 1, 1, 1]
	841833	722636	735007	10	M	49	A		-1	2918.63439179	[1, 1, 1, 1, 1, 1, 1, 1, 1, 1, 1, 1]
	885393	726038	712669	10	M	161	A		-1	2919.94368559	[1, 1, 1, 1, 1, 1, 1, 1, 1, 1, 1, 1]
	880593	724928	757792	10	M	177	A		-1	2920.32701363	[1, 1, 1, 1, 1, 1, 1, 1, 1, 1, 1, 1]
	856734	723436	760668	10	M	31	A		-1	2922.69995957	[1, 1, 1, 1, 1, 1, 1, 1, 1, 1, 1, 1]
	829617	722111	785795	10	M	155	A		-1	2923.13425777	[1, 1, 1, 1, 1, 1, 1, 1, 1, 1, 1, 1]
	859579	723868	791813	10	M	48	A		-1	2925.92751969	[1, 1, 1, 1, 1, 1, 1, 1, 1, 1, 1, 1]
	814388	721279	758995	10	M	91	A		-1	2927.23550179	[1, 1, 1, 1, 1, 1, 1, 1, 1, 1, 1, 1]
	829200	721823	707633	10	M	98	A		-1	2927.81594628	[1, 1, 1, 1, 1, 1, 1, 1, 1, 1, 1, 1]
	883962	724928	729329	10	M	119	A		-1	2930.74920781	[1, 1, 1, 1, 1, 1, 1, 1, 1, 1, 1, 1]
	879701	724928	706622	10	M	14	A		-1	2930.95720252	[1, 1, 1, 1, 1, 1, 1, 1, 1, 1, 1, 1]
	884280	724928	701756	10	M	29	A		-1	2933.92450802	[1, 1, 1, 1, 1, 1, 1, 1, 1, 1, 1, 1]
	887862	726038	735473	10	M	83	A		-1	2937.61504078	[1, 1, 1, 1, 1, 1, 1, 1, 1, 1, 1, 1]
	879387	729960	740600	10	M	193	A		-1	2938.63550862	[1, 1, 1, 1, 1, 1, 1, 1, 1, 1, 1, 1]
	888524	726038	713352	10	M	35	A		-1	2940.15364016	[1, 1, 1, 1, 1, 1, 1, 1, 1, 1, 1, 1]
	879537	724928	769747	10	M	161	A		-1	2942.21434099	[1, 1, 1, 1, 1, 1, 1, 1, 1, 1, 1, 1]
	814364	721279	604591	10	M	48	A		-1	2943.7772418	[1, 1, 1, 1, 1, 1, 1, 1, 1, 1, 1, 1]
	890528	726205	740042	10	M	193	A		-1	2944.03564314	[1, 1, 1, 1, 1, 1, 1, 1, 1, 1, 1, 1]
	881953	724928	763769	10	M	181	A		-1	2944.97608353	[1, 1, 1, 1, 1, 1, 1, 1, 1, 1, 1, 1]
	830978	722111	786087	10	M	53	A		-1	2945.14232563	[1, 1, 1, 1, 1, 1, 1, 1, 1, 1, 1, 1]
	885325	726038	708731	10	M	96	A		-1	2946.14242202	[1, 1, 1, 1, 1, 1, 1, 1, 1, 1, 1, 0]
	829691	722111	763138	10	M	1	A		-1	2947.04140965	[1, 1, 1, 1, 1, 1, 1, 1, 1, 1, 1, 1]
	854356	723196	794404	10	M	29	A		-1	2947.73668666	[1, 1, 1, 1, 1, 1, 1, 1, 1, 1, 1, 1]
	808576	721191	698286	10	M	95	A		-1	2949.62806446	[1, 1, 1, 1, 1, 1, 1, 1, 1, 1, 1, 1]
	852224	723196	780969	10	M	100	A		-1	2953.82538624	[1, 1, 1, 1, 1, 1, 1, 1, 1, 1, 1, 1]
	882244	724928	758275	10	M	167	A		-1	2956.6548174	[1, 1, 1, 1, 1, 1, 1, 1, 1, 1, 1, 1]
	801737	724604	768512	10	M	104	A		-1	2959.20987082	[1, 1, 1, 1, 1, 1, 1, 1, 1, 1, 1, 1]
	828801	721823	749367	10	M	99	A		-1	2959.99166431	[1, 1, 1, 1, 1, 1, 1, 1, 1, 1, 1, 1]
	696108	693879	668439	9	M	181	A		-1	2961.94734253	[1, 1, 1, 1, 1, 1, 1, 1, 1, 1, 1, 1]
	865878	724263	706754	10	M	160	A		-1	2962.6079369	[1, 1, 1, 1, 1, 1, 1, 1, 1, 1, 1, 1]
	891199	726205	699878	10	M	70	A		-1	2967.9506878	[1, 1, 1, 1, 1, 1, 1, 1, 1, 1, 1, 1]
	837829	722309	557937	10	M	112	A		-1	2974.1010651	[1, 1, 1, 1, 1, 1, 1, 1, 1, 1, 1, 1]
	797556	794395	699651	10	M	171	A		-1	2974.66926293	[1, 1, 1, 1, 1, 1, 1, 1, 1, 1, 1, 1]
	814406	721279	719770	10	M	141	A		-1	2975.0703432	[1, 1, 1, 1, 1, 1, 1, 1, 1, 1, 1, 1]
	879932	724928	749597	10	M	114	A		-1	2982.55358726	[1, 1, 1, 1, 1, 1, 1, 1, 1, 1, 1, 1]
	745942	620905	652141	9	M	9	A		-1	2985.1833263	[1, 1, 1, 1, 1, 1, 1, 1, 1, 1, 1, 0]
	842343	722636	793831	10	M	131	A		-1	2985.58687577	[1, 1, 1, 1, 1, 1, 1, 1, 1, 1, 1, 1]
	867155	724263	782585	10	M	86	A		-1	2993.0188192	[1, 1, 1, 1, 1, 1, 1, 1, 1, 1, 1, 1]
	795969	794395	706936	10	M	57	A		-1	2996.11866105	[1, 1, 1, 1, 1, 1, 1, 1, 1, 1, 1, 1]
	829822	722111	737818	10	M	89	A		-1	2998.11266043	[1, 1, 1, 1, 1, 1, 1, 1, 1, 1, 1, 1]
	879201	729960	763023	10	M	57	A		-1	3002.91223898	[1, 1, 1, 1, 1, 1, 1, 1, 1, 1, 1, 1]
	884415	724928	775016	10	M	190	A		-1	3009.54618627	[1, 1, 1, 1, 1, 1, 1, 1, 1, 1, 1, 1]
	832086	722111	744695	10	M	118	A		-1	3013.07691221	[1, 1, 1, 1, 1, 1, 1, 1, 1, 1, 1, 1]
	812317	721279	744220	10	M	135	A		-1	3015.16784854	[1, 1, 1, 1, 1, 1, 1, 1, 1, 1, 1, 1]
	825514	721823	724260	10	M	79	A		-1	3018.30894399	[1, 1, 1, 1, 1, 1, 1, 1, 1, 1, 1, 1]
	881692	724928	732869	10	M	99	A		-1	3024.56896615	[1, 1, 1, 1, 1, 1, 1, 1, 1, 1, 1, 1]
	817191	721495	784898	10	M	101	A		-1	3025.72668466	[1, 1, 1, 1, 1, 1, 1, 1, 1, 1, 1, 1]
	843005	722636	789940	10	M	158	A		-1	3028.61749613	[1, 1, 1, 1, 1, 1, 1, 1, 1, 1, 1, 1]
	839825	722636	789557	10	M	78	A		-1	3029.99585333	[1, 1, 1, 1, 1, 1, 1, 1, 1, 1, 1, 1]
	842976	722636	779403	10	M	79	A		-1	3034.24950296	[1, 1, 1, 1, 1, 1, 1, 1, 1, 1, 1, 1]
	880676	724928	742143	10	M	174	A		-1	3037.50742049	[1, 1, 1, 1, 1, 1, 1, 1, 1, 1, 1, 1]
	812889	721279	731357	10	M	173	A		-1	3041.25593774	[1, 1, 1, 1, 1, 1, 1, 1, 1, 1, 1, 1]
	829976	722111	751207	10	M	48	A		-1	3043.07884178	[1, 1, 1, 1, 1, 1, 1, 1, 1, 1, 1, 1]
	881686	724928	743667	10	M	176	A		-1	3055.12320595	[1, 1, 1, 1, 1, 1, 1, 1, 1, 1, 1, 1]
	812266	721279	771318	10	M	152	A		-1	3059.86274124	[1, 1, 1, 1, 1, 1, 1, 1, 1, 1, 1, 1]
	884281	724928	783034	10	M	161	A		-1	3064.54438391	[1, 1, 1, 1, 1, 1, 1, 1, 1, 1, 1, 1]
	846423	722751	735154	10	M	15	A		-1	3115.62426959	[1, 1, 1, 1, 1, 1, 1, 1, 1, 1, 1, 1]
	861210	723868	755226	10	M	160	A		-1	3125.491032	[1, 1, 1, 1, 1, 1, 1, 1, 1, 1, 1, 1]
	826902	721823	714936	10	M	157	A		-1	3141.45708767	[1, 1, 1, 1, 1, 1, 1, 1, 1, 1, 1, 1]
	832380	722111	659918	10	M	158	A		-1	3143.64514256	[1, 1, 1, 1, 1, 1, 1, 1, 1, 1, 1, 1]
	812080	721279	739255	10	M	130	A		-1	3159.88600245	[1, 1, 1, 1, 1, 1, 1, 1, 1, 1, 1, 1]
