animal	sire	dam	born	sex	herd	status	cause	died	TBV	recessives
	356512	228078	120494	5	M	53	A		-1	1603.38845639	[1, 1, 1, 1, 1, 1, 1, 1, 1, 1, 1, 1]
	355598	228078	287739	5	M	163	A		-1	1603.39571107	[1, 1, 1, 1, 1, 1, 1, 1, 1, 1, 1, 1]
	382279	228507	231643	5	M	30	A		-1	1603.53962708	[1, 1, 1, 1, 1, 1, 1, 1, 1, 1, 1, 1]
	374173	228343	227831	5	M	10	A		-1	1604.19133037	[1, 1, 1, 1, 1, 1, 1, 1, 1, 1, 1, 1]
	264832	147808	176590	4	M	52	A		-1	1604.58376517	[1, 1, 1, 1, 1, 1, 1, 1, 1, 1, 1, 1]
	393060	228911	105425	5	M	30	A		-1	1604.72601013	[1, 1, 1, 1, 1, 1, 1, 1, 1, 1, 1, 1]
	362697	228204	235924	5	M	199	A		-1	1604.76045204	[1, 1, 1, 1, 1, 1, 1, 1, 1, 1, 1, 1]
	381854	228507	265718	5	M	176	A		-1	1604.77191414	[1, 1, 1, 1, 1, 1, 1, 1, 1, 1, 1, 1]
	367456	228246	129164	5	M	156	A		-1	1604.78800039	[1, 1, 1, 1, 1, 1, 1, 1, 1, 1, 1, 1]
	369174	228246	279628	5	M	119	A		-1	1605.10320668	[1, 1, 1, 1, 1, 1, 1, 1, 1, 1, 1, 1]
	351475	227728	205553	5	M	75	A		-1	1605.30348978	[1, 1, 1, 1, 1, 1, 1, 1, 1, 1, 1, 1]
	307774	224995	235939	5	M	30	A		-1	1605.42930407	[1, 1, 1, 1, 1, 1, 1, 1, 1, 1, 1, 1]
	326366	225719	267951	5	M	48	A		-1	1605.83083224	[1, 1, 1, 1, 1, 1, 1, 1, 1, 1, 1, 1]
	356168	228078	249727	5	M	71	A		-1	1605.92325999	[1, 1, 1, 1, 1, 1, 1, 1, 1, 1, 1, 1]
	372977	228343	214174	5	M	99	A		-1	1606.04387346	[1, 1, 1, 1, 1, 1, 1, 1, 1, 1, 1, 1]
	386387	228752	197745	5	M	13	A		-1	1606.3770646	[1, 1, 1, 1, 1, 1, 1, 1, 1, 1, 1, 0]
	310891	225375	104664	5	M	151	A		-1	1606.38283155	[1, 1, 1, 1, 1, 1, 1, 1, 1, 1, 1, 1]
	330439	226124	159986	5	M	107	A		-1	1606.78662509	[1, 1, 1, 1, 1, 1, 1, 1, 1, 1, 1, 1]
	308636	224995	223388	5	M	142	A		-1	1607.11221002	[1, 1, 1, 1, 1, 1, 1, 1, 1, 1, 1, 1]
	195593	194432	163342	4	M	152	A		-1	1607.34729277	[1, 1, 1, 1, 1, 1, 1, 1, 1, 1, 1, 0]
	392429	228911	245824	5	M	19	A		-1	1607.50608959	[1, 1, 1, 1, 1, 1, 1, 1, 1, 1, 1, 1]
	312930	225375	244145	5	M	194	A		-1	1607.93726875	[1, 1, 1, 1, 1, 1, 1, 1, 1, 1, 1, 1]
	310297	225375	70738	5	M	36	A		-1	1608.03313264	[1, 1, 1, 1, 1, 1, 1, 1, 1, 1, 1, 1]
	383794	228507	135549	5	M	31	A		-1	1608.13418037	[1, 1, 1, 1, 1, 1, 1, 1, 1, 1, 1, 0]
	312101	225375	268817	5	M	105	A		-1	1608.37207616	[1, 1, 1, 1, 1, 1, 1, 1, 1, 1, 1, 1]
	355285	228078	192350	5	M	145	A		-1	1608.46951888	[1, 1, 1, 1, 1, 1, 1, 1, 1, 1, 1, 1]
	382954	228507	221223	5	M	128	A		-1	1608.79598872	[1, 1, 1, 1, 1, 1, 1, 1, 1, 1, 1, 1]
	306007	224995	228245	5	M	189	A		-1	1609.53954185	[1, 1, 1, 1, 1, 1, 1, 1, 1, 1, 1, 1]
	295243	294108	282028	5	M	23	A		-1	1609.5880216	[1, 1, 1, 1, 1, 1, 1, 1, 1, 1, 1, 0]
	359691	228204	187802	5	M	7	A		-1	1609.59482868	[1, 1, 1, 1, 1, 1, 1, 1, 1, 1, 1, 1]
	383093	228507	162394	5	M	133	A		-1	1609.59483932	[1, 1, 1, 1, 1, 1, 1, 1, 1, 1, 1, 1]
	393907	228911	129964	5	M	105	A		-1	1609.73496432	[1, 1, 1, 1, 1, 1, 1, 1, 1, 1, 1, 1]
	382071	228507	280927	5	M	71	A		-1	1609.80423082	[1, 1, 1, 1, 1, 1, 1, 1, 1, 1, 1, 1]
	365029	228246	238264	5	M	18	A		-1	1609.86062793	[1, 1, 1, 1, 1, 1, 1, 1, 1, 1, 1, 1]
	295947	294108	218298	5	M	135	A		-1	1609.89034852	[1, 1, 1, 1, 1, 1, 1, 1, 1, 1, 1, 0]
	380019	228507	272488	5	M	111	A		-1	1610.52172232	[1, 1, 1, 1, 1, 1, 1, 1, 1, 1, 1, 1]
	345669	226877	232105	5	M	23	A		-1	1610.53278376	[1, 1, 1, 1, 1, 1, 1, 1, 1, 1, 1, 1]
	357394	228078	281697	5	M	196	A		-1	1610.60756109	[1, 1, 1, 1, 1, 1, 1, 1, 1, 1, 1, 1]
	387909	228752	264789	5	M	31	A		-1	1610.66893039	[1, 1, 1, 1, 1, 1, 1, 1, 1, 1, 1, 0]
	248720	146665	149130	4	M	147	A		-1	1610.76160635	[1, 1, 1, 1, 1, 1, 1, 1, 1, 1, 1, 1]
	358633	228078	203811	5	M	102	A		-1	1610.83175033	[1, 1, 1, 1, 1, 1, 1, 1, 1, 1, 1, 1]
	358875	228078	267430	5	M	169	A		-1	1611.5788824	[1, 1, 1, 1, 1, 1, 1, 1, 1, 1, 1, 1]
	373616	228343	109019	5	M	136	A		-1	1611.58362173	[1, 1, 1, 1, 1, 1, 1, 1, 1, 1, 1, 1]
	319860	225654	210964	5	M	53	A		-1	1611.71145729	[1, 1, 1, 1, 1, 1, 1, 1, 1, 1, 1, 1]
	358781	228078	138569	5	M	64	A		-1	1611.80908124	[1, 1, 1, 1, 1, 1, 1, 1, 1, 1, 1, 1]
	339122	226263	222878	5	M	4	A		-1	1612.14090422	[1, 1, 1, 1, 1, 1, 1, 1, 1, 1, 1, 1]
	329655	226124	262293	5	M	103	A		-1	1612.51119258	[1, 1, 1, 1, 1, 1, 1, 1, 1, 1, 1, 1]
	297070	294108	293980	5	M	101	A		-1	1612.8841012	[1, 1, 0, 1, 1, 1, 1, 1, 1, 1, 1, 0]
	383566	228507	46859	5	M	157	A		-1	1612.91759058	[1, 1, 1, 1, 1, 1, 1, 1, 1, 1, 1, 1]
	318933	225614	127307	5	M	66	A		-1	1613.74718948	[1, 1, 1, 1, 1, 1, 1, 1, 1, 1, 1, 1]
	390130	228911	294202	5	M	50	A		-1	1613.81306542	[1, 1, 1, 1, 1, 1, 1, 1, 1, 1, 1, 1]
	380801	228507	253764	5	M	95	A		-1	1613.92971648	[1, 1, 1, 1, 1, 1, 1, 1, 1, 1, 1, 1]
	213978	143058	130994	4	M	94	A		-1	1614.97133756	[1, 1, 1, 1, 1, 1, 1, 1, 1, 1, 1, 1]
	382776	228507	207417	5	M	175	A		-1	1614.99785466	[1, 1, 1, 1, 1, 1, 1, 1, 1, 1, 1, 1]
	328576	225719	201969	5	M	155	A		-1	1615.60993195	[1, 1, 1, 1, 1, 1, 1, 1, 1, 1, 1, 1]
	356944	228078	202455	5	M	127	A		-1	1615.74544447	[1, 1, 1, 1, 1, 1, 1, 1, 1, 1, 1, 1]
	296297	294108	206634	5	M	200	A		-1	1615.98470625	[1, 1, 1, 1, 1, 1, 1, 1, 1, 1, 1, 0]
	312472	225375	196464	5	M	53	A		-1	1616.01070136	[1, 1, 1, 1, 1, 1, 1, 1, 1, 1, 1, 1]
	337749	226263	288304	5	M	184	A		-1	1616.23297496	[1, 1, 1, 1, 1, 1, 1, 1, 1, 1, 1, 1]
	341533	226788	258024	5	M	144	A		-1	1616.77216593	[1, 1, 1, 1, 1, 1, 1, 1, 1, 1, 1, 1]
	349957	227728	173362	5	M	56	A		-1	1616.9112829	[1, 1, 1, 1, 1, 1, 1, 1, 1, 1, 1, 0]
	384600	228752	255749	5	M	54	A		-1	1617.28713214	[1, 1, 1, 1, 1, 1, 1, 1, 1, 1, 1, 1]
	347784	226877	265194	5	M	13	A		-1	1617.31443906	[1, 1, 1, 1, 1, 1, 1, 1, 1, 1, 1, 1]
	357897	228078	280913	5	M	9	A		-1	1617.63712461	[1, 1, 1, 1, 1, 1, 1, 1, 1, 1, 1, 1]
	335735	226263	208390	5	M	176	A		-1	1617.65817566	[1, 1, 1, 1, 1, 1, 1, 1, 1, 1, 1, 1]
	393468	228911	219612	5	M	199	A		-1	1617.69941889	[1, 1, 1, 1, 1, 1, 1, 1, 1, 1, 1, 1]
	313381	225375	267450	5	M	54	A		-1	1617.71041092	[1, 1, 1, 1, 1, 1, 1, 1, 1, 1, 1, 1]
	394262	228911	231727	5	M	87	A		-1	1618.03329389	[1, 1, 1, 1, 1, 1, 1, 1, 1, 1, 1, 1]
	333684	226124	179925	5	M	100	A		-1	1618.0547716	[1, 1, 1, 1, 1, 1, 1, 1, 1, 1, 1, 1]
	359320	228078	271381	5	M	199	A		-1	1618.09383643	[1, 1, 1, 1, 1, 1, 1, 1, 1, 1, 1, 1]
	355997	228078	258210	5	M	115	A		-1	1618.14846545	[1, 1, 1, 1, 1, 1, 1, 1, 1, 1, 1, 1]
	295883	294108	269796	5	M	123	A		-1	1618.29261322	[1, 1, 1, 1, 1, 1, 1, 1, 1, 1, 1, -1]
	358576	228078	116729	5	M	133	A		-1	1618.61256644	[1, 1, 1, 1, 1, 1, 1, 1, 1, 1, 1, 1]
	380365	228507	221346	5	M	53	A		-1	1619.47562685	[1, 1, 1, 1, 1, 1, 1, 1, 1, 1, 1, 1]
	394124	228911	274889	5	M	6	A		-1	1619.56195221	[1, 1, 1, 1, 1, 1, 1, 1, 1, 1, 1, 1]
	345140	226877	198781	5	M	79	A		-1	1619.59611276	[1, 1, 1, 1, 1, 1, 1, 1, 1, 1, 1, 1]
	362836	228204	211295	5	M	188	A		-1	1619.77421681	[1, 1, 1, 1, 1, 1, 1, 1, 1, 1, 1, 1]
	350824	227728	37815	5	M	106	A		-1	1619.79138785	[1, 1, 1, 1, 1, 1, 1, 1, 1, 1, 1, 1]
	254670	147792	149658	4	M	94	A		-1	1620.0061667	[1, 1, 1, 1, 1, 1, 1, 1, 1, 1, 1, 1]
	371352	228343	272925	5	M	58	A		-1	1620.31972037	[1, 1, 1, 1, 1, 1, 1, 1, 1, 1, 1, 1]
	383604	228507	205794	5	M	16	A		-1	1620.42793117	[1, 1, 1, 1, 1, 1, 1, 1, 1, 1, 1, 1]
	297552	294108	152604	5	M	160	A		-1	1620.55354192	[1, 1, 1, 1, 1, 1, 1, 1, 1, 1, 1, 0]
	359383	228078	181163	5	M	6	A		-1	1621.03662502	[1, 0, 1, 1, 1, 1, 1, 1, 1, 1, 1, 1]
	355717	228078	206817	5	M	104	A		-1	1621.63120249	[1, 1, 1, 1, 1, 1, 1, 1, 1, 1, 1, 1]
	312586	225375	203079	5	M	23	A		-1	1621.75111553	[1, 1, 1, 1, 1, 1, 1, 1, 1, 1, 1, 1]
	357651	228078	230392	5	M	189	A		-1	1621.76114735	[1, 1, 1, 1, 1, 1, 1, 1, 1, 1, 1, 1]
	355826	228078	206343	5	M	156	A		-1	1622.86178821	[1, 1, 1, 1, 1, 1, 1, 1, 1, 1, 1, 1]
	368012	228246	224266	5	M	128	A		-1	1623.48501887	[1, 1, 1, 1, 1, 1, 1, 1, 1, 1, 1, 1]
	358845	228078	259818	5	M	75	A		-1	1623.91989408	[1, 1, 1, 1, 1, 1, 1, 1, 1, 1, 1, 1]
	367214	228246	280273	5	M	65	A		-1	1624.00648433	[1, 1, 1, 1, 1, 1, 1, 1, 1, 1, 1, 1]
	349053	226877	245423	5	M	167	A		-1	1624.36048269	[1, 1, 1, 1, 1, 1, 1, 1, 1, 1, 1, 1]
	346224	226877	128247	5	M	171	A		-1	1624.3665004	[1, 1, 1, 1, 1, 1, 1, 1, 1, 1, 1, 1]
	317518	225614	289423	5	M	107	A		-1	1624.45118479	[1, 1, 1, 1, 1, 1, 1, 1, 1, 1, 1, 1]
	298395	294108	207861	5	M	97	A		-1	1624.51400005	[1, 1, 1, 1, 1, 1, 1, 1, 1, 1, 1, 0]
	309173	224995	293111	5	M	82	A		-1	1624.68816373	[1, 1, 1, 1, 1, 1, 1, 1, 1, 1, 1, 1]
	380121	228507	134252	5	M	139	A		-1	1625.58832805	[1, 1, 1, 1, 1, 1, 1, 1, 1, 1, 1, 1]
	366092	228246	293877	5	M	114	A		-1	1626.19132593	[1, 1, 1, 1, 1, 1, 1, 1, 1, 1, 1, 1]
	308595	224995	260540	5	M	48	A		-1	1626.45066068	[1, 1, 1, 1, 1, 1, 1, 1, 1, 1, 1, 1]
	304711	224995	281533	5	M	163	A		-1	1626.45278372	[1, 1, 1, 1, 1, 1, 1, 1, 1, 1, 1, 1]
	357268	228078	214468	5	M	48	A		-1	1626.87311178	[1, 1, 1, 1, 1, 1, 1, 1, 1, 1, 1, 1]
	325117	225719	282476	5	M	85	A		-1	1626.96776165	[1, 1, 1, 1, 1, 1, 1, 1, 1, 1, 1, 1]
	355824	228078	284675	5	M	169	A		-1	1627.37250341	[1, 1, 1, 1, 1, 1, 1, 1, 1, 1, 1, 1]
	326704	225719	260651	5	M	31	A		-1	1627.56656749	[1, 1, 1, 1, 1, 1, 1, 1, 1, 1, 1, 1]
	320012	225654	245612	5	M	41	A		-1	1627.58439826	[1, 1, 1, 1, 1, 1, 1, 1, 1, 1, 1, 1]
	313755	225375	186500	5	M	61	A		-1	1627.66305283	[1, 1, 1, 1, 1, 1, 1, 1, 1, 1, 1, 1]
	332293	226124	213812	5	M	142	A		-1	1627.68492787	[1, 1, 1, 1, 1, 1, 1, 1, 1, 1, 1, 1]
	370987	228343	255101	5	M	196	A		-1	1627.83239362	[1, 1, 1, 1, 1, 1, 1, 1, 1, 1, 1, 1]
	327681	225719	204412	5	M	193	A		-1	1627.96662396	[1, 1, 0, 1, 1, 1, 1, 1, 1, 1, 1, 1]
	326971	225719	290300	5	M	19	A		-1	1628.00762684	[1, 1, 1, 1, 1, 1, 1, 1, 1, 1, 1, 1]
	362441	228204	202373	5	M	190	A		-1	1628.08837232	[1, 1, 1, 1, 1, 1, 1, 1, 1, 1, 1, 1]
	386011	228752	195711	5	M	2	A		-1	1628.18189085	[1, 1, 1, 1, 1, 1, 1, 1, 1, 1, 1, 0]
	380519	228507	280625	5	M	192	A		-1	1628.19865759	[1, 1, 1, 1, 1, 1, 1, 1, 1, 1, 1, 1]
	314771	225614	267200	5	M	192	A		-1	1628.64805954	[1, 1, 1, 1, 1, 1, 1, 1, 1, 1, 1, 1]
	352600	227728	77272	5	M	113	A		-1	1629.12773464	[1, 1, 1, 1, 1, 1, 1, 1, 1, 1, 1, 1]
	302262	228308	145377	5	M	25	A		-1	1629.29759856	[1, 1, 1, 1, 1, 1, 1, 1, 1, 1, 1, 1]
	320486	225654	186609	5	M	119	A		-1	1629.34272049	[1, 1, 1, 1, 1, 1, 1, 1, 1, 1, 1, 1]
	254995	147792	167042	4	M	197	A		-1	1629.4685732	[1, 1, 1, 1, 1, 1, 1, 1, 1, 1, 1, 1]
	297550	294108	292890	5	M	115	A		-1	1629.47385259	[1, 1, 1, 1, 1, 1, 1, 1, 1, 1, 1, 0]
	298084	294108	265312	5	M	8	A		-1	1630.20325502	[1, 1, 1, 1, 1, 1, 1, 1, 1, 1, 1, 0]
	349744	227728	71796	5	M	19	A		-1	1630.48121558	[1, 1, 1, 1, 1, 1, 1, 1, 1, 1, 1, 1]
	358144	228078	224482	5	M	103	A		-1	1631.03474117	[1, 1, 1, 1, 1, 1, 1, 1, 1, 1, 1, 1]
	334957	226263	261975	5	M	159	A		-1	1631.31172604	[1, 1, 1, 1, 1, 1, 1, 1, 1, 1, 1, 1]
	344495	226877	287913	5	M	44	A		-1	1631.41322828	[1, 1, 1, 0, 1, 1, 1, 1, 1, 1, 1, 1]
	307950	224995	215981	5	M	196	A		-1	1631.77528517	[1, 1, 1, 1, 1, 1, 1, 1, 1, 1, 1, 1]
	357222	228078	205855	5	M	114	A		-1	1632.01396642	[1, 1, 1, 1, 1, 1, 1, 1, 1, 1, 1, 1]
	299123	294108	231214	5	M	66	A		-1	1632.13878248	[1, 1, 1, 1, 1, 1, 1, 1, 1, 1, 1, 0]
	387284	228752	239845	5	M	19	A		-1	1632.20451409	[1, 1, 1, 1, 1, 1, 1, 1, 1, 1, 1, 0]
	350484	227728	227025	5	M	175	A		-1	1632.36787025	[1, 1, 1, 1, 1, 1, 1, 1, 1, 1, 1, 1]
	386838	228752	286866	5	M	165	A		-1	1632.57658733	[1, 1, 1, 1, 1, 0, 1, 1, 1, 1, 1, 0]
	296385	294108	233448	5	M	117	A		-1	1633.17859049	[1, 1, 1, 1, 1, 1, 1, 1, 1, 1, 1, 0]
	391666	228911	204910	5	M	66	A		-1	1633.32512087	[1, 1, 1, 1, 1, 1, 1, 1, 1, 1, 1, 1]
	306035	224995	230225	5	M	40	A		-1	1633.32640839	[1, 1, 1, 1, 1, 1, 1, 1, 1, 1, 1, 1]
	321726	225654	229473	5	M	183	A		-1	1633.39101941	[1, 1, 1, 1, 1, 1, 1, 1, 1, 1, 1, 1]
	390805	228911	284521	5	M	79	A		-1	1633.78040954	[1, 1, 1, 1, 1, 1, 1, 1, 1, 1, 1, 1]
	301156	228308	134615	5	M	166	A		-1	1634.02444223	[1, 1, 1, 1, 1, 1, 1, 1, 1, 1, 1, 1]
	384217	228507	127485	5	M	132	A		-1	1634.09132075	[1, 1, 1, 1, 1, 1, 1, 1, 1, 1, 1, 1]
	207049	142992	149860	4	M	200	A		-1	1634.29697389	[1, 1, 1, 1, 1, 1, 1, 1, 1, 1, 1, 1]
	378732	230214	161572	5	M	184	A		-1	1634.32774189	[1, 1, 1, 1, 1, 1, 1, 1, 1, 1, 1, 1]
	370478	228343	207320	5	M	54	A		-1	1634.86841885	[1, 1, 1, 1, 1, 1, 1, 1, 1, 1, 1, 0]
	242468	146546	150268	4	M	163	A		-1	1634.87002649	[0, 1, 1, 1, 1, 1, 1, 1, 1, 1, 1, 1]
	339364	226263	231517	5	M	96	A		-1	1635.08005419	[1, 1, 1, 1, 1, 1, 1, 1, 1, 1, 1, 1]
	325155	225719	164448	5	M	183	A		-1	1635.18661068	[1, 1, 1, 1, 1, 1, 1, 1, 1, 1, 1, 1]
	360104	228204	126413	5	M	138	A		-1	1635.37916947	[1, 1, 1, 1, 1, 1, 1, 1, 1, 1, 1, 1]
	309543	225375	256112	5	M	25	A		-1	1635.74614542	[1, 1, 1, 1, 1, 1, 1, 1, 1, 1, 1, 1]
	307789	224995	234937	5	M	127	A		-1	1635.98817288	[1, 1, 1, 1, 1, 1, 1, 1, 1, 1, 1, 1]
	387949	228752	235575	5	M	63	A		-1	1636.29365329	[1, 1, 1, 1, 1, 1, 1, 1, 1, 1, 1, -1]
	308072	224995	253103	5	M	127	A		-1	1636.53430532	[1, 1, 1, 1, 1, 1, 1, 1, 1, 1, 1, 1]
	337769	226263	63280	5	M	180	A		-1	1637.70956046	[1, 1, 1, 1, 1, 1, 1, 1, 1, 1, 1, 1]
	352842	227728	207563	5	M	43	A		-1	1638.69727702	[1, 1, 1, 1, 1, 1, 1, 1, 1, 1, 1, 1]
	355217	228078	287269	5	M	27	A		-1	1639.15500229	[1, 1, 1, 1, 1, 1, 1, 1, 1, 1, 1, 1]
	351945	227728	197023	5	M	196	A		-1	1639.40874827	[1, 1, 1, 1, 1, 1, 1, 1, 1, 1, 1, 1]
	376051	230214	240897	5	M	63	A		-1	1639.61497583	[1, 0, 1, 1, 1, 1, 1, 1, 1, 1, 1, 1]
	393065	228911	234685	5	M	34	A		-1	1639.70054339	[1, 1, 1, 1, 1, 1, 1, 1, 1, 1, 1, 1]
	202485	147873	147369	4	M	51	A		-1	1640.27919322	[1, 1, 1, 1, 1, 1, 1, 1, 1, 1, 1, 1]
	381699	228507	265036	5	M	92	A		-1	1640.82024383	[1, 1, 1, 1, 1, 1, 1, 1, 1, 1, 1, 1]
	311569	225375	110867	5	M	20	A		-1	1641.08953237	[1, 1, 1, 1, 1, 1, 1, 1, 1, 1, 1, 1]
	333324	226124	291640	5	M	84	A		-1	1641.2045792	[1, 1, 1, 1, 1, 1, 1, 1, 1, 1, 1, 1]
	310296	225375	160211	5	M	64	A		-1	1641.72970392	[1, 1, 1, 1, 1, 1, 1, 1, 1, 1, 1, 1]
	234192	145643	70404	4	M	128	A		-1	1641.76496951	[1, 1, 1, 1, 1, 1, 1, 1, 1, 1, 1, 1]
	390095	228911	197696	5	M	14	A		-1	1642.37085966	[1, 1, 1, 1, 1, 1, 1, 1, 1, 1, 1, 1]
	381727	228507	289638	5	M	174	A		-1	1642.49782907	[1, 1, 1, 1, 1, 1, 1, 1, 1, 1, 1, 1]
	326279	225719	131046	5	M	134	A		-1	1642.73595567	[1, 1, 1, 0, 1, 1, 1, 1, 1, 1, 1, 1]
	354632	228078	225841	5	M	95	A		-1	1643.85412183	[1, 1, 1, 1, 1, 1, 1, 1, 1, 1, 1, 1]
	296088	294108	293321	5	M	61	A		-1	1646.26520398	[1, 1, 1, 1, 1, 1, 1, 1, 1, 1, 1, 0]
	304211	228308	278998	5	M	56	A		-1	1646.36179827	[1, 1, 1, 1, 1, 1, 1, 1, 1, 1, 1, 1]
	358677	228078	264624	5	M	108	A		-1	1646.45113856	[1, 1, 1, 1, 1, 0, 1, 1, 1, 1, 1, 1]
	384451	228507	232357	5	M	127	A		-1	1646.66422637	[1, 1, 1, 1, 1, 1, 1, 1, 1, 1, 1, 1]
	356246	228078	145927	5	M	15	A		-1	1647.1129235	[1, 1, 1, 1, 1, 1, 1, 1, 1, 1, 1, 1]
	315121	225614	286811	5	M	78	A		-1	1647.33653718	[1, 1, 1, 0, 1, 0, 1, 1, 1, 1, 1, 1]
	245040	146665	121112	4	M	190	A		-1	1647.81779587	[1, 1, 1, 1, 1, 1, 1, 1, 1, 1, 1, 0]
	337045	226263	245653	5	M	26	A		-1	1648.67610386	[1, 1, 1, 1, 1, 1, 1, 1, 1, 1, 1, 1]
	359325	228078	239063	5	M	121	A		-1	1648.6827532	[1, 1, 1, 1, 1, 1, 1, 1, 1, 1, 1, 1]
	341642	226788	247247	5	M	97	A		-1	1648.88460725	[1, 1, 1, 1, 1, 1, 1, 1, 1, 1, 1, 1]
	353683	227728	122640	5	M	13	A		-1	1649.23533784	[1, 1, 1, 1, 1, 1, 1, 1, 1, 1, 1, 1]
	345509	226877	218145	5	M	194	A		-1	1649.26734077	[1, 1, 1, 1, 1, 1, 1, 1, 1, 1, 1, 1]
	312793	225375	208230	5	M	143	A		-1	1649.42796262	[1, 1, 1, 1, 1, 1, 1, 1, 1, 1, 1, 1]
	356336	228078	220167	5	M	74	A		-1	1649.50568058	[1, 1, 1, 1, 1, 1, 1, 1, 1, 1, 1, 1]
	357430	228078	149506	5	M	117	A		-1	1649.62731719	[1, 1, 1, 1, 1, 1, 1, 1, 1, 1, 1, 1]
	363197	228204	225875	5	M	11	A		-1	1649.79878563	[1, 1, 1, 1, 1, 1, 1, 1, 1, 1, 1, 1]
	351216	227728	209297	5	M	43	A		-1	1650.32986512	[1, 1, 1, 0, 1, 1, 1, 1, 1, 1, 1, 1]
	311464	225375	218874	5	M	75	A		-1	1650.87483107	[1, 1, 1, 1, 1, 1, 1, 1, 1, 1, 1, 1]
	329041	225719	239799	5	M	172	A		-1	1651.29413017	[1, 1, 1, 1, 1, 1, 1, 1, 1, 1, 1, 1]
	345104	226877	280302	5	M	156	A		-1	1651.44280081	[1, 1, 1, 1, 1, 1, 1, 1, 1, 1, 1, 1]
	353426	227728	231844	5	M	86	A		-1	1651.60566241	[1, 1, 1, 1, 1, 1, 1, 1, 1, 1, 1, 1]
	295045	294108	102230	5	M	74	A		-1	1651.6695398	[1, 1, 1, 1, 1, 1, 1, 1, 1, 1, 1, 0]
	356272	228078	197645	5	M	80	A		-1	1652.00555054	[1, 1, 1, 1, 1, 1, 1, 1, 1, 1, 1, 1]
	350206	227728	286753	5	M	197	A		-1	1652.20225984	[1, 1, 1, 1, 1, 1, 1, 1, 1, 1, 1, 1]
	298319	294108	174138	5	M	101	A		-1	1653.5841495	[1, 1, 1, 1, 1, 1, 1, 1, 1, 1, 1, 0]
	308470	224995	293626	5	M	146	A		-1	1654.22062546	[1, 1, 1, 1, 1, 1, 1, 1, 1, 1, 1, 0]
	380352	228507	199418	5	M	61	A		-1	1654.379764	[1, 1, 1, 1, 1, 1, 1, 1, 1, 1, 1, 1]
	381026	228507	215120	5	M	115	A		-1	1654.50657615	[1, 1, 1, 1, 1, 1, 1, 1, 1, 1, 1, 1]
	312224	225375	286259	5	M	7	A		-1	1654.5627887	[1, 1, 1, 1, 1, 1, 1, 1, 1, 1, 1, 1]
	354919	228078	248222	5	M	128	A		-1	1654.72192201	[1, 1, 1, 1, 1, 1, 1, 1, 1, 1, 1, 1]
	276737	148219	149107	4	M	184	A		-1	1654.9515172	[1, 1, 1, 1, 1, 1, 1, 1, 1, 1, 1, 1]
	357998	228078	85581	5	M	83	A		-1	1655.16074661	[1, 1, 1, 1, 1, 1, 1, 1, 1, 1, 1, 1]
	301170	228308	234172	5	M	100	A		-1	1655.4584186	[1, 1, 1, 1, 0, 1, 1, 1, 1, 1, 1, 1]
	359006	228078	228349	5	M	159	A		-1	1655.53110876	[1, 1, 1, 1, 1, 1, 1, 1, 1, 1, 1, 1]
	359195	228078	258540	5	M	150	A		-1	1656.07858608	[1, 1, 1, 1, 1, 1, 1, 1, 1, 1, 1, 1]
	313553	225375	225606	5	M	21	A		-1	1656.33047792	[1, 1, 1, 1, 1, 1, 1, 1, 1, 1, 1, 1]
	382369	228507	175912	5	M	4	A		-1	1656.53352673	[1, 1, 1, 1, 1, 1, 1, 1, 1, 1, 1, 1]
	357759	228078	215472	5	M	97	A		-1	1656.69652897	[1, 1, 1, 1, 1, 1, 1, 1, 1, 1, 1, 0]
	323090	225654	226359	5	M	169	A		-1	1657.24791949	[1, 1, 0, 1, 1, 1, 1, 1, 1, 1, 1, 1]
	356679	228078	286155	5	M	55	A		-1	1657.4678086	[1, 1, 1, 1, 1, 1, 1, 1, 1, 1, 1, 0]
	354912	228078	224866	5	M	156	A		-1	1657.52828942	[1, 1, 1, 1, 1, 1, 1, 1, 1, 1, 1, 1]
	380948	228507	96088	5	M	143	A		-1	1657.91896989	[1, 1, 1, 1, 1, 1, 1, 1, 1, 1, 1, 1]
	344304	226788	244527	5	M	95	A		-1	1659.12415598	[1, 1, 1, 1, 1, 1, 1, 1, 1, 1, 1, 1]
	312856	225375	261448	5	M	115	A		-1	1659.19092661	[1, 1, 1, 1, 1, 1, 1, 1, 1, 1, 1, 1]
	334046	226124	258182	5	M	113	A		-1	1659.28565168	[1, 1, 1, 1, 1, 1, 1, 1, 1, 1, 1, 1]
	339345	226263	150292	5	M	66	A		-1	1660.07727788	[1, 1, 1, 1, 1, 1, 1, 1, 1, 1, 1, 1]
	251291	147023	131001	4	M	88	A		-1	1660.40006831	[1, 1, 1, 1, 1, 1, 1, 1, 1, 1, 1, 1]
	297666	294108	253939	5	M	164	A		-1	1660.53131785	[1, 1, 1, 1, 1, 1, 1, 1, 1, 1, 1, 0]
	387595	228752	246071	5	M	53	A		-1	1660.56113724	[1, 1, 0, 1, 1, 1, 1, 1, 1, 1, 1, 1]
	353007	227728	232833	5	M	57	A		-1	1660.86856724	[1, 1, 1, 1, 1, 1, 1, 1, 1, 1, 1, 1]
	354727	228078	275180	5	M	67	A		-1	1661.07523741	[1, 1, 1, 1, 1, 1, 1, 1, 1, 1, 1, 1]
	342479	226788	133655	5	M	123	A		-1	1661.28931212	[1, 1, 1, 1, 1, 1, 1, 1, 1, 1, 1, 0]
	357003	228078	194304	5	M	110	A		-1	1662.17229743	[1, 1, 1, 1, 1, 1, 1, 1, 1, 1, 1, 1]
	304618	224995	152871	5	M	187	A		-1	1663.04659804	[1, 1, 1, 1, 1, 1, 1, 1, 1, 1, 1, 1]
	322652	225654	232083	5	M	147	A		-1	1663.47908101	[1, 1, 1, 1, 1, 1, 1, 1, 1, 1, 1, 1]
	315671	225614	221799	5	M	162	A		-1	1664.16419064	[1, 1, 1, 1, 1, 1, 1, 1, 1, 1, 1, 1]
	313444	225375	231063	5	M	14	A		-1	1664.28133092	[1, 1, 1, 1, 1, 1, 1, 1, 1, 1, 1, 1]
	373554	228343	213745	5	M	91	A		-1	1665.23858847	[1, 1, 1, 1, 1, 1, 1, 1, 1, 1, 1, 1]
	357226	228078	4274	5	M	8	A		-1	1665.3402917	[1, 1, 1, 1, 1, 1, 1, 1, 1, 1, 1, 1]
	386483	228752	231431	5	M	89	A		-1	1665.95395439	[0, 1, 1, 1, 1, 1, 1, 1, 1, 1, 1, 1]
	287967	147918	150444	4	M	64	A		-1	1666.32154221	[1, 1, 1, 1, 1, 0, 1, 1, 1, 1, 1, 1]
	265022	147808	43683	4	M	185	A		-1	1666.84890047	[1, 1, 1, 1, 1, 1, 1, 1, 1, 1, 1, 1]
	392720	228911	156480	5	M	151	A		-1	1667.05110687	[1, 1, 1, 1, 1, 1, 1, 1, 1, 1, 1, 1]
	296789	294108	220209	5	M	148	A		-1	1667.25502758	[1, 1, 1, 1, 1, 1, 1, 1, 1, 1, 1, 0]
	390152	228911	257328	5	M	193	A		-1	1667.32082425	[1, 1, 1, 1, 1, 1, 1, 1, 1, 1, 1, 1]
	358367	228078	183948	5	M	39	A		-1	1667.49312828	[1, 1, 1, 1, 1, 1, 1, 1, 1, 1, 1, 1]
	314105	225375	290541	5	M	183	A		-1	1667.74109318	[1, 1, 1, 1, 1, 1, 1, 1, 1, 1, 1, 1]
	356111	228078	138000	5	M	102	A		-1	1668.10382947	[1, 1, 1, 1, 1, 1, 1, 1, 1, 1, 1, 1]
	392399	228911	271345	5	M	143	A		-1	1668.67089743	[1, 1, 1, 1, 1, 1, 1, 1, 1, 1, 1, 0]
	313742	225375	276082	5	M	196	A		-1	1668.83316594	[1, 1, 1, 1, 1, 1, 1, 1, 1, 1, 1, 1]
	381436	228507	268576	5	M	66	A		-1	1668.87739589	[1, 1, 1, 1, 1, 1, 1, 1, 1, 1, 1, 1]
	355098	228078	125417	5	M	16	A		-1	1669.55665666	[1, 1, 1, 1, 1, 1, 1, 1, 1, 1, 1, 1]
	337954	226263	238628	5	M	36	A		-1	1670.08602101	[1, 1, 1, 1, 1, 1, 1, 1, 1, 1, 1, 1]
	349180	226877	173778	5	M	158	A		-1	1670.32958825	[1, 1, 1, 1, 1, 1, 1, 1, 1, 1, 1, 1]
	302808	228308	247631	5	M	95	A		-1	1670.42496826	[1, 1, 1, 1, 1, 1, 1, 1, 1, 1, 1, 1]
	355533	228078	213243	5	M	18	A		-1	1670.46379858	[1, 1, 1, 1, 1, 1, 1, 1, 1, 1, 1, 1]
	325461	225719	133859	5	M	170	A		-1	1670.54325527	[1, 1, 1, 1, 1, 1, 1, 1, 1, 1, 1, 1]
	394398	228911	208878	5	M	183	A		-1	1670.66800435	[1, 1, 1, 1, 1, 1, 1, 1, 1, 1, 1, 1]
	389122	228752	291303	5	M	97	A		-1	1670.98793183	[1, 1, 1, 1, 1, 1, 1, 1, 1, 1, 1, -1]
	298541	294108	128850	5	M	197	A		-1	1671.99061916	[1, 1, 1, 1, 1, 1, 1, 1, 1, 1, 1, 0]
	318370	225614	259269	5	M	197	A		-1	1672.20224476	[1, 1, 1, 1, 1, 1, 1, 1, 1, 1, 1, 1]
	304300	228308	243497	5	M	18	A		-1	1672.25397461	[1, 1, 1, 1, 1, 1, 1, 1, 1, 1, 1, 1]
	392915	228911	195042	5	M	69	A		-1	1672.98211422	[1, 1, 1, 1, 1, 1, 1, 1, 1, 1, 1, 1]
	381900	228507	216045	5	M	109	A		-1	1673.00972733	[1, 1, 1, 1, 1, 1, 1, 1, 1, 1, 1, 1]
	354909	228078	128469	5	M	183	A		-1	1673.24139829	[1, 1, 1, 1, 1, 1, 1, 1, 1, 1, 1, 1]
	385476	228752	232728	5	M	9	A		-1	1673.47687112	[1, 1, 1, 1, 1, 1, 1, 1, 1, 1, 1, 0]
	333375	226124	258569	5	M	98	A		-1	1673.7011375	[1, 1, 1, 1, 1, 1, 1, 1, 1, 1, 1, 1]
	314034	225375	134729	5	M	138	A		-1	1673.79739137	[1, 1, 1, 1, 1, 1, 1, 1, 1, 1, 1, 0]
	361957	228204	214612	5	M	100	A		-1	1673.92779767	[1, 1, 1, 1, 1, 1, 1, 1, 1, 1, 1, 1]
	365287	228246	243804	5	M	70	A		-1	1673.94477381	[1, 1, 1, 1, 1, 1, 1, 1, 1, 1, 1, 1]
	338607	226263	280251	5	M	199	A		-1	1674.09065277	[1, 1, 1, 1, 1, 1, 1, 1, 1, 1, 1, 1]
	244024	146546	170880	4	M	13	A		-1	1674.38365765	[1, 1, 1, 1, 1, 1, 1, 1, 1, 1, 1, 1]
	315994	225614	259018	5	M	143	A		-1	1675.23728375	[1, 1, 1, 1, 1, 1, 1, 1, 1, 1, 1, 1]
	358758	228078	233889	5	M	14	A		-1	1675.56869547	[1, 1, 1, 1, 1, 1, 1, 1, 1, 1, 1, 1]
	315598	225614	188018	5	M	138	A		-1	1675.79406316	[1, 1, 1, 1, 1, 1, 1, 1, 1, 1, 1, 1]
	356889	228078	224443	5	M	116	A		-1	1677.17458904	[1, 1, 1, 1, 1, 1, 1, 1, 1, 1, 1, 1]
	383748	228507	264431	5	M	187	A		-1	1678.26596205	[1, 1, 1, 1, 1, 1, 1, 1, 1, 1, 1, 1]
	296563	294108	267281	5	M	106	A		-1	1678.39582458	[1, 1, 1, 1, 1, 1, 1, 1, 1, 1, 1, 0]
	344926	226877	214067	5	M	1	A		-1	1678.45688293	[1, 1, 1, 1, 1, 1, 1, 1, 1, 1, 1, 1]
	383897	228507	131844	5	M	173	A		-1	1678.7205511	[1, 1, 1, 1, 1, 1, 1, 1, 1, 1, 1, 1]
	382255	228507	286872	5	M	39	A		-1	1679.29655935	[1, 1, 1, 1, 1, 1, 1, 1, 1, 1, 1, 1]
	359425	228078	230222	5	M	81	A		-1	1680.10076412	[1, 1, 1, 1, 1, 1, 1, 1, 1, 1, 1, 1]
	362045	228204	244103	5	M	105	A		-1	1680.26395163	[1, 1, 1, 1, 1, 1, 1, 1, 1, 1, 1, 1]
	311984	225375	284266	5	M	192	A		-1	1681.00844218	[1, 1, 1, 1, 1, 1, 1, 1, 1, 1, 1, 1]
	382188	228507	274792	5	M	50	A		-1	1681.47346296	[1, 1, 1, 1, 1, 1, 1, 1, 1, 1, 1, 1]
	309618	225375	150132	5	M	61	A		-1	1682.98561171	[1, 1, 1, 1, 1, 1, 1, 1, 1, 1, 1, 1]
	330431	226124	156355	5	M	93	A		-1	1683.21259205	[1, 1, 1, 1, 1, 1, 1, 1, 1, 1, 1, 1]
	355574	228078	272713	5	M	6	A		-1	1683.51213866	[1, 1, 1, 1, 1, 1, 1, 1, 1, 1, 1, 1]
	372501	228343	246028	5	M	34	A		-1	1684.03154192	[1, 1, 1, 1, 1, 1, 1, 1, 1, 1, 1, 1]
	382055	228507	224600	5	M	17	A		-1	1684.12370938	[1, 1, 1, 1, 1, 1, 1, 1, 1, 1, 1, 1]
	330752	226124	222361	5	M	46	A		-1	1684.14058801	[1, 1, 1, 1, 1, 1, 1, 1, 1, 1, 1, 1]
	376111	230214	274150	5	M	199	A		-1	1684.27785231	[1, 1, 1, 1, 1, 1, 1, 1, 1, 1, 1, 1]
	341010	226788	283375	5	M	155	A		-1	1684.37179256	[1, 1, 1, 1, 1, 1, 1, 1, 1, 1, 1, 1]
	381264	228507	277180	5	M	12	A		-1	1684.74435018	[1, 1, 1, 1, 1, 1, 1, 1, 1, 1, 1, 1]
	311040	225375	227346	5	M	57	A		-1	1685.51569046	[1, 1, 1, 1, 1, 1, 1, 1, 1, 1, 1, 1]
	358859	228078	201160	5	M	172	A		-1	1685.62747463	[1, 1, 1, 1, 1, 0, 1, 1, 1, 1, 1, 1]
	254591	147792	182927	4	M	118	A		-1	1685.65612013	[1, 1, 1, 1, 1, 1, 1, 1, 1, 1, 1, 1]
	317582	225614	254443	5	M	120	A		-1	1686.23829202	[1, 1, 1, 1, 1, 1, 1, 1, 1, 1, 1, 1]
	372706	228343	130218	5	M	153	A		-1	1686.35445381	[1, 1, 1, 1, 1, 1, 1, 1, 1, 1, 1, 1]
	358274	228078	138609	5	M	106	A		-1	1686.36373281	[1, 1, 1, 1, 1, 1, 1, 1, 1, 1, 1, 1]
	305827	224995	226509	5	M	114	A		-1	1686.5175023	[1, 1, 1, 1, 1, 1, 1, 1, 1, 1, 1, 1]
	234449	145643	82335	4	M	178	A		-1	1686.98381461	[1, 1, 1, 1, 1, 1, 1, 1, 1, 1, 1, 1]
	315681	225614	269801	5	M	55	A		-1	1687.30680983	[1, 1, 1, 1, 1, 1, 1, 1, 1, 1, 1, 1]
	341862	226788	272297	5	M	196	A		-1	1688.01322915	[1, 1, 1, 1, 1, 1, 1, 1, 1, 1, 1, 1]
	306753	224995	272001	5	M	39	A		-1	1688.23545265	[1, 1, 1, 1, 1, 1, 1, 1, 1, 1, 1, 1]
	339847	226788	251787	5	M	50	A		-1	1688.2663394	[1, 1, 1, 1, 1, 1, 1, 1, 1, 1, 1, 1]
	380612	228507	163112	5	M	35	A		-1	1688.50200202	[1, 1, 1, 1, 1, 1, 1, 1, 1, 1, 1, 1]
	355804	228078	278103	5	M	116	A		-1	1689.35669697	[1, 1, 1, 1, 1, 1, 1, 1, 1, 1, 1, 1]
	356663	228078	220410	5	M	86	A		-1	1689.77635083	[1, 1, 1, 1, 1, 1, 1, 1, 1, 1, 1, 1]
	343955	226788	203117	5	M	135	A		-1	1690.78232892	[1, 1, 1, 1, 1, 1, 1, 1, 1, 1, 1, 1]
	339745	226788	258443	5	M	35	A		-1	1691.40078859	[1, 1, 1, 1, 1, 1, 1, 1, 1, 1, 1, 1]
	358658	228078	272088	5	M	194	A		-1	1691.4163275	[1, 1, 1, 1, 1, 1, 1, 1, 1, 1, 1, 1]
	299354	294108	273422	5	M	194	A		-1	1691.80732547	[1, 1, 1, 1, 1, 1, 1, 1, 1, 1, 1, 0]
	358393	228078	286526	5	M	154	A		-1	1692.73794718	[1, 1, 1, 1, 1, 1, 1, 1, 1, 1, 1, 1]
	387637	228752	270659	5	M	55	A		-1	1692.73852149	[1, 1, 1, 0, 1, 1, 1, 1, 1, 1, 1, 0]
	332008	226124	230943	5	M	169	A		-1	1692.9366894	[1, 1, 1, 1, 1, 1, 1, 1, 1, 1, 1, 1]
	287030	147918	120494	4	M	53	A		-1	1693.35745276	[1, 1, 1, 1, 1, 0, 1, 1, 1, 1, 1, 1]
	358299	228078	231158	5	M	65	A		-1	1693.36416692	[1, 1, 1, 1, 1, 1, 1, 1, 1, 1, 1, 1]
	366847	228246	244399	5	M	170	A		-1	1693.37525451	[1, 1, 1, 1, 1, 1, 1, 1, 1, 1, 1, 1]
	380485	228507	245122	5	M	191	A		-1	1694.16640064	[1, 1, 1, 1, 1, 1, 1, 1, 1, 1, 1, 1]
	335998	226263	258659	5	M	155	A		-1	1694.17004366	[1, 1, 1, 1, 1, 1, 1, 1, 1, 1, 1, 1]
	329305	225719	245449	5	M	144	A		-1	1694.25348758	[1, 1, 1, 1, 1, 1, 1, 1, 1, 1, 1, 1]
	362843	228204	273030	5	M	67	A		-1	1694.59177923	[1, 1, 1, 1, 1, 1, 1, 1, 1, 1, 1, 1]
	379623	228507	95361	5	M	63	A		-1	1695.79395522	[1, 1, 1, 1, 1, 1, 1, 1, 1, 1, 1, 1]
	365323	228246	237439	5	M	8	A		-1	1695.91601725	[1, 1, 1, 1, 1, 1, 1, 1, 1, 1, 1, 1]
	212947	143058	124036	4	M	160	A		-1	1695.97657795	[1, 1, 1, 1, 1, 1, 1, 1, 1, 1, 1, 1]
	363206	228204	158942	5	M	89	A		-1	1696.14615509	[1, 1, 1, 1, 1, 1, 1, 1, 1, 1, 1, 1]
	355141	228078	221882	5	M	161	A		-1	1696.85661604	[1, 1, 1, 1, 1, 1, 1, 1, 1, 1, 1, 1]
	322269	225654	220723	5	M	179	A		-1	1696.87750674	[1, 1, 1, 1, 1, 1, 1, 1, 1, 1, 1, 1]
	354594	228078	288255	5	M	61	A		-1	1696.92809694	[1, 1, 1, 1, 1, 0, 1, 1, 1, 1, 1, 1]
	386558	228752	139481	5	M	71	A		-1	1697.02075498	[1, 1, 1, 1, 1, 1, 1, 1, 1, 1, 1, 0]
	359091	228078	79149	5	M	11	A		-1	1697.5523184	[1, 1, 1, 1, 1, 1, 1, 1, 1, 1, 1, 1]
	394230	228911	251029	5	M	118	A		-1	1698.01076076	[1, 1, 1, 1, 1, 1, 1, 1, 1, 1, 1, 1]
	315261	225614	226933	5	M	95	A		-1	1698.24989149	[1, 1, 1, 1, 1, 1, 1, 1, 1, 1, 1, 1]
	391160	228911	245187	5	M	130	A		-1	1698.74775173	[1, 1, 1, 1, 1, 1, 1, 1, 1, 1, 1, 1]
	393075	228911	232431	5	M	45	A		-1	1699.33833163	[1, 1, 1, 1, 1, 1, 1, 1, 1, 1, 1, 1]
	309849	225375	255566	5	M	84	A		-1	1699.40875503	[1, 1, 1, 1, 1, 1, 1, 1, 1, 1, 1, 1]
	371596	228343	285207	5	M	186	A		-1	1700.39960512	[1, 1, 1, 1, 1, 1, 1, 1, 1, 1, 1, 1]
	355599	228078	223941	5	M	17	A		-1	1701.02501439	[1, 1, 1, 1, 1, 1, 1, 1, 1, 1, 1, 1]
	385059	228752	149446	5	M	145	A		-1	1701.49463228	[1, 1, 1, 1, 1, 1, 1, 1, 1, 1, 1, 0]
	382168	228507	248044	5	M	77	A		-1	1701.65906253	[1, 1, 1, 1, 1, 1, 1, 1, 1, 1, 1, 1]
	342526	226788	152196	5	M	45	A		-1	1702.00433657	[1, 1, 1, 1, 1, 1, 1, 1, 1, 1, 1, 1]
	326524	225719	267391	5	M	198	A		-1	1702.35235994	[1, 1, 1, 1, 1, 1, 1, 1, 1, 1, 1, 1]
	362222	228204	193004	5	M	155	A		-1	1702.59502246	[1, 1, 1, 1, 1, 1, 1, 1, 1, 1, 1, 1]
	340619	226788	234748	5	M	43	A		-1	1702.79628	[1, 1, 1, 1, 1, 1, 1, 1, 1, 1, 1, 1]
	355205	228078	220218	5	M	108	A		-1	1704.2233686	[1, 1, 1, 1, 1, 1, 1, 1, 1, 1, 1, 1]
	355067	228078	191214	5	M	153	A		-1	1704.55535368	[1, 1, 1, 1, 1, 1, 1, 1, 1, 1, 1, 1]
	316920	225614	128480	5	M	65	A		-1	1705.28145818	[1, 1, 1, 1, 1, 1, 1, 1, 1, 1, 1, 1]
	355565	228078	227310	5	M	96	A		-1	1705.44266105	[1, 1, 1, 1, 1, 1, 1, 1, 1, 1, 1, 1]
	313047	225375	269104	5	M	152	A		-1	1705.91592288	[1, 1, 1, 1, 1, 1, 1, 1, 1, 1, 1, 1]
	326491	225719	208570	5	M	59	A		-1	1707.63529829	[1, 1, 1, 1, 1, 1, 1, 1, 1, 1, 1, 1]
	279032	148219	159125	4	M	70	A		-1	1708.31500681	[1, 1, 1, 1, 1, 1, 1, 1, 1, 1, 1, 1]
	302762	228308	293222	5	M	47	A		-1	1708.97476842	[1, 1, 1, 1, 1, 1, 1, 1, 1, 1, 1, 0]
	384248	228507	230240	5	M	111	A		-1	1709.00296523	[1, 1, 1, 1, 1, 1, 1, 1, 1, 1, 1, 1]
	350077	227728	223207	5	M	53	A		-1	1709.58483867	[1, 1, 1, 1, 1, 1, 1, 1, 1, 1, 1, 1]
	358103	228078	143104	5	M	27	A		-1	1709.676237	[1, 1, 1, 1, 1, 1, 1, 1, 1, 1, 1, 1]
	357404	228078	200212	5	M	88	A		-1	1710.02742544	[1, 1, 1, 1, 1, 1, 1, 1, 1, 1, 1, 1]
	295203	294108	173853	5	M	92	A		-1	1710.07546256	[1, 1, 1, 1, 1, 1, 1, 1, 1, 1, 1, 0]
	375178	230214	205773	5	M	90	A		-1	1711.33053044	[1, 1, 1, 1, 1, 1, 1, 1, 1, 1, 1, 1]
	326891	225719	207589	5	M	116	A		-1	1711.46102072	[1, 1, 1, 1, 1, 1, 1, 1, 1, 1, 1, 1]
	354760	228078	150644	5	M	24	A		-1	1711.69503266	[1, 1, 1, 1, 1, 1, 1, 1, 1, 1, 1, 1]
	256972	147792	95271	4	M	152	A		-1	1712.34212173	[1, 1, 1, 1, 1, 1, 1, 1, 1, 1, 1, 1]
	355671	228078	289363	5	M	73	A		-1	1712.92913765	[1, 1, 1, 1, 1, 1, 1, 1, 1, 1, 1, 1]
	385180	228752	166369	5	M	117	A		-1	1713.57233215	[1, 1, 1, 1, 1, 1, 1, 1, 1, 1, 1, 0]
	313035	225375	284670	5	M	94	A		-1	1713.68356594	[1, 1, 1, 1, 1, 0, 1, 1, 1, 1, 1, 1]
	380741	228507	236464	5	M	54	A		-1	1715.00626918	[1, 1, 1, 1, 1, 1, 1, 1, 1, 1, 1, 1]
	328709	225719	82476	5	M	165	A		-1	1715.39851069	[1, 1, 1, 1, 1, 1, 1, 1, 1, 1, 1, 1]
	357504	228078	290947	5	M	108	A		-1	1715.66009639	[1, 1, 1, 1, 1, 1, 1, 1, 1, 1, 1, 1]
	349384	226877	203819	5	M	116	A		-1	1716.18882618	[1, 1, 1, 1, 1, 1, 1, 1, 1, 1, 1, 1]
	332363	226124	77270	5	M	97	A		-1	1717.77326254	[1, 1, 1, 1, 1, 1, 1, 1, 1, 1, 1, 1]
	358772	228078	129488	5	M	99	A		-1	1717.90682249	[1, 1, 1, 1, 1, 1, 1, 1, 1, 1, 1, 1]
	331939	226124	229382	5	M	189	A		-1	1719.9169042	[1, 1, 1, 1, 1, 1, 1, 1, 1, 1, 1, 1]
	356920	228078	248768	5	M	73	A		-1	1720.13911964	[1, 1, 1, 1, 1, 1, 1, 1, 1, 1, 1, 1]
	388015	228752	233115	5	M	122	A		-1	1720.21058573	[1, 1, 1, 1, 1, 1, 1, 1, 1, 1, 1, 1]
	355318	228078	136200	5	M	194	A		-1	1720.44056498	[1, 1, 1, 1, 1, 1, 1, 1, 1, 1, 1, 0]
	311320	225375	211220	5	M	13	A		-1	1720.61694222	[1, 1, 1, 1, 1, 1, 1, 1, 1, 1, 1, 1]
	328161	225719	172505	5	M	13	A		-1	1720.73908866	[1, 1, 1, 1, 1, 1, 1, 1, 1, 1, 1, 1]
	359053	228078	266919	5	M	43	A		-1	1720.82792509	[1, 1, 1, 1, 1, 1, 1, 1, 1, 1, 1, 1]
	296491	294108	144479	5	M	106	A		-1	1721.02658337	[1, 1, 1, 1, 1, 1, 1, 1, 1, 1, 1, 0]
	358368	228078	217281	5	M	50	A		-1	1721.63152876	[1, 1, 1, 1, 1, 1, 1, 1, 1, 1, 1, 1]
	310321	225375	254578	5	M	195	A		-1	1721.63913843	[1, 1, 1, 1, 1, 1, 1, 1, 1, 1, 1, 1]
	329334	225719	161139	5	M	141	A		-1	1722.98936914	[1, 1, 1, 1, 1, 1, 1, 1, 1, 1, 1, 1]
	355497	228078	149201	5	M	14	A		-1	1723.77903885	[1, 1, 1, 1, 1, 1, 1, 1, 1, 1, 1, 1]
	376941	230214	166360	5	M	163	A		-1	1723.7979274	[1, 1, 1, 1, 1, 1, 1, 1, 1, 1, 1, 1]
	371777	228343	206751	5	M	154	A		-1	1724.21622369	[1, 1, 1, 1, 1, 1, 1, 1, 1, 1, 1, 1]
	355007	228078	226470	5	M	56	A		-1	1724.24904977	[1, 1, 1, 1, 1, 1, 1, 1, 1, 1, 1, 1]
	348990	226877	246252	5	M	198	A		-1	1724.69708112	[1, 1, 1, 1, 1, 1, 1, 1, 1, 1, 1, 1]
	360944	228204	235567	5	M	160	A		-1	1724.87536661	[1, 1, 1, 1, 1, 1, 1, 1, 1, 1, 1, 1]
	333633	226124	208215	5	M	35	A		-1	1726.25318938	[1, 1, 1, 1, 1, 1, 1, 1, 1, 1, 1, 1]
	333315	226124	256305	5	M	61	A		-1	1726.3354094	[1, 1, 1, 1, 1, 1, 1, 1, 1, 1, 1, 1]
	380051	228507	127703	5	M	80	A		-1	1727.30688574	[1, 1, 1, 1, 1, 1, 1, 1, 1, 1, 1, 1]
	346931	226877	255076	5	M	41	A		-1	1727.75769099	[1, 1, 1, 1, 1, 1, 1, 1, 1, 1, 1, 1]
	359179	228078	234761	5	M	60	A		-1	1728.3238156	[1, 1, 1, 1, 1, 1, 1, 1, 1, 1, 1, 1]
	321473	225654	236602	5	M	108	A		-1	1728.97482615	[1, 1, 1, 1, 1, 1, 1, 1, 1, 1, 1, 1]
	320138	225654	243630	5	M	151	A		-1	1729.00094971	[1, 1, 1, 1, 1, 1, 1, 1, 1, 1, 1, 1]
	381572	228507	204251	5	M	176	A		-1	1729.48321879	[0, 1, 1, 1, 1, 0, 1, 1, 1, 1, 1, 0]
	355252	228078	243853	5	M	117	A		-1	1730.87832885	[1, 1, 1, 1, 1, 1, 1, 1, 1, 1, 1, 1]
	352565	227728	280899	5	M	105	A		-1	1731.0828961	[1, 1, 1, 1, 1, 1, 1, 1, 1, 1, 1, 1]
	354466	228078	159503	5	M	13	A		-1	1731.13713433	[1, 1, 1, 1, 1, 1, 1, 1, 1, 1, 1, 1]
	383069	228507	196447	5	M	133	A		-1	1731.26069465	[1, 1, 1, 1, 1, 1, 1, 1, 1, 1, 1, 1]
	326806	225719	270940	5	M	128	A		-1	1731.76716812	[1, 1, 1, 1, 1, 1, 1, 1, 1, 1, 1, 1]
	372427	228343	285730	5	M	152	A		-1	1732.08708136	[1, 1, 1, 1, 1, 1, 1, 1, 1, 1, 1, 1]
	311220	225375	210329	5	M	34	A		-1	1732.53711566	[1, 1, 1, 1, 1, 1, 1, 1, 1, 1, 1, 1]
	391993	228911	237162	5	M	25	A		-1	1732.59590725	[1, 1, 1, 1, 1, 1, 1, 1, 1, 1, 1, 1]
	348901	226877	267191	5	M	167	A		-1	1733.37994381	[1, 1, 1, 1, 1, 1, 1, 1, 1, 1, 1, 1]
	313297	225375	272973	5	M	153	A		-1	1733.81068855	[1, 1, 1, 1, 1, 1, 1, 1, 1, 1, 1, 1]
	318506	225614	216503	5	M	132	A		-1	1734.66001949	[1, 1, 1, 1, 1, 1, 1, 1, 1, 1, 1, 1]
	383570	228507	253203	5	M	175	A		-1	1736.65218113	[1, 1, 1, 1, 1, 1, 1, 1, 1, 1, 1, 1]
	373018	228343	246650	5	M	135	A		-1	1736.69575371	[1, 1, 1, 1, 1, 1, 1, 1, 1, 1, 1, 1]
	387582	228752	209194	5	M	179	A		-1	1737.51933793	[1, 1, 1, 1, 1, 1, 1, 1, 1, 1, 1, -1]
	388341	228752	217108	5	M	71	A		-1	1737.59633705	[1, 1, 1, 1, 1, 1, 1, 1, 1, 1, 1, 1]
	313099	225375	289192	5	M	57	A		-1	1738.35273697	[1, 1, 1, 1, 1, 1, 1, 1, 1, 1, 1, 1]
	361258	228204	152529	5	M	200	A		-1	1738.85224162	[1, 1, 1, 1, 1, 1, 1, 1, 1, 1, 1, 1]
	323105	225654	208579	5	M	59	A		-1	1739.06007728	[1, 1, 1, 0, 1, 1, 1, 1, 1, 1, 1, 1]
	300769	228308	152550	5	M	149	A		-1	1739.56010037	[1, 1, 1, 1, 1, 1, 1, 1, 1, 1, 1, 1]
	352356	227728	238433	5	M	88	A		-1	1739.7385136	[1, 1, 1, 0, 1, 1, 1, 1, 1, 1, 1, 1]
	386983	228752	267118	5	M	126	A		-1	1740.19712132	[1, 1, 1, 1, 1, 1, 1, 1, 1, 1, 1, 0]
	339335	226263	207948	5	M	65	A		-1	1743.12380356	[1, 1, 1, 1, 1, 1, 1, 1, 1, 1, 1, 1]
	354490	228078	132575	5	M	138	A		-1	1743.37896838	[1, 1, 1, 1, 1, 1, 1, 1, 1, 1, 1, 1]
	331416	226124	245692	5	M	62	A		-1	1744.68819757	[1, 1, 1, 1, 1, 1, 1, 1, 1, 1, 1, 1]
	327709	225719	252547	5	M	147	A		-1	1746.39776589	[1, 1, 1, 1, 1, 1, 1, 1, 1, 1, 1, 0]
	298778	294108	213830	5	M	49	A		-1	1746.60953883	[1, 1, 1, 1, 1, 1, 1, 1, 1, 1, 1, 0]
	337907	226263	275270	5	M	95	A		-1	1748.47252434	[1, 1, 1, 1, 1, 1, 1, 1, 1, 1, 1, 1]
	358770	228078	236633	5	M	137	A		-1	1749.41739388	[1, 1, 1, 1, 1, 1, 1, 1, 1, 1, 1, 1]
	356281	228078	256467	5	M	137	A		-1	1750.75850442	[1, 1, 1, 1, 1, 0, 1, 1, 1, 1, 1, 1]
	357156	228078	240526	5	M	183	A		-1	1751.13729254	[1, 1, 1, 1, 1, 1, 1, 1, 1, 1, 1, 1]
	355990	228078	226997	5	M	31	A		-1	1751.3156982	[1, 1, 1, 1, 1, 1, 1, 1, 1, 1, 1, 1]
	368871	228246	294012	5	M	186	A		-1	1752.09827667	[1, 1, 1, 1, 1, 1, 1, 1, 1, 1, 1, 1]
	303894	228308	287265	5	M	81	A		-1	1754.85912117	[1, 1, 1, 1, 1, 1, 1, 1, 1, 1, 1, 1]
	371078	228343	208096	5	M	24	A		-1	1754.93086854	[1, 1, 1, 1, 1, 1, 1, 1, 1, 1, 1, 1]
	389658	228911	269206	5	M	63	A		-1	1755.67444777	[1, 1, 1, 1, 1, 1, 1, 1, 1, 1, 1, 1]
	335562	226263	151102	5	M	7	A		-1	1757.23714091	[1, 1, 1, 1, 1, 1, 1, 1, 1, 1, 1, 1]
	355338	228078	216961	5	M	51	A		-1	1757.30328042	[1, 1, 1, 1, 1, 1, 1, 1, 1, 1, 1, 1]
	305263	224995	267807	5	M	188	A		-1	1757.37745848	[1, 1, 1, 1, 1, 1, 1, 1, 1, 1, 1, 1]
	255775	147792	132999	4	M	99	A		-1	1757.81262947	[1, 1, 1, 1, 1, 1, 1, 1, 1, 1, 1, 1]
	327663	225719	261343	5	M	186	A		-1	1759.19559052	[1, 1, 1, 1, 1, 1, 1, 1, 1, 1, 1, 1]
	385399	228752	215134	5	M	72	A		-1	1759.5021063	[1, 1, 1, 1, 1, 1, 1, 1, 1, 1, 1, 1]
	393001	228911	165152	5	M	176	A		-1	1759.87149385	[1, 1, 1, 1, 1, 1, 1, 1, 1, 1, 1, 1]
	382798	228507	147928	5	M	44	A		-1	1760.02494928	[1, 1, 1, 1, 1, 1, 1, 1, 1, 1, 1, 1]
	383986	228507	186794	5	M	83	A		-1	1760.33438861	[1, 1, 1, 1, 1, 1, 1, 1, 1, 1, 1, 1]
	378534	230214	151990	5	M	53	A		-1	1761.38786036	[1, 1, 1, 1, 1, 1, 1, 1, 1, 1, 1, 1]
	381802	228507	285824	5	M	129	A		-1	1768.96752919	[1, 1, 1, 1, 1, 1, 1, 1, 1, 1, 1, 1]
	311863	225375	276242	5	M	20	A		-1	1769.41749159	[1, 1, 1, 1, 1, 1, 1, 1, 1, 1, 1, 1]
	342205	226788	229926	5	M	117	A		-1	1771.04435825	[1, 1, 1, 1, 1, 1, 1, 1, 1, 1, 1, 1]
	380701	228507	80756	5	M	149	A		-1	1772.47557464	[1, 1, 1, 1, 1, 1, 1, 1, 1, 1, 1, 1]
	357178	228078	273789	5	M	144	A		-1	1772.85685457	[1, 1, 1, 1, 1, 1, 1, 1, 1, 1, 1, 1]
	359389	228078	92113	5	M	38	A		-1	1774.3442589	[1, 1, 1, 1, 1, 1, 1, 1, 1, 1, 1, 1]
	384405	228507	246772	5	M	161	A		-1	1774.43109215	[1, 1, 1, 1, 1, 1, 1, 1, 1, 1, 1, 1]
	355086	228078	194993	5	M	12	A		-1	1774.75380311	[1, 1, 1, 1, 1, 1, 1, 1, 1, 1, 1, 1]
	357644	228078	267810	5	M	139	A		-1	1776.87313178	[1, 1, 1, 1, 1, 1, 1, 1, 1, 1, 1, 1]
	355162	228078	250983	5	M	200	A		-1	1777.34309553	[1, 1, 1, 1, 1, 1, 1, 1, 1, 1, 1, 1]
	296666	294108	42672	5	M	125	A		-1	1778.51418676	[1, 1, 1, 1, 1, 1, 1, 1, 1, 1, 1, 0]
	355881	228078	263972	5	M	162	A		-1	1778.61975741	[1, 1, 1, 1, 1, 1, 1, 1, 1, 1, 1, 1]
	297374	294108	243251	5	M	129	A		-1	1781.66480916	[1, 1, 1, 1, 1, 1, 1, 1, 1, 1, 1, 0]
	372475	228343	125097	5	M	170	A		-1	1783.08145883	[1, 1, 1, 1, 1, 1, 1, 1, 1, 1, 1, 1]
	381338	228507	197997	5	M	68	A		-1	1783.41737676	[1, 1, 1, 1, 1, 1, 1, 1, 1, 1, 1, 1]
	314409	225375	211108	5	M	61	A		-1	1784.04194404	[1, 1, 1, 1, 1, 1, 1, 1, 1, 1, 1, 1]
	374127	228343	245382	5	M	150	A		-1	1785.86065169	[1, 1, 1, 1, 1, 1, 1, 1, 1, 1, 1, 1]
	299078	294108	217565	5	M	169	A		-1	1786.15913535	[1, 1, 1, 1, 1, 1, 1, 1, 1, 1, 1, 0]
	388913	228752	221605	5	M	60	A		-1	1788.70618918	[1, 1, 1, 1, 1, 1, 1, 1, 1, 1, 1, 0]
	390858	228911	135316	5	M	102	A		-1	1789.07244406	[1, 1, 1, 1, 1, 1, 1, 1, 1, 1, 1, 1]
	355882	228078	124812	5	M	161	A		-1	1789.11361775	[1, 1, 1, 1, 1, 1, 1, 1, 1, 1, 1, 1]
	298704	294108	77548	5	M	65	A		-1	1789.39138859	[1, 1, 1, 1, 1, 1, 1, 1, 1, 1, 1, 0]
	228078	143994	172967	4	M	189	A		-1	1791.44260804	[1, 1, 1, 1, 1, 1, 1, 1, 1, 1, 1, 1]
	332733	226124	237710	5	M	189	A		-1	1793.51048472	[1, 1, 1, 1, 1, 1, 1, 1, 1, 1, 1, 1]
	358293	228078	112981	5	M	124	A		-1	1793.6386392	[1, 1, 1, 0, 1, 1, 1, 1, 1, 1, 1, 1]
	357628	228078	210715	5	M	16	A		-1	1795.37454208	[1, 1, 1, 1, 1, 1, 1, 1, 1, 1, 1, 1]
	357996	228078	84384	5	M	2	A		-1	1801.77138491	[1, 1, 1, 1, 1, 1, 1, 1, 1, 1, 1, 1]
	336452	226263	272665	5	M	144	A		-1	1802.52553226	[1, 1, 1, 1, 1, 1, 1, 1, 1, 1, 1, 1]
	334631	226263	261497	5	M	97	A		-1	1804.06506802	[1, 1, 1, 1, 1, 1, 1, 1, 1, 1, 1, 1]
	236117	146429	101718	4	M	14	A		-1	1807.86834017	[1, 1, 1, 1, 1, 1, 1, 1, 1, 1, 1, 1]
	318316	225614	210274	5	M	194	A		-1	1808.21953988	[1, 1, 1, 1, 1, 1, 1, 1, 1, 1, 1, 1]
	329317	225719	267454	5	M	190	A		-1	1809.90700873	[1, 1, 1, 1, 1, 1, 1, 1, 1, 1, 1, 1]
	375694	230214	292859	5	M	194	A		-1	1812.4286196	[1, 1, 1, 1, 1, 1, 1, 1, 1, 1, 1, 1]
	359099	228078	129223	5	M	100	A		-1	1814.23769976	[1, 1, 1, 1, 1, 1, 1, 1, 1, 1, 1, 1]
	318980	225614	229262	5	M	149	A		-1	1814.50952977	[1, 1, 1, 0, 1, 1, 1, 1, 1, 1, 1, 1]
	294816	294108	208751	5	M	171	A		-1	1817.08316114	[1, 1, 1, 1, 1, 1, 1, 1, 1, 1, 1, 0]
	370760	228343	269662	5	M	21	A		-1	1819.00723335	[1, 1, 1, 1, 1, 1, 1, 1, 1, 1, 1, 1]
	323739	225654	101976	5	M	132	A		-1	1820.47600548	[1, 1, 1, 1, 1, 1, 1, 1, 1, 1, 1, 1]
	317749	225614	254682	5	M	73	A		-1	1820.89732132	[1, 1, 1, 1, 1, 1, 1, 1, 1, 1, 1, 1]
	353723	227728	116149	5	M	0	A		-1	1821.49765699	[1, 1, 1, 1, 1, 1, 1, 1, 1, 1, 1, 1]
	353017	227728	251648	5	M	86	A		-1	1824.22804666	[1, 1, 1, 1, 1, 1, 1, 1, 1, 1, 1, 1]
	355151	228078	289108	5	M	0	A		-1	1824.27625401	[1, 1, 1, 1, 1, 1, 1, 1, 1, 1, 1, 1]
	358382	228078	215137	5	M	177	A		-1	1826.430101	[1, 1, 1, 1, 1, 1, 1, 1, 1, 1, 1, 1]
	337568	226263	210669	5	M	20	A		-1	1828.03186528	[1, 1, 1, 0, 1, 1, 1, 1, 1, 1, 1, 1]
	381212	228507	211162	5	M	73	A		-1	1828.61310403	[1, 1, 1, 1, 1, 1, 1, 1, 1, 1, 1, 1]
	391477	228911	116979	5	M	149	A		-1	1830.14280512	[1, 1, 1, 1, 1, 1, 1, 1, 1, 1, 1, 1]
	326152	225719	209184	5	M	64	A		-1	1835.23241376	[1, 1, 1, 1, 1, 1, 1, 1, 1, 1, 1, 1]
	380319	228507	255175	5	M	160	A		-1	1835.96615582	[1, 1, 1, 1, 1, 1, 1, 1, 1, 1, 1, 1]
	380457	228507	224094	5	M	40	A		-1	1836.16319836	[1, 1, 1, 1, 1, 1, 1, 1, 1, 1, 1, 1]
	373847	228343	130002	5	M	56	A		-1	1837.72388799	[1, 1, 1, 1, 1, 1, 1, 1, 1, 1, 1, 1]
	337224	226263	254910	5	M	29	A		-1	1840.06647828	[1, 1, 1, 1, 1, 1, 1, 1, 1, 1, 1, 1]
	358556	228078	225897	5	M	23	A		-1	1842.52234239	[1, 1, 1, 1, 1, 1, 1, 1, 1, 1, 1, 1]
	371044	228343	233042	5	M	133	A		-1	1843.41707607	[1, 1, 1, 1, 1, 1, 1, 1, 1, 1, 1, 1]
	242666	146546	162871	4	M	138	A		-1	1844.13346959	[1, 1, 1, 1, 1, 1, 1, 1, 1, 1, 1, 1]
	354544	228078	220007	5	M	67	A		-1	1850.50831983	[1, 1, 1, 1, 1, 1, 1, 1, 1, 1, 1, 1]
	355773	228078	290199	5	M	200	A		-1	1854.96153299	[1, 1, 1, 1, 1, 1, 1, 1, 1, 1, 1, 1]
	356560	228078	213852	5	M	164	A		-1	1860.72551972	[1, 1, 1, 1, 1, 1, 1, 1, 1, 1, 1, 1]
	336651	226263	255379	5	M	110	A		-1	1861.33079649	[1, 1, 1, 1, 1, 1, 1, 1, 1, 1, 1, 1]
	355867	228078	243342	5	M	47	A		-1	1862.0551331	[1, 1, 1, 1, 1, 1, 1, 1, 1, 1, 1, 1]
	325551	225719	213079	5	M	142	A		-1	1862.68772143	[1, 1, 1, 1, 1, 1, 1, 1, 1, 1, 1, 1]
	358704	228078	277838	5	M	62	A		-1	1863.25901097	[1, 1, 1, 1, 1, 1, 1, 1, 1, 1, 1, 1]
	356012	228078	169480	5	M	175	A		-1	1863.90594478	[1, 1, 1, 1, 1, 1, 1, 1, 1, 1, 1, 1]
	354605	228078	293437	5	M	6	A		-1	1866.13767498	[1, 1, 1, 1, 1, 1, 1, 1, 1, 1, 1, 1]
	305254	224995	148343	5	M	49	A		-1	1870.08004428	[1, 1, 1, 0, 1, 1, 1, 1, 1, 1, 1, 1]
	358841	228078	263186	5	M	27	A		-1	1873.77841445	[1, 1, 1, 1, 1, 1, 1, 1, 1, 1, 1, 1]
	349740	227728	244079	5	M	165	A		-1	1881.17174865	[1, 1, 1, 1, 1, 1, 1, 1, 1, 1, 1, 1]
	356913	228078	251435	5	M	79	A		-1	1896.84293853	[1, 1, 1, 1, 1, 1, 1, 1, 1, 1, 1, 1]
	354560	228078	134921	5	M	90	A		-1	1903.89161747	[1, 1, 1, 1, 1, 1, 1, 1, 1, 1, 1, 1]
	354792	228078	279842	5	M	45	A		-1	1908.94865556	[1, 1, 1, 1, 1, 1, 1, 1, 1, 1, 1, 1]
	326685	225719	258793	5	M	169	A		-1	1909.51157819	[1, 1, 1, 1, 1, 1, 1, 1, 1, 1, 1, 1]
	385293	228752	279562	5	M	173	A		-1	1939.29541795	[1, 1, 1, 1, 1, 1, 1, 1, 1, 1, 1, 0]
	371840	228343	198302	5	M	196	A		-1	1949.00782862	[1, 1, 1, 1, 1, 1, 1, 1, 1, 1, 1, 1]
	357360	228078	248431	5	M	51	A		-1	1959.85428688	[1, 1, 1, 1, 1, 1, 1, 1, 1, 1, 1, 1]
	311021	225375	261220	5	M	175	A		-1	1970.90232054	[1, 1, 1, 1, 1, 1, 1, 1, 1, 1, 1, 1]
	325952	225719	215358	5	M	72	A		-1	2045.15550507	[1, 1, 1, 1, 1, 1, 1, 1, 1, 1, 1, 1]
	312843	225375	272401	5	M	185	A		-1	2049.30279197	[1, 1, 1, 1, 1, 1, 1, 1, 1, 1, 1, 1]
