animal	sire	dam	born	sex	herd	status	cause	died	TBV	recessives
	1662777	1525065	1521757	18	M	72	A		-1	4482.78881801	[1, 1, 1, 1, 1, 1, 1, 1, 1, 1, 1, 1]
	1601774	1525631	1419070	18	M	129	A		-1	4483.15368133	[1, 1, 1, 1, 1, 1, 1, 1, 1, 1, 1, 1]
	1510736	1418843	1352540	17	M	99	A		-1	4483.70330027	[1, 1, 1, 1, 1, 1, 1, 1, 1, 1, 1, 1]
	1623178	1523193	1250667	18	M	78	A		-1	4484.22088374	[1, 1, 1, 1, 1, 1, 1, 1, 1, 1, 1, 1]
	1693496	1526983	1475767	18	M	164	A		-1	4484.56730423	[1, 1, 1, 1, 1, 1, 1, 1, 1, 1, 1, 1]
	1627300	1523456	1581224	18	M	40	A		-1	4484.87456175	[1, 1, 1, 1, 1, 1, 1, 1, 1, 1, 1, 1]
	1616137	1523163	1530661	18	M	127	A		-1	4485.00496177	[1, 1, 1, 1, 1, 1, 1, 1, 1, 1, 1, 1]
	1597715	1594452	1569102	18	M	96	A		-1	4485.0301584	[1, 1, 1, 1, 1, 1, 1, 1, 1, 1, 1, 1]
	1680744	1526221	1503265	18	M	71	A		-1	4485.03824304	[1, 1, 1, 1, 1, 1, 1, 1, 1, 1, 1, 1]
	1620244	1523193	1567072	18	M	31	A		-1	4485.18197679	[1, 1, 1, 1, 1, 1, 1, 1, 1, 1, 1, 1]
	1620007	1523193	1488345	18	M	150	A		-1	4485.37893257	[1, 1, 1, 1, 1, 1, 1, 1, 1, 1, 1, 1]
	1648137	1524439	1513635	18	M	60	A		-1	4485.73874361	[1, 1, 1, 1, 1, 1, 1, 1, 1, 1, 1, 1]
	1625206	1523456	1584525	18	M	143	A		-1	4485.85001308	[1, 1, 1, 1, 1, 1, 1, 1, 1, 1, 1, 1]
	1665660	1525251	1576131	18	M	80	A		-1	4485.94531222	[1, 1, 1, 1, 1, 1, 1, 1, 1, 1, 1, 1]
	1689512	1526983	1512812	18	M	35	A		-1	4486.00605324	[1, 1, 1, 1, 1, 1, 1, 1, 1, 1, 1, 1]
	1663440	1525065	1518978	18	M	59	A		-1	4486.47458684	[1, 1, 1, 1, 1, 1, 1, 1, 1, 1, 1, 1]
	1620747	1523193	1534036	18	M	36	A		-1	4486.64321482	[1, 1, 1, 1, 1, 1, 1, 1, 1, 1, 1, 1]
	1673841	1526047	1535149	18	M	120	A		-1	4486.70585008	[1, 1, 1, 1, 1, 1, 1, 1, 1, 1, 1, 1]
	1603718	1525631	1414794	18	M	26	A		-1	4486.79549734	[1, 1, 1, 1, 1, 1, 1, 1, 1, 1, 1, 1]
	1660138	1525065	1566206	18	M	169	A		-1	4487.24564406	[1, 1, 1, 1, 1, 1, 1, 1, 1, 1, 1, 1]
	1638230	1523870	1552559	18	M	168	A		-1	4487.27309702	[1, 1, 1, 1, 1, 1, 1, 1, 1, 1, 1, 1]
	1601705	1525631	1568014	18	M	1	A		-1	4487.29613075	[1, 1, 1, 1, 1, 1, 1, 1, 1, 1, 1, 1]
	1532416	1419727	1469519	17	M	73	A		-1	4487.42166134	[1, 1, 1, 1, 1, 1, 1, 1, 1, 1, 1, 1]
	1611417	1523001	1514924	18	M	51	A		-1	4487.50898571	[1, 1, 1, 1, 1, 1, 1, 1, 1, 1, 1, 1]
	1663889	1525065	1552202	18	M	47	A		-1	4487.51962208	[1, 1, 1, 1, 1, 1, 1, 1, 1, 1, 1, 1]
	1599666	1525631	1576913	18	M	126	A		-1	4487.94683791	[1, 1, 1, 1, 1, 1, 1, 1, 1, 1, 1, 1]
	1669497	1526047	1424532	18	M	10	A		-1	4487.98850061	[1, 1, 1, 1, 1, 1, 1, 1, 1, 1, 1, 1]
	1691529	1526983	1514890	18	M	102	A		-1	4488.0242739	[1, 1, 1, 1, 1, 1, 1, 1, 1, 1, 1, 1]
	1596165	1594452	1511581	18	M	177	A		-1	4488.42227351	[1, 1, 1, 1, 1, 1, 1, 1, 1, 1, 1, 1]
	1612506	1523001	1504482	18	M	34	A		-1	4488.49880544	[1, 1, 1, 1, 1, 1, 1, 1, 1, 1, 1, 1]
	1639410	1523870	1481837	18	M	197	A		-1	4488.74235392	[1, 1, 1, 1, 1, 1, 1, 1, 1, 1, 1, 1]
	1602866	1525631	1541370	18	M	46	A		-1	4488.93882544	[1, 1, 1, 1, 1, 1, 1, 1, 1, 1, 1, 1]
	1612759	1523001	1574319	18	M	59	A		-1	4489.08809588	[1, 1, 1, 1, 1, 1, 1, 1, 1, 1, 1, 1]
	1647604	1524439	1447412	18	M	83	A		-1	4489.29376002	[1, 1, 1, 1, 1, 1, 1, 1, 1, 1, 1, 1]
	1669018	1525251	1512911	18	M	13	A		-1	4489.30255003	[1, 1, 1, 1, 1, 1, 1, 1, 1, 1, 1, 1]
	1629592	1523618	1474564	18	M	160	A		-1	4489.57471524	[1, 1, 1, 1, 1, 1, 1, 1, 1, 1, 1, 1]
	1660101	1525065	1449445	18	M	13	A		-1	4490.02125576	[1, 1, 1, 1, 1, 1, 1, 1, 1, 1, 1, 1]
	1566293	1420558	1456608	17	M	123	A		-1	4490.06972819	[1, 1, 1, 1, 1, 1, 1, 1, 1, 1, 1, 1]
	1645943	1524439	1537269	18	M	159	A		-1	4490.11999671	[1, 1, 1, 1, 1, 1, 1, 1, 1, 1, 1, 1]
	1597471	1594452	1456285	18	M	112	A		-1	4490.15703403	[1, 1, 1, 1, 1, 1, 1, 1, 1, 1, 1, 1]
	1673263	1526047	1574369	18	M	143	A		-1	4490.4051225	[1, 1, 1, 1, 1, 1, 1, 1, 1, 1, 1, 1]
	1660565	1525065	1575655	18	M	182	A		-1	4490.47454069	[1, 1, 1, 1, 1, 1, 1, 1, 1, 1, 1, 1]
	1601332	1525631	1445090	18	M	56	A		-1	4490.51876776	[1, 1, 1, 1, 1, 1, 1, 1, 1, 1, 1, 1]
	1598933	1594452	1427847	18	M	191	A		-1	4490.66423343	[1, 1, 1, 1, 1, 1, 1, 1, 1, 1, 1, 1]
	1680823	1526221	1503623	18	M	130	A		-1	4491.06887575	[1, 1, 1, 1, 1, 1, 1, 1, 1, 1, 1, 1]
	1692424	1526983	1593731	18	M	58	A		-1	4491.44392813	[1, 1, 1, 1, 1, 1, 1, 1, 1, 1, 1, 1]
	1659681	1525065	1392676	18	M	71	A		-1	4491.80760483	[1, 1, 1, 1, 1, 1, 1, 1, 1, 1, 1, 1]
	1688506	1526905	1518484	18	M	27	A		-1	4492.27385412	[1, 1, 1, 1, 1, 1, 1, 1, 1, 1, 1, 1]
	1611169	1523001	1425490	18	M	130	A		-1	4492.49120374	[1, 1, 1, 1, 1, 1, 1, 1, 1, 1, 1, 1]
	1619572	1523193	1515313	18	M	103	A		-1	4493.23003791	[1, 1, 1, 1, 1, 1, 1, 1, 1, 1, 1, 1]
	1649344	1524439	1531729	18	M	175	A		-1	4493.27336254	[1, 1, 1, 1, 1, 1, 1, 1, 1, 1, 1, 1]
	1553981	1420258	1494100	17	M	31	A		-1	4493.30632403	[1, 1, 1, 1, 1, 1, 1, 1, 1, 1, 1, 1]
	1604041	1525631	1584012	18	M	79	A		-1	4493.43607889	[1, 1, 1, 1, 1, 1, 1, 1, 1, 1, 1, 1]
	1690046	1526983	1458313	18	M	111	A		-1	4494.09165254	[1, 1, 1, 1, 1, 1, 1, 1, 1, 1, 1, 1]
	1595672	1594452	1585531	18	M	146	A		-1	4494.17543889	[1, 1, 1, 1, 1, 1, 1, 1, 1, 1, 1, 1]
	1622621	1523193	1506408	18	M	11	A		-1	4494.45267548	[1, 1, 1, 1, 1, 1, 1, 1, 1, 1, 1, 1]
	1669684	1526047	1514177	18	M	154	A		-1	4494.48038829	[1, 1, 1, 1, 1, 1, 1, 1, 1, 1, 1, 1]
	1635752	1523870	1518490	18	M	183	A		-1	4494.9906693	[1, 1, 1, 1, 1, 1, 1, 1, 1, 1, 1, 1]
	1643264	1524058	1498090	18	M	47	A		-1	4495.16485865	[1, 1, 1, 1, 1, 1, 1, 1, 1, 1, 1, 1]
	1661383	1525065	1511087	18	M	184	A		-1	4495.18446431	[1, 1, 1, 1, 1, 1, 1, 1, 1, 1, 1, 1]
	1563634	1420388	1447476	17	M	59	A		-1	4495.20146509	[1, 1, 1, 1, 1, 1, 1, 1, 1, 1, 1, 1]
	1623684	1523193	1546698	18	M	5	A		-1	4495.22922944	[1, 1, 1, 1, 1, 1, 1, 1, 1, 1, 1, 1]
	1680577	1526221	1522443	18	M	65	A		-1	4495.45673918	[1, 1, 1, 1, 1, 1, 1, 1, 1, 1, 1, 1]
	1649792	1524627	1576200	18	M	62	A		-1	4495.90119133	[1, 1, 1, 1, 1, 1, 1, 1, 1, 1, 1, 1]
	1644867	1524439	1471179	18	M	182	A		-1	4496.31072484	[1, 1, 1, 1, 1, 1, 1, 1, 1, 1, 1, 1]
	1599738	1525631	1516763	18	M	127	A		-1	4496.40858805	[1, 1, 1, 1, 1, 1, 1, 1, 1, 1, 1, 1]
	1644879	1524439	1581589	18	M	178	A		-1	4496.50758906	[1, 1, 1, 1, 1, 1, 1, 1, 1, 1, 1, 1]
	1661631	1525065	1567550	18	M	125	A		-1	4496.62894166	[1, 1, 1, 1, 1, 1, 1, 1, 1, 1, 1, 1]
	1643081	1524058	1562765	18	M	48	A		-1	4496.63480821	[1, 1, 1, 1, 1, 1, 1, 1, 1, 1, 1, 1]
	1642723	1524058	1564037	18	M	5	A		-1	4496.6912518	[1, 1, 1, 1, 1, 1, 1, 1, 1, 1, 1, 1]
	1679879	1526221	1438619	18	M	7	A		-1	4497.20743747	[1, 1, 1, 1, 1, 1, 1, 1, 1, 1, 1, 1]
	1564371	1420388	1448418	17	M	167	A		-1	4497.22552199	[1, 1, 1, 1, 1, 1, 1, 1, 1, 1, 1, 1]
	1538416	1419877	1474685	17	M	29	A		-1	4497.37103326	[1, 1, 1, 1, 1, 1, 1, 1, 1, 1, 1, 1]
	1659352	1524964	1576797	18	M	43	A		-1	4497.5903035	[1, 1, 1, 1, 1, 1, 1, 1, 1, 1, 1, 1]
	1614804	1523163	1521539	18	M	181	A		-1	4497.88598972	[1, 1, 1, 1, 1, 1, 1, 1, 1, 1, 1, 1]
	1625079	1523456	1482702	18	M	123	A		-1	4498.01213416	[1, 1, 1, 1, 1, 1, 1, 1, 1, 1, 1, 1]
	1690982	1526983	1517203	18	M	103	A		-1	4498.07723898	[1, 1, 1, 1, 1, 1, 1, 1, 1, 1, 1, 1]
	1429658	1315503	1322245	16	M	171	A		-1	4498.43338406	[1, 1, 1, 1, 1, 1, 1, 1, 1, 1, 1, 1]
	1601754	1525631	1439354	18	M	162	A		-1	4498.68814354	[1, 1, 1, 1, 1, 1, 1, 1, 1, 1, 1, 1]
	1666025	1525251	1546597	18	M	169	A		-1	4498.84547609	[1, 1, 1, 1, 1, 1, 1, 1, 1, 1, 1, 1]
	1609795	1523001	1586160	18	M	64	A		-1	4498.85542618	[1, 1, 1, 1, 1, 1, 1, 1, 1, 1, 1, 1]
	1646990	1524439	1563405	18	M	115	A		-1	4498.8675169	[1, 1, 1, 1, 1, 1, 1, 1, 1, 1, 1, 1]
	1690479	1526983	1541584	18	M	92	A		-1	4498.94817317	[1, 1, 1, 1, 1, 1, 1, 1, 1, 1, 1, 1]
	1651320	1524627	1586301	18	M	169	A		-1	4499.06003118	[1, 1, 1, 1, 1, 1, 1, 1, 1, 1, 1, 1]
	1626792	1523456	1403782	18	M	164	A		-1	4499.1424363	[1, 1, 1, 1, 1, 1, 1, 1, 1, 1, 1, 1]
	1635499	1523870	1576135	18	M	119	A		-1	4499.36443845	[1, 1, 1, 1, 1, 1, 1, 1, 1, 1, 1, 1]
	1653614	1524627	1477136	18	M	56	A		-1	4499.36872315	[1, 1, 1, 1, 1, 1, 1, 1, 1, 1, 1, 1]
	1626474	1523456	1437802	18	M	59	A		-1	4499.40452541	[1, 1, 1, 1, 1, 1, 1, 1, 1, 1, 1, 1]
	1570595	1420830	1438425	17	M	185	A		-1	4500.00687482	[1, 1, 1, 1, 1, 1, 1, 1, 1, 1, 1, 1]
	1646404	1524439	1540340	18	M	109	A		-1	4500.17907768	[1, 1, 1, 1, 1, 1, 1, 1, 1, 1, 1, 1]
	1662281	1525065	1560843	18	M	153	A		-1	4500.32620754	[1, 1, 1, 1, 1, 1, 1, 1, 1, 1, 1, 1]
	1603209	1525631	1583685	18	M	119	A		-1	4500.63866042	[1, 1, 1, 1, 1, 1, 1, 1, 1, 1, 1, 1]
	1600849	1525631	1584270	18	M	99	A		-1	4500.66675652	[1, 1, 1, 1, 1, 1, 1, 1, 1, 1, 1, 1]
	1612496	1523001	1560913	18	M	71	A		-1	4500.92497602	[1, 1, 1, 1, 1, 1, 1, 1, 1, 1, 1, 1]
	1690136	1526983	1520800	18	M	40	A		-1	4501.46356811	[1, 1, 1, 1, 1, 1, 1, 1, 1, 1, 1, 1]
	1645726	1524439	1414936	18	M	123	A		-1	4501.49399816	[1, 1, 1, 1, 1, 1, 1, 1, 1, 1, 1, 1]
	1692251	1526983	1536681	18	M	11	A		-1	4501.66620485	[1, 1, 1, 1, 1, 1, 1, 1, 1, 1, 1, 1]
	1651872	1524627	1566136	18	M	123	A		-1	4502.48657741	[1, 1, 1, 1, 1, 1, 1, 1, 1, 1, 1, 1]
	1601392	1525631	1539709	18	M	111	A		-1	4503.00812127	[1, 1, 1, 1, 1, 1, 1, 1, 1, 1, 1, 1]
	1681882	1526221	1568590	18	M	15	A		-1	4503.74135978	[1, 1, 1, 1, 1, 1, 1, 1, 1, 1, 1, 1]
	1667475	1525251	1539638	18	M	147	A		-1	4503.86198618	[1, 1, 1, 1, 1, 1, 1, 1, 1, 1, 1, 1]
	1536595	1419877	1488153	17	M	13	A		-1	4504.29382226	[1, 1, 1, 1, 1, 1, 1, 1, 1, 1, 1, 1]
	1606439	1522905	1567759	18	M	77	A		-1	4504.63627441	[1, 1, 1, 1, 1, 1, 1, 1, 1, 1, 1, 1]
	1654416	1524627	1425069	18	M	45	A		-1	4504.68753329	[1, 1, 1, 1, 1, 1, 1, 1, 1, 1, 1, 1]
	1654008	1524627	1506724	18	M	7	A		-1	4505.11784848	[1, 1, 1, 1, 1, 1, 1, 1, 1, 1, 1, 1]
	1692994	1526983	1347843	18	M	129	A		-1	4505.28126844	[1, 1, 1, 1, 1, 1, 1, 1, 1, 1, 1, 1]
	1499480	1420563	1455485	17	M	30	A		-1	4505.47548387	[1, 1, 1, 1, 1, 1, 1, 1, 1, 1, 1, 1]
	1652625	1524627	1516013	18	M	5	A		-1	4505.5697928	[1, 1, 1, 1, 1, 1, 1, 1, 1, 1, 1, 1]
	1545737	1420013	1410539	17	M	190	A		-1	4505.82527497	[1, 1, 1, 1, 1, 1, 1, 1, 1, 1, 1, 1]
	1667249	1525251	1557646	18	M	13	A		-1	4506.0015507	[1, 1, 1, 1, 1, 1, 1, 1, 1, 1, 1, 1]
	1662095	1525065	1559946	18	M	134	A		-1	4506.16815434	[1, 1, 1, 1, 1, 1, 1, 1, 1, 1, 1, 1]
	1624051	1523193	1477766	18	M	66	A		-1	4506.42693216	[1, 1, 1, 1, 1, 1, 1, 1, 1, 1, 1, 1]
	1596713	1594452	1549265	18	M	186	A		-1	4506.51715919	[1, 1, 1, 1, 1, 1, 1, 1, 1, 1, 1, 1]
	1625963	1523456	1440260	18	M	109	A		-1	4506.98851788	[1, 1, 1, 1, 1, 1, 1, 1, 1, 1, 1, 1]
	1631486	1523618	1572213	18	M	10	A		-1	4507.4231622	[1, 1, 1, 1, 1, 1, 1, 1, 1, 1, 1, 1]
	1691257	1526983	1557320	18	M	174	A		-1	4507.95986953	[1, 1, 1, 1, 1, 1, 1, 1, 1, 1, 1, 1]
	1606706	1522905	1557668	18	M	149	A		-1	4507.98586576	[1, 1, 1, 1, 1, 1, 1, 1, 1, 1, 1, 1]
	1635164	1523870	1566466	18	M	195	A		-1	4508.19640001	[1, 1, 1, 1, 1, 1, 1, 1, 1, 1, 1, 1]
	1652355	1524627	1541911	18	M	194	A		-1	4508.47002842	[1, 1, 1, 1, 1, 1, 1, 1, 1, 1, 1, 1]
	1650803	1524627	1570520	18	M	160	A		-1	4509.09414521	[1, 1, 1, 1, 1, 1, 1, 1, 1, 1, 1, 1]
	1682623	1526221	1538355	18	M	196	A		-1	4509.16582176	[1, 1, 1, 1, 1, 1, 1, 1, 1, 1, 1, 1]
	1671053	1526047	1564353	18	M	156	A		-1	4509.1807177	[1, 1, 1, 1, 1, 1, 1, 1, 1, 1, 1, 1]
	1623413	1523193	1498557	18	M	77	A		-1	4509.37009153	[1, 1, 1, 1, 1, 1, 1, 1, 1, 1, 1, 1]
	1660353	1525065	1573336	18	M	48	A		-1	4509.40574851	[1, 1, 1, 1, 1, 1, 1, 1, 1, 1, 1, 1]
	1601155	1525631	1563321	18	M	49	A		-1	4509.57890793	[1, 1, 1, 1, 1, 1, 1, 1, 1, 1, 1, 1]
	1598556	1594452	1592408	18	M	29	A		-1	4509.67812038	[1, 1, 1, 1, 1, 1, 1, 1, 1, 1, 1, 1]
	1636926	1523870	1554274	18	M	167	A		-1	4509.69916279	[1, 1, 1, 1, 1, 1, 1, 1, 1, 1, 1, 1]
	1603585	1525631	1511517	18	M	66	A		-1	4509.73547286	[1, 1, 1, 1, 1, 1, 1, 1, 1, 1, 1, 1]
	1643294	1524058	1305692	18	M	127	A		-1	4509.8691035	[1, 1, 1, 1, 1, 1, 1, 1, 1, 1, 1, 1]
	1626667	1523456	1546428	18	M	20	A		-1	4509.92495959	[1, 1, 1, 1, 1, 1, 1, 1, 1, 1, 1, 1]
	1665934	1525251	1527794	18	M	149	A		-1	4510.25422668	[1, 1, 1, 1, 1, 1, 1, 1, 1, 1, 1, 1]
	1596828	1594452	1528668	18	M	111	A		-1	4510.52984448	[1, 1, 1, 1, 1, 1, 1, 1, 1, 1, 1, 1]
	1602473	1525631	1543795	18	M	182	A		-1	4510.53948593	[1, 1, 1, 1, 1, 1, 1, 1, 1, 1, 1, 1]
	1665469	1525251	1499623	18	M	22	A		-1	4510.67627672	[1, 1, 1, 1, 1, 1, 1, 1, 1, 1, 1, 1]
	1635729	1523870	1399227	18	M	181	A		-1	4510.89911124	[1, 1, 1, 1, 1, 1, 1, 1, 1, 1, 1, 1]
	1674384	1526047	1527097	18	M	200	A		-1	4510.94764058	[1, 1, 1, 1, 1, 1, 1, 1, 1, 1, 1, 1]
	1650432	1524627	1531241	18	M	1	A		-1	4511.06691629	[1, 1, 1, 1, 1, 1, 1, 1, 1, 1, 1, 1]
	1621183	1523193	1507671	18	M	146	A		-1	4511.08474109	[1, 1, 1, 1, 1, 1, 1, 1, 1, 1, 1, 1]
	1599483	1525631	1581639	18	M	187	A		-1	4511.10305409	[1, 1, 1, 1, 1, 1, 1, 1, 1, 1, 1, 1]
	1525065	1419579	1477727	17	M	89	A		-1	4511.61927993	[1, 1, 1, 1, 1, 1, 1, 1, 1, 1, 1, 1]
	1620709	1523193	1567807	18	M	51	A		-1	4511.94406995	[1, 1, 1, 1, 1, 1, 1, 1, 1, 1, 1, 1]
	1613042	1523001	1563173	18	M	97	A		-1	4511.96062859	[1, 1, 1, 1, 1, 1, 1, 1, 1, 1, 1, 1]
	1662998	1525065	1523638	18	M	99	A		-1	4512.26508178	[1, 1, 1, 1, 1, 1, 1, 1, 1, 1, 1, 1]
	1619574	1523193	1523472	18	M	160	A		-1	4512.37154674	[1, 1, 1, 1, 1, 1, 1, 1, 1, 1, 1, 1]
	1644586	1524439	1522918	18	M	98	A		-1	4512.53768415	[1, 1, 1, 1, 1, 1, 1, 1, 1, 1, 1, 1]
	1612936	1523001	1532939	18	M	134	A		-1	4512.66468262	[1, 1, 1, 1, 1, 1, 1, 1, 1, 1, 1, 1]
	1684750	1526905	1476652	18	M	155	A		-1	4512.8846508	[1, 1, 1, 1, 1, 1, 1, 1, 1, 1, 1, 1]
	1639495	1524058	1538812	18	M	185	A		-1	4513.06861463	[1, 1, 1, 1, 1, 1, 1, 1, 1, 1, 1, 1]
	1692089	1526983	1397136	18	M	153	A		-1	4513.97135782	[1, 1, 1, 1, 1, 1, 1, 1, 1, 1, 1, 1]
	1650588	1524627	1517895	18	M	97	A		-1	4515.48379496	[1, 1, 1, 1, 1, 1, 1, 1, 1, 1, 1, 1]
	1599643	1525631	1546242	18	M	16	A		-1	4515.54337845	[1, 1, 1, 1, 1, 1, 1, 1, 1, 1, 1, 1]
	1688689	1526905	1497385	18	M	179	A		-1	4515.82076928	[1, 1, 1, 1, 1, 1, 1, 1, 1, 1, 1, 1]
	1610630	1523001	1530737	18	M	66	A		-1	4516.16040071	[1, 1, 1, 1, 1, 1, 1, 1, 1, 1, 1, 1]
	1628986	1523456	1433893	18	M	8	A		-1	4516.35770572	[1, 1, 1, 1, 1, 1, 1, 1, 1, 1, 1, 1]
	1662660	1525065	1537093	18	M	172	A		-1	4516.36736898	[1, 1, 1, 1, 1, 1, 1, 1, 1, 1, 1, 1]
	1623346	1523193	1557365	18	M	153	A		-1	4516.4716628	[1, 1, 1, 1, 1, 1, 1, 1, 1, 1, 1, 1]
	1691230	1526983	1499893	18	M	98	A		-1	4516.9769805	[1, 1, 1, 1, 1, 1, 1, 1, 1, 1, 1, 1]
	1630764	1523618	1541116	18	M	53	A		-1	4516.99750254	[1, 1, 1, 1, 1, 1, 1, 1, 1, 1, 1, 1]
	1616498	1523163	1577632	18	M	55	A		-1	4517.04180051	[1, 1, 1, 1, 1, 1, 1, 1, 1, 1, 1, 1]
	1535602	1419877	1478343	17	M	164	A		-1	4517.15855476	[1, 1, 1, 1, 1, 1, 1, 1, 1, 1, 1, 1]
	1666697	1525251	1527523	18	M	18	A		-1	4517.59237307	[1, 1, 1, 1, 1, 1, 1, 1, 1, 1, 1, 1]
	1613111	1523001	1458818	18	M	26	A		-1	4517.67680879	[1, 1, 1, 1, 1, 1, 1, 1, 1, 1, 1, 1]
	1640716	1524058	1552330	18	M	134	A		-1	4517.89142159	[1, 1, 1, 1, 1, 1, 1, 1, 1, 1, 1, 1]
	1682527	1526221	1425022	18	M	74	A		-1	4518.00232358	[1, 1, 1, 1, 1, 1, 1, 1, 1, 1, 1, 1]
	1645503	1524439	1568489	18	M	119	A		-1	4518.52957444	[1, 1, 1, 1, 1, 1, 1, 1, 1, 1, 1, 1]
	1601570	1525631	1495240	18	M	60	A		-1	4518.83820867	[1, 1, 1, 1, 1, 1, 1, 1, 1, 1, 1, 1]
	1659275	1524964	1316764	18	M	62	A		-1	4519.11967303	[1, 1, 1, 1, 1, 1, 1, 1, 1, 1, 1, 1]
	1664916	1525251	1548663	18	M	143	A		-1	4519.19348725	[1, 1, 1, 1, 1, 1, 1, 1, 1, 1, 1, 1]
	1670591	1526047	1531132	18	M	12	A		-1	4519.21351651	[1, 1, 1, 1, 1, 1, 1, 1, 1, 1, 1, 1]
	1652908	1524627	1585015	18	M	126	A		-1	4519.71615587	[1, 1, 1, 1, 1, 1, 1, 1, 1, 1, 1, 1]
	1691967	1526983	1588167	18	M	51	A		-1	4519.99520094	[1, 1, 1, 1, 1, 1, 1, 1, 1, 1, 1, 1]
	1616970	1523163	1507419	18	M	185	A		-1	4520.04720486	[1, 1, 1, 1, 1, 1, 1, 1, 1, 1, 1, 1]
	1668272	1525251	1477737	18	M	67	A		-1	4520.30429836	[1, 1, 1, 1, 1, 1, 1, 1, 1, 1, 1, 1]
	1511251	1418843	1431234	17	M	72	A		-1	4520.4136154	[1, 1, 1, 1, 1, 1, 1, 1, 1, 1, 1, 1]
	1669228	1525251	1551397	18	M	160	A		-1	4520.71509533	[1, 1, 1, 1, 1, 1, 1, 1, 1, 1, 1, 1]
	1622257	1523193	1526189	18	M	138	A		-1	4521.07624463	[1, 1, 1, 1, 1, 1, 1, 1, 1, 1, 1, 1]
	1604977	1522905	1583701	18	M	20	A		-1	4521.12684303	[1, 1, 1, 1, 1, 1, 1, 1, 1, 1, 1, 1]
	1662381	1525065	1553179	18	M	81	A		-1	4521.4057333	[1, 1, 1, 1, 1, 1, 1, 1, 1, 1, 1, 1]
	1562262	1420388	1455841	17	M	126	A		-1	4521.87215705	[1, 1, 1, 1, 1, 1, 1, 1, 1, 1, 1, 1]
	1690761	1526983	1525638	18	M	141	A		-1	4522.94015973	[1, 1, 1, 1, 1, 1, 1, 1, 1, 1, 1, 1]
	1659990	1525065	1527078	18	M	177	A		-1	4523.81777425	[1, 1, 1, 1, 1, 1, 1, 1, 1, 1, 1, 1]
	1676703	1529965	1544610	18	M	82	A		-1	4524.46485254	[1, 1, 1, 1, 1, 1, 1, 1, 1, 1, 1, 1]
	1682007	1526221	1557487	18	M	19	A		-1	4525.11617928	[1, 1, 1, 1, 1, 1, 1, 1, 1, 1, 1, 1]
	1676922	1529965	1496189	18	M	134	A		-1	4526.34685487	[1, 1, 1, 1, 1, 1, 1, 1, 1, 1, 1, 1]
	1545747	1420013	1483273	17	M	60	A		-1	4526.4902557	[1, 1, 1, 1, 1, 1, 1, 1, 1, 1, 1, 1]
	1651863	1524627	1538792	18	M	159	A		-1	4526.57832955	[1, 1, 1, 1, 1, 1, 1, 1, 1, 1, 1, 1]
	1675455	1529965	1474354	18	M	194	A		-1	4526.84213757	[1, 1, 1, 1, 1, 1, 1, 1, 1, 1, 1, 1]
	1661019	1525065	1544533	18	M	120	A		-1	4526.97043805	[1, 1, 1, 1, 1, 1, 1, 1, 1, 1, 1, 1]
	1692194	1526983	1571439	18	M	127	A		-1	4527.15859356	[1, 1, 1, 1, 1, 1, 1, 1, 1, 1, 1, 1]
	1634626	1523870	1563791	18	M	30	A		-1	4527.2795731	[1, 1, 1, 1, 1, 1, 1, 1, 1, 1, 1, 1]
	1673091	1526047	1501545	18	M	173	A		-1	4527.37505543	[1, 1, 1, 1, 1, 1, 1, 1, 1, 1, 1, 1]
	1678974	1529965	1568195	18	M	186	A		-1	4527.51042764	[1, 1, 1, 1, 1, 1, 1, 1, 1, 1, 1, 1]
	1668323	1525251	1525807	18	M	42	A		-1	4527.86360003	[1, 1, 1, 1, 1, 1, 1, 1, 1, 1, 1, 1]
	1664688	1525251	1318255	18	M	176	A		-1	4528.21126112	[1, 1, 1, 1, 1, 1, 1, 1, 1, 1, 1, 1]
	1604401	1525631	1530319	18	M	100	A		-1	4528.34670895	[1, 1, 1, 1, 1, 1, 1, 1, 1, 1, 1, 1]
	1603421	1525631	1511674	18	M	54	A		-1	4528.47945216	[1, 1, 1, 1, 1, 1, 1, 1, 1, 1, 1, 1]
	1599718	1525631	1578780	18	M	108	A		-1	4528.50478722	[1, 1, 1, 1, 1, 1, 1, 1, 1, 1, 1, 1]
	1664854	1525251	1309446	18	M	103	A		-1	4528.50659967	[1, 1, 1, 1, 1, 1, 1, 1, 1, 1, 1, 1]
	1613239	1523001	1531443	18	M	54	A		-1	4528.57318561	[1, 1, 1, 1, 1, 1, 1, 1, 1, 1, 1, 1]
	1629972	1523618	1488255	18	M	48	A		-1	4528.66537193	[1, 1, 1, 1, 1, 1, 1, 1, 1, 1, 1, 1]
	1665013	1525251	1592680	18	M	80	A		-1	4528.99259339	[1, 1, 1, 1, 1, 1, 1, 1, 1, 1, 1, 1]
	1610158	1523001	1501370	18	M	169	A		-1	4529.07727378	[1, 1, 1, 1, 1, 1, 1, 1, 1, 1, 1, 1]
	1601171	1525631	1532436	18	M	170	A		-1	4529.26289779	[1, 1, 1, 1, 1, 1, 1, 1, 1, 1, 1, 1]
	1603171	1525631	1263685	18	M	31	A		-1	4529.27293027	[1, 1, 1, 1, 1, 1, 1, 1, 1, 1, 1, 1]
	1597023	1594452	1545281	18	M	29	A		-1	4529.90590514	[1, 1, 1, 1, 1, 1, 1, 1, 1, 1, 1, 1]
	1666343	1525251	1495576	18	M	168	A		-1	4530.18925584	[1, 1, 1, 1, 1, 1, 1, 1, 1, 1, 1, 1]
	1693161	1526983	1438893	18	M	104	A		-1	4530.32139836	[1, 1, 1, 1, 1, 1, 1, 1, 1, 1, 1, 1]
	1675482	1529965	1566289	18	M	69	A		-1	4530.57755763	[1, 1, 1, 1, 1, 1, 1, 1, 1, 1, 1, 1]
	1613431	1523001	1593652	18	M	20	A		-1	4531.12244278	[1, 1, 1, 1, 1, 1, 1, 1, 1, 1, 1, 1]
	1602826	1525631	1452020	18	M	37	A		-1	4531.35291007	[1, 1, 1, 1, 1, 1, 1, 1, 1, 1, 1, 1]
	1563808	1420388	1467709	17	M	187	A		-1	4531.39108023	[1, 1, 1, 1, 1, 1, 1, 1, 1, 1, 1, 1]
	1626823	1523456	1523656	18	M	107	A		-1	4531.99153507	[1, 1, 1, 1, 1, 1, 1, 1, 1, 1, 1, 1]
	1610047	1523001	1565144	18	M	95	A		-1	4532.71164639	[1, 1, 1, 1, 1, 1, 1, 1, 1, 1, 1, 1]
	1529552	1419727	1405281	17	M	113	A		-1	4532.93187537	[1, 1, 1, 1, 1, 1, 1, 1, 1, 1, 1, 1]
	1663936	1525065	1590590	18	M	80	A		-1	4532.98937847	[1, 1, 1, 1, 1, 1, 1, 1, 1, 1, 1, 1]
	1608218	1522905	1514389	18	M	106	A		-1	4533.31746046	[1, 1, 1, 1, 1, 1, 1, 1, 1, 1, 1, 1]
	1592517	1421163	1417296	17	M	190	A		-1	4533.32490763	[1, 1, 1, 1, 1, 1, 1, 1, 1, 1, 1, 1]
	1655226	1524964	1593048	18	M	50	A		-1	4533.50282374	[1, 1, 1, 1, 1, 1, 1, 1, 1, 1, 1, 1]
	1637405	1523870	1528093	18	M	84	A		-1	4533.77818212	[1, 1, 1, 1, 1, 1, 1, 1, 1, 1, 1, 1]
	1684256	1526221	1519141	18	M	19	A		-1	4533.92798218	[1, 1, 1, 1, 1, 1, 1, 1, 1, 1, 1, 1]
	1689421	1526905	1513841	18	M	20	A		-1	4534.35759678	[1, 1, 1, 1, 1, 1, 1, 1, 1, 1, 1, 1]
	1663507	1525065	1473304	18	M	35	A		-1	4535.31250067	[1, 1, 1, 1, 1, 1, 1, 1, 1, 1, 1, 1]
	1599589	1525631	1555476	18	M	0	A		-1	4535.56312429	[1, 1, 1, 1, 1, 1, 1, 1, 1, 1, 1, 1]
	1604351	1525631	1570138	18	M	23	A		-1	4535.80725645	[1, 1, 1, 1, 1, 1, 1, 1, 1, 1, 1, 1]
	1599477	1525631	1501751	18	M	133	A		-1	4535.8091191	[1, 1, 1, 1, 1, 1, 1, 1, 1, 1, 1, 1]
	1618252	1523163	1446043	18	M	154	A		-1	4536.12901687	[1, 1, 1, 1, 1, 1, 1, 1, 1, 1, 1, 1]
	1595968	1594452	1425178	18	M	116	A		-1	4536.76409815	[1, 1, 1, 1, 1, 1, 1, 1, 1, 1, 1, 1]
	1692395	1526983	1555775	18	M	104	A		-1	4537.31537934	[1, 1, 1, 1, 1, 1, 1, 1, 1, 1, 1, 1]
	1684920	1526905	1516040	18	M	24	A		-1	4537.62706428	[1, 1, 1, 1, 1, 1, 1, 1, 1, 1, 1, 1]
	1658968	1524964	1526799	18	M	183	A		-1	4537.74940383	[1, 1, 1, 1, 1, 1, 1, 1, 1, 1, 1, 1]
	1629302	1523456	1511317	18	M	22	A		-1	4537.88704572	[1, 1, 1, 1, 1, 1, 1, 1, 1, 1, 1, 1]
	1661660	1525065	1582618	18	M	175	A		-1	4537.90358782	[1, 1, 1, 1, 1, 1, 1, 1, 1, 1, 1, 1]
	1676821	1529965	1583089	18	M	80	A		-1	4537.95404245	[1, 1, 1, 1, 1, 1, 1, 1, 1, 1, 1, 1]
	1690495	1526983	1516770	18	M	181	A		-1	4539.07221793	[1, 1, 1, 1, 1, 1, 1, 1, 1, 1, 1, 1]
	1645872	1524439	1539988	18	M	93	A		-1	4539.07485662	[1, 1, 1, 1, 1, 1, 1, 1, 1, 1, 1, 1]
	1547026	1420013	1443769	17	M	85	A		-1	4539.1493437	[1, 1, 1, 1, 1, 1, 1, 1, 1, 1, 1, 1]
	1641555	1524058	1224945	18	M	101	A		-1	4539.25232839	[1, 1, 1, 1, 1, 1, 1, 1, 1, 1, 1, 1]
	1689320	1526905	1459655	18	M	64	A		-1	4539.40021892	[1, 1, 1, 1, 1, 1, 1, 1, 1, 1, 1, 1]
	1626197	1523456	1545525	18	M	153	A		-1	4539.85072149	[1, 1, 1, 1, 1, 1, 1, 1, 1, 1, 1, 1]
	1622765	1523193	1531400	18	M	167	A		-1	4539.8827623	[1, 1, 1, 1, 1, 1, 1, 1, 1, 1, 1, 1]
	1661565	1525065	1300185	18	M	126	A		-1	4539.93012276	[1, 1, 1, 1, 1, 1, 1, 1, 1, 1, 1, 1]
	1651724	1524627	1495026	18	M	115	A		-1	4540.22968652	[1, 1, 1, 1, 1, 1, 1, 1, 1, 1, 1, 1]
	1665447	1525251	1552215	18	M	24	A		-1	4541.09673129	[1, 1, 1, 1, 1, 1, 1, 1, 1, 1, 1, 1]
	1637333	1523870	1522603	18	M	51	A		-1	4541.47542622	[1, 1, 1, 1, 1, 1, 1, 1, 1, 1, 1, 1]
	1596595	1594452	1576161	18	M	94	A		-1	4541.81255338	[1, 1, 1, 1, 1, 1, 1, 1, 1, 1, 1, 1]
	1593028	1421163	1439339	17	M	190	A		-1	4542.25522226	[1, 1, 1, 1, 1, 1, 1, 1, 1, 1, 1, 1]
	1652648	1524627	1516117	18	M	28	A		-1	4542.76890305	[1, 1, 1, 1, 1, 1, 1, 1, 1, 1, 1, 1]
	1602440	1525631	1591739	18	M	124	A		-1	4542.86846831	[1, 1, 1, 1, 1, 1, 1, 1, 1, 1, 1, 1]
	1612619	1523001	1479229	18	M	101	A		-1	4542.92654775	[1, 1, 1, 1, 1, 1, 1, 1, 1, 1, 1, 1]
	1663471	1525065	1571521	18	M	146	A		-1	4543.53200667	[1, 1, 1, 1, 1, 1, 1, 1, 1, 1, 1, 1]
	1630180	1523618	1481076	18	M	134	A		-1	4543.815868	[1, 1, 1, 1, 1, 1, 1, 1, 1, 1, 1, 1]
	1669439	1525251	1496205	18	M	178	A		-1	4544.0449264	[1, 1, 1, 1, 1, 1, 1, 1, 1, 1, 1, 1]
	1660751	1525065	1540061	18	M	136	A		-1	4544.05966115	[1, 1, 1, 1, 1, 1, 1, 1, 1, 1, 1, 1]
	1604410	1525631	1522300	18	M	24	A		-1	4544.15626587	[1, 1, 1, 1, 1, 1, 1, 1, 1, 1, 1, 1]
	1666149	1525251	1589889	18	M	178	A		-1	4544.47530199	[1, 1, 1, 1, 1, 1, 1, 1, 1, 1, 1, 1]
	1548654	1420013	1436899	17	M	115	A		-1	4545.36346802	[1, 1, 1, 1, 1, 1, 1, 1, 1, 1, 1, 1]
	1594650	1594452	1537162	18	M	124	A		-1	4546.13620481	[1, 1, 1, 1, 1, 1, 1, 1, 1, 1, 1, 1]
	1646187	1524439	1587345	18	M	130	A		-1	4546.2976923	[1, 1, 1, 1, 1, 1, 1, 1, 1, 1, 1, 1]
	1686162	1526905	1592524	18	M	161	A		-1	4546.84856789	[1, 1, 1, 1, 1, 1, 1, 1, 1, 1, 1, 1]
	1659787	1525065	1488527	18	M	150	A		-1	4546.85833745	[1, 1, 1, 1, 1, 1, 1, 1, 1, 1, 1, 1]
	1625211	1523456	1513089	18	M	108	A		-1	4546.95668992	[1, 1, 1, 1, 1, 1, 1, 1, 1, 1, 1, 1]
	1632146	1523618	1518239	18	M	139	A		-1	4546.98952723	[1, 1, 1, 1, 1, 1, 1, 1, 1, 1, 1, 1]
	1679872	1526221	1509322	18	M	132	A		-1	4547.13967986	[1, 1, 1, 1, 1, 1, 1, 1, 1, 1, 1, 1]
	1646846	1524439	1495477	18	M	16	A		-1	4547.66432556	[1, 1, 1, 1, 1, 1, 1, 1, 1, 1, 1, 1]
	1631186	1523618	1548851	18	M	191	A		-1	4548.45199349	[1, 1, 1, 1, 1, 1, 1, 1, 1, 1, 1, 1]
	1664943	1525251	1565071	18	M	97	A		-1	4548.88490676	[1, 1, 1, 1, 1, 1, 1, 1, 1, 1, 1, 1]
	1686770	1526905	1575320	18	M	134	A		-1	4548.88699423	[1, 1, 1, 1, 1, 1, 1, 1, 1, 1, 1, 1]
	1601297	1525631	1398891	18	M	29	A		-1	4549.22192346	[1, 1, 1, 1, 1, 1, 1, 1, 1, 1, 1, 1]
	1637508	1523870	1574526	18	M	76	A		-1	4549.28970525	[1, 1, 1, 1, 1, 1, 1, 1, 1, 1, 1, 1]
	1647538	1524439	1557810	18	M	50	A		-1	4549.54559615	[1, 1, 1, 1, 1, 1, 1, 1, 1, 1, 1, 1]
	1651520	1524627	1548573	18	M	100	A		-1	4549.57801908	[1, 1, 1, 1, 1, 1, 1, 1, 1, 1, 1, 1]
	1665705	1525251	1591843	18	M	188	A		-1	4549.70982716	[1, 1, 1, 1, 1, 1, 1, 1, 1, 1, 1, 1]
	1685217	1526905	1552460	18	M	83	A		-1	4549.82580221	[1, 1, 1, 1, 1, 1, 1, 1, 1, 1, 1, 1]
	1602799	1525631	1465707	18	M	54	A		-1	4550.44153735	[1, 1, 1, 1, 1, 1, 1, 1, 1, 1, 1, 1]
	1601302	1525631	1489083	18	M	175	A		-1	4551.63069314	[1, 1, 1, 1, 1, 1, 1, 1, 1, 1, 1, 1]
	1666963	1525251	1590789	18	M	29	A		-1	4552.15627385	[1, 1, 1, 1, 1, 1, 1, 1, 1, 1, 1, 1]
	1600889	1525631	1565944	18	M	87	A		-1	4552.38038696	[1, 1, 1, 1, 1, 1, 1, 1, 1, 1, 1, 1]
	1604174	1525631	1546551	18	M	100	A		-1	4552.54136643	[1, 1, 1, 1, 1, 1, 1, 1, 1, 1, 1, 1]
	1595144	1594452	1578031	18	M	80	A		-1	4552.57809267	[1, 1, 1, 1, 1, 1, 1, 1, 1, 1, 1, 1]
	1660522	1525065	1409179	18	M	49	A		-1	4553.50752696	[1, 1, 1, 1, 1, 1, 1, 1, 1, 1, 1, 1]
	1638109	1523870	1437701	18	M	164	A		-1	4553.55078676	[1, 1, 1, 1, 1, 1, 1, 1, 1, 1, 1, 1]
	1660397	1525065	1563176	18	M	138	A		-1	4554.55066288	[1, 1, 1, 1, 1, 1, 1, 1, 1, 1, 1, 1]
	1690247	1526983	1515808	18	M	13	A		-1	4555.79092596	[1, 1, 1, 1, 1, 1, 1, 1, 1, 1, 1, 1]
	1673679	1526047	1515706	18	M	45	A		-1	4555.92368523	[1, 1, 1, 1, 1, 1, 1, 1, 1, 1, 1, 1]
	1598316	1594452	1580427	18	M	121	A		-1	4556.38353225	[1, 1, 1, 1, 1, 1, 1, 1, 1, 1, 1, 1]
	1621780	1523193	1457280	18	M	149	A		-1	4557.12585894	[1, 1, 1, 1, 1, 1, 1, 1, 1, 1, 1, 1]
	1674302	1526047	1530321	18	M	48	A		-1	4557.19929706	[1, 1, 1, 1, 1, 1, 1, 1, 1, 1, 1, 1]
	1562335	1420388	1299803	17	M	139	A		-1	4557.29346313	[1, 1, 1, 1, 1, 1, 1, 1, 1, 1, 1, 1]
	1693147	1526983	1559532	18	M	195	A		-1	4557.63142006	[1, 1, 1, 1, 1, 1, 1, 1, 1, 1, 1, 1]
	1665558	1525251	1445759	18	M	105	A		-1	4557.71909814	[1, 1, 1, 1, 1, 1, 1, 1, 1, 1, 1, 1]
	1628819	1523456	1557255	18	M	135	A		-1	4558.16471616	[1, 1, 1, 1, 1, 1, 1, 1, 1, 1, 1, 1]
	1653077	1524627	1473474	18	M	114	A		-1	4558.49686068	[1, 1, 1, 1, 1, 1, 1, 1, 1, 1, 1, 1]
	1664035	1525065	1437923	18	M	17	A		-1	4558.51538618	[1, 1, 1, 1, 1, 1, 1, 1, 1, 1, 1, 1]
	1612297	1523001	1530360	18	M	184	A		-1	4559.46325493	[1, 1, 1, 1, 1, 1, 1, 1, 1, 1, 1, 1]
	1692289	1526983	1546937	18	M	1	A		-1	4559.90303562	[1, 1, 1, 1, 1, 1, 1, 1, 1, 1, 1, 1]
	1622072	1523193	1510887	18	M	68	A		-1	4560.1192421	[1, 1, 1, 1, 1, 1, 1, 1, 1, 1, 1, 1]
	1645514	1524439	1368727	18	M	104	A		-1	4561.08010112	[1, 1, 1, 1, 1, 1, 1, 1, 1, 1, 1, 1]
	1600397	1525631	1592415	18	M	140	A		-1	4561.81206481	[1, 1, 1, 1, 1, 1, 1, 1, 1, 1, 1, 1]
	1612390	1523001	1552832	18	M	34	A		-1	4562.39765316	[1, 1, 1, 1, 1, 1, 1, 1, 1, 1, 1, 1]
	1594723	1594452	1379129	18	M	168	A		-1	4562.42839841	[1, 1, 1, 1, 1, 1, 1, 1, 1, 1, 1, 1]
	1682605	1526221	1445875	18	M	76	A		-1	4562.48998949	[1, 1, 1, 1, 1, 1, 1, 1, 1, 1, 1, 1]
	1614442	1523001	1510439	18	M	134	A		-1	4563.06631709	[1, 1, 1, 1, 1, 1, 1, 1, 1, 1, 1, 1]
	1661362	1525065	1537088	18	M	165	A		-1	4564.9889798	[1, 1, 1, 1, 1, 1, 1, 1, 1, 1, 1, 1]
	1645350	1524439	1530068	18	M	33	A		-1	4565.69939768	[1, 1, 1, 1, 1, 1, 1, 1, 1, 1, 1, 1]
	1665938	1525251	1520861	18	M	72	A		-1	4566.31557436	[1, 1, 1, 1, 1, 1, 1, 1, 1, 1, 1, 1]
	1609820	1523001	1557119	18	M	151	A		-1	4566.56356131	[1, 1, 1, 1, 1, 1, 1, 1, 1, 1, 1, 1]
	1614800	1523163	1588556	18	M	92	A		-1	4567.33732898	[1, 1, 1, 1, 1, 1, 1, 1, 1, 1, 1, 1]
	1661561	1525065	1500926	18	M	34	A		-1	4567.82730341	[1, 1, 1, 1, 1, 1, 1, 1, 1, 1, 1, 1]
	1609611	1523001	1529223	18	M	114	A		-1	4567.94702896	[1, 1, 1, 1, 1, 1, 1, 1, 1, 1, 1, 1]
	1651183	1524627	1477169	18	M	33	A		-1	4568.00676436	[1, 1, 1, 1, 1, 1, 1, 1, 1, 1, 1, 1]
	1663148	1525065	1483024	18	M	47	A		-1	4568.36622169	[1, 1, 1, 1, 1, 1, 1, 1, 1, 1, 1, 1]
	1691021	1526983	1548965	18	M	81	A		-1	4568.53253667	[1, 1, 1, 1, 1, 1, 1, 1, 1, 1, 1, 1]
	1624269	1523193	1561367	18	M	178	A		-1	4568.63939522	[1, 1, 1, 1, 1, 1, 1, 1, 1, 1, 1, 1]
	1648171	1524439	1490388	18	M	84	A		-1	4568.67746814	[1, 1, 1, 1, 1, 1, 1, 1, 1, 1, 1, 1]
	1652073	1524627	1499666	18	M	118	A		-1	4568.71539508	[1, 1, 1, 1, 1, 1, 1, 1, 1, 1, 1, 1]
	1595328	1594452	1418800	18	M	31	A		-1	4568.8209968	[1, 1, 1, 1, 1, 1, 1, 1, 1, 1, 1, 1]
	1678692	1529965	1444609	18	M	193	A		-1	4569.11566612	[1, 1, 1, 1, 1, 1, 1, 1, 1, 1, 1, 1]
	1611063	1523001	1579773	18	M	63	A		-1	4569.34346528	[1, 1, 1, 1, 1, 1, 1, 1, 1, 1, 1, 1]
	1623343	1523193	1565332	18	M	144	A		-1	4569.84142111	[1, 1, 1, 1, 1, 1, 1, 1, 1, 1, 1, 1]
	1574759	1424817	1453794	17	M	59	A		-1	4571.03695565	[1, 1, 1, 1, 1, 1, 1, 1, 1, 1, 1, 1]
	1641562	1524058	1582566	18	M	37	A		-1	4571.55116864	[1, 1, 1, 1, 1, 1, 1, 1, 1, 1, 1, 1]
	1647570	1524439	1467935	18	M	13	A		-1	4571.637391	[1, 1, 1, 1, 1, 1, 1, 1, 1, 1, 1, 1]
	1621556	1523193	1501826	18	M	166	A		-1	4571.79684961	[1, 1, 1, 1, 1, 1, 1, 1, 1, 1, 1, 1]
	1624666	1523456	1502436	18	M	113	A		-1	4571.82200057	[1, 1, 1, 1, 1, 1, 1, 1, 1, 1, 1, 1]
	1600903	1525631	1458809	18	M	94	A		-1	4572.29892596	[1, 1, 1, 1, 1, 1, 1, 1, 1, 1, 1, 1]
	1505769	1418821	1452105	17	M	49	A		-1	4572.41908331	[1, 1, 1, 1, 1, 1, 1, 1, 1, 1, 1, 1]
	1662590	1525065	1590707	18	M	31	A		-1	4573.73402418	[1, 1, 1, 1, 1, 1, 1, 1, 1, 1, 1, 1]
	1648862	1524439	1417075	18	M	77	A		-1	4574.12307395	[1, 1, 1, 1, 1, 1, 1, 1, 1, 1, 1, 1]
	1616497	1523163	1581740	18	M	98	A		-1	4574.31649539	[1, 1, 1, 1, 1, 1, 1, 1, 1, 1, 1, 1]
	1659530	1525065	1445774	18	M	80	A		-1	4574.81451183	[1, 1, 1, 1, 1, 1, 1, 1, 1, 1, 1, 1]
	1600784	1525631	1589391	18	M	138	A		-1	4576.84356761	[1, 1, 1, 1, 1, 1, 1, 1, 1, 1, 1, 1]
	1561976	1420388	1467621	17	M	54	A		-1	4576.97575709	[1, 1, 1, 1, 1, 1, 1, 1, 1, 1, 1, 1]
	1652807	1524627	1519098	18	M	27	A		-1	4577.4110897	[1, 1, 1, 1, 1, 1, 1, 1, 1, 1, 1, 1]
	1681509	1526221	1531395	18	M	86	A		-1	4577.41579587	[1, 1, 1, 1, 1, 1, 1, 1, 1, 1, 1, 1]
	1643585	1524058	1580857	18	M	190	A		-1	4577.44215069	[1, 1, 1, 1, 1, 1, 1, 1, 1, 1, 1, 1]
	1673811	1526047	1422485	18	M	191	A		-1	4577.74376017	[1, 1, 1, 1, 1, 1, 1, 1, 1, 1, 1, 1]
	1635269	1523870	1560932	18	M	62	A		-1	4578.1446025	[1, 1, 1, 1, 1, 1, 1, 1, 1, 1, 1, 1]
	1618767	1523163	1546576	18	M	173	A		-1	4579.46766283	[1, 1, 1, 1, 1, 1, 1, 1, 1, 1, 1, 1]
	1663897	1525065	1415385	18	M	81	A		-1	4579.71708374	[1, 1, 1, 1, 1, 1, 1, 1, 1, 1, 1, 1]
	1670366	1526047	1546527	18	M	84	A		-1	4580.35273077	[1, 1, 1, 1, 1, 1, 1, 1, 1, 1, 1, 1]
	1649846	1524627	1510820	18	M	133	A		-1	4580.48821829	[1, 1, 1, 1, 1, 1, 1, 1, 1, 1, 1, 1]
	1616781	1523163	1525552	18	M	60	A		-1	4581.2775097	[1, 1, 1, 1, 1, 1, 1, 1, 1, 1, 1, 1]
	1660338	1525065	1544190	18	M	188	A		-1	4582.15184158	[1, 1, 1, 1, 1, 1, 1, 1, 1, 1, 1, 1]
	1613372	1523001	1520533	18	M	28	A		-1	4582.54656099	[1, 1, 1, 1, 1, 1, 1, 1, 1, 1, 1, 1]
	1674559	1529965	1555288	18	M	62	A		-1	4583.0288229	[1, 1, 1, 1, 1, 1, 1, 1, 1, 1, 1, 1]
	1660077	1525065	1318681	18	M	8	A		-1	4583.36554693	[1, 1, 1, 1, 1, 1, 1, 1, 1, 1, 1, 1]
	1681190	1526221	1503615	18	M	70	A		-1	4586.57826174	[1, 1, 1, 1, 1, 1, 1, 1, 1, 1, 1, 1]
	1619791	1523193	1511227	18	M	24	A		-1	4587.02366929	[1, 1, 1, 1, 1, 1, 1, 1, 1, 1, 1, 1]
	1643489	1524058	1427622	18	M	52	A		-1	4587.12761582	[1, 1, 1, 1, 1, 1, 1, 1, 1, 1, 1, 1]
	1688647	1526905	1523646	18	M	127	A		-1	4588.45496657	[1, 1, 1, 1, 1, 1, 1, 1, 1, 1, 1, 1]
	1607432	1522905	1558411	18	M	151	A		-1	4588.74003068	[1, 1, 1, 1, 1, 1, 1, 1, 1, 1, 1, 1]
	1689819	1526983	1498797	18	M	68	A		-1	4589.27867776	[1, 1, 1, 1, 1, 1, 1, 1, 1, 1, 1, 1]
	1665130	1525251	1546872	18	M	157	A		-1	4589.37063719	[1, 1, 1, 1, 1, 1, 1, 1, 1, 1, 1, 1]
	1644677	1524439	1581574	18	M	192	A		-1	4589.43993784	[1, 1, 1, 1, 1, 1, 1, 1, 1, 1, 1, 1]
	1602395	1525631	1562755	18	M	73	A		-1	4589.84797776	[1, 1, 1, 1, 1, 1, 1, 1, 1, 1, 1, 1]
	1641008	1524058	1559819	18	M	13	A		-1	4591.4849532	[1, 1, 1, 1, 1, 1, 1, 1, 1, 1, 1, 1]
	1630176	1523618	1590732	18	M	85	A		-1	4591.87793996	[1, 1, 1, 1, 1, 1, 1, 1, 1, 1, 1, 1]
	1636678	1523870	1495741	18	M	53	A		-1	4593.0504921	[1, 1, 1, 1, 1, 1, 1, 1, 1, 1, 1, 1]
	1641583	1524058	1578790	18	M	165	A		-1	4593.53766238	[1, 1, 1, 1, 1, 1, 1, 1, 1, 1, 1, 1]
	1647312	1524439	1583965	18	M	77	A		-1	4593.77264399	[1, 1, 1, 1, 1, 1, 1, 1, 1, 1, 1, 1]
	1659823	1525065	1487869	18	M	199	A		-1	4595.88854304	[1, 1, 1, 1, 1, 1, 1, 1, 1, 1, 1, 1]
	1669703	1526047	1574826	18	M	151	A		-1	4596.27482584	[1, 1, 1, 1, 1, 1, 1, 1, 1, 1, 1, 1]
	1612356	1523001	1546729	18	M	39	A		-1	4596.46352615	[1, 1, 1, 1, 1, 1, 1, 1, 1, 1, 1, 1]
	1653955	1524627	1589228	18	M	158	A		-1	4596.86291383	[1, 1, 1, 1, 1, 1, 1, 1, 1, 1, 1, 1]
	1667933	1525251	1547583	18	M	74	A		-1	4597.30371647	[1, 1, 1, 1, 1, 1, 1, 1, 1, 1, 1, 1]
	1613808	1523001	1547386	18	M	15	A		-1	4597.89337357	[1, 1, 1, 1, 1, 1, 1, 1, 1, 1, 1, 1]
	1608061	1522905	1567121	18	M	13	A		-1	4598.95751638	[1, 1, 1, 1, 1, 1, 1, 1, 1, 1, 1, 1]
	1599458	1525631	1408715	18	M	111	A		-1	4599.64689685	[1, 1, 1, 1, 1, 1, 1, 1, 1, 1, 1, 1]
	1600933	1525631	1588518	18	M	80	A		-1	4599.80237271	[1, 1, 1, 1, 1, 1, 1, 1, 1, 1, 1, 1]
	1679331	1529965	1527164	18	M	55	A		-1	4599.89042725	[1, 1, 1, 1, 1, 1, 1, 1, 1, 1, 1, 1]
	1682449	1526221	1532041	18	M	69	A		-1	4599.94137665	[1, 1, 1, 1, 1, 1, 1, 1, 1, 1, 1, 1]
	1605804	1522905	1535900	18	M	68	A		-1	4600.46404495	[1, 1, 1, 1, 1, 1, 1, 1, 1, 1, 1, 1]
	1662269	1525065	1431234	18	M	72	A		-1	4601.12108506	[1, 1, 1, 1, 1, 1, 1, 1, 1, 1, 1, 1]
	1679241	1529965	1538692	18	M	45	A		-1	4601.20468486	[1, 1, 1, 1, 1, 1, 1, 1, 1, 1, 1, 1]
	1630951	1523618	1576259	18	M	172	A		-1	4601.37986018	[1, 1, 1, 1, 1, 1, 1, 1, 1, 1, 1, 1]
	1692988	1526983	1593578	18	M	98	A		-1	4601.85569033	[1, 1, 1, 1, 1, 1, 1, 1, 1, 1, 1, 1]
	1538575	1419877	1426638	17	M	68	A		-1	4602.08856485	[1, 1, 1, 1, 1, 1, 1, 1, 1, 1, 1, 1]
	1665033	1525251	1576725	18	M	89	A		-1	4602.39965648	[1, 1, 1, 1, 1, 1, 1, 1, 1, 1, 1, 1]
	1636637	1523870	1539174	18	M	121	A		-1	4602.74379708	[1, 1, 1, 1, 1, 1, 1, 1, 1, 1, 1, 1]
	1620498	1523193	1473789	18	M	151	A		-1	4603.19988693	[1, 0, 1, 1, 1, 1, 1, 1, 1, 1, 1, 1]
	1611147	1523001	1532887	18	M	183	A		-1	4603.52677006	[1, 1, 1, 1, 1, 1, 1, 1, 1, 1, 1, 1]
	1688969	1526905	1548629	18	M	98	A		-1	4604.12642615	[1, 1, 1, 1, 1, 1, 1, 1, 1, 1, 1, 1]
	1654508	1524964	1352237	18	M	95	A		-1	4605.46787285	[1, 1, 1, 1, 1, 1, 1, 1, 1, 1, 1, 1]
	1646442	1524439	1536785	18	M	58	A		-1	4606.318491	[1, 1, 1, 1, 1, 1, 1, 1, 1, 1, 1, 1]
	1643754	1524058	1490466	18	M	72	A		-1	4607.95231087	[1, 1, 1, 1, 1, 1, 1, 1, 1, 1, 1, 1]
	1687395	1526905	1484604	18	M	154	A		-1	4608.38910286	[1, 1, 1, 1, 1, 1, 1, 1, 1, 1, 1, 1]
	1687121	1526905	1505685	18	M	89	A		-1	4611.42792828	[1, 1, 1, 1, 1, 1, 1, 1, 1, 1, 1, 1]
	1539121	1419877	1409389	17	M	11	A		-1	4614.53889184	[1, 1, 1, 1, 1, 1, 1, 1, 1, 1, 1, 1]
	1601587	1525631	1509488	18	M	95	A		-1	4614.92266084	[1, 1, 1, 1, 1, 1, 1, 1, 1, 1, 1, 1]
	1620274	1523193	1516590	18	M	41	A		-1	4615.66442586	[1, 1, 1, 1, 1, 1, 1, 1, 1, 1, 1, 1]
	1676465	1529965	1569876	18	M	75	A		-1	4615.76571208	[1, 1, 1, 1, 1, 1, 1, 1, 1, 1, 1, 1]
	1607656	1522905	1538067	18	M	135	A		-1	4617.33133875	[1, 1, 1, 1, 1, 1, 1, 1, 1, 1, 1, 1]
	1654256	1524627	1529502	18	M	32	A		-1	4619.78844846	[1, 1, 1, 1, 1, 1, 1, 1, 1, 1, 1, 1]
	1660918	1525065	1459563	18	M	107	A		-1	4620.03278129	[1, 1, 1, 1, 1, 1, 1, 1, 1, 1, 1, 1]
	1604251	1525631	1538840	18	M	64	A		-1	4620.14310513	[1, 1, 1, 1, 1, 1, 1, 1, 1, 1, 1, 1]
	1607577	1522905	1561692	18	M	175	A		-1	4620.41218729	[1, 1, 1, 1, 1, 1, 1, 1, 1, 1, 1, 1]
	1612643	1523001	1498558	18	M	184	A		-1	4622.15190488	[1, 1, 1, 1, 1, 1, 1, 1, 1, 1, 1, 1]
	1624124	1523193	1401543	18	M	127	A		-1	4622.80959622	[1, 1, 1, 1, 1, 1, 1, 1, 1, 1, 1, 1]
	1626476	1523456	1530173	18	M	150	A		-1	4622.95470127	[1, 1, 1, 1, 1, 1, 1, 1, 1, 1, 1, 1]
	1606380	1522905	1538189	18	M	50	A		-1	4623.45690342	[1, 1, 1, 1, 1, 1, 1, 1, 1, 1, 1, 1]
	1620804	1523193	1545909	18	M	175	A		-1	4623.57603752	[1, 1, 1, 1, 1, 1, 1, 1, 1, 1, 1, 1]
	1600059	1525631	1562963	18	M	91	A		-1	4625.24674307	[1, 1, 1, 1, 1, 1, 1, 1, 1, 1, 1, 1]
	1685977	1526905	1541368	18	M	91	A		-1	4627.3520255	[1, 1, 1, 1, 1, 1, 1, 1, 1, 1, 1, 1]
	1664966	1525251	1575965	18	M	132	A		-1	4628.23240461	[1, 1, 1, 1, 1, 1, 1, 1, 1, 1, 1, 1]
	1669514	1526047	1448418	18	M	167	A		-1	4628.77214204	[1, 1, 1, 1, 1, 1, 1, 1, 1, 1, 1, 1]
	1566647	1420558	1434079	17	M	40	A		-1	4628.85035115	[1, 1, 1, 1, 1, 1, 1, 1, 1, 1, 1, 1]
	1599673	1525631	1509879	18	M	192	A		-1	4629.16724283	[1, 1, 1, 1, 1, 1, 1, 1, 1, 1, 1, 1]
	1605448	1522905	1503858	18	M	78	A		-1	4629.86676471	[1, 1, 1, 1, 1, 1, 1, 1, 1, 1, 1, 1]
	1622154	1523193	1574277	18	M	61	A		-1	4630.95150691	[1, 1, 1, 1, 1, 1, 1, 1, 1, 1, 1, 1]
	1525631	1419579	1494216	17	M	1	A		-1	4631.83841862	[1, 1, 1, 1, 1, 1, 1, 1, 1, 1, 1, 1]
	1629377	1523456	1312025	18	M	61	A		-1	4632.20624258	[1, 1, 1, 1, 1, 1, 1, 1, 1, 1, 1, 1]
	1634067	1523618	1585033	18	M	62	A		-1	4632.54433744	[1, 1, 1, 1, 1, 1, 1, 1, 1, 1, 1, 1]
	1693180	1526983	1565747	18	M	80	A		-1	4635.07866666	[1, 1, 1, 1, 1, 1, 1, 1, 1, 1, 1, 1]
	1604116	1525631	1562867	18	M	13	A		-1	4635.15342707	[1, 1, 1, 1, 1, 1, 1, 1, 1, 1, 1, 1]
	1576670	1424817	1421690	17	M	172	A		-1	4635.5037215	[1, 1, 1, 1, 1, 1, 1, 1, 1, 1, 1, 1]
	1664858	1525251	1443115	18	M	50	A		-1	4636.08728196	[1, 1, 1, 1, 1, 1, 1, 1, 1, 1, 1, 1]
	1628144	1523456	1578118	18	M	45	A		-1	4637.16172989	[1, 1, 1, 1, 1, 1, 1, 1, 1, 1, 1, 1]
	1634758	1523870	1521583	18	M	70	A		-1	4638.39915672	[1, 1, 1, 1, 1, 1, 1, 1, 1, 1, 1, 1]
	1680638	1526221	1545541	18	M	60	A		-1	4639.01957613	[1, 1, 1, 1, 1, 1, 1, 1, 1, 1, 1, 1]
	1689185	1526905	1503352	18	M	162	A		-1	4642.61022417	[1, 1, 1, 1, 1, 1, 1, 1, 1, 1, 1, 1]
	1628185	1523456	1506381	18	M	100	A		-1	4643.03744174	[1, 1, 1, 1, 1, 1, 1, 1, 1, 1, 1, 1]
	1689667	1526983	1531575	18	M	50	A		-1	4643.23373704	[1, 1, 1, 1, 1, 1, 1, 1, 1, 1, 1, 1]
	1603017	1525631	1403726	18	M	116	A		-1	4643.77114625	[1, 1, 1, 1, 1, 1, 1, 1, 1, 1, 1, 1]
	1639907	1524058	1521042	18	M	34	A		-1	4646.0126535	[1, 1, 1, 1, 1, 1, 1, 1, 1, 1, 1, 1]
	1596866	1594452	1539986	18	M	139	A		-1	4647.568856	[1, 1, 1, 1, 1, 1, 1, 1, 1, 1, 1, 1]
	1602814	1525631	1539801	18	M	140	A		-1	4647.58553314	[1, 1, 1, 1, 1, 1, 1, 1, 1, 1, 1, 1]
	1686046	1526905	1572550	18	M	70	A		-1	4647.59181591	[1, 1, 1, 1, 1, 1, 1, 1, 1, 1, 1, 1]
	1549130	1420013	1446316	17	M	151	A		-1	4651.59923282	[1, 1, 1, 1, 1, 1, 1, 1, 1, 1, 1, 1]
	1616795	1523163	1446158	18	M	123	A		-1	4651.69310866	[1, 1, 1, 1, 1, 1, 1, 1, 1, 1, 1, 1]
	1600311	1525631	1402647	18	M	139	A		-1	4651.69807396	[1, 1, 1, 1, 1, 1, 1, 1, 1, 1, 1, 1]
	1615595	1523163	1546393	18	M	159	A		-1	4654.12281571	[1, 1, 1, 1, 1, 1, 1, 1, 1, 1, 1, 1]
	1640612	1524058	1568298	18	M	159	A		-1	4654.72531123	[1, 1, 1, 1, 1, 1, 1, 1, 1, 1, 1, 1]
	1683772	1526221	1329455	18	M	146	A		-1	4657.23128521	[1, 1, 1, 1, 1, 1, 1, 1, 1, 1, 1, 1]
	1629460	1523618	1482787	18	M	37	A		-1	4659.26931284	[1, 1, 1, 1, 1, 1, 1, 1, 1, 1, 1, 1]
	1612970	1523001	1553835	18	M	69	A		-1	4659.30207119	[1, 1, 1, 1, 1, 1, 1, 1, 1, 1, 1, 1]
	1642592	1524058	1579884	18	M	45	A		-1	4660.54811067	[1, 1, 1, 1, 1, 1, 1, 1, 1, 1, 1, 1]
	1676221	1529965	1448163	18	M	9	A		-1	4660.59036916	[1, 1, 1, 1, 1, 1, 1, 1, 1, 1, 1, 1]
	1661717	1525065	1448723	18	M	152	A		-1	4663.26127395	[1, 1, 1, 1, 1, 1, 1, 1, 1, 1, 1, 1]
	1601838	1525631	1509501	18	M	26	A		-1	4664.25769316	[1, 1, 1, 1, 1, 1, 1, 1, 1, 1, 1, 1]
	1637665	1523870	1458780	18	M	182	A		-1	4664.79087519	[1, 1, 1, 1, 1, 1, 1, 1, 1, 1, 1, 1]
	1608715	1522905	1547951	18	M	183	A		-1	4666.02447381	[1, 1, 1, 1, 1, 1, 1, 1, 1, 1, 1, 1]
	1500059	1420563	1477737	17	M	67	A		-1	4666.11584498	[1, 1, 1, 1, 1, 1, 1, 1, 1, 1, 1, 1]
	1662415	1525065	1576484	18	M	1	A		-1	4666.47071658	[1, 1, 1, 1, 1, 1, 1, 1, 1, 1, 1, 1]
	1597771	1594452	1395720	18	M	149	A		-1	4666.73838994	[1, 1, 1, 1, 1, 1, 1, 1, 1, 1, 1, 1]
	1602138	1525631	1515087	18	M	119	A		-1	4666.87568066	[1, 1, 1, 1, 1, 1, 1, 1, 1, 1, 1, 1]
	1620216	1523193	1555120	18	M	194	A		-1	4670.94180569	[1, 1, 1, 1, 1, 1, 1, 1, 1, 1, 1, 1]
	1646812	1524439	1581496	18	M	135	A		-1	4673.11853751	[1, 1, 1, 1, 1, 1, 1, 1, 1, 1, 1, 1]
	1687997	1526905	1498500	18	M	153	A		-1	4673.9386683	[1, 1, 1, 1, 1, 1, 1, 1, 1, 1, 1, 1]
	1648647	1524439	1419078	18	M	89	A		-1	4674.53648118	[1, 1, 1, 1, 1, 1, 1, 1, 1, 1, 1, 1]
	1564876	1420558	1448671	17	M	76	A		-1	4679.51327673	[1, 1, 1, 1, 1, 1, 1, 1, 1, 1, 1, 1]
	1679020	1529965	1517558	18	M	47	A		-1	4680.99583287	[1, 1, 1, 1, 1, 1, 1, 1, 1, 1, 1, 1]
	1655366	1524964	1538896	18	M	127	A		-1	4681.34507913	[1, 1, 1, 1, 1, 1, 1, 1, 1, 1, 1, 1]
	1612076	1523001	1420298	18	M	155	A		-1	4682.48119537	[1, 1, 1, 1, 1, 1, 1, 1, 1, 1, 1, 1]
	1663911	1525065	1546165	18	M	154	A		-1	4683.72127318	[1, 1, 1, 1, 1, 1, 1, 1, 1, 1, 1, 1]
	1629440	1523456	1256882	18	M	199	A		-1	4685.06551958	[1, 1, 1, 1, 1, 1, 1, 1, 1, 1, 1, 1]
	1694354	1526983	1554652	18	M	125	A		-1	4685.1091216	[1, 1, 1, 1, 1, 1, 1, 1, 1, 1, 1, 1]
	1682685	1526221	1444853	18	M	116	A		-1	4688.10342833	[1, 1, 1, 1, 1, 1, 1, 1, 1, 1, 1, 1]
	1600934	1525631	1511932	18	M	92	A		-1	4691.10181952	[1, 1, 1, 1, 1, 1, 1, 1, 1, 1, 1, 1]
	1664513	1525251	1507882	18	M	40	A		-1	4691.73491693	[1, 1, 1, 1, 1, 1, 1, 1, 1, 1, 1, 1]
	1648363	1524439	1401690	18	M	62	A		-1	4692.11665767	[1, 1, 1, 1, 1, 1, 1, 1, 1, 1, 1, 1]
	1650734	1524627	1563907	18	M	22	A		-1	4693.01167889	[1, 1, 1, 1, 1, 1, 1, 1, 1, 1, 1, 1]
	1628467	1523456	1553136	18	M	108	A		-1	4695.04770294	[1, 1, 1, 1, 1, 1, 1, 1, 1, 1, 1, 1]
	1685736	1526905	1509585	18	M	145	A		-1	4695.71108383	[1, 1, 1, 1, 1, 1, 1, 1, 1, 1, 1, 1]
	1608019	1522905	1433913	18	M	186	A		-1	4697.95133672	[1, 1, 1, 1, 1, 1, 1, 1, 1, 1, 1, 1]
	1692098	1526983	1523087	18	M	0	A		-1	4698.12535896	[1, 1, 1, 1, 1, 1, 1, 1, 1, 1, 1, 1]
	1642864	1524058	1461825	18	M	153	A		-1	4701.42351713	[1, 1, 1, 1, 1, 1, 1, 1, 1, 1, 1, 1]
	1601091	1525631	1414012	18	M	38	A		-1	4702.8628603	[1, 1, 1, 1, 1, 1, 1, 1, 1, 1, 1, 1]
	1675185	1529965	1546683	18	M	0	A		-1	4704.76886438	[1, 1, 1, 1, 1, 1, 1, 1, 1, 1, 1, 1]
	1545993	1420013	1420663	17	M	126	A		-1	4705.5465455	[1, 1, 1, 1, 1, 1, 1, 1, 1, 1, 1, 1]
	1601172	1525631	1553130	18	M	146	A		-1	4705.72823028	[1, 1, 1, 1, 1, 1, 1, 1, 1, 1, 1, 1]
	1661121	1525065	1546801	18	M	117	A		-1	4714.79552782	[1, 1, 1, 1, 1, 1, 1, 1, 1, 1, 1, 1]
	1602120	1525631	1527836	18	M	142	A		-1	4716.32761554	[1, 1, 1, 1, 1, 1, 1, 1, 1, 1, 1, 1]
	1631174	1523618	1424306	18	M	124	A		-1	4716.83923055	[1, 1, 1, 1, 1, 1, 1, 1, 1, 1, 1, 1]
	1628920	1523456	1525666	18	M	110	A		-1	4719.93771237	[1, 1, 1, 1, 1, 1, 1, 1, 1, 1, 1, 1]
	1624963	1523456	1536763	18	M	58	A		-1	4721.64550916	[1, 1, 1, 1, 1, 1, 1, 1, 1, 1, 1, 1]
	1601378	1525631	1569240	18	M	177	A		-1	4721.69069714	[1, 1, 1, 1, 1, 1, 1, 1, 1, 1, 1, 1]
	1614759	1523163	1539355	18	M	131	A		-1	4723.48023222	[1, 1, 1, 1, 1, 1, 1, 1, 1, 1, 1, 1]
	1602221	1525631	1500742	18	M	124	A		-1	4724.71940465	[1, 1, 1, 1, 1, 1, 1, 1, 1, 1, 1, 1]
	1686139	1526905	1528611	18	M	200	A		-1	4733.18743721	[1, 1, 1, 1, 1, 1, 1, 1, 1, 1, 1, 1]
	1546443	1420013	1424807	17	M	153	A		-1	4737.34076492	[1, 1, 1, 1, 1, 1, 1, 1, 1, 1, 1, 1]
	1625045	1523456	1547069	18	M	34	A		-1	4738.83873637	[1, 1, 1, 1, 1, 1, 1, 1, 1, 1, 1, 1]
	1676569	1529965	1551482	18	M	49	A		-1	4742.73588031	[1, 1, 1, 1, 1, 1, 1, 1, 1, 1, 1, 1]
	1669631	1526047	1529856	18	M	95	A		-1	4744.59672086	[1, 1, 1, 1, 1, 1, 1, 1, 1, 1, 1, 1]
	1662852	1525065	1537608	18	M	128	A		-1	4750.20148777	[1, 1, 1, 1, 1, 1, 1, 1, 1, 1, 1, 1]
	1682759	1526221	1524624	18	M	84	A		-1	4758.57935783	[1, 1, 1, 1, 1, 1, 1, 1, 1, 1, 1, 1]
	1624957	1523456	1457612	18	M	136	A		-1	4764.73313059	[1, 1, 1, 1, 1, 1, 1, 1, 1, 1, 1, 1]
	1606357	1522905	1537973	18	M	52	A		-1	4772.08252092	[1, 1, 1, 1, 1, 1, 1, 1, 1, 1, 1, 1]
	1659817	1525065	1584248	18	M	18	A		-1	4773.68819571	[1, 1, 1, 1, 1, 1, 1, 1, 1, 1, 1, 1]
	1693312	1526983	1456220	18	M	153	A		-1	4784.558492	[1, 1, 1, 1, 1, 1, 1, 1, 1, 1, 1, 1]
	1677302	1529965	1591393	18	M	93	A		-1	4786.8882794	[1, 1, 1, 1, 1, 1, 1, 1, 1, 1, 1, 1]
	1685485	1526905	1507066	18	M	33	A		-1	4787.87306625	[1, 1, 1, 1, 1, 1, 1, 1, 1, 1, 1, 1]
	1603059	1525631	1501061	18	M	112	A		-1	4788.66996239	[1, 1, 1, 1, 1, 1, 1, 1, 1, 1, 1, 1]
	1654649	1524964	1321681	18	M	157	A		-1	4789.07525995	[1, 1, 1, 1, 1, 1, 1, 1, 1, 1, 1, 1]
	1690181	1526983	1577621	18	M	58	A		-1	4790.7639602	[1, 1, 1, 1, 1, 1, 1, 1, 1, 1, 1, 1]
	1668676	1525251	1498829	18	M	107	A		-1	4798.88560115	[1, 1, 1, 1, 1, 1, 1, 1, 1, 1, 1, 1]
	1662474	1525065	1511672	18	M	159	A		-1	4808.81641105	[1, 1, 1, 1, 1, 1, 1, 1, 1, 1, 1, 1]
	1629317	1523456	1406242	18	M	32	A		-1	4832.28874087	[1, 1, 1, 1, 1, 1, 1, 1, 1, 1, 1, 1]
	1628178	1523456	1544472	18	M	117	A		-1	4835.50915078	[1, 1, 1, 1, 1, 1, 1, 1, 1, 1, 1, 1]
	1613726	1523001	1534738	18	M	31	A		-1	4884.85989029	[1, 1, 1, 1, 1, 1, 1, 1, 1, 1, 1, 1]
	1635781	1523870	1573046	18	M	88	A		-1	4902.73055689	[1, 1, 1, 1, 1, 1, 1, 1, 1, 1, 1, 1]
