animal	sire	dam	born	sex	herd	status	cause	died	TBV	recessives
	572056	427440	459605	7	M	153	A		-1	2273.26608752	[1, 1, 1, 1, 1, 1, 1, 1, 1, 1, 1, 1]
	589748	428423	451505	7	M	97	A		-1	2273.3777446	[1, 1, 1, 1, 1, 1, 1, 1, 1, 1, 1, 1]
	602057	518315	569565	8	M	32	A		-1	2274.17045939	[1, 1, 1, 1, 1, 1, 1, 1, 1, 1, 1, 1]
	494554	494311	491931	7	M	142	A		-1	2274.23129684	[1, 1, 1, 1, 1, 1, 1, 1, 1, 1, 1, 1]
	596413	594168	499035	8	M	85	A		-1	2274.2894074	[1, 1, 1, 1, 1, 1, 1, 1, 1, 1, 1, 0]
	636737	516203	524574	8	M	194	A		-1	2274.43592671	[1, 1, 1, 1, 1, 1, 1, 1, 1, 1, 1, 1]
	617027	515405	498197	8	M	86	A		-1	2274.66320144	[1, 1, 1, 1, 1, 1, 1, 1, 1, 1, 1, 1]
	604365	518315	398843	8	M	83	A		-1	2274.89219174	[1, 1, 1, 1, 1, 1, 1, 1, 1, 1, 1, 1]
	640277	516429	476649	8	M	46	A		-1	2275.0626897	[1, 1, 1, 1, 1, 1, 1, 1, 1, 1, 1, 1]
	685352	518734	563880	8	M	127	A		-1	2275.57500195	[1, 1, 1, 1, 1, 1, 1, 1, 1, 1, 1, 1]
	665435	518309	548543	8	M	189	A		-1	2275.74238098	[1, 1, 1, 1, 1, 1, 1, 1, 1, 1, 1, 1]
	658020	517463	525884	8	M	15	A		-1	2276.07868367	[1, 1, 1, 1, 1, 1, 1, 1, 1, 1, 1, 1]
	596346	594168	586944	8	M	165	A		-1	2276.42235912	[1, 1, 1, 1, 1, 1, 1, 1, 1, 1, 1, 1]
	667331	518309	541963	8	M	91	A		-1	2276.49970011	[1, 1, 1, 1, 1, 1, 1, 1, 1, 1, 1, 1]
	651006	516790	591086	8	M	62	A		-1	2276.55298345	[1, 1, 1, 1, 1, 1, 1, 1, 1, 1, 1, 1]
	650909	516790	576169	8	M	6	A		-1	2276.85757739	[1, 1, 1, 1, 1, 1, 1, 1, 1, 1, 1, 1]
	659780	517519	553622	8	M	132	A		-1	2277.0519663	[1, 1, 1, 1, 1, 1, 1, 1, 1, 1, 1, 0]
	665956	518309	574849	8	M	170	A		-1	2277.40309627	[1, 1, 1, 1, 1, 1, 1, 1, 1, 1, 1, 1]
	599487	518315	245356	8	M	62	A		-1	2277.57917006	[1, 1, 1, 1, 1, 1, 1, 1, 1, 1, 1, 1]
	641785	516429	525992	8	M	57	A		-1	2277.66078443	[1, 1, 1, 1, 1, 1, 1, 1, 1, 1, 1, 0]
	620081	515442	579114	8	M	109	A		-1	2277.67662461	[1, 1, 1, 1, 1, 1, 1, 1, 1, 1, 1, 1]
	502834	427358	407113	7	M	42	A		-1	2277.70941261	[1, 1, 1, 1, 1, 1, 1, 1, 1, 1, 1, 0]
	627605	515568	550953	8	M	21	A		-1	2278.00753548	[1, 1, 1, 1, 1, 1, 1, 1, 1, 1, 1, 1]
	685923	518734	568300	8	M	1	A		-1	2278.1588144	[1, 1, 1, 0, 1, 1, 1, 1, 1, 1, 1, 1]
	530046	423504	469458	7	M	184	A		-1	2278.50863162	[1, 1, 1, 1, 1, 1, 1, 1, 1, 1, 1, 1]
	640162	516429	476014	8	M	172	A		-1	2278.96046408	[1, 1, 1, 1, 1, 1, 1, 1, 1, 1, 1, 1]
	616268	515405	526167	8	M	33	A		-1	2279.3007812	[1, 1, 1, 1, 1, 1, 1, 1, 1, 1, 1, 1]
	658603	517463	497907	8	M	139	A		-1	2279.48886651	[1, 1, 1, 1, 1, 1, 1, 1, 1, 1, 1, 1]
	604646	514705	496175	8	M	148	A		-1	2279.50968867	[1, 1, 1, 1, 1, 1, 1, 1, 1, 1, 1, 1]
	675502	519772	593816	8	M	159	A		-1	2279.66983409	[1, 1, 1, 1, 1, 1, 1, 1, 1, 1, 1, 1]
	674952	519772	497280	8	M	194	A		-1	2279.74502578	[1, 1, 1, 1, 1, 1, 1, 1, 1, 1, 1, 1]
	626331	515568	529410	8	M	31	A		-1	2279.98110828	[1, 1, 1, 1, 1, 1, 1, 1, 1, 1, 1, 1]
	614560	515405	570595	8	M	198	A		-1	2280.25919639	[1, 1, 1, 0, 1, 1, 1, 1, 1, 1, 1, 1]
	623449	515442	400402	8	M	40	A		-1	2280.69932776	[1, 1, 1, 1, 1, 1, 1, 1, 1, 1, 1, 1]
	629270	515568	508309	8	M	181	A		-1	2280.81120305	[1, 1, 1, 1, 1, 1, 1, 1, 1, 1, 1, 1]
	620864	515442	546036	8	M	173	A		-1	2281.07128723	[1, 1, 1, 1, 1, 1, 1, 1, 1, 1, 1, 1]
	673661	518431	537099	8	M	171	A		-1	2281.53858955	[1, 1, 1, 1, 1, 1, 1, 1, 1, 1, 1, 1]
	625364	515568	430247	8	M	32	A		-1	2281.54630064	[1, 1, 1, 1, 1, 1, 1, 1, 1, 1, 1, 1]
	654344	516790	494568	8	M	122	A		-1	2281.65920933	[1, 1, 1, 1, 1, 1, 1, 1, 1, 1, 1, 1]
	607043	514705	539847	8	M	40	A		-1	2281.94275699	[1, 1, 1, 1, 1, 1, 1, 1, 1, 1, 1, 1]
	619524	515442	490701	8	M	24	A		-1	2282.16727757	[1, 1, 1, 1, 1, 1, 1, 1, 1, 1, 1, 1]
	529357	423496	389739	7	M	22	A		-1	2282.37507316	[1, 1, 1, 1, 1, 1, 1, 1, 1, 1, 1, 0]
	663960	517519	495349	8	M	162	A		-1	2282.47435429	[1, 1, 1, 1, 1, 1, 1, 1, 1, 1, 1, 0]
	684149	518509	554810	8	M	154	A		-1	2282.67707485	[1, 1, 1, 1, 1, 1, 1, 1, 1, 1, 1, 1]
	629249	515568	576506	8	M	62	A		-1	2282.6799053	[1, 1, 1, 1, 1, 1, 1, 1, 1, 1, 1, 1]
	622558	515442	406014	8	M	115	A		-1	2282.97221986	[1, 1, 1, 1, 1, 1, 1, 1, 1, 1, 1, 1]
	640554	516429	497411	8	M	126	A		-1	2283.0740297	[1, 1, 1, 1, 1, 1, 1, 1, 1, 1, 1, 1]
	653293	516790	472085	8	M	168	A		-1	2283.23238487	[1, 1, 1, 1, 1, 1, 1, 1, 1, 1, 1, 1]
	676837	519772	568025	8	M	22	A		-1	2283.89716031	[1, 1, 1, 1, 1, 1, 1, 1, 1, 1, 1, 1]
	668349	518309	508570	8	M	0	A		-1	2284.14788859	[1, 1, 1, 1, 1, 1, 1, 1, 1, 1, 1, 1]
	640883	516429	519981	8	M	72	A		-1	2284.19718646	[1, 1, 1, 1, 1, 1, 1, 1, 1, 1, 1, 1]
	654103	516790	496881	8	M	181	A		-1	2284.43669403	[1, 1, 1, 1, 1, 1, 1, 1, 1, 1, 1, 1]
	628890	515568	570691	8	M	172	A		-1	2284.87055955	[1, 1, 1, 1, 1, 1, 1, 1, 1, 1, 1, 1]
	604879	514705	552696	8	M	81	A		-1	2285.02639131	[1, 1, 1, 1, 1, 1, 1, 1, 1, 1, 1, 1]
	644925	516558	499296	8	M	109	A		-1	2285.09485967	[1, 1, 1, 1, 1, 1, 1, 1, 1, 1, 1, 1]
	543653	426138	465006	7	M	87	A		-1	2285.2183574	[1, 1, 1, 1, 1, 1, 1, 1, 1, 1, 1, 1]
	519754	423356	324157	7	M	153	A		-1	2285.28454709	[1, 1, 1, 1, 1, 1, 1, 1, 1, 1, 1, 1]
	622058	515442	503067	8	M	107	A		-1	2285.39921974	[1, 1, 1, 1, 1, 1, 1, 1, 1, 1, 1, 1]
	637256	516203	581100	8	M	85	A		-1	2285.51763151	[1, 1, 1, 1, 1, 1, 1, 1, 1, 1, 1, 1]
	637465	516203	579670	8	M	71	A		-1	2285.59892935	[1, 1, 1, 1, 1, 1, 1, 1, 1, 1, 1, 1]
	664392	517519	519883	8	M	88	A		-1	2285.81756506	[1, 1, 1, 1, 1, 1, 1, 1, 1, 1, 1, 0]
	602080	518315	506141	8	M	59	A		-1	2285.83797447	[1, 1, 1, 1, 1, 1, 1, 1, 1, 1, 1, 1]
	584288	427512	481303	7	M	164	A		-1	2285.87363249	[1, 1, 1, 1, 1, 1, 1, 1, 1, 1, 1, 1]
	616203	515405	495493	8	M	140	A		-1	2286.20524829	[1, 1, 1, 1, 1, 1, 1, 1, 1, 1, 1, 1]
	611519	514940	516668	8	M	8	A		-1	2286.29663081	[1, 1, 1, 1, 1, 1, 1, 1, 1, 1, 1, 1]
	683423	518509	592597	8	M	174	A		-1	2286.60110197	[1, 1, 1, 1, 1, 1, 1, 1, 1, 1, 1, 1]
	611610	514940	540654	8	M	72	A		-1	2286.80684009	[1, 1, 1, 1, 1, 1, 1, 1, 1, 1, 1, 1]
	656651	517463	588208	8	M	163	A		-1	2287.99594848	[1, 1, 1, 1, 1, 1, 1, 1, 1, 1, 1, 0]
	660479	517519	593412	8	M	180	A		-1	2288.30052042	[1, 1, 1, 1, 1, 1, 1, 1, 1, 1, 1, 0]
	638949	516203	565281	8	M	107	A		-1	2288.32980862	[1, 1, 1, 1, 1, 1, 1, 1, 1, 1, 1, 1]
	650120	516790	559977	8	M	168	A		-1	2288.75401883	[1, 1, 1, 1, 1, 1, 1, 1, 1, 1, 1, 1]
	682941	518509	526467	8	M	150	A		-1	2289.15970934	[1, 1, 1, 1, 1, 1, 1, 1, 1, 1, 1, 1]
	670520	518431	567811	8	M	76	A		-1	2289.29446688	[1, 1, 1, 1, 1, 1, 1, 1, 1, 1, 1, 1]
	625894	515568	447026	8	M	38	A		-1	2289.93653394	[1, 1, 1, 1, 1, 1, 1, 1, 1, 1, 1, 1]
	660368	517519	550163	8	M	98	A		-1	2289.94199234	[1, 1, 1, 1, 1, 1, 1, 1, 1, 1, 1, 0]
	668854	518309	494987	8	M	29	A		-1	2290.11243705	[1, 1, 1, 1, 1, 1, 1, 1, 1, 1, 1, 1]
	529102	423496	417331	7	M	86	A		-1	2290.87403329	[1, 1, 1, 1, 1, 1, 1, 1, 1, 1, 1, 0]
	650557	516790	508491	8	M	123	A		-1	2290.94568163	[1, 1, 1, 1, 1, 1, 1, 1, 1, 1, 1, 1]
	670578	518431	320817	8	M	157	A		-1	2291.17668902	[1, 1, 1, 1, 1, 1, 1, 1, 1, 1, 1, 1]
	614229	514940	590866	8	M	117	A		-1	2292.09172285	[1, 1, 1, 1, 1, 1, 1, 1, 1, 1, 1, 1]
	495130	494311	469754	7	M	99	A		-1	2292.10853898	[1, 1, 1, 1, 1, 1, 1, 1, 1, 1, 1, 1]
	599810	518315	414303	8	M	102	A		-1	2292.7510924	[1, 1, 1, 1, 1, 1, 1, 1, 1, 1, 1, 1]
	567540	426924	467185	7	M	135	A		-1	2292.82205467	[1, 1, 1, 1, 1, 1, 1, 1, 1, 1, 1, 1]
	670026	518431	492083	8	M	121	A		-1	2293.1853423	[1, 1, 1, 1, 1, 1, 1, 1, 1, 1, 1, 1]
	604643	514705	545054	8	M	95	A		-1	2293.23974477	[1, 1, 1, 1, 1, 1, 1, 1, 1, 1, 1, 1]
	606361	514705	437726	8	M	155	A		-1	2293.85574857	[1, 1, 1, 1, 1, 1, 1, 1, 1, 1, 1, 1]
	674166	518431	495843	8	M	49	A		-1	2294.21944096	[1, 1, 1, 1, 1, 1, 1, 1, 1, 1, 1, 1]
	629428	515568	441809	8	M	165	A		-1	2294.30463094	[1, 1, 1, 1, 1, 1, 1, 1, 1, 1, 1, 1]
	628463	515568	467083	8	M	115	A		-1	2294.32347995	[1, 1, 1, 1, 1, 1, 1, 1, 1, 1, 1, 1]
	649466	516790	496721	8	M	137	A		-1	2294.33911314	[1, 1, 1, 1, 1, 1, 1, 1, 1, 1, 1, 1]
	664562	518309	441778	8	M	100	A		-1	2294.49337994	[1, 1, 1, 1, 1, 1, 1, 1, 1, 1, 1, 1]
	627679	515568	422689	8	M	65	A		-1	2294.66997484	[1, 1, 1, 1, 1, 1, 1, 1, 1, 1, 1, 1]
	677719	519772	499547	8	M	117	A		-1	2295.12011596	[1, 1, 1, 1, 1, 1, 1, 1, 1, 1, 1, 1]
	649328	516558	512237	8	M	31	A		-1	2295.30276996	[1, 1, 1, 1, 1, 1, 1, 1, 1, 1, 1, 1]
	642294	516429	332517	8	M	183	A		-1	2295.70413542	[1, 1, 1, 1, 1, 1, 1, 1, 1, 1, 1, 1]
	693852	518841	580578	8	M	148	A		-1	2295.72007793	[1, 1, 1, 1, 1, 1, 1, 1, 1, 1, 1, 1]
	689784	518841	549225	8	M	53	A		-1	2295.82191205	[1, 1, 1, 0, 1, 1, 1, 1, 1, 1, 1, 1]
	639286	516203	499915	8	M	57	A		-1	2296.64997428	[1, 1, 1, 1, 1, 1, 1, 1, 1, 1, 1, 1]
	658795	517463	509226	8	M	137	A		-1	2296.68487007	[1, 1, 1, 1, 1, 1, 1, 1, 1, 1, 1, 1]
	559468	426910	438178	7	M	59	A		-1	2296.98422131	[1, 1, 1, 1, 1, 1, 1, 1, 1, 1, 1, 1]
	508889	422534	431577	7	M	196	A		-1	2297.49174388	[1, 1, 1, 1, 1, 1, 1, 1, 1, 1, 1, 1]
	491664	332733	205867	6	M	43	A		-1	2298.16960929	[1, 1, 1, 1, 1, 1, 1, 1, 1, 1, 1, 1]
	622827	515442	522403	8	M	106	A		-1	2298.22135774	[1, 1, 1, 1, 1, 1, 1, 1, 1, 1, 1, 1]
	506444	422534	469618	7	M	115	A		-1	2298.24901068	[1, 1, 1, 1, 1, 1, 1, 1, 1, 1, 1, 1]
	643759	516429	536953	8	M	198	A		-1	2298.52462911	[1, 1, 1, 1, 1, 1, 1, 1, 1, 1, 1, 1]
	650718	516790	405654	8	M	104	A		-1	2299.04801859	[1, 1, 1, 1, 1, 1, 1, 1, 1, 1, 1, 1]
	635370	516203	527809	8	M	17	A		-1	2299.40729932	[1, 1, 1, 1, 1, 1, 1, 1, 1, 1, 1, 1]
	649626	516790	525686	8	M	162	A		-1	2299.69596797	[1, 1, 1, 1, 1, 1, 1, 1, 1, 1, 1, 0]
	593043	428423	443305	7	M	15	A		-1	2299.94651859	[1, 1, 1, 1, 1, 1, 1, 1, 1, 1, 1, 1]
	651914	516790	521222	8	M	48	A		-1	2300.14122985	[1, 1, 1, 1, 1, 1, 1, 1, 1, 1, 1, 1]
	602634	518315	512121	8	M	164	A		-1	2300.51959716	[1, 1, 1, 1, 1, 1, 1, 1, 1, 1, 1, 1]
	624929	515568	508820	8	M	93	A		-1	2300.83238668	[1, 1, 1, 1, 1, 1, 1, 1, 1, 1, 1, 1]
	605794	514705	503481	8	M	134	A		-1	2300.88116732	[1, 1, 1, 1, 1, 1, 1, 1, 1, 1, 1, 1]
	608145	514705	501938	8	M	43	A		-1	2301.21791061	[1, 1, 1, 1, 1, 1, 1, 1, 1, 1, 1, 1]
	668059	518309	591443	8	M	198	A		-1	2301.25901808	[1, 1, 1, 1, 1, 1, 1, 1, 1, 1, 1, 1]
	614211	514940	516517	8	M	186	A		-1	2301.30295294	[1, 1, 1, 1, 1, 1, 1, 1, 1, 1, 1, 1]
	599887	518315	399924	8	M	61	A		-1	2301.68505954	[1, 1, 1, 1, 1, 1, 1, 1, 1, 1, 1, 1]
	646209	516558	509550	8	M	175	A		-1	2301.69804822	[1, 1, 1, 1, 1, 1, 1, 1, 1, 1, 1, 0]
	681662	518509	499386	8	M	107	A		-1	2301.71507198	[1, 1, 1, 1, 1, 1, 1, 1, 1, 1, 1, 1]
	652122	516790	566591	8	M	105	A		-1	2302.34070677	[1, 1, 1, 1, 1, 1, 1, 1, 1, 1, 1, 1]
	649822	516790	574372	8	M	181	A		-1	2302.38627117	[1, 1, 1, 1, 1, 1, 1, 1, 1, 1, 1, 1]
	656181	517463	558546	8	M	15	A		-1	2302.46808983	[1, 1, 1, 1, 1, 1, 1, 1, 1, 1, 1, 1]
	678999	519772	495392	8	M	57	A		-1	2302.49317866	[1, 1, 1, 1, 1, 1, 1, 1, 1, 1, 1, 1]
	619518	515442	571614	8	M	126	A		-1	2302.83712996	[1, 1, 1, 1, 1, 1, 1, 1, 1, 1, 1, 1]
	642764	516429	516442	8	M	112	A		-1	2302.87496013	[1, 1, 1, 1, 1, 1, 1, 1, 1, 1, 1, 1]
	634002	515688	422335	8	M	16	A		-1	2303.8427085	[1, 1, 1, 1, 1, 1, 1, 1, 1, 1, 1, 1]
	667031	518309	566357	8	M	80	A		-1	2304.08357819	[1, 1, 1, 1, 1, 1, 1, 1, 1, 1, 1, 1]
	608485	514705	523484	8	M	46	A		-1	2304.38940101	[1, 1, 1, 1, 1, 1, 1, 1, 1, 1, 1, 1]
	566743	426924	481515	7	M	126	A		-1	2304.95105105	[1, 1, 1, 1, 1, 1, 1, 1, 1, 1, 1, 1]
	672921	518431	539255	8	M	144	A		-1	2305.14226024	[1, 1, 1, 1, 1, 1, 1, 1, 1, 1, 1, 1]
	626430	515568	511326	8	M	116	A		-1	2306.01795189	[1, 1, 1, 1, 1, 1, 1, 1, 1, 1, 1, 1]
	689112	518734	577982	8	M	75	A		-1	2306.34400578	[1, 1, 1, 1, 1, 1, 1, 1, 1, 1, 1, 1]
	666550	518309	523470	8	M	93	A		-1	2306.57998367	[1, 1, 1, 1, 1, 1, 1, 1, 1, 1, 1, 1]
	567176	426924	369357	7	M	199	A		-1	2306.65176507	[1, 1, 1, 1, 1, 1, 1, 1, 1, 1, 1, 1]
	643192	516429	546986	8	M	128	A		-1	2306.89833579	[1, 1, 1, 1, 1, 1, 1, 1, 1, 1, 1, 1]
	661605	517519	565851	8	M	40	A		-1	2306.92681418	[1, 1, 1, 1, 1, 1, 1, 1, 1, 1, 1, 0]
	668677	518309	567640	8	M	35	A		-1	2307.05523324	[1, 1, 1, 1, 1, 1, 1, 1, 1, 1, 1, 1]
	617196	515405	469818	8	M	72	A		-1	2307.24083472	[1, 1, 1, 1, 1, 0, 1, 1, 1, 1, 1, 1]
	618788	515405	532070	8	M	72	A		-1	2307.84300187	[1, 1, 1, 1, 1, 1, 1, 1, 1, 1, 1, 1]
	649896	516790	524628	8	M	106	A		-1	2307.93062905	[1, 1, 1, 1, 1, 1, 1, 1, 1, 1, 1, 0]
	672035	518431	583352	8	M	134	A		-1	2308.0697942	[1, 1, 1, 1, 1, 1, 1, 1, 1, 1, 1, 1]
	626306	515568	570715	8	M	119	A		-1	2308.33200328	[1, 1, 1, 1, 1, 1, 1, 1, 1, 1, 1, 1]
	657745	517463	579833	8	M	15	A		-1	2308.66937097	[1, 1, 1, 1, 1, 1, 1, 1, 1, 1, 1, 1]
	615467	515405	568900	8	M	31	A		-1	2308.82469033	[1, 1, 1, 1, 1, 1, 1, 1, 1, 1, 1, 1]
	653945	516790	495466	8	M	150	A		-1	2309.23242864	[1, 1, 1, 1, 1, 1, 1, 1, 1, 1, 1, 1]
	682884	518509	569361	8	M	123	A		-1	2309.92524126	[1, 1, 1, 1, 1, 1, 1, 1, 1, 1, 1, 1]
	623347	515442	420699	8	M	118	A		-1	2310.71731147	[1, 1, 1, 1, 1, 1, 1, 1, 1, 1, 1, 1]
	634340	515688	508560	8	M	11	A		-1	2311.6412247	[1, 1, 1, 1, 1, 1, 1, 1, 1, 1, 1, 1]
	657241	517463	564512	8	M	136	A		-1	2312.08566989	[1, 1, 1, 1, 1, 1, 1, 1, 1, 1, 1, 1]
	609431	514705	490260	8	M	96	A		-1	2312.1004816	[1, 1, 1, 1, 1, 1, 1, 1, 1, 1, 1, 1]
	611728	514940	327469	8	M	83	A		-1	2312.21775986	[1, 1, 1, 1, 1, 1, 1, 1, 1, 1, 1, 1]
	594569	594168	417347	8	M	122	A		-1	2312.45850593	[1, 1, 1, 1, 1, 1, 1, 1, 1, 1, 1, 1]
	683358	518509	509453	8	M	68	A		-1	2313.43185625	[1, 1, 1, 1, 1, 1, 1, 1, 1, 1, 1, 1]
	675925	519772	485673	8	M	13	A		-1	2313.52955711	[1, 1, 1, 1, 1, 1, 1, 1, 1, 1, 1, 1]
	520384	423356	454833	7	M	36	A		-1	2313.77301994	[1, 1, 1, 1, 1, 1, 1, 1, 1, 1, 1, 0]
	690286	518841	565222	8	M	97	A		-1	2313.89942079	[1, 1, 1, 1, 1, 1, 1, 1, 1, 1, 1, 1]
	685790	518734	539989	8	M	197	A		-1	2314.11524125	[1, 1, 1, 1, 1, 1, 1, 1, 1, 1, 1, 1]
	499454	494311	467331	7	M	89	A		-1	2314.18125883	[1, 1, 1, 1, 1, 1, 1, 1, 1, 1, 1, 1]
	622949	515442	547155	8	M	15	A		-1	2314.59295853	[1, 1, 1, 1, 1, 1, 1, 1, 1, 1, 1, 1]
	624882	515568	508909	8	M	58	A		-1	2314.79723764	[1, 1, 1, 1, 1, 1, 1, 1, 1, 1, 1, 1]
	669773	518431	536175	8	M	186	A		-1	2314.97671088	[1, 1, 1, 1, 1, 1, 1, 1, 1, 1, 1, 1]
	663349	517519	545703	8	M	26	A		-1	2315.62555544	[1, 1, 1, 1, 1, 1, 1, 1, 1, 1, 1, 0]
	688655	518734	477471	8	M	72	A		-1	2315.75723302	[1, 1, 1, 1, 1, 1, 1, 1, 1, 1, 1, 1]
	605435	514705	465186	8	M	135	A		-1	2315.76636226	[1, 1, 1, 1, 1, 1, 1, 1, 1, 1, 1, 1]
	672726	518431	496168	8	M	145	A		-1	2316.19088731	[1, 1, 1, 1, 1, 1, 1, 1, 1, 1, 1, 1]
	616843	515405	566189	8	M	93	A		-1	2316.19719626	[1, 1, 1, 1, 1, 1, 1, 1, 1, 1, 1, 1]
	606446	514705	533394	8	M	2	A		-1	2317.06051881	[1, 1, 1, 1, 1, 1, 1, 1, 1, 1, 1, 1]
	651165	516790	578550	8	M	130	A		-1	2318.63010838	[1, 1, 1, 1, 1, 1, 1, 1, 1, 1, 1, 1]
	616182	515405	524552	8	M	192	A		-1	2318.95281121	[1, 1, 1, 1, 1, 1, 1, 1, 1, 1, 1, 1]
	495366	494311	437755	7	M	127	A		-1	2319.14879508	[1, 1, 1, 1, 1, 1, 1, 1, 1, 1, 1, 1]
	664626	518309	443839	8	M	63	A		-1	2319.6372049	[1, 1, 1, 1, 1, 1, 1, 1, 1, 1, 1, 1]
	638907	516203	457249	8	M	125	A		-1	2319.69281926	[1, 1, 1, 1, 1, 1, 1, 1, 1, 1, 1, 1]
	639143	516203	407454	8	M	16	A		-1	2320.24395876	[1, 1, 1, 1, 1, 1, 1, 1, 1, 1, 1, 1]
	620905	515442	594045	8	M	31	A		-1	2320.49138496	[1, 1, 1, 1, 1, 1, 1, 1, 1, 1, 1, 1]
	638601	516203	504550	8	M	12	A		-1	2320.91455269	[1, 1, 1, 1, 1, 1, 1, 1, 1, 1, 1, 1]
	596585	594168	539109	8	M	61	A		-1	2320.96090479	[1, 1, 1, 0, 1, 1, 1, 1, 1, 1, 1, 1]
	671697	518431	409682	8	M	156	A		-1	2321.01716527	[1, 1, 1, 1, 1, 1, 1, 1, 1, 1, 1, 1]
	609639	514940	494865	8	M	176	A		-1	2321.09463667	[1, 1, 1, 1, 1, 1, 1, 1, 1, 1, 1, 1]
	609975	514940	506016	8	M	20	A		-1	2321.45660323	[1, 1, 1, 1, 1, 1, 1, 1, 1, 1, 1, 1]
	603531	518315	523680	8	M	190	A		-1	2322.0211701	[1, 1, 1, 1, 1, 1, 1, 1, 1, 1, 1, 1]
	680737	518509	529651	8	M	117	A		-1	2322.20333214	[1, 1, 1, 1, 1, 1, 1, 1, 1, 1, 1, 1]
	665039	518309	442902	8	M	73	A		-1	2323.1266252	[1, 1, 1, 1, 1, 1, 1, 1, 1, 1, 1, 1]
	605230	514705	498239	8	M	152	A		-1	2323.57030134	[1, 1, 1, 1, 1, 1, 1, 1, 1, 1, 1, 1]
	624554	515568	356431	8	M	161	A		-1	2323.98604103	[1, 1, 1, 1, 1, 1, 1, 1, 1, 1, 1, 1]
	662172	517519	533285	8	M	46	A		-1	2324.04010539	[1, 1, 1, 1, 1, 1, 1, 1, 1, 1, 1, 0]
	612699	514940	576475	8	M	36	A		-1	2324.18495719	[1, 1, 1, 1, 1, 1, 1, 1, 1, 1, 1, 1]
	649867	516790	495036	8	M	19	A		-1	2324.25471591	[1, 1, 1, 1, 1, 1, 1, 1, 1, 1, 1, 1]
	561677	426910	414797	7	M	77	A		-1	2325.02276154	[1, 1, 1, 1, 1, 1, 1, 1, 1, 1, 1, 1]
	651117	516790	530179	8	M	158	A		-1	2325.35815665	[1, 1, 1, 1, 1, 1, 1, 1, 1, 1, 1, 1]
	594926	594168	516423	8	M	39	A		-1	2325.47320905	[1, 1, 1, 0, 1, 1, 1, 1, 1, 1, 1, 1]
	580348	427512	437477	7	M	55	A		-1	2325.57565247	[1, 1, 1, 1, 1, 1, 1, 1, 1, 1, 1, 1]
	619380	515405	545026	8	M	104	A		-1	2326.01190924	[1, 1, 1, 1, 1, 1, 1, 1, 1, 1, 1, 1]
	638249	516203	414154	8	M	157	A		-1	2326.2093734	[1, 1, 1, 1, 1, 1, 1, 1, 1, 1, 1, 1]
	625751	515568	546729	8	M	72	A		-1	2326.4906417	[1, 1, 1, 1, 1, 1, 1, 1, 1, 1, 1, 1]
	615073	515405	496866	8	M	90	A		-1	2326.81599039	[1, 1, 1, 1, 1, 1, 1, 1, 1, 1, 1, 1]
	620966	515442	538458	8	M	150	A		-1	2326.88172743	[1, 1, 1, 1, 1, 1, 1, 1, 1, 1, 1, 1]
	638250	516203	502054	8	M	103	A		-1	2327.01337914	[1, 1, 1, 1, 1, 1, 1, 1, 1, 1, 1, 1]
	624080	515442	583644	8	M	131	A		-1	2327.10240172	[1, 1, 1, 1, 1, 1, 1, 1, 1, 1, 1, 1]
	526160	423496	395103	7	M	132	A		-1	2327.10860949	[1, 1, 1, 1, 1, 1, 1, 1, 1, 1, 1, 1]
	567158	426924	315220	7	M	8	A		-1	2327.90325113	[1, 1, 1, 1, 1, 1, 1, 1, 1, 1, 1, 1]
	661083	517519	584427	8	M	69	A		-1	2328.41199469	[1, 1, 1, 1, 1, 1, 1, 1, 1, 1, 1, 1]
	624089	515442	584887	8	M	137	A		-1	2328.66306076	[1, 1, 1, 1, 1, 1, 1, 1, 1, 1, 1, 1]
	620352	515442	553919	8	M	0	A		-1	2328.88666745	[1, 1, 1, 1, 1, 1, 1, 1, 1, 1, 1, 1]
	630070	515688	456697	8	M	11	A		-1	2329.41766376	[1, 1, 1, 1, 1, 1, 1, 1, 1, 1, 1, 1]
	620714	515442	438818	8	M	101	A		-1	2329.50743284	[1, 1, 1, 1, 1, 1, 1, 1, 1, 1, 1, 1]
	627105	515568	516860	8	M	180	A		-1	2329.79050278	[1, 1, 1, 1, 1, 1, 1, 1, 1, 1, 1, 0]
	638824	516203	268830	8	M	199	A		-1	2329.8576318	[1, 1, 1, 1, 1, 1, 1, 1, 1, 1, 1, 1]
	627575	515568	428576	8	M	162	A		-1	2330.16417251	[1, 1, 1, 1, 1, 1, 1, 1, 1, 1, 1, 1]
	627937	515568	529115	8	M	11	A		-1	2330.53243285	[1, 1, 1, 1, 1, 1, 1, 1, 1, 1, 1, 0]
	569210	426924	441778	7	M	100	A		-1	2330.63569697	[1, 1, 1, 1, 1, 1, 1, 1, 1, 1, 1, 1]
	653269	516790	557173	8	M	183	A		-1	2330.75772944	[1, 1, 1, 1, 1, 1, 1, 1, 1, 1, 1, 1]
	607182	514705	527815	8	M	158	A		-1	2330.79490801	[1, 1, 1, 1, 1, 1, 1, 1, 1, 1, 1, 1]
	620175	515442	559449	8	M	189	A		-1	2330.85733199	[1, 1, 1, 1, 1, 1, 1, 1, 1, 1, 1, 1]
	683105	518509	521044	8	M	56	A		-1	2331.25167191	[1, 1, 1, 1, 1, 1, 1, 1, 1, 1, 1, 1]
	675713	519772	578059	8	M	14	A		-1	2331.34356282	[1, 1, 1, 1, 1, 1, 1, 1, 1, 1, 1, 1]
	665491	518309	546858	8	M	199	A		-1	2331.76958774	[1, 1, 1, 1, 1, 1, 1, 1, 1, 1, 1, 1]
	671905	518431	558887	8	M	2	A		-1	2332.39064098	[1, 1, 1, 1, 1, 1, 1, 1, 1, 1, 1, 1]
	661727	517519	473717	8	M	151	A		-1	2332.63138638	[1, 1, 1, 1, 1, 1, 1, 1, 1, 1, 1, 1]
	617013	515405	586597	8	M	70	A		-1	2332.95115194	[1, 1, 1, 1, 1, 1, 1, 1, 1, 1, 1, 1]
	650542	516790	298217	8	M	134	A		-1	2333.51120696	[1, 1, 1, 1, 1, 1, 1, 1, 1, 1, 1, 0]
	523823	423356	464282	7	M	192	A		-1	2333.54504684	[1, 1, 1, 1, 1, 1, 1, 1, 1, 1, 1, 1]
	634233	515688	495391	8	M	169	A		-1	2333.60238181	[1, 1, 1, 1, 1, 1, 1, 1, 1, 1, 1, 1]
	615403	515405	565533	8	M	195	A		-1	2333.73609739	[1, 1, 1, 1, 1, 1, 1, 1, 1, 1, 1, 1]
	648545	516558	452034	8	M	165	A		-1	2333.84852324	[1, 1, 1, 1, 1, 1, 1, 1, 1, 1, 1, 1]
	646915	516558	499640	8	M	48	A		-1	2334.40677054	[1, 1, 1, 1, 1, 1, 1, 1, 1, 1, 1, -1]
	616451	515405	586368	8	M	40	A		-1	2334.86910175	[1, 1, 1, 1, 1, 0, 1, 1, 1, 1, 1, 1]
	656941	517463	518026	8	M	190	A		-1	2334.93754006	[1, 1, 1, 1, 1, 1, 1, 1, 1, 1, 1, 1]
	620154	515442	526557	8	M	143	A		-1	2335.13848225	[1, 1, 1, 1, 1, 1, 1, 1, 1, 1, 1, 1]
	671213	518431	494108	8	M	181	A		-1	2335.2070148	[1, 1, 1, 1, 1, 1, 1, 1, 1, 1, 1, 0]
	637959	516203	415327	8	M	66	A		-1	2335.23839236	[1, 1, 1, 1, 1, 1, 1, 1, 1, 1, 1, 1]
	636319	516203	489528	8	M	106	A		-1	2335.80382981	[1, 1, 1, 1, 1, 1, 1, 1, 1, 1, 1, 1]
	636166	516203	409911	8	M	114	A		-1	2336.51983173	[1, 1, 1, 1, 1, 1, 1, 1, 1, 1, 1, 1]
	590354	428423	448312	7	M	37	A		-1	2337.22684697	[1, 1, 1, 1, 1, 1, 1, 1, 1, 1, 1, 1]
	646912	516558	530115	8	M	57	A		-1	2337.33301871	[1, 1, 1, 1, 1, 1, 1, 1, 1, 1, 1, 1]
	624608	515568	409608	8	M	43	A		-1	2337.38562091	[1, 1, 1, 1, 1, 1, 1, 1, 1, 1, 1, 1]
	620664	515442	534133	8	M	58	A		-1	2338.52641421	[1, 1, 1, 1, 1, 1, 1, 1, 1, 1, 1, 1]
	635235	516203	443530	8	M	189	A		-1	2338.6826363	[1, 1, 1, 1, 1, 1, 1, 1, 1, 1, 1, 1]
	693048	518841	542467	8	M	190	A		-1	2338.70801112	[1, 1, 1, 1, 1, 1, 1, 1, 1, 1, 1, 1]
	624328	515442	501553	8	M	180	A		-1	2338.78576309	[1, 1, 1, 1, 1, 1, 1, 1, 1, 1, 1, 1]
	634837	516203	497304	8	M	75	A		-1	2339.71778479	[1, 1, 1, 1, 1, 1, 1, 1, 1, 1, 1, 1]
	672457	518431	490867	8	M	34	A		-1	2339.76442971	[1, 1, 1, 1, 1, 1, 1, 1, 1, 1, 1, 1]
	666714	518309	524476	8	M	191	A		-1	2339.87189265	[1, 1, 1, 1, 1, 1, 1, 1, 1, 1, 1, 1]
	603573	518315	551364	8	M	144	A		-1	2340.53717013	[1, 1, 1, 1, 1, 1, 1, 1, 1, 1, 1, 1]
	628715	515568	311028	8	M	140	A		-1	2340.8691353	[1, 1, 1, 1, 1, 1, 1, 1, 1, 1, 1, 1]
	507568	422534	329040	7	M	114	A		-1	2341.01212331	[0, 1, 1, 1, 1, 1, 1, 1, 1, 1, 1, 1]
	649662	516790	553268	8	M	14	A		-1	2341.76209661	[1, 1, 1, 1, 1, 1, 1, 1, 1, 1, 1, 1]
	603341	518315	525927	8	M	90	A		-1	2342.03957106	[1, 1, 1, 1, 1, 1, 1, 1, 1, 1, 1, 1]
	604579	514705	526963	8	M	39	A		-1	2342.40683952	[1, 1, 1, 1, 1, 1, 1, 1, 1, 1, 1, 0]
	626256	515568	553091	8	M	12	A		-1	2342.95778767	[1, 1, 1, 1, 1, 1, 1, 1, 1, 1, 1, 1]
	651501	516790	568324	8	M	5	A		-1	2343.77059575	[1, 1, 1, 1, 1, 1, 1, 1, 1, 1, 1, 1]
	641721	516429	569001	8	M	43	A		-1	2344.39679352	[1, 1, 1, 1, 1, 1, 1, 1, 1, 1, 1, 1]
	654000	516790	441266	8	M	139	A		-1	2344.68173842	[1, 1, 1, 1, 1, 1, 1, 1, 1, 1, 1, 1]
	634843	516203	568528	8	M	52	A		-1	2344.76191687	[1, 1, 1, 1, 1, 1, 1, 1, 1, 1, 1, 1]
	572539	427440	402940	7	M	56	A		-1	2345.36469513	[1, 1, 1, 1, 1, 1, 1, 1, 1, 1, 1, 1]
	637205	516203	591865	8	M	11	A		-1	2345.96365421	[1, 1, 1, 1, 1, 1, 1, 1, 1, 1, 1, 1]
	504160	427358	434630	7	M	147	A		-1	2347.10915045	[1, 1, 1, 1, 1, 1, 1, 1, 1, 1, 1, 0]
	657072	517463	546011	8	M	106	A		-1	2347.14857273	[1, 1, 1, 1, 1, 1, 1, 1, 1, 1, 1, 1]
	636971	516203	544803	8	M	104	A		-1	2347.30827922	[1, 1, 1, 1, 1, 1, 1, 1, 1, 1, 1, 1]
	627529	515568	497197	8	M	121	A		-1	2348.51142258	[1, 1, 1, 1, 1, 1, 1, 1, 1, 1, 1, 1]
	613406	514940	522148	8	M	13	A		-1	2348.90712727	[1, 1, 1, 1, 1, 1, 1, 1, 1, 1, 1, 1]
	621568	515442	503175	8	M	109	A		-1	2350.02437726	[1, 1, 1, 1, 1, 1, 1, 1, 1, 1, 1, 1]
	674696	519772	532187	8	M	68	A		-1	2350.71408416	[1, 1, 1, 1, 1, 1, 1, 1, 1, 1, 1, 1]
	628000	515568	521558	8	M	174	A		-1	2351.06878344	[1, 1, 1, 1, 1, 1, 1, 1, 1, 1, 1, 1]
	611264	514940	594098	8	M	92	A		-1	2351.30030619	[1, 1, 1, 1, 1, 1, 1, 1, 1, 1, 1, 1]
	615195	515405	506353	8	M	130	A		-1	2352.2925628	[1, 1, 1, 1, 1, 1, 1, 1, 1, 1, 1, 1]
	602391	518315	573359	8	M	44	A		-1	2352.97645565	[1, 1, 1, 1, 1, 1, 1, 1, 1, 1, 1, 1]
	603709	518315	571857	8	M	95	A		-1	2353.06943189	[1, 1, 1, 1, 1, 1, 1, 1, 1, 1, 1, 1]
	642849	516429	526249	8	M	0	A		-1	2354.12881241	[1, 1, 1, 1, 1, 1, 1, 1, 1, 1, 1, 0]
	647170	516558	585069	8	M	98	A		-1	2354.30747267	[1, 1, 1, 1, 1, 1, 1, 1, 1, 1, 1, 0]
	673563	518431	507168	8	M	195	A		-1	2354.52192199	[1, 1, 1, 1, 1, 1, 1, 1, 1, 1, 1, 1]
	690010	518841	557149	8	M	8	A		-1	2354.76521761	[1, 1, 1, 1, 1, 1, 1, 1, 1, 1, 1, 1]
	635401	516203	594223	8	M	180	A		-1	2355.11184087	[1, 1, 1, 1, 1, 1, 1, 1, 1, 1, 1, 1]
	609812	514940	499524	8	M	86	A		-1	2355.12919283	[1, 1, 1, 1, 1, 1, 1, 1, 1, 1, 1, 1]
	676760	519772	567206	8	M	7	A		-1	2355.31202441	[1, 1, 1, 1, 1, 1, 1, 1, 1, 1, 1, 1]
	664099	517519	583054	8	M	46	A		-1	2355.73951665	[1, 1, 1, 1, 1, 1, 1, 1, 1, 1, 1, 0]
	654407	516790	518098	8	M	173	A		-1	2355.84582142	[1, 1, 1, 1, 1, 1, 1, 1, 1, 1, 1, 1]
	568331	426924	413272	7	M	72	A		-1	2356.20902634	[1, 1, 1, 1, 1, 1, 1, 1, 1, 1, 1, 1]
	620232	515442	422791	8	M	96	A		-1	2356.32816582	[1, 1, 1, 1, 1, 1, 1, 1, 1, 1, 1, 1]
	629941	515688	545624	8	M	155	A		-1	2357.27026998	[1, 1, 1, 1, 1, 1, 1, 1, 1, 1, 1, 1]
	635028	516203	527257	8	M	39	A		-1	2358.21566755	[1, 1, 1, 1, 1, 1, 1, 1, 1, 1, 1, 1]
	633528	515688	550860	8	M	197	A		-1	2358.85543001	[1, 1, 1, 1, 1, 1, 1, 1, 1, 1, 1, 1]
	616137	515405	485615	8	M	28	A		-1	2359.24870919	[1, 1, 1, 1, 1, 1, 1, 1, 1, 1, 1, 1]
	689978	518841	540700	8	M	154	A		-1	2359.38415111	[1, 1, 1, 1, 1, 1, 1, 1, 1, 1, 1, 1]
	620676	515442	494597	8	M	191	A		-1	2359.49397507	[1, 1, 1, 1, 1, 1, 1, 1, 1, 1, 1, 1]
	631073	515688	590265	8	M	42	A		-1	2359.65733613	[1, 1, 1, 1, 1, 1, 1, 1, 1, 1, 1, 1]
	673687	518431	491253	8	M	84	A		-1	2359.73960187	[1, 1, 1, 1, 1, 1, 1, 1, 1, 1, 1, 1]
	669293	518309	588414	8	M	175	A		-1	2360.26996521	[1, 1, 1, 1, 1, 1, 1, 1, 1, 1, 1, 1]
	657679	517463	537069	8	M	25	A		-1	2360.40318839	[1, 1, 1, 1, 1, 1, 1, 1, 1, 1, 1, 1]
	632144	515688	500707	8	M	192	A		-1	2360.87488152	[1, 1, 1, 1, 1, 1, 1, 1, 1, 1, 1, 0]
	676981	519772	548559	8	M	99	A		-1	2360.99948835	[1, 1, 1, 1, 1, 1, 1, 1, 1, 1, 1, 1]
	675044	519772	563660	8	M	195	A		-1	2361.590314	[1, 1, 1, 1, 1, 1, 1, 1, 1, 1, 1, 1]
	615949	515405	523514	8	M	198	A		-1	2361.80182612	[1, 1, 1, 1, 1, 1, 1, 1, 1, 1, 1, 1]
	620944	515442	501044	8	M	176	A		-1	2362.4181143	[1, 1, 1, 1, 1, 1, 1, 1, 1, 1, 1, 0]
	623399	515442	209550	8	M	90	A		-1	2362.58431865	[1, 1, 1, 1, 1, 1, 1, 1, 1, 1, 1, 1]
	631451	515688	568774	8	M	183	A		-1	2363.56385742	[1, 1, 1, 1, 1, 1, 1, 1, 1, 1, 1, 1]
	628109	515568	556168	8	M	140	A		-1	2364.59738124	[1, 1, 1, 1, 1, 1, 1, 1, 1, 1, 1, 1]
	609100	514705	510301	8	M	40	A		-1	2365.09530582	[1, 1, 1, 1, 1, 1, 1, 1, 1, 1, 1, 1]
	670565	518431	496031	8	M	105	A		-1	2365.49625326	[1, 1, 1, 1, 1, 1, 1, 1, 1, 1, 1, 1]
	605967	514705	525105	8	M	146	A		-1	2365.92670879	[1, 1, 1, 1, 1, 1, 1, 1, 1, 1, 1, 0]
	677779	519772	591028	8	M	192	A		-1	2366.08888271	[1, 1, 1, 1, 1, 1, 1, 1, 1, 1, 1, 1]
	665716	518309	559987	8	M	111	A		-1	2366.09474639	[1, 1, 1, 1, 1, 1, 1, 1, 1, 1, 1, 1]
	599767	518315	517985	8	M	84	A		-1	2366.40052534	[1, 1, 1, 1, 1, 1, 1, 1, 1, 1, 1, 1]
	628877	515568	474936	8	M	142	A		-1	2366.77082038	[1, 1, 1, 1, 1, 1, 1, 1, 1, 1, 1, 1]
	615476	515405	584094	8	M	61	A		-1	2367.18723962	[1, 1, 1, 1, 1, 1, 1, 1, 1, 1, 1, 1]
	512876	422934	396617	7	M	166	A		-1	2367.21241954	[1, 1, 1, 1, 1, 1, 1, 1, 1, 1, 1, 1]
	627675	515568	509046	8	M	41	A		-1	2367.81734113	[1, 1, 1, 1, 1, 1, 1, 1, 1, 1, 1, 1]
	669699	518431	548848	8	M	4	A		-1	2368.17814075	[1, 1, 1, 1, 1, 1, 1, 1, 1, 1, 1, 1]
	653077	516790	516113	8	M	4	A		-1	2368.47595629	[1, 1, 1, 1, 1, 1, 1, 1, 1, 1, 1, 1]
	670240	518431	564825	8	M	133	A		-1	2368.59378799	[1, 1, 1, 1, 1, 1, 1, 1, 1, 1, 1, 1]
	647763	516558	508983	8	M	92	A		-1	2368.67205226	[1, 1, 1, 1, 1, 1, 1, 1, 1, 1, 1, 1]
	637127	516203	503323	8	M	43	A		-1	2368.85654629	[1, 1, 1, 1, 1, 1, 1, 1, 1, 1, 1, 1]
	645690	516558	502558	8	M	172	A		-1	2369.51217427	[1, 1, 1, 1, 1, 1, 1, 1, 1, 1, 1, 1]
	674060	518431	548471	8	M	111	A		-1	2370.53479764	[1, 1, 1, 1, 1, 1, 1, 1, 1, 1, 1, 1]
	625098	515568	234685	8	M	34	A		-1	2370.75116076	[1, 1, 1, 1, 1, 1, 1, 1, 1, 1, 1, 1]
	634053	515688	408392	8	M	163	A		-1	2371.64880581	[1, 1, 1, 1, 1, 1, 1, 1, 1, 1, 1, 1]
	601669	518315	525707	8	M	188	A		-1	2371.80367842	[1, 1, 1, 1, 1, 1, 1, 1, 1, 1, 1, 1]
	613331	514940	590352	8	M	150	A		-1	2372.55531697	[1, 1, 1, 1, 1, 1, 1, 1, 1, 1, 1, 1]
	630280	515688	260948	8	M	181	A		-1	2372.78974234	[1, 1, 1, 1, 1, 1, 1, 1, 1, 1, 1, 1]
	625537	515568	564996	8	M	26	A		-1	2373.06137068	[1, 1, 1, 1, 1, 1, 1, 1, 1, 1, 1, 1]
	672811	518431	538783	8	M	98	A		-1	2373.20681755	[1, 1, 1, 1, 1, 1, 1, 1, 1, 1, 1, 1]
	688305	518734	522662	8	M	57	A		-1	2373.24949263	[1, 1, 1, 1, 1, 1, 1, 1, 1, 1, 1, 1]
	653391	516790	541837	8	M	77	A		-1	2373.33926554	[1, 1, 1, 1, 1, 1, 1, 1, 1, 1, 1, 1]
	656435	517463	313022	8	M	7	A		-1	2373.4657779	[1, 1, 1, 1, 1, 1, 1, 1, 1, 1, 1, 1]
	651148	516790	450335	8	M	52	A		-1	2373.76115202	[1, 1, 1, 1, 1, 1, 1, 1, 1, 1, 1, 1]
	693879	518841	547859	8	M	52	A		-1	2374.35454975	[1, 1, 1, 1, 1, 1, 1, 1, 1, 1, 1, 1]
	631264	515688	528546	8	M	137	A		-1	2374.72390336	[1, 1, 1, 1, 1, 1, 1, 1, 1, 1, 1, 1]
	622541	515442	541730	8	M	63	A		-1	2375.33492336	[1, 1, 1, 1, 1, 1, 1, 1, 1, 1, 1, 1]
	659687	517519	581544	8	M	24	A		-1	2375.92869502	[1, 1, 1, 1, 1, 1, 1, 1, 1, 1, 1, 0]
	643209	516429	542906	8	M	40	A		-1	2376.04207586	[1, 1, 1, 1, 1, 1, 1, 1, 1, 1, 1, 1]
	626420	515568	593937	8	M	134	A		-1	2376.38306901	[1, 1, 1, 1, 1, 1, 1, 1, 1, 1, 1, 1]
	686881	518734	552213	8	M	66	A		-1	2376.48165577	[1, 1, 1, 1, 1, 1, 1, 1, 1, 1, 1, 1]
	650090	516790	569263	8	M	84	A		-1	2376.54978354	[1, 1, 1, 1, 1, 1, 1, 1, 1, 1, 1, 1]
	647368	516558	576548	8	M	173	A		-1	2376.98066582	[1, 1, 1, 1, 1, 1, 1, 1, 1, 1, 1, 1]
	611281	514940	508581	8	M	187	A		-1	2377.48046825	[1, 1, 1, 1, 1, 1, 1, 1, 1, 1, 1, 1]
	594501	594168	498747	8	M	139	A		-1	2377.91422594	[1, 1, 1, 0, 1, 1, 1, 1, 1, 1, 1, 1]
	652128	516790	566528	8	M	110	A		-1	2378.07224227	[1, 1, 1, 1, 1, 1, 1, 1, 1, 1, 1, 1]
	663082	517519	541099	8	M	23	A		-1	2378.44133188	[1, 1, 1, 1, 1, 0, 1, 1, 1, 1, 1, 0]
	653105	516790	485001	8	M	67	A		-1	2378.80288335	[1, 1, 1, 1, 1, 1, 1, 1, 1, 1, 1, 1]
	601365	518315	431658	8	M	106	A		-1	2381.09297815	[1, 1, 1, 1, 1, 1, 1, 1, 1, 1, 1, 1]
	651358	516790	512720	8	M	163	A		-1	2381.18272544	[1, 1, 1, 1, 1, 1, 1, 1, 1, 1, 1, 1]
	645433	516558	552824	8	M	110	A		-1	2381.41532433	[1, 1, 1, 1, 1, 1, 1, 1, 1, 1, 1, 1]
	621677	515442	502590	8	M	145	A		-1	2381.46493038	[1, 1, 1, 1, 1, 1, 1, 1, 1, 1, 1, 1]
	689655	518841	526284	8	M	172	A		-1	2381.53502774	[1, 1, 1, 1, 1, 1, 1, 1, 1, 1, 1, 0]
	596286	594168	593424	8	M	194	A		-1	2381.80510406	[1, 1, 1, 0, 1, 1, 1, 1, 1, 1, 1, 1]
	676911	519772	413227	8	M	22	A		-1	2382.10352393	[1, 1, 1, 1, 1, 1, 1, 1, 1, 1, 1, 1]
	627043	515568	483862	8	M	141	A		-1	2382.33786777	[1, 1, 1, 1, 1, 1, 1, 1, 1, 1, 1, 1]
	635088	516203	508221	8	M	37	A		-1	2382.74492461	[1, 1, 1, 1, 1, 1, 1, 1, 1, 1, 1, 1]
	620737	515442	529329	8	M	30	A		-1	2383.20537186	[1, 1, 1, 1, 1, 1, 1, 1, 1, 1, 1, 1]
	682808	518509	429247	8	M	23	A		-1	2383.58135395	[1, 1, 1, 1, 1, 1, 1, 1, 1, 1, 1, 1]
	613853	514940	501710	8	M	171	A		-1	2383.82195799	[1, 1, 1, 1, 1, 1, 1, 1, 1, 1, 1, 1]
	615504	515405	519237	8	M	105	A		-1	2384.38177552	[1, 1, 1, 1, 1, 1, 1, 1, 1, 1, 1, 1]
	611727	514940	516305	8	M	70	A		-1	2385.08600399	[1, 1, 1, 1, 1, 1, 1, 1, 1, 1, 1, 1]
	683689	518509	570713	8	M	92	A		-1	2385.19020224	[1, 1, 1, 1, 1, 1, 1, 1, 1, 1, 1, 1]
	673572	518431	495280	8	M	155	A		-1	2385.90262685	[1, 1, 1, 1, 1, 0, 1, 1, 1, 1, 1, 1]
	637967	516203	582165	8	M	118	A		-1	2386.33507114	[1, 1, 1, 1, 1, 1, 1, 1, 1, 1, 1, 1]
	671422	518431	475585	8	M	170	A		-1	2388.09836266	[1, 1, 1, 1, 1, 1, 1, 1, 1, 1, 1, 1]
	625523	515568	328059	8	M	174	A		-1	2388.10137489	[1, 1, 1, 1, 1, 1, 1, 1, 1, 1, 1, 1]
	606568	514705	556388	8	M	126	A		-1	2388.27464374	[1, 1, 1, 1, 1, 1, 1, 1, 1, 1, 1, 1]
	692991	518841	591296	8	M	199	A		-1	2388.47718177	[1, 1, 1, 1, 1, 1, 1, 1, 1, 1, 1, 1]
	665215	518309	560392	8	M	20	A		-1	2389.45644619	[1, 1, 1, 1, 1, 1, 1, 1, 1, 1, 1, 1]
	624848	515568	515370	8	M	56	A		-1	2390.79801006	[1, 1, 1, 1, 1, 1, 1, 1, 1, 1, 1, 1]
	596582	594168	449535	8	M	1	A		-1	2390.96844301	[1, 1, 1, 1, 1, 1, 1, 1, 1, 1, 1, 1]
	673013	518431	580238	8	M	125	A		-1	2392.70497477	[1, 1, 1, 1, 1, 1, 1, 1, 1, 1, 1, 1]
	635110	516203	589778	8	M	51	A		-1	2393.05680309	[1, 1, 1, 1, 1, 1, 1, 1, 1, 1, 1, 1]
	602852	518315	569341	8	M	88	A		-1	2393.06117754	[1, 1, 1, 1, 1, 1, 1, 1, 1, 1, 1, 1]
	642120	516429	561684	8	M	115	A		-1	2393.29733184	[1, 1, 1, 1, 1, 1, 1, 1, 1, 1, 1, 1]
	649502	516790	516489	8	M	156	A		-1	2393.53250909	[1, 1, 1, 1, 1, 1, 1, 1, 1, 1, 1, 1]
	655367	517463	499424	8	M	0	A		-1	2395.00218949	[1, 1, 1, 1, 1, 1, 1, 1, 1, 1, 1, 1]
	642141	516429	561607	8	M	125	A		-1	2396.83520491	[1, 1, 1, 1, 1, 1, 1, 1, 1, 1, 1, 1]
	684646	518734	560592	8	M	67	A		-1	2396.93229346	[1, 1, 1, 1, 1, 1, 1, 1, 1, 1, 1, 1]
	605252	514705	504523	8	M	187	A		-1	2397.17260946	[1, 1, 1, 1, 1, 1, 1, 1, 1, 1, 1, 1]
	604506	514705	548517	8	M	157	A		-1	2397.37545477	[1, 1, 1, 1, 1, 1, 1, 1, 1, 1, 1, 1]
	624519	515568	573323	8	M	95	A		-1	2398.9076833	[1, 1, 1, 1, 1, 1, 1, 1, 1, 1, 1, 1]
	550545	426337	431318	7	M	9	A		-1	2400.63566378	[1, 1, 1, 1, 1, 1, 1, 1, 1, 1, 1, 1]
	638860	516203	502092	8	M	145	A		-1	2401.38137013	[1, 1, 1, 1, 1, 1, 1, 1, 1, 1, 1, 1]
	620483	515442	571957	8	M	199	A		-1	2401.39075196	[1, 1, 1, 1, 1, 1, 1, 1, 1, 1, 1, 1]
	670932	518431	439834	8	M	187	A		-1	2401.46040349	[1, 1, 1, 1, 1, 1, 1, 1, 1, 1, 1, 0]
	614905	515405	590308	8	M	163	A		-1	2401.69856316	[1, 1, 1, 1, 1, 1, 1, 1, 1, 1, 1, 1]
	633477	515688	536165	8	M	2	A		-1	2402.26556887	[1, 1, 1, 1, 1, 1, 1, 1, 1, 1, 1, 1]
	655894	517463	557009	8	M	18	A		-1	2402.30556416	[1, 1, 1, 1, 1, 1, 1, 1, 1, 1, 1, 1]
	627295	515568	547321	8	M	102	A		-1	2403.1861042	[1, 1, 1, 1, 1, 1, 1, 1, 1, 1, 1, 1]
	684327	518509	546691	8	M	87	A		-1	2404.01076101	[1, 1, 1, 1, 1, 1, 1, 1, 1, 1, 1, 1]
	600412	518315	492556	8	M	174	A		-1	2404.79926486	[1, 1, 0, 1, 1, 1, 1, 1, 1, 1, 1, 1]
	616272	515405	458902	8	M	11	A		-1	2405.59841545	[1, 1, 1, 1, 1, 1, 1, 1, 1, 1, 1, 1]
	675872	519772	467781	8	M	196	A		-1	2405.60494749	[1, 1, 1, 1, 1, 1, 1, 1, 1, 1, 1, 1]
	608288	514705	582700	8	M	50	A		-1	2405.77651732	[1, 1, 1, 1, 1, 1, 1, 1, 1, 1, 1, 0]
	618707	515405	590259	8	M	186	A		-1	2406.56403282	[1, 1, 1, 1, 1, 1, 1, 1, 1, 1, 1, 1]
	635572	516203	498752	8	M	66	A		-1	2407.06063805	[1, 1, 1, 1, 1, 1, 1, 1, 1, 1, 1, 1]
	644330	516429	573790	8	M	200	A		-1	2407.41148829	[1, 1, 1, 1, 1, 1, 1, 1, 1, 1, 1, 1]
	680318	518509	418077	8	M	200	A		-1	2409.35798985	[1, 1, 1, 1, 1, 1, 1, 1, 1, 1, 1, 1]
	644630	516558	529291	8	M	84	A		-1	2409.53675328	[1, 1, 1, 1, 1, 1, 1, 1, 1, 1, 1, 0]
	685966	518734	477336	8	M	35	A		-1	2409.7354395	[1, 1, 1, 1, 1, 1, 1, 1, 1, 1, 1, 1]
	680659	518509	583333	8	M	180	A		-1	2411.27445265	[1, 1, 1, 1, 1, 1, 1, 1, 1, 1, 1, 1]
	677607	519772	593402	8	M	57	A		-1	2411.36134438	[1, 1, 1, 1, 1, 1, 1, 1, 1, 1, 1, 1]
	596906	594168	572809	8	M	10	A		-1	2411.66044102	[1, 1, 1, 0, 1, 1, 1, 1, 1, 1, 1, 1]
	617192	515405	529216	8	M	102	A		-1	2411.99909953	[1, 1, 1, 1, 1, 1, 1, 1, 1, 1, 1, 1]
	676415	519772	235567	8	M	160	A		-1	2412.4615359	[1, 1, 1, 1, 1, 1, 1, 1, 1, 1, 1, 1]
	686412	518734	402794	8	M	51	A		-1	2414.85899166	[1, 1, 1, 1, 1, 1, 1, 1, 1, 1, 1, 1]
	606993	514705	557872	8	M	104	A		-1	2416.32242584	[1, 1, 1, 1, 1, 1, 1, 1, 1, 1, 1, 1]
	606387	514705	583732	8	M	27	A		-1	2416.36061684	[1, 1, 1, 1, 1, 1, 1, 1, 1, 1, 1, 1]
	693712	518841	498843	8	M	199	A		-1	2416.49169982	[1, 1, 1, 1, 1, 1, 1, 1, 1, 1, 1, 1]
	608147	514705	424043	8	M	165	A		-1	2416.71842688	[1, 1, 1, 1, 1, 1, 1, 1, 1, 1, 1, 1]
	525119	423496	425878	7	M	32	A		-1	2418.19661128	[1, 1, 1, 1, 1, 1, 1, 1, 1, 1, 1, 1]
	665341	518309	436492	8	M	88	A		-1	2420.12679371	[1, 1, 1, 1, 1, 1, 1, 1, 1, 1, 1, 1]
	655416	517463	527204	8	M	61	A		-1	2420.3886338	[1, 1, 1, 1, 1, 1, 1, 1, 1, 1, 1, 1]
	693701	518841	428589	8	M	165	A		-1	2420.62659562	[1, 1, 1, 1, 1, 1, 1, 1, 1, 1, 1, 1]
	650941	516790	316653	8	M	111	A		-1	2421.59014169	[1, 1, 1, 1, 1, 1, 1, 1, 1, 1, 1, 1]
	620537	515442	504091	8	M	76	A		-1	2422.65952939	[1, 1, 1, 1, 1, 1, 1, 1, 1, 1, 1, 1]
	681507	518509	560463	8	M	143	A		-1	2422.7250851	[1, 1, 1, 1, 1, 1, 1, 1, 1, 1, 1, 1]
	665773	518309	558626	8	M	127	A		-1	2425.97286561	[1, 1, 1, 1, 1, 1, 1, 1, 1, 1, 1, 1]
	616392	515405	502369	8	M	135	A		-1	2426.62500286	[1, 1, 1, 1, 1, 1, 1, 0, 1, 1, 1, 1]
	622695	515442	552444	8	M	34	A		-1	2426.7845104	[1, 1, 1, 1, 1, 1, 1, 1, 1, 1, 1, 1]
	672316	518431	488389	8	M	91	A		-1	2427.40191747	[1, 1, 1, 1, 1, 1, 1, 1, 1, 1, 1, 1]
	660784	517519	515026	8	M	85	A		-1	2428.55015125	[1, 1, 1, 1, 1, 1, 1, 1, 1, 1, 1, 0]
	623043	515442	587146	8	M	7	A		-1	2428.58337138	[1, 1, 1, 1, 1, 1, 1, 1, 1, 1, 1, 1]
	653625	516790	496996	8	M	164	A		-1	2429.47631533	[1, 1, 1, 1, 1, 1, 1, 1, 1, 1, 1, 1]
	678763	519772	528593	8	M	61	A		-1	2430.59249998	[1, 1, 1, 1, 1, 1, 1, 1, 1, 1, 1, 0]
	693559	518841	593007	8	M	194	A		-1	2431.15080796	[1, 1, 1, 1, 1, 1, 1, 1, 1, 1, 1, 1]
	677487	519772	511186	8	M	79	A		-1	2431.15998531	[1, 1, 1, 1, 1, 1, 1, 1, 1, 1, 1, 1]
	508545	422534	421218	7	M	117	A		-1	2431.79835517	[1, 1, 1, 1, 1, 1, 1, 1, 1, 1, 1, 1]
	668310	518309	593372	8	M	179	A		-1	2433.3099119	[1, 1, 1, 1, 1, 1, 1, 1, 1, 1, 1, 0]
	635756	516203	566499	8	M	97	A		-1	2439.44750507	[1, 1, 1, 1, 1, 1, 1, 1, 1, 1, 1, 1]
	622587	515442	522348	8	M	179	A		-1	2439.51759338	[1, 1, 1, 1, 1, 1, 1, 1, 1, 1, 1, 1]
	660826	517519	521041	8	M	172	A		-1	2439.9654191	[1, 1, 1, 1, 1, 1, 1, 1, 1, 1, 1, 0]
	692532	518841	534595	8	M	58	A		-1	2442.46760986	[1, 1, 1, 1, 1, 1, 1, 1, 1, 1, 1, 1]
	660286	517519	501704	8	M	145	A		-1	2443.94792514	[1, 1, 1, 1, 1, 1, 1, 1, 1, 1, 1, -1]
	661774	517519	441592	8	M	157	A		-1	2444.10002045	[1, 1, 1, 1, 1, 1, 1, 1, 1, 1, 1, 1]
	618723	515405	545092	8	M	120	A		-1	2446.02074877	[1, 1, 1, 1, 1, 1, 1, 1, 1, 1, 1, 1]
	620612	515442	587136	8	M	4	A		-1	2446.12397235	[1, 1, 1, 1, 1, 1, 1, 1, 1, 1, 1, 1]
	519152	423239	443350	7	M	49	A		-1	2446.19716667	[1, 1, 1, 1, 1, 1, 1, 1, 1, 1, 1, 1]
	611477	514940	514517	8	M	20	A		-1	2446.59460249	[1, 1, 1, 1, 1, 1, 1, 1, 1, 1, 1, 1]
	619712	515442	495428	8	M	18	A		-1	2446.99531492	[1, 1, 1, 1, 1, 1, 1, 1, 1, 1, 1, 0]
	606010	514705	509577	8	M	51	A		-1	2447.21998168	[1, 1, 1, 1, 1, 1, 1, 1, 1, 1, 1, 1]
	679283	519772	477480	8	M	67	A		-1	2447.62375155	[1, 1, 1, 1, 1, 1, 1, 1, 1, 1, 1, 1]
	662068	517519	557345	8	M	44	A		-1	2450.12641066	[1, 1, 1, 1, 1, 1, 1, 1, 1, 1, 1, 1]
	678671	519772	552010	8	M	19	A		-1	2451.7549918	[1, 1, 1, 1, 1, 1, 1, 1, 1, 1, 1, 1]
	523018	423356	411971	7	M	97	A		-1	2451.80849158	[1, 1, 1, 1, 1, 1, 1, 1, 1, 1, 1, 1]
	602187	518315	394978	8	M	108	A		-1	2452.66291867	[1, 1, 1, 1, 1, 1, 1, 1, 1, 1, 1, 1]
	674662	519772	574840	8	M	43	A		-1	2452.84321827	[1, 1, 1, 1, 1, 1, 1, 1, 1, 1, 1, 1]
	675317	519772	508129	8	M	83	A		-1	2458.69743787	[1, 1, 1, 1, 1, 1, 1, 1, 1, 1, 1, 1]
	664337	517519	519199	8	M	36	A		-1	2459.19210153	[1, 1, 1, 0, 1, 1, 1, 1, 1, 1, 1, 1]
	621162	515442	570382	8	M	29	A		-1	2460.13978356	[1, 1, 1, 1, 1, 1, 1, 1, 1, 1, 1, 1]
	692304	518841	498765	8	M	137	A		-1	2460.26626101	[1, 1, 1, 1, 1, 1, 1, 1, 1, 1, 1, 1]
	652361	516790	521296	8	M	62	A		-1	2461.50359412	[1, 1, 1, 1, 1, 1, 1, 1, 1, 1, 1, 1]
	527731	423496	490794	7	M	84	A		-1	2461.95018915	[1, 1, 1, 1, 1, 1, 1, 1, 1, 1, 1, 1]
	659991	517519	560688	8	M	70	A		-1	2465.1080207	[1, 1, 1, 1, 1, 1, 1, 1, 1, 1, 1, 1]
	619482	515442	574180	8	M	53	A		-1	2465.11168299	[1, 1, 1, 1, 1, 1, 1, 1, 1, 1, 1, 1]
	603459	518315	496537	8	M	156	A		-1	2465.38993824	[1, 1, 1, 1, 1, 1, 1, 1, 1, 1, 1, 1]
	663998	517519	407580	8	M	188	A		-1	2466.38734504	[1, 1, 1, 1, 1, 1, 1, 1, 1, 1, 1, 1]
	650043	516790	520266	8	M	90	A		-1	2466.45743871	[1, 1, 1, 1, 1, 1, 1, 1, 1, 1, 1, 1]
	638761	516203	561207	8	M	64	A		-1	2466.70231576	[1, 1, 1, 1, 1, 1, 1, 1, 1, 1, 1, 1]
	660759	517519	555784	8	M	104	A		-1	2468.09503686	[1, 1, 1, 1, 1, 1, 1, 1, 1, 1, 1, 1]
	628255	515568	443815	8	M	32	A		-1	2468.5436944	[1, 1, 1, 1, 1, 1, 1, 1, 1, 1, 1, 1]
	650316	516790	503314	8	M	0	A		-1	2470.22131993	[1, 1, 1, 1, 1, 1, 1, 1, 1, 1, 1, 1]
	612814	514940	591357	8	M	15	A		-1	2470.2808047	[1, 1, 1, 1, 1, 1, 1, 1, 1, 1, 1, 1]
	659712	517519	520165	8	M	127	A		-1	2471.64467279	[1, 1, 1, 1, 1, 1, 1, 1, 1, 1, 1, 1]
	618402	515405	506425	8	M	179	A		-1	2472.30362719	[1, 1, 1, 1, 1, 1, 1, 1, 1, 1, 1, 1]
	622561	515442	422452	8	M	100	A		-1	2476.97173635	[1, 1, 1, 1, 1, 1, 1, 1, 1, 1, 1, 1]
	558773	426704	472941	7	M	86	A		-1	2477.10174863	[1, 1, 1, 1, 1, 1, 1, 1, 1, 1, 1, 1]
	634584	516203	571181	8	M	121	A		-1	2477.86550148	[1, 1, 1, 1, 1, 1, 1, 1, 1, 1, 1, 1]
	650514	516790	547415	8	M	129	A		-1	2478.04174392	[1, 1, 1, 1, 1, 1, 1, 1, 1, 1, 1, 1]
	666972	518309	524881	8	M	24	A		-1	2480.78476937	[1, 1, 1, 1, 1, 1, 1, 1, 1, 1, 1, 1]
	599413	594168	526369	8	M	181	A		-1	2482.75913905	[1, 1, 1, 1, 1, 1, 1, 1, 1, 1, 1, 1]
	562116	426910	435468	7	M	86	A		-1	2484.76664443	[1, 1, 1, 1, 1, 1, 1, 1, 1, 1, 1, 1]
	566500	426924	443248	7	M	139	A		-1	2485.33276732	[1, 1, 1, 1, 1, 1, 1, 1, 1, 1, 1, 1]
	616114	515405	526238	8	M	199	A		-1	2487.33068954	[1, 1, 1, 1, 1, 1, 1, 1, 1, 1, 1, 0]
	634159	515688	436121	8	M	66	A		-1	2487.48336412	[1, 1, 1, 1, 1, 1, 1, 1, 1, 1, 1, 1]
	644849	516558	513769	8	M	172	A		-1	2496.4672367	[1, 1, 1, 1, 1, 1, 1, 1, 1, 1, 1, 1]
	649686	516790	502986	8	M	59	A		-1	2499.21501916	[1, 1, 1, 1, 1, 1, 1, 1, 1, 1, 1, 1]
	626434	515568	500168	8	M	33	A		-1	2503.5314065	[1, 1, 1, 1, 1, 1, 1, 1, 1, 1, 1, 1]
	650468	516790	554408	8	M	70	A		-1	2505.78455783	[1, 1, 1, 1, 1, 1, 1, 1, 1, 1, 1, 1]
	685590	518734	500957	8	M	20	A		-1	2506.95572263	[1, 1, 1, 1, 1, 1, 1, 1, 1, 1, 1, 1]
	679896	518509	590395	8	M	42	A		-1	2508.25815213	[1, 1, 1, 1, 1, 1, 1, 1, 1, 1, 1, 1]
	680466	518509	541499	8	M	81	A		-1	2510.23690579	[1, 1, 1, 1, 1, 1, 1, 1, 1, 1, 1, 1]
	669759	518431	470559	8	M	83	A		-1	2511.02968614	[1, 1, 1, 1, 1, 1, 1, 1, 1, 1, 1, 1]
	652254	516790	520430	8	M	97	A		-1	2511.75403042	[1, 1, 1, 1, 1, 1, 1, 1, 1, 1, 1, 1]
	607374	514705	406717	8	M	110	A		-1	2513.42823174	[1, 1, 1, 1, 1, 1, 1, 1, 1, 1, 1, 1]
	665789	518309	533081	8	M	105	A		-1	2519.14783521	[1, 1, 1, 1, 1, 1, 1, 1, 1, 1, 1, 1]
	661038	517519	548072	8	M	26	A		-1	2524.75152093	[1, 1, 1, 1, 1, 1, 1, 1, 1, 1, 1, 1]
	613609	514940	544734	8	M	48	A		-1	2538.39993564	[1, 1, 1, 1, 1, 1, 1, 1, 1, 1, 1, 1]
	656505	517463	393791	8	M	61	A		-1	2541.45902636	[1, 1, 1, 1, 1, 1, 1, 1, 1, 1, 1, 1]
	666161	518309	574880	8	M	100	A		-1	2541.94736774	[1, 1, 1, 1, 1, 1, 1, 1, 1, 1, 1, 1]
	670436	518431	433950	8	M	100	A		-1	2542.5249848	[1, 1, 1, 1, 1, 1, 1, 1, 1, 1, 1, 1]
	661989	517519	514956	8	M	187	A		-1	2543.63611967	[1, 1, 1, 1, 1, 1, 1, 1, 1, 1, 1, 0]
	596788	594168	567768	8	M	42	A		-1	2545.75583124	[1, 1, 1, 1, 1, 1, 1, 1, 1, 1, 1, 1]
	628487	515568	571987	8	M	126	A		-1	2557.10820987	[1, 1, 1, 1, 1, 1, 1, 1, 1, 1, 1, 1]
	628462	515568	520494	8	M	151	A		-1	2565.97522849	[1, 1, 1, 1, 1, 1, 1, 1, 1, 1, 1, 1]
	669668	518431	587204	8	M	189	A		-1	2569.24172656	[1, 1, 1, 1, 1, 1, 1, 1, 1, 1, 1, 1]
	620862	515442	584540	8	M	180	A		-1	2580.48445339	[1, 1, 1, 1, 1, 1, 1, 1, 1, 1, 1, 1]
	617863	515405	525625	8	M	179	A		-1	2581.50225988	[1, 1, 1, 1, 1, 1, 1, 1, 1, 1, 1, 0]
	633824	515688	515003	8	M	177	A		-1	2589.81134524	[1, 1, 1, 1, 1, 1, 1, 1, 1, 1, 1, 1]
	603325	518315	502371	8	M	63	A		-1	2589.82622127	[1, 1, 1, 1, 1, 1, 1, 1, 1, 1, 1, 1]
	662766	517519	520516	8	M	67	A		-1	2605.107692	[1, 1, 1, 1, 1, 1, 1, 1, 1, 1, 1, 1]
	680069	518509	450332	8	M	166	A		-1	2610.74128804	[1, 1, 1, 1, 1, 1, 1, 1, 1, 1, 1, 1]
	648562	516558	497628	8	M	8	A		-1	2610.76986022	[1, 1, 1, 1, 1, 1, 1, 1, 1, 1, 1, 0]
	627228	515568	519604	8	M	96	A		-1	2650.74106552	[1, 1, 1, 1, 1, 1, 1, 1, 1, 1, 1, 1]
	626984	515568	569002	8	M	27	A		-1	2667.16603772	[1, 1, 1, 1, 1, 1, 1, 1, 1, 1, 1, 1]
	628483	515568	504168	8	M	27	A		-1	2683.80465363	[1, 1, 1, 1, 1, 1, 1, 1, 1, 1, 1, 1]
	613447	514940	521847	8	M	60	A		-1	2709.90682066	[1, 1, 1, 1, 1, 1, 1, 1, 1, 1, 1, 1]
	602750	518315	568952	8	M	88	A		-1	2888.29380736	[1, 1, 1, 1, 1, 1, 1, 1, 1, 1, 1, 1]
