animal	sire	dam	born	sex	herd	status	cause	died	TBV	recessives
	1387517	1233454	1224002	15	M	31	A		-1	3843.52670895	[1, 1, 1, 1, 1, 1, 1, 1, 1, 1, 1, 1]
	1225486	1122686	1081164	14	M	182	A		-1	3843.70652918	[1, 1, 1, 1, 1, 1, 1, 1, 1, 1, 1, 1]
	1343652	1230767	1244602	15	M	149	A		-1	3843.78776556	[1, 1, 1, 1, 1, 1, 1, 1, 1, 1, 1, 1]
	1294844	1294311	1281495	15	M	96	A		-1	3843.84715387	[1, 1, 1, 1, 1, 1, 1, 1, 1, 1, 1, 1]
	1323625	1229115	1206818	15	M	92	A		-1	3843.87411618	[1, 1, 1, 1, 1, 1, 1, 1, 1, 1, 1, 1]
	1301495	1232764	1250698	15	M	96	A		-1	3843.96435993	[1, 1, 1, 1, 1, 1, 1, 1, 1, 1, 1, 1]
	1393055	1233465	1111941	15	M	77	A		-1	3844.46071353	[1, 1, 1, 1, 1, 1, 1, 1, 1, 1, 1, 1]
	1335105	1230690	1212315	15	M	95	A		-1	3844.69215662	[1, 1, 1, 1, 1, 1, 1, 1, 1, 1, 1, 1]
	1234468	1123166	1102070	14	M	97	A		-1	3845.07336284	[1, 1, 1, 1, 1, 1, 1, 1, 1, 1, 1, 1]
	1341808	1230767	1271165	15	M	95	A		-1	3845.24248031	[1, 1, 1, 1, 1, 1, 1, 1, 1, 1, 1, 1]
	1303032	1232764	1271247	15	M	97	A		-1	3845.54669042	[1, 1, 1, 1, 1, 1, 1, 1, 1, 1, 1, 1]
	1300347	1232764	1149257	15	M	151	A		-1	3845.62254141	[1, 1, 1, 1, 1, 1, 1, 1, 1, 1, 1, 1]
	1365257	1232717	1183063	15	M	198	A		-1	3845.80578057	[1, 1, 1, 1, 1, 1, 1, 1, 1, 1, 1, 1]
	1321965	1229115	1206498	15	M	89	A		-1	3845.92964195	[1, 1, 1, 1, 1, 1, 1, 1, 1, 1, 1, 1]
	1390001	1233465	1216278	15	M	54	A		-1	3846.12863535	[1, 1, 1, 1, 1, 1, 1, 1, 1, 1, 1, 1]
	1334546	1230690	1253554	15	M	8	A		-1	3846.14875481	[1, 1, 1, 1, 1, 1, 1, 1, 1, 1, 1, 1]
	1349927	1231624	1274134	15	M	121	A		-1	3846.23586467	[1, 1, 1, 1, 1, 1, 1, 1, 1, 1, 1, 1]
	1314942	1228667	1241889	15	M	31	A		-1	3846.25936147	[1, 1, 1, 1, 1, 1, 1, 1, 1, 1, 1, 1]
	1358540	1231917	1242253	15	M	156	A		-1	3846.52024615	[1, 1, 1, 1, 1, 1, 1, 1, 1, 1, 1, 1]
	1352911	1231624	1251612	15	M	45	A		-1	3846.58936468	[1, 1, 1, 1, 1, 1, 1, 1, 1, 1, 1, 1]
	1393085	1233465	1157707	15	M	21	A		-1	3847.12132163	[1, 1, 1, 1, 1, 1, 1, 1, 1, 1, 1, 1]
	1227935	1122686	1153184	14	M	23	A		-1	3847.4373562	[1, 1, 1, 1, 1, 1, 1, 1, 1, 1, 1, 1]
	1305122	1228072	1252146	15	M	149	A		-1	3847.61426037	[1, 1, 1, 1, 1, 1, 1, 1, 1, 1, 1, 1]
	1352178	1231624	1203790	15	M	185	A		-1	3847.72457773	[1, 1, 1, 1, 1, 1, 1, 1, 1, 1, 1, 1]
	1336654	1230690	1209757	15	M	177	A		-1	3847.87728496	[1, 1, 1, 1, 1, 1, 1, 1, 1, 1, 1, 1]
	1309636	1228593	1261001	15	M	2	A		-1	3847.94181293	[1, 1, 1, 1, 1, 1, 1, 1, 1, 1, 1, 1]
	1307130	1228072	1101533	15	M	172	A		-1	3848.05867985	[1, 1, 1, 1, 1, 1, 1, 1, 1, 1, 1, 1]
	1361559	1232371	1108405	15	M	13	A		-1	3848.16000354	[1, 1, 1, 1, 1, 1, 1, 1, 1, 1, 1, 1]
	1331342	1230012	1289520	15	M	81	A		-1	3848.27153637	[1, 1, 1, 1, 1, 1, 1, 1, 1, 1, 1, 1]
	1320867	1229115	1255231	15	M	157	A		-1	3848.49317119	[1, 1, 1, 1, 1, 1, 1, 1, 1, 1, 1, 1]
	1331925	1230012	1160315	15	M	188	A		-1	3849.49220288	[1, 1, 1, 1, 1, 1, 1, 1, 1, 1, 1, 1]
	1337619	1230690	1291607	15	M	146	A		-1	3849.53541879	[1, 1, 1, 1, 1, 1, 1, 1, 1, 1, 1, 1]
	1389216	1233454	1253522	15	M	123	A		-1	3849.54620856	[1, 1, 1, 1, 1, 1, 1, 1, 1, 1, 1, 1]
	1342236	1230767	1210968	15	M	66	A		-1	3849.55329852	[1, 1, 1, 1, 1, 1, 1, 1, 1, 1, 1, 1]
	1390388	1233465	1283787	15	M	150	A		-1	3849.76631675	[1, 1, 1, 1, 1, 1, 1, 1, 1, 1, 1, 1]
	1378476	1235980	1273294	15	M	82	A		-1	3850.38712955	[1, 1, 1, 1, 1, 1, 1, 1, 1, 1, 1, 1]
	1306004	1228072	1164678	15	M	189	A		-1	3851.13592516	[1, 1, 1, 1, 1, 1, 1, 1, 1, 1, 1, 1]
	1389068	1233454	997220	15	M	8	A		-1	3851.14563812	[1, 1, 1, 1, 1, 1, 1, 1, 1, 1, 1, 1]
	1337610	1230690	959636	15	M	28	A		-1	3851.25184979	[1, 1, 1, 1, 1, 1, 1, 1, 1, 1, 1, 0]
	1295477	1294311	1209495	15	M	151	A		-1	3851.28727868	[1, 1, 1, 1, 1, 1, 1, 1, 1, 1, 1, 1]
	1365105	1232717	1142622	15	M	149	A		-1	3851.32649218	[1, 1, 1, 1, 1, 1, 1, 1, 1, 1, 1, 1]
	1300182	1232764	1252225	15	M	95	A		-1	3851.53395161	[1, 1, 1, 1, 1, 1, 1, 1, 1, 1, 1, 1]
	1322538	1229115	1283658	15	M	89	A		-1	3851.55952278	[1, 1, 1, 1, 1, 1, 1, 1, 1, 1, 1, 1]
	1380609	1233316	1291397	15	M	93	A		-1	3852.13219471	[1, 1, 1, 1, 1, 1, 1, 1, 1, 1, 1, 1]
	1328354	1229437	1243300	15	M	121	A		-1	3852.13364881	[1, 1, 1, 1, 1, 1, 1, 1, 1, 1, 1, 1]
	1337340	1230690	1252959	15	M	53	A		-1	3852.3971882	[1, 1, 1, 1, 1, 1, 1, 1, 1, 1, 1, 1]
	1298562	1294311	1215648	15	M	161	A		-1	3852.4412266	[1, 1, 1, 1, 1, 1, 1, 1, 1, 1, 1, 1]
	1370126	1233011	1224286	15	M	116	A		-1	3852.80578468	[1, 1, 1, 1, 1, 1, 1, 1, 1, 1, 1, 1]
	1356846	1231917	1224906	15	M	192	A		-1	3852.85895168	[1, 1, 1, 1, 1, 1, 1, 1, 1, 1, 1, 1]
	1244218	1123881	1135377	14	M	82	A		-1	3853.58796192	[1, 1, 1, 1, 1, 1, 1, 1, 1, 1, 1, 1]
	1392602	1233465	1240787	15	M	199	A		-1	3853.83426203	[1, 1, 1, 1, 1, 1, 1, 1, 1, 1, 1, 1]
	1392565	1233465	1175991	15	M	114	A		-1	3853.83652112	[1, 1, 1, 1, 1, 1, 1, 1, 1, 1, 1, 1]
	1351550	1231624	1282480	15	M	182	A		-1	3854.20369767	[1, 1, 1, 1, 1, 1, 1, 1, 1, 1, 1, 1]
	1313314	1228593	1058144	15	M	25	A		-1	3854.29709963	[1, 1, 1, 1, 1, 1, 1, 1, 1, 1, 1, 1]
	1299006	1294311	1293514	15	M	146	A		-1	3854.42161876	[1, 1, 1, 1, 1, 1, 1, 1, 1, 1, 1, 1]
	1243595	1123881	1099500	14	M	17	A		-1	3854.56738332	[1, 1, 1, 1, 1, 1, 1, 1, 1, 1, 1, 1]
	1365119	1232717	1240347	15	M	59	A		-1	3854.69445441	[1, 1, 1, 1, 1, 1, 1, 1, 1, 1, 1, 1]
	1352506	1231624	1199913	15	M	63	A		-1	3854.79594867	[1, 1, 1, 1, 1, 1, 1, 1, 1, 1, 1, 1]
	1297102	1294311	1203380	15	M	23	A		-1	3855.19991879	[1, 1, 1, 1, 1, 1, 1, 1, 1, 1, 1, 1]
	1297458	1294311	1282066	15	M	90	A		-1	3855.54912259	[1, 1, 1, 1, 1, 1, 1, 1, 1, 1, 1, 1]
	1388091	1233454	1290062	15	M	141	A		-1	3855.98427359	[1, 1, 1, 1, 1, 1, 1, 1, 1, 1, 1, 1]
	1331746	1230012	1222190	15	M	176	A		-1	3856.08570484	[1, 1, 1, 1, 1, 1, 1, 1, 1, 1, 1, 1]
	1321943	1229115	1104773	15	M	101	A		-1	3856.42858909	[1, 1, 1, 1, 1, 1, 1, 1, 1, 1, 1, 1]
	1384505	1233454	1148608	15	M	156	A		-1	3856.67471083	[1, 1, 1, 1, 1, 1, 1, 1, 1, 1, 1, 1]
	1303096	1232764	1112490	15	M	26	A		-1	3856.84547066	[1, 1, 1, 1, 1, 1, 1, 1, 1, 1, 1, 1]
	1331411	1230012	1266448	15	M	111	A		-1	3856.86607511	[1, 1, 1, 1, 1, 1, 1, 1, 1, 1, 1, 1]
	1394386	1233465	1248099	15	M	83	A		-1	3857.00446294	[1, 1, 1, 1, 1, 1, 1, 1, 1, 1, 1, 1]
	1390499	1233465	1203123	15	M	110	A		-1	3857.44803805	[1, 1, 1, 1, 1, 1, 1, 1, 1, 1, 1, 1]
	1375218	1235980	1249846	15	M	160	A		-1	3857.47986645	[1, 1, 1, 1, 1, 1, 1, 1, 1, 1, 1, 1]
	1372821	1233011	1200023	15	M	102	A		-1	3857.64220961	[1, 1, 1, 1, 1, 1, 1, 1, 1, 1, 1, 1]
	1300620	1232764	1260057	15	M	169	A		-1	3857.79392217	[1, 1, 1, 1, 1, 1, 1, 1, 1, 1, 1, 1]
	1390202	1233465	1196190	15	M	115	A		-1	3857.83710871	[1, 1, 1, 1, 1, 1, 1, 1, 1, 1, 1, 1]
	1310185	1228593	1291591	15	M	121	A		-1	3857.92467667	[1, 1, 1, 1, 1, 1, 1, 1, 1, 1, 1, 1]
	1329166	1229437	1270692	15	M	121	A		-1	3858.08613373	[1, 1, 1, 1, 1, 1, 1, 1, 1, 1, 1, 1]
	1388680	1233454	1269684	15	M	58	A		-1	3858.14440907	[1, 1, 1, 1, 1, 1, 1, 1, 1, 1, 1, 1]
	1321547	1229115	1253516	15	M	11	A		-1	3858.41589964	[1, 1, 1, 1, 1, 1, 1, 1, 1, 1, 1, 1]
	1333886	1230012	1234241	15	M	173	A		-1	3858.52403918	[1, 1, 1, 1, 1, 1, 1, 1, 1, 1, 1, 1]
	1322810	1229115	1269861	15	M	133	A		-1	3858.55272336	[1, 1, 1, 1, 1, 1, 1, 1, 1, 1, 1, 1]
	1375917	1235980	961366	15	M	175	A		-1	3858.64776235	[1, 1, 1, 1, 1, 1, 1, 1, 1, 1, 1, 1]
	1306124	1228072	1238942	15	M	4	A		-1	3858.76862598	[1, 1, 1, 1, 1, 1, 1, 1, 1, 1, 1, 1]
	1359960	1232371	1201075	15	M	28	A		-1	3858.86548827	[1, 1, 1, 1, 1, 1, 1, 1, 1, 1, 1, 1]
	1368607	1232717	1290170	15	M	1	A		-1	3858.98084227	[1, 1, 1, 1, 1, 1, 1, 1, 1, 1, 1, 1]
	1349985	1231624	1198065	15	M	115	A		-1	3859.13471604	[1, 1, 1, 1, 1, 1, 1, 1, 1, 1, 1, 1]
	1320810	1229115	1210024	15	M	132	A		-1	3859.40064251	[1, 1, 1, 1, 1, 1, 1, 1, 1, 1, 1, 1]
	1385526	1233454	1292645	15	M	113	A		-1	3860.22092735	[1, 1, 1, 1, 1, 1, 1, 1, 1, 1, 1, 1]
	1300870	1232764	1287771	15	M	62	A		-1	3860.44649046	[1, 1, 1, 1, 1, 1, 1, 1, 1, 1, 1, 1]
	1337912	1230690	1278748	15	M	94	A		-1	3860.91233639	[1, 1, 1, 1, 1, 1, 1, 1, 1, 1, 1, 1]
	1315140	1228667	1201097	15	M	45	A		-1	3861.21178635	[1, 1, 1, 1, 1, 1, 1, 1, 1, 1, 1, 1]
	1325637	1229437	1210411	15	M	25	A		-1	3861.98067401	[1, 1, 1, 1, 1, 1, 1, 1, 1, 1, 1, 1]
	1295124	1294311	1289880	15	M	53	A		-1	3862.0045065	[1, 1, 1, 1, 1, 1, 1, 1, 1, 1, 1, 1]
	1240364	1123881	1103527	14	M	143	A		-1	3862.33439697	[1, 1, 1, 1, 1, 1, 1, 1, 1, 1, 1, 1]
	1315606	1228667	1243891	15	M	177	A		-1	3862.5758784	[1, 1, 1, 1, 1, 1, 1, 1, 1, 1, 1, 1]
	1366102	1232717	1075392	15	M	111	A		-1	3862.65136361	[1, 1, 1, 1, 1, 1, 1, 1, 1, 1, 1, 1]
	1298838	1294311	1189458	15	M	167	A		-1	3862.810061	[1, 1, 1, 1, 1, 1, 1, 1, 1, 1, 1, 1]
	1377947	1235980	933594	15	M	169	A		-1	3862.85636141	[1, 1, 1, 1, 1, 1, 1, 1, 1, 1, 1, 1]
	1317739	1228667	1237771	15	M	21	A		-1	3862.93809688	[1, 1, 1, 1, 1, 1, 1, 1, 1, 1, 1, 1]
	1368368	1232717	1238159	15	M	64	A		-1	3862.9773938	[1, 1, 1, 1, 1, 1, 1, 1, 1, 1, 1, 1]
	1351915	1231624	1275837	15	M	179	A		-1	3863.24395504	[1, 1, 1, 1, 1, 1, 1, 1, 1, 1, 1, 1]
	1375541	1235980	1201882	15	M	75	A		-1	3863.28618672	[1, 1, 1, 1, 1, 1, 1, 1, 1, 1, 1, 1]
	1311777	1228593	1162868	15	M	65	A		-1	3863.64914718	[1, 1, 1, 1, 1, 1, 1, 1, 1, 1, 1, 1]
	1234892	1123166	1131447	14	M	200	A		-1	3863.72536828	[1, 1, 1, 1, 1, 1, 1, 1, 1, 1, 1, 1]
	1301247	1232764	1286056	15	M	95	A		-1	3864.29529512	[1, 1, 1, 1, 1, 1, 1, 1, 1, 1, 1, 1]
	1320260	1229115	1294157	15	M	107	A		-1	3864.59533449	[1, 1, 1, 1, 1, 1, 1, 1, 1, 1, 1, 1]
	1264550	1125289	1088299	14	M	87	A		-1	3864.9266949	[1, 1, 1, 1, 1, 1, 1, 1, 1, 1, 1, 1]
	1296771	1294311	1240977	15	M	82	A		-1	3865.66895145	[1, 1, 1, 1, 1, 1, 1, 1, 1, 1, 1, 1]
	1372312	1233011	1254680	15	M	98	A		-1	3865.81512494	[1, 1, 1, 1, 1, 1, 1, 1, 1, 1, 1, 1]
	1309596	1228593	1228255	15	M	124	A		-1	3865.85006217	[1, 1, 1, 1, 1, 1, 1, 1, 1, 1, 1, 1]
	1317429	1228667	1235139	15	M	35	A		-1	3866.07733102	[1, 1, 1, 1, 1, 1, 1, 1, 1, 1, 1, 1]
	1383078	1233316	1281165	15	M	127	A		-1	3866.63563433	[1, 1, 1, 1, 1, 1, 1, 1, 1, 1, 1, 1]
	1356880	1231917	1238272	15	M	165	A		-1	3866.75108229	[1, 1, 1, 1, 1, 1, 1, 1, 1, 1, 1, 1]
	1364679	1232717	1230138	15	M	115	A		-1	3866.87328535	[1, 1, 1, 1, 1, 1, 1, 1, 1, 1, 1, 1]
	1251672	1124746	1116188	14	M	36	A		-1	3867.49912317	[1, 1, 1, 1, 1, 1, 1, 1, 1, 1, 1, 1]
	1214386	1121692	1148711	14	M	109	A		-1	3867.55959636	[1, 1, 1, 1, 1, 1, 1, 1, 1, 1, 1, 1]
	1322898	1229115	1227374	15	M	126	A		-1	3868.65084096	[1, 1, 1, 1, 1, 1, 1, 1, 1, 1, 1, 1]
	1316460	1228667	1293235	15	M	20	A		-1	3869.19712945	[1, 1, 1, 1, 1, 1, 1, 1, 1, 1, 1, 1]
	1316769	1228667	1153384	15	M	42	A		-1	3869.28680904	[1, 1, 1, 1, 1, 1, 1, 1, 1, 1, 1, 1]
	1298217	1294311	1160746	15	M	127	A		-1	3869.46716476	[1, 1, 1, 1, 1, 1, 1, 1, 1, 1, 1, 1]
	1368006	1232717	1294092	15	M	113	A		-1	3869.48574846	[1, 1, 1, 1, 1, 1, 1, 1, 1, 1, 1, 1]
	1382051	1233316	1273823	15	M	2	A		-1	3869.56569429	[1, 1, 1, 1, 1, 1, 1, 1, 1, 1, 1, 1]
	1339527	1230767	1268659	15	M	144	A		-1	3869.59234834	[1, 1, 1, 1, 1, 1, 1, 1, 1, 1, 1, 1]
	1231624	1122838	1148348	14	M	133	A		-1	3870.09675968	[1, 1, 1, 1, 1, 1, 1, 1, 1, 1, 1, 1]
	1302263	1232764	1173898	15	M	135	A		-1	3870.66118599	[1, 1, 1, 1, 1, 1, 1, 1, 1, 1, 1, 1]
	1344363	1230767	1291699	15	M	110	A		-1	3870.75286945	[1, 1, 1, 1, 1, 1, 1, 1, 1, 1, 1, 1]
	1336827	1230690	1266133	15	M	160	A		-1	3870.9090521	[1, 1, 1, 1, 1, 1, 1, 1, 1, 1, 1, 1]
	1325284	1229437	1239252	15	M	35	A		-1	3871.3900174	[1, 1, 1, 1, 1, 1, 1, 1, 1, 1, 1, 1]
	1296156	1294311	1015923	15	M	145	A		-1	3871.39742406	[1, 1, 1, 1, 1, 1, 1, 1, 1, 1, 1, 1]
	1371001	1233011	1026698	15	M	123	A		-1	3871.84997273	[1, 1, 1, 1, 1, 1, 1, 1, 1, 1, 1, 1]
	1352515	1231624	1171294	15	M	155	A		-1	3871.87342372	[1, 1, 1, 1, 1, 1, 1, 1, 1, 1, 1, 1]
	1313772	1228593	1116083	15	M	142	A		-1	3871.91772108	[1, 1, 1, 1, 1, 1, 1, 1, 1, 1, 1, 1]
	1387961	1233454	1243112	15	M	28	A		-1	3872.19383516	[1, 1, 1, 1, 1, 1, 1, 1, 1, 1, 1, 1]
	1373705	1233011	1293765	15	M	154	A		-1	3872.39842257	[1, 1, 1, 1, 1, 1, 1, 1, 1, 1, 1, 1]
	1297996	1294311	1232646	15	M	3	A		-1	3872.92858659	[1, 1, 1, 1, 1, 1, 1, 1, 1, 1, 1, 1]
	1323564	1229115	1241530	15	M	63	A		-1	3873.43402474	[1, 1, 1, 1, 1, 1, 1, 1, 1, 1, 1, 1]
	1325535	1229437	1232496	15	M	28	A		-1	3873.67353831	[1, 1, 1, 1, 1, 1, 1, 1, 1, 1, 1, 1]
	1318227	1228667	1260980	15	M	114	A		-1	3874.090152	[1, 1, 1, 1, 1, 1, 1, 1, 1, 1, 1, 1]
	1216072	1122074	1109013	14	M	191	A		-1	3874.48938294	[1, 1, 1, 1, 1, 1, 1, 1, 1, 1, 1, 1]
	1305531	1228072	1283962	15	M	88	A		-1	3874.61094587	[1, 1, 1, 1, 1, 1, 1, 1, 1, 1, 1, 1]
	1306517	1228072	1197989	15	M	188	A		-1	3875.8287799	[1, 1, 1, 1, 1, 1, 1, 1, 1, 1, 1, 1]
	1370599	1233011	1151643	15	M	4	A		-1	3875.94843347	[1, 1, 1, 1, 1, 1, 1, 1, 1, 1, 1, 1]
	1280337	1126129	1169301	14	M	158	A		-1	3875.99387546	[1, 1, 1, 1, 1, 1, 1, 1, 1, 1, 1, 1]
	1316047	1228667	1019507	15	M	144	A		-1	3876.14114186	[1, 1, 1, 1, 1, 1, 1, 1, 1, 1, 1, 1]
	1365357	1232717	1117525	15	M	29	A		-1	3876.44890112	[1, 1, 1, 1, 1, 1, 1, 1, 1, 1, 1, 1]
	1388269	1233454	1278355	15	M	131	A		-1	3876.64988289	[1, 1, 1, 1, 1, 1, 1, 1, 1, 1, 1, 1]
	1295298	1294311	1232050	15	M	0	A		-1	3877.51631123	[1, 1, 1, 1, 1, 1, 1, 1, 1, 1, 1, 1]
	1367885	1232717	1137996	15	M	114	A		-1	3878.11430152	[1, 1, 1, 1, 1, 1, 1, 1, 1, 1, 1, 1]
	1296632	1294311	1194737	15	M	114	A		-1	3878.18467559	[1, 1, 1, 1, 1, 1, 1, 1, 1, 1, 1, 1]
	1381872	1233316	1121332	15	M	19	A		-1	3878.28797488	[1, 1, 1, 1, 1, 1, 1, 1, 1, 1, 1, 1]
	1273568	1126118	1131155	14	M	179	A		-1	3878.79783881	[1, 1, 1, 1, 1, 1, 1, 1, 1, 1, 1, 1]
	1300508	1232764	1152270	15	M	106	A		-1	3878.84111801	[1, 1, 1, 1, 1, 1, 1, 1, 1, 1, 1, 1]
	1365506	1232717	1211942	15	M	127	A		-1	3878.89095465	[1, 1, 1, 1, 1, 1, 1, 1, 1, 1, 1, 1]
	1337971	1230690	1225015	15	M	145	A		-1	3878.905034	[1, 1, 1, 1, 1, 1, 1, 1, 1, 1, 1, 1]
	1328188	1229437	1100794	15	M	179	A		-1	3879.03207929	[1, 1, 1, 1, 1, 1, 1, 1, 1, 1, 1, 1]
	1317561	1228667	1196381	15	M	166	A		-1	3879.14728403	[1, 1, 1, 1, 1, 1, 1, 1, 1, 1, 1, 1]
	1316514	1228667	1107580	15	M	95	A		-1	3879.42470172	[1, 1, 1, 1, 1, 1, 1, 1, 1, 1, 1, 1]
	1394251	1233465	1169244	15	M	193	A		-1	3879.63784245	[1, 1, 1, 1, 1, 1, 1, 1, 1, 1, 1, 1]
	1271386	1126118	1189578	14	M	157	A		-1	3879.66531329	[1, 1, 1, 1, 1, 1, 1, 1, 1, 1, 1, 1]
	1305490	1228072	1266751	15	M	18	A		-1	3879.8552085	[1, 1, 1, 1, 1, 1, 1, 1, 1, 1, 1, 1]
	1263110	1125017	1129902	14	M	75	A		-1	3880.9026275	[1, 1, 1, 1, 1, 1, 1, 1, 1, 1, 1, 0]
	1353612	1231624	1216143	15	M	160	A		-1	3881.0679724	[1, 1, 1, 1, 1, 1, 1, 1, 1, 1, 1, 1]
	1349463	1231624	1282399	15	M	57	A		-1	3881.55068844	[1, 1, 1, 1, 1, 1, 1, 1, 1, 1, 1, 1]
	1307633	1228072	1211386	15	M	102	A		-1	3882.23741734	[1, 1, 1, 1, 1, 1, 1, 1, 1, 1, 1, 1]
	1350321	1231624	1288550	15	M	100	A		-1	3882.32415652	[1, 1, 1, 1, 1, 1, 1, 1, 1, 1, 1, 1]
	1339410	1230690	1271519	15	M	171	A		-1	3882.49673756	[1, 1, 1, 1, 1, 1, 1, 1, 1, 1, 1, 1]
	1381787	1233316	1284406	15	M	106	A		-1	3882.77044218	[1, 1, 1, 1, 1, 1, 1, 1, 1, 1, 1, 1]
	1394383	1233465	1200113	15	M	172	A		-1	3882.90320243	[1, 1, 1, 1, 1, 1, 1, 1, 1, 1, 1, 1]
	1309164	1228072	1211839	15	M	94	A		-1	3883.21892331	[1, 1, 1, 1, 1, 1, 1, 1, 1, 1, 1, 1]
	1370570	1233011	1190959	15	M	115	A		-1	3883.29613889	[1, 1, 1, 1, 1, 1, 1, 1, 1, 1, 1, 1]
	1389692	1233465	1196845	15	M	69	A		-1	3883.56525944	[1, 1, 1, 1, 1, 1, 1, 1, 1, 1, 1, 1]
	1298130	1294311	1233818	15	M	60	A		-1	3883.94950228	[1, 1, 1, 1, 1, 1, 1, 1, 1, 1, 1, 1]
	1351905	1231624	1248886	15	M	182	A		-1	3884.36238194	[1, 1, 1, 1, 1, 1, 1, 1, 1, 1, 1, 1]
	1299356	1294311	1271224	15	M	4	A		-1	3884.36584153	[1, 1, 1, 1, 1, 1, 1, 1, 1, 1, 1, 1]
	1270149	1126118	1118925	14	M	153	A		-1	3884.3815188	[1, 1, 1, 1, 1, 1, 1, 1, 1, 1, 1, 1]
	1385907	1233454	1223678	15	M	64	A		-1	3884.74963491	[1, 1, 1, 1, 1, 1, 1, 1, 1, 1, 1, 0]
	1242967	1123881	1126686	14	M	86	A		-1	3885.13566705	[1, 1, 1, 1, 1, 1, 1, 1, 1, 1, 1, 1]
	1334701	1230690	1180780	15	M	13	A		-1	3885.19878225	[1, 1, 1, 1, 1, 1, 1, 1, 1, 1, 1, 0]
	1216426	1122074	1183851	14	M	7	A		-1	3885.49439207	[1, 1, 1, 1, 1, 1, 1, 1, 1, 1, 1, 1]
	1323754	1229115	1102161	15	M	31	A		-1	3886.23884747	[1, 1, 1, 1, 1, 1, 1, 1, 1, 1, 1, 1]
	1391220	1233465	1118672	15	M	166	A		-1	3886.3486861	[1, 1, 1, 1, 1, 1, 1, 1, 1, 1, 1, 1]
	1359459	1232371	1110852	15	M	175	A		-1	3887.02330234	[1, 1, 1, 1, 1, 1, 1, 1, 1, 1, 1, 1]
	1315310	1228667	1118435	15	M	40	A		-1	3887.41096301	[1, 1, 1, 1, 1, 1, 1, 1, 1, 1, 1, 1]
	1351613	1231624	1024599	15	M	187	A		-1	3887.47746429	[1, 1, 1, 1, 1, 1, 1, 1, 1, 1, 1, 1]
	1383535	1233316	1241147	15	M	48	A		-1	3887.58383038	[1, 1, 1, 1, 1, 1, 1, 1, 1, 1, 1, 1]
	1350255	1231624	1289476	15	M	102	A		-1	3887.71735782	[1, 1, 1, 1, 1, 1, 1, 1, 1, 1, 1, 1]
	1304602	1228072	1174444	15	M	115	A		-1	3888.30063913	[1, 1, 1, 1, 1, 1, 1, 1, 1, 1, 1, 1]
	1342608	1230767	1293567	15	M	136	A		-1	3888.31031871	[1, 1, 1, 1, 1, 1, 1, 1, 1, 1, 1, 1]
	1384594	1233454	1279897	15	M	139	A		-1	3888.61920772	[1, 1, 1, 1, 1, 1, 1, 1, 1, 1, 1, 1]
	1337392	1230690	1277588	15	M	115	A		-1	3888.91139169	[1, 1, 1, 1, 1, 1, 1, 1, 1, 1, 1, 1]
	1304107	1232764	1250605	15	M	128	A		-1	3889.08823938	[1, 1, 1, 1, 1, 1, 1, 1, 1, 1, 1, 1]
	1372487	1233011	1221705	15	M	183	A		-1	3889.27810835	[1, 1, 1, 1, 1, 1, 1, 1, 1, 1, 1, 1]
	1347468	1231421	1218100	15	M	89	A		-1	3889.43450945	[1, 1, 1, 1, 1, 1, 1, 1, 1, 1, 1, 1]
	1309244	1228072	1290145	15	M	32	A		-1	3890.00246741	[1, 1, 1, 1, 1, 1, 1, 1, 1, 1, 1, 1]
	1362168	1232371	1243366	15	M	199	A		-1	3890.11540387	[1, 1, 1, 1, 1, 1, 1, 1, 1, 1, 1, 1]
	1292698	1126467	1149273	14	M	158	A		-1	3890.54411928	[1, 1, 1, 1, 1, 1, 1, 1, 1, 1, 1, 1]
	1350854	1231624	1235385	15	M	27	A		-1	3891.29304442	[1, 1, 1, 1, 1, 1, 1, 1, 1, 1, 1, 1]
	1355409	1231917	1219985	15	M	64	A		-1	3891.49070734	[1, 1, 1, 1, 1, 1, 1, 1, 1, 1, 1, 1]
	1321516	1229115	1216349	15	M	129	A		-1	3891.75186345	[1, 1, 1, 1, 1, 1, 1, 1, 1, 1, 1, 1]
	1356799	1231917	1210077	15	M	175	A		-1	3892.12020255	[1, 1, 1, 1, 1, 1, 1, 1, 1, 1, 1, 1]
	1387512	1233454	1239920	15	M	36	A		-1	3892.28575258	[1, 1, 1, 1, 1, 1, 1, 1, 1, 1, 1, 1]
	1304592	1228072	1114561	15	M	115	A		-1	3892.52636219	[1, 1, 1, 1, 1, 1, 1, 1, 1, 1, 1, 1]
	1310456	1228593	1256731	15	M	169	A		-1	3893.42568826	[1, 1, 1, 1, 1, 1, 1, 1, 1, 1, 1, 1]
	1332362	1230012	1199347	15	M	179	A		-1	3893.56671884	[1, 1, 1, 1, 1, 1, 1, 1, 1, 1, 1, 1]
	1317534	1228667	1252908	15	M	129	A		-1	3893.82759559	[1, 1, 1, 1, 1, 1, 1, 1, 1, 1, 1, 1]
	1290638	1126467	1181929	14	M	147	A		-1	3893.8389894	[1, 1, 1, 1, 1, 1, 1, 1, 1, 1, 1, 1]
	1350011	1231624	1283831	15	M	69	A		-1	3894.25035602	[1, 1, 1, 1, 1, 1, 1, 1, 1, 1, 1, 1]
	1303202	1232764	1291500	15	M	57	A		-1	3894.4340344	[1, 1, 1, 1, 1, 1, 1, 1, 1, 1, 1, 1]
	1341550	1230767	1291665	15	M	71	A		-1	3894.48886266	[1, 1, 1, 1, 1, 1, 1, 1, 1, 1, 1, 1]
	1317905	1228667	1269335	15	M	194	A		-1	3894.92390479	[1, 1, 1, 1, 1, 1, 1, 1, 1, 1, 1, 1]
	1352722	1231624	1185757	15	M	78	A		-1	3894.925614	[1, 1, 1, 1, 1, 1, 1, 1, 1, 1, 1, 1]
	1311740	1228593	1106868	15	M	150	A		-1	3895.49611433	[1, 1, 1, 1, 1, 1, 1, 1, 1, 1, 1, 1]
	1320860	1229115	1251256	15	M	7	A		-1	3896.04071173	[1, 1, 1, 1, 1, 1, 1, 1, 1, 1, 1, 1]
	1310729	1228593	1212886	15	M	107	A		-1	3896.08521499	[1, 1, 1, 1, 1, 1, 1, 1, 1, 1, 1, 1]
	1324456	1229437	1262549	15	M	153	A		-1	3896.13167149	[1, 1, 1, 1, 1, 1, 1, 1, 1, 1, 1, 1]
	1352105	1231624	1167759	15	M	57	A		-1	3896.57711429	[1, 1, 1, 1, 1, 1, 1, 1, 1, 1, 1, 1]
	1394201	1233465	1242487	15	M	128	A		-1	3896.6615419	[1, 1, 1, 1, 1, 1, 1, 1, 1, 1, 1, 1]
	1387268	1233454	1241219	15	M	6	A		-1	3896.99215717	[1, 1, 1, 1, 1, 1, 1, 1, 1, 1, 1, 1]
	1388071	1233454	1248614	15	M	40	A		-1	3897.4127403	[1, 1, 1, 1, 1, 1, 1, 1, 1, 1, 1, 1]
	1323964	1229115	1267357	15	M	106	A		-1	3897.53520209	[1, 1, 1, 1, 1, 1, 1, 1, 1, 1, 1, 1]
	1299786	1232764	1150742	15	M	89	A		-1	3897.74886802	[1, 1, 1, 1, 1, 1, 1, 1, 1, 1, 1, 1]
	1381765	1233316	1195068	15	M	185	A		-1	3897.87457566	[1, 1, 1, 1, 1, 1, 1, 1, 1, 1, 1, 1]
	1389697	1233465	1262404	15	M	103	A		-1	3898.037726	[1, 1, 1, 1, 1, 1, 1, 1, 1, 1, 1, 1]
	1294462	1294311	1272586	15	M	141	A		-1	3898.46424088	[1, 1, 1, 1, 1, 1, 1, 1, 1, 1, 1, 1]
	1373355	1233011	1289721	15	M	36	A		-1	3898.61679916	[1, 1, 1, 1, 1, 1, 1, 1, 1, 1, 1, 1]
	1387154	1233454	1198892	15	M	20	A		-1	3898.84488528	[1, 1, 1, 1, 1, 1, 1, 1, 1, 1, 1, 1]
	1378774	1235980	1194534	15	M	47	A		-1	3898.84489643	[1, 1, 1, 1, 1, 1, 1, 1, 1, 1, 1, 1]
	1391147	1233465	1280835	15	M	183	A		-1	3899.73956206	[1, 1, 1, 1, 1, 1, 1, 1, 1, 1, 1, 1]
	1351937	1231624	1288963	15	M	146	A		-1	3899.85896703	[1, 1, 1, 1, 1, 1, 1, 1, 1, 1, 1, 1]
	1312926	1228593	1289124	15	M	144	A		-1	3899.92136112	[1, 1, 1, 1, 1, 1, 1, 1, 1, 1, 1, 1]
	1306924	1228072	1258541	15	M	9	A		-1	3900.05454832	[1, 1, 1, 1, 1, 1, 1, 1, 1, 1, 1, 1]
	1383619	1233316	1006771	15	M	43	A		-1	3900.74167267	[1, 1, 1, 1, 1, 1, 1, 1, 1, 1, 1, 1]
	1306967	1228072	1112886	15	M	106	A		-1	3901.12960247	[1, 1, 1, 1, 1, 1, 1, 1, 1, 1, 1, 1]
	1304886	1228072	1152735	15	M	132	A		-1	3901.14581209	[1, 1, 1, 1, 1, 1, 1, 1, 1, 1, 1, 1]
	1297007	1294311	1262858	15	M	97	A		-1	3901.39429662	[1, 1, 1, 1, 1, 1, 1, 1, 1, 1, 1, 1]
	1314161	1228593	1260684	15	M	101	A		-1	3901.40411385	[1, 1, 1, 1, 1, 1, 1, 1, 1, 1, 1, 1]
	1384971	1233454	1234736	15	M	148	A		-1	3901.5928453	[1, 1, 1, 1, 1, 1, 1, 1, 1, 1, 1, 1]
	1380278	1233316	1170577	15	M	71	A		-1	3901.80638135	[1, 1, 1, 1, 1, 1, 1, 1, 1, 1, 1, 1]
	1370403	1233011	1283968	15	M	171	A		-1	3902.88390298	[1, 1, 1, 1, 1, 1, 1, 1, 1, 1, 1, 1]
	1312536	1228593	1221541	15	M	150	A		-1	3903.61816183	[1, 1, 1, 1, 1, 1, 1, 1, 1, 1, 1, 1]
	1385605	1233454	1203803	15	M	72	A		-1	3903.89840671	[1, 1, 1, 1, 1, 1, 1, 1, 1, 1, 1, 1]
	1307187	1228072	1253901	15	M	16	A		-1	3904.69319982	[1, 1, 1, 1, 1, 1, 1, 1, 1, 1, 1, 1]
	1302490	1232764	1277527	15	M	25	A		-1	3905.09083129	[1, 1, 1, 1, 1, 1, 1, 1, 1, 1, 1, 1]
	1324145	1229115	1116164	15	M	77	A		-1	3905.12778434	[1, 1, 1, 1, 1, 1, 1, 1, 1, 1, 1, 1]
	1357258	1231917	1121412	15	M	152	A		-1	3905.28772805	[1, 1, 1, 1, 1, 1, 1, 1, 1, 1, 1, 1]
	1214344	1121692	1104996	14	M	155	A		-1	3905.40462861	[1, 1, 1, 1, 1, 1, 1, 1, 1, 1, 1, 1]
	1390772	1233465	1278043	15	M	118	A		-1	3905.72667818	[1, 1, 1, 1, 1, 1, 1, 1, 1, 1, 1, 1]
	1381989	1233316	1117019	15	M	194	A		-1	3906.13394046	[1, 1, 1, 1, 1, 1, 1, 1, 1, 1, 1, 0]
	1369895	1233011	1244816	15	M	12	A		-1	3907.01764781	[1, 1, 1, 1, 1, 1, 1, 1, 1, 1, 1, 1]
	1315323	1228667	1271216	15	M	164	A		-1	3907.31058336	[1, 1, 1, 1, 1, 1, 1, 1, 1, 1, 1, 1]
	1383847	1233316	1291211	15	M	155	A		-1	3908.01811256	[1, 1, 1, 1, 1, 1, 1, 1, 1, 1, 1, 1]
	1307440	1228072	1255326	15	M	28	A		-1	3908.43448659	[1, 1, 1, 1, 1, 1, 1, 1, 1, 1, 1, 1]
	1388426	1233454	1282829	15	M	158	A		-1	3908.51724023	[1, 1, 1, 1, 1, 1, 1, 1, 1, 1, 1, 1]
	1371756	1233011	1210046	15	M	85	A		-1	3908.84136737	[1, 1, 1, 1, 1, 1, 1, 1, 1, 1, 1, 1]
	1296135	1294311	1088326	15	M	127	A		-1	3909.42792312	[1, 1, 1, 1, 1, 1, 1, 1, 1, 1, 1, 1]
	1299850	1232764	1208793	15	M	50	A		-1	3910.29032993	[1, 1, 1, 1, 1, 1, 1, 1, 1, 1, 1, 1]
	1320121	1229115	1268043	15	M	32	A		-1	3910.40559602	[1, 1, 1, 1, 1, 1, 1, 1, 1, 1, 1, 1]
	1373892	1233011	1285590	15	M	160	A		-1	3910.75434969	[1, 1, 1, 1, 1, 1, 1, 1, 1, 1, 1, 1]
	1331402	1230012	1008765	15	M	56	A		-1	3910.96763279	[1, 1, 1, 1, 1, 1, 1, 1, 1, 1, 1, 1]
	1350515	1231624	1225009	15	M	4	A		-1	3911.03124812	[1, 1, 1, 1, 1, 1, 1, 1, 1, 1, 1, 1]
	1324956	1229437	1231184	15	M	171	A		-1	3911.20451185	[1, 1, 1, 1, 1, 1, 1, 1, 1, 1, 1, 1]
	1224833	1122686	1006605	14	M	127	A		-1	3913.06596992	[1, 1, 1, 1, 1, 1, 1, 1, 1, 1, 1, 1]
	1349507	1231624	1287722	15	M	132	A		-1	3913.10315029	[1, 1, 1, 1, 1, 1, 1, 1, 1, 1, 1, 1]
	1374705	1235980	1292009	15	M	145	A		-1	3913.45162953	[1, 1, 1, 1, 1, 1, 1, 1, 1, 1, 1, 1]
	1305686	1228072	1212980	15	M	70	A		-1	3913.48301915	[1, 1, 1, 1, 1, 1, 1, 1, 1, 1, 1, 1]
	1337681	1230690	1260076	15	M	193	A		-1	3913.51323566	[1, 1, 1, 1, 1, 1, 1, 1, 1, 1, 1, 1]
	1317330	1228667	1289354	15	M	70	A		-1	3914.23183313	[1, 1, 1, 1, 1, 1, 1, 1, 1, 1, 1, 1]
	1351641	1231624	1108763	15	M	198	A		-1	3914.34959147	[1, 1, 1, 1, 1, 1, 1, 1, 1, 1, 1, 1]
	1350144	1231624	1211616	15	M	177	A		-1	3914.73928794	[1, 1, 1, 1, 1, 1, 1, 1, 1, 1, 1, 1]
	1305205	1228072	1246800	15	M	45	A		-1	3914.91162118	[1, 1, 1, 1, 1, 1, 1, 1, 1, 1, 1, 1]
	1302403	1232764	1287816	15	M	55	A		-1	3915.20955215	[1, 1, 1, 1, 1, 1, 1, 1, 1, 1, 1, 1]
	1291758	1126467	1179354	14	M	188	A		-1	3915.78595509	[1, 1, 1, 1, 1, 1, 1, 1, 1, 1, 1, 1]
	1329637	1230012	1214102	15	M	54	A		-1	3916.1720201	[1, 1, 1, 1, 1, 1, 1, 1, 1, 1, 1, 1]
	1318063	1228667	1290629	15	M	49	A		-1	3917.62897041	[1, 1, 1, 1, 1, 1, 1, 1, 1, 1, 1, 1]
	1323149	1229115	1233864	15	M	13	A		-1	3917.64361711	[1, 1, 1, 1, 1, 1, 1, 1, 1, 1, 1, 1]
	1366887	1232717	1274168	15	M	76	A		-1	3918.17969446	[1, 1, 1, 1, 1, 1, 1, 1, 1, 1, 1, 1]
	1343519	1230767	1216824	15	M	18	A		-1	3918.21420718	[1, 1, 1, 1, 1, 1, 1, 1, 1, 1, 1, 1]
	1391394	1233465	1099809	15	M	126	A		-1	3918.40533956	[1, 1, 1, 1, 1, 1, 1, 1, 1, 1, 1, 1]
	1304205	1232764	1210523	15	M	104	A		-1	3918.4602407	[1, 1, 1, 1, 1, 1, 1, 1, 1, 1, 1, 1]
	1362227	1232371	1225858	15	M	61	A		-1	3918.83494495	[1, 1, 1, 1, 1, 1, 1, 1, 1, 1, 1, 1]
	1353451	1231624	1197607	15	M	123	A		-1	3919.09056224	[1, 1, 1, 1, 1, 1, 1, 1, 1, 1, 1, 1]
	1315503	1228667	1239579	15	M	21	A		-1	3920.04765308	[1, 1, 1, 1, 1, 1, 1, 1, 1, 1, 1, 1]
	1335259	1230690	1279683	15	M	39	A		-1	3920.68245219	[1, 1, 1, 1, 1, 1, 1, 1, 1, 1, 1, 1]
	1352583	1231624	1269282	15	M	3	A		-1	3921.11738262	[1, 1, 1, 1, 1, 1, 1, 1, 1, 1, 1, 1]
	1310721	1228593	1206606	15	M	175	A		-1	3921.38809354	[1, 1, 1, 1, 1, 1, 1, 1, 1, 1, 1, 1]
	1145259	1020349	996988	13	M	142	A		-1	3921.7394071	[1, 1, 1, 1, 1, 1, 1, 1, 1, 1, 1, 1]
	1349830	1231624	1207115	15	M	114	A		-1	3922.31842586	[1, 1, 1, 1, 1, 1, 1, 1, 1, 1, 1, 1]
	1295498	1294311	1218634	15	M	35	A		-1	3922.61903363	[1, 1, 1, 1, 1, 1, 1, 1, 1, 1, 1, 1]
	1313944	1228593	1289339	15	M	53	A		-1	3923.28114662	[1, 1, 1, 1, 1, 1, 1, 1, 1, 1, 1, 1]
	1391767	1233465	1232234	15	M	57	A		-1	3924.02534783	[1, 1, 1, 1, 1, 1, 1, 1, 1, 1, 1, 1]
	1341641	1230767	1284232	15	M	75	A		-1	3924.44678035	[1, 1, 1, 1, 1, 1, 1, 1, 1, 1, 1, 1]
	1387047	1233454	1274954	15	M	144	A		-1	3924.52111729	[1, 1, 1, 1, 1, 1, 1, 1, 1, 1, 1, 1]
	1366473	1232717	1195279	15	M	18	A		-1	3924.69938773	[1, 1, 1, 1, 1, 1, 1, 1, 1, 1, 1, 1]
	1394102	1233465	1228159	15	M	188	A		-1	3924.93926861	[1, 1, 1, 1, 1, 1, 1, 1, 1, 1, 1, 1]
	1367564	1232717	1282173	15	M	117	A		-1	3925.35455786	[1, 1, 1, 1, 1, 1, 1, 1, 1, 1, 1, 1]
	1314862	1228667	1009756	15	M	10	A		-1	3925.5702881	[1, 1, 1, 1, 1, 1, 1, 1, 1, 1, 1, 1]
	1321012	1229115	1289569	15	M	165	A		-1	3925.75695052	[1, 1, 1, 1, 1, 1, 1, 1, 1, 1, 1, 1]
	1296188	1294311	1277793	15	M	72	A		-1	3926.75618191	[1, 1, 1, 1, 1, 1, 1, 1, 1, 1, 1, 1]
	1299452	1294311	1124652	15	M	81	A		-1	3926.93356858	[1, 1, 1, 1, 1, 1, 1, 1, 1, 1, 1, 1]
	1325809	1229437	1236516	15	M	158	A		-1	3927.45246801	[1, 1, 1, 1, 1, 1, 1, 1, 1, 1, 1, 1]
	1315705	1228667	1289981	15	M	6	A		-1	3927.72037952	[1, 1, 1, 1, 1, 1, 1, 1, 1, 1, 1, 1]
	1391245	1233465	1275682	15	M	93	A		-1	3927.79528118	[1, 1, 1, 1, 1, 1, 1, 1, 1, 1, 1, 1]
	1303211	1232764	1280171	15	M	108	A		-1	3927.88556907	[1, 1, 1, 1, 1, 1, 1, 1, 1, 1, 1, 1]
	1297162	1294311	1229246	15	M	169	A		-1	3927.88928004	[1, 1, 1, 1, 1, 1, 1, 1, 1, 1, 1, 1]
	1367583	1232717	1274965	15	M	193	A		-1	3928.4395042	[1, 1, 1, 1, 1, 1, 1, 1, 1, 1, 1, 1]
	1325687	1229437	1279408	15	M	155	A		-1	3929.16384727	[1, 1, 1, 1, 1, 1, 1, 1, 1, 1, 1, 1]
	1393655	1233465	1118367	15	M	40	A		-1	3929.86838752	[1, 1, 1, 1, 1, 1, 1, 1, 1, 1, 1, 1]
	1350315	1231624	1277043	15	M	146	A		-1	3930.34390226	[1, 1, 1, 1, 1, 1, 1, 1, 1, 1, 1, 1]
	1390630	1233465	1280907	15	M	115	A		-1	3930.66129101	[1, 1, 1, 1, 1, 1, 1, 1, 1, 1, 1, 1]
	1353069	1231624	1239892	15	M	56	A		-1	3931.16879161	[1, 1, 1, 1, 1, 1, 1, 1, 1, 1, 1, 1]
	1353690	1231624	1260848	15	M	147	A		-1	3931.56814254	[1, 1, 1, 1, 1, 1, 1, 1, 1, 1, 1, 1]
	1352925	1231624	1214375	15	M	6	A		-1	3932.13954207	[1, 1, 1, 1, 1, 1, 1, 1, 1, 1, 1, 1]
	1350167	1231624	1016500	15	M	137	A		-1	3932.44680426	[1, 1, 1, 1, 1, 1, 1, 1, 1, 1, 1, 1]
	1324352	1229115	1222481	15	M	4	A		-1	3932.5733733	[1, 1, 1, 1, 1, 1, 1, 1, 1, 1, 1, 1]
	1303144	1232764	1264243	15	M	178	A		-1	3933.46473575	[1, 1, 1, 1, 1, 1, 1, 1, 1, 1, 1, 1]
	1304788	1228072	1270705	15	M	85	A		-1	3933.73116729	[1, 1, 1, 1, 1, 1, 1, 1, 1, 1, 1, 1]
	1321177	1229115	1216294	15	M	89	A		-1	3933.84376995	[1, 1, 1, 1, 1, 1, 1, 1, 1, 1, 1, 1]
	1319891	1229115	1110445	15	M	89	A		-1	3934.38117304	[1, 1, 1, 1, 1, 1, 1, 1, 1, 1, 1, 1]
	1349222	1231421	1261656	15	M	83	A		-1	3934.51058473	[1, 1, 1, 1, 1, 1, 1, 1, 1, 1, 1, 1]
	1291539	1126467	1177966	14	M	2	A		-1	3934.82377707	[1, 1, 1, 1, 1, 1, 1, 1, 1, 1, 1, 1]
	1380802	1233316	1277572	15	M	100	A		-1	3934.8845364	[1, 1, 1, 1, 1, 1, 1, 1, 1, 1, 1, 1]
	1388588	1233454	1236643	15	M	50	A		-1	3935.1933749	[1, 1, 1, 1, 1, 1, 1, 1, 1, 1, 1, 1]
	1330095	1230012	1285048	15	M	183	A		-1	3935.34281039	[1, 1, 1, 1, 1, 1, 1, 1, 1, 1, 1, 1]
	1282718	1126129	1122652	14	M	119	A		-1	3935.58271447	[1, 1, 1, 1, 1, 1, 1, 1, 1, 1, 1, 0]
	1361065	1232371	1231492	15	M	0	A		-1	3936.09992824	[1, 1, 1, 1, 1, 1, 1, 1, 1, 1, 1, 1]
	1305597	1228072	806723	15	M	34	A		-1	3936.43408044	[1, 1, 1, 1, 1, 1, 1, 1, 1, 1, 1, 1]
	1391195	1233465	1211426	15	M	88	A		-1	3937.02021016	[1, 1, 1, 1, 1, 1, 1, 1, 1, 1, 1, 1]
	1327737	1229437	1236531	15	M	92	A		-1	3937.09656062	[1, 1, 1, 1, 1, 1, 1, 1, 1, 1, 1, 1]
	1347241	1231421	1249909	15	M	196	A		-1	3937.15348574	[1, 1, 1, 1, 1, 1, 1, 1, 1, 1, 1, 1]
	1315352	1228667	1208822	15	M	194	A		-1	3937.56161182	[1, 1, 1, 1, 1, 1, 1, 1, 1, 1, 1, 1]
	1309036	1228072	1267687	15	M	80	A		-1	3937.97761893	[1, 1, 1, 1, 1, 1, 1, 1, 1, 1, 1, 1]
	1296724	1294311	1212658	15	M	9	A		-1	3941.69354495	[1, 1, 1, 1, 1, 1, 1, 1, 1, 1, 1, 1]
	1372794	1233011	1194533	15	M	57	A		-1	3941.75898857	[1, 1, 1, 1, 1, 1, 1, 1, 1, 1, 1, 1]
	1345661	1231421	1152556	15	M	200	A		-1	3942.2861509	[1, 1, 1, 1, 1, 1, 1, 1, 1, 1, 1, 1]
	1307503	1228072	1203422	15	M	126	A		-1	3942.73351169	[1, 1, 1, 1, 1, 1, 1, 1, 1, 1, 1, 1]
	1307364	1228072	1201751	15	M	49	A		-1	3943.38080455	[1, 1, 1, 1, 1, 1, 1, 1, 1, 1, 1, 1]
	1318095	1228667	1277964	15	M	175	A		-1	3943.38533207	[1, 1, 1, 1, 1, 1, 1, 1, 1, 1, 1, 1]
	1335735	1230690	1214271	15	M	145	A		-1	3943.51809204	[1, 1, 1, 1, 1, 1, 1, 1, 1, 1, 1, 1]
	1337115	1230690	1242606	15	M	154	A		-1	3943.65530069	[1, 1, 1, 1, 1, 1, 1, 1, 1, 1, 1, 1]
	1304590	1228072	1275784	15	M	49	A		-1	3944.4347248	[1, 1, 1, 1, 1, 1, 1, 1, 1, 1, 1, 1]
	1282788	1126129	1152773	14	M	157	A		-1	3944.83462972	[1, 1, 1, 1, 1, 1, 1, 1, 1, 1, 1, 1]
	1311504	1228593	1250419	15	M	172	A		-1	3945.2238356	[1, 1, 1, 1, 1, 1, 1, 1, 1, 1, 1, 1]
	1391388	1233465	1195743	15	M	126	A		-1	3946.48541089	[1, 1, 1, 1, 1, 1, 1, 1, 1, 1, 1, 1]
	1325577	1229437	1241159	15	M	143	A		-1	3947.55961502	[1, 1, 1, 1, 1, 1, 1, 1, 1, 1, 1, 1]
	1378474	1235980	1272498	15	M	68	A		-1	3948.11293768	[1, 1, 1, 1, 1, 1, 1, 1, 1, 1, 1, 1]
	1308716	1228072	1211335	15	M	66	A		-1	3948.36631812	[1, 1, 1, 1, 1, 1, 1, 1, 1, 1, 1, 1]
	1290536	1126467	1001849	14	M	23	A		-1	3949.36119826	[1, 1, 1, 1, 1, 1, 1, 1, 1, 1, 1, 1]
	1392098	1233465	1264927	15	M	112	A		-1	3950.56096318	[1, 1, 1, 1, 1, 1, 1, 1, 1, 1, 1, 1]
	1393642	1233465	1196767	15	M	118	A		-1	3950.57897733	[1, 1, 1, 1, 1, 1, 1, 1, 1, 1, 1, 1]
	1298731	1294311	1267535	15	M	105	A		-1	3951.19197345	[1, 1, 1, 1, 1, 1, 1, 1, 1, 1, 1, 1]
	1374959	1235980	1242807	15	M	149	A		-1	3951.20221528	[1, 1, 1, 1, 1, 1, 1, 1, 1, 1, 1, 1]
	1350985	1231624	1098373	15	M	81	A		-1	3952.35412553	[1, 1, 1, 1, 1, 1, 1, 1, 1, 1, 1, 1]
	1324478	1229437	1224102	15	M	39	A		-1	3952.68877061	[1, 1, 1, 1, 1, 1, 1, 1, 1, 1, 1, 1]
	1212418	1121692	1174270	14	M	195	A		-1	3953.44607825	[1, 1, 1, 1, 1, 1, 1, 1, 1, 1, 1, 1]
	1359049	1231917	1024300	15	M	139	A		-1	3953.46643767	[1, 1, 1, 1, 1, 1, 1, 1, 1, 1, 1, 1]
	1319421	1228667	1279944	15	M	12	A		-1	3953.49784285	[1, 1, 1, 1, 1, 1, 1, 1, 1, 1, 1, 1]
	1378237	1235980	1285589	15	M	135	A		-1	3953.80438158	[1, 1, 1, 1, 1, 1, 1, 1, 1, 1, 1, 1]
	1351167	1231624	1236446	15	M	185	A		-1	3953.89759531	[1, 1, 1, 1, 1, 1, 1, 1, 1, 1, 1, 1]
	1292203	1126467	1094545	14	M	93	A		-1	3953.93934865	[1, 1, 1, 1, 1, 1, 1, 1, 1, 1, 1, 1]
	1352892	1231624	1237071	15	M	46	A		-1	3954.51845564	[1, 1, 1, 1, 1, 1, 1, 1, 1, 1, 1, 1]
	1337087	1230690	1251702	15	M	125	A		-1	3955.11391002	[1, 1, 1, 1, 1, 1, 1, 1, 1, 1, 1, 1]
	1297677	1294311	1225788	15	M	133	A		-1	3955.12012049	[1, 1, 1, 1, 1, 1, 1, 1, 1, 1, 1, 1]
	1307600	1228072	1219221	15	M	10	A		-1	3955.45514493	[1, 1, 1, 1, 1, 1, 1, 1, 1, 1, 1, 1]
	1386910	1233454	1114444	15	M	171	A		-1	3955.74543493	[1, 1, 1, 1, 1, 1, 1, 1, 1, 1, 1, 1]
	1392521	1233465	1161180	15	M	58	A		-1	3955.98497974	[1, 1, 1, 1, 1, 1, 1, 1, 1, 1, 1, 1]
	1354154	1231624	1218956	15	M	45	A		-1	3957.8825661	[1, 1, 1, 1, 1, 1, 1, 1, 1, 1, 1, 1]
	1389118	1233454	1233004	15	M	147	A		-1	3958.42233103	[1, 1, 1, 1, 1, 1, 1, 1, 1, 1, 1, 1]
	1299970	1232764	1253639	15	M	95	A		-1	3959.31216228	[1, 1, 1, 1, 1, 1, 1, 1, 1, 1, 1, 1]
	1314775	1228667	1250695	15	M	120	A		-1	3960.05991584	[1, 1, 1, 1, 1, 1, 1, 1, 1, 1, 1, 1]
	1326626	1229437	1283168	15	M	39	A		-1	3961.16780837	[1, 1, 1, 1, 1, 1, 1, 1, 1, 1, 1, 1]
	1307551	1228072	1219262	15	M	192	A		-1	3962.40779417	[1, 1, 1, 1, 1, 1, 1, 1, 1, 1, 1, 1]
	1366509	1232717	1293697	15	M	13	A		-1	3962.47904261	[1, 1, 1, 1, 1, 1, 1, 1, 1, 1, 1, 1]
	1381179	1233316	1237393	15	M	200	A		-1	3962.5737381	[1, 1, 1, 1, 1, 1, 1, 1, 1, 1, 1, 1]
	1385204	1233454	1291388	15	M	65	A		-1	3962.89969437	[1, 1, 1, 1, 1, 1, 1, 1, 1, 1, 1, 1]
	1387049	1233454	1276064	15	M	110	A		-1	3963.57976044	[1, 1, 1, 1, 1, 1, 1, 1, 1, 1, 1, 1]
	1319380	1228667	918125	15	M	108	A		-1	3964.31658736	[1, 1, 1, 1, 1, 1, 1, 1, 1, 1, 1, 1]
	1330584	1230012	1261878	15	M	190	A		-1	3964.42022689	[1, 1, 1, 1, 1, 1, 1, 1, 1, 1, 1, 1]
	1311896	1228593	1258457	15	M	110	A		-1	3964.53790186	[1, 1, 1, 1, 1, 1, 1, 1, 1, 1, 1, 1]
	1339289	1230690	1216487	15	M	200	A		-1	3964.54425647	[1, 1, 1, 1, 1, 1, 1, 1, 1, 1, 1, 1]
	1322381	1229115	1200387	15	M	147	A		-1	3964.73062514	[1, 1, 1, 1, 1, 1, 1, 1, 1, 1, 1, 1]
	1380075	1233316	1215241	15	M	19	A		-1	3965.04221685	[1, 1, 1, 1, 1, 1, 1, 1, 1, 1, 1, 1]
	1336809	1230690	1272705	15	M	183	A		-1	3965.07748667	[1, 1, 1, 1, 1, 1, 1, 1, 1, 1, 1, 1]
	1375706	1235980	1278241	15	M	129	A		-1	3967.11702168	[1, 1, 1, 1, 1, 1, 1, 1, 1, 1, 1, 1]
	1331428	1230012	1235387	15	M	69	A		-1	3968.81019058	[1, 1, 1, 1, 1, 1, 1, 1, 1, 1, 1, 1]
	1388389	1233454	1281297	15	M	113	A		-1	3968.87345109	[1, 1, 1, 1, 1, 1, 1, 1, 1, 1, 1, 1]
	1393826	1233465	1266273	15	M	3	A		-1	3969.52027069	[1, 1, 1, 1, 1, 1, 1, 1, 1, 1, 1, 1]
	1368058	1232717	1257190	15	M	140	A		-1	3969.74090361	[1, 1, 1, 1, 1, 1, 1, 1, 1, 1, 1, 1]
	1378102	1235980	1269384	15	M	101	A		-1	3971.32505918	[1, 1, 1, 1, 1, 1, 1, 1, 1, 1, 1, 1]
	1305253	1228072	1259073	15	M	172	A		-1	3971.76713763	[1, 1, 1, 1, 1, 1, 1, 1, 1, 1, 1, 1]
	1303950	1232764	1203217	15	M	165	A		-1	3972.62617579	[1, 1, 1, 1, 1, 1, 1, 1, 1, 1, 1, 1]
	1311965	1228593	1284156	15	M	170	A		-1	3972.91940674	[1, 1, 1, 1, 1, 1, 1, 1, 1, 1, 1, 1]
	1296789	1294311	1277832	15	M	17	A		-1	3973.01071771	[1, 1, 1, 1, 1, 1, 1, 1, 1, 1, 1, 1]
	1316392	1228667	1121062	15	M	65	A		-1	3973.12119495	[1, 1, 1, 1, 1, 1, 1, 1, 1, 1, 1, 1]
	1309284	1228072	1291475	15	M	56	A		-1	3973.16037997	[1, 1, 1, 1, 1, 1, 1, 1, 1, 1, 1, 1]
	1367759	1232717	1220869	15	M	96	A		-1	3974.44965973	[1, 1, 1, 1, 1, 1, 1, 1, 1, 1, 1, 1]
	1368975	1232717	1120699	15	M	79	A		-1	3974.50770786	[1, 1, 1, 1, 1, 1, 1, 1, 1, 1, 1, 1]
	1353213	1231624	1227161	15	M	164	A		-1	3976.47328119	[1, 1, 1, 1, 1, 1, 1, 1, 1, 1, 1, 1]
	1366919	1232717	1245191	15	M	138	A		-1	3976.67658898	[1, 1, 1, 1, 1, 1, 1, 1, 1, 1, 1, 1]
	1314208	1228593	1132196	15	M	177	A		-1	3977.29561588	[1, 1, 1, 1, 1, 1, 1, 1, 1, 1, 1, 1]
	1393512	1233465	1294278	15	M	65	A		-1	3981.25323043	[1, 1, 1, 1, 1, 1, 1, 1, 1, 1, 1, 1]
	1359095	1231917	1248415	15	M	25	A		-1	3983.99574716	[1, 1, 1, 1, 1, 1, 1, 1, 1, 1, 1, 1]
	1324061	1229115	1281570	15	M	69	A		-1	3984.46465174	[1, 1, 1, 1, 1, 1, 1, 1, 1, 1, 1, 1]
	1350118	1231624	1080307	15	M	0	A		-1	3984.51374749	[1, 1, 1, 1, 1, 1, 1, 1, 1, 1, 1, 1]
	1373145	1233011	1270286	15	M	57	A		-1	3985.67596122	[1, 1, 1, 1, 1, 1, 1, 1, 1, 1, 1, 1]
	1351343	1231624	1252072	15	M	194	A		-1	3985.98926139	[1, 1, 1, 1, 1, 1, 1, 1, 1, 1, 1, 1]
	1321483	1229115	1272835	15	M	114	A		-1	3986.42098711	[1, 1, 1, 1, 1, 1, 1, 1, 1, 1, 1, 1]
	1317644	1228667	1211160	15	M	47	A		-1	3986.46814271	[1, 1, 1, 1, 1, 1, 1, 1, 1, 1, 1, 1]
	1374808	1235980	1237330	15	M	101	A		-1	3988.47966337	[1, 1, 1, 1, 1, 1, 1, 1, 1, 1, 1, 1]
	1322498	1229115	1219792	15	M	13	A		-1	3990.15190653	[1, 1, 1, 1, 1, 1, 1, 1, 1, 1, 1, 1]
	1299171	1294311	1209866	15	M	143	A		-1	3990.82323576	[1, 1, 1, 1, 1, 1, 1, 1, 1, 1, 1, 1]
	1349570	1231624	1208033	15	M	180	A		-1	3991.29009726	[1, 1, 1, 1, 1, 1, 1, 1, 1, 1, 1, 1]
	1336989	1230690	1257135	15	M	127	A		-1	3992.28579649	[1, 1, 1, 1, 1, 1, 1, 1, 1, 1, 1, 1]
	1385960	1233454	1207588	15	M	138	A		-1	3992.74300254	[1, 1, 1, 1, 1, 1, 1, 1, 1, 1, 1, 1]
	1363991	1232371	1273429	15	M	126	A		-1	3994.31587057	[1, 1, 1, 1, 1, 1, 1, 1, 1, 1, 1, 1]
	1351119	1231624	1270180	15	M	39	A		-1	3994.3554523	[1, 1, 1, 1, 1, 1, 1, 1, 1, 1, 1, 1]
	1296687	1294311	1237975	15	M	25	A		-1	3994.64149787	[1, 1, 1, 1, 1, 1, 1, 1, 1, 1, 1, 1]
	1320688	1229115	1238296	15	M	186	A		-1	3994.72593426	[1, 1, 1, 1, 1, 1, 1, 1, 1, 1, 1, 1]
	1353384	1231624	1226945	15	M	21	A		-1	3995.03069578	[1, 1, 1, 1, 1, 1, 1, 1, 1, 1, 1, 1]
	1385954	1233454	1216200	15	M	37	A		-1	3996.62209745	[1, 1, 1, 1, 1, 1, 1, 1, 1, 1, 1, 1]
	1349573	1231624	1112937	15	M	137	A		-1	3996.83537008	[1, 1, 1, 1, 1, 1, 1, 1, 1, 1, 1, 1]
	1314511	1228667	1251579	15	M	93	A		-1	3997.201587	[1, 1, 1, 1, 1, 1, 1, 1, 1, 1, 1, 1]
	1318591	1228667	1200707	15	M	121	A		-1	3998.12600563	[1, 1, 1, 1, 1, 1, 1, 1, 1, 1, 1, 1]
	1364946	1232717	1260423	15	M	120	A		-1	3998.75253307	[1, 1, 1, 1, 1, 1, 1, 1, 1, 1, 1, 1]
	1314528	1228667	1124011	15	M	98	A		-1	3999.37022884	[1, 1, 1, 1, 1, 1, 1, 1, 1, 1, 1, 1]
	1315388	1228667	1292046	15	M	183	A		-1	4000.1836849	[1, 1, 1, 1, 1, 1, 1, 1, 1, 1, 1, 1]
	1306633	1228072	1275480	15	M	21	A		-1	4000.42562871	[1, 1, 1, 1, 1, 1, 1, 1, 1, 1, 1, 1]
	1392266	1233465	1209527	15	M	186	A		-1	4000.77659723	[1, 1, 1, 1, 1, 1, 1, 1, 1, 1, 1, 1]
	1352828	1231624	1259545	15	M	58	A		-1	4002.20978237	[1, 1, 1, 1, 1, 1, 1, 1, 1, 1, 1, 1]
	1389048	1233454	1259610	15	M	148	A		-1	4003.01607149	[1, 1, 1, 1, 1, 1, 1, 1, 1, 1, 1, 1]
	1307548	1228072	1224436	15	M	46	A		-1	4003.45911766	[1, 1, 1, 1, 1, 1, 1, 1, 1, 1, 1, 1]
	1385438	1233454	1281323	15	M	181	A		-1	4003.79463446	[1, 1, 1, 1, 1, 1, 1, 1, 1, 1, 1, 1]
	1357001	1231917	1251774	15	M	181	A		-1	4004.08626057	[1, 1, 1, 1, 1, 1, 1, 1, 1, 1, 1, 1]
	1335873	1230690	1261537	15	M	69	A		-1	4004.83923847	[1, 1, 1, 1, 1, 1, 1, 1, 1, 1, 1, 1]
	1367662	1232717	1273756	15	M	73	A		-1	4008.51426097	[1, 1, 1, 1, 1, 1, 1, 1, 1, 1, 1, 1]
	1297714	1294311	1280763	15	M	200	A		-1	4010.83363559	[1, 1, 1, 1, 1, 1, 1, 1, 1, 1, 1, 1]
	1322008	1229115	1293835	15	M	122	A		-1	4013.00260396	[1, 1, 1, 1, 1, 1, 1, 1, 1, 1, 1, 1]
	1376471	1235980	1202810	15	M	45	A		-1	4014.08324546	[1, 1, 1, 1, 1, 1, 1, 1, 1, 1, 1, 1]
	1301232	1232764	899539	15	M	142	A		-1	4014.09363356	[1, 1, 1, 1, 1, 1, 1, 1, 1, 1, 1, 1]
	1308184	1228072	1233678	15	M	120	A		-1	4014.79564794	[1, 1, 1, 1, 1, 1, 1, 1, 1, 1, 1, 1]
	1301434	1232764	1206318	15	M	65	A		-1	4015.06595489	[1, 1, 1, 1, 1, 1, 1, 1, 1, 1, 1, 1]
	1295488	1294311	1279563	15	M	43	A		-1	4015.72040036	[1, 1, 1, 1, 1, 1, 1, 1, 1, 1, 1, 1]
	1388599	1233454	1174736	15	M	52	A		-1	4016.53686582	[1, 1, 1, 1, 1, 1, 1, 1, 1, 1, 1, 1]
	1315058	1228667	1123792	15	M	94	A		-1	4022.14222967	[1, 1, 1, 1, 1, 1, 1, 1, 1, 1, 1, 1]
	1372356	1233011	1256714	15	M	9	A		-1	4023.46363665	[1, 1, 1, 1, 1, 1, 1, 1, 1, 1, 1, 1]
	1336390	1230690	1145637	15	M	136	A		-1	4032.75774346	[1, 1, 1, 1, 1, 1, 1, 1, 1, 1, 1, 1]
	1393893	1233465	1290680	15	M	153	A		-1	4036.17904811	[1, 1, 1, 1, 1, 1, 1, 1, 1, 1, 1, 1]
	1387712	1233454	1294375	15	M	73	A		-1	4036.49039645	[1, 1, 1, 1, 1, 1, 1, 1, 1, 1, 1, 1]
	1354399	1231624	1278000	15	M	175	A		-1	4037.79088598	[1, 1, 1, 1, 1, 1, 1, 1, 1, 1, 1, 1]
	1387371	1233454	1241208	15	M	120	A		-1	4039.03569227	[1, 1, 1, 1, 1, 1, 1, 1, 1, 1, 1, 1]
	1307824	1228072	1293561	15	M	85	A		-1	4040.30579595	[1, 1, 1, 1, 1, 1, 1, 1, 1, 1, 1, 1]
	1296167	1294311	1236929	15	M	32	A		-1	4042.89160633	[1, 1, 1, 1, 1, 1, 1, 1, 1, 1, 1, 1]
	1321362	1229115	1122762	15	M	163	A		-1	4045.8551323	[1, 1, 1, 1, 1, 1, 1, 1, 1, 1, 1, 1]
	1314544	1228667	1218671	15	M	84	A		-1	4046.34022598	[1, 1, 1, 1, 1, 1, 1, 1, 1, 1, 1, 1]
	1382010	1233316	1215776	15	M	194	A		-1	4047.66707277	[1, 1, 1, 1, 1, 1, 1, 1, 1, 1, 1, 1]
	1296954	1294311	1273566	15	M	63	A		-1	4047.995424	[1, 1, 1, 1, 1, 1, 1, 1, 1, 1, 1, 1]
	1311580	1228593	1135971	15	M	13	A		-1	4048.0774718	[1, 1, 1, 1, 1, 1, 1, 1, 1, 1, 1, 1]
	1339824	1230767	1286941	15	M	59	A		-1	4048.62112849	[1, 1, 1, 1, 1, 1, 1, 1, 1, 1, 1, 1]
	1386811	1233454	1272713	15	M	66	A		-1	4048.65895889	[1, 1, 1, 1, 1, 1, 1, 1, 1, 1, 1, 1]
	1364767	1232717	1273632	15	M	77	A		-1	4049.32235624	[1, 1, 1, 1, 1, 1, 1, 1, 1, 1, 1, 1]
	1296982	1294311	1264405	15	M	48	A		-1	4057.37429121	[1, 1, 1, 1, 1, 1, 1, 1, 1, 1, 1, 1]
	1325528	1229437	1224622	15	M	37	A		-1	4061.28553726	[1, 1, 1, 1, 1, 1, 1, 1, 1, 1, 1, 1]
	1357298	1231917	1203013	15	M	151	A		-1	4067.49895399	[1, 1, 1, 1, 1, 1, 1, 1, 1, 1, 1, 1]
	1349484	1231624	1214255	15	M	153	A		-1	4070.23892084	[1, 1, 1, 1, 1, 1, 1, 1, 1, 1, 1, 1]
	1345577	1231421	1207591	15	M	133	A		-1	4074.19006973	[1, 1, 1, 1, 1, 1, 1, 1, 1, 1, 1, 1]
	1352114	1231624	1224332	15	M	151	A		-1	4074.26079791	[1, 1, 1, 1, 1, 1, 1, 1, 1, 1, 1, 1]
	1346793	1231421	1213952	15	M	166	A		-1	4080.61134467	[1, 1, 1, 1, 1, 1, 1, 1, 1, 1, 1, 1]
	1334135	1230012	1225722	15	M	6	A		-1	4081.46060867	[1, 1, 1, 1, 1, 1, 1, 1, 1, 1, 1, 1]
	1323484	1229115	1196697	15	M	178	A		-1	4083.85336576	[1, 1, 1, 1, 1, 1, 1, 1, 1, 1, 1, 1]
	1376003	1235980	1210857	15	M	37	A		-1	4085.19220326	[1, 1, 1, 1, 1, 1, 1, 1, 1, 1, 1, 1]
	1387756	1233454	1263725	15	M	191	A		-1	4085.92920291	[1, 1, 1, 1, 1, 1, 1, 1, 1, 1, 1, 1]
	1318906	1228667	1222304	15	M	197	A		-1	4086.91606774	[1, 1, 1, 1, 1, 1, 1, 1, 1, 1, 1, 1]
	1358160	1231917	1246528	15	M	54	A		-1	4087.70914571	[1, 1, 1, 1, 1, 1, 1, 1, 1, 1, 1, 1]
	1390690	1233465	1211825	15	M	59	A		-1	4090.76475847	[1, 1, 1, 1, 1, 1, 1, 1, 1, 1, 1, 1]
	1305679	1228072	1279849	15	M	115	A		-1	4093.92278332	[1, 1, 1, 1, 1, 1, 1, 1, 1, 1, 1, 1]
	1313250	1228593	1210224	15	M	23	A		-1	4099.25477588	[1, 1, 1, 1, 1, 1, 1, 1, 1, 1, 1, 1]
	1271086	1126118	1192861	14	M	37	A		-1	4104.16971322	[1, 1, 1, 1, 1, 1, 1, 1, 1, 1, 1, 1]
	1374967	1235980	1238426	15	M	178	A		-1	4107.27844915	[1, 1, 1, 1, 1, 1, 1, 1, 1, 1, 1, 1]
	1388985	1233454	1189612	15	M	1	A		-1	4113.82741643	[1, 1, 1, 1, 1, 1, 1, 1, 1, 1, 1, 0]
	1365221	1232717	1276898	15	M	11	A		-1	4114.24674187	[1, 1, 1, 1, 1, 1, 1, 1, 1, 1, 1, 1]
	1386321	1233454	1220429	15	M	57	A		-1	4119.24725724	[1, 1, 1, 1, 1, 1, 1, 1, 1, 1, 1, 1]
	1314643	1228667	1256077	15	M	180	A		-1	4120.55964305	[1, 1, 1, 1, 1, 1, 1, 1, 1, 1, 1, 1]
	1297501	1294311	1268677	15	M	6	A		-1	4130.08742952	[1, 1, 1, 1, 1, 1, 1, 1, 1, 1, 1, 1]
	1315766	1228667	1242732	15	M	94	A		-1	4134.55874822	[1, 1, 1, 1, 1, 1, 1, 1, 1, 1, 1, 1]
	1333400	1230012	1223523	15	M	82	A		-1	4138.86270172	[1, 1, 1, 1, 1, 1, 1, 1, 1, 1, 1, 1]
	1336304	1230690	1243431	15	M	56	A		-1	4142.77638476	[1, 1, 1, 1, 1, 1, 1, 1, 1, 1, 1, 1]
	1334514	1230690	1282421	15	M	145	A		-1	4144.89566185	[1, 1, 1, 1, 1, 1, 1, 1, 1, 1, 1, 0]
	1352243	1231624	1290971	15	M	196	A		-1	4149.5352778	[1, 1, 1, 1, 1, 1, 1, 1, 1, 1, 1, 1]
	1314741	1228667	1022186	15	M	25	A		-1	4149.78578005	[1, 1, 1, 1, 1, 1, 1, 1, 1, 1, 1, 1]
	1364729	1232717	1212657	15	M	68	A		-1	4153.09476947	[1, 1, 1, 1, 1, 1, 1, 1, 1, 1, 1, 1]
	1388266	1233454	1293985	15	M	54	A		-1	4156.15302362	[1, 1, 1, 1, 1, 1, 1, 1, 1, 1, 1, 1]
	1373182	1233011	1251001	15	M	106	A		-1	4157.55242789	[1, 1, 1, 1, 1, 1, 1, 1, 1, 1, 1, 1]
	1314670	1228667	1241576	15	M	177	A		-1	4162.59627934	[1, 1, 1, 1, 1, 1, 1, 1, 1, 1, 1, 1]
	1358253	1231917	1267762	15	M	75	A		-1	4167.02467742	[1, 1, 1, 1, 1, 1, 1, 1, 1, 1, 1, 1]
	1321590	1229115	1281821	15	M	22	A		-1	4219.22690189	[1, 1, 1, 1, 1, 1, 1, 1, 1, 1, 1, 1]
	1308859	1228072	1256321	15	M	15	A		-1	4220.46282604	[1, 1, 1, 1, 1, 1, 1, 1, 1, 1, 1, 1]
	1330325	1230012	1291013	15	M	1	A		-1	4231.56824608	[1, 1, 1, 1, 1, 1, 1, 1, 1, 1, 1, 1]
	1352652	1231624	1100252	15	M	91	A		-1	4239.76970288	[1, 1, 1, 1, 1, 1, 1, 1, 1, 1, 1, 1]
	1351524	1231624	1265802	15	M	200	A		-1	4245.19974438	[1, 1, 1, 1, 1, 1, 1, 1, 1, 1, 1, 1]
	1351272	1231624	1156699	15	M	144	A		-1	4254.00692624	[1, 1, 1, 1, 1, 1, 1, 1, 1, 1, 1, 1]
	1392555	1233465	1281959	15	M	144	A		-1	4273.43343036	[1, 1, 1, 1, 1, 1, 1, 1, 1, 1, 1, 1]
	1319230	1228667	1101047	15	M	197	A		-1	4292.36811756	[1, 1, 1, 1, 1, 1, 1, 1, 1, 1, 1, 1]
	1307206	1228072	1291995	15	M	114	A		-1	4313.71485355	[1, 1, 1, 1, 1, 1, 1, 1, 1, 1, 1, 1]
	1393048	1233465	1193655	15	M	107	A		-1	4347.36538293	[1, 1, 1, 1, 1, 1, 1, 1, 1, 1, 1, 1]
