animal	sire	dam	born	sex	herd	status	cause	died	TBV	recessives
	885096	724685	740955	10	M	161	A		-1	2854.29350985	[1, 1, 1, 1, 1, 1, 1, 1, 1, 1, 1, 1]
	909645	821899	800206	11	M	121	A		-1	2854.42351622	[1, 1, 1, 1, 1, 0, 1, 1, 1, 1, 1, 1]
	901217	824415	778795	11	M	115	A		-1	2855.19148714	[1, 1, 1, 1, 1, 1, 1, 1, 1, 1, 1, 1]
	983425	824729	519178	11	M	186	A		-1	2855.41164394	[1, 1, 1, 1, 1, 1, 1, 1, 1, 1, 1, 1]
	925991	823043	825195	11	M	198	A		-1	2855.45985197	[1, 1, 1, 1, 1, 1, 1, 1, 1, 1, 1, 1]
	954716	823609	707822	11	M	40	A		-1	2855.66752612	[1, 1, 1, 1, 1, 1, 1, 1, 1, 1, 1, 1]
	938800	823169	529140	11	M	140	A		-1	2856.35979679	[1, 1, 1, 1, 1, 1, 1, 1, 1, 1, 1, 1]
	979619	826615	805214	11	M	194	A		-1	2856.42385046	[1, 1, 1, 1, 1, 1, 1, 1, 1, 1, 1, 1]
	870660	723760	792165	10	M	35	A		-1	2856.63979938	[1, 1, 1, 1, 1, 1, 1, 1, 1, 1, 1, 1]
	984856	824769	702307	11	M	84	A		-1	2856.86325779	[1, 1, 1, 1, 1, 1, 1, 1, 1, 1, 1, 1]
	953150	823609	861221	11	M	198	A		-1	2857.66687352	[1, 1, 1, 1, 1, 1, 1, 1, 1, 1, 1, 1]
	916224	822739	833289	11	M	67	A		-1	2858.02041273	[1, 1, 1, 1, 1, 1, 1, 1, 1, 1, 1, 1]
	988154	824769	834773	11	M	4	A		-1	2858.29814303	[1, 1, 1, 1, 1, 1, 1, 1, 1, 1, 1, 1]
	970492	824564	875920	11	M	139	A		-1	2858.59732888	[1, 1, 1, 1, 1, 1, 1, 1, 1, 1, 1, 0]
	983985	824729	892359	11	M	58	A		-1	2858.64473315	[1, 1, 1, 1, 1, 1, 1, 1, 1, 1, 1, 1]
	892426	725176	730570	10	M	76	A		-1	2858.91459877	[1, 1, 1, 1, 1, 1, 1, 1, 1, 1, 1, 1]
	956881	823820	835445	11	M	7	A		-1	2858.94341	[1, 1, 1, 1, 1, 1, 1, 1, 1, 1, 1, 0]
	976844	826615	779803	11	M	141	A		-1	2859.1046636	[1, 1, 1, 1, 1, 1, 1, 1, 1, 1, 1, 1]
	934153	823110	601746	11	M	192	A		-1	2859.23499043	[1, 1, 1, 1, 1, 1, 1, 1, 1, 1, 1, 1]
	957805	823820	798388	11	M	174	A		-1	2859.39823025	[1, 1, 1, 1, 1, 1, 1, 1, 1, 1, 1, 1]
	929461	823043	546415	11	M	134	A		-1	2859.41227196	[1, 1, 1, 1, 1, 1, 1, 1, 1, 1, 1, 1]
	899720	894589	892484	11	M	136	A		-1	2859.54161657	[1, 1, 1, 1, 1, 1, 1, 1, 1, 1, 1, 1]
	900471	824415	812309	11	M	164	A		-1	2859.58620467	[1, 1, 1, 1, 1, 1, 1, 1, 1, 1, 1, 1]
	935307	823169	828198	11	M	68	A		-1	2859.61544931	[1, 1, 1, 1, 1, 1, 1, 1, 1, 1, 1, 1]
	929723	823043	800485	11	M	76	A		-1	2859.71426942	[1, 1, 1, 1, 1, 1, 1, 1, 1, 1, 1, 1]
	935374	823169	765189	11	M	161	A		-1	2860.70296275	[1, 1, 1, 1, 1, 1, 1, 1, 1, 1, 1, 1]
	807812	720630	724294	10	M	3	A		-1	2860.78863044	[1, 1, 1, 1, 1, 1, 1, 1, 1, 1, 1, 1]
	913917	822643	893765	11	M	166	A		-1	2861.83649994	[1, 1, 1, 1, 1, 1, 1, 1, 1, 1, 1, 1]
	944674	823428	802627	11	M	116	A		-1	2861.94868058	[1, 1, 1, 1, 1, 1, 1, 1, 1, 1, 1, 1]
	887165	724685	759640	10	M	134	A		-1	2861.96658155	[1, 1, 1, 1, 1, 1, 1, 1, 1, 1, 1, 1]
	939385	823169	871136	11	M	186	A		-1	2862.13400562	[1, 1, 0, 1, 1, 1, 1, 1, 1, 1, 1, 1]
	930408	823110	861485	11	M	43	A		-1	2862.23018146	[1, 1, 1, 1, 1, 1, 1, 1, 1, 1, 1, 1]
	929135	823043	645576	11	M	147	A		-1	2862.49932304	[1, 1, 1, 1, 1, 1, 1, 1, 1, 1, 1, 0]
	903112	824415	838869	11	M	38	A		-1	2862.5329787	[1, 1, 1, 1, 1, 1, 1, 1, 1, 1, 1, 1]
	960779	824298	867411	11	M	21	A		-1	2862.54378706	[1, 1, 1, 1, 1, 1, 1, 1, 1, 1, 1, 1]
	915662	822739	696206	11	M	24	A		-1	2862.97316085	[1, 0, 1, 1, 1, 1, 1, 1, 1, 1, 1, 1]
	959360	823820	893014	11	M	90	A		-1	2863.26160934	[1, 1, 1, 1, 1, 1, 1, 1, 1, 1, 1, 1]
	938287	823169	700788	11	M	153	A		-1	2863.45702748	[1, 1, 1, 1, 1, 1, 1, 1, 1, 1, 1, 1]
	957716	823820	716019	11	M	57	A		-1	2863.57399627	[1, 1, 1, 1, 1, 1, 1, 1, 1, 1, 1, 1]
	897987	894589	820320	11	M	19	A		-1	2863.86899068	[1, 1, 1, 1, 1, 1, 1, 1, 1, 1, 1, 1]
	988723	824769	708275	11	M	170	A		-1	2863.87066193	[1, 1, 1, 1, 1, 1, 1, 1, 1, 1, 1, 1]
	900032	824415	794897	11	M	180	A		-1	2864.07206137	[1, 1, 1, 1, 1, 1, 1, 1, 1, 1, 1, 1]
	925001	823043	697362	11	M	101	A		-1	2864.14493225	[1, 1, 1, 1, 1, 1, 1, 1, 1, 1, 1, 1]
	823043	721664	781077	10	M	193	A		-1	2864.49360188	[1, 1, 1, 1, 1, 1, 1, 1, 1, 1, 1, 1]
	918776	822739	890107	11	M	53	A		-1	2864.5384085	[1, 1, 1, 1, 1, 1, 1, 1, 1, 1, 1, 1]
	939454	823169	793661	11	M	110	A		-1	2864.9039841	[1, 1, 1, 1, 1, 1, 1, 1, 1, 1, 1, 1]
	826748	722347	713729	10	M	64	A		-1	2865.05808877	[1, 1, 1, 1, 1, 1, 1, 1, 1, 1, 1, 1]
	860228	723447	741301	10	M	15	A		-1	2865.24404628	[1, 1, 1, 1, 1, 1, 1, 1, 1, 1, 1, 0]
	931077	823110	797566	11	M	42	A		-1	2865.38577909	[1, 1, 1, 1, 1, 1, 1, 1, 1, 1, 1, 1]
	896639	894589	731840	11	M	192	A		-1	2865.47110901	[1, 1, 1, 1, 1, 1, 1, 1, 1, 1, 1, 1]
	902748	824415	690265	11	M	86	A		-1	2865.49808933	[1, 1, 1, 1, 1, 1, 1, 1, 1, 1, 1, 0]
	850370	722700	731701	10	M	144	A		-1	2865.85702662	[1, 1, 1, 1, 1, 1, 1, 1, 1, 1, 1, 1]
	899758	894589	757244	11	M	130	A		-1	2865.8686958	[1, 1, 1, 1, 1, 1, 1, 1, 1, 1, 1, 1]
	923354	822761	873390	11	M	22	A		-1	2866.42955139	[1, 1, 1, 1, 1, 1, 1, 1, 1, 1, 1, 1]
	919330	822739	779653	11	M	145	A		-1	2866.77486917	[1, 1, 1, 1, 1, 1, 1, 1, 1, 1, 1, 1]
	958639	823820	840019	11	M	98	A		-1	2866.80355903	[1, 1, 1, 1, 1, 1, 1, 1, 1, 1, 1, 1]
	897578	894589	882963	11	M	197	A		-1	2867.20578153	[1, 1, 1, 1, 1, 1, 1, 1, 1, 1, 1, 1]
	924840	823043	801484	11	M	53	A		-1	2867.29277645	[1, 1, 1, 1, 1, 1, 1, 1, 1, 1, 1, 1]
	953923	823609	803545	11	M	106	A		-1	2867.43976067	[1, 1, 1, 1, 1, 1, 1, 1, 1, 1, 1, 1]
	933401	823110	812354	11	M	130	A		-1	2868.06198974	[1, 1, 1, 1, 1, 1, 1, 1, 1, 1, 1, 1]
	988558	824769	768699	11	M	159	A		-1	2868.26545359	[1, 1, 1, 1, 1, 1, 1, 1, 1, 1, 1, 1]
	920680	822761	834366	11	M	18	A		-1	2868.47212547	[1, 1, 1, 1, 1, 1, 1, 1, 1, 1, 1, 1]
	972289	824564	872453	11	M	143	A		-1	2868.61802679	[1, 1, 1, 1, 1, 1, 1, 1, 1, 1, 1, 0]
	885501	724685	695971	10	M	150	A		-1	2868.62477601	[1, 1, 1, 1, 1, 1, 1, 1, 1, 1, 1, 1]
	968266	824306	877556	11	M	60	A		-1	2868.70107922	[1, 1, 1, 1, 1, 1, 1, 1, 1, 1, 1, 1]
	901618	824415	888762	11	M	130	A		-1	2868.71245543	[1, 1, 1, 1, 1, 1, 1, 1, 1, 1, 1, 1]
	927421	823043	843803	11	M	35	A		-1	2869.27941006	[1, 1, 1, 1, 1, 1, 1, 1, 1, 1, 1, 1]
	925651	823043	871862	11	M	21	A		-1	2869.28087473	[1, 1, 1, 1, 1, 1, 1, 1, 1, 1, 1, 1]
	982281	824729	788256	11	M	112	A		-1	2869.38682279	[1, 1, 1, 1, 1, 1, 1, 1, 1, 1, 1, 1]
	927467	823043	846146	11	M	5	A		-1	2869.49213845	[1, 1, 1, 1, 1, 1, 1, 1, 1, 1, 1, 1]
	967860	824306	827932	11	M	21	A		-1	2869.66809605	[1, 1, 1, 1, 1, 1, 1, 1, 1, 1, 1, 1]
	938544	823169	844158	11	M	85	A		-1	2869.86725447	[1, 1, 1, 1, 1, 1, 1, 1, 1, 1, 1, 1]
	985616	824769	802057	11	M	77	A		-1	2870.3161119	[1, 1, 1, 1, 1, 1, 1, 1, 1, 1, 1, 1]
	978105	826615	842769	11	M	62	A		-1	2870.83675023	[1, 1, 1, 1, 1, 1, 1, 1, 1, 1, 1, 1]
	956137	823820	843899	11	M	113	A		-1	2871.2795349	[1, 1, 1, 1, 1, 1, 1, 1, 1, 1, 1, 1]
	909576	821899	804811	11	M	138	A		-1	2871.62175819	[1, 1, 1, 1, 1, 1, 1, 1, 1, 1, 1, 1]
	897244	894589	873642	11	M	132	A		-1	2871.87569504	[1, 1, 1, 1, 1, 1, 1, 1, 1, 1, 1, 1]
	950956	823609	808948	11	M	146	A		-1	2872.67377682	[1, 1, 1, 1, 1, 1, 1, 1, 1, 1, 1, 1]
	897294	894589	715904	11	M	97	A		-1	2873.20872676	[1, 1, 1, 1, 1, 1, 1, 1, 1, 1, 1, 1]
	960001	824298	768400	11	M	12	A		-1	2874.90351253	[1, 1, 1, 1, 1, 1, 1, 1, 1, 1, 1, 1]
	932627	823110	748098	11	M	71	A		-1	2875.42299539	[1, 1, 1, 1, 1, 1, 1, 1, 1, 1, 1, 1]
	896021	894589	843763	11	M	88	A		-1	2875.52459183	[1, 1, 1, 1, 1, 1, 1, 1, 1, 1, 1, 1]
	935253	823169	832841	11	M	89	A		-1	2875.74779362	[1, 1, 1, 1, 1, 1, 1, 1, 1, 1, 1, 1]
	974101	824564	861601	11	M	189	A		-1	2876.35627877	[1, 1, 1, 1, 1, 1, 1, 1, 1, 1, 1, 0]
	933263	823110	596866	11	M	22	A		-1	2876.66319057	[1, 1, 1, 1, 1, 1, 1, 1, 1, 1, 1, 1]
	958181	823820	845740	11	M	106	A		-1	2876.86902862	[1, 1, 1, 1, 1, 1, 1, 1, 1, 1, 1, 1]
	959238	823820	821140	11	M	161	A		-1	2876.88848044	[1, 1, 1, 1, 1, 1, 1, 1, 1, 1, 1, 1]
	917500	822739	818148	11	M	62	A		-1	2876.93301776	[1, 1, 1, 1, 1, 1, 1, 1, 1, 1, 1, 1]
	923211	822761	797114	11	M	42	A		-1	2876.99714846	[1, 1, 1, 1, 1, 1, 1, 1, 1, 1, 1, 0]
	977752	826615	845527	11	M	69	A		-1	2877.49336846	[1, 1, 1, 1, 1, 1, 1, 1, 1, 1, 1, 1]
	974243	824564	761766	11	M	72	A		-1	2877.57693163	[1, 1, 1, 1, 1, 1, 1, 1, 1, 1, 1, 1]
	959019	823820	606962	11	M	121	A		-1	2877.58805856	[1, 1, 1, 1, 1, 1, 1, 1, 1, 1, 1, 1]
	835878	722544	743528	10	M	37	A		-1	2877.64173617	[1, 1, 1, 1, 1, 1, 1, 1, 1, 1, 1, 1]
	809320	720630	627614	10	M	55	A		-1	2877.99592303	[1, 1, 1, 1, 1, 1, 1, 1, 1, 1, 1, 1]
	985931	824769	871052	11	M	187	A		-1	2878.31948055	[1, 1, 1, 1, 1, 1, 1, 1, 1, 1, 1, 1]
	965466	824306	815052	11	M	134	A		-1	2878.38061897	[1, 1, 1, 1, 1, 1, 1, 1, 1, 1, 1, 1]
	925408	823043	858645	11	M	34	A		-1	2878.52089094	[1, 1, 1, 1, 1, 1, 1, 1, 1, 1, 1, 1]
	925825	823043	801749	11	M	31	A		-1	2878.57494524	[1, 1, 1, 1, 1, 1, 1, 1, 1, 1, 1, 1]
	931365	823110	884779	11	M	78	A		-1	2878.98870176	[1, 1, 1, 1, 1, 1, 1, 1, 1, 1, 1, 1]
	916694	822739	518072	11	M	93	A		-1	2879.84574572	[1, 1, 1, 1, 1, 1, 1, 1, 1, 1, 1, 1]
	900654	824415	816522	11	M	164	A		-1	2880.35606312	[1, 1, 1, 1, 1, 1, 1, 1, 1, 1, 1, 1]
	968247	824306	740437	11	M	32	A		-1	2880.6579079	[1, 1, 1, 1, 1, 1, 1, 1, 1, 1, 1, 1]
	930620	823110	816435	11	M	133	A		-1	2880.67538638	[1, 1, 1, 1, 1, 1, 1, 1, 1, 1, 1, 1]
	950215	823609	806651	11	M	44	A		-1	2881.04203803	[1, 1, 1, 1, 1, 1, 1, 1, 1, 1, 1, 1]
	924846	823043	860128	11	M	165	A		-1	2881.09807727	[1, 1, 1, 1, 1, 1, 1, 1, 1, 1, 1, 1]
	952795	823609	637344	11	M	188	A		-1	2881.10156838	[1, 1, 1, 1, 1, 1, 1, 1, 1, 1, 1, 1]
	974012	824564	889140	11	M	117	A		-1	2881.26348077	[1, 1, 1, 1, 1, 1, 1, 1, 1, 1, 1, 0]
	918337	822739	844445	11	M	127	A		-1	2881.48773629	[1, 1, 1, 1, 1, 1, 1, 1, 1, 1, 1, 1]
	926486	823043	707526	11	M	183	A		-1	2881.65727112	[1, 1, 1, 1, 1, 0, 1, 1, 1, 1, 1, 1]
	976794	826615	872359	11	M	192	A		-1	2881.70529897	[1, 1, 1, 1, 1, 1, 1, 1, 1, 1, 1, 0]
	915530	822739	811948	11	M	119	A		-1	2881.77093615	[1, 1, 1, 1, 1, 1, 1, 1, 1, 1, 1, 1]
	805145	720630	636437	10	M	50	A		-1	2881.80267252	[1, 1, 1, 1, 1, 1, 1, 1, 1, 1, 1, 1]
	966936	824306	884960	11	M	0	A		-1	2882.02705898	[1, 1, 1, 1, 1, 1, 1, 1, 1, 1, 1, 1]
	928338	823043	826578	11	M	59	A		-1	2882.18082697	[1, 1, 1, 1, 1, 1, 1, 1, 1, 1, 1, 1]
	955495	823820	833520	11	M	174	A		-1	2882.35346524	[1, 1, 1, 1, 1, 1, 1, 1, 1, 1, 1, 1]
	978151	826615	822345	11	M	124	A		-1	2882.57423429	[1, 1, 1, 1, 1, 0, 1, 1, 1, 1, 1, 1]
	931295	823110	614301	11	M	112	A		-1	2882.57671194	[1, 1, 1, 1, 1, 1, 1, 1, 1, 1, 1, 1]
	929226	823043	874021	11	M	89	A		-1	2882.75888153	[1, 1, 1, 1, 1, 1, 1, 1, 1, 1, 1, 1]
	899017	894589	881609	11	M	186	A		-1	2883.06480204	[1, 1, 1, 1, 1, 1, 1, 1, 1, 1, 1, 1]
	930643	823110	850802	11	M	126	A		-1	2883.31371539	[1, 1, 1, 1, 1, 1, 1, 1, 1, 1, 1, 1]
	986363	824769	807832	11	M	58	A		-1	2883.73318941	[1, 1, 1, 1, 1, 1, 1, 1, 1, 1, 1, 1]
	914525	822643	892412	11	M	111	A		-1	2885.08791358	[1, 1, 1, 1, 1, 1, 1, 1, 1, 1, 1, 1]
	944441	823428	827462	11	M	133	A		-1	2885.27504434	[1, 1, 1, 1, 1, 1, 1, 1, 1, 1, 1, 0]
	928638	823043	715017	11	M	97	A		-1	2885.66608846	[1, 1, 1, 1, 1, 1, 1, 1, 1, 1, 1, 1]
	903938	824415	776770	11	M	195	A		-1	2885.8588115	[1, 1, 1, 1, 1, 1, 1, 1, 1, 1, 1, 1]
	971714	824564	792859	11	M	111	A		-1	2886.18502831	[1, 1, 1, 1, 1, 1, 1, 1, 1, 1, 1, 0]
	953629	823609	845002	11	M	105	A		-1	2886.19708398	[1, 1, 1, 1, 1, 1, 1, 1, 1, 1, 1, 1]
	903566	824415	863104	11	M	188	A		-1	2886.24517105	[1, 1, 1, 1, 1, 1, 1, 1, 1, 1, 1, 1]
	986921	824769	811423	11	M	80	A		-1	2886.25330281	[1, 1, 1, 1, 1, 1, 1, 1, 1, 1, 1, 1]
	952209	823609	880736	11	M	107	A		-1	2886.29097621	[1, 1, 1, 1, 1, 1, 1, 1, 1, 1, 1, 1]
	930788	823110	839100	11	M	53	A		-1	2886.37922017	[1, 1, 1, 1, 1, 1, 1, 1, 1, 1, 1, 1]
	943513	823428	894220	11	M	82	A		-1	2887.01316223	[1, 1, 1, 1, 1, 1, 1, 1, 1, 1, 1, 1]
	909407	821899	833249	11	M	152	A		-1	2887.10711062	[1, 1, 1, 1, 1, 1, 1, 1, 1, 1, 1, 1]
	984891	824769	809117	11	M	139	A		-1	2888.15745642	[1, 1, 1, 1, 1, 1, 1, 1, 1, 1, 1, 1]
	970091	824564	755747	11	M	12	A		-1	2889.41991871	[1, 1, 1, 1, 1, 1, 1, 1, 1, 1, 1, 0]
	983447	824729	797292	11	M	59	A		-1	2889.55962287	[1, 1, 1, 1, 1, 1, 1, 1, 1, 1, 1, 1]
	895542	894589	795905	11	M	88	A		-1	2889.66401628	[1, 1, 1, 1, 1, 1, 1, 1, 1, 1, 1, 1]
	919307	822739	687797	11	M	32	A		-1	2889.85761342	[1, 1, 1, 1, 1, 1, 1, 0, 1, 1, 1, 1]
	946259	823593	811196	11	M	110	A		-1	2890.28990008	[1, 1, 1, 1, 1, 1, 1, 1, 1, 1, 1, 1]
	934260	823110	842959	11	M	102	A		-1	2890.37014335	[1, 1, 1, 1, 1, 1, 1, 1, 1, 1, 1, 1]
	960901	824298	879713	11	M	85	A		-1	2890.6000641	[1, 1, 1, 1, 1, 1, 1, 1, 1, 1, 1, 1]
	896649	894589	817669	11	M	145	A		-1	2890.86881426	[1, 1, 1, 1, 1, 1, 1, 1, 1, 1, 1, 1]
	943208	823428	791579	11	M	116	A		-1	2890.99412676	[1, 1, 1, 1, 1, 1, 1, 1, 1, 1, 1, 1]
	895317	894589	697817	11	M	69	A		-1	2891.10983897	[1, 1, 1, 1, 1, 1, 1, 1, 1, 1, 1, 1]
	895856	894589	858986	11	M	82	A		-1	2891.34859982	[1, 1, 1, 1, 1, 1, 1, 1, 1, 1, 1, 1]
	948629	823593	809371	11	M	41	A		-1	2891.55465064	[1, 1, 1, 1, 1, 1, 1, 1, 1, 1, 1, 1]
	927355	823043	849534	11	M	26	A		-1	2891.87746128	[1, 1, 1, 1, 1, 1, 1, 1, 1, 1, 1, 1]
	939226	823169	759275	11	M	194	A		-1	2892.18935696	[1, 1, 1, 1, 1, 1, 1, 1, 1, 1, 1, 1]
	970637	824564	834207	11	M	136	A		-1	2892.2907391	[1, 1, 1, 1, 1, 1, 1, 1, 1, 1, 1, 1]
	927608	823043	637794	11	M	143	A		-1	2892.33104814	[1, 1, 1, 1, 1, 1, 1, 1, 1, 1, 1, 1]
	930066	823110	894364	11	M	100	A		-1	2892.76437409	[1, 1, 1, 1, 1, 1, 1, 1, 1, 1, 1, 1]
	962436	824298	870097	11	M	109	A		-1	2892.96536903	[1, 1, 1, 1, 1, 1, 1, 1, 1, 1, 1, 1]
	987239	824769	770990	11	M	21	A		-1	2893.12215422	[1, 1, 1, 1, 1, 1, 1, 1, 1, 1, 1, 1]
	961977	824298	819165	11	M	58	A		-1	2893.17729688	[1, 1, 1, 1, 1, 1, 1, 1, 1, 1, 1, 1]
	934335	823110	823209	11	M	24	A		-1	2893.58024065	[1, 1, 1, 1, 1, 1, 1, 1, 1, 1, 1, 1]
	914229	822643	749956	11	M	46	A		-1	2893.77814499	[1, 1, 1, 1, 1, 1, 1, 1, 1, 1, 1, 1]
	971507	824564	704552	11	M	109	A		-1	2893.90268656	[1, 1, 1, 1, 1, 1, 1, 1, 1, 1, 1, 0]
	980730	824729	813978	11	M	149	A		-1	2893.92746839	[1, 1, 1, 1, 1, 1, 1, 1, 1, 1, 1, 1]
	938173	823169	863686	11	M	127	A		-1	2894.07518168	[1, 1, 1, 1, 1, 1, 1, 1, 1, 1, 1, 1]
	963090	824298	825407	11	M	71	A		-1	2894.70764885	[1, 1, 1, 1, 1, 1, 1, 1, 1, 1, 1, 1]
	952494	823609	841746	11	M	102	A		-1	2894.79571395	[1, 1, 1, 1, 1, 1, 1, 1, 1, 1, 1, 1]
	916840	822739	872731	11	M	47	A		-1	2895.00631659	[1, 1, 1, 1, 1, 1, 1, 1, 1, 1, 1, 1]
	903383	824415	807967	11	M	165	A		-1	2895.24039127	[1, 1, 1, 1, 1, 1, 1, 1, 1, 1, 1, 1]
	899018	894589	746772	11	M	147	A		-1	2895.28101958	[1, 1, 1, 1, 1, 1, 1, 1, 1, 1, 1, 1]
	924853	823043	794447	11	M	52	A		-1	2895.33835664	[1, 1, 1, 1, 1, 1, 1, 1, 1, 1, 1, 1]
	926566	823043	775864	11	M	114	A		-1	2895.83834735	[1, 1, 1, 1, 1, 1, 1, 1, 1, 1, 1, 1]
	985360	824769	863761	11	M	192	A		-1	2895.86988656	[1, 1, 1, 1, 1, 1, 1, 1, 1, 1, 1, 1]
	977380	826615	760918	11	M	170	A		-1	2896.363571	[1, 1, 1, 1, 1, 1, 1, 1, 1, 1, 1, 1]
	931331	823110	841087	11	M	102	A		-1	2896.70949002	[1, 1, 1, 1, 1, 1, 1, 1, 1, 1, 1, 1]
	976035	826615	842958	11	M	35	A		-1	2896.91888513	[1, 1, 1, 1, 1, 1, 1, 1, 1, 1, 1, 1]
	943572	823428	735282	11	M	194	A		-1	2896.97085121	[1, 1, 1, 1, 1, 1, 1, 1, 1, 1, 1, 1]
	955098	823820	841589	11	M	59	A		-1	2897.11202587	[1, 1, 1, 1, 1, 1, 1, 1, 1, 1, 1, 1]
	973020	824564	725783	11	M	130	A		-1	2897.11348376	[1, 1, 1, 1, 1, 1, 1, 1, 1, 1, 1, 0]
	983882	824729	851479	11	M	90	A		-1	2897.87360438	[1, 1, 1, 1, 1, 1, 1, 1, 1, 1, 1, 1]
	910846	822643	846090	11	M	70	A		-1	2897.93670068	[1, 1, 1, 1, 1, 1, 1, 1, 1, 1, 1, 1]
	880931	724336	765649	10	M	64	A		-1	2897.96524698	[1, 1, 1, 1, 1, 1, 1, 1, 1, 1, 1, 1]
	900787	824415	698492	11	M	152	A		-1	2898.0815967	[1, 1, 1, 1, 1, 1, 1, 1, 1, 1, 1, 1]
	967636	824306	854211	11	M	72	A		-1	2898.18029996	[1, 1, 1, 1, 1, 1, 1, 1, 1, 1, 1, 1]
	897598	894589	836224	11	M	132	A		-1	2898.61956096	[1, 1, 1, 1, 1, 1, 1, 1, 1, 1, 1, 1]
	928576	823043	865820	11	M	107	A		-1	2898.81694937	[1, 1, 1, 1, 1, 1, 1, 1, 1, 1, 1, 1]
	957156	823820	839967	11	M	153	A		-1	2898.83822119	[1, 1, 1, 1, 1, 1, 1, 1, 1, 1, 1, 1]
	926739	823043	875064	11	M	130	A		-1	2899.15804156	[1, 1, 1, 1, 1, 1, 1, 1, 1, 1, 1, 1]
	912023	822643	857250	11	M	93	A		-1	2899.32716301	[1, 1, 1, 1, 1, 1, 1, 1, 1, 1, 1, 1]
	956262	823820	642819	11	M	141	A		-1	2899.52097936	[1, 0, 1, 1, 1, 1, 1, 1, 1, 1, 1, 1]
	990028	824828	871213	11	M	57	A		-1	2899.8335267	[1, 1, 1, 1, 1, 1, 1, 1, 1, 1, 1, 1]
	897720	894589	824177	11	M	163	A		-1	2900.37928888	[1, 1, 1, 1, 1, 1, 1, 1, 1, 1, 1, 1]
	897562	894589	830894	11	M	161	A		-1	2900.8957757	[1, 1, 1, 1, 1, 1, 1, 1, 1, 1, 1, 0]
	912853	822643	856905	11	M	141	A		-1	2901.04771275	[1, 1, 1, 1, 1, 1, 1, 1, 1, 1, 1, 1]
	951247	823609	787608	11	M	141	A		-1	2902.20707466	[1, 1, 1, 1, 1, 1, 1, 1, 1, 1, 1, 1]
	981071	824729	728590	11	M	119	A		-1	2902.38239625	[1, 1, 1, 1, 1, 1, 1, 1, 1, 1, 1, 1]
	992272	824828	755818	11	M	86	A		-1	2902.52387279	[1, 1, 1, 1, 1, 1, 1, 1, 1, 1, 1, 1]
	928393	823043	801657	11	M	22	A		-1	2902.62473314	[1, 1, 1, 1, 1, 1, 1, 1, 1, 1, 1, 1]
	952600	823609	877963	11	M	33	A		-1	2902.69579796	[1, 1, 1, 1, 1, 1, 1, 1, 1, 1, 1, 1]
	925039	823043	699569	11	M	16	A		-1	2902.72410578	[1, 1, 1, 1, 1, 1, 1, 1, 1, 1, 1, 0]
	968674	824306	884436	11	M	31	A		-1	2903.16472791	[1, 1, 1, 1, 1, 1, 1, 1, 1, 1, 1, 1]
	902797	824415	804730	11	M	99	A		-1	2903.3679449	[1, 1, 1, 1, 1, 1, 1, 1, 1, 1, 1, 1]
	929950	823110	811500	11	M	62	A		-1	2904.13548696	[1, 1, 1, 1, 1, 1, 1, 1, 1, 1, 1, 1]
	974595	824564	823677	11	M	46	A		-1	2904.20235264	[1, 1, 1, 1, 1, 1, 1, 1, 1, 1, 1, 0]
	965886	824306	813613	11	M	8	A		-1	2904.33477971	[1, 1, 1, 1, 1, 1, 1, 1, 1, 1, 1, 0]
	973975	824564	841973	11	M	200	A		-1	2904.83967283	[1, 1, 1, 1, 1, 1, 1, 1, 1, 1, 1, 0]
	797582	794711	641793	10	M	46	A		-1	2905.03613703	[1, 1, 1, 1, 1, 1, 1, 1, 1, 1, 1, 0]
	953860	823609	842060	11	M	136	A		-1	2905.08358964	[1, 1, 1, 1, 1, 1, 1, 1, 1, 1, 1, 1]
	929866	823110	856275	11	M	145	A		-1	2905.10056626	[1, 1, 1, 1, 1, 1, 1, 1, 1, 1, 1, 1]
	932300	823110	872023	11	M	157	A		-1	2905.33266334	[1, 1, 1, 1, 1, 1, 1, 1, 1, 1, 1, 1]
	944482	823428	727676	11	M	84	A		-1	2905.46743704	[1, 1, 1, 1, 1, 1, 1, 1, 1, 1, 1, 1]
	869648	723499	747787	10	M	107	A		-1	2906.9547249	[1, 1, 1, 1, 1, 1, 1, 1, 1, 1, 1, 1]
	950519	823609	823568	11	M	33	A		-1	2907.0192264	[1, 1, 1, 1, 1, 1, 1, 1, 1, 1, 1, 1]
	929363	823043	851509	11	M	112	A		-1	2907.34642916	[1, 1, 1, 1, 1, 1, 1, 1, 1, 1, 1, 1]
	976355	826615	783654	11	M	67	A		-1	2907.37205411	[1, 1, 1, 1, 1, 1, 1, 1, 1, 1, 1, 1]
	952975	823609	865148	11	M	193	A		-1	2908.54600497	[1, 1, 1, 1, 1, 1, 1, 1, 1, 1, 1, 1]
	928499	823043	719905	11	M	88	A		-1	2908.54917514	[1, 1, 1, 1, 1, 1, 1, 1, 1, 1, 1, 1]
	915199	822739	887878	11	M	61	A		-1	2908.79927862	[1, 1, 1, 1, 1, 1, 1, 1, 1, 1, 1, 1]
	877642	729102	743955	10	M	170	A		-1	2909.28412236	[1, 1, 1, 1, 1, 1, 1, 1, 1, 1, 1, 1]
	978686	826615	870595	11	M	174	A		-1	2909.39043609	[1, 1, 1, 1, 1, 1, 1, 1, 1, 1, 1, 1]
	921619	822761	811828	11	M	91	A		-1	2909.51802275	[1, 1, 1, 1, 1, 1, 1, 1, 1, 1, 1, 1]
	845093	722627	712398	10	M	47	A		-1	2910.24729899	[1, 1, 1, 1, 1, 1, 1, 1, 1, 1, 1, 0]
	950645	823609	603647	11	M	78	A		-1	2910.39538095	[1, 1, 1, 0, 1, 1, 1, 1, 1, 1, 1, 1]
	926719	823043	802203	11	M	169	A		-1	2911.02820943	[1, 1, 0, 1, 1, 1, 1, 1, 1, 1, 1, 1]
	972349	824564	840148	11	M	0	A		-1	2911.09107579	[1, 1, 1, 1, 1, 1, 1, 1, 1, 1, 1, 0]
	928187	823043	877806	11	M	37	A		-1	2911.37084654	[1, 1, 1, 1, 1, 1, 1, 1, 1, 1, 1, 1]
	973703	824564	894647	11	M	169	A		-1	2912.41457913	[1, 1, 1, 1, 1, 1, 1, 1, 1, 1, 1, 0]
	946409	823593	799187	11	M	22	A		-1	2913.65874574	[1, 1, 1, 1, 1, 1, 1, 1, 1, 1, 1, 1]
	930596	823110	893355	11	M	10	A		-1	2913.84203565	[1, 1, 1, 1, 1, 1, 1, 1, 1, 1, 1, 1]
	872009	723760	702482	10	M	125	A		-1	2913.92303037	[1, 1, 1, 1, 1, 1, 1, 1, 1, 1, 1, 1]
	960667	824298	798362	11	M	37	A		-1	2914.28608125	[1, 1, 1, 1, 1, 1, 1, 1, 1, 1, 1, 1]
	932446	823110	885403	11	M	198	A		-1	2914.298902	[1, 1, 1, 1, 1, 1, 1, 1, 1, 1, 1, 1]
	943676	823428	892434	11	M	142	A		-1	2914.69678767	[1, 1, 1, 1, 1, 1, 1, 1, 1, 1, 1, 1]
	941367	823428	695072	11	M	57	A		-1	2914.93745429	[1, 1, 1, 1, 1, 1, 1, 1, 1, 1, 1, 1]
	916815	822739	820731	11	M	84	A		-1	2915.22659832	[1, 1, 1, 1, 1, 1, 1, 1, 1, 1, 1, 1]
	959703	823820	814467	11	M	26	A		-1	2915.86691352	[1, 1, 1, 1, 1, 1, 1, 1, 1, 1, 1, 1]
	928206	823043	831973	11	M	138	A		-1	2915.9443168	[1, 1, 1, 1, 1, 1, 1, 1, 1, 1, 1, 1]
	897072	894589	835393	11	M	56	A		-1	2916.04163497	[1, 1, 1, 1, 1, 1, 1, 1, 1, 1, 1, 1]
	952348	823609	861073	11	M	22	A		-1	2916.12110108	[1, 1, 1, 1, 1, 1, 1, 1, 1, 1, 1, 0]
	976575	826615	815627	11	M	8	A		-1	2916.13055268	[1, 1, 1, 1, 1, 1, 1, 1, 1, 1, 1, 1]
	948002	823593	868763	11	M	4	A		-1	2916.3301166	[1, 1, 1, 1, 1, 1, 1, 1, 1, 1, 1, 1]
	913442	822643	880508	11	M	164	A		-1	2916.4384318	[1, 1, 1, 1, 1, 1, 1, 1, 1, 1, 1, 1]
	978414	826615	841957	11	M	87	A		-1	2916.5219499	[1, 1, 1, 1, 1, 1, 1, 1, 1, 1, 1, 1]
	963034	824298	877153	11	M	180	A		-1	2916.56834058	[1, 1, 1, 1, 1, 1, 1, 1, 1, 1, 1, 1]
	982114	824729	830626	11	M	71	A		-1	2916.71716828	[1, 1, 1, 1, 1, 1, 1, 1, 1, 1, 1, 1]
	944335	823428	813744	11	M	114	A		-1	2917.39286827	[1, 1, 1, 1, 1, 1, 1, 1, 1, 1, 1, 1]
	920316	822761	813435	11	M	137	A		-1	2917.43412805	[1, 1, 1, 1, 1, 1, 1, 1, 1, 1, 1, 1]
	895343	894589	674399	11	M	29	A		-1	2917.46306665	[1, 1, 1, 1, 1, 1, 1, 1, 1, 1, 1, 1]
	942949	823428	866876	11	M	181	A		-1	2917.67952041	[1, 1, 1, 1, 1, 1, 1, 1, 1, 1, 1, 1]
	969649	824306	797333	11	M	146	A		-1	2917.70560053	[1, 1, 1, 1, 1, 1, 1, 1, 1, 1, 1, 1]
	946927	823593	878906	11	M	84	A		-1	2917.77683053	[1, 1, 1, 1, 1, 1, 1, 1, 1, 1, 1, 1]
	951300	823609	832458	11	M	87	A		-1	2918.00883381	[1, 1, 1, 1, 1, 1, 1, 1, 1, 1, 1, 1]
	925560	823043	849940	11	M	110	A		-1	2918.29611321	[1, 1, 1, 1, 1, 1, 1, 1, 1, 1, 1, 1]
	937718	823169	804390	11	M	46	A		-1	2918.64949766	[1, 1, 1, 1, 1, 1, 1, 1, 1, 1, 1, 1]
	932400	823110	776063	11	M	192	A		-1	2919.29458942	[1, 1, 1, 1, 1, 1, 1, 1, 1, 1, 1, 1]
	930907	823110	893738	11	M	8	A		-1	2919.50453683	[1, 1, 1, 1, 1, 1, 1, 1, 1, 1, 1, 1]
	951412	823609	856859	11	M	118	A		-1	2919.74565511	[1, 1, 1, 1, 1, 1, 1, 1, 1, 1, 1, 1]
	922136	822761	818740	11	M	173	A		-1	2919.98018988	[1, 1, 1, 1, 1, 1, 1, 1, 1, 1, 1, 1]
	949692	823593	805999	11	M	95	A		-1	2920.34458642	[1, 1, 1, 1, 1, 1, 1, 1, 1, 1, 1, 1]
	959443	823820	869468	11	M	42	A		-1	2920.84559614	[1, 1, 1, 1, 1, 1, 1, 1, 1, 1, 1, 1]
	920013	822761	822227	11	M	127	A		-1	2921.25824126	[1, 1, 1, 1, 1, 1, 1, 1, 1, 1, 1, 1]
	851377	722700	782654	10	M	65	A		-1	2921.53659337	[1, 1, 1, 1, 1, 1, 1, 1, 1, 1, 1, 1]
	897398	894589	722457	11	M	32	A		-1	2921.97866435	[1, 1, 1, 1, 1, 1, 1, 1, 1, 1, 1, 1]
	967301	824306	810838	11	M	86	A		-1	2922.14961302	[1, 1, 1, 1, 1, 1, 1, 1, 1, 1, 1, 0]
	811125	720683	763772	10	M	176	A		-1	2922.26544851	[1, 1, 1, 1, 1, 1, 1, 1, 1, 1, 1, 1]
	928433	823043	890170	11	M	9	A		-1	2923.93043559	[1, 1, 1, 1, 1, 1, 1, 1, 1, 1, 1, 1]
	968434	824306	848715	11	M	199	A		-1	2924.13665909	[1, 1, 1, 1, 1, 1, 1, 1, 1, 1, 1, 1]
	838577	722544	705386	10	M	63	A		-1	2924.22679442	[1, 1, 1, 1, 1, 1, 1, 1, 1, 1, 1, 1]
	941742	823428	866819	11	M	200	A		-1	2924.26151446	[1, 1, 1, 1, 1, 1, 1, 1, 1, 1, 1, 1]
	895437	894589	839386	11	M	76	A		-1	2924.47891866	[1, 1, 1, 1, 1, 1, 1, 1, 1, 1, 1, 1]
	940627	823428	797052	11	M	19	A		-1	2924.98311482	[1, 1, 1, 1, 1, 1, 1, 1, 1, 1, 1, 0]
	901967	824415	852665	11	M	143	A		-1	2926.81358212	[1, 1, 1, 1, 1, 1, 1, 1, 1, 1, 1, 1]
	929180	823043	719210	11	M	125	A		-1	2927.65912279	[1, 1, 1, 1, 1, 1, 1, 1, 1, 1, 1, 1]
	923867	822761	833335	11	M	137	A		-1	2927.87604868	[1, 1, 1, 1, 1, 1, 1, 1, 1, 1, 1, 1]
	970706	824564	833793	11	M	192	A		-1	2928.3212395	[1, 1, 1, 1, 1, 1, 1, 1, 1, 1, 1, 0]
	991386	824828	814857	11	M	63	A		-1	2928.4812934	[1, 1, 1, 1, 1, 1, 1, 1, 1, 1, 1, 1]
	849845	722700	762847	10	M	149	A		-1	2928.6751461	[1, 1, 1, 1, 1, 1, 1, 1, 1, 1, 1, 1]
	921137	822761	882969	11	M	64	A		-1	2928.82449346	[1, 1, 1, 1, 1, 1, 1, 1, 1, 1, 1, 1]
	989264	824769	885235	11	M	198	A		-1	2929.09817907	[1, 1, 1, 1, 1, 1, 1, 1, 1, 1, 1, 1]
	909286	821899	878822	11	M	93	A		-1	2929.18670018	[1, 1, 1, 1, 1, 1, 1, 1, 1, 1, 1, 1]
	986610	824769	730459	11	M	79	A		-1	2929.44628076	[1, 1, 1, 1, 1, 1, 1, 1, 1, 1, 1, 1]
	936841	823169	574000	11	M	103	A		-1	2929.75086366	[1, 1, 0, 1, 1, 1, 1, 1, 1, 1, 1, 1]
	947641	823593	882903	11	M	99	A		-1	2930.24921911	[1, 1, 1, 1, 1, 1, 1, 1, 1, 1, 1, 1]
	899700	894589	696901	11	M	76	A		-1	2930.72809281	[1, 1, 1, 1, 1, 1, 1, 1, 1, 1, 1, 1]
	964356	824298	880295	11	M	129	A		-1	2930.74273385	[1, 1, 1, 1, 1, 1, 1, 1, 1, 1, 1, 1]
	990616	824828	823366	11	M	79	A		-1	2930.99392091	[1, 1, 1, 1, 1, 1, 1, 1, 1, 1, 1, 1]
	954884	823820	780989	11	M	123	A		-1	2931.58264404	[1, 0, 1, 1, 1, 1, 1, 1, 1, 1, 1, 1]
	957759	823820	806174	11	M	159	A		-1	2932.48003549	[1, 1, 1, 1, 1, 1, 1, 1, 1, 1, 1, 1]
	935862	823169	812548	11	M	117	A		-1	2932.54183355	[1, 1, 1, 1, 1, 1, 1, 1, 1, 1, 1, 1]
	940093	823428	807525	11	M	106	A		-1	2932.65494348	[1, 1, 1, 1, 1, 1, 1, 1, 1, 1, 1, 1]
	970113	824564	832064	11	M	145	A		-1	2932.67589482	[1, 1, 1, 1, 1, 1, 1, 1, 1, 1, 1, 0]
	941044	823428	843823	11	M	172	A		-1	2932.8059664	[1, 1, 1, 1, 1, 1, 1, 1, 1, 1, 1, 1]
	941001	823428	776441	11	M	97	A		-1	2933.86800644	[1, 1, 1, 1, 1, 1, 1, 1, 1, 1, 1, 1]
	949745	823593	805732	11	M	39	A		-1	2933.90869654	[1, 1, 1, 1, 1, 1, 1, 1, 1, 1, 1, 1]
	937726	823169	828193	11	M	127	A		-1	2935.20566121	[1, 1, 1, 1, 1, 1, 1, 1, 1, 1, 1, 1]
	898086	894589	892981	11	M	199	A		-1	2935.21882102	[1, 1, 1, 1, 1, 1, 1, 1, 1, 1, 1, 1]
	990720	824828	820345	11	M	87	A		-1	2936.16481483	[1, 1, 1, 1, 1, 1, 1, 1, 1, 1, 1, 1]
	994748	824828	800714	11	M	33	A		-1	2936.22681062	[1, 1, 0, 1, 1, 1, 1, 1, 1, 1, 1, 1]
	926483	823043	790521	11	M	1	A		-1	2937.01990952	[1, 1, 1, 1, 1, 1, 1, 1, 1, 1, 1, 1]
	934566	823110	859101	11	M	142	A		-1	2937.29761957	[1, 1, 1, 1, 1, 1, 1, 1, 1, 1, 1, 1]
	965598	824306	784228	11	M	158	A		-1	2937.85289106	[1, 1, 1, 1, 1, 1, 1, 1, 1, 1, 1, 1]
	923526	822761	808679	11	M	195	A		-1	2937.87903696	[1, 1, 1, 1, 1, 1, 1, 1, 1, 1, 1, 1]
	928185	823043	817423	11	M	92	A		-1	2938.00896846	[1, 1, 1, 1, 1, 1, 1, 1, 1, 1, 1, 1]
	955277	823820	833890	11	M	165	A		-1	2938.54291741	[1, 1, 1, 0, 1, 1, 1, 1, 1, 1, 1, 1]
	911484	822643	884413	11	M	173	A		-1	2939.37327905	[1, 1, 1, 1, 1, 1, 1, 1, 1, 1, 1, 1]
	934121	823110	808075	11	M	196	A		-1	2939.55547799	[1, 1, 1, 1, 1, 1, 1, 1, 1, 1, 1, 1]
	958137	823820	894684	11	M	110	A		-1	2940.08110297	[1, 1, 1, 1, 1, 1, 1, 1, 1, 1, 1, 1]
	845857	722627	722902	10	M	168	A		-1	2941.34566649	[1, 1, 1, 1, 1, 1, 1, 1, 1, 1, 1, 1]
	978443	826615	882184	11	M	33	A		-1	2941.42241774	[1, 1, 1, 1, 1, 1, 1, 1, 1, 1, 1, 1]
	819939	721664	645160	10	M	52	A		-1	2941.48373795	[1, 1, 1, 1, 1, 1, 1, 1, 1, 1, 1, 1]
	963515	824298	888021	11	M	44	A		-1	2942.68067217	[1, 1, 1, 1, 1, 1, 1, 1, 1, 1, 1, 1]
	922853	822761	813940	11	M	58	A		-1	2943.15135704	[1, 1, 1, 1, 1, 1, 1, 1, 1, 1, 1, 1]
	975170	826615	838939	11	M	10	A		-1	2943.21426195	[1, 1, 1, 1, 1, 1, 1, 1, 1, 1, 1, 1]
	916845	822739	809024	11	M	98	A		-1	2943.61153669	[1, 1, 1, 1, 1, 1, 1, 1, 1, 1, 1, 1]
	936001	823169	858263	11	M	128	A		-1	2943.93616235	[1, 1, 1, 1, 1, 1, 1, 1, 1, 1, 1, 1]
	978346	826615	831284	11	M	14	A		-1	2944.17721628	[1, 1, 1, 1, 1, 1, 1, 1, 1, 1, 1, 1]
	974571	824564	875114	11	M	77	A		-1	2944.45610195	[1, 1, 1, 1, 1, 1, 1, 1, 1, 1, 1, 0]
	960967	824298	877360	11	M	53	A		-1	2944.81667702	[1, 1, 1, 1, 1, 1, 1, 1, 1, 1, 1, 1]
	987725	824769	863380	11	M	145	A		-1	2946.93455489	[1, 1, 1, 1, 1, 1, 1, 1, 1, 1, 1, 1]
	807927	720630	748490	10	M	2	A		-1	2947.4458745	[1, 1, 1, 1, 1, 1, 1, 1, 1, 1, 1, 1]
	817772	721398	791782	10	M	165	A		-1	2947.62584017	[1, 1, 1, 1, 1, 1, 1, 1, 1, 1, 1, 1]
	933019	823110	880493	11	M	124	A		-1	2947.96865792	[1, 1, 1, 1, 1, 1, 1, 1, 1, 1, 1, 1]
	904884	821899	873421	11	M	193	A		-1	2948.10914803	[1, 1, 1, 1, 1, 1, 1, 1, 1, 1, 1, 1]
	992327	824828	864572	11	M	106	A		-1	2948.1671546	[1, 1, 1, 1, 1, 1, 1, 1, 1, 1, 1, 1]
	958359	823820	889690	11	M	161	A		-1	2948.27021867	[1, 1, 1, 1, 1, 1, 1, 1, 1, 1, 1, 1]
	988072	824769	878665	11	M	127	A		-1	2949.32499318	[1, 1, 1, 1, 1, 1, 1, 1, 1, 1, 1, 1]
	930639	823110	700665	11	M	96	A		-1	2949.99876206	[1, 1, 1, 1, 1, 1, 1, 1, 1, 1, 1, 1]
	949285	823593	819341	11	M	114	A		-1	2950.42362768	[1, 1, 0, 1, 1, 1, 1, 1, 1, 1, 1, 1]
	937791	823169	828588	11	M	147	A		-1	2951.44468349	[1, 1, 1, 1, 1, 1, 1, 1, 1, 1, 1, 1]
	937431	823169	808675	11	M	199	A		-1	2952.05066251	[1, 1, 1, 1, 1, 1, 1, 1, 1, 1, 1, 1]
	990508	824828	864997	11	M	74	A		-1	2952.26907737	[1, 1, 1, 1, 1, 1, 1, 1, 1, 1, 1, 1]
	950088	823609	840073	11	M	142	A		-1	2952.80340476	[1, 1, 1, 1, 1, 1, 1, 1, 1, 1, 1, 1]
	978030	826615	892419	11	M	161	A		-1	2953.27873904	[1, 1, 1, 1, 1, 1, 1, 1, 1, 1, 1, 1]
	938306	823169	752979	11	M	170	A		-1	2954.64151519	[1, 1, 1, 0, 1, 1, 1, 1, 1, 1, 1, 1]
	950863	823609	737405	11	M	125	A		-1	2954.72355136	[1, 1, 1, 1, 1, 1, 1, 1, 1, 1, 1, 1]
	989349	824769	827817	11	M	72	A		-1	2954.82874685	[1, 1, 1, 1, 1, 1, 1, 1, 1, 1, 1, 1]
	946582	823593	843945	11	M	196	A		-1	2955.15877379	[1, 1, 1, 1, 1, 1, 1, 1, 1, 1, 1, 1]
	964263	824298	841392	11	M	44	A		-1	2955.95926584	[1, 1, 1, 1, 1, 1, 1, 1, 1, 1, 1, 1]
	966966	824306	866261	11	M	165	A		-1	2956.02714045	[1, 1, 1, 1, 1, 1, 1, 1, 1, 1, 1, 1]
	967897	824306	878235	11	M	27	A		-1	2956.13405261	[1, 1, 1, 1, 1, 1, 1, 1, 1, 1, 1, 1]
	909356	821899	872262	11	M	187	A		-1	2956.49110896	[1, 1, 1, 1, 1, 1, 1, 1, 1, 1, 1, 1]
	910871	822643	874464	11	M	191	A		-1	2956.64491009	[1, 1, 1, 1, 1, 1, 1, 1, 1, 1, 1, 1]
	899341	894589	876829	11	M	145	A		-1	2957.43460722	[1, 1, 1, 1, 1, 1, 1, 1, 1, 1, 1, 1]
	895761	894589	829171	11	M	12	A		-1	2957.60667328	[1, 1, 1, 1, 1, 1, 1, 1, 1, 1, 1, 1]
	956202	823820	871421	11	M	52	A		-1	2957.85238549	[1, 1, 1, 1, 1, 1, 1, 1, 1, 1, 1, 1]
	816093	721398	727961	10	M	25	A		-1	2957.9300328	[1, 1, 1, 1, 1, 1, 1, 1, 1, 1, 1, 1]
	965692	824306	855944	11	M	182	A		-1	2958.66647206	[1, 1, 1, 1, 1, 1, 1, 1, 1, 1, 1, 1]
	923927	822761	852644	11	M	181	A		-1	2959.06451834	[1, 1, 1, 1, 1, 1, 1, 1, 1, 1, 1, 1]
	890944	725176	789660	10	M	191	A		-1	2961.07475274	[1, 1, 1, 1, 1, 1, 1, 1, 1, 1, 1, 1]
	891111	725176	733161	10	M	160	A		-1	2961.43813762	[1, 1, 1, 1, 1, 1, 1, 1, 1, 1, 1, 0]
	991443	824828	804401	11	M	99	A		-1	2962.1040288	[1, 1, 0, 1, 1, 1, 1, 1, 1, 1, 1, 1]
	899717	894589	752999	11	M	158	A		-1	2962.63457557	[1, 1, 1, 1, 1, 1, 1, 1, 1, 1, 1, 1]
	925052	823043	649793	11	M	137	A		-1	2963.00007193	[1, 1, 1, 1, 1, 1, 1, 1, 1, 1, 1, 1]
	977694	826615	892024	11	M	60	A		-1	2963.66371067	[1, 1, 1, 1, 1, 1, 1, 1, 1, 1, 1, 1]
	934521	823110	823727	11	M	182	A		-1	2964.84946914	[1, 1, 1, 1, 1, 1, 1, 1, 1, 1, 1, 1]
	973628	824564	838919	11	M	47	A		-1	2966.00834232	[1, 1, 1, 1, 1, 1, 1, 1, 1, 1, 1, 1]
	982934	824729	858779	11	M	155	A		-1	2968.86455171	[1, 1, 1, 1, 1, 1, 1, 1, 1, 1, 1, 1]
	923533	822761	838819	11	M	32	A		-1	2969.0854029	[1, 1, 1, 1, 1, 1, 1, 1, 1, 1, 1, 1]
	952513	823609	865430	11	M	79	A		-1	2969.63309385	[1, 1, 1, 1, 1, 1, 1, 1, 1, 1, 1, 1]
	924838	823043	806694	11	M	159	A		-1	2969.75031764	[1, 1, 1, 1, 1, 1, 1, 1, 1, 1, 1, 1]
	958546	823820	828282	11	M	19	A		-1	2969.8411405	[1, 1, 1, 1, 1, 1, 1, 1, 1, 1, 1, 1]
	916081	822739	828747	11	M	32	A		-1	2969.85019909	[1, 1, 1, 1, 1, 1, 1, 1, 1, 1, 1, 1]
	951055	823609	867371	11	M	87	A		-1	2971.1435805	[1, 1, 1, 1, 1, 1, 1, 1, 1, 1, 1, 1]
	796606	794711	755561	10	M	3	A		-1	2971.55936109	[1, 1, 1, 1, 1, 1, 1, 1, 1, 1, 1, 1]
	960251	824298	862719	11	M	72	A		-1	2971.64797885	[1, 1, 1, 1, 1, 1, 1, 1, 1, 1, 1, 1]
	913026	822643	784396	11	M	90	A		-1	2971.85683328	[1, 1, 1, 1, 1, 1, 1, 1, 1, 1, 1, 1]
	945716	823593	820624	11	M	56	A		-1	2971.99657472	[1, 1, 1, 1, 1, 1, 1, 1, 1, 1, 1, 0]
	833705	722473	690443	10	M	91	A		-1	2972.18932934	[1, 1, 1, 1, 1, 1, 1, 1, 1, 1, 1, 1]
	929608	823043	807480	11	M	127	A		-1	2975.46555756	[1, 1, 1, 1, 1, 1, 1, 1, 1, 1, 1, 1]
	983395	824729	818052	11	M	88	A		-1	2976.29490845	[1, 1, 1, 1, 1, 1, 1, 1, 1, 1, 1, 1]
	917315	822739	862531	11	M	145	A		-1	2977.1334266	[1, 1, 1, 1, 1, 1, 1, 1, 1, 1, 1, 1]
	951005	823609	868219	11	M	109	A		-1	2977.67153861	[1, 1, 1, 1, 1, 1, 1, 1, 1, 1, 1, 1]
	968764	824306	860403	11	M	81	A		-1	2978.02752475	[1, 1, 1, 1, 1, 1, 1, 1, 1, 1, 1, 1]
	938098	823169	893587	11	M	120	A		-1	2978.16273984	[1, 1, 1, 1, 1, 1, 1, 1, 1, 1, 1, 1]
	944750	823428	849335	11	M	103	A		-1	2978.72038712	[1, 1, 1, 1, 1, 1, 1, 1, 1, 1, 1, 1]
	926004	823043	845739	11	M	154	A		-1	2979.86475758	[1, 1, 1, 1, 1, 1, 1, 1, 1, 1, 1, 1]
	925058	823043	792527	11	M	22	A		-1	2980.05755413	[1, 1, 1, 1, 1, 1, 1, 1, 1, 1, 1, 1]
	882580	724336	788263	10	M	130	A		-1	2980.06976552	[1, 1, 1, 1, 1, 1, 1, 1, 1, 1, 1, 1]
	930285	823110	845571	11	M	186	A		-1	2980.17414476	[1, 1, 1, 1, 1, 1, 1, 1, 1, 1, 1, 1]
	917917	822739	802630	11	M	7	A		-1	2980.34692747	[1, 1, 1, 1, 1, 1, 1, 1, 1, 1, 1, 1]
	933371	823110	813052	11	M	197	A		-1	2981.14651945	[1, 1, 1, 1, 1, 1, 1, 1, 1, 1, 1, 1]
	925319	823043	711114	11	M	106	A		-1	2982.23656767	[1, 1, 1, 1, 1, 1, 1, 1, 1, 1, 1, 1]
	943309	823428	777471	11	M	97	A		-1	2983.37240374	[1, 0, 1, 1, 1, 1, 1, 1, 1, 1, 1, 1]
	924085	822761	878808	11	M	82	A		-1	2984.14712417	[1, 1, 1, 1, 1, 1, 1, 1, 1, 1, 1, 1]
	882152	724336	773596	10	M	189	A		-1	2985.05336421	[1, 1, 1, 1, 1, 1, 1, 1, 1, 1, 1, 1]
	978915	826615	735692	11	M	99	A		-1	2985.72825533	[1, 1, 1, 1, 1, 1, 1, 1, 1, 1, 1, 1]
	953012	823609	881532	11	M	192	A		-1	2986.54970328	[1, 1, 1, 1, 1, 1, 1, 1, 1, 1, 1, 1]
	960071	824298	815111	11	M	76	A		-1	2986.57355912	[1, 1, 1, 1, 1, 1, 1, 1, 1, 1, 1, 1]
	984786	824769	855619	11	M	36	A		-1	2987.4010988	[1, 1, 1, 1, 1, 1, 1, 1, 1, 1, 1, 1]
	966860	824306	884447	11	M	31	A		-1	2987.66335636	[1, 1, 1, 1, 1, 0, 1, 1, 1, 1, 1, 1]
	925360	823043	872011	11	M	108	A		-1	2987.74403378	[1, 1, 1, 1, 1, 1, 1, 1, 1, 1, 1, 1]
	918310	822739	758846	11	M	118	A		-1	2988.02437417	[1, 1, 1, 1, 1, 1, 1, 1, 1, 1, 1, 1]
	960733	824298	822927	11	M	28	A		-1	2988.17450941	[1, 1, 1, 1, 1, 1, 1, 1, 1, 1, 1, 1]
	906338	821899	858043	11	M	38	A		-1	2990.38620088	[1, 1, 1, 1, 1, 1, 1, 1, 1, 1, 1, 1]
	957382	823820	841837	11	M	115	A		-1	2990.63194538	[1, 1, 1, 1, 1, 1, 1, 1, 1, 1, 1, 1]
	947942	823593	877125	11	M	174	A		-1	2990.69074812	[1, 1, 1, 1, 1, 1, 1, 1, 1, 1, 1, 1]
	978482	826615	783295	11	M	38	A		-1	2990.91615667	[1, 1, 1, 1, 1, 1, 1, 1, 1, 1, 1, 1]
	928346	823043	822302	11	M	57	A		-1	2991.16532109	[1, 1, 1, 1, 1, 1, 1, 1, 1, 1, 1, 0]
	936919	823169	834885	11	M	43	A		-1	2991.18662958	[1, 1, 1, 1, 1, 1, 1, 1, 1, 1, 1, 1]
	926174	823043	861413	11	M	199	A		-1	2992.49719023	[1, 1, 1, 1, 1, 1, 1, 1, 1, 1, 1, 1]
	941478	823428	841093	11	M	18	A		-1	2994.63351331	[1, 1, 1, 1, 1, 1, 1, 1, 1, 1, 1, 1]
	902375	824415	668561	11	M	7	A		-1	2995.97847419	[1, 1, 1, 1, 1, 1, 1, 1, 1, 1, 1, 1]
	929662	823043	853078	11	M	199	A		-1	2996.9398429	[1, 1, 1, 1, 1, 1, 1, 1, 1, 1, 1, 1]
	933215	823110	872614	11	M	184	A		-1	2997.18601079	[1, 1, 1, 1, 1, 1, 1, 1, 1, 1, 1, 1]
	910635	822643	777944	11	M	185	A		-1	2997.74741772	[1, 1, 1, 1, 1, 1, 1, 1, 1, 1, 1, 1]
	925043	823043	876488	11	M	15	A		-1	2998.36734162	[1, 1, 1, 1, 1, 1, 1, 1, 1, 1, 1, 1]
	928654	823043	864400	11	M	187	A		-1	2999.25014011	[1, 1, 1, 1, 1, 1, 1, 1, 1, 1, 1, 1]
	898150	894589	811519	11	M	125	A		-1	3001.00795999	[1, 1, 1, 1, 1, 1, 1, 1, 1, 1, 1, 1]
	806946	720630	720225	10	M	198	A		-1	3001.32028151	[1, 1, 1, 1, 1, 1, 1, 1, 1, 1, 1, 1]
	930172	823110	811707	11	M	11	A		-1	3002.52627145	[1, 1, 1, 1, 1, 1, 1, 1, 1, 1, 1, 1]
	988905	824769	887916	11	M	128	A		-1	3003.86697677	[1, 1, 1, 1, 1, 1, 1, 1, 1, 1, 1, 1]
	981442	824729	858759	11	M	23	A		-1	3006.29658895	[1, 1, 1, 1, 1, 1, 1, 1, 1, 1, 1, 1]
	987761	824769	858090	11	M	3	A		-1	3007.22850827	[1, 1, 1, 1, 1, 1, 1, 1, 1, 1, 1, 1]
	960759	824298	837709	11	M	4	A		-1	3008.33599278	[1, 1, 1, 1, 1, 1, 1, 1, 1, 1, 1, 1]
	895053	894589	892225	11	M	196	A		-1	3008.3864983	[1, 1, 1, 1, 1, 1, 1, 1, 1, 1, 1, 0]
	958473	823820	826164	11	M	53	A		-1	3008.50577412	[1, 1, 1, 1, 1, 1, 1, 1, 1, 1, 1, 1]
	948648	823593	880234	11	M	10	A		-1	3009.94737496	[1, 1, 1, 1, 1, 1, 1, 1, 1, 1, 1, 1]
	940493	823428	823760	11	M	178	A		-1	3012.52606729	[1, 1, 1, 1, 1, 1, 1, 1, 1, 1, 1, 1]
	979176	826615	871262	11	M	39	A		-1	3013.0199316	[1, 1, 1, 1, 1, 1, 1, 1, 1, 1, 1, 1]
	934343	823110	843885	11	M	89	A		-1	3014.11820582	[1, 1, 1, 1, 1, 1, 1, 1, 1, 1, 1, 1]
	935709	823169	715152	11	M	17	A		-1	3014.71314705	[1, 1, 1, 1, 1, 1, 1, 1, 1, 1, 1, 1]
	896431	894589	848742	11	M	127	A		-1	3014.95538581	[1, 1, 1, 1, 1, 1, 1, 1, 1, 1, 1, 1]
	913956	822643	781014	11	M	11	A		-1	3015.8124337	[1, 1, 1, 1, 1, 1, 1, 1, 1, 1, 1, 1]
	914056	822643	875956	11	M	100	A		-1	3016.42974989	[1, 1, 1, 1, 1, 1, 1, 1, 1, 1, 1, 1]
	980255	824729	827464	11	M	25	A		-1	3018.43941179	[1, 1, 1, 1, 1, 1, 1, 1, 1, 1, 1, 1]
	921126	822761	889098	11	M	76	A		-1	3019.19203227	[1, 1, 1, 1, 1, 1, 1, 1, 1, 1, 1, 1]
	962054	824298	873829	11	M	140	A		-1	3019.3986954	[1, 1, 1, 1, 1, 1, 1, 1, 1, 1, 1, 1]
	908189	821899	831287	11	M	165	A		-1	3021.23212687	[1, 1, 1, 1, 1, 1, 1, 1, 1, 1, 1, 1]
	902672	824415	856759	11	M	146	A		-1	3021.25189682	[1, 1, 1, 1, 1, 1, 1, 1, 1, 1, 1, 1]
	968891	824306	763551	11	M	158	A		-1	3026.12921534	[1, 1, 1, 1, 1, 1, 1, 1, 1, 1, 1, 1]
	932601	823110	869168	11	M	8	A		-1	3027.03720397	[1, 1, 1, 1, 1, 1, 1, 1, 1, 1, 1, 1]
	927191	823043	802460	11	M	73	A		-1	3028.8595876	[1, 1, 1, 1, 1, 1, 1, 1, 1, 1, 1, 1]
	904080	824415	891340	11	M	172	A		-1	3029.12032165	[1, 1, 1, 1, 1, 0, 1, 1, 1, 1, 1, 1]
	959062	823820	794961	11	M	169	A		-1	3029.55432918	[1, 1, 0, 1, 1, 1, 1, 1, 1, 1, 1, 0]
	915676	822739	890684	11	M	155	A		-1	3030.53078024	[1, 1, 1, 1, 1, 1, 1, 1, 1, 1, 1, 1]
	910224	822643	820231	11	M	183	A		-1	3031.42622227	[1, 1, 1, 1, 1, 1, 1, 1, 1, 1, 1, 1]
	961893	824298	829993	11	M	33	A		-1	3033.18745912	[1, 1, 1, 1, 1, 1, 1, 1, 1, 1, 1, 1]
	957422	823820	831040	11	M	145	A		-1	3033.70367643	[1, 1, 1, 1, 1, 1, 1, 1, 1, 1, 1, 1]
	991580	824828	856518	11	M	106	A		-1	3033.871283	[1, 1, 1, 1, 1, 1, 1, 1, 1, 1, 1, 1]
	974927	826615	860023	11	M	26	A		-1	3034.71538069	[1, 1, 1, 1, 1, 1, 1, 1, 1, 1, 1, 1]
	872659	723760	698117	10	M	191	A		-1	3034.75310764	[1, 1, 1, 1, 1, 1, 1, 1, 1, 1, 1, 1]
	937267	823169	686736	11	M	181	A		-1	3035.91985664	[1, 1, 1, 1, 1, 1, 1, 1, 1, 1, 1, 1]
	902045	824415	850884	11	M	85	A		-1	3037.73913739	[1, 1, 1, 1, 1, 1, 1, 1, 1, 1, 1, 1]
	974306	824564	795651	11	M	177	A		-1	3037.87217699	[1, 1, 1, 1, 1, 1, 1, 1, 1, 1, 1, 1]
	926341	823043	499776	11	M	4	A		-1	3039.47301404	[1, 1, 1, 1, 1, 1, 1, 1, 1, 1, 1, 1]
	938685	823169	890903	11	M	73	A		-1	3039.97261701	[1, 1, 1, 1, 1, 1, 1, 1, 1, 1, 1, 1]
	961854	824298	881492	11	M	109	A		-1	3040.24252794	[1, 1, 1, 1, 1, 1, 1, 1, 1, 1, 1, 0]
	960554	824298	759779	11	M	120	A		-1	3040.92640316	[1, 1, 1, 1, 1, 1, 1, 1, 1, 1, 1, 1]
	938081	823169	859469	11	M	56	A		-1	3041.71980202	[1, 1, 1, 1, 1, 1, 1, 1, 1, 1, 1, 1]
	928428	823043	885122	11	M	168	A		-1	3042.13277141	[1, 1, 1, 1, 1, 1, 1, 1, 1, 1, 1, 1]
	960309	824298	844308	11	M	137	A		-1	3042.20255148	[1, 1, 1, 1, 1, 1, 1, 1, 1, 1, 1, 1]
	967302	824306	744732	11	M	184	A		-1	3042.53807328	[1, 1, 1, 1, 1, 1, 1, 1, 1, 1, 1, 1]
	933611	823110	813516	11	M	46	A		-1	3045.26163591	[1, 1, 1, 1, 1, 1, 1, 1, 1, 1, 1, 1]
	930381	823110	845204	11	M	33	A		-1	3050.64768518	[1, 1, 1, 1, 1, 1, 1, 1, 1, 1, 1, 1]
	923516	822761	714612	11	M	165	A		-1	3051.54263618	[1, 1, 1, 1, 1, 1, 1, 1, 1, 1, 1, 1]
	972012	824564	804678	11	M	46	A		-1	3065.71309485	[1, 1, 1, 1, 1, 1, 1, 1, 1, 1, 1, -1]
	954984	823820	822721	11	M	108	A		-1	3069.27607054	[1, 1, 1, 1, 1, 1, 1, 1, 1, 1, 1, 1]
	943072	823428	882592	11	M	190	A		-1	3069.40634001	[1, 1, 1, 1, 1, 1, 1, 1, 1, 1, 1, 1]
	929152	823043	812925	11	M	37	A		-1	3071.82549057	[1, 1, 1, 1, 1, 1, 1, 1, 1, 1, 1, 1]
	917132	822739	719686	11	M	32	A		-1	3084.39611107	[1, 1, 1, 0, 1, 1, 1, 1, 1, 1, 1, 1]
	967593	824306	624995	11	M	87	A		-1	3086.69932502	[1, 1, 1, 1, 1, 1, 1, 1, 1, 1, 1, 1]
	895745	894589	799847	11	M	49	A		-1	3088.17014821	[1, 1, 1, 1, 1, 1, 1, 1, 1, 1, 1, 1]
	929286	823043	864902	11	M	176	A		-1	3088.89644699	[1, 1, 1, 1, 1, 1, 1, 1, 1, 1, 1, 1]
	926012	823043	702433	11	M	113	A		-1	3089.32532257	[1, 1, 1, 1, 1, 1, 1, 1, 1, 1, 1, 1]
	968165	824306	892951	11	M	100	A		-1	3089.37009158	[1, 1, 1, 1, 1, 1, 1, 1, 1, 1, 1, 1]
	925971	823043	839520	11	M	191	A		-1	3090.57557879	[1, 1, 0, 1, 1, 1, 1, 1, 1, 1, 1, 1]
	963003	824298	860212	11	M	155	A		-1	3092.59204582	[1, 1, 1, 1, 1, 1, 1, 1, 1, 1, 1, 1]
	968334	824306	799698	11	M	119	A		-1	3096.97759712	[1, 1, 1, 1, 1, 1, 1, 1, 1, 1, 1, 1]
	940683	823428	882921	11	M	115	A		-1	3098.28646447	[1, 1, 1, 1, 1, 1, 1, 1, 1, 1, 1, 1]
	962311	824298	827527	11	M	153	A		-1	3098.57023871	[1, 1, 1, 1, 1, 1, 1, 1, 1, 1, 1, 1]
	967935	824306	814222	11	M	65	A		-1	3102.27057211	[1, 1, 1, 1, 1, 1, 1, 1, 1, 1, 1, 1]
	932703	823110	804596	11	M	11	A		-1	3102.39471317	[1, 1, 1, 1, 1, 1, 1, 1, 1, 1, 1, 1]
	938787	823169	827961	11	M	22	A		-1	3102.8921331	[1, 1, 1, 1, 1, 1, 1, 1, 1, 1, 1, 1]
	958131	823820	595908	11	M	10	A		-1	3107.37952447	[1, 1, 1, 1, 1, 1, 1, 1, 1, 1, 1, 1]
	950184	823609	848307	11	M	179	A		-1	3111.16334041	[1, 1, 1, 1, 1, 1, 1, 1, 1, 1, 1, 1]
	966248	824306	875561	11	M	31	A		-1	3111.96132639	[1, 1, 1, 1, 1, 1, 1, 1, 1, 1, 1, 1]
	946637	823593	823747	11	M	100	A		-1	3113.45693884	[1, 1, 1, 1, 1, 1, 1, 1, 1, 1, 1, 1]
	940072	823428	891493	11	M	40	A		-1	3113.63613871	[1, 1, 1, 1, 1, 1, 1, 1, 1, 1, 1, 1]
	974161	824564	809193	11	M	137	A		-1	3117.2478526	[1, 1, 1, 1, 1, 1, 1, 1, 1, 1, 1, 0]
	965986	824306	844670	11	M	45	A		-1	3120.64272105	[1, 1, 1, 1, 1, 1, 1, 1, 1, 1, 1, 1]
	966835	824306	807115	11	M	26	A		-1	3126.49279248	[1, 1, 1, 1, 1, 1, 1, 1, 1, 1, 1, 1]
	965498	824306	815835	11	M	66	A		-1	3127.47925948	[1, 1, 1, 1, 1, 1, 1, 1, 1, 1, 1, 1]
	967890	824306	830223	11	M	135	A		-1	3129.76155299	[1, 1, 1, 1, 1, 1, 1, 1, 1, 1, 1, 1]
	956994	823820	894383	11	M	132	A		-1	3129.9668941	[1, 1, 1, 1, 1, 1, 1, 1, 1, 1, 1, 1]
	966258	824306	827602	11	M	32	A		-1	3136.8339223	[1, 1, 1, 1, 1, 1, 1, 1, 1, 1, 1, 1]
	960528	824298	870917	11	M	148	A		-1	3142.70420145	[1, 1, 1, 1, 1, 1, 1, 1, 1, 1, 1, 1]
	959722	823820	772222	11	M	160	A		-1	3142.8368449	[1, 1, 1, 1, 1, 1, 1, 1, 1, 1, 1, 1]
	947809	823593	826972	11	M	34	A		-1	3143.03034675	[1, 1, 1, 1, 1, 1, 1, 1, 1, 1, 1, 1]
	940802	823428	750624	11	M	128	A		-1	3152.2026846	[1, 1, 1, 1, 1, 1, 1, 1, 1, 1, 1, 1]
	922080	822761	872314	11	M	81	A		-1	3161.38206892	[1, 1, 1, 1, 1, 1, 1, 1, 1, 1, 1, 1]
	903344	824415	796908	11	M	13	A		-1	3161.50850297	[1, 1, 1, 1, 1, 1, 1, 1, 1, 1, 1, 1]
	926239	823043	706722	11	M	71	A		-1	3162.33668663	[1, 1, 1, 1, 1, 1, 1, 1, 1, 1, 1, 1]
	913046	822643	818906	11	M	136	A		-1	3164.46593851	[1, 1, 1, 1, 1, 1, 1, 1, 1, 1, 1, 1]
	853240	722700	755983	10	M	50	A		-1	3173.56027377	[1, 1, 1, 1, 1, 1, 1, 1, 1, 1, 1, 1]
	933532	823110	883790	11	M	91	A		-1	3173.81152603	[1, 1, 1, 1, 1, 1, 1, 1, 1, 1, 1, 1]
	932752	823110	827669	11	M	101	A		-1	3186.11877857	[1, 1, 1, 1, 1, 1, 1, 1, 1, 1, 1, 1]
	930887	823110	833938	11	M	195	A		-1	3192.09549425	[1, 1, 1, 1, 1, 1, 1, 1, 1, 1, 1, 1]
	944751	823428	839274	11	M	166	A		-1	3193.32053745	[1, 1, 1, 1, 1, 1, 1, 1, 1, 1, 1, 1]
	980994	824729	838625	11	M	183	A		-1	3199.53181233	[1, 1, 1, 1, 1, 1, 1, 1, 1, 1, 1, 1]
	977710	826615	882771	11	M	111	A		-1	3201.32856833	[1, 1, 1, 1, 1, 1, 1, 1, 1, 1, 1, 1]
	962419	824298	813227	11	M	142	A		-1	3251.12679551	[1, 1, 1, 1, 1, 1, 1, 1, 1, 1, 1, 1]
	926418	823043	827824	11	M	155	A		-1	3274.06870371	[1, 1, 1, 1, 1, 1, 1, 1, 1, 1, 1, 1]
	964021	824298	884430	11	M	62	A		-1	3280.83761276	[1, 1, 1, 1, 1, 1, 1, 1, 1, 1, 1, 1]
	929121	823043	832226	11	M	179	A		-1	3306.17406832	[1, 1, 1, 1, 1, 1, 1, 1, 1, 1, 1, 1]
	988612	824769	831706	11	M	140	A		-1	3319.21972111	[1, 1, 1, 1, 1, 1, 1, 1, 1, 1, 1, 1]
	932610	823110	880969	11	M	89	A		-1	3339.96291092	[1, 1, 1, 1, 1, 1, 1, 1, 1, 1, 1, 1]
