animal	sire	dam	born	sex	herd	status	cause	died	TBV	recessives
	1620777	1540973	1583816	18	M	74	A		-1	4462.20625508	[1, 1, 1, 1, 1, 1, 1, 1, 1, 1, 1, 1]
	1686682	1574167	1559984	18	M	87	A		-1	4462.43172631	[1, 1, 1, 1, 1, 1, 1, 1, 1, 1, 1, 1]
	1608803	1577556	1551366	18	M	58	A		-1	4462.70431173	[1, 1, 1, 1, 1, 1, 1, 1, 1, 1, 1, 1]
	1635080	1464417	1503428	18	M	77	A		-1	4462.7332105	[1, 1, 1, 1, 1, 1, 1, 0, 1, 1, 1, 1]
	1665829	1524461	1530001	18	M	46	A		-1	4462.82753737	[1, 1, 1, 1, 1, 1, 1, 1, 1, 1, 1, 1]
	1684281	1554020	1414783	18	M	79	A		-1	4463.04599021	[1, 1, 1, 0, 1, 1, 1, 1, 1, 1, 1, 1]
	1627083	1573910	1523957	18	M	100	A		-1	4463.15051954	[1, 1, 1, 1, 1, 1, 1, 1, 1, 1, 1, 1]
	1513298	1411814	1353212	17	M	15	A		-1	4463.26018603	[1, 1, 1, 1, 1, 1, 1, 1, 1, 1, 1, 1]
	1682970	1506658	1511098	18	M	97	A		-1	4464.12156619	[1, 1, 1, 1, 1, 1, 1, 1, 1, 1, 1, 0]
	1689629	1588615	1535075	18	M	25	A		-1	4464.14365584	[1, 1, 1, 1, 1, 1, 1, 1, 1, 1, 1, 1]
	1520599	1488587	1139230	17	M	80	A		-1	4464.14987173	[1, 1, 1, 1, 1, 1, 1, 1, 1, 1, 1, 1]
	1642442	1499637	1519457	18	M	29	A		-1	4464.22149726	[1, 1, 1, 1, 1, 0, 1, 1, 1, 1, 0, 1]
	1597967	1564532	1542114	18	M	40	A		-1	4464.28171453	[1, 1, 1, 1, 1, 1, 1, 1, 1, 1, 0, 1]
	1690407	1499047	1530672	18	M	3	A		-1	4464.56249452	[1, 1, 1, 1, 1, 1, 1, 1, 1, 1, 1, 1]
	1659524	1509474	1473454	18	M	47	A		-1	4464.78212733	[1, 1, 1, 0, 1, 1, 1, 1, 1, 1, 1, 1]
	1607620	1521820	1513064	18	M	69	A		-1	4465.18824044	[1, 1, 1, 1, 1, 1, 1, 1, 1, 1, 1, 1]
	1652047	1540998	1559543	18	M	36	A		-1	4465.19059058	[1, 1, 1, 0, 1, 1, 1, 1, 1, 1, 1, 1]
	1672330	1586367	1390957	18	M	12	A		-1	4465.20835232	[1, 1, 1, 1, 1, 1, 1, 1, 1, 1, 1, 1]
	1624003	1535092	1494530	18	M	88	A		-1	4465.31759072	[1, 1, 1, 1, 1, 1, 1, 1, 1, 1, 1, 1]
	1548664	1444265	1410318	17	M	79	A		-1	4465.36795127	[1, 1, 0, 1, 1, 1, 1, 1, 1, 1, 1, 1]
	1639260	1569773	1582206	18	M	2	A		-1	4466.15120661	[1, 1, 1, 1, 1, 1, 1, 1, 1, 1, 1, 0]
	1623286	1589437	1558457	18	M	41	A		-1	4466.4907651	[1, 1, 0, 1, 1, 1, 1, 1, 1, 1, 1, 0]
	1684568	1574435	1506191	18	M	76	A		-1	4466.57910728	[1, 1, 1, 1, 1, 1, 1, 1, 1, 1, 1, 1]
	1671014	1444330	1434138	18	M	12	A		-1	4466.81402451	[1, 1, 1, 1, 1, 1, 1, 1, 1, 1, 1, 1]
	1674443	1570649	1552927	18	M	85	A		-1	4466.85006813	[1, 1, 1, 1, 1, 1, 1, 1, 1, 1, 1, 1]
	1559031	1403049	1373419	17	M	82	A		-1	4467.25798616	[1, 1, 1, 1, 1, 1, 1, 1, 1, 1, 1, 1]
	1671721	1550616	1546021	18	M	90	A		-1	4467.33506833	[1, 1, 1, 1, 1, 1, 1, 1, 1, 1, 1, 1]
	1665572	1584550	1430156	18	M	34	A		-1	4467.49663068	[1, 1, 1, 1, 1, 1, 1, 1, 1, 1, 1, 1]
	1666062	1536471	1575773	18	M	66	A		-1	4467.5910848	[1, 1, 1, 1, 1, 1, 1, 1, 1, 1, 0, 1]
	1637403	1527854	1574534	18	M	56	A		-1	4467.6492253	[1, 1, 1, 1, 1, 1, 1, 1, 1, 1, 1, 1]
	1628576	1582813	1537124	18	M	37	A		-1	4468.14823089	[1, 1, 1, 1, 1, 1, 1, 1, 1, 1, 1, 1]
	1595008	1577417	1381270	18	M	84	A		-1	4468.35785565	[1, 1, 1, 1, 1, 1, 1, 1, 1, 1, 1, 0]
	1641820	1517504	1591708	18	M	95	A		-1	4468.47908836	[1, 1, 1, 1, 1, 1, 1, 1, 1, 1, 1, 1]
	1641021	1540315	1536342	18	M	92	A		-1	4468.66343574	[1, 1, 1, 1, 1, 1, 1, 1, 1, 1, 1, 1]
	1597577	1550884	1560268	18	M	35	A		-1	4469.30695915	[1, 1, 1, 1, 1, 1, 1, 1, 1, 1, 0, 1]
	1613471	1545676	1511151	18	M	70	A		-1	4469.34669977	[1, 1, 1, 1, 1, 1, 1, 1, 1, 1, 1, 1]
	1643112	1554020	1503238	18	M	72	A		-1	4469.61707849	[1, 1, 1, 1, 1, 1, 1, 1, 1, 1, 1, 1]
	1645630	1518459	1516074	18	M	43	A		-1	4469.62023459	[1, 1, 1, 1, 1, 1, 1, 1, 1, 1, 1, -1]
	1685733	1520748	1368692	18	M	43	A		-1	4469.76536607	[1, 1, 1, 1, 1, 1, 1, 1, 1, 1, 1, 1]
	1669508	1520741	1252358	18	M	68	A		-1	4469.92856355	[1, 1, 1, 1, 1, 1, 1, 1, 1, 1, 1, 1]
	1604910	1558996	1561703	18	M	60	A		-1	4469.96718303	[1, 1, 1, 1, 1, 1, 1, 1, 1, 1, 1, 1]
	1661319	1567489	1417168	18	M	54	A		-1	4470.39130683	[1, 1, 1, 1, 1, 1, 1, 1, 1, 1, 1, 1]
	1607302	1587707	1580980	18	M	11	A		-1	4470.47561232	[1, 1, 1, 1, 0, 1, 1, 1, 1, 1, 1, 1]
	1609288	1530205	1568310	18	M	17	A		-1	4470.65804684	[1, 1, 1, 1, 1, 1, 1, 1, 1, 1, 1, 1]
	1665438	1563584	1584584	18	M	89	A		-1	4471.25427242	[1, 1, 1, 1, 1, 1, 1, 1, 1, 1, 1, 0]
	1679871	1570943	1528008	18	M	71	A		-1	4471.58355825	[1, 1, 1, 0, 1, 1, 1, 1, 1, 1, 1, 1]
	1656936	1518579	1530150	18	M	4	A		-1	4471.60970068	[1, 1, 1, 1, 1, 0, 1, 1, 1, 1, 1, 1]
	1626632	1557772	1583252	18	M	92	A		-1	4471.81417496	[1, 1, 1, 1, 1, 1, 1, 1, 1, 1, 1, 1]
	1618439	1497744	1574668	18	M	74	A		-1	4471.83558456	[1, 1, 1, 1, 1, 1, 1, 1, 1, 1, 1, 1]
	1600227	1525061	1532431	18	M	44	A		-1	4471.95242526	[1, 1, 1, 1, 1, 1, 1, 1, 1, 1, 1, 1]
	1673939	1578181	1459275	18	M	57	A		-1	4472.06242076	[1, 1, 0, 1, 1, 1, 1, 1, 1, 1, 1, 1]
	1660473	1583092	1507533	18	M	78	A		-1	4472.3954516	[1, 1, 1, 1, 1, 1, 1, 1, 1, 1, 1, 1]
	1525605	1478351	1425732	17	M	96	A		-1	4472.44004839	[1, 1, 1, 1, 1, 1, 1, 1, 1, 1, 1, 1]
	1623414	1501936	1373687	18	M	29	A		-1	4472.66020768	[1, 1, 1, 1, 1, 1, 1, 1, 1, 1, 1, 0]
	1641690	1556707	1492362	18	M	46	A		-1	4472.86488614	[1, 1, 1, 0, 1, 1, 1, 1, 1, 1, 1, 1]
	1622073	1549582	1499955	18	M	52	A		-1	4473.45072856	[1, 1, 1, 1, 1, 1, 1, 1, 1, 1, 1, 1]
	1681914	1515842	1592533	18	M	9	A		-1	4473.48592086	[1, 1, 1, 1, 1, 1, 1, 1, 1, 1, 1, 0]
	1649575	1535092	1584781	18	M	29	A		-1	4473.5261757	[1, 1, 1, 1, 1, 1, 1, 1, 1, 1, 1, 1]
	1599164	1530205	1547254	18	M	58	A		-1	4473.6734083	[1, 1, 1, 1, 1, 1, 1, 1, 1, 1, 1, 1]
	1636796	1579907	1523148	18	M	93	A		-1	4473.837761	[1, 1, 1, 1, 1, 1, 1, 1, 1, 1, 1, 1]
	1630495	1521575	1589328	18	M	3	A		-1	4474.00039769	[1, 1, 1, 1, 1, 1, 1, 1, 1, 1, 1, 1]
	1612349	1539206	1470867	18	M	87	A		-1	4474.12825896	[1, 1, 1, 1, 1, 1, 1, 1, 1, 1, 1, 1]
	1612795	1583092	1451581	18	M	13	A		-1	4475.24359783	[1, 1, 1, 1, 1, 1, 1, 1, 1, 1, 1, 1]
	1609195	1513682	1553878	18	M	23	A		-1	4475.41030241	[1, 1, 1, 1, 1, 1, 1, 1, 1, 1, 1, 1]
	1676971	1530845	1439948	18	M	29	A		-1	4475.49858578	[1, 1, 1, 1, 1, 1, 1, 1, 1, 1, 1, 1]
	1635692	1514966	1540415	18	M	83	A		-1	4475.58295311	[1, 1, 1, 1, 1, 1, 1, 1, 1, 1, 1, 1]
	1650935	1567489	1409483	18	M	28	A		-1	4475.8883564	[1, 1, 1, 1, 1, 1, 1, 1, 1, 1, 1, 1]
	1666181	1569769	1439074	18	M	10	A		-1	4475.88988955	[1, 1, 1, 1, 1, 1, 1, 1, 1, 1, 1, 1]
	1669974	1543951	1428821	18	M	65	A		-1	4475.96080017	[1, 1, 1, 1, 1, 1, 1, 1, 1, 1, 1, 1]
	1682555	1592325	1469711	18	M	48	A		-1	4476.26567167	[1, 1, 1, 1, 1, 1, 1, 1, 1, 1, 1, 1]
	1623907	1527041	1556971	18	M	38	A		-1	4476.47636712	[1, 1, 1, 1, 1, 1, 1, 1, 1, 1, 1, 1]
	1682724	1527041	1558999	18	M	32	A		-1	4476.58952606	[1, 1, 1, 1, 1, 1, 1, 1, 1, 1, 1, 1]
	1632131	1530133	1586378	18	M	51	A		-1	4476.807366	[1, 1, 1, 1, 1, 0, 1, 1, 1, 1, 1, 0]
	1618501	1530511	1497255	18	M	97	A		-1	4476.82881631	[1, 1, 1, 1, 1, 1, 1, 1, 1, 1, 1, 1]
	1690741	1559470	1565435	18	M	78	A		-1	4476.93247056	[0, 1, 1, 0, 1, 1, 1, 1, 1, 1, 1, 1]
	1658350	1582234	1506546	18	M	97	A		-1	4477.03684014	[1, 1, 1, 0, 1, 1, 1, 1, 1, 1, 1, 0]
	1656647	1533097	1567433	18	M	93	A		-1	4477.05731629	[1, 1, 1, 1, 1, 1, 1, 1, 1, 1, 1, 1]
	1600750	1549841	1506159	18	M	84	A		-1	4477.30428689	[1, 1, 1, 1, 1, 1, 1, 1, 1, 1, 1, 0]
	1647796	1549059	1568902	18	M	41	A		-1	4477.56504402	[1, 1, 1, 1, 1, 1, 1, 1, 1, 1, 1, 1]
	1642673	1557180	1527746	18	M	44	A		-1	4477.69726444	[1, 1, 1, 1, 1, 1, 1, 1, 1, 1, 1, 1]
	1613147	1548815	1535596	18	M	74	A		-1	4478.72435031	[1, 1, 1, 1, 1, 1, 1, 1, 1, 1, 1, 1]
	1657563	1528820	1495724	18	M	85	A		-1	4478.94601083	[1, 1, 1, 1, 1, 1, 1, 1, 1, 1, 1, 1]
	1587707	1447877	1491528	17	M	50	A		-1	4479.12232825	[1, 1, 1, 1, 1, 1, 1, 1, 1, 1, 1, 1]
	1564074	1488587	1435537	17	M	98	A		-1	4479.38554692	[1, 1, 1, 1, 1, 1, 1, 1, 1, 1, 1, 1]
	1654377	1518063	1550048	18	M	61	A		-1	4480.01674052	[1, 1, 1, 1, 1, 1, 1, 1, 1, 1, 1, 1]
	1597186	1564065	1416920	18	M	8	A		-1	4480.1913492	[1, 1, 0, 1, 1, 1, 1, 1, 1, 1, 1, 1]
	1692124	1516250	1524932	18	M	100	A		-1	4480.38489083	[1, 1, 1, 0, 1, 1, 1, 1, 1, 1, 1, 1]
	1660602	1546669	1480293	18	M	88	A		-1	4480.78844721	[1, 1, 1, 1, 1, 1, 1, 1, 1, 1, 1, 0]
	1650408	1538452	1549056	18	M	40	A		-1	4480.92613387	[1, 1, 1, 1, 1, 1, 1, 1, 1, 1, 1, 1]
	1657356	1450975	1568215	18	M	86	A		-1	4480.97100836	[1, 1, 1, 1, 1, 1, 1, 1, 1, 1, 1, 1]
	1656014	1501295	1545111	18	M	66	A		-1	4480.99186671	[1, 1, 1, 1, 1, 1, 1, 1, 1, 1, 1, 1]
	1686019	1505601	1530013	18	M	82	A		-1	4481.17520476	[1, 1, 1, 1, 1, 1, 1, 1, 1, 1, 1, 1]
	1637722	1517504	1541612	18	M	36	A		-1	4482.09807398	[1, 1, 1, 1, 1, 1, 1, 1, 1, 1, 1, 1]
	1663632	1528820	1558270	18	M	81	A		-1	4482.54161916	[1, 1, 1, 1, 1, 1, 1, 1, 1, 1, 1, 1]
	1637520	1567570	1497687	18	M	35	A		-1	4482.62602818	[1, 1, 1, 1, 1, 1, 1, 1, 1, 1, 1, 0]
	1559362	1436993	1482180	17	M	18	A		-1	4482.85445631	[1, 1, 1, 1, 1, 0, 1, 1, 1, 1, 1, 1]
	1645454	1534981	1514766	18	M	47	A		-1	4483.38603857	[1, 1, 1, 1, 1, 1, 1, 1, 1, 1, 1, 1]
	1621577	1539779	1551022	18	M	72	A		-1	4483.83202061	[1, 1, 1, 1, 1, 1, 1, 1, 1, 1, 1, 1]
	1684886	1556707	1581700	18	M	19	A		-1	4483.8373869	[1, 1, 1, 0, 1, 1, 1, 1, 1, 1, 1, 1]
	1625741	1496339	1566191	18	M	63	A		-1	4484.1049425	[1, 1, 1, 1, 1, 1, 1, 1, 1, 1, 1, 1]
	1573191	1490106	1451069	17	M	100	A		-1	4484.22022236	[1, 1, 1, 1, 1, 1, 1, 1, 1, 1, 1, 1]
	1650339	1555468	1376257	18	M	97	A		-1	4484.22139975	[1, 1, 1, 1, 1, 1, 1, 1, 1, 1, 1, 1]
	1678474	1570504	1594233	18	M	47	A		-1	4484.64462497	[1, 1, 1, 1, 1, 1, 1, 1, 1, 1, 1, 1]
	1618685	1507993	1594679	18	M	32	A		-1	4484.75113492	[1, 1, 1, 1, 1, 1, 1, 1, 1, 1, 1, 0]
	1615306	1586546	1550689	18	M	60	A		-1	4485.09534626	[1, 1, 1, 1, 1, 1, 1, 1, 1, 1, 1, 1]
	1613906	1525061	1495526	18	M	94	A		-1	4485.43653522	[1, 1, 1, 1, 1, 1, 1, 1, 1, 1, 1, 1]
	1526636	1420451	1434539	17	M	65	A		-1	4485.43787639	[1, 1, 1, 1, 1, 1, 1, 1, 1, 1, 1, 1]
	1623248	1505915	1510897	18	M	83	A		-1	4485.45645875	[1, 1, 1, 1, 1, 1, 1, 1, 1, 1, 1, 0]
	1614387	1569518	1527728	18	M	94	A		-1	4485.65356985	[1, 1, 1, 1, 1, 1, 1, 1, 1, 1, 1, 1]
	1680302	1575513	1528704	18	M	98	A		-1	4485.68198987	[1, 1, 1, 1, 1, 1, 1, 1, 1, 1, 1, 1]
	1615006	1567254	1500845	18	M	96	A		-1	4485.71559892	[1, 1, 1, 1, 1, 1, 1, 1, 1, 1, 1, 1]
	1563688	1410199	1342261	17	M	48	A		-1	4486.3909841	[1, 1, 1, 0, 1, 1, 1, 1, 1, 1, 1, 1]
	1642644	1527568	1532390	18	M	15	A		-1	4486.58647999	[1, 1, 1, 1, 1, 1, 1, 1, 1, 1, 1, 1]
	1676479	1571763	1586046	18	M	49	A		-1	4486.81565759	[1, 1, 1, 1, 1, 1, 1, 0, 1, 1, 1, 1]
	1668995	1573209	1576122	18	M	75	A		-1	4487.26844365	[1, 1, 1, 1, 1, 1, 1, 1, 1, 1, 1, 1]
	1654606	1525134	1496011	18	M	63	A		-1	4487.4710308	[1, 1, 1, 1, 1, 0, 1, 1, 1, 1, 1, 1]
	1679090	1556493	1445802	18	M	33	A		-1	4487.59681049	[1, 1, 1, 1, 1, 1, 1, 1, 1, 1, 1, 1]
	1656035	1559031	1449425	18	M	69	A		-1	4487.65377199	[1, 1, 1, 1, 1, 1, 1, 1, 1, 1, 1, 0]
	1612027	1532441	1505267	18	M	13	A		-1	4487.71678053	[1, 1, 1, 1, 1, 1, 1, 1, 1, 1, 1, 1]
	1690707	1570649	1537713	18	M	10	A		-1	4487.79475384	[1, 1, 1, 1, 1, 1, 1, 1, 1, 1, 0, 1]
	1601885	1578113	1593362	18	M	64	A		-1	4487.88256166	[1, 1, 1, 1, 1, 1, 1, 1, 1, 1, 1, 1]
	1618762	1540771	1593289	18	M	61	A		-1	4488.28514131	[1, 1, 1, 1, 1, 1, 1, 1, 1, 1, 1, 1]
	1608531	1496339	1513183	18	M	86	A		-1	4488.49593928	[1, 1, 1, 1, 1, 1, 1, 1, 1, 1, 1, 1]
	1612508	1590539	1479285	18	M	83	A		-1	4489.04330048	[1, 1, 1, 1, 1, 1, 1, 1, 1, 1, 1, 1]
	1688704	1507283	1431101	18	M	33	A		-1	4489.63642701	[1, 1, 1, 1, 1, 1, 1, 1, 1, 1, 1, 1]
	1596059	1577556	1436432	18	M	30	A		-1	4489.88543677	[1, 1, 1, 1, 1, 1, 1, 1, 1, 1, 1, 1]
	1633966	1576641	1567745	18	M	75	A		-1	4490.09817997	[1, 1, 1, 1, 1, 1, 1, 1, 1, 1, 1, 1]
	1608493	1578531	1531267	18	M	68	A		-1	4490.39966927	[1, 1, 1, 1, 1, 1, 1, 0, 1, 1, 1, 1]
	1615431	1558996	1454555	18	M	69	A		-1	4490.63599022	[1, 1, 1, 1, 1, 1, 1, 1, 1, 1, 1, 1]
	1623700	1469034	1565770	18	M	93	A		-1	4491.23666553	[1, 1, 1, 1, 1, 1, 1, 1, 1, 1, 1, 1]
	1602961	1478602	1510039	18	M	37	A		-1	4491.55774702	[1, 1, 1, 1, 1, 0, 1, 1, 1, 1, 1, 1]
	1624055	1506945	1449598	18	M	23	A		-1	4491.75304231	[1, 1, 0, 1, 1, 1, 1, 0, 1, 1, 1, 1]
	1656063	1415970	1519574	18	M	3	A		-1	4491.86285096	[1, 1, 1, 1, 1, 1, 1, 1, 1, 1, 1, 1]
	1601460	1500570	1591111	18	M	75	A		-1	4491.87192961	[1, 1, 1, 1, 1, 1, 1, 1, 1, 1, 1, 1]
	1688518	1578113	1412609	18	M	41	A		-1	4492.15687856	[1, 1, 1, 1, 1, 1, 1, 1, 1, 1, 1, 1]
	1653376	1582234	1532447	18	M	21	A		-1	4492.59279278	[1, 1, 1, 1, 1, 1, 1, 1, 1, 1, 1, 1]
	1631415	1555183	1428998	18	M	43	A		-1	4492.70160327	[1, 1, 1, 1, 1, 1, 1, 1, 1, 1, 1, 1]
	1649561	1557084	1590245	18	M	73	A		-1	4492.79311023	[1, 1, 1, 1, 1, 1, 1, 1, 1, 1, 1, 1]
	1659573	1572307	1558251	18	M	2	A		-1	4493.27820943	[1, 0, 1, 1, 1, 1, 1, 1, 1, 1, 1, 0]
	1670206	1502060	1572889	18	M	6	A		-1	4493.55525418	[1, 1, 1, 1, 1, 1, 1, 1, 1, 1, 1, 1]
	1506945	1486426	1445400	17	M	59	A		-1	4493.87917757	[1, 1, 0, 1, 1, 1, 1, 0, 1, 1, 1, 1]
	1617448	1565818	1505481	18	M	52	A		-1	4494.59950799	[1, 1, 1, 1, 1, 1, 1, 1, 1, 1, 1, 0]
	1613568	1539355	1516204	18	M	29	A		-1	4494.70898082	[0, 1, 1, 1, 1, 1, 1, 1, 1, 1, 1, 1]
	1691311	1469128	1522384	18	M	40	A		-1	4495.05543135	[1, 1, 1, 1, 1, 1, 1, 1, 1, 1, 1, 1]
	1606598	1549059	1548381	18	M	37	A		-1	4495.26118116	[1, 1, 1, 1, 1, 1, 1, 1, 1, 1, 1, 1]
	1673768	1591853	1573187	18	M	79	A		-1	4495.38042589	[1, 1, 1, 1, 1, 1, 1, 1, 1, 1, 1, 1]
	1624165	1530078	1469603	18	M	24	A		-1	4495.44233688	[1, 1, 1, 1, 1, 1, 1, 1, 1, 1, 1, 1]
	1624413	1503966	1474754	18	M	55	A		-1	4495.83500973	[1, 1, 1, 1, 1, 1, 1, 1, 1, 1, 1, 1]
	1617594	1521223	1391231	18	M	50	A		-1	4496.21086041	[1, 1, 1, 1, 1, 1, 1, 1, 1, 1, 1, 1]
	1678904	1568059	1493414	18	M	42	A		-1	4496.32399831	[1, 1, 1, 1, 1, 1, 1, 1, 1, 1, 1, 1]
	1607303	1527078	1525693	18	M	100	A		-1	4496.38484945	[1, 1, 1, 1, 1, 1, 1, 1, 1, 1, 1, 1]
	1690356	1559362	1565072	18	M	70	A		-1	4496.591343	[1, 1, 1, 0, 1, 1, 1, 1, 1, 1, 1, 1]
	1631673	1577417	1566141	18	M	48	A		-1	4496.70009649	[1, 1, 1, 1, 1, 1, 1, 1, 1, 1, 1, 0]
	1653082	1586229	1515274	18	M	6	A		-1	4497.1246834	[1, 1, 1, 1, 1, 1, 1, 1, 1, 1, 1, 1]
	1625968	1528275	1510980	18	M	24	A		-1	4497.20190284	[1, 1, 1, 1, 1, 1, 1, 1, 1, 1, 1, 1]
	1651867	1523948	1400813	18	M	91	A		-1	4497.53361557	[1, 1, 1, 1, 1, 1, 1, 1, 1, 1, 1, 1]
	1673539	1497175	1508955	18	M	63	A		-1	4497.79459129	[0, 1, 1, 1, 1, 1, 1, 1, 1, 1, 1, 1]
	1651051	1544342	1565892	18	M	70	A		-1	4498.09538925	[1, 1, 1, 1, 1, 1, 1, 1, 1, 1, 1, 1]
	1671757	1496354	1504094	18	M	93	A		-1	4498.3788804	[1, 1, 1, 1, 1, 1, 1, 1, 1, 1, 1, 1]
	1640362	1557531	1504164	18	M	27	A		-1	4498.64187429	[1, 1, 0, 1, 1, 1, 1, 1, 1, 1, 1, 1]
	1509474	1450608	1436606	17	M	97	A		-1	4498.98469211	[1, 1, 1, 0, 1, 1, 1, 1, 1, 1, 1, 1]
	1607254	1563953	1518994	18	M	82	A		-1	4499.00379808	[1, 1, 1, 1, 1, 1, 1, 1, 1, 1, 1, 1]
	1468957	1311300	1389027	16	M	37	A		-1	4499.15884424	[1, 1, 1, 1, 1, 1, 1, 1, 1, 1, 1, 0]
	1601005	1401672	1441320	18	M	28	A		-1	4499.26273629	[1, 1, 1, 1, 1, 1, 1, 1, 1, 1, 1, 1]
	1622663	1589486	1528594	18	M	68	A		-1	4499.78945347	[1, 1, 1, 1, 1, 1, 1, 1, 1, 1, 1, 0]
	1640395	1563688	1542489	18	M	29	A		-1	4500.46297362	[1, 1, 1, 0, 1, 1, 1, 1, 1, 1, 1, 1]
	1612507	1582234	1566346	18	M	11	A		-1	4500.55309595	[1, 1, 1, 1, 1, 1, 1, 1, 1, 1, 1, 1]
	1675393	1502060	1468335	18	M	45	A		-1	4500.84079616	[1, 1, 1, 1, 1, 1, 1, 1, 1, 1, 1, 1]
	1595748	1531077	1539991	18	M	12	A		-1	4501.17725176	[1, 1, 1, 1, 1, 1, 1, 1, 1, 1, 1, 1]
	1605459	1551695	1506184	18	M	91	A		-1	4501.47451368	[1, 1, 1, 1, 1, 1, 1, 1, 1, 1, 1, 0]
	1512571	1410228	1490927	17	M	60	A		-1	4501.57096342	[1, 1, 1, 1, 1, 1, 1, 1, 1, 1, 1, 1]
	1677975	1544142	1508989	18	M	45	A		-1	4502.74329479	[1, 1, 1, 1, 1, 1, 1, 1, 1, 1, 1, 1]
	1616964	1573910	1501056	18	M	24	A		-1	4503.15501693	[1, 1, 1, 1, 1, 1, 1, 1, 1, 1, 1, 1]
	1610967	1530511	1322785	18	M	69	A		-1	4503.18508624	[1, 1, 1, 1, 1, 1, 1, 1, 1, 1, 1, 1]
	1684509	1523034	1554478	18	M	30	A		-1	4503.22747898	[1, 1, 1, 1, 1, 1, 1, 1, 1, 1, 1, 1]
	1683048	1521575	1556913	18	M	97	A		-1	4503.99305701	[1, 1, 1, 1, 1, 1, 1, 1, 1, 1, 1, -1]
	1618299	1557084	1503263	18	M	15	A		-1	4504.77073431	[1, 1, 1, 1, 1, 1, 1, 1, 1, 1, 1, 1]
	1658066	1576286	1537756	18	M	27	A		-1	4504.9722134	[1, 1, 1, 1, 1, 1, 1, 1, 1, 1, 1, 1]
	1631383	1550913	1505070	18	M	73	A		-1	4504.98567284	[1, 1, 1, 1, 1, 1, 1, 1, 1, 1, 1, 1]
	1669336	1569993	1497319	18	M	20	A		-1	4505.07738353	[1, 1, 1, 1, 1, 1, 1, 1, 1, 1, 1, 1]
	1617328	1524739	1589826	18	M	95	A		-1	4505.1014996	[1, 1, 1, 0, 1, 1, 1, 1, 1, 1, 1, 1]
	1644727	1501295	1594470	18	M	19	A		-1	4505.2584466	[1, 1, 1, 1, 1, 1, 1, 1, 1, 1, 1, 1]
	1580036	1321365	1424886	17	M	12	A		-1	4505.52519727	[1, 1, 1, 1, 1, 1, 1, 1, 1, 1, 1, 1]
	1640327	1530266	1549663	18	M	13	A		-1	4505.84728862	[1, 1, 1, 1, 1, 1, 1, 1, 1, 1, 1, 1]
	1660569	1587707	1468225	18	M	38	A		-1	4507.79682401	[1, 1, 1, 1, 1, 1, 1, 1, 1, 1, 1, 1]
	1634058	1540973	1552822	18	M	54	A		-1	4507.91291526	[1, 1, 1, 1, 1, 1, 1, 1, 1, 1, 1, 1]
	1558425	1475028	1409893	17	M	50	A		-1	4508.55345191	[1, 1, 1, 1, 1, 1, 1, 1, 1, 1, 1, 1]
	1683668	1557772	1533364	18	M	52	A		-1	4508.6579886	[1, 1, 1, 1, 1, 1, 0, 1, 1, 1, 1, 1]
	1648399	1499993	1506912	18	M	21	A		-1	4508.71208304	[1, 1, 1, 1, 1, 0, 1, 1, 1, 1, 1, 1]
	1613687	1528796	1339208	18	M	70	A		-1	4509.78732484	[1, 1, 1, 1, 1, 0, 1, 1, 1, 1, 1, 0]
	1612521	1545489	1577947	18	M	53	A		-1	4509.90237239	[1, 1, 0, 0, 1, 1, 1, 1, 1, 1, 1, 1]
	1578124	1409642	1464772	17	M	46	A		-1	4510.0492316	[1, 1, 1, 1, 1, 1, 1, 1, 1, 1, 1, 1]
	1619743	1525605	1561645	18	M	81	A		-1	4510.34972666	[1, 1, 1, 1, 1, 1, 1, 1, 1, 1, 1, 1]
	1595426	1583092	1581024	18	M	25	A		-1	4510.38439225	[1, 1, 1, 1, 1, 1, 1, 1, 1, 1, 1, 1]
	1682362	1525605	1505124	18	M	65	A		-1	4510.50495593	[1, 1, 1, 1, 1, 1, 1, 1, 1, 1, 1, 1]
	1666530	1557531	1557908	18	M	48	A		-1	4510.7026672	[1, 1, 1, 1, 1, 1, 1, 1, 1, 1, 1, 1]
	1531077	1469128	1438275	17	M	86	A		-1	4512.89260419	[1, 1, 1, 1, 1, 1, 1, 1, 1, 1, 1, 1]
	1614699	1583522	1563854	18	M	99	A		-1	4513.21392663	[1, 1, 1, 1, 1, 1, 1, 1, 1, 1, 1, 1]
	1605141	1554641	1558038	18	M	80	A		-1	4513.72436869	[0, 1, 1, 1, 1, 1, 1, 1, 1, 1, 1, 1]
	1603017	1586367	1562088	18	M	89	A		-1	4514.13230311	[1, 1, 1, 1, 1, 1, 1, 1, 1, 1, 1, 1]
	1530133	1483840	1417769	17	M	88	A		-1	4514.3090816	[1, 1, 1, 1, 1, 0, 1, 1, 1, 1, 1, 1]
	1601771	1552507	1403738	18	M	45	A		-1	4514.59663728	[1, 1, 1, 1, 1, 1, 1, 1, 1, 1, 1, 0]
	1621485	1525061	1583740	18	M	27	A		-1	4514.77617983	[1, 1, 1, 1, 1, 1, 1, 1, 1, 1, 1, 1]
	1637438	1495049	1443125	18	M	10	A		-1	4515.96107289	[1, 1, 1, 1, 1, 1, 1, 1, 1, 1, 1, 1]
	1625269	1525134	1526507	18	M	53	A		-1	4516.18332427	[1, 1, 1, 0, 1, 0, 1, 1, 1, 1, 1, 1]
	1657793	1572581	1544451	18	M	5	A		-1	4516.24634847	[1, 1, 1, 1, 1, 1, 1, 1, 1, 1, 1, 1]
	1660834	1578181	1360156	18	M	83	A		-1	4516.60223784	[1, 0, 1, 1, 1, 1, 1, 1, 1, 1, 1, 1]
	1677344	1497511	1521653	18	M	39	A		-1	4516.65030009	[0, 1, 1, 1, 1, 1, 1, 1, 1, 1, 1, 1]
	1674433	1540973	1533754	18	M	1	A		-1	4516.67266066	[1, 1, 1, 1, 1, 1, 1, 1, 1, 1, 1, 1]
	1606223	1546669	1561485	18	M	94	A		-1	4516.82125589	[1, 1, 1, 1, 1, 1, 1, 1, 1, 1, 1, 1]
	1660237	1545377	1562347	18	M	52	A		-1	4517.03316748	[1, 1, 1, 1, 1, 1, 1, 1, 1, 1, 1, 0]
	1660148	1577771	1402223	18	M	88	A		-1	4517.97909248	[1, 1, 0, 1, 1, 1, 1, 1, 1, 1, 1, 1]
	1644769	1546669	1524342	18	M	70	A		-1	4517.98700152	[1, 1, 1, 1, 1, 1, 1, 1, 1, 1, 1, 1]
	1515842	1422353	1462500	17	M	54	A		-1	4518.06522477	[1, 1, 1, 1, 1, 0, 1, 1, 1, 1, 1, 0]
	1613827	1569773	1462311	18	M	18	A		-1	4518.07085502	[1, 1, 1, 1, 1, 1, 1, 1, 1, 1, 1, 1]
	1664415	1513298	1512269	18	M	94	A		-1	4518.1340065	[1, 1, 1, 1, 1, 1, 1, 1, 1, 1, 1, 1]
	1667519	1516940	1520021	18	M	72	A		-1	4518.38994114	[1, 1, 0, 1, 1, 1, 1, 1, 1, 1, 1, 1]
	1634410	1553908	1547665	18	M	65	A		-1	4520.15246036	[1, 1, 1, 1, 1, 1, 1, 1, 1, 1, 1, 1]
	1624658	1495581	1549906	18	M	19	A		-1	4520.23089112	[1, 1, 1, 1, 1, 1, 1, 1, 1, 1, 1, 1]
	1619223	1540771	1582571	18	M	69	A		-1	4520.29718701	[1, 1, 1, 1, 1, 1, 1, 1, 1, 1, 1, 0]
	1670741	1496506	1559003	18	M	13	A		-1	4520.31205819	[1, 1, 1, 1, 1, 1, 1, 1, 1, 1, 1, 1]
	1646803	1543027	1580859	18	M	69	A		-1	4520.50451036	[1, 1, 1, 1, 1, 1, 1, 1, 1, 1, 1, 1]
	1652140	1506945	1550580	18	M	42	A		-1	4520.56230095	[1, 1, 1, 1, 1, 1, 1, 1, 1, 1, 1, 1]
	1634347	1563688	1566163	18	M	94	A		-1	4520.59558694	[1, 1, 1, 1, 1, 1, 1, 1, 1, 1, 1, 1]
	1652009	1540787	1445046	18	M	46	A		-1	4520.60548425	[1, 1, 1, 1, 1, 1, 1, 1, 1, 1, 1, 1]
	1666139	1567489	1502476	18	M	81	A		-1	4520.94758817	[1, 1, 1, 1, 1, 1, 1, 1, 1, 1, 1, 1]
	1688822	1578113	1548622	18	M	77	A		-1	4521.09002648	[1, 1, 1, 1, 1, 1, 1, 1, 1, 1, 1, 1]
	1551695	1435343	1478040	17	M	21	A		-1	4521.34510437	[1, 1, 1, 1, 1, 1, 1, 1, 1, 1, 1, 0]
	1662249	1523948	1581600	18	M	90	A		-1	4521.68785394	[1, 1, 1, 1, 1, 1, 1, 1, 1, 1, 1, 1]
	1614525	1545489	1560099	18	M	90	A		-1	4523.53884225	[1, 1, 1, 0, 1, 1, 1, 1, 1, 1, 1, 1]
	1495581	1449854	1341450	17	M	46	A		-1	4523.5532548	[1, 1, 1, 1, 1, 1, 1, 1, 1, 1, 1, 1]
	1657606	1570177	1576277	18	M	3	A		-1	4523.83714312	[1, 1, 1, 0, 1, 1, 1, 1, 1, 1, 1, 1]
	1624957	1528820	1529555	18	M	44	A		-1	4523.86846242	[1, 1, 1, 1, 1, 1, 1, 1, 1, 1, 1, 1]
	1690226	1527891	1467394	18	M	1	A		-1	4524.05081251	[1, 1, 1, 1, 1, 1, 1, 1, 1, 1, 1, 1]
	1619334	1506945	1585259	18	M	70	A		-1	4524.3348735	[1, 1, 1, 1, 1, 1, 1, 0, 1, 1, 1, 1]
	1644067	1552761	1538760	18	M	90	A		-1	4524.71263602	[1, 1, 1, 1, 1, 1, 1, 1, 1, 1, 1, 1]
	1668630	1552761	1559338	18	M	17	A		-1	4525.84226287	[1, 1, 1, 1, 1, 1, 1, 1, 1, 1, 1, 1]
	1679269	1550840	1582948	18	M	99	A		-1	4525.9326956	[1, 1, 1, 1, 1, 1, 1, 1, 1, 1, 1, 1]
	1665860	1508746	1533607	18	M	47	A		-1	4526.21340705	[1, 1, 1, 1, 1, 1, 1, 1, 1, 1, 1, 1]
	1660488	1545377	1565804	18	M	22	A		-1	4527.66409626	[1, 1, 1, 0, 1, 1, 1, 1, 1, 1, 1, 0]
	1601329	1574435	1568737	18	M	62	A		-1	4527.78494948	[1, 1, 1, 1, 1, 1, 1, 1, 1, 1, 1, 1]
	1637607	1573209	1587286	18	M	33	A		-1	4528.58687985	[1, 1, 1, 1, 1, 1, 1, 1, 1, 1, 1, 1]
	1635570	1582920	1586334	18	M	27	A		-1	4528.88956696	[1, 1, 1, 1, 1, 0, 1, 1, 1, 1, 1, 1]
	1607592	1530133	1592902	18	M	63	A		-1	4528.91481798	[1, 1, 1, 1, 1, 1, 1, 1, 1, 1, 1, 1]
	1613758	1566158	1502771	18	M	75	A		-1	4529.05948354	[1, 1, 1, 1, 1, 1, 1, 1, 1, 1, 1, 1]
	1626417	1563301	1586788	18	M	7	A		-1	4529.16880752	[1, 1, 1, 1, 1, 1, 1, 1, 1, 1, 1, 1]
	1622309	1527435	1541263	18	M	84	A		-1	4529.2763411	[1, 1, 1, 1, 1, 1, 1, 1, 1, 1, 1, 1]
	1606477	1420451	1557581	18	M	54	A		-1	4529.41413844	[1, 1, 1, 1, 1, 0, 1, 1, 1, 1, 1, 1]
	1668818	1545377	1569240	18	M	17	A		-1	4529.74470473	[1, 1, 1, 1, 1, 1, 1, 1, 1, 1, 0, 1]
	1634744	1574520	1573966	18	M	2	A		-1	4530.15804716	[1, 1, 1, 1, 1, 1, 1, 1, 1, 1, 1, 1]
	1654380	1523948	1474722	18	M	6	A		-1	4531.12923999	[1, 0, 1, 1, 1, 1, 1, 1, 1, 1, 1, 1]
	1670764	1567570	1526641	18	M	25	A		-1	4531.31142662	[1, 1, 1, 0, 1, 1, 1, 1, 1, 1, 1, 1]
	1641005	1528275	1561104	18	M	73	A		-1	4531.88083176	[1, 1, 0, 1, 1, 1, 1, 1, 1, 1, 1, 1]
	1630922	1553425	1522480	18	M	12	A		-1	4532.13426939	[1, 1, 1, 1, 1, 1, 1, 1, 1, 1, 1, 1]
	1622596	1497175	1564054	18	M	30	A		-1	4532.17311447	[1, 1, 1, 1, 1, 1, 1, 1, 1, 1, 1, 1]
	1619450	1583522	1510543	18	M	40	A		-1	4532.33894608	[1, 1, 1, 1, 1, 1, 1, 1, 1, 1, 1, 1]
	1627985	1582920	1589650	18	M	35	A		-1	4532.60691165	[1, 1, 1, 1, 1, 1, 1, 1, 1, 1, 1, 1]
	1655993	1556493	1502378	18	M	24	A		-1	4533.09648123	[1, 1, 1, 1, 1, 1, 1, 1, 1, 1, 1, 1]
	1682893	1545377	1516731	18	M	96	A		-1	4534.4628576	[1, 1, 1, 1, 1, 1, 1, 1, 1, 1, 1, 1]
	1645317	1524739	1433557	18	M	85	A		-1	4535.12974318	[1, 1, 0, 1, 1, 0, 1, 1, 1, 1, 1, 1]
	1545377	1403598	1367555	17	M	27	A		-1	4535.32337974	[1, 1, 1, 1, 1, 1, 1, 1, 1, 1, 1, 1]
	1662732	1535227	1559375	18	M	99	A		-1	4535.6156669	[1, 1, 1, 1, 1, 0, 1, 1, 1, 1, 0, 1]
	1652683	1514257	1594267	18	M	19	A		-1	4536.06327857	[1, 1, 1, 1, 1, 1, 1, 1, 1, 1, 1, 1]
	1674297	1497511	1541292	18	M	1	A		-1	4536.36494786	[1, 1, 1, 1, 1, 1, 1, 1, 1, 1, 1, 1]
	1615072	1450975	1522918	18	M	0	A		-1	4537.00713813	[1, 1, 1, 0, 1, 1, 1, 1, 1, 1, 1, 1]
	1605913	1575242	1589886	18	M	10	A		-1	4537.06418182	[1, 0, 1, 1, 1, 1, 1, 1, 1, 1, 1, 1]
	1613780	1573191	1410792	18	M	63	A		-1	4537.65390488	[1, 1, 1, 0, 1, 0, 1, 1, 1, 1, 1, 1]
	1636349	1589437	1584793	18	M	70	A		-1	4538.22855613	[1, 1, 1, 1, 1, 1, 1, 1, 1, 1, 1, 0]
	1563301	1411814	1415291	17	M	88	A		-1	4538.85281423	[1, 1, 1, 1, 1, 1, 1, 1, 1, 1, 1, 1]
	1658321	1542012	1497527	18	M	65	A		-1	4538.95754435	[1, 1, 1, 0, 1, 0, 1, 1, 1, 1, 1, 1]
	1598093	1495049	1400314	18	M	35	A		-1	4538.97499048	[1, 1, 1, 1, 1, 1, 1, 1, 1, 1, 1, 1]
	1628078	1550616	1535731	18	M	33	A		-1	4539.48912293	[1, 1, 1, 1, 1, 1, 1, 1, 1, 1, 1, 1]
	1622306	1497511	1564128	18	M	79	A		-1	4539.98144902	[1, 1, 0, 1, 1, 1, 1, 1, 1, 1, 1, 1]
	1676755	1516394	1507964	18	M	51	A		-1	4540.17508376	[0, 1, 1, 1, 1, 1, 1, 1, 1, 1, 1, 1]
	1617291	1593556	1484075	18	M	19	A		-1	4541.52696378	[1, 1, 1, 1, 1, 1, 1, 1, 1, 1, 1, 1]
	1653758	1520728	1484098	18	M	84	A		-1	4541.91595626	[0, 1, 1, 1, 1, 1, 1, 1, 1, 1, 1, 1]
	1682956	1506945	1463165	18	M	37	A		-1	4541.99928442	[1, 1, 0, 1, 1, 1, 1, 0, 1, 1, 1, 1]
	1672290	1456040	1469349	18	M	74	A		-1	4542.32612089	[1, 0, 1, 1, 1, 1, 1, 1, 1, 1, 1, 1]
	1660105	1559031	1522627	18	M	23	A		-1	4542.64208957	[1, 1, 1, 1, 1, 1, 1, 1, 1, 1, 1, 1]
	1609369	1586000	1516340	18	M	28	A		-1	4543.14354222	[1, 1, 1, 1, 1, 1, 1, 0, 1, 1, 1, 0]
	1664934	1563301	1532845	18	M	0	A		-1	4543.36317793	[1, 1, 1, 1, 1, 1, 1, 1, 1, 1, 1, 1]
	1637496	1590160	1550131	18	M	16	A		-1	4543.89896822	[1, 1, 1, 1, 1, 1, 1, 1, 1, 1, 1, 1]
	1647348	1518999	1552581	18	M	48	A		-1	4543.98159707	[1, 1, 0, 1, 1, 1, 1, 1, 1, 1, 1, 1]
	1612501	1540771	1559126	18	M	49	A		-1	4544.08352386	[1, 1, 1, 1, 1, 0, 1, 1, 1, 1, 1, 1]
	1684234	1592937	1539135	18	M	57	A		-1	4544.661451	[1, 1, 1, 1, 1, 1, 1, 1, 1, 1, 1, 1]
	1645820	1572307	1574648	18	M	4	A		-1	4544.96073754	[1, 1, 1, 1, 1, 1, 1, 1, 1, 1, 1, 1]
	1662916	1562929	1513855	18	M	68	A		-1	4545.93530963	[1, 1, 1, 1, 1, 1, 1, 1, 1, 1, 1, 1]
	1643818	1539206	1486047	18	M	86	A		-1	4546.08664656	[1, 1, 1, 1, 1, 1, 1, 1, 1, 1, 1, 1]
	1693362	1564169	1582348	18	M	97	A		-1	4546.2870198	[1, 1, 1, 1, 1, 1, 1, 1, 1, 1, 1, 1]
	1619198	1525605	1543956	18	M	92	A		-1	4546.37629426	[1, 1, 1, 1, 1, 1, 1, 1, 1, 1, 1, 1]
	1607756	1534948	1503158	18	M	59	A		-1	4546.45942717	[1, 1, 1, 1, 1, 1, 1, 1, 1, 1, 1, 1]
	1629724	1501936	1516854	18	M	79	A		-1	4546.62959893	[1, 1, 1, 1, 1, 1, 1, 1, 1, 1, 1, 1]
	1595154	1587420	1532787	18	M	21	A		-1	4547.09494843	[1, 1, 0, 1, 1, 1, 1, 1, 1, 1, 1, 1]
	1614934	1490860	1573343	18	M	23	A		-1	4547.2955754	[1, 1, 1, 1, 1, 1, 1, 1, 1, 1, 1, 1]
	1681986	1574435	1564750	18	M	30	A		-1	4547.63497132	[1, 1, 1, 1, 1, 1, 1, 1, 1, 1, 1, 1]
	1622254	1583754	1518437	18	M	96	A		-1	4548.56420147	[1, 1, 1, 1, 1, 1, 1, 1, 1, 1, 1, 1]
	1665396	1403598	1403958	18	M	39	A		-1	4548.68680637	[1, 1, 1, 1, 1, 1, 1, 0, 1, 1, 1, 1]
	1663692	1578124	1540657	18	M	80	A		-1	4548.99304539	[1, 1, 1, 1, 1, 1, 1, 1, 1, 1, 1, 1]
	1654996	1420451	1512217	18	M	9	A		-1	4549.04163277	[1, 1, 1, 1, 1, 1, 1, 1, 1, 1, 1, 1]
	1600662	1553953	1202429	18	M	91	A		-1	4549.14038043	[1, 1, 1, 1, 1, 1, 1, 1, 1, 1, 1, 1]
	1644422	1493105	1585883	18	M	1	A		-1	4549.35956676	[1, 1, 1, 1, 1, 1, 1, 1, 1, 1, 1, 1]
	1666379	1501295	1585517	18	M	10	A		-1	4549.62229931	[1, 1, 1, 1, 1, 1, 1, 1, 1, 1, 1, 1]
	1670571	1554020	1538415	18	M	80	A		-1	4549.83217762	[1, 1, 1, 1, 1, 1, 1, 1, 1, 1, 1, 1]
	1654166	1543615	1565397	18	M	74	A		-1	4550.67189252	[1, 1, 1, 1, 1, 1, 1, 1, 1, 1, 1, 1]
	1650946	1528820	1483650	18	M	60	A		-1	4552.7571145	[1, 1, 1, 1, 1, 1, 1, 1, 1, 1, 1, 1]
	1665985	1401672	1573934	18	M	38	A		-1	4553.14915123	[1, 1, 1, 1, 1, 1, 1, 1, 1, 1, 1, 1]
	1670553	1574520	1526792	18	M	43	A		-1	4553.95705451	[1, 1, 1, 1, 1, 1, 1, 1, 1, 1, 1, 1]
	1654757	1568059	1590570	18	M	59	A		-1	4553.96474015	[1, 1, 1, 1, 1, 1, 1, 1, 1, 1, 1, 1]
	1633074	1520599	1483306	18	M	79	A		-1	4554.89326228	[1, 1, 1, 1, 1, 1, 1, 1, 1, 1, 1, 1]
	1665939	1549474	1579509	18	M	67	A		-1	4554.98208777	[1, 1, 1, 1, 1, 1, 1, 1, 1, 1, 1, 1]
	1653098	1582234	1588170	18	M	71	A		-1	4555.58952357	[1, 1, 1, 1, 1, 1, 1, 1, 1, 1, 1, 1]
	1638905	1553851	1522371	18	M	57	A		-1	4555.72042574	[1, 1, 1, 1, 1, 1, 1, 1, 1, 1, 1, 1]
	1679281	1553908	1570150	18	M	95	A		-1	4555.722196	[1, 1, 1, 1, 1, 1, 1, 1, 1, 1, 1, 1]
	1622269	1550616	1569142	18	M	66	A		-1	4555.85273032	[1, 1, 1, 1, 1, 1, 1, 1, 1, 1, 1, 0]
	1625842	1510296	1552410	18	M	99	A		-1	4556.20328502	[1, 1, 1, 1, 1, 1, 1, 1, 1, 1, 1, 0]
	1614970	1576641	1543495	18	M	29	A		-1	4556.25732713	[1, 1, 1, 1, 1, 1, 1, 1, 1, 1, 1, 1]
	1690317	1517568	1503642	18	M	44	A		-1	4556.30462835	[1, 1, 1, 1, 1, 1, 1, 1, 1, 1, 1, 1]
	1658351	1523234	1437699	18	M	75	A		-1	4556.40734135	[1, 1, 1, 1, 1, 1, 1, 1, 1, 1, 1, 1]
	1627095	1574169	1543841	18	M	94	A		-1	4556.88767066	[1, 1, 1, 1, 1, 1, 1, 1, 1, 1, 1, 1]
	1642126	1564142	1509404	18	M	16	A		-1	4557.30148736	[1, 1, 1, 1, 1, 1, 1, 1, 1, 1, 1, 1]
	1657694	1550840	1350190	18	M	72	A		-1	4559.88002567	[1, 1, 1, 1, 1, 1, 1, 1, 1, 1, 1, 1]
	1679585	1521574	1576226	18	M	64	A		-1	4560.05389224	[1, 1, 1, 1, 1, 1, 1, 1, 1, 1, 1, 1]
	1644508	1541830	1593282	18	M	60	A		-1	4560.47187068	[1, 1, 1, 1, 1, 1, 1, 1, 1, 1, 1, 1]
	1692566	1550840	1580322	18	M	28	A		-1	4561.48193553	[1, 1, 1, 1, 1, 1, 1, 1, 1, 1, 1, 1]
	1596755	1523034	1562853	18	M	93	A		-1	4561.81919938	[1, 1, 1, 1, 0, 1, 1, 1, 1, 1, 1, 1]
	1665685	1570504	1556948	18	M	23	A		-1	4562.05645376	[1, 1, 1, 1, 1, 1, 1, 1, 1, 1, 1, 1]
	1611605	1444330	1565482	18	M	30	A		-1	4562.57288234	[1, 1, 1, 1, 1, 1, 1, 1, 1, 1, 1, 1]
	1670700	1520831	1541916	18	M	40	A		-1	4562.82939413	[1, 1, 0, 0, 1, 1, 1, 1, 1, 1, 1, 1]
	1637257	1525150	1537618	18	M	99	A		-1	4563.29875855	[1, 1, 1, 1, 1, 1, 1, 1, 1, 1, 1, 1]
	1660630	1496506	1549400	18	M	95	A		-1	4563.40905588	[0, 0, 1, 1, 1, 1, 1, 1, 1, 1, 1, 1]
	1667586	1588375	1495891	18	M	97	A		-1	4563.83572149	[1, 1, 1, 1, 1, 1, 1, 0, 1, 1, 1, 1]
	1651643	1521574	1519172	18	M	44	A		-1	4564.37189411	[1, 1, 1, 1, 1, 1, 1, 1, 1, 1, 1, 1]
	1638219	1501936	1521509	18	M	92	A		-1	4564.55585571	[1, 1, 1, 0, 1, 1, 1, 1, 1, 1, 1, 1]
	1679750	1546776	1502956	18	M	81	A		-1	4565.4250303	[1, 1, 1, 1, 1, 1, 1, 1, 1, 1, 1, 1]
	1621269	1575242	1405363	18	M	47	A		-1	4566.45450492	[1, 0, 1, 1, 1, 1, 1, 1, 1, 1, 1, 1]
	1642750	1563688	1505128	18	M	99	A		-1	4567.00155405	[1, 1, 1, 1, 1, 1, 1, 1, 1, 1, 1, 1]
	1638133	1587644	1561948	18	M	46	A		-1	4567.15939791	[1, 1, 1, 1, 1, 1, 1, 1, 1, 1, 1, 1]
	1613502	1497175	1585226	18	M	89	A		-1	4567.30634288	[1, 1, 1, 1, 1, 0, 1, 1, 1, 1, 1, 1]
	1599297	1581026	1564353	18	M	74	A		-1	4568.08400078	[1, 1, 1, 1, 1, 1, 1, 1, 1, 1, 1, 1]
	1667695	1558736	1507904	18	M	41	A		-1	4568.24218291	[1, 1, 1, 1, 1, 1, 1, 1, 1, 1, 1, 1]
	1605928	1574795	1578570	18	M	34	A		-1	4568.31535885	[1, 1, 1, 1, 1, 1, 1, 1, 1, 1, 1, 1]
	1611004	1430367	1531798	18	M	56	A		-1	4569.23124164	[1, 1, 1, 1, 1, 1, 1, 1, 1, 1, 1, 1]
	1611585	1545304	1553163	18	M	25	A		-1	4569.46253341	[1, 1, 1, 1, 1, 1, 1, 1, 1, 1, 1, 1]
	1501936	1451042	1486694	17	M	57	A		-1	4569.83319283	[1, 1, 1, 0, 1, 1, 1, 1, 1, 1, 1, 1]
	1515768	1395339	1479874	17	M	68	A		-1	4570.50862105	[1, 1, 1, 1, 1, 1, 1, 1, 1, 1, 1, 1]
	1634891	1581026	1545841	18	M	34	A		-1	4571.40026321	[1, 1, 1, 1, 1, 1, 1, 1, 1, 1, 1, 1]
	1655596	1518999	1534891	18	M	27	A		-1	4571.48675132	[1, 1, 1, 1, 1, 1, 1, 1, 1, 1, 1, 1]
	1691920	1587707	1504848	18	M	21	A		-1	4572.57018741	[1, 1, 1, 1, 1, 1, 1, 1, 1, 1, 1, 1]
	1642009	1578113	1586129	18	M	40	A		-1	4573.29769654	[1, 1, 1, 1, 1, 1, 0, 1, 1, 1, 1, 1]
	1628180	1550840	1535547	18	M	42	A		-1	4574.18168809	[1, 1, 1, 1, 1, 1, 1, 1, 1, 1, 1, 1]
	1586367	1492631	1357062	17	M	61	A		-1	4574.97280709	[1, 1, 1, 1, 1, 1, 1, 1, 1, 1, 1, 1]
	1633394	1573979	1539145	18	M	52	A		-1	4575.93713511	[1, 1, 1, 1, 1, 1, 1, 1, 1, 1, 1, 0]
	1635175	1459781	1459866	18	M	34	A		-1	4577.17565639	[1, 1, 1, 1, 1, 1, 1, 0, 1, 1, 1, 1]
	1672256	1571861	1420775	18	M	50	A		-1	4577.42556662	[1, 1, 1, 1, 1, 1, 1, 1, 1, 1, 1, 1]
	1577417	1433449	1469043	17	M	54	A		-1	4578.00665733	[1, 1, 1, 1, 1, 1, 1, 1, 1, 1, 1, 0]
	1650161	1564532	1411601	18	M	24	A		-1	4578.73459996	[1, 1, 1, 1, 1, 1, 1, 1, 1, 1, 1, 1]
	1623657	1570649	1453422	18	M	10	A		-1	4579.48879241	[1, 1, 1, 1, 1, 1, 1, 1, 1, 1, 1, 1]
	1665784	1582234	1590538	18	M	22	A		-1	4582.10508851	[1, 1, 1, 1, 1, 1, 1, 1, 1, 1, 1, 0]
	1667798	1414550	1566671	18	M	58	A		-1	4583.05010404	[1, 1, 1, 1, 1, 1, 1, 1, 1, 1, 1, 1]
	1606930	1577556	1519239	18	M	97	A		-1	4583.09223579	[1, 1, 1, 1, 1, 1, 1, 1, 1, 1, 1, 1]
	1608545	1576090	1592088	18	M	98	A		-1	4583.54482897	[1, 1, 1, 1, 1, 0, 1, 1, 1, 1, 1, 1]
	1577838	1470269	1403503	17	M	57	A		-1	4583.86773254	[1, 1, 1, 1, 1, 1, 1, 1, 1, 1, 1, 1]
	1636076	1580816	1563785	18	M	47	A		-1	4585.85119224	[1, 0, 1, 1, 1, 1, 1, 1, 1, 1, 1, 1]
	1678586	1456040	1513744	18	M	46	A		-1	4586.03817229	[1, 1, 1, 1, 1, 1, 1, 1, 1, 1, 1, 1]
	1648650	1529067	1449052	18	M	16	A		-1	4587.18113788	[1, 1, 1, 1, 1, 1, 1, 1, 1, 1, 1, 1]
	1663205	1562920	1580081	18	M	11	A		-1	4588.13161223	[1, 1, 1, 1, 1, 1, 1, 1, 1, 1, 1, 1]
	1648725	1589866	1510860	18	M	63	A		-1	4588.47816497	[1, 1, 1, 0, 1, 1, 1, 1, 1, 1, 1, 1]
	1645080	1531966	1533075	18	M	34	A		-1	4588.95281039	[1, 1, 1, 1, 1, 1, 1, 1, 1, 1, 1, 1]
	1667464	1540973	1422897	18	M	3	A		-1	4589.75567331	[1, 1, 1, 1, 1, 1, 1, 1, 1, 1, 1, 1]
	1581026	1414550	1463833	17	M	94	A		-1	4589.91069211	[1, 1, 1, 1, 1, 1, 1, 1, 1, 1, 1, 1]
	1614021	1551648	1392233	18	M	73	A		-1	4590.33775108	[1, 1, 1, 1, 1, 1, 1, 1, 1, 1, 1, 1]
	1618316	1517568	1550213	18	M	94	A		-1	4590.64381758	[0, 1, 1, 1, 1, 1, 1, 1, 1, 1, 1, 1]
	1613223	1530205	1507936	18	M	23	A		-1	4590.92140069	[1, 1, 1, 1, 1, 1, 1, 1, 1, 1, 1, 1]
	1597995	1569012	1593379	18	M	29	A		-1	4591.14424846	[1, 1, 1, 1, 1, 1, 1, 1, 1, 1, 1, 1]
	1665548	1469034	1499606	18	M	78	A		-1	4591.74842099	[1, 1, 1, 1, 1, 1, 1, 1, 1, 1, 1, 1]
	1690853	1567988	1443410	18	M	65	A		-1	4593.17202566	[1, 1, 1, 1, 1, 1, 1, 1, 1, 1, 1, 1]
	1596818	1580403	1583519	18	M	35	A		-1	4593.17546967	[1, 1, 1, 1, 1, 1, 1, 1, 1, 1, 1, 1]
	1604701	1581026	1209052	18	M	53	A		-1	4595.82112183	[1, 1, 1, 0, 1, 1, 1, 1, 1, 1, 1, 1]
	1676269	1582234	1524829	18	M	16	A		-1	4595.93059044	[1, 1, 1, 1, 1, 1, 1, 1, 1, 1, 1, 0]
	1654959	1576286	1585304	18	M	24	A		-1	4596.31665107	[1, 1, 1, 1, 1, 1, 1, 1, 1, 1, 1, 1]
	1618731	1594653	1552208	18	M	3	A		-1	4596.3390031	[1, 1, 1, 1, 1, 1, 1, 1, 1, 1, 1, 1]
	1654394	1558425	1546010	18	M	76	A		-1	4596.46770909	[1, 1, 1, 1, 1, 1, 1, 1, 1, 1, 1, 1]
	1660725	1549059	1527722	18	M	36	A		-1	4596.69944975	[0, 1, 1, 1, 1, 1, 1, 1, 1, 1, 1, 1]
	1647393	1521820	1556249	18	M	77	A		-1	4597.24825889	[1, 1, 1, 1, 1, 1, 1, 1, 1, 1, 1, 1]
	1618408	1581364	1475482	18	M	9	A		-1	4598.51906682	[1, 1, 1, 1, 1, 1, 1, 1, 1, 1, 1, 1]
	1637964	1401500	1565820	18	M	79	A		-1	4598.68977833	[1, 1, 1, 1, 1, 1, 1, 1, 1, 1, 1, 1]
	1627595	1594390	1521391	18	M	96	A		-1	4598.95187074	[1, 1, 1, 1, 1, 1, 1, 1, 1, 1, 1, 1]
	1599274	1581896	1587173	18	M	77	A		-1	4598.98180843	[1, 1, 1, 1, 1, 1, 1, 1, 1, 1, 1, 1]
	1653358	1564049	1305388	18	M	32	A		-1	4599.65430753	[1, 1, 1, 1, 1, 1, 1, 1, 1, 1, 1, -1]
	1661950	1573209	1576708	18	M	84	A		-1	4600.10513759	[1, 1, 1, 1, 1, 1, 1, 1, 1, 1, 1, 1]
	1643739	1544142	1533315	18	M	31	A		-1	4600.57447013	[1, 1, 1, 1, 1, 1, 1, 1, 1, 1, 1, 1]
	1633459	1572066	1405183	18	M	35	A		-1	4601.24391549	[1, 1, 1, 0, 1, 1, 1, 1, 1, 1, 1, 1]
	1660971	1576900	1582221	18	M	41	A		-1	4601.44025334	[1, 1, 1, 1, 1, 1, 1, 1, 1, 1, 1, 1]
	1650739	1582234	1534805	18	M	89	A		-1	4601.4497552	[1, 1, 1, 1, 1, 1, 1, 1, 1, 1, 1, 1]
	1640602	1572581	1568211	18	M	71	A		-1	4602.18753273	[1, 1, 1, 1, 1, 1, 1, 1, 1, 1, 1, 1]
	1676001	1569769	1520642	18	M	44	A		-1	4602.72073389	[1, 1, 1, 1, 1, 0, 1, 1, 1, 1, 1, 1]
	1631303	1429796	1519528	18	M	14	A		-1	4602.76957901	[1, 1, 1, 0, 1, 1, 1, 1, 1, 1, 1, 1]
	1600962	1497480	1495529	18	M	69	A		-1	4603.14394267	[1, 1, 1, 1, 1, 1, 1, 1, 1, 1, 1, 1]
	1621584	1565270	1439508	18	M	17	A		-1	4604.60739477	[1, 1, 1, 1, 1, 1, 1, 1, 1, 1, 1, 1]
	1527938	1395339	1302558	17	M	77	A		-1	4606.29813783	[1, 1, 1, 1, 1, 1, 1, 1, 1, 1, 1, 1]
	1683931	1408180	1549017	18	M	1	A		-1	4606.66844645	[1, 1, 1, 1, 1, 1, 1, 1, 1, 1, 1, 0]
	1684514	1542660	1586159	18	M	60	A		-1	4607.1635229	[1, 0, 1, 1, 1, 1, 1, 1, 1, 1, 1, 1]
	1641516	1566158	1428083	18	M	79	A		-1	4609.19399406	[1, 1, 1, 1, 1, 1, 1, 1, 1, 1, 1, 1]
	1540973	1438554	1422699	17	M	69	A		-1	4609.20004488	[1, 1, 1, 1, 1, 1, 1, 1, 1, 1, 1, 1]
	1661334	1512044	1530316	18	M	57	A		-1	4610.04706499	[1, 1, 1, 1, 1, 1, 1, 1, 1, 1, 0, 1]
	1672703	1528820	1566014	18	M	74	A		-1	4611.59487837	[1, 1, 1, 1, 1, 1, 1, 1, 1, 1, 1, 1]
	1671257	1496506	1513063	18	M	70	A		-1	4611.75748168	[0, 1, 1, 1, 1, 1, 1, 1, 1, 1, 1, 1]
	1678327	1406239	1523142	18	M	90	A		-1	4612.10661115	[1, 1, 1, 1, 1, 1, 1, 1, 1, 1, 1, 1]
	1686322	1580662	1544131	18	M	23	A		-1	4612.26554505	[1, 1, 1, 1, 1, 1, 1, 1, 1, 1, 1, 1]
	1610798	1511911	1570068	18	M	3	A		-1	4612.7773914	[1, 1, 1, 0, 1, 1, 1, 1, 1, 1, 1, 1]
	1677347	1545377	1532206	18	M	60	A		-1	4612.88530274	[1, 1, 0, 1, 1, 1, 1, 1, 1, 1, 1, 1]
	1677862	1495581	1502179	18	M	47	A		-1	4613.8512512	[1, 1, 1, 1, 1, 1, 1, 1, 1, 1, 1, 1]
	1662365	1582813	1552978	18	M	74	A		-1	4613.96800888	[1, 1, 1, 1, 1, 1, 1, 1, 1, 1, 1, 1]
	1678167	1495581	1586033	18	M	34	A		-1	4614.22133326	[1, 1, 0, 1, 1, 1, 1, 1, 1, 1, 1, 1]
	1673128	1524645	1513024	18	M	30	A		-1	4614.56453026	[1, 1, 1, 0, 1, 1, 1, 1, 1, 1, 1, 0]
	1687496	1591888	1433758	18	M	98	A		-1	4616.7076318	[1, 1, 1, 1, 1, 1, 1, 1, 1, 1, 1, 1]
	1674117	1587644	1561082	18	M	35	A		-1	4617.53366002	[1, 1, 1, 1, 1, 1, 1, 1, 1, 1, 1, 1]
	1672679	1555934	1558969	18	M	30	A		-1	4618.02041066	[1, 1, 1, 1, 1, 1, 1, 1, 1, 1, 1, 1]
	1617702	1563301	1445400	18	M	59	A		-1	4619.42240073	[1, 1, 1, 1, 1, 1, 1, 0, 1, 1, 1, 1]
	1670230	1525512	1420485	18	M	52	A		-1	4619.65676542	[1, 1, 1, 1, 1, 1, 1, 1, 1, 1, 1, 1]
	1633980	1576592	1523053	18	M	30	A		-1	4621.96589178	[1, 1, 1, 1, 1, 0, 1, 1, 1, 1, 1, 1]
	1657134	1548692	1522944	18	M	13	A		-1	4622.77893077	[1, 1, 1, 1, 1, 0, 1, 1, 1, 1, 1, 1]
	1621767	1541830	1582742	18	M	59	A		-1	4622.98994507	[1, 1, 1, 1, 1, 1, 1, 1, 1, 1, 1, 1]
	1620119	1544284	1513429	18	M	98	A		-1	4623.20945612	[1, 1, 1, 1, 1, 1, 1, 1, 1, 1, 1, 1]
	1638961	1568059	1561980	18	M	50	A		-1	4623.31042013	[1, 1, 1, 1, 1, 1, 1, 1, 1, 1, 1, 1]
	1666013	1506658	1514556	18	M	93	A		-1	4623.78048962	[1, 1, 1, 1, 1, 0, 1, 1, 1, 1, 1, 1]
	1608645	1521575	1508369	18	M	11	A		-1	4626.08355963	[1, 1, 1, 1, 1, 1, 1, 1, 1, 1, 1, 0]
	1648316	1499637	1585063	18	M	94	A		-1	4626.4690089	[1, 1, 1, 1, 1, 1, 1, 1, 1, 1, 1, 1]
	1652544	1401500	1578756	18	M	32	A		-1	4628.52796056	[1, 1, 1, 0, 1, 0, 1, 1, 1, 1, 1, 1]
	1671411	1583985	1546885	18	M	17	A		-1	4629.23893964	[1, 1, 1, 1, 1, 1, 1, 1, 1, 1, 1, 1]
	1615885	1556377	1582965	18	M	44	A		-1	4630.75742135	[1, 1, 1, 0, 1, 1, 1, 1, 1, 1, 1, 1]
	1606346	1548664	1524641	18	M	24	A		-1	4630.93986551	[1, 1, 0, 1, 1, 1, 1, 1, 1, 1, 1, 1]
	1682104	1582234	1483275	18	M	52	A		-1	4632.19730317	[1, 1, 1, 1, 1, 1, 1, 1, 1, 1, 1, 0]
	1617948	1593335	1477007	18	M	74	A		-1	4632.84913296	[1, 1, 1, 1, 1, 1, 1, 1, 1, 1, 1, 1]
	1627508	1534931	1499817	18	M	47	A		-1	4633.10670904	[1, 1, 1, 1, 1, 1, 1, 1, 1, 1, 1, 1]
	1619819	1439795	1504507	18	M	100	A		-1	4633.27166481	[1, 1, 1, 0, 1, 1, 1, 1, 1, 1, 1, 1]
	1615744	1543104	1504535	18	M	12	A		-1	4634.30246286	[1, 1, 1, 1, 1, 1, 1, 1, 1, 1, 0, 1]
	1623649	1586367	1573825	18	M	82	A		-1	4634.32917002	[1, 1, 0, 1, 1, 1, 1, 1, 1, 1, 1, 1]
	1600579	1524575	1528744	18	M	25	A		-1	4634.40602821	[1, 1, 1, 1, 1, 1, 1, 1, 1, 1, 1, 1]
	1693602	1550840	1561040	18	M	65	A		-1	4639.87047767	[1, 1, 1, 1, 1, 1, 1, 1, 1, 1, 1, 1]
	1672206	1577556	1589788	18	M	5	A		-1	4640.11252084	[1, 1, 1, 0, 1, 1, 1, 1, 1, 1, 1, 1]
	1664821	1577838	1575149	18	M	91	A		-1	4644.65913901	[1, 1, 1, 1, 1, 1, 1, 1, 1, 1, 1, 1]
	1636521	1592977	1561182	18	M	22	A		-1	4645.97619043	[1, 1, 1, 1, 1, 1, 1, 1, 1, 1, 1, 0]
	1678976	1549059	1367906	18	M	56	A		-1	4646.23189357	[0, 1, 1, 1, 1, 1, 1, 1, 1, 1, 1, 1]
	1668769	1564065	1560914	18	M	47	A		-1	4648.47538101	[1, 1, 1, 1, 1, 1, 1, 1, 1, 1, 1, 1]
	1610525	1579522	1570179	18	M	60	A		-1	4649.11808381	[1, 1, 1, 1, 1, 1, 1, 1, 1, 1, 1, 0]
	1665518	1568388	1442749	18	M	25	A		-1	4650.78952884	[1, 1, 1, 1, 1, 1, 1, 0, 1, 1, 1, 1]
	1678756	1550884	1540609	18	M	51	A		-1	4651.03913534	[1, 1, 1, 1, 1, 1, 1, 1, 1, 1, 1, 1]
	1682245	1556377	1529646	18	M	56	A		-1	4651.17947755	[1, 1, 1, 1, 1, 1, 1, 1, 1, 1, 1, 0]
	1651059	1550546	1464772	18	M	46	A		-1	4653.5980457	[1, 1, 0, 1, 1, 1, 1, 1, 1, 1, 1, 1]
	1636359	1550913	1522279	18	M	77	A		-1	4655.31434413	[1, 1, 1, 1, 1, 1, 1, 1, 1, 1, 1, 1]
	1614795	1557772	1472595	18	M	31	A		-1	4657.55077435	[1, 1, 1, 1, 1, 0, 1, 1, 1, 1, 1, 0]
	1550840	1404618	1446521	17	M	96	A		-1	4658.25261751	[1, 1, 1, 1, 1, 1, 1, 1, 1, 1, 1, 1]
	1679890	1495049	1506441	18	M	60	A		-1	4659.69444941	[1, 1, 1, 1, 1, 1, 1, 1, 1, 1, 1, 1]
	1625021	1516940	1583559	18	M	58	A		-1	4664.96214824	[1, 1, 0, 1, 1, 1, 1, 1, 1, 1, 1, 1]
	1648322	1500570	1525972	18	M	70	A		-1	4665.05935026	[1, 1, 1, 1, 1, 1, 1, 1, 1, 1, 1, 1]
	1668862	1531077	1567759	18	M	55	A		-1	4666.2226994	[1, 1, 1, 1, 1, 1, 1, 1, 1, 1, 1, 1]
	1671858	1501836	1521227	18	M	35	A		-1	4667.94425853	[1, 1, 1, 1, 1, 1, 1, 1, 1, 1, 1, 1]
	1528820	1459781	1394914	17	M	27	A		-1	4667.94935067	[1, 1, 1, 1, 1, 1, 1, 1, 1, 1, 1, 1]
	1637875	1497744	1589821	18	M	26	A		-1	4669.76473448	[1, 1, 0, 1, 1, 1, 1, 1, 1, 1, 1, 1]
	1645158	1520831	1496524	18	M	72	A		-1	4670.11599245	[0, 1, 0, 1, 1, 1, 1, 1, 1, 1, 1, 1]
	1662925	1485951	1467325	18	M	39	A		-1	4670.55815454	[1, 1, 1, 1, 0, 1, 1, 1, 1, 1, 1, 1]
	1689106	1518999	1580754	18	M	69	A		-1	4679.03653244	[1, 1, 1, 1, 1, 1, 1, 1, 1, 1, 1, 1]
	1647517	1549474	1562649	18	M	7	A		-1	4679.60371367	[0, 1, 1, 1, 1, 1, 1, 1, 1, 1, 1, 1]
	1667600	1553563	1566977	18	M	65	A		-1	4680.199686	[1, 1, 1, 1, 1, 1, 1, 1, 1, 1, 1, 1]
	1655857	1518458	1584252	18	M	55	A		-1	4684.53330436	[1, 1, 1, 1, 1, 1, 1, 1, 1, 1, 1, 1]
	1613479	1586367	1527336	18	M	0	A		-1	4688.79598985	[1, 1, 1, 1, 1, 1, 1, 1, 1, 1, 1, 1]
	1676546	1512471	1453980	18	M	12	A		-1	4688.95877082	[1, 1, 1, 1, 1, 1, 1, 1, 1, 1, 1, 0]
	1689299	1531077	1496064	18	M	1	A		-1	4689.31149692	[1, 1, 1, 1, 1, 1, 1, 1, 1, 1, 1, 1]
	1611948	1549474	1497390	18	M	15	A		-1	4690.21574921	[0, 1, 1, 1, 1, 1, 1, 1, 1, 1, 1, 1]
	1599552	1588428	1538069	18	M	13	A		-1	4690.99786225	[1, 1, 1, 1, 1, 1, 1, 1, 1, 1, 1, 1]
	1641258	1395339	1524613	18	M	18	A		-1	4691.29010819	[1, 1, 1, 1, 1, 1, 1, 1, 1, 1, 1, 1]
	1625857	1557180	1577620	18	M	47	A		-1	4693.76451836	[1, 1, 1, 1, 1, 1, 1, 1, 1, 1, 1, 1]
	1640558	1513697	1541345	18	M	53	A		-1	4697.78278606	[1, 1, 1, 1, 1, 1, 1, 1, 1, 1, 1, 1]
	1682900	1543555	1456184	18	M	0	A		-1	4700.79504747	[1, 1, 1, 1, 1, 1, 1, 1, 1, 1, 1, 1]
	1645110	1562108	1457839	18	M	53	A		-1	4704.10123074	[1, 1, 1, 1, 0, 1, 1, 1, 1, 1, 1, 1]
	1689853	1586229	1554573	18	M	78	A		-1	4707.97949056	[1, 1, 1, 1, 1, 1, 1, 1, 1, 1, 1, 1]
	1609211	1420950	1530573	18	M	40	A		-1	4708.42638793	[1, 1, 1, 1, 1, 1, 1, 1, 1, 1, 1, 1]
	1665854	1590160	1535174	18	M	73	A		-1	4715.53556202	[1, 1, 1, 1, 1, 1, 1, 1, 1, 1, 1, 0]
	1613349	1524645	1548019	18	M	37	A		-1	4719.28633887	[1, 1, 1, 0, 1, 1, 1, 1, 1, 1, 1, 1]
	1632185	1516846	1594422	18	M	93	A		-1	4720.04286379	[1, 1, 1, 1, 1, 1, 1, 1, 1, 1, 1, 1]
	1663763	1520831	1561149	18	M	0	A		-1	4721.00920564	[0, 1, 1, 1, 1, 1, 1, 1, 1, 1, 1, 1]
	1608987	1520599	1511992	18	M	27	A		-1	4721.66511023	[1, 1, 1, 1, 1, 1, 1, 1, 1, 1, 1, 1]
	1621175	1522012	1438045	18	M	29	A		-1	4732.864501	[1, 1, 1, 1, 1, 1, 1, 1, 1, 1, 1, 1]
	1654491	1559031	1482396	18	M	72	A		-1	4739.04039308	[1, 1, 1, 1, 1, 1, 1, 1, 1, 1, 1, 0]
	1620971	1549841	1385141	18	M	0	A		-1	4745.87813507	[1, 1, 1, 1, 1, 1, 1, 1, 1, 1, 1, 0]
	1684590	1540315	1587441	18	M	43	A		-1	4755.72841075	[1, 1, 1, 1, 1, 1, 1, 1, 1, 1, 1, 0]
	1662080	1506945	1523289	18	M	24	A		-1	4756.01499921	[1, 1, 0, 1, 1, 1, 1, 1, 1, 1, 1, 1]
	1678872	1495186	1548840	18	M	22	A		-1	4757.13885536	[1, 1, 1, 1, 1, 1, 1, 1, 1, 1, 1, 1]
	1606558	1506237	1582584	18	M	68	A		-1	4765.26861558	[1, 1, 1, 1, 1, 1, 1, 1, 1, 1, 1, 1]
	1600703	1549582	1561376	18	M	16	A		-1	4766.37026922	[1, 1, 1, 1, 1, 1, 1, 1, 1, 1, 1, 1]
	1621440	1594653	1506770	18	M	69	A		-1	4772.66439615	[1, 1, 1, 1, 1, 1, 1, 1, 1, 1, 1, 1]
	1612772	1582234	1519995	18	M	22	A		-1	4778.5977631	[1, 1, 1, 1, 1, 1, 1, 1, 1, 1, 1, 0]
	1618880	1496283	1585539	18	M	63	A		-1	4783.27051184	[1, 1, 1, 1, 1, 0, 1, 1, 1, 1, 1, 1]
	1675046	1540973	1529363	18	M	60	A		-1	4786.77295882	[1, 1, 1, 1, 1, 1, 1, 1, 1, 1, 1, 1]
	1615277	1540315	1542265	18	M	34	A		-1	4807.79499871	[1, 1, 1, 1, 1, 1, 1, 1, 1, 1, 1, 1]
	1661009	1523034	1412531	18	M	38	A		-1	4818.42753548	[1, 1, 1, 1, 1, 1, 1, 1, 1, 1, 1, 1]
	1646029	1501295	1588498	18	M	51	A		-1	4834.53645224	[1, 1, 1, 1, 1, 1, 1, 1, 1, 1, 1, 1]
	1607590	1521575	1545220	18	M	93	A		-1	4899.61693988	[1, 1, 1, 1, 1, 1, 1, 1, 1, 1, 1, 0]
	1582234	1469128	1381321	17	M	78	A		-1	4930.56336129	[1, 1, 1, 1, 1, 1, 1, 1, 1, 1, 1, 0]
