animal	sire	dam	born	sex	herd	status	cause	died	TBV	recessives
	1038250	926174	965344	12	M	170	A		-1	3098.00885253	[1, 1, 1, 1, 1, 1, 1, 1, 1, 1, 1, 1]
	1084283	927191	907007	12	M	145	A		-1	3098.01692647	[1, 1, 1, 1, 1, 1, 1, 1, 1, 1, 1, 1]
	1056344	926483	821609	12	M	144	A		-1	3098.25648402	[1, 1, 1, 1, 1, 1, 1, 1, 1, 1, 1, 1]
	940683	823428	882921	11	M	115	A		-1	3098.28646447	[1, 1, 1, 1, 1, 1, 1, 1, 1, 1, 1, 1]
	1032350	926012	947599	12	M	42	A		-1	3098.32976992	[1, 1, 1, 1, 1, 1, 1, 1, 1, 1, 1, 1]
	1081843	927191	825699	12	M	103	A		-1	3098.35205067	[1, 1, 1, 1, 1, 1, 1, 1, 1, 1, 1, 1]
	1065604	926566	949041	12	M	102	A		-1	3098.5451745	[1, 1, 1, 1, 1, 1, 1, 1, 1, 1, 1, 1]
	962311	824298	827527	11	M	153	A		-1	3098.57023871	[1, 1, 1, 1, 1, 1, 1, 1, 1, 1, 1, 1]
	1042302	926239	992536	12	M	99	A		-1	3098.73739615	[1, 1, 1, 1, 1, 1, 1, 1, 1, 1, 1, 1]
	1083154	927191	989039	12	M	147	A		-1	3099.11451463	[1, 1, 1, 1, 1, 1, 1, 1, 1, 1, 1, 1]
	1037739	926174	900688	12	M	61	A		-1	3099.40415754	[1, 1, 1, 1, 1, 1, 1, 1, 1, 1, 1, 1]
	1062951	926486	725494	12	M	71	A		-1	3100.10725311	[1, 1, 1, 1, 1, 0, 1, 1, 1, 1, 1, 1]
	1052609	926418	827875	12	M	185	A		-1	3100.14977496	[1, 1, 1, 1, 1, 1, 1, 1, 1, 1, 1, 1]
	1049091	926341	960794	12	M	70	A		-1	3100.17268402	[1, 1, 1, 1, 1, 1, 1, 1, 1, 1, 1, 1]
	1031989	926012	765649	12	M	64	A		-1	3100.50588289	[1, 1, 1, 1, 1, 1, 1, 1, 1, 1, 1, 1]
	997166	994748	973900	12	M	41	A		-1	3100.94991898	[1, 1, 0, 1, 1, 1, 1, 1, 1, 1, 1, 1]
	1071230	926739	962156	12	M	167	A		-1	3100.99948951	[1, 1, 1, 1, 1, 1, 1, 1, 1, 1, 1, 1]
	1051787	926418	944127	12	M	166	A		-1	3101.04087257	[1, 1, 1, 1, 1, 1, 1, 1, 1, 1, 1, 1]
	1020754	925991	954189	12	M	27	A		-1	3101.26980862	[1, 1, 1, 1, 1, 1, 1, 1, 1, 1, 1, 1]
	1048064	926341	933072	12	M	105	A		-1	3101.30868857	[1, 1, 1, 1, 1, 1, 1, 1, 1, 1, 1, 1]
	1087403	927355	980788	12	M	147	A		-1	3101.39309324	[1, 1, 1, 1, 1, 1, 1, 1, 1, 1, 1, 1]
	1001690	926719	990086	12	M	175	A		-1	3101.49422694	[1, 1, 1, 1, 1, 1, 1, 1, 1, 1, 1, 1]
	1048519	926341	917631	12	M	62	A		-1	3101.80389882	[1, 1, 1, 1, 1, 1, 1, 1, 1, 1, 1, 1]
	1044030	926239	923427	12	M	149	A		-1	3101.82558504	[1, 1, 1, 1, 1, 1, 1, 1, 1, 1, 1, 1]
	1017108	925971	902930	12	M	114	A		-1	3101.89209692	[1, 1, 1, 1, 1, 1, 1, 1, 1, 1, 1, 1]
	1004750	926719	912128	12	M	45	A		-1	3101.92938265	[1, 1, 1, 1, 1, 1, 1, 1, 1, 1, 1, 1]
	967935	824306	814222	11	M	65	A		-1	3102.27057211	[1, 1, 1, 1, 1, 1, 1, 1, 1, 1, 1, 1]
	932703	823110	804596	11	M	11	A		-1	3102.39471317	[1, 1, 1, 1, 1, 1, 1, 1, 1, 1, 1, 1]
	1053515	926418	944259	12	M	57	A		-1	3102.41411347	[1, 1, 1, 1, 1, 1, 1, 1, 1, 1, 1, 1]
	1001938	926719	956851	12	M	157	A		-1	3102.51644953	[1, 1, 1, 1, 1, 1, 1, 1, 1, 1, 1, 1]
	938787	823169	827961	11	M	22	A		-1	3102.8921331	[1, 1, 1, 1, 1, 1, 1, 1, 1, 1, 1, 1]
	1052574	926418	960329	12	M	89	A		-1	3103.3652987	[1, 1, 1, 1, 1, 1, 1, 1, 1, 1, 1, 1]
	1030878	926012	964642	12	M	46	A		-1	3104.38408328	[1, 1, 1, 1, 1, 1, 1, 1, 1, 1, 1, 1]
	1009702	925651	970750	12	M	17	A		-1	3104.4567305	[1, 1, 1, 1, 1, 1, 1, 1, 1, 1, 1, 1]
	1041537	926239	845679	12	M	186	A		-1	3104.76447036	[1, 1, 1, 1, 1, 1, 1, 1, 1, 1, 1, 1]
	1042585	926239	829786	12	M	144	A		-1	3104.81100964	[1, 1, 1, 1, 1, 1, 1, 1, 1, 1, 1, 1]
	1010389	925825	957742	12	M	166	A		-1	3104.94604939	[1, 1, 1, 1, 1, 1, 1, 1, 1, 1, 1, 1]
	1019348	925971	965264	12	M	139	A		-1	3105.26230732	[1, 1, 1, 1, 1, 1, 1, 1, 1, 1, 1, 1]
	1066847	926566	813840	12	M	190	A		-1	3105.51345101	[1, 1, 1, 1, 1, 1, 1, 1, 1, 1, 1, 1]
	1039461	926174	938792	12	M	99	A		-1	3105.5354124	[1, 1, 1, 1, 1, 1, 1, 1, 1, 1, 1, 0]
	1019600	925971	851541	12	M	70	A		-1	3106.39121676	[1, 1, 1, 1, 1, 1, 1, 1, 1, 1, 1, 1]
	1017273	925971	983369	12	M	65	A		-1	3106.96692241	[1, 1, 0, 1, 1, 1, 1, 1, 1, 1, 1, 1]
	1057761	926483	900680	12	M	67	A		-1	3107.14054127	[1, 1, 1, 1, 1, 1, 1, 1, 1, 1, 1, 1]
	958131	823820	595908	11	M	10	A		-1	3107.37952447	[1, 1, 1, 1, 1, 1, 1, 1, 1, 1, 1, 1]
	1046265	926341	993446	12	M	44	A		-1	3107.39749179	[1, 1, 1, 1, 1, 1, 1, 1, 1, 1, 1, 1]
	1015800	925971	954471	12	M	134	A		-1	3107.4692993	[1, 1, 1, 1, 1, 1, 1, 1, 1, 1, 1, 1]
	1090408	927421	937890	12	M	21	A		-1	3107.58701821	[1, 1, 1, 1, 1, 1, 1, 1, 1, 1, 1, 1]
	1023969	925991	974902	12	M	31	A		-1	3107.65559875	[1, 1, 1, 1, 1, 1, 1, 1, 1, 1, 1, 1]
	1026180	926004	846313	12	M	114	A		-1	3107.78018052	[1, 1, 1, 1, 1, 1, 1, 1, 1, 1, 1, 1]
	1053841	926418	925776	12	M	194	A		-1	3108.11618796	[1, 1, 1, 1, 1, 1, 1, 1, 1, 1, 1, 1]
	1052552	926418	947317	12	M	149	A		-1	3108.16113118	[1, 1, 1, 1, 1, 1, 1, 1, 1, 1, 1, 1]
	1047222	926341	900248	12	M	67	A		-1	3108.27802132	[1, 1, 1, 1, 1, 1, 1, 1, 1, 1, 1, 1]
	1019235	925971	894816	12	M	192	A		-1	3108.33999336	[1, 1, 1, 1, 1, 1, 1, 1, 1, 1, 1, 1]
	995696	994748	940855	12	M	10	A		-1	3108.42652903	[1, 1, 1, 1, 1, 1, 1, 1, 1, 1, 1, 1]
	1042123	926239	889228	12	M	124	A		-1	3108.4744836	[1, 1, 1, 1, 1, 1, 1, 1, 1, 1, 1, 1]
	1052689	926418	970504	12	M	108	A		-1	3108.52413061	[1, 1, 1, 1, 1, 1, 1, 1, 1, 1, 1, 1]
	1043456	926239	907379	12	M	149	A		-1	3109.30726309	[1, 1, 1, 1, 1, 1, 1, 1, 1, 1, 1, 1]
	1032709	926012	990102	12	M	47	A		-1	3109.41903029	[1, 1, 1, 1, 1, 1, 1, 1, 1, 1, 1, 1]
	1017371	925971	796508	12	M	11	A		-1	3109.44214924	[1, 1, 1, 1, 1, 1, 1, 1, 1, 1, 1, 0]
	1054298	926418	919945	12	M	92	A		-1	3109.45193548	[1, 1, 1, 1, 1, 1, 1, 1, 1, 1, 1, 1]
	1048775	926341	957983	12	M	134	A		-1	3109.5018035	[1, 1, 1, 1, 1, 1, 1, 1, 1, 1, 1, 1]
	1041434	926239	938222	12	M	32	A		-1	3109.55940272	[1, 1, 1, 1, 1, 1, 1, 1, 1, 1, 1, 1]
	1037298	926174	855938	12	M	17	A		-1	3110.72850873	[1, 1, 1, 1, 1, 1, 1, 1, 1, 1, 1, 1]
	1041309	926239	992521	12	M	1	A		-1	3110.91645888	[1, 1, 1, 1, 1, 1, 1, 1, 1, 1, 1, 0]
	950184	823609	848307	11	M	179	A		-1	3111.16334041	[1, 1, 1, 1, 1, 1, 1, 1, 1, 1, 1, 1]
	1087695	927355	919105	12	M	56	A		-1	3111.2387511	[1, 1, 1, 1, 1, 1, 1, 1, 1, 1, 1, 1]
	1076117	928576	963621	12	M	147	A		-1	3111.73212483	[1, 1, 1, 1, 1, 1, 1, 1, 1, 1, 1, 1]
	1044211	926239	910586	12	M	2	A		-1	3111.74768317	[1, 1, 1, 1, 1, 1, 1, 1, 1, 1, 1, 1]
	1034725	926012	981144	12	M	91	A		-1	3111.91821089	[1, 1, 1, 1, 1, 1, 1, 1, 1, 1, 1, 1]
	966248	824306	875561	11	M	31	A		-1	3111.96132639	[1, 1, 1, 1, 1, 1, 1, 1, 1, 1, 1, 1]
	1040910	926239	961366	12	M	188	A		-1	3112.53575714	[1, 1, 1, 1, 1, 1, 1, 1, 1, 1, 1, 1]
	1062588	926486	967083	12	M	44	A		-1	3113.0196476	[1, 1, 1, 1, 1, 0, 1, 1, 1, 1, 1, 1]
	1048093	926341	972290	12	M	139	A		-1	3113.06092895	[1, 1, 1, 1, 1, 1, 1, 1, 1, 1, 1, 1]
	946637	823593	823747	11	M	100	A		-1	3113.45693884	[1, 1, 1, 1, 1, 1, 1, 1, 1, 1, 1, 1]
	1081499	927191	874545	12	M	86	A		-1	3113.56546695	[1, 1, 1, 1, 1, 1, 1, 1, 1, 1, 1, 1]
	1063291	926486	990554	12	M	175	A		-1	3113.56759032	[1, 1, 1, 1, 1, 1, 1, 1, 1, 1, 1, 1]
	940072	823428	891493	11	M	40	A		-1	3113.63613871	[1, 1, 1, 1, 1, 1, 1, 1, 1, 1, 1, 1]
	1035584	926174	830505	12	M	148	A		-1	3113.71044372	[1, 1, 1, 1, 1, 1, 1, 1, 1, 1, 1, 1]
	1083213	927191	953287	12	M	57	A		-1	3113.91571946	[1, 1, 1, 1, 1, 1, 1, 1, 1, 1, 1, 1]
	1051243	926418	948473	12	M	185	A		-1	3114.25764499	[1, 1, 1, 1, 1, 1, 1, 1, 1, 1, 1, 1]
	1041554	926239	829636	12	M	109	A		-1	3114.29775668	[1, 1, 1, 1, 1, 1, 1, 1, 1, 1, 1, 1]
	1044663	926239	963371	12	M	18	A		-1	3114.35978915	[1, 1, 1, 1, 1, 1, 1, 1, 1, 1, 1, 1]
	1087605	927355	986106	12	M	84	A		-1	3114.36109959	[1, 1, 1, 1, 1, 1, 1, 1, 1, 1, 1, 1]
	1033423	926012	957243	12	M	99	A		-1	3114.42542703	[1, 1, 1, 1, 1, 1, 1, 1, 1, 1, 1, 1]
	1087576	927355	982824	12	M	146	A		-1	3114.58975226	[1, 1, 1, 1, 1, 1, 1, 1, 1, 1, 1, 1]
	1086096	927355	959761	12	M	198	A		-1	3115.83750035	[1, 1, 1, 1, 1, 1, 1, 1, 1, 1, 1, 1]
	1056043	926483	940008	12	M	113	A		-1	3115.93028042	[1, 1, 1, 1, 1, 1, 1, 1, 1, 1, 1, 1]
	1006724	925651	898235	12	M	38	A		-1	3115.97440836	[1, 1, 1, 1, 1, 1, 1, 1, 1, 1, 1, 1]
	1030616	926012	957037	12	M	196	A		-1	3116.0066944	[1, 1, 1, 1, 1, 1, 1, 1, 1, 1, 1, 1]
	1018012	925971	866224	12	M	137	A		-1	3116.34751405	[1, 1, 0, 1, 1, 1, 1, 1, 1, 1, 1, 1]
	1008009	925651	986522	12	M	146	A		-1	3116.59756565	[1, 1, 1, 1, 1, 1, 1, 1, 1, 1, 1, 1]
	998952	994748	840280	12	M	196	A		-1	3116.70619835	[1, 1, 1, 1, 1, 1, 1, 1, 1, 1, 1, 1]
	1022804	925991	903158	12	M	114	A		-1	3116.72840351	[1, 1, 1, 1, 1, 1, 1, 1, 1, 1, 1, 1]
	1094226	927421	926150	12	M	170	A		-1	3116.85378788	[1, 1, 1, 1, 1, 1, 1, 1, 1, 1, 1, 1]
	1070154	926739	923496	12	M	134	A		-1	3116.96619132	[1, 1, 1, 1, 1, 1, 1, 1, 1, 1, 1, 1]
	974161	824564	809193	11	M	137	A		-1	3117.2478526	[1, 1, 1, 1, 1, 1, 1, 1, 1, 1, 1, 0]
	1050393	926418	962669	12	M	70	A		-1	3117.29576584	[1, 1, 1, 1, 1, 1, 1, 1, 1, 1, 1, 1]
	997035	994748	924966	12	M	184	A		-1	3117.5146999	[1, 1, 0, 1, 1, 1, 1, 1, 1, 1, 1, 1]
	1057211	926483	988877	12	M	194	A		-1	3117.60116006	[1, 1, 1, 1, 1, 1, 1, 1, 1, 1, 1, 1]
	1069393	926566	941288	12	M	102	A		-1	3118.12807256	[1, 1, 1, 1, 1, 1, 1, 1, 1, 1, 1, 1]
	1043132	926239	717305	12	M	74	A		-1	3118.21847926	[1, 1, 1, 1, 1, 1, 1, 1, 1, 1, 1, 1]
	1052447	926418	994662	12	M	112	A		-1	3118.97714726	[1, 1, 1, 1, 1, 1, 1, 1, 1, 1, 1, 1]
	1038892	926174	989279	12	M	73	A		-1	3119.20388127	[1, 1, 1, 1, 1, 1, 1, 1, 1, 1, 1, 1]
	1044745	926239	862473	12	M	7	A		-1	3119.30524585	[1, 1, 1, 1, 1, 1, 1, 1, 1, 1, 1, 1]
	1084183	927191	953737	12	M	63	A		-1	3120.48476874	[1, 1, 1, 1, 1, 1, 1, 1, 1, 1, 1, 1]
	1073814	926739	970124	12	M	4	A		-1	3120.63377578	[1, 1, 1, 1, 1, 1, 1, 1, 1, 1, 1, 1]
	965986	824306	844670	11	M	45	A		-1	3120.64272105	[1, 1, 1, 1, 1, 1, 1, 1, 1, 1, 1, 1]
	1083066	927191	991775	12	M	23	A		-1	3120.75156769	[1, 1, 1, 1, 1, 1, 1, 1, 1, 1, 1, 1]
	1050348	926418	952821	12	M	160	A		-1	3120.80402094	[1, 1, 1, 1, 1, 1, 1, 1, 1, 1, 1, 1]
	1077759	928576	992509	12	M	111	A		-1	3121.57951835	[1, 1, 1, 1, 1, 1, 1, 1, 1, 1, 1, 1]
	1031721	926012	955165	12	M	37	A		-1	3121.7265178	[1, 1, 1, 1, 1, 1, 1, 1, 1, 1, 1, 1]
	1022621	925991	954072	12	M	131	A		-1	3121.7282569	[1, 1, 1, 1, 1, 1, 1, 1, 1, 1, 1, 1]
	1009659	925651	923191	12	M	152	A		-1	3121.85757951	[1, 1, 1, 1, 1, 1, 1, 1, 1, 1, 1, 1]
	1085842	927355	917832	12	M	46	A		-1	3122.67444283	[1, 1, 1, 1, 1, 1, 1, 1, 1, 1, 1, 0]
	1079063	928576	947813	12	M	46	A		-1	3122.78037068	[1, 1, 1, 1, 1, 1, 1, 1, 1, 1, 1, 1]
	1058855	926483	931597	12	M	118	A		-1	3123.58311978	[1, 1, 1, 1, 1, 1, 1, 1, 1, 1, 1, 1]
	1052360	926418	962358	12	M	143	A		-1	3123.8612413	[1, 1, 1, 1, 1, 1, 1, 1, 1, 1, 1, 1]
	1093838	927421	964216	12	M	186	A		-1	3124.97048893	[1, 1, 1, 1, 1, 1, 1, 1, 1, 1, 1, 0]
	1052658	926418	925852	12	M	66	A		-1	3125.30343456	[1, 1, 1, 1, 1, 1, 1, 1, 1, 1, 1, 1]
	1057551	926483	983687	12	M	172	A		-1	3125.86270566	[1, 1, 1, 1, 1, 1, 1, 1, 1, 1, 1, 1]
	1094780	927421	988661	12	M	20	A		-1	3125.97570917	[1, 1, 1, 1, 1, 1, 1, 1, 1, 1, 1, 1]
	966835	824306	807115	11	M	26	A		-1	3126.49279248	[1, 1, 1, 1, 1, 1, 1, 1, 1, 1, 1, 1]
	1052016	926418	931002	12	M	175	A		-1	3126.54537632	[1, 1, 1, 1, 1, 1, 1, 1, 1, 1, 1, 1]
	1088055	927355	908680	12	M	67	A		-1	3126.77582832	[1, 1, 1, 1, 1, 1, 1, 1, 1, 1, 1, 1]
	1043933	926239	985410	12	M	6	A		-1	3126.80160021	[1, 1, 1, 1, 1, 1, 1, 1, 1, 1, 1, 1]
	1031013	926012	906825	12	M	48	A		-1	3126.85330754	[1, 1, 1, 0, 1, 1, 1, 1, 1, 1, 1, 1]
	1014470	925825	841829	12	M	20	A		-1	3127.37588027	[1, 1, 1, 1, 1, 1, 1, 1, 1, 1, 1, 1]
	1081494	927191	915712	12	M	192	A		-1	3127.42247743	[1, 1, 1, 1, 1, 1, 1, 1, 1, 1, 1, 1]
	965498	824306	815835	11	M	66	A		-1	3127.47925948	[1, 1, 1, 1, 1, 1, 1, 1, 1, 1, 1, 1]
	1001407	926719	904042	12	M	30	A		-1	3127.6879941	[1, 1, 1, 1, 1, 1, 1, 1, 1, 1, 1, 1]
	1071541	926739	916318	12	M	133	A		-1	3127.95822259	[1, 1, 1, 1, 1, 1, 1, 1, 1, 1, 1, 1]
	1028211	926004	798539	12	M	20	A		-1	3128.40386621	[1, 1, 1, 1, 1, 1, 1, 1, 1, 1, 1, 1]
	1045968	926341	870388	12	M	83	A		-1	3128.45272134	[1, 1, 1, 1, 1, 1, 1, 1, 1, 1, 1, 1]
	1046477	926341	898011	12	M	11	A		-1	3128.75926303	[1, 1, 1, 1, 1, 1, 1, 1, 1, 1, 1, 1]
	1045961	926341	903104	12	M	46	A		-1	3128.95116462	[1, 1, 1, 1, 1, 1, 1, 1, 1, 1, 1, 1]
	1049724	926341	962462	12	M	130	A		-1	3129.26772056	[1, 1, 1, 1, 1, 1, 1, 1, 1, 1, 1, 1]
	1043665	926239	820625	12	M	21	A		-1	3129.39306904	[1, 1, 1, 1, 1, 1, 1, 1, 1, 1, 1, 1]
	1042710	926239	986036	12	M	73	A		-1	3129.61519022	[1, 1, 1, 1, 1, 1, 1, 1, 1, 1, 1, 1]
	1057403	926483	931779	12	M	72	A		-1	3129.75104165	[1, 1, 1, 1, 1, 1, 1, 1, 1, 1, 1, 1]
	967890	824306	830223	11	M	135	A		-1	3129.76155299	[1, 1, 1, 1, 1, 1, 1, 1, 1, 1, 1, 1]
	1047590	926341	950954	12	M	173	A		-1	3129.81093104	[1, 1, 1, 1, 1, 1, 1, 1, 1, 1, 1, 1]
	1083047	927191	896595	12	M	2	A		-1	3129.83374964	[1, 1, 1, 1, 1, 1, 1, 1, 1, 1, 1, 1]
	1067850	926566	909254	12	M	43	A		-1	3129.94655322	[1, 1, 1, 1, 1, 1, 1, 1, 1, 1, 1, 1]
	956994	823820	894383	11	M	132	A		-1	3129.9668941	[1, 1, 1, 1, 1, 1, 1, 1, 1, 1, 1, 1]
	1082903	927191	934125	12	M	14	A		-1	3130.2282791	[1, 1, 1, 1, 1, 1, 1, 1, 1, 1, 1, 1]
	1071583	926739	921374	12	M	178	A		-1	3130.23399302	[1, 1, 1, 1, 1, 1, 1, 1, 1, 1, 1, 1]
	1042540	926239	843300	12	M	41	A		-1	3130.30036929	[1, 1, 1, 0, 1, 1, 1, 1, 1, 1, 1, 1]
	1093113	927421	704877	12	M	156	A		-1	3130.32788068	[1, 1, 1, 1, 1, 1, 1, 1, 1, 1, 1, 1]
	1051217	926418	871462	12	M	85	A		-1	3130.99480404	[1, 1, 1, 1, 1, 1, 1, 1, 1, 1, 1, 1]
	1026889	926004	772477	12	M	118	A		-1	3131.89166182	[1, 1, 1, 1, 1, 1, 1, 1, 1, 1, 1, 1]
	1052846	926418	849263	12	M	196	A		-1	3131.96479687	[1, 1, 1, 1, 1, 1, 1, 1, 1, 1, 1, 1]
	1051105	926418	914697	12	M	149	A		-1	3132.08161247	[1, 1, 1, 1, 1, 1, 1, 1, 1, 1, 1, 1]
	1046286	926341	908469	12	M	118	A		-1	3132.32090519	[1, 1, 1, 1, 1, 1, 1, 1, 1, 1, 1, 1]
	1086055	927355	932354	12	M	181	A		-1	3132.48569051	[1, 1, 1, 1, 1, 1, 1, 1, 1, 1, 1, 1]
	1013002	925825	976749	12	M	68	A		-1	3132.55831824	[1, 1, 1, 1, 1, 1, 1, 1, 1, 1, 1, 1]
	996592	994748	697480	12	M	65	A		-1	3134.26882773	[1, 1, 0, 1, 1, 1, 1, 1, 1, 1, 1, 1]
	1081529	927191	985354	12	M	167	A		-1	3134.90508743	[1, 1, 1, 1, 1, 1, 1, 1, 1, 1, 1, 1]
	1072081	926739	902139	12	M	101	A		-1	3135.04064617	[1, 1, 1, 1, 1, 1, 1, 1, 1, 1, 1, 1]
	1020001	925991	955086	12	M	99	A		-1	3135.17199155	[1, 1, 1, 1, 1, 1, 1, 1, 1, 1, 1, 1]
	1053979	926418	988024	12	M	147	A		-1	3135.34508108	[1, 1, 1, 1, 1, 1, 1, 1, 1, 1, 1, 1]
	1010884	925825	901704	12	M	156	A		-1	3135.5804761	[1, 1, 1, 1, 1, 1, 1, 1, 1, 1, 1, 1]
	1015582	925971	983470	12	M	7	A		-1	3136.73043231	[1, 1, 0, 1, 1, 1, 1, 1, 1, 1, 1, 1]
	966258	824306	827602	11	M	32	A		-1	3136.8339223	[1, 1, 1, 1, 1, 1, 1, 1, 1, 1, 1, 1]
	1086497	927355	926550	12	M	198	A		-1	3136.90370865	[1, 1, 1, 1, 1, 1, 1, 1, 1, 1, 1, 1]
	1028591	926004	930343	12	M	10	A		-1	3137.07333942	[1, 1, 1, 1, 1, 1, 1, 1, 1, 1, 1, 1]
	1067165	926566	949797	12	M	172	A		-1	3137.17416876	[1, 1, 1, 1, 1, 1, 1, 1, 1, 1, 1, 1]
	1002295	926719	866944	12	M	158	A		-1	3137.55634749	[1, 1, 1, 1, 1, 1, 1, 1, 1, 1, 1, 1]
	1019007	925971	830671	12	M	151	A		-1	3137.90634471	[1, 1, 1, 1, 1, 1, 1, 1, 1, 1, 1, 1]
	1047322	926341	944761	12	M	127	A		-1	3138.02241823	[1, 1, 1, 1, 1, 1, 1, 1, 1, 1, 1, 1]
	998936	994748	910160	12	M	176	A		-1	3138.24659374	[1, 1, 0, 1, 1, 1, 1, 1, 1, 1, 1, 1]
	1052354	926418	975240	12	M	194	A		-1	3138.25313368	[1, 0, 1, 1, 1, 1, 1, 1, 1, 1, 1, 1]
	1069991	926739	802281	12	M	0	A		-1	3139.05477232	[1, 1, 1, 1, 1, 1, 1, 1, 1, 1, 1, 1]
	1018312	925971	815022	12	M	61	A		-1	3139.40003802	[1, 1, 0, 1, 1, 1, 1, 1, 1, 1, 1, 1]
	1005701	925651	862824	12	M	2	A		-1	3140.07544796	[1, 1, 1, 1, 1, 1, 1, 1, 1, 1, 1, 1]
	1018731	925971	557289	12	M	138	A		-1	3140.13003196	[1, 1, 0, 1, 1, 1, 1, 1, 1, 1, 1, 1]
	1049233	926341	789025	12	M	84	A		-1	3140.67052116	[1, 1, 1, 1, 1, 1, 1, 1, 1, 1, 1, 1]
	1053264	926418	916406	12	M	139	A		-1	3140.80181204	[1, 1, 1, 1, 1, 1, 1, 1, 1, 1, 1, 1]
	1054473	926418	946891	12	M	156	A		-1	3141.04391302	[1, 1, 1, 1, 1, 1, 1, 1, 1, 1, 1, 1]
	1028205	926004	915391	12	M	139	A		-1	3141.21917424	[1, 1, 1, 1, 1, 1, 1, 1, 1, 1, 1, 1]
	1061612	926486	931190	12	M	80	A		-1	3141.49575438	[1, 1, 1, 1, 1, 1, 1, 1, 1, 1, 1, 1]
	1032259	926012	993184	12	M	103	A		-1	3141.70173765	[1, 1, 1, 1, 1, 1, 1, 1, 1, 1, 1, 1]
	1009403	925651	839477	12	M	96	A		-1	3142.10054217	[1, 1, 1, 1, 1, 1, 1, 1, 1, 1, 1, 1]
	1010948	925825	901927	12	M	44	A		-1	3142.25539493	[1, 1, 1, 1, 1, 1, 1, 1, 1, 1, 1, 1]
	999118	994748	937292	12	M	90	A		-1	3142.46098094	[1, 1, 1, 1, 1, 1, 1, 1, 1, 1, 1, 1]
	1039678	926174	976710	12	M	171	A		-1	3142.53596779	[1, 1, 1, 1, 1, 1, 1, 1, 1, 1, 1, 1]
	1026661	926004	977348	12	M	18	A		-1	3142.67404435	[1, 1, 1, 1, 1, 1, 1, 1, 1, 1, 1, 1]
	960528	824298	870917	11	M	148	A		-1	3142.70420145	[1, 1, 1, 1, 1, 1, 1, 1, 1, 1, 1, 1]
	959722	823820	772222	11	M	160	A		-1	3142.8368449	[1, 1, 1, 1, 1, 1, 1, 1, 1, 1, 1, 1]
	1076949	928576	984156	12	M	108	A		-1	3142.99433531	[1, 1, 1, 1, 1, 1, 1, 1, 1, 1, 1, 1]
	947809	823593	826972	11	M	34	A		-1	3143.03034675	[1, 1, 1, 1, 1, 1, 1, 1, 1, 1, 1, 1]
	1044659	926239	936583	12	M	98	A		-1	3143.46336183	[1, 1, 1, 1, 1, 1, 1, 1, 1, 1, 1, 1]
	1051529	926418	861449	12	M	46	A		-1	3143.71006479	[1, 1, 1, 1, 1, 1, 1, 1, 1, 1, 1, 1]
	1034686	926012	823880	12	M	107	A		-1	3143.91062285	[1, 1, 1, 1, 1, 1, 1, 1, 1, 1, 1, 1]
	1032386	926012	795180	12	M	31	A		-1	3144.52683791	[1, 1, 1, 1, 1, 1, 1, 1, 1, 1, 1, 1]
	1070127	926739	945756	12	M	1	A		-1	3144.99583849	[1, 1, 1, 1, 1, 1, 1, 1, 1, 1, 1, 1]
	1082624	927191	905618	12	M	134	A		-1	3145.51632023	[1, 1, 1, 1, 1, 1, 1, 1, 1, 1, 1, 1]
	1083849	927191	768030	12	M	84	A		-1	3145.60526024	[1, 0, 1, 1, 1, 1, 1, 1, 1, 1, 1, 1]
	1050143	926418	920291	12	M	185	A		-1	3145.88679085	[1, 1, 1, 1, 1, 1, 1, 1, 1, 1, 1, 1]
	1015031	925971	950812	12	M	79	A		-1	3145.95594178	[1, 1, 0, 1, 1, 1, 1, 1, 1, 1, 1, 1]
	1040075	926239	818037	12	M	184	A		-1	3146.38514356	[1, 1, 1, 1, 1, 1, 1, 1, 1, 1, 1, 0]
	1031369	926012	993433	12	M	21	A		-1	3146.62277798	[1, 1, 1, 1, 1, 1, 1, 1, 1, 1, 1, 1]
	1033677	926012	972158	12	M	76	A		-1	3146.82807037	[1, 1, 1, 1, 1, 1, 1, 1, 1, 1, 1, 1]
	1009338	925651	873156	12	M	20	A		-1	3147.42679346	[1, 1, 1, 1, 1, 1, 1, 1, 1, 1, 1, 1]
	1018992	925971	817614	12	M	124	A		-1	3147.4509856	[1, 1, 1, 1, 1, 1, 1, 1, 1, 1, 1, 1]
	1042413	926239	939646	12	M	132	A		-1	3147.53210665	[1, 1, 1, 1, 1, 1, 1, 1, 1, 1, 1, 1]
	1049476	926341	915696	12	M	27	A		-1	3148.17875854	[1, 1, 1, 1, 1, 1, 1, 1, 1, 1, 1, 1]
	1091920	927421	924590	12	M	102	A		-1	3148.26251584	[1, 1, 1, 1, 1, 1, 1, 1, 1, 1, 1, 1]
	1020391	925991	972025	12	M	151	A		-1	3148.37809699	[1, 1, 1, 1, 1, 1, 1, 1, 1, 1, 1, 1]
	1049541	926341	967412	12	M	72	A		-1	3148.88711055	[1, 1, 1, 1, 1, 1, 1, 1, 1, 1, 1, 1]
	1007018	925651	958162	12	M	159	A		-1	3149.07721843	[1, 1, 1, 1, 1, 1, 1, 1, 1, 1, 1, 1]
	1003388	926719	963926	12	M	141	A		-1	3149.11377925	[1, 1, 0, 1, 1, 1, 1, 1, 1, 1, 1, 1]
	1086236	927355	959913	12	M	124	A		-1	3150.03053541	[1, 1, 1, 1, 1, 1, 1, 1, 1, 1, 1, 1]
	1023283	925991	892144	12	M	33	A		-1	3150.30651658	[1, 1, 1, 1, 1, 1, 1, 1, 1, 1, 1, 1]
	995433	994748	981854	12	M	140	A		-1	3150.49916078	[1, 1, 1, 1, 1, 1, 1, 1, 1, 1, 1, 1]
	1079905	927191	910807	12	M	183	A		-1	3150.94866621	[1, 1, 1, 1, 1, 1, 1, 1, 1, 1, 1, 1]
	1029579	926004	965930	12	M	126	A		-1	3151.17406029	[1, 1, 1, 1, 1, 1, 1, 1, 1, 1, 1, 1]
	1016354	925971	984777	12	M	72	A		-1	3151.54931563	[1, 1, 1, 1, 1, 1, 1, 1, 1, 1, 1, 1]
	1036917	926174	685188	12	M	164	A		-1	3151.55189165	[1, 1, 1, 1, 1, 1, 1, 1, 1, 1, 1, 1]
	1083422	927191	981666	12	M	28	A		-1	3151.72787731	[1, 1, 1, 1, 1, 1, 1, 1, 1, 1, 1, 1]
	1039609	926174	893307	12	M	149	A		-1	3152.0728402	[1, 1, 1, 1, 1, 1, 1, 1, 1, 1, 1, 1]
	940802	823428	750624	11	M	128	A		-1	3152.2026846	[1, 1, 1, 1, 1, 1, 1, 1, 1, 1, 1, 1]
	1093355	927421	918334	12	M	40	A		-1	3152.36061401	[1, 1, 1, 1, 1, 1, 1, 1, 1, 1, 1, 1]
	1044853	926341	946252	12	M	161	A		-1	3152.98835537	[1, 1, 1, 1, 1, 1, 1, 1, 1, 1, 1, 1]
	1089444	927355	942402	12	M	80	A		-1	3153.4760349	[1, 1, 1, 1, 1, 1, 1, 1, 1, 1, 1, 1]
	1051994	926418	950556	12	M	92	A		-1	3153.7676581	[1, 1, 1, 1, 1, 1, 1, 1, 1, 1, 1, 1]
	1082471	927191	923568	12	M	14	A		-1	3153.90209891	[1, 1, 1, 1, 1, 1, 1, 1, 1, 1, 1, 1]
	1027805	926004	899089	12	M	150	A		-1	3154.15176653	[1, 1, 1, 1, 1, 1, 1, 1, 1, 1, 1, 1]
	1047434	926341	949868	12	M	172	A		-1	3154.25350465	[1, 1, 1, 1, 1, 1, 1, 1, 1, 1, 1, 1]
	1080962	927191	950366	12	M	151	A		-1	3154.43147794	[1, 1, 1, 1, 1, 1, 1, 1, 1, 1, 1, 1]
	1052811	926418	893721	12	M	59	A		-1	3155.50094386	[1, 1, 1, 1, 1, 1, 1, 1, 1, 1, 1, 1]
	1041464	926239	958400	12	M	62	A		-1	3155.51712163	[1, 1, 1, 1, 1, 1, 1, 1, 1, 1, 1, 1]
	1035003	926174	937944	12	M	96	A		-1	3155.80938367	[1, 1, 1, 1, 1, 1, 1, 1, 1, 1, 1, 1]
	1050881	926418	944103	12	M	153	A		-1	3156.09663106	[1, 1, 1, 1, 1, 1, 1, 1, 1, 1, 1, 1]
	1008140	925651	939381	12	M	59	A		-1	3156.19863378	[1, 1, 1, 1, 1, 1, 1, 1, 1, 1, 1, 1]
	1032705	926012	971221	12	M	125	A		-1	3156.49664016	[1, 1, 1, 1, 1, 1, 1, 1, 1, 1, 1, 1]
	1017377	925971	930460	12	M	117	A		-1	3157.09851666	[1, 1, 0, 1, 1, 1, 1, 1, 1, 1, 1, 1]
	1039448	926174	935038	12	M	34	A		-1	3157.6054378	[1, 1, 1, 1, 1, 1, 1, 1, 1, 1, 1, 1]
	1085831	927355	933158	12	M	131	A		-1	3157.96914201	[1, 1, 1, 1, 1, 1, 1, 1, 1, 1, 1, 1]
	1037967	926174	910315	12	M	34	A		-1	3158.01027673	[1, 1, 1, 1, 1, 1, 1, 1, 1, 1, 1, 1]
	1051723	926418	817368	12	M	65	A		-1	3158.34116761	[1, 1, 1, 1, 1, 1, 1, 1, 1, 1, 1, 1]
	1004045	926719	907772	12	M	16	A		-1	3158.67415238	[1, 1, 0, 1, 1, 1, 1, 1, 1, 1, 1, 1]
	1065104	926566	841646	12	M	12	A		-1	3158.85818365	[1, 1, 1, 0, 1, 1, 1, 1, 1, 1, 1, 1]
	1057275	926483	890428	12	M	199	A		-1	3158.90677914	[1, 1, 1, 1, 1, 1, 1, 1, 1, 1, 1, 1]
	1049999	926418	970768	12	M	72	A		-1	3159.14743527	[1, 1, 1, 1, 1, 1, 1, 1, 1, 1, 1, 1]
	1029389	926004	949400	12	M	94	A		-1	3159.24366129	[1, 1, 1, 1, 1, 1, 1, 1, 1, 1, 1, 1]
	1019575	925971	941269	12	M	117	A		-1	3159.35068355	[1, 1, 0, 1, 1, 1, 1, 1, 1, 1, 1, 1]
	1084033	927191	926645	12	M	93	A		-1	3159.85928118	[1, 1, 1, 1, 1, 1, 1, 1, 1, 1, 1, 1]
	1004486	926719	934852	12	M	99	A		-1	3160.01333049	[1, 1, 1, 1, 1, 1, 1, 1, 1, 1, 1, 1]
	1026260	926004	886820	12	M	164	A		-1	3160.04624719	[1, 1, 1, 1, 1, 1, 1, 1, 1, 1, 1, 0]
	1019344	925971	934748	12	M	66	A		-1	3160.08899271	[1, 1, 0, 1, 1, 1, 1, 1, 1, 1, 1, 1]
	1040628	926239	992994	12	M	177	A		-1	3160.08929692	[1, 1, 1, 1, 1, 1, 1, 1, 1, 1, 1, 1]
	1053846	926418	855871	12	M	47	A		-1	3160.51548702	[1, 1, 1, 1, 1, 1, 1, 1, 1, 1, 1, 1]
	1026631	926004	960588	12	M	47	A		-1	3160.67647866	[1, 1, 1, 1, 1, 1, 1, 1, 1, 1, 1, 1]
	1050949	926418	926104	12	M	25	A		-1	3160.97193886	[1, 1, 1, 1, 1, 1, 1, 1, 1, 1, 1, 1]
	1044318	926239	971654	12	M	153	A		-1	3161.22723584	[1, 1, 1, 1, 1, 1, 1, 1, 1, 1, 1, 1]
	1058232	926483	960615	12	M	153	A		-1	3161.3605435	[1, 1, 1, 1, 1, 1, 1, 1, 1, 1, 1, 1]
	922080	822761	872314	11	M	81	A		-1	3161.38206892	[1, 1, 1, 1, 1, 1, 1, 1, 1, 1, 1, 1]
	903344	824415	796908	11	M	13	A		-1	3161.50850297	[1, 1, 1, 1, 1, 1, 1, 1, 1, 1, 1, 1]
	1054725	926418	902035	12	M	124	A		-1	3161.88947688	[1, 1, 1, 1, 1, 1, 1, 1, 1, 1, 1, 1]
	995749	994748	818999	12	M	93	A		-1	3162.01991479	[1, 1, 0, 1, 1, 1, 1, 1, 1, 1, 1, 1]
	1019961	925991	968140	12	M	17	A		-1	3162.30248242	[1, 1, 1, 1, 1, 1, 1, 1, 1, 1, 1, 1]
	1003617	926719	731296	12	M	100	A		-1	3162.33263758	[1, 1, 1, 1, 1, 1, 1, 1, 1, 1, 1, 0]
	926239	823043	706722	11	M	71	A		-1	3162.33668663	[1, 1, 1, 1, 1, 1, 1, 1, 1, 1, 1, 1]
	1079682	928576	914892	12	M	161	A		-1	3162.63289783	[1, 1, 1, 1, 1, 1, 1, 1, 1, 1, 1, 1]
	1042207	926239	923352	12	M	24	A		-1	3163.284898	[1, 1, 1, 1, 1, 1, 1, 1, 1, 1, 1, 1]
	1031278	926012	886814	12	M	166	A		-1	3163.36066763	[1, 1, 1, 1, 1, 1, 1, 1, 1, 1, 1, 1]
	1008087	925651	904266	12	M	50	A		-1	3163.55385053	[1, 1, 1, 1, 1, 1, 1, 1, 1, 1, 1, 0]
	1089045	927355	958265	12	M	119	A		-1	3163.76031836	[1, 1, 1, 1, 1, 1, 1, 1, 1, 1, 1, 1]
	997877	994748	993381	12	M	104	A		-1	3163.96058275	[1, 1, 0, 1, 1, 1, 1, 1, 1, 1, 1, 1]
	913046	822643	818906	11	M	136	A		-1	3164.46593851	[1, 1, 1, 1, 1, 1, 1, 1, 1, 1, 1, 1]
	1080514	927191	923686	12	M	147	A		-1	3164.66292626	[1, 1, 1, 1, 1, 1, 1, 1, 1, 1, 1, 1]
	1007070	925651	918341	12	M	5	A		-1	3166.55196389	[1, 1, 1, 1, 1, 1, 1, 1, 1, 1, 1, 1]
	1084486	927191	907130	12	M	81	A		-1	3167.06132539	[1, 1, 1, 1, 1, 1, 1, 1, 1, 1, 1, 1]
	1059066	926483	934754	12	M	68	A		-1	3167.11504413	[1, 1, 1, 1, 1, 1, 1, 1, 1, 1, 1, 1]
	1075909	928576	902413	12	M	183	A		-1	3167.41842971	[1, 1, 1, 1, 1, 1, 1, 1, 1, 1, 1, 1]
	1031959	926012	886991	12	M	112	A		-1	3167.48688727	[1, 1, 1, 1, 1, 1, 1, 1, 1, 1, 1, 1]
	1073974	926739	843888	12	M	183	A		-1	3167.74995454	[1, 1, 1, 1, 1, 1, 1, 1, 1, 1, 1, 1]
	1018400	925971	895387	12	M	186	A		-1	3169.11285869	[1, 1, 1, 1, 1, 1, 1, 1, 1, 1, 1, 1]
	1085981	927355	927846	12	M	177	A		-1	3169.16665106	[1, 1, 1, 1, 1, 1, 1, 1, 1, 1, 1, 1]
	1028369	926004	960224	12	M	58	A		-1	3169.54071822	[1, 1, 1, 1, 1, 1, 1, 1, 1, 1, 1, 1]
	1050413	926418	994386	12	M	81	A		-1	3169.64708642	[1, 1, 1, 1, 1, 1, 1, 1, 1, 1, 1, 1]
	1040209	926239	877176	12	M	129	A		-1	3170.0490984	[1, 1, 1, 1, 1, 1, 1, 1, 1, 1, 1, 1]
	1016811	925971	952318	12	M	110	A		-1	3170.37553939	[1, 0, 0, 1, 1, 1, 1, 1, 1, 1, 1, 1]
	1015908	925971	915036	12	M	38	A		-1	3171.52818132	[1, 1, 1, 1, 1, 1, 1, 1, 1, 1, 1, 1]
	1080355	927191	981447	12	M	1	A		-1	3171.69277834	[1, 1, 1, 1, 1, 1, 1, 1, 1, 1, 1, 1]
	1038515	926174	883558	12	M	55	A		-1	3171.9282557	[1, 1, 1, 1, 1, 1, 1, 1, 1, 1, 1, 1]
	1031798	926012	891904	12	M	120	A		-1	3171.94618366	[1, 1, 1, 1, 1, 1, 1, 1, 1, 1, 1, 1]
	1036378	926174	811986	12	M	23	A		-1	3172.33678987	[1, 1, 1, 1, 1, 1, 1, 1, 1, 1, 1, 1]
	1002820	926719	828732	12	M	196	A		-1	3172.68533102	[1, 1, 1, 1, 1, 1, 1, 1, 1, 1, 1, 1]
	1040133	926239	848868	12	M	123	A		-1	3172.69694377	[1, 1, 1, 1, 1, 1, 1, 1, 1, 1, 1, 1]
	1049381	926341	930757	12	M	135	A		-1	3172.7789591	[1, 1, 1, 1, 1, 1, 1, 1, 1, 1, 1, 1]
	1043579	926239	865525	12	M	68	A		-1	3173.24919629	[1, 1, 1, 1, 1, 1, 1, 1, 1, 1, 1, 1]
	1053027	926418	833335	12	M	137	A		-1	3173.49818155	[1, 1, 1, 1, 1, 1, 1, 1, 1, 1, 1, 1]
	853240	722700	755983	10	M	50	A		-1	3173.56027377	[1, 1, 1, 1, 1, 1, 1, 1, 1, 1, 1, 1]
	933532	823110	883790	11	M	91	A		-1	3173.81152603	[1, 1, 1, 1, 1, 1, 1, 1, 1, 1, 1, 1]
	1057994	926483	967691	12	M	26	A		-1	3174.33742454	[1, 1, 1, 1, 1, 1, 1, 1, 1, 1, 1, 1]
	1030251	926012	827382	12	M	74	A		-1	3175.19091082	[1, 1, 1, 1, 1, 1, 1, 1, 1, 1, 1, 1]
	1030830	926012	940698	12	M	68	A		-1	3175.19269521	[1, 1, 1, 1, 1, 1, 1, 1, 1, 1, 1, 1]
	1056380	926483	881367	12	M	194	A		-1	3175.3493952	[1, 1, 1, 1, 1, 1, 1, 1, 1, 1, 1, 1]
	1083497	927191	927900	12	M	99	A		-1	3175.42371622	[1, 1, 1, 1, 1, 1, 1, 1, 1, 1, 1, 1]
	1059005	926483	934643	12	M	12	A		-1	3175.55435897	[1, 1, 1, 1, 1, 1, 1, 1, 1, 1, 1, 1]
	1050625	926418	955924	12	M	37	A		-1	3176.33784744	[1, 1, 1, 1, 1, 1, 1, 1, 1, 1, 1, 1]
	1019134	925971	961537	12	M	139	A		-1	3177.35435382	[1, 1, 1, 1, 1, 1, 1, 1, 1, 1, 1, 1]
	1045262	926341	914973	12	M	20	A		-1	3178.39881229	[1, 1, 1, 1, 1, 1, 1, 1, 1, 1, 1, 1]
	1070639	926739	908137	12	M	154	A		-1	3178.57696429	[1, 1, 1, 1, 1, 1, 1, 1, 1, 1, 1, 1]
	1050644	926418	842431	12	M	116	A		-1	3178.63783096	[1, 1, 1, 1, 1, 1, 1, 1, 1, 1, 1, 1]
	1068943	926566	913583	12	M	158	A		-1	3178.74459195	[1, 1, 1, 1, 1, 1, 1, 1, 1, 1, 1, 1]
	1067270	926566	942205	12	M	133	A		-1	3179.80467137	[1, 1, 1, 1, 1, 1, 1, 1, 1, 1, 1, 1]
	1045786	926341	930354	12	M	15	A		-1	3180.04580044	[1, 1, 1, 1, 1, 1, 1, 0, 1, 1, 1, 1]
	1078823	928576	933554	12	M	93	A		-1	3180.21668439	[1, 1, 1, 1, 1, 1, 1, 1, 1, 1, 1, 1]
	1044494	926239	950361	12	M	121	A		-1	3180.35636665	[1, 1, 1, 1, 1, 1, 1, 1, 1, 1, 1, 1]
	1052795	926418	946964	12	M	143	A		-1	3180.92911782	[1, 1, 1, 1, 1, 1, 1, 1, 1, 1, 1, 1]
	1012957	925825	846866	12	M	156	A		-1	3181.92277779	[1, 1, 1, 1, 1, 1, 1, 1, 1, 1, 1, 1]
	1052769	926418	815019	12	M	153	A		-1	3183.26230594	[1, 0, 1, 1, 1, 1, 1, 1, 1, 1, 1, 1]
	1083679	927191	985576	12	M	59	A		-1	3183.35725716	[1, 1, 1, 1, 1, 1, 1, 1, 1, 1, 1, 1]
	1018277	925971	915895	12	M	177	A		-1	3183.41515937	[1, 1, 1, 1, 1, 1, 1, 1, 1, 1, 1, 1]
	1080409	927191	882666	12	M	197	A		-1	3184.29684466	[1, 1, 1, 1, 1, 1, 1, 1, 1, 1, 1, 1]
	1053809	926418	957978	12	M	69	A		-1	3184.56793682	[1, 1, 1, 1, 1, 1, 1, 1, 1, 1, 1, 1]
	1050039	926418	841635	12	M	163	A		-1	3185.05134464	[1, 1, 1, 1, 1, 1, 1, 1, 1, 1, 1, 1]
	1050985	926418	827625	12	M	184	A		-1	3185.44189057	[1, 1, 1, 1, 1, 1, 1, 1, 1, 1, 1, 1]
	1031837	926012	895464	12	M	125	A		-1	3185.95657161	[1, 1, 1, 1, 1, 1, 1, 1, 1, 1, 1, 1]
	932752	823110	827669	11	M	101	A		-1	3186.11877857	[1, 1, 1, 1, 1, 1, 1, 1, 1, 1, 1, 1]
	1040205	926239	986806	12	M	130	A		-1	3186.58599274	[1, 1, 1, 1, 1, 1, 1, 1, 1, 1, 1, 1]
	1046078	926341	896945	12	M	140	A		-1	3186.91561816	[1, 1, 1, 1, 1, 1, 1, 1, 1, 1, 1, 1]
	1066329	926566	974893	12	M	66	A		-1	3186.99305541	[1, 1, 1, 1, 1, 1, 1, 1, 1, 1, 1, 1]
	994863	994748	964560	12	M	69	A		-1	3187.47490888	[1, 1, 1, 1, 1, 1, 1, 1, 1, 1, 1, 1]
	1020805	925991	977187	12	M	97	A		-1	3188.20864662	[1, 1, 1, 1, 1, 1, 1, 1, 1, 1, 1, 1]
	1017030	925971	957331	12	M	30	A		-1	3188.4438611	[1, 1, 1, 1, 1, 1, 1, 1, 1, 1, 1, 1]
	1006845	925651	946601	12	M	86	A		-1	3188.70282554	[1, 1, 1, 1, 1, 1, 1, 1, 1, 1, 1, 1]
	1009941	925825	979341	12	M	171	A		-1	3189.30044385	[1, 1, 1, 1, 1, 1, 1, 1, 1, 1, 1, 1]
	1040367	926239	933268	12	M	112	A		-1	3190.34294216	[1, 1, 1, 1, 1, 1, 1, 1, 1, 1, 1, 1]
	1015405	925971	953323	12	M	161	A		-1	3190.49169407	[1, 1, 0, 1, 1, 1, 1, 1, 1, 1, 1, 1]
	1005459	925651	897315	12	M	4	A		-1	3190.72591282	[1, 1, 1, 1, 1, 1, 1, 1, 1, 1, 1, 1]
	1028126	926004	984038	12	M	75	A		-1	3191.03677269	[1, 1, 1, 1, 1, 1, 1, 1, 1, 1, 1, 1]
	1062542	926486	987133	12	M	88	A		-1	3191.13488466	[1, 1, 1, 1, 1, 0, 1, 1, 1, 1, 1, 1]
	1041607	926239	896512	12	M	190	A		-1	3191.16321417	[1, 1, 0, 1, 1, 1, 1, 1, 1, 1, 1, 1]
	1033892	926012	927130	12	M	34	A		-1	3191.56011569	[1, 1, 1, 1, 1, 1, 1, 1, 1, 1, 1, 1]
	930887	823110	833938	11	M	195	A		-1	3192.09549425	[1, 1, 1, 1, 1, 1, 1, 1, 1, 1, 1, 1]
	1054386	926418	898773	12	M	10	A		-1	3193.14434233	[1, 1, 1, 1, 1, 1, 1, 1, 1, 1, 1, 1]
	944751	823428	839274	11	M	166	A		-1	3193.32053745	[1, 1, 1, 1, 1, 1, 1, 1, 1, 1, 1, 1]
	1058002	926483	915202	12	M	126	A		-1	3193.57382565	[1, 1, 1, 1, 1, 1, 1, 1, 1, 1, 1, 1]
	1052261	926418	828772	12	M	53	A		-1	3194.12153806	[1, 1, 1, 1, 1, 1, 1, 1, 1, 1, 1, 1]
	1029289	926004	863288	12	M	181	A		-1	3194.14592748	[1, 1, 1, 1, 1, 1, 1, 1, 1, 1, 1, 1]
	1050104	926418	955824	12	M	139	A		-1	3194.26257791	[1, 1, 1, 1, 1, 1, 1, 1, 1, 1, 1, 1]
	1048812	926341	688722	12	M	2	A		-1	3195.51094719	[1, 1, 1, 1, 1, 1, 1, 1, 1, 1, 1, 1]
	1050779	926418	919904	12	M	80	A		-1	3196.14295584	[1, 1, 1, 1, 1, 1, 1, 1, 1, 1, 1, 1]
	1032253	926012	909296	12	M	0	A		-1	3196.69781561	[1, 1, 1, 1, 1, 1, 1, 1, 1, 1, 1, 1]
	1040924	926239	945452	12	M	94	A		-1	3197.53904096	[1, 1, 1, 1, 1, 1, 1, 1, 1, 1, 1, 1]
	1050019	926418	859784	12	M	45	A		-1	3197.78908001	[1, 1, 1, 1, 1, 1, 1, 1, 1, 1, 1, 1]
	1083822	927191	934791	12	M	141	A		-1	3197.90262345	[1, 1, 1, 1, 1, 1, 1, 1, 1, 1, 1, 1]
	1046659	926341	956923	12	M	68	A		-1	3198.70848758	[1, 1, 1, 1, 1, 1, 1, 1, 1, 1, 1, 1]
	980994	824729	838625	11	M	183	A		-1	3199.53181233	[1, 1, 1, 1, 1, 1, 1, 1, 1, 1, 1, 1]
	1058731	926483	913061	12	M	110	A		-1	3200.13548498	[1, 1, 1, 1, 1, 1, 1, 1, 1, 1, 1, 1]
	1059698	926483	944680	12	M	118	A		-1	3200.13923896	[1, 1, 1, 1, 1, 1, 1, 1, 1, 1, 1, 1]
	1049786	926418	980611	12	M	9	A		-1	3200.2665622	[1, 1, 1, 1, 1, 1, 1, 1, 1, 1, 1, 1]
	1044267	926239	908017	12	M	70	A		-1	3200.93245004	[1, 1, 1, 1, 1, 1, 1, 1, 1, 1, 1, 1]
	977710	826615	882771	11	M	111	A		-1	3201.32856833	[1, 1, 1, 1, 1, 1, 1, 1, 1, 1, 1, 1]
	1019729	925971	804947	12	M	46	A		-1	3201.45414815	[1, 1, 1, 1, 1, 1, 1, 1, 1, 1, 1, 1]
	1030908	926012	951360	12	M	178	A		-1	3201.4786027	[1, 1, 1, 1, 1, 1, 1, 1, 1, 1, 1, 1]
	1052093	926418	943074	12	M	50	A		-1	3202.14735996	[1, 1, 1, 1, 1, 1, 1, 1, 1, 1, 1, 1]
	1043492	926239	837431	12	M	9	A		-1	3202.51038969	[1, 1, 1, 1, 1, 1, 1, 1, 1, 1, 1, 1]
	1031262	926012	691812	12	M	146	A		-1	3205.49854109	[1, 1, 1, 1, 1, 1, 1, 1, 1, 1, 1, 1]
	1077401	928576	959802	12	M	134	A		-1	3206.34223414	[1, 1, 1, 1, 1, 1, 1, 1, 1, 1, 1, 1]
	1016518	925971	943215	12	M	90	A		-1	3206.49607105	[1, 1, 1, 1, 1, 1, 1, 1, 1, 1, 1, 1]
	1042947	926239	980475	12	M	53	A		-1	3207.96541219	[1, 1, 1, 0, 1, 1, 1, 1, 1, 1, 1, 1]
	998920	994748	955394	12	M	197	A		-1	3208.53589194	[1, 1, 1, 1, 1, 1, 1, 1, 1, 1, 1, 1]
	1070556	926739	967384	12	M	153	A		-1	3208.93840358	[1, 1, 1, 1, 1, 1, 1, 1, 1, 1, 1, 1]
	1058099	926483	925804	12	M	32	A		-1	3209.15680562	[1, 1, 1, 1, 1, 1, 1, 1, 1, 1, 1, 1]
	1043737	926239	945928	12	M	140	A		-1	3210.11489733	[1, 1, 1, 1, 1, 1, 1, 1, 1, 1, 1, 1]
	1001197	926719	982640	12	M	124	A		-1	3212.98280102	[1, 1, 0, 1, 1, 1, 1, 1, 1, 1, 1, 1]
	1028763	926004	776222	12	M	107	A		-1	3214.68152944	[1, 1, 1, 1, 1, 1, 1, 1, 1, 1, 1, 1]
	1092959	927421	937062	12	M	103	A		-1	3214.84540261	[1, 1, 1, 1, 1, 1, 1, 1, 1, 1, 1, 1]
	1058970	926483	831649	12	M	172	A		-1	3214.90728219	[1, 1, 1, 1, 1, 1, 1, 1, 1, 1, 1, 1]
	1052639	926418	833145	12	M	22	A		-1	3216.43489745	[1, 1, 1, 1, 1, 1, 1, 1, 1, 1, 1, 1]
	1038446	926174	964806	12	M	82	A		-1	3216.54110557	[1, 1, 1, 1, 1, 1, 1, 1, 1, 1, 1, 1]
	1061349	926486	930045	12	M	182	A		-1	3216.97995247	[1, 1, 1, 1, 1, 1, 1, 1, 1, 1, 1, 1]
	1072922	926739	969396	12	M	27	A		-1	3217.78188248	[1, 1, 1, 1, 1, 1, 1, 1, 1, 1, 1, 1]
	1053967	926418	991537	12	M	44	A		-1	3217.9316929	[1, 1, 1, 1, 1, 1, 1, 1, 1, 1, 1, 1]
	1083090	927191	951651	12	M	77	A		-1	3218.09505514	[1, 1, 1, 1, 1, 1, 1, 1, 1, 1, 1, 1]
	1004645	926719	898169	12	M	17	A		-1	3218.79214299	[1, 1, 1, 1, 1, 1, 1, 1, 1, 1, 1, 1]
	1029784	926012	963126	12	M	97	A		-1	3221.2376359	[1, 1, 1, 1, 1, 1, 1, 1, 1, 1, 1, 1]
	1038316	926174	972368	12	M	166	A		-1	3221.41211556	[1, 1, 1, 1, 1, 1, 1, 1, 1, 1, 1, 0]
	1059289	926483	924540	12	M	103	A		-1	3223.89795711	[1, 1, 1, 1, 1, 1, 1, 1, 1, 1, 1, 1]
	1038128	926174	916584	12	M	152	A		-1	3224.3404849	[1, 1, 1, 1, 1, 1, 1, 1, 1, 1, 1, 1]
	1033836	926012	829454	12	M	35	A		-1	3225.77059389	[1, 1, 1, 1, 1, 1, 1, 1, 1, 1, 1, 0]
	1042796	926239	962131	12	M	198	A		-1	3227.4001811	[1, 1, 1, 0, 1, 1, 1, 1, 1, 1, 1, 1]
	1017344	925971	956545	12	M	176	A		-1	3228.73869362	[1, 1, 0, 1, 1, 1, 1, 1, 1, 1, 1, 1]
	1076676	928576	991444	12	M	52	A		-1	3229.08787838	[1, 1, 1, 1, 1, 1, 1, 1, 1, 1, 1, 1]
	1037250	926174	881747	12	M	89	A		-1	3229.83808353	[1, 1, 1, 0, 1, 1, 1, 1, 1, 1, 1, 1]
	1023082	925991	994107	12	M	123	A		-1	3230.00327735	[1, 1, 1, 1, 1, 1, 1, 1, 1, 1, 1, 1]
	1051947	926418	969632	12	M	151	A		-1	3230.13437144	[1, 1, 1, 1, 1, 1, 1, 1, 1, 1, 1, 1]
	1027661	926004	935636	12	M	189	A		-1	3231.30011207	[1, 1, 1, 1, 1, 1, 1, 1, 1, 1, 1, 1]
	1083168	927191	742725	12	M	120	A		-1	3231.69275034	[1, 0, 1, 1, 1, 1, 1, 1, 1, 1, 1, 1]
	1038187	926174	930609	12	M	149	A		-1	3233.33604394	[1, 1, 1, 1, 1, 1, 1, 1, 1, 1, 1, 1]
	1016522	925971	890400	12	M	87	A		-1	3233.52287611	[1, 1, 1, 1, 1, 1, 1, 1, 1, 1, 1, 1]
	1029107	926004	804875	12	M	17	A		-1	3234.62702541	[1, 1, 1, 1, 1, 1, 1, 1, 1, 1, 1, 1]
	1053002	926418	913643	12	M	157	A		-1	3234.8210596	[1, 1, 1, 1, 1, 1, 1, 1, 1, 1, 1, 1]
	1054086	926418	981380	12	M	5	A		-1	3235.97192936	[1, 1, 1, 1, 1, 1, 1, 1, 1, 1, 1, 1]
	1010779	925825	908860	12	M	45	A		-1	3236.08027355	[1, 1, 1, 0, 1, 1, 1, 1, 1, 1, 1, 1]
	1069515	926566	955055	12	M	147	A		-1	3238.48240651	[1, 1, 1, 1, 1, 1, 1, 1, 1, 1, 1, 1]
	1046943	926341	953437	12	M	108	A		-1	3240.05478142	[1, 1, 1, 1, 1, 1, 1, 1, 1, 1, 1, 1]
	1053356	926418	924395	12	M	113	A		-1	3240.46468812	[1, 1, 1, 1, 1, 1, 1, 1, 1, 1, 1, 1]
	1048251	926341	983390	12	M	92	A		-1	3241.49405086	[1, 1, 1, 1, 1, 1, 1, 1, 1, 1, 1, 1]
	1048448	926341	927299	12	M	19	A		-1	3246.26006568	[1, 1, 1, 1, 1, 1, 1, 1, 1, 1, 1, 1]
	1050085	926418	719465	12	M	80	A		-1	3246.69654841	[1, 1, 1, 1, 1, 1, 1, 1, 1, 1, 1, 1]
	1052563	926418	932072	12	M	58	A		-1	3246.83551264	[1, 1, 1, 1, 1, 1, 1, 1, 1, 1, 1, 1]
	1045208	926341	871262	12	M	39	A		-1	3246.93672111	[1, 1, 1, 1, 1, 1, 1, 1, 1, 1, 1, 1]
	1019455	925971	963735	12	M	69	A		-1	3247.02846717	[1, 1, 1, 1, 1, 1, 1, 1, 1, 1, 1, 1]
	1051978	926418	984576	12	M	130	A		-1	3247.92838499	[1, 1, 1, 1, 1, 1, 1, 1, 1, 1, 1, 1]
	1050269	926418	845583	12	M	171	A		-1	3248.01406334	[1, 1, 1, 1, 1, 1, 1, 1, 1, 1, 1, 1]
	1094409	927421	829250	12	M	77	A		-1	3248.18499018	[1, 1, 1, 1, 1, 1, 1, 1, 1, 1, 1, 1]
	1053070	926418	950291	12	M	157	A		-1	3248.91093993	[1, 1, 1, 1, 1, 1, 1, 1, 1, 1, 1, 1]
	1010354	925825	913697	12	M	26	A		-1	3249.07929955	[1, 1, 1, 1, 1, 1, 1, 1, 1, 1, 1, 1]
	1090740	927421	916162	12	M	27	A		-1	3249.86359589	[1, 1, 1, 1, 1, 1, 1, 1, 1, 1, 1, 1]
	1040215	926239	756239	12	M	37	A		-1	3250.47991483	[1, 1, 1, 1, 1, 1, 1, 1, 1, 1, 1, 1]
	962419	824298	813227	11	M	142	A		-1	3251.12679551	[1, 1, 1, 1, 1, 1, 1, 1, 1, 1, 1, 1]
	1053642	926418	971216	12	M	89	A		-1	3251.53980409	[1, 1, 1, 1, 1, 1, 1, 1, 1, 1, 1, 1]
	1009908	925825	957519	12	M	139	A		-1	3251.85204933	[1, 1, 1, 1, 1, 1, 1, 1, 1, 1, 1, 1]
	1041937	926239	863864	12	M	149	A		-1	3252.09285398	[1, 1, 1, 1, 1, 1, 1, 1, 1, 1, 1, 1]
	1045602	926341	912835	12	M	59	A		-1	3252.2755972	[1, 1, 1, 1, 1, 1, 1, 1, 1, 1, 1, 1]
	1066009	926566	872023	12	M	157	A		-1	3252.58478014	[1, 1, 1, 1, 1, 1, 1, 1, 1, 1, 1, 1]
	1051260	926418	937074	12	M	133	A		-1	3252.68586616	[1, 1, 1, 1, 1, 1, 1, 1, 1, 1, 1, 1]
	1027330	926004	853405	12	M	44	A		-1	3252.78162591	[1, 1, 1, 1, 1, 1, 1, 1, 1, 1, 1, 1]
	1024919	926004	892162	12	M	124	A		-1	3253.20082342	[1, 1, 1, 1, 1, 1, 1, 1, 1, 1, 1, 1]
	1027181	926004	890505	12	M	168	A		-1	3254.31008904	[1, 1, 1, 1, 1, 1, 1, 1, 1, 1, 1, 1]
	1040952	926239	951358	12	M	150	A		-1	3254.34682015	[1, 1, 1, 1, 1, 1, 1, 1, 1, 1, 1, 1]
	1050427	926418	930428	12	M	176	A		-1	3255.81168486	[1, 1, 1, 1, 1, 1, 1, 1, 1, 1, 1, 1]
	1016226	925971	991555	12	M	59	A		-1	3257.19951525	[1, 1, 0, 1, 1, 1, 1, 1, 1, 1, 1, 1]
	1093305	927421	930046	12	M	67	A		-1	3259.40322999	[1, 1, 1, 1, 1, 1, 1, 1, 1, 1, 1, 1]
	1052382	926418	959599	12	M	16	A		-1	3260.77801425	[1, 1, 1, 1, 1, 1, 1, 1, 1, 1, 1, 1]
	1000007	926719	987946	12	M	37	A		-1	3263.8739728	[1, 1, 1, 1, 1, 1, 1, 1, 1, 1, 1, 1]
	1063791	926486	961647	12	M	177	A		-1	3264.60736595	[1, 1, 1, 1, 1, 1, 1, 1, 1, 1, 1, 1]
	1065191	926566	853508	12	M	132	A		-1	3266.10349507	[1, 1, 1, 1, 1, 1, 1, 1, 1, 1, 1, 1]
	1007423	925651	835354	12	M	103	A		-1	3266.42610027	[1, 1, 1, 1, 1, 1, 1, 1, 1, 1, 1, 1]
	1094177	927421	959641	12	M	29	A		-1	3266.64574997	[1, 1, 1, 1, 1, 1, 1, 1, 1, 1, 1, 1]
	1043291	926239	901141	12	M	27	A		-1	3266.88861145	[1, 1, 1, 1, 1, 1, 1, 1, 1, 1, 1, 1]
	1038636	926174	925792	12	M	197	A		-1	3272.66456133	[1, 1, 1, 1, 1, 1, 1, 1, 1, 1, 1, 1]
	1009804	925825	935871	12	M	185	A		-1	3273.62636356	[1, 1, 1, 1, 1, 1, 1, 1, 1, 1, 1, 1]
	1039947	926239	991046	12	M	167	A		-1	3273.90705173	[1, 1, 1, 1, 1, 1, 1, 1, 1, 1, 1, 0]
	926418	823043	827824	11	M	155	A		-1	3274.06870371	[1, 1, 1, 1, 1, 1, 1, 1, 1, 1, 1, 1]
	1063554	926486	765583	12	M	133	A		-1	3275.58753125	[1, 1, 1, 1, 1, 1, 1, 1, 1, 1, 1, 1]
	1051694	926418	837369	12	M	180	A		-1	3277.13330867	[1, 1, 1, 1, 1, 1, 1, 1, 1, 1, 1, 1]
	1028325	926004	925006	12	M	131	A		-1	3277.95330033	[1, 1, 1, 1, 1, 1, 1, 1, 1, 1, 1, 1]
	964021	824298	884430	11	M	62	A		-1	3280.83761276	[1, 1, 1, 1, 1, 1, 1, 1, 1, 1, 1, 1]
	1032657	926012	959651	12	M	71	A		-1	3284.43373477	[1, 1, 1, 1, 1, 1, 1, 1, 1, 1, 1, 1]
	1015942	925971	870744	12	M	19	A		-1	3286.00780727	[1, 1, 0, 1, 1, 1, 1, 1, 1, 1, 1, 1]
	1053960	926418	924171	12	M	109	A		-1	3294.75262358	[1, 1, 1, 1, 1, 1, 1, 1, 1, 1, 1, 1]
	1052050	926418	887761	12	M	104	A		-1	3295.58372981	[1, 1, 1, 1, 1, 1, 1, 1, 1, 1, 1, 1]
	1051465	926418	981075	12	M	131	A		-1	3295.63924758	[1, 1, 1, 1, 1, 1, 1, 1, 1, 1, 1, 1]
	1044130	926239	907522	12	M	130	A		-1	3296.36135958	[1, 1, 1, 1, 1, 1, 1, 1, 1, 1, 1, 1]
	1016577	925971	970271	12	M	14	A		-1	3296.81608553	[1, 1, 0, 1, 1, 1, 1, 1, 1, 1, 1, 1]
	1050038	926418	919156	12	M	77	A		-1	3299.41686704	[1, 1, 1, 1, 1, 1, 1, 1, 1, 1, 1, 1]
	1034299	926012	993364	12	M	5	A		-1	3303.95063306	[1, 1, 1, 1, 1, 1, 1, 1, 1, 1, 1, 1]
	1050349	926418	897803	12	M	92	A		-1	3303.99735027	[1, 1, 1, 1, 1, 1, 1, 1, 1, 1, 1, 1]
	929121	823043	832226	11	M	179	A		-1	3306.17406832	[1, 1, 1, 1, 1, 1, 1, 1, 1, 1, 1, 1]
	1052458	926418	946231	12	M	149	A		-1	3309.61706234	[1, 1, 1, 1, 1, 1, 1, 1, 1, 1, 1, 1]
	997890	994748	975512	12	M	35	A		-1	3310.38348668	[1, 1, 0, 1, 1, 1, 1, 1, 1, 1, 1, 1]
	997923	994748	925691	12	M	82	A		-1	3311.19593573	[1, 1, 0, 1, 1, 1, 1, 1, 1, 1, 1, 1]
	1003442	926719	991189	12	M	83	A		-1	3311.9822342	[1, 1, 0, 1, 1, 1, 1, 1, 1, 1, 1, 1]
	1082501	927191	929784	12	M	140	A		-1	3312.54413657	[1, 1, 1, 1, 1, 1, 1, 1, 1, 1, 1, 1]
	1050475	926418	770408	12	M	3	A		-1	3313.28002271	[1, 1, 1, 1, 1, 1, 1, 1, 1, 1, 1, 1]
	997459	994748	956286	12	M	134	A		-1	3314.63402058	[1, 1, 0, 1, 1, 1, 1, 1, 1, 1, 1, 1]
	1082503	927191	985339	12	M	4	A		-1	3316.16661073	[1, 1, 1, 1, 1, 1, 1, 1, 1, 1, 1, 1]
	1060087	926486	908948	12	M	55	A		-1	3318.15365148	[1, 1, 1, 1, 1, 0, 1, 1, 1, 1, 1, 1]
	988612	824769	831706	11	M	140	A		-1	3319.21972111	[1, 1, 1, 1, 1, 1, 1, 1, 1, 1, 1, 1]
	1040094	926239	910612	12	M	57	A		-1	3319.29160417	[1, 1, 1, 1, 1, 1, 1, 1, 1, 1, 1, 1]
	1001699	926719	954649	12	M	27	A		-1	3321.06876728	[1, 1, 1, 1, 1, 1, 1, 1, 1, 1, 1, 1]
	1052092	926418	933096	12	M	51	A		-1	3323.38776639	[1, 1, 1, 1, 1, 1, 1, 1, 1, 1, 1, 1]
	1025776	926004	964071	12	M	24	A		-1	3325.01827699	[1, 1, 1, 1, 1, 1, 1, 1, 1, 1, 1, 1]
	1089680	927355	843433	12	M	29	A		-1	3332.43080105	[1, 1, 1, 1, 1, 1, 1, 1, 1, 1, 1, 1]
	932610	823110	880969	11	M	89	A		-1	3339.96291092	[1, 1, 1, 1, 1, 1, 1, 1, 1, 1, 1, 1]
	1052066	926418	966638	12	M	175	A		-1	3343.31084976	[1, 1, 1, 1, 1, 1, 1, 1, 1, 1, 1, 1]
	1054962	926483	983895	12	M	66	A		-1	3344.00293714	[1, 1, 1, 1, 1, 1, 1, 1, 1, 1, 1, 1]
	1048562	926341	713241	12	M	29	A		-1	3346.56652416	[1, 1, 1, 1, 1, 1, 1, 1, 1, 1, 1, 1]
	995808	994748	978673	12	M	154	A		-1	3347.69882859	[1, 1, 0, 1, 1, 1, 1, 1, 1, 1, 1, 1]
	1028286	926004	899319	12	M	168	A		-1	3348.71307338	[1, 1, 1, 1, 1, 1, 1, 1, 1, 1, 1, 1]
	1054628	926418	846683	12	M	56	A		-1	3353.2823289	[1, 1, 1, 1, 1, 1, 1, 1, 1, 1, 1, 1]
	1040688	926239	901123	12	M	89	A		-1	3353.53255242	[1, 1, 1, 1, 1, 1, 1, 1, 1, 1, 1, 1]
	1033537	926012	862402	12	M	27	A		-1	3367.111273	[1, 1, 1, 1, 1, 1, 1, 1, 1, 1, 1, 1]
	1064249	926486	897737	12	M	94	A		-1	3381.05940118	[1, 1, 1, 1, 1, 1, 1, 1, 1, 1, 1, 1]
	999451	994748	902321	12	M	117	A		-1	3381.21093346	[1, 1, 1, 1, 1, 1, 1, 1, 1, 1, 1, 1]
	1018051	925971	965750	12	M	148	A		-1	3382.81779695	[1, 1, 0, 1, 1, 1, 1, 1, 1, 1, 1, 1]
	1042312	926239	907640	12	M	57	A		-1	3386.45938292	[1, 1, 1, 1, 1, 1, 1, 1, 1, 1, 1, 1]
	1040882	926239	903709	12	M	31	A		-1	3388.20944462	[1, 1, 1, 1, 1, 1, 1, 1, 1, 1, 1, 1]
	1070645	926739	924921	12	M	73	A		-1	3391.68139797	[1, 1, 1, 1, 1, 1, 1, 1, 1, 1, 1, 1]
	1052798	926418	925907	12	M	144	A		-1	3392.28586492	[1, 1, 1, 1, 1, 1, 1, 1, 1, 1, 1, 1]
	1075151	928576	968601	12	M	118	A		-1	3397.4452003	[1, 1, 1, 1, 1, 1, 1, 1, 1, 1, 1, 1]
	1037324	926174	983831	12	M	110	A		-1	3402.47677035	[1, 1, 1, 1, 1, 1, 1, 1, 1, 1, 1, 1]
	1044266	926239	848307	12	M	179	A		-1	3405.84089995	[1, 1, 1, 1, 1, 1, 1, 1, 1, 1, 1, 1]
	1043618	926239	957065	12	M	79	A		-1	3407.39679514	[1, 1, 1, 1, 1, 1, 1, 1, 1, 1, 1, 1]
	1030681	926012	818075	12	M	166	A		-1	3416.22381085	[1, 1, 1, 1, 1, 1, 1, 1, 1, 1, 1, 1]
	1050783	926418	959301	12	M	161	A		-1	3420.24575203	[1, 1, 1, 1, 1, 1, 1, 1, 1, 1, 1, 1]
	1038173	926174	959596	12	M	72	A		-1	3420.98540864	[1, 1, 1, 1, 1, 1, 1, 1, 1, 1, 1, 1]
	1080528	927191	971087	12	M	161	A		-1	3424.9178019	[1, 1, 1, 1, 1, 1, 1, 1, 1, 1, 1, 1]
	1035881	926174	904933	12	M	75	A		-1	3436.36286371	[1, 1, 1, 1, 1, 1, 1, 1, 1, 1, 1, 1]
	1001221	926719	917286	12	M	9	A		-1	3445.72491368	[1, 1, 0, 1, 1, 1, 1, 1, 1, 1, 1, 1]
	1047986	926341	919568	12	M	187	A		-1	3474.85111354	[1, 1, 1, 1, 1, 1, 1, 1, 1, 1, 1, 1]
	1029371	926004	896707	12	M	151	A		-1	3477.41734696	[1, 1, 1, 1, 1, 1, 1, 1, 1, 1, 1, 1]
	1041854	926239	802343	12	M	152	A		-1	3632.51444737	[1, 1, 0, 1, 1, 1, 1, 1, 1, 1, 1, 1]
	1042072	926239	918117	12	M	41	A		-1	3667.3563525	[1, 1, 1, 1, 1, 1, 1, 1, 1, 1, 1, 1]
