animal	sire	dam	born	sex	herd	status	cause	died	TBV	recessives
	1478602	1348528	1385228	16	M	58	A		-1	4237.64058195	[1, 1, 1, 1, 1, 0, 1, 1, 1, 1, 1, 1]
	1521096	1448376	1461376	17	M	72	A		-1	4237.77343809	[1, 1, 1, 0, 1, 1, 1, 1, 1, 1, 1, 1]
	1499047	1294912	1395373	17	M	60	A		-1	4237.80626509	[1, 1, 1, 1, 1, 1, 1, 1, 1, 1, 1, 1]
	1574520	1468957	1449760	17	M	56	A		-1	4238.04283534	[1, 1, 1, 1, 1, 1, 1, 1, 1, 1, 1, 1]
	1586486	1432467	1319663	17	M	63	A		-1	4238.17536433	[1, 1, 0, 1, 1, 1, 1, 1, 1, 1, 1, 1]
	1517915	1438554	1489487	17	M	24	A		-1	4238.46571298	[1, 1, 1, 1, 1, 1, 1, 1, 1, 1, 1, 1]
	1562108	1437555	1372004	17	M	40	A		-1	4238.4784142	[1, 1, 1, 1, 1, 1, 1, 1, 1, 1, 1, 1]
	1589399	1429317	1454694	17	M	91	A		-1	4238.51714437	[1, 1, 1, 1, 1, 1, 1, 1, 1, 1, 1, 1]
	1502152	1467734	1425311	17	M	76	A		-1	4238.79488194	[1, 1, 1, 1, 1, 1, 1, 1, 1, 1, 0, 1]
	1509467	1461927	1310593	17	M	9	A		-1	4238.83188434	[1, 1, 1, 1, 1, 1, 1, 1, 1, 1, 1, 1]
	1507005	1438535	1280113	17	M	58	A		-1	4239.01435471	[1, 1, 1, 1, 1, 1, 1, 1, 1, 1, 1, 1]
	1517332	1469128	1318340	17	M	7	A		-1	4239.1056836	[1, 1, 1, 1, 1, 1, 1, 1, 1, 1, 1, 1]
	1527568	1403049	1422064	17	M	14	A		-1	4239.21293338	[1, 1, 1, 1, 1, 1, 1, 1, 1, 1, 1, 1]
	1556238	1413360	1427894	17	M	9	A		-1	4239.26420789	[1, 1, 1, 1, 1, 1, 1, 1, 1, 1, 1, 1]
	1525578	1433121	1408396	17	M	86	A		-1	4239.44832369	[1, 1, 1, 1, 1, 1, 1, 1, 1, 1, 1, 1]
	1456040	1382187	1372638	16	M	85	A		-1	4239.52481977	[1, 1, 1, 1, 1, 1, 1, 1, 1, 1, 1, 1]
	1554665	1442309	1477311	17	M	76	A		-1	4239.56830636	[1, 1, 1, 1, 1, 1, 1, 1, 1, 1, 1, 0]
	1472426	1358291	1383338	16	M	56	A		-1	4239.91235871	[1, 1, 1, 1, 1, 1, 1, 1, 1, 1, 1, 0]
	1515982	1469910	1451954	17	M	17	A		-1	4240.14306825	[0, 1, 0, 1, 1, 1, 1, 1, 1, 1, 1, 1]
	1545967	1403598	1466103	17	M	49	A		-1	4240.32578213	[1, 1, 1, 1, 1, 1, 1, 1, 1, 1, 1, 1]
	1511911	1405385	1408217	17	M	50	A		-1	4240.41408277	[1, 1, 1, 0, 1, 1, 1, 1, 1, 1, 1, 1]
	1527891	1468368	1450056	17	M	94	A		-1	4240.69884291	[1, 1, 1, 1, 1, 1, 1, 1, 1, 1, 1, 1]
	1543951	1412608	1312946	17	M	33	A		-1	4240.91655396	[1, 1, 1, 1, 1, 1, 1, 1, 1, 1, 1, 1]
	1583021	1463935	1490804	17	M	17	A		-1	4241.11586211	[1, 1, 1, 1, 1, 1, 1, 1, 1, 1, 1, 1]
	1559470	1419575	1477385	17	M	61	A		-1	4241.23620138	[1, 1, 1, 1, 1, 1, 1, 1, 1, 1, 1, 1]
	1591853	1421115	1460505	17	M	91	A		-1	4241.3824351	[1, 1, 1, 1, 1, 1, 1, 1, 1, 1, 1, 1]
	1518992	1399956	1235821	17	M	72	A		-1	4241.38449669	[1, 1, 1, 0, 1, 1, 1, 1, 1, 1, 1, 0]
	1527078	1480275	1466239	17	M	87	A		-1	4241.38917513	[1, 1, 1, 1, 1, 1, 1, 1, 1, 1, 1, 1]
	1586546	1395339	1408135	17	M	30	A		-1	4241.57778474	[1, 1, 1, 1, 1, 1, 1, 1, 1, 1, 1, 1]
	1444330	1344455	1379440	16	M	53	A		-1	4241.64637747	[1, 1, 1, 1, 1, 1, 1, 1, 1, 1, 1, 1]
	1524461	1468629	1470170	17	M	98	A		-1	4241.78255469	[0, 1, 1, 1, 1, 1, 1, 1, 1, 1, 1, 1]
	1536204	1417053	1316066	17	M	43	A		-1	4241.82757177	[1, 1, 1, 1, 1, 1, 1, 1, 1, 1, 1, 1]
	1574167	1429255	1471912	17	M	19	A		-1	4241.88605539	[1, 1, 1, 1, 0, 1, 1, 1, 1, 1, 1, 1]
	1569518	1429514	1462131	17	M	100	A		-1	4242.01485745	[1, 1, 1, 1, 1, 1, 1, 1, 1, 1, 1, 1]
	1520363	1299313	1491068	17	M	10	A		-1	4242.34962846	[1, 1, 1, 1, 1, 1, 1, 1, 1, 1, 1, 1]
	1420451	1325299	1355078	16	M	63	A		-1	4242.64049641	[1, 1, 1, 1, 1, 1, 1, 1, 1, 1, 1, 1]
	1553851	1318043	1494045	17	M	87	A		-1	4243.21882449	[1, 1, 1, 1, 1, 1, 1, 1, 1, 1, 1, 1]
	1495440	1400868	1415948	17	M	11	A		-1	4243.28660779	[1, 1, 1, 1, 1, 1, 1, 1, 1, 1, 1, 1]
	1537485	1442155	1325782	17	M	64	A		-1	4243.51272429	[1, 1, 1, 1, 1, 1, 1, 1, 1, 1, 1, 1]
	1557531	1440769	1425697	17	M	49	A		-1	4243.56073436	[1, 1, 1, 1, 1, 1, 1, 1, 1, 1, 1, 1]
	1547855	1418689	1461265	17	M	51	A		-1	4243.90723965	[1, 1, 1, 1, 1, 1, 1, 1, 1, 1, 1, 1]
	1428588	1304517	1328092	16	M	9	A		-1	4243.93258117	[1, 1, 0, 1, 1, 1, 1, 1, 1, 1, 1, 1]
	1564553	1490106	1483378	17	M	30	A		-1	4243.96640465	[1, 1, 0, 1, 1, 1, 1, 1, 1, 1, 1, 1]
	1486426	1318251	1308483	16	M	32	A		-1	4244.34478661	[1, 1, 1, 1, 1, 1, 1, 1, 1, 1, 1, 1]
	1510030	1469128	1463130	17	M	42	A		-1	4244.37430324	[1, 1, 1, 1, 1, 1, 1, 1, 1, 1, 1, 0]
	1554734	1471446	1476589	17	M	46	A		-1	4244.47158057	[1, 1, 1, 1, 1, 1, 1, 1, 1, 1, 1, 1]
	1514056	1469329	1469078	17	M	53	A		-1	4244.91408319	[1, 1, 1, 1, 1, 1, 1, 1, 1, 1, 0, 1]
	1559295	1397821	1412000	17	M	41	A		-1	4245.31205769	[1, 1, 1, 1, 1, 1, 1, 1, 1, 1, 1, 0]
	1513697	1430367	1453790	17	M	72	A		-1	4245.31944285	[1, 1, 1, 1, 1, 1, 1, 1, 1, 1, 1, 1]
	1580403	1421891	1231603	17	M	30	A		-1	4246.03122524	[1, 1, 1, 1, 1, 1, 1, 1, 1, 1, 1, 1]
	1526696	1462622	1437481	17	M	48	A		-1	4246.03532351	[1, 1, 1, 1, 1, 1, 1, 1, 1, 1, 1, 0]
	1561276	1419046	1411210	17	M	1	A		-1	4246.16144915	[1, 1, 1, 1, 1, 1, 1, 1, 1, 1, 1, 1]
	1567489	1475028	1485585	17	M	28	A		-1	4246.34882902	[1, 1, 1, 1, 1, 1, 1, 1, 1, 1, 1, 1]
	1538487	1450560	1402382	17	M	59	A		-1	4246.42888263	[1, 1, 1, 1, 1, 1, 1, 1, 1, 1, 1, 1]
	1530845	1471507	1405317	17	M	70	A		-1	4246.48577414	[1, 1, 1, 1, 1, 1, 1, 1, 1, 1, 1, 1]
	1540080	1413389	1404464	17	M	17	A		-1	4246.56929615	[1, 1, 1, 1, 1, 1, 1, 1, 1, 1, 1, 1]
	1551547	1413328	1417997	17	M	49	A		-1	4247.33794237	[1, 1, 1, 1, 1, 1, 1, 1, 1, 1, 1, 1]
	1506227	1464417	1456474	17	M	35	A		-1	4247.73155501	[1, 1, 1, 1, 1, 1, 1, 1, 1, 1, 1, 1]
	1533755	1413344	1350282	17	M	64	A		-1	4247.74759963	[1, 1, 1, 0, 1, 1, 1, 1, 1, 1, 1, 1]
	1583754	1461617	1479318	17	M	19	A		-1	4247.92090553	[1, 1, 1, 1, 1, 1, 1, 1, 1, 1, 1, 1]
	1519854	1435865	1464111	17	M	75	A		-1	4248.11222934	[1, 1, 1, 1, 1, 1, 1, 1, 1, 1, 1, 1]
	1540265	1466803	1372638	17	M	85	A		-1	4248.62542182	[1, 1, 1, 1, 1, 1, 1, 1, 1, 1, 1, 1]
	1500537	1493105	1420436	17	M	68	A		-1	4248.94158065	[1, 1, 1, 1, 1, 1, 1, 1, 1, 1, 1, 0]
	1557084	1443933	1396668	17	M	10	A		-1	4249.43743776	[1, 1, 1, 1, 1, 1, 1, 1, 1, 1, 1, 1]
	1521335	1465418	1469861	17	M	13	A		-1	4249.59431572	[1, 1, 1, 1, 1, 1, 1, 1, 1, 1, 1, 1]
	1520741	1470648	1314593	17	M	17	A		-1	4250.64002291	[1, 1, 1, 1, 1, 1, 1, 1, 1, 1, 1, 1]
	1552337	1444330	1438599	17	M	15	A		-1	4250.73138521	[1, 1, 1, 1, 1, 1, 1, 1, 1, 1, 1, 1]
	1589897	1478525	1473558	17	M	98	A		-1	4250.92462604	[1, 1, 1, 1, 1, 1, 1, 0, 1, 1, 1, 1]
	1515467	1463415	1435733	17	M	7	A		-1	4251.45694278	[1, 1, 1, 0, 1, 1, 1, 1, 1, 1, 1, 0]
	1589486	1327040	1482640	17	M	62	A		-1	4251.77739339	[1, 1, 1, 1, 1, 1, 1, 1, 1, 1, 1, 1]
	1525134	1409642	1443585	17	M	94	A		-1	4251.89477914	[1, 1, 1, 1, 1, 0, 1, 1, 1, 1, 1, 1]
	1506867	1436993	1449254	17	M	11	A		-1	4252.29791141	[1, 1, 1, 1, 1, 1, 1, 1, 1, 1, 1, 1]
	1496857	1395938	1472534	17	M	55	A		-1	4252.38144638	[0, 1, 1, 1, 1, 1, 1, 1, 1, 1, 1, 0]
	1524739	1412608	1407067	17	M	39	A		-1	4252.42743613	[1, 1, 1, 1, 1, 1, 1, 1, 1, 1, 1, 1]
	1556292	1295155	1402867	17	M	8	A		-1	4252.58790807	[1, 1, 1, 1, 1, 1, 1, 1, 1, 1, 1, 0]
	1577776	1399328	1398499	17	M	77	A		-1	4252.75153235	[1, 1, 1, 1, 1, 1, 1, 1, 1, 1, 1, 1]
	1555934	1472561	1447316	17	M	72	A		-1	4252.80478406	[1, 1, 1, 1, 1, 1, 1, 1, 1, 1, 1, 1]
	1513837	1453264	1442594	17	M	2	A		-1	4252.90327271	[1, 1, 1, 1, 1, 1, 1, 1, 1, 1, 1, 1]
	1545676	1299029	1310851	17	M	13	A		-1	4252.95001665	[1, 1, 1, 1, 1, 1, 1, 1, 1, 1, 1, 0]
	1462529	1309677	1375134	16	M	86	A		-1	4253.08362445	[1, 1, 1, 1, 0, 1, 1, 1, 1, 1, 1, 1]
	1496335	1470269	1404230	17	M	80	A		-1	4253.41707429	[1, 1, 1, 1, 1, 1, 1, 1, 1, 1, 1, 1]
	1590539	1485881	1313512	17	M	44	A		-1	4254.02312219	[1, 1, 1, 1, 1, 1, 1, 1, 1, 1, 1, 1]
	1543615	1471246	1417479	17	M	8	A		-1	4254.13423609	[1, 1, 1, 1, 1, 1, 1, 1, 1, 1, 1, 1]
	1575723	1430917	1430452	17	M	21	A		-1	4254.25450643	[1, 1, 0, 1, 1, 1, 1, 1, 1, 1, 1, 1]
	1496725	1363677	1368307	17	M	44	A		-1	4254.35593942	[1, 1, 1, 1, 1, 1, 1, 1, 1, 1, 0, 1]
	1589160	1444330	1300996	17	M	36	A		-1	4254.39331653	[1, 1, 1, 1, 1, 1, 1, 1, 1, 1, 1, 1]
	1494039	1364400	1377805	16	M	35	A		-1	4254.46309994	[1, 1, 1, 1, 1, 1, 1, 1, 1, 1, 1, 1]
	1570263	1395817	1450454	17	M	31	A		-1	4254.60002666	[1, 1, 1, 1, 1, 1, 1, 1, 1, 1, 1, 1]
	1591888	1446484	1489962	17	M	36	A		-1	4254.61102327	[1, 1, 1, 1, 1, 1, 1, 1, 1, 1, 1, 1]
	1565818	1488587	1441889	17	M	58	A		-1	4254.74053502	[1, 1, 1, 1, 1, 1, 1, 1, 1, 1, 1, 0]
	1519106	1457121	1484131	17	M	88	A		-1	4254.83989246	[1, 1, 1, 1, 1, 1, 1, 1, 1, 1, 0, 1]
	1545091	1450946	1409708	17	M	51	A		-1	4254.87500797	[0, 1, 1, 1, 1, 1, 1, 1, 1, 1, 1, 1]
	1574169	1421091	1195301	17	M	30	A		-1	4255.00846362	[1, 1, 1, 1, 1, 1, 1, 1, 1, 1, 1, 1]
	1549717	1462589	1217345	17	M	49	A		-1	4255.95469991	[1, 1, 1, 1, 1, 1, 1, 1, 1, 1, 1, 0]
	1503627	1431664	1405075	17	M	22	A		-1	4256.31838325	[1, 1, 1, 1, 1, 1, 1, 1, 1, 1, 1, 1]
	1545567	1421891	1397782	17	M	93	A		-1	4256.32727227	[1, 1, 1, 1, 1, 1, 1, 0, 1, 1, 1, 1]
	1565690	1404992	1316057	17	M	70	A		-1	4256.66163883	[1, 1, 1, 1, 1, 1, 1, 1, 1, 1, 1, 1]
	1543104	1489053	1376950	17	M	17	A		-1	4256.93683192	[1, 1, 1, 1, 1, 1, 1, 1, 1, 1, 0, 1]
	1497018	1474435	1426768	17	M	50	A		-1	4257.01375804	[1, 1, 1, 1, 0, 1, 1, 1, 1, 1, 1, 1]
	1592938	1443933	1331245	17	M	31	A		-1	4257.92737252	[1, 1, 1, 1, 1, 1, 1, 1, 1, 1, 1, 1]
	1512471	1415766	1464307	17	M	4	A		-1	4258.67270397	[1, 1, 1, 1, 1, 1, 1, 1, 1, 1, 1, 1]
	1565286	1493105	1405029	17	M	37	A		-1	4259.1335481	[1, 1, 1, 1, 1, 1, 1, 1, 1, 1, 1, 1]
	1545304	1345101	1195125	17	M	72	A		-1	4259.73829115	[1, 1, 1, 1, 1, 1, 1, 1, 1, 1, 1, 1]
	1513682	1453264	1440575	17	M	2	A		-1	4260.03279386	[1, 1, 1, 1, 1, 1, 1, 1, 1, 1, 1, 1]
	1571763	1403598	1395371	17	M	89	A		-1	4260.16650549	[1, 1, 1, 1, 1, 1, 1, 1, 1, 1, 1, 1]
	1434416	1384157	1387173	16	M	73	A		-1	4260.31804597	[1, 1, 1, 1, 1, 1, 1, 1, 1, 1, 1, 1]
	1530205	1465879	1465247	17	M	46	A		-1	4260.42582331	[1, 1, 1, 1, 1, 1, 1, 1, 1, 1, 1, 1]
	1554641	1401500	1429518	17	M	17	A		-1	4261.35367597	[1, 1, 1, 1, 1, 1, 1, 1, 1, 1, 1, 1]
	1572569	1422784	1419536	17	M	21	A		-1	4261.57275587	[1, 1, 1, 1, 1, 1, 1, 1, 1, 1, 1, 1]
	1583462	1469026	1223006	17	M	38	A		-1	4261.98253576	[1, 1, 1, 1, 1, 1, 1, 1, 1, 1, 1, 1]
	1592977	1469128	1102614	17	M	92	A		-1	4261.98940299	[1, 1, 1, 1, 1, 1, 1, 1, 1, 1, 1, 1]
	1508956	1439271	1307470	17	M	13	A		-1	4262.11142358	[1, 1, 1, 1, 1, 0, 1, 1, 1, 1, 1, 1]
	1580816	1398448	1455814	17	M	93	A		-1	4262.17483167	[1, 1, 1, 1, 1, 1, 1, 1, 1, 1, 1, 1]
	1558996	1444704	1469609	17	M	33	A		-1	4262.28206499	[1, 1, 1, 1, 1, 1, 1, 1, 1, 1, 1, 1]
	1540611	1429317	1442923	17	M	26	A		-1	4262.41046137	[1, 1, 1, 1, 1, 1, 1, 1, 1, 1, 1, 1]
	1574795	1488344	1440398	17	M	88	A		-1	4262.49844449	[1, 1, 1, 1, 1, 1, 1, 1, 1, 1, 1, 1]
	1552507	1438554	1367933	17	M	88	A		-1	4262.7396521	[1, 1, 1, 1, 1, 1, 1, 1, 1, 1, 1, 0]
	1578181	1425868	1390760	17	M	14	A		-1	4263.23532825	[1, 1, 1, 1, 1, 1, 1, 1, 1, 1, 1, 1]
	1511901	1360534	1407252	17	M	40	A		-1	4264.04303476	[1, 1, 1, 1, 1, 1, 1, 1, 1, 1, 1, 1]
	1469034	1350836	1391072	16	M	47	A		-1	4264.15366801	[1, 1, 1, 1, 1, 1, 1, 1, 1, 1, 1, 1]
	1576592	1442155	1403380	17	M	35	A		-1	4264.47573671	[1, 1, 1, 1, 1, 1, 1, 1, 1, 1, 1, 1]
	1538644	1406273	1490366	17	M	60	A		-1	4264.85452223	[1, 1, 1, 0, 1, 1, 1, 1, 1, 1, 1, 1]
	1559590	1442864	1430836	17	M	35	A		-1	4265.37205711	[1, 1, 1, 1, 1, 1, 1, 1, 1, 1, 1, 1]
	1518579	1420062	1476117	17	M	95	A		-1	4265.4770447	[1, 1, 1, 1, 1, 1, 1, 1, 1, 1, 1, 1]
	1519933	1454353	1277588	17	M	75	A		-1	4266.59092001	[1, 1, 1, 1, 1, 1, 1, 1, 1, 1, 1, 1]
	1439271	1329422	1225256	16	M	93	A		-1	4266.92128108	[1, 1, 1, 1, 1, 0, 1, 1, 1, 1, 1, 1]
	1509075	1429560	1416574	17	M	78	A		-1	4268.11381773	[1, 1, 1, 1, 1, 1, 1, 1, 1, 1, 1, 1]
	1568388	1430481	1470544	17	M	92	A		-1	4268.80552618	[1, 1, 1, 1, 1, 1, 1, 1, 1, 1, 1, 1]
	1532766	1478910	1419038	17	M	81	A		-1	4269.08374351	[1, 1, 1, 1, 1, 1, 1, 1, 1, 1, 1, 1]
	1522383	1450608	1470737	17	M	78	A		-1	4269.12640245	[1, 1, 1, 0, 1, 1, 1, 1, 1, 1, 1, 1]
	1518458	1456927	1455484	17	M	98	A		-1	4269.14285164	[1, 1, 1, 1, 1, 1, 1, 1, 1, 1, 1, 1]
	1566227	1407896	1345885	17	M	63	A		-1	4269.339148	[1, 1, 1, 1, 1, 1, 1, 1, 1, 1, 1, 1]
	1516846	1429317	1480416	17	M	72	A		-1	4269.40815585	[1, 1, 1, 1, 1, 1, 1, 1, 1, 1, 1, 1]
	1500250	1416807	1435333	17	M	5	A		-1	4269.58223801	[1, 1, 1, 1, 1, 1, 1, 1, 1, 1, 1, 1]
	1542549	1446484	1326551	17	M	98	A		-1	4269.81138604	[1, 1, 1, 1, 1, 1, 1, 1, 1, 1, 1, 1]
	1565524	1470381	1494797	17	M	12	A		-1	4269.93336961	[1, 1, 1, 1, 1, 1, 1, 1, 1, 1, 1, 1]
	1540787	1490860	1439869	17	M	98	A		-1	4270.09553565	[1, 1, 1, 1, 1, 1, 1, 1, 1, 1, 1, 1]
	1550014	1400868	1315604	17	M	33	A		-1	4270.11352316	[1, 1, 1, 1, 1, 1, 1, 1, 1, 1, 1, 0]
	1503966	1407413	1423946	17	M	25	A		-1	4270.5915929	[1, 1, 1, 1, 1, 1, 1, 1, 1, 1, 1, 1]
	1403598	1339081	1314081	16	M	74	A		-1	4270.74330256	[1, 1, 1, 1, 1, 1, 1, 1, 1, 1, 1, 1]
	1584528	1428402	1351967	17	M	7	A		-1	4270.91676613	[1, 1, 1, 1, 1, 1, 1, 1, 1, 1, 1, 0]
	1545164	1430241	1411985	17	M	48	A		-1	4271.62838812	[1, 1, 1, 1, 1, 1, 1, 1, 1, 1, 1, 0]
	1523103	1463358	1210979	17	M	16	A		-1	4272.31861522	[1, 1, 1, 1, 1, 1, 1, 1, 1, 1, 1, 1]
	1576855	1398369	1419701	17	M	29	A		-1	4272.78103192	[1, 1, 1, 1, 1, 1, 1, 1, 1, 1, 1, 1]
	1464417	1356279	1366851	16	M	25	A		-1	4272.85667615	[1, 1, 1, 1, 1, 1, 1, 0, 1, 1, 1, 0]
	1558100	1475697	1483881	17	M	51	A		-1	4273.00785625	[1, 1, 0, 1, 1, 1, 1, 1, 1, 1, 1, 1]
	1516176	1413389	1428689	17	M	45	A		-1	4273.14874721	[1, 1, 1, 1, 1, 1, 1, 1, 1, 1, 1, 1]
	1582920	1426156	1328312	17	M	6	A		-1	4273.99260405	[1, 1, 1, 1, 1, 1, 1, 1, 1, 1, 1, 1]
	1555468	1406239	1461255	17	M	91	A		-1	4273.998639	[1, 1, 1, 1, 1, 1, 1, 1, 1, 1, 1, 1]
	1497744	1403598	1225790	17	M	80	A		-1	4274.07353012	[1, 1, 0, 1, 1, 1, 1, 1, 1, 1, 1, 1]
	1495049	1401672	1326548	17	M	46	A		-1	4274.5588381	[1, 1, 1, 1, 1, 1, 1, 1, 1, 1, 1, 1]
	1553908	1401500	1421331	17	M	94	A		-1	4274.70835057	[1, 1, 1, 1, 1, 1, 1, 1, 1, 1, 1, 1]
	1563901	1321365	1407151	17	M	75	A		-1	4274.91465252	[1, 1, 1, 0, 1, 1, 1, 1, 1, 1, 1, 1]
	1582809	1403598	1431946	17	M	41	A		-1	4274.94369752	[1, 1, 1, 1, 1, 1, 1, 1, 1, 1, 1, 1]
	1582338	1414867	1482343	17	M	23	A		-1	4275.0482099	[1, 1, 1, 1, 1, 1, 1, 1, 1, 1, 1, 1]
	1510296	1406239	1410173	17	M	3	A		-1	4275.27643784	[1, 1, 1, 1, 1, 1, 1, 1, 1, 1, 1, 1]
	1501199	1400868	1431136	17	M	68	A		-1	4275.37159163	[1, 1, 1, 1, 1, 1, 1, 1, 1, 1, 1, 1]
	1510604	1401672	1412024	17	M	7	A		-1	4275.38659096	[1, 1, 1, 1, 1, 1, 1, 1, 1, 1, 1, 1]
	1583277	1420062	1447604	17	M	13	A		-1	4275.62686817	[1, 1, 1, 1, 1, 1, 1, 1, 1, 1, 1, 1]
	1321365	1223219	1280959	15	M	5	A		-1	4275.70168885	[1, 1, 1, 1, 1, 1, 1, 1, 1, 1, 1, 1]
	1548815	1448597	1344156	17	M	80	A		-1	4276.06474181	[1, 1, 1, 1, 1, 1, 1, 1, 1, 1, 1, 1]
	1562929	1420950	1472818	17	M	74	A		-1	4276.12989572	[1, 1, 1, 1, 1, 1, 1, 1, 1, 1, 1, 1]
	1518063	1458241	1411518	17	M	84	A		-1	4276.1877329	[1, 1, 1, 1, 1, 1, 1, 1, 1, 1, 1, 1]
	1549365	1442935	1435550	17	M	35	A		-1	4276.3587021	[1, 1, 1, 1, 1, 1, 1, 1, 1, 1, 1, 1]
	1589437	1478707	1458146	17	M	34	A		-1	4276.44656267	[1, 1, 1, 1, 1, 1, 1, 1, 1, 1, 1, 0]
	1415970	1302322	1332485	16	M	92	A		-1	4277.07028363	[1, 1, 1, 1, 1, 1, 1, 1, 1, 1, 1, 1]
	1521380	1444086	1406284	17	M	63	A		-1	4277.86258588	[1, 1, 1, 1, 1, 1, 1, 1, 1, 1, 1, 1]
	1554020	1410271	1487661	17	M	63	A		-1	4278.48602567	[1, 1, 1, 1, 1, 1, 1, 1, 1, 1, 1, 1]
	1578113	1484439	1469603	17	M	24	A		-1	4278.93995558	[1, 1, 1, 1, 1, 1, 1, 1, 1, 1, 1, 1]
	1534931	1402895	1486745	17	M	5	A		-1	4279.23196718	[0, 1, 1, 1, 1, 1, 1, 1, 1, 1, 1, 0]
	1529067	1408180	1311769	17	M	19	A		-1	4279.45431464	[1, 1, 1, 1, 1, 1, 1, 1, 1, 1, 1, 1]
	1566380	1363677	1443702	17	M	17	A		-1	4279.61850186	[1, 1, 1, 1, 1, 1, 1, 1, 1, 1, 0, 1]
	1560093	1440266	1468759	17	M	83	A		-1	4279.68251334	[1, 1, 1, 0, 1, 1, 1, 1, 1, 1, 1, 1]
	1502731	1437621	1410298	17	M	51	A		-1	4280.06485033	[1, 1, 1, 1, 1, 1, 1, 1, 1, 1, 1, 1]
	1576286	1444086	1485280	17	M	3	A		-1	4280.407065	[1, 1, 1, 1, 1, 1, 1, 1, 1, 1, 1, 1]
	1430367	1380142	1370599	16	M	80	A		-1	4280.74999971	[1, 1, 1, 1, 1, 1, 1, 1, 1, 1, 1, 1]
	1575513	1434954	1485374	17	M	6	A		-1	4282.80020089	[1, 1, 1, 1, 1, 1, 1, 1, 1, 1, 0, 1]
	1589932	1443073	1403155	17	M	65	A		-1	4282.9140192	[1, 1, 1, 1, 1, 1, 1, 1, 1, 1, 1, 1]
	1588375	1465616	1483129	17	M	43	A		-1	4283.69601115	[1, 1, 1, 1, 1, 1, 1, 1, 1, 1, 1, 1]
	1577771	1435343	1431564	17	M	19	A		-1	4284.61109859	[1, 1, 0, 1, 1, 1, 1, 1, 1, 1, 1, 0]
	1544142	1453264	1421278	17	M	29	A		-1	4284.61200547	[1, 1, 1, 1, 1, 1, 1, 1, 1, 1, 1, 0]
	1539355	1454353	1439977	17	M	86	A		-1	4284.77146035	[1, 1, 1, 1, 1, 1, 1, 1, 1, 1, 1, 1]
	1535092	1463415	1319244	17	M	29	A		-1	4284.7926246	[1, 1, 1, 0, 1, 1, 1, 1, 1, 1, 1, 1]
	1345101	1226426	1200485	15	M	5	A		-1	4285.06480042	[1, 1, 1, 1, 1, 1, 1, 1, 1, 1, 1, 1]
	1553563	1404051	1479325	17	M	89	A		-1	4285.39616661	[0, 1, 1, 1, 1, 1, 1, 1, 1, 1, 1, 1]
	1551648	1450975	1475844	17	M	51	A		-1	4285.41153276	[1, 1, 1, 0, 1, 1, 1, 1, 1, 1, 1, 1]
	1587644	1481805	1323801	17	M	68	A		-1	4286.12884574	[1, 1, 1, 1, 1, 1, 1, 1, 1, 1, 1, 1]
	1542423	1411814	1455824	17	M	78	A		-1	4286.13747103	[1, 1, 1, 1, 1, 1, 1, 1, 1, 1, 1, 1]
	1582176	1489053	1492038	17	M	21	A		-1	4286.18731624	[0, 1, 1, 1, 1, 1, 1, 1, 1, 1, 1, 1]
	1544342	1478138	1395303	17	M	71	A		-1	4286.27410183	[1, 1, 1, 1, 1, 1, 1, 1, 1, 1, 1, 1]
	1485951	1335666	1350265	16	M	91	A		-1	4286.44198118	[1, 1, 1, 1, 1, 1, 1, 1, 1, 1, 1, 0]
	1498469	1295535	1398242	17	M	38	A		-1	4286.77179381	[1, 1, 1, 1, 1, 1, 1, 1, 1, 1, 1, 1]
	1524845	1464417	1474184	17	M	23	A		-1	4287.47409682	[1, 1, 1, 1, 1, 1, 1, 0, 1, 1, 1, 0]
	1547950	1486426	1468987	17	M	59	A		-1	4287.69295767	[1, 1, 1, 1, 1, 1, 1, 1, 1, 1, 1, 1]
	1556707	1432467	1344671	17	M	42	A		-1	4287.69341335	[1, 1, 1, 0, 1, 1, 1, 1, 1, 1, 1, 1]
	1569769	1429552	1444966	17	M	0	A		-1	4287.75514981	[1, 1, 1, 1, 1, 1, 1, 1, 1, 1, 1, 1]
	1568059	1354236	1409850	17	M	93	A		-1	4288.19813486	[1, 1, 1, 1, 1, 1, 1, 1, 1, 1, 1, 0]
	1570649	1406273	1437321	17	M	12	A		-1	4288.28249024	[1, 1, 1, 1, 1, 1, 1, 1, 1, 1, 1, 1]
	1567254	1476518	1404794	17	M	93	A		-1	4288.28660716	[1, 1, 1, 1, 1, 1, 1, 1, 1, 1, 1, 1]
	1410848	1322810	1386242	16	M	70	A		-1	4289.64664396	[1, 1, 1, 1, 1, 1, 1, 1, 1, 1, 1, 1]
	1540771	1478166	1430084	17	M	72	A		-1	4290.81653231	[1, 1, 1, 1, 1, 1, 1, 1, 1, 1, 1, 1]
	1459781	1324639	1329889	16	M	45	A		-1	4292.36514945	[1, 1, 1, 0, 1, 1, 1, 1, 1, 1, 1, 1]
	1570981	1446969	1343880	17	M	72	A		-1	4292.40639514	[1, 1, 1, 1, 1, 1, 1, 1, 1, 1, 1, 1]
	1523234	1414867	1432483	17	M	9	A		-1	4292.5883382	[1, 1, 1, 1, 1, 1, 1, 1, 1, 1, 1, 1]
	1505601	1454274	1400085	17	M	38	A		-1	4293.23124574	[1, 1, 1, 1, 1, 1, 1, 1, 1, 1, 1, 1]
	1532441	1409642	1477087	17	M	73	A		-1	4293.41086721	[1, 1, 1, 1, 1, 0, 1, 1, 1, 1, 1, 1]
	1512313	1470381	1471847	17	M	87	A		-1	4293.43215932	[1, 1, 1, 1, 1, 1, 1, 1, 1, 1, 1, 1]
	1516394	1477468	1403606	17	M	13	A		-1	4293.7393197	[0, 1, 1, 1, 1, 1, 1, 1, 1, 1, 1, 1]
	1558386	1433504	1408965	17	M	52	A		-1	4293.90361981	[1, 1, 1, 1, 1, 1, 1, 1, 1, 1, 1, 1]
	1450975	1366300	1231789	16	M	50	A		-1	4293.92195146	[1, 1, 1, 0, 1, 1, 1, 1, 1, 1, 1, 1]
	1566158	1469583	1420432	17	M	97	A		-1	4294.9101344	[1, 1, 1, 1, 1, 1, 1, 1, 1, 1, 1, 1]
	1541103	1454982	1475304	17	M	59	A		-1	4297.23334356	[1, 1, 1, 1, 1, 1, 1, 1, 1, 1, 0, 1]
	1500702	1423366	1449781	17	M	25	A		-1	4297.27394623	[1, 1, 1, 1, 1, 1, 1, 1, 1, 1, 1, 1]
	1513433	1446044	1289999	17	M	30	A		-1	4297.84428632	[1, 1, 1, 1, 1, 1, 1, 1, 1, 1, 1, 1]
	1550616	1467170	1482379	17	M	1	A		-1	4298.41698047	[1, 1, 1, 1, 1, 1, 1, 1, 1, 1, 1, 0]
	1576126	1428647	1489177	17	M	13	A		-1	4298.91584363	[1, 1, 1, 1, 1, 1, 1, 1, 1, 1, 1, 1]
	1395339	1300027	1356686	16	M	89	A		-1	4299.25375047	[1, 1, 1, 1, 1, 1, 1, 1, 1, 1, 1, 1]
	1512044	1428092	1397276	17	M	59	A		-1	4299.33989073	[1, 1, 1, 1, 1, 1, 1, 1, 1, 1, 1, 1]
	1573209	1307337	1483757	17	M	90	A		-1	4299.49590361	[1, 1, 1, 1, 1, 1, 1, 1, 1, 1, 1, 1]
	1401672	1320371	1345439	16	M	69	A		-1	4299.51287009	[1, 1, 1, 1, 1, 1, 1, 1, 1, 1, 1, 1]
	1533097	1457121	1415057	17	M	34	A		-1	4300.91613608	[1, 1, 1, 1, 1, 1, 1, 1, 1, 1, 1, 1]
	1579814	1442864	1226025	17	M	74	A		-1	4301.12659688	[1, 1, 1, 1, 1, 1, 1, 1, 1, 1, 1, 0]
	1401500	1321609	1341040	16	M	80	A		-1	4301.13957611	[1, 1, 1, 0, 1, 1, 1, 1, 1, 1, 1, 1]
	1576900	1456244	1473622	17	M	41	A		-1	4301.20419031	[1, 1, 1, 1, 1, 1, 1, 1, 1, 1, 1, 1]
	1542012	1435079	1328536	17	M	4	A		-1	4301.49935591	[1, 1, 1, 1, 1, 0, 1, 1, 1, 1, 1, 1]
	1584891	1434416	1299745	17	M	76	A		-1	4301.75426555	[1, 1, 1, 1, 1, 1, 1, 1, 1, 1, 1, 1]
	1408180	1383284	1370699	16	M	29	A		-1	4302.08291535	[1, 1, 1, 1, 1, 1, 1, 1, 1, 1, 1, 1]
	1495186	1457826	1423557	17	M	14	A		-1	4302.34931377	[1, 1, 1, 1, 1, 1, 1, 1, 1, 1, 1, 0]
	1584941	1397107	1479007	17	M	53	A		-1	4302.5325028	[1, 1, 1, 1, 1, 1, 1, 1, 1, 1, 1, 1]
	1520985	1462529	1363746	17	M	71	A		-1	4302.77778927	[1, 1, 1, 1, 1, 1, 1, 1, 1, 1, 1, 1]
	1557772	1468957	1419837	17	M	95	A		-1	4303.4766512	[1, 1, 1, 1, 1, 1, 1, 1, 1, 1, 1, 0]
	1572307	1434584	1483329	17	M	28	A		-1	4303.72778983	[1, 1, 1, 1, 1, 1, 1, 1, 1, 1, 1, 1]
	1584838	1420451	1395876	17	M	45	A		-1	4304.09554876	[1, 1, 1, 1, 1, 1, 1, 1, 1, 1, 1, 1]
	1572066	1416519	1267199	17	M	34	A		-1	4304.8267237	[1, 1, 1, 1, 1, 1, 1, 1, 1, 1, 1, 1]
	1579053	1478166	1433412	17	M	72	A		-1	4304.83564428	[1, 1, 1, 1, 1, 1, 1, 1, 1, 1, 1, 1]
	1577556	1479475	1469046	17	M	94	A		-1	4305.08397231	[1, 1, 1, 1, 1, 1, 1, 1, 1, 1, 1, 1]
	1562821	1491159	1474563	17	M	58	A		-1	4307.5792405	[1, 1, 1, 1, 1, 1, 1, 1, 1, 1, 1, 1]
	1535227	1489622	1419265	17	M	5	A		-1	4308.49503254	[1, 1, 1, 1, 1, 0, 1, 1, 1, 1, 1, 1]
	1561791	1483049	1419255	17	M	88	A		-1	4308.49742018	[1, 1, 1, 1, 1, 1, 1, 1, 1, 1, 1, 0]
	1498286	1413360	1404029	17	M	13	A		-1	4308.75586808	[1, 1, 1, 1, 1, 1, 1, 1, 1, 1, 1, 1]
	1551417	1357725	1397326	17	M	24	A		-1	4308.90458795	[1, 1, 1, 1, 1, 1, 1, 1, 1, 1, 1, 1]
	1496230	1426073	1427373	17	M	82	A		-1	4309.36972156	[1, 1, 1, 1, 1, 1, 1, 1, 1, 1, 1, 1]
	1588428	1432661	1455755	17	M	80	A		-1	4309.5912022	[1, 1, 1, 1, 1, 1, 1, 1, 1, 1, 1, 1]
	1590215	1439096	1313662	17	M	54	A		-1	4309.59582886	[1, 1, 1, 1, 1, 1, 1, 1, 1, 1, 1, 0]
	1577876	1494039	1423992	17	M	67	A		-1	4310.5319917	[1, 1, 1, 1, 1, 1, 1, 1, 1, 1, 1, 1]
	1542580	1412995	1417932	17	M	16	A		-1	4310.73180068	[1, 1, 1, 1, 1, 1, 1, 1, 1, 1, 1, 1]
	1526494	1408180	1438071	17	M	39	A		-1	4311.13360259	[0, 1, 1, 1, 1, 1, 1, 1, 1, 1, 1, 1]
	1532630	1336066	1172517	17	M	35	A		-1	4311.19540169	[1, 1, 0, 1, 1, 1, 1, 1, 1, 1, 1, 1]
	1501205	1490837	1399557	17	M	100	A		-1	4311.36599966	[1, 1, 1, 0, 1, 1, 1, 1, 1, 1, 1, 0]
	1516940	1430917	1488492	17	M	22	A		-1	4311.74736666	[1, 1, 0, 1, 1, 1, 1, 1, 1, 1, 1, 1]
	1592325	1428855	1423240	17	M	47	A		-1	4311.90828058	[1, 1, 1, 1, 1, 1, 1, 1, 1, 1, 1, 1]
	1420950	1388448	1358164	16	M	90	A		-1	4312.04065055	[1, 1, 1, 1, 1, 1, 1, 1, 1, 1, 1, 0]
	1534981	1406273	1382492	17	M	69	A		-1	4312.59819827	[1, 1, 1, 1, 1, 1, 1, 1, 1, 1, 1, 1]
	1536471	1462529	1412551	17	M	99	A		-1	4312.63170277	[1, 1, 1, 1, 1, 1, 1, 1, 1, 1, 1, 1]
	1439096	1259274	1329376	16	M	17	A		-1	4312.66281481	[1, 1, 1, 1, 1, 1, 1, 1, 1, 1, 1, 0]
	1589718	1428402	1481080	17	M	76	A		-1	4312.97542145	[1, 1, 1, 1, 1, 1, 1, 1, 1, 1, 1, 0]
	1517504	1329422	1441651	17	M	63	A		-1	4313.87995166	[1, 1, 1, 1, 1, 1, 1, 1, 1, 1, 1, 1]
	1554267	1452233	1432869	17	M	31	A		-1	4313.95763482	[1, 1, 1, 1, 1, 1, 1, 1, 1, 1, 1, 1]
	1521624	1480794	1329376	17	M	17	A		-1	4314.00791551	[1, 0, 1, 1, 1, 1, 1, 1, 1, 1, 1, 1]
	1499158	1469034	1417916	17	M	98	A		-1	4315.0009999	[1, 1, 1, 1, 1, 1, 1, 1, 1, 1, 1, 1]
	1576090	1416727	1384168	17	M	59	A		-1	4315.13674979	[1, 1, 1, 1, 1, 0, 1, 1, 1, 1, 1, 1]
	1526066	1478351	1459716	17	M	81	A		-1	4315.54223637	[1, 1, 1, 1, 1, 1, 1, 1, 1, 1, 1, 1]
	1515140	1488344	1421482	17	M	50	A		-1	4315.99786046	[1, 1, 1, 1, 1, 1, 1, 1, 1, 1, 1, 1]
	1542660	1474810	1469616	17	M	39	A		-1	4316.2713696	[1, 1, 1, 1, 1, 1, 1, 1, 1, 1, 1, 1]
	1523034	1488344	1467528	17	M	86	A		-1	4316.53719581	[1, 1, 1, 1, 1, 1, 1, 1, 1, 1, 1, 1]
	1557164	1468577	1456671	17	M	49	A		-1	4316.89249752	[1, 1, 1, 1, 1, 1, 1, 1, 1, 1, 1, 1]
	1525512	1442864	1267765	17	M	59	A		-1	4317.58254515	[1, 1, 1, 0, 1, 1, 1, 1, 1, 1, 1, 1]
	1539949	1464393	1394951	17	M	9	A		-1	4317.84423203	[1, 1, 1, 1, 1, 1, 1, 1, 1, 1, 1, 1]
	1530511	1443073	1421529	17	M	8	A		-1	4318.01619499	[1, 1, 1, 1, 1, 1, 1, 1, 1, 1, 1, 1]
	1500570	1408912	1469361	17	M	53	A		-1	4318.1801333	[1, 1, 1, 1, 1, 1, 1, 1, 1, 1, 1, 1]
	1580662	1345101	1295627	17	M	5	A		-1	4318.82958296	[1, 1, 1, 1, 1, 1, 1, 1, 1, 1, 1, 1]
	1525061	1437277	1494706	17	M	44	A		-1	4319.31452595	[1, 1, 1, 1, 1, 1, 1, 1, 1, 1, 1, 1]
	1540433	1428092	1470523	17	M	65	A		-1	4319.61929132	[1, 1, 1, 1, 1, 1, 1, 1, 1, 1, 1, 1]
	1493105	1259274	1312352	16	M	95	A		-1	4320.43800196	[1, 1, 1, 1, 1, 1, 1, 1, 1, 1, 1, 1]
	1546776	1427236	1461352	17	M	50	A		-1	4320.98851278	[1, 1, 1, 1, 1, 1, 1, 1, 1, 1, 1, 1]
	1556645	1480275	1294905	17	M	22	A		-1	4321.45011086	[1, 1, 1, 1, 1, 1, 1, 0, 1, 1, 1, 1]
	1539517	1445936	1343965	17	M	17	A		-1	4321.67976629	[1, 1, 1, 1, 1, 1, 1, 1, 1, 1, 1, 1]
	1549582	1466325	1435354	17	M	8	A		-1	4322.49211249	[1, 1, 1, 0, 1, 1, 1, 1, 1, 1, 1, 1]
	1496354	1404528	1453725	17	M	91	A		-1	4323.08717067	[1, 1, 1, 1, 1, 1, 1, 1, 1, 1, 1, 1]
	1526820	1398448	1457459	17	M	16	A		-1	4323.19310722	[1, 1, 1, 1, 1, 1, 1, 1, 1, 1, 1, 1]
	1550884	1406239	1398995	17	M	80	A		-1	4324.16096101	[1, 1, 1, 1, 1, 1, 1, 1, 1, 1, 1, 1]
	1553425	1397261	1463375	17	M	30	A		-1	4324.31089099	[1, 1, 1, 1, 1, 1, 1, 1, 1, 1, 1, 1]
	1505915	1421091	1404328	17	M	65	A		-1	4324.47263203	[1, 1, 1, 1, 1, 1, 1, 1, 1, 1, 1, 0]
	1506740	1485951	1494662	17	M	52	A		-1	4326.1479828	[1, 1, 1, 1, 1, 1, 1, 1, 1, 1, 1, 0]
	1583522	1485397	1354837	17	M	93	A		-1	4326.32664253	[1, 1, 1, 1, 1, 1, 1, 1, 1, 1, 1, 1]
	1550913	1493105	1328944	17	M	67	A		-1	4326.40381639	[1, 1, 1, 1, 1, 1, 1, 1, 1, 1, 1, 1]
	1579907	1421359	1313879	17	M	10	A		-1	4327.55830389	[1, 1, 1, 1, 1, 1, 1, 1, 1, 1, 1, 1]
	1533226	1478525	1457823	17	M	52	A		-1	4328.07572299	[1, 1, 1, 1, 1, 1, 1, 1, 1, 1, 1, 1]
	1498221	1458667	1429377	17	M	83	A		-1	4328.08977879	[1, 1, 1, 1, 1, 1, 1, 1, 1, 1, 1, 1]
	1579395	1444649	1449250	17	M	36	A		-1	4328.17663292	[1, 1, 1, 1, 1, 1, 1, 1, 1, 1, 1, 1]
	1537463	1439765	1322201	17	M	68	A		-1	4328.25140384	[1, 1, 1, 1, 1, 1, 1, 1, 1, 1, 1, 1]
	1570943	1480045	1439008	17	M	78	A		-1	4328.59062358	[1, 1, 1, 1, 1, 1, 1, 1, 1, 1, 1, 1]
	1514257	1436042	1372852	17	M	72	A		-1	4328.77767679	[1, 1, 1, 1, 1, 1, 1, 1, 1, 1, 1, 1]
	1518630	1490106	1494363	17	M	65	A		-1	4328.8630701	[1, 1, 0, 1, 1, 1, 1, 1, 1, 1, 1, 1]
	1500479	1294912	1488330	17	M	98	A		-1	4329.55007667	[1, 1, 1, 1, 1, 1, 1, 1, 1, 1, 1, 1]
	1584619	1424040	1283139	17	M	29	A		-1	4330.82714352	[1, 1, 1, 1, 1, 1, 1, 1, 1, 1, 1, 1]
	1584550	1478525	1468389	17	M	55	A		-1	4331.19706743	[1, 1, 1, 1, 1, 1, 1, 1, 1, 1, 1, 1]
	1527041	1470269	1449608	17	M	6	A		-1	4331.86207495	[1, 1, 1, 1, 1, 1, 1, 1, 1, 1, 1, 1]
	1406239	1321609	1351855	16	M	87	A		-1	4332.08328515	[1, 1, 1, 1, 1, 1, 1, 1, 1, 1, 1, 1]
	1478351	1366934	1239030	16	M	3	A		-1	4332.82060323	[1, 1, 1, 1, 1, 1, 1, 1, 1, 1, 1, 1]
	1593556	1442935	1483917	17	M	7	A		-1	4333.03510786	[1, 1, 1, 1, 1, 1, 1, 1, 1, 1, 1, 1]
	1514462	1434954	1397073	17	M	2	A		-1	4333.35399126	[1, 1, 1, 1, 1, 1, 1, 1, 1, 1, 0, 1]
	1572581	1444235	1329352	17	M	5	A		-1	4333.44907142	[1, 1, 1, 1, 1, 1, 1, 1, 1, 1, 1, 1]
	1540998	1438535	1332759	17	M	72	A		-1	4334.89587319	[1, 1, 1, 0, 1, 0, 1, 1, 1, 1, 1, 1]
	1590160	1469128	1324444	17	M	60	A		-1	4335.74433713	[1, 1, 1, 1, 1, 1, 1, 1, 1, 1, 1, 1]
	1495182	1466621	1487450	17	M	34	A		-1	4336.20486537	[1, 1, 1, 0, 1, 1, 1, 1, 1, 1, 1, 0]
	1528796	1447877	1476495	17	M	19	A		-1	4336.38664292	[1, 1, 1, 1, 1, 1, 1, 1, 1, 1, 1, 1]
	1542303	1490860	1359585	17	M	86	A		-1	4336.54189989	[1, 1, 1, 1, 1, 1, 1, 1, 1, 1, 1, 1]
	1569993	1487349	1310498	17	M	100	A		-1	4337.56038621	[1, 1, 1, 1, 1, 0, 1, 1, 1, 1, 1, 1]
	1562920	1428569	1418998	17	M	73	A		-1	4338.44031611	[1, 1, 1, 1, 1, 1, 1, 1, 1, 1, 1, 0]
	1583815	1454353	1329807	17	M	11	A		-1	4338.444792	[1, 1, 1, 1, 1, 1, 1, 1, 1, 1, 1, 1]
	1525150	1303617	1471979	17	M	76	A		-1	4338.63287496	[1, 1, 1, 1, 1, 1, 1, 1, 1, 1, 1, 1]
	1573910	1459059	1454799	17	M	48	A		-1	4338.98037562	[1, 1, 1, 1, 1, 1, 1, 1, 1, 1, 1, 1]
	1565270	1415766	1492231	17	M	90	A		-1	4339.33985589	[1, 1, 1, 1, 1, 1, 1, 1, 1, 1, 1, 1]
	1513067	1453833	1479285	17	M	83	A		-1	4340.09149371	[1, 1, 1, 1, 1, 1, 1, 1, 1, 1, 1, 1]
	1538452	1421091	1478485	17	M	100	A		-1	4340.3864905	[1, 1, 1, 1, 1, 1, 1, 1, 1, 1, 1, 1]
	1549340	1478166	1486180	17	M	75	A		-1	4342.50990266	[1, 1, 1, 1, 1, 1, 1, 1, 1, 1, 1, 1]
	1527854	1416727	1346424	17	M	39	A		-1	4343.02551424	[1, 1, 1, 1, 1, 1, 1, 1, 1, 1, 1, 1]
	1539779	1416519	1295089	17	M	91	A		-1	4343.58482165	[1, 1, 1, 1, 1, 1, 1, 1, 1, 1, 1, 1]
	1564169	1458241	1416448	17	M	9	A		-1	4344.80375446	[0, 1, 1, 1, 1, 1, 1, 1, 1, 1, 1, 1]
	1514966	1440769	1450095	17	M	74	A		-1	4344.99450562	[1, 1, 1, 1, 1, 1, 1, 1, 1, 1, 1, 1]
	1588615	1413328	1488036	17	M	24	A		-1	4345.02186259	[1, 1, 1, 1, 1, 1, 1, 1, 1, 1, 1, 1]
	1584529	1436245	1452809	17	M	69	A		-1	4345.20734049	[1, 1, 1, 1, 1, 1, 1, 1, 1, 1, 1, 0]
	1568841	1430241	1418055	17	M	52	A		-1	4345.42695959	[1, 1, 1, 1, 1, 1, 1, 1, 1, 1, 1, 1]
	1569012	1400199	1448191	17	M	79	A		-1	4345.78531791	[1, 1, 1, 0, 1, 1, 1, 1, 1, 1, 1, 1]
	1534948	1406239	1359574	17	M	98	A		-1	4345.87598438	[1, 1, 1, 1, 1, 1, 1, 1, 1, 1, 1, 1]
	1498675	1443073	1333873	17	M	26	A		-1	4345.96556117	[1, 1, 1, 1, 1, 1, 1, 1, 1, 1, 1, 1]
	1520505	1465382	1399031	17	M	64	A		-1	4346.24600804	[1, 1, 1, 1, 1, 1, 1, 1, 1, 1, 1, 1]
	1521820	1429796	1297216	17	M	0	A		-1	4346.43885399	[1, 1, 1, 1, 1, 1, 1, 1, 1, 1, 1, 1]
	1567570	1433449	1451395	17	M	49	A		-1	4346.83606996	[1, 1, 1, 1, 1, 1, 1, 1, 1, 1, 1, 0]
	1541830	1400868	1433980	17	M	4	A		-1	4347.044332	[1, 1, 1, 1, 1, 1, 1, 1, 1, 1, 1, 0]
	1552761	1473536	1401552	17	M	31	A		-1	4347.78198797	[1, 1, 1, 1, 1, 1, 1, 1, 1, 1, 1, 1]
	1490860	1341730	1325051	16	M	70	A		-1	4348.38875161	[1, 1, 1, 1, 1, 1, 1, 1, 1, 1, 1, 1]
	1563953	1401977	1491028	17	M	28	A		-1	4348.73513116	[1, 1, 1, 1, 1, 1, 1, 1, 1, 1, 1, 1]
	1508746	1488344	1422739	17	M	4	A		-1	4349.35328989	[1, 1, 1, 1, 1, 1, 1, 1, 1, 1, 1, 1]
	1564065	1434584	1394956	17	M	53	A		-1	4349.43403715	[1, 1, 1, 1, 1, 1, 1, 1, 1, 1, 1, 1]
	1501836	1493701	1332385	17	M	24	A		-1	4349.59779002	[1, 1, 1, 1, 1, 1, 1, 1, 1, 1, 1, 1]
	1581764	1429796	1437676	17	M	51	A		-1	4350.01860313	[1, 1, 1, 1, 1, 1, 1, 1, 1, 1, 1, 1]
	1578531	1421891	1435199	17	M	41	A		-1	4350.52488557	[1, 0, 1, 1, 1, 1, 1, 0, 1, 1, 1, 1]
	1571861	1483245	1315587	17	M	67	A		-1	4351.68382408	[1, 1, 1, 1, 1, 1, 1, 1, 1, 1, 1, 0]
	1529573	1444235	1479753	17	M	63	A		-1	4352.18347175	[1, 1, 1, 1, 1, 1, 1, 1, 1, 1, 1, 1]
	1517664	1492631	1404580	17	M	30	A		-1	4352.34659356	[1, 1, 1, 1, 1, 1, 1, 1, 1, 1, 1, 1]
	1414550	1332082	1323182	16	M	2	A		-1	4352.84601373	[1, 1, 1, 1, 1, 1, 1, 1, 1, 1, 1, 1]
	1515318	1406239	1401376	17	M	23	A		-1	4353.1939535	[1, 1, 1, 1, 1, 1, 1, 1, 1, 1, 1, 1]
	1564049	1438554	1492168	17	M	41	A		-1	4354.05595101	[1, 1, 1, 1, 1, 1, 1, 1, 1, 1, 1, 0]
	1439795	1322172	1285011	16	M	35	A		-1	4355.53534359	[1, 1, 1, 0, 1, 1, 1, 1, 1, 1, 1, 1]
	1528275	1408180	1447812	17	M	56	A		-1	4356.55206135	[1, 1, 1, 1, 1, 1, 1, 1, 1, 1, 1, 1]
	1548692	1414550	1420973	17	M	66	A		-1	4357.28318342	[1, 1, 1, 1, 1, 1, 1, 1, 1, 1, 1, 1]
	1503511	1471079	1394843	17	M	62	A		-1	4357.35175127	[1, 1, 1, 1, 1, 1, 1, 1, 1, 1, 1, 1]
	1524575	1428000	1465662	17	M	83	A		-1	4357.97126189	[1, 1, 1, 1, 1, 1, 1, 1, 1, 1, 1, 1]
	1549841	1439096	1432427	17	M	7	A		-1	4358.19772702	[1, 1, 1, 1, 1, 1, 1, 1, 1, 1, 1, 0]
	1506658	1300840	1430728	17	M	72	A		-1	4358.3957436	[1, 1, 1, 1, 1, 0, 1, 1, 1, 1, 1, 1]
	1586000	1464417	1482326	17	M	12	A		-1	4358.58105829	[1, 1, 1, 1, 1, 1, 1, 0, 1, 1, 1, 0]
	1587420	1422659	1445552	17	M	19	A		-1	4359.00891401	[1, 1, 1, 1, 1, 1, 1, 1, 1, 1, 1, 1]
	1516250	1450975	1330355	17	M	81	A		-1	4359.90936329	[1, 1, 1, 0, 1, 1, 1, 1, 1, 1, 1, 1]
	1590413	1467170	1484106	17	M	81	A		-1	4360.20020355	[1, 1, 1, 1, 1, 1, 1, 1, 1, 1, 1, 1]
	1537862	1428588	1479933	17	M	45	A		-1	4361.63202223	[1, 1, 0, 1, 1, 1, 1, 1, 1, 1, 1, 1]
	1525604	1454982	1420479	17	M	98	A		-1	4362.00915562	[1, 1, 1, 1, 1, 1, 1, 1, 1, 1, 1, 1]
	1588856	1428402	1443739	17	M	43	A		-1	4362.22416309	[1, 1, 1, 1, 1, 1, 1, 1, 1, 1, 1, 1]
	1517283	1456040	1250743	17	M	90	A		-1	4363.26093104	[1, 1, 1, 1, 1, 1, 1, 1, 1, 1, 1, 1]
	1582813	1437247	1422051	17	M	93	A		-1	4364.57278166	[1, 1, 0, 1, 1, 1, 1, 1, 1, 1, 1, 1]
	1497511	1294912	1409673	17	M	26	A		-1	4365.08837788	[0, 1, 1, 1, 1, 1, 1, 1, 1, 1, 1, 1]
	1535045	1478707	1452253	17	M	13	A		-1	4365.27442562	[1, 1, 1, 1, 1, 1, 1, 1, 1, 1, 1, 1]
	1514350	1439271	1417656	17	M	100	A		-1	4368.03614908	[1, 1, 1, 1, 1, 1, 1, 1, 1, 1, 1, 1]
	1539669	1409728	1439543	17	M	36	A		-1	4368.42396616	[1, 1, 1, 1, 1, 1, 1, 1, 1, 1, 1, 1]
	1573979	1472426	1425054	17	M	88	A		-1	4369.50754516	[1, 1, 1, 1, 1, 1, 1, 1, 1, 1, 1, 1]
	1581896	1430367	1398840	17	M	1	A		-1	4370.61723881	[1, 1, 1, 1, 1, 1, 1, 1, 1, 1, 1, 1]
	1575242	1424278	1393476	17	M	29	A		-1	4371.33833944	[1, 0, 1, 1, 1, 1, 1, 1, 1, 1, 1, 1]
	1544284	1396525	1415769	17	M	87	A		-1	4371.55884373	[1, 1, 1, 1, 1, 1, 1, 1, 1, 1, 1, 1]
	1501295	1470381	1424607	17	M	85	A		-1	4373.12258494	[1, 1, 1, 1, 1, 1, 1, 1, 1, 1, 1, 1]
	1522424	1454728	1440065	17	M	72	A		-1	4373.88722931	[1, 1, 0, 1, 1, 1, 1, 1, 1, 1, 1, 1]
	1584520	1397411	1464340	17	M	83	A		-1	4374.24137044	[1, 1, 1, 1, 1, 1, 1, 1, 1, 1, 1, 1]
	1526159	1439795	1373271	17	M	84	A		-1	4374.3798155	[1, 1, 1, 1, 1, 1, 1, 1, 1, 1, 1, 1]
	1555183	1476518	1396432	17	M	41	A		-1	4374.66565702	[1, 1, 1, 1, 1, 1, 1, 1, 1, 1, 1, 1]
	1564142	1421064	1462264	17	M	20	A		-1	4376.14417571	[1, 1, 1, 1, 1, 1, 1, 1, 1, 1, 1, 1]
	1567988	1402464	1466599	17	M	55	A		-1	4376.29636149	[1, 1, 1, 1, 1, 1, 1, 1, 1, 1, 0, 1]
	1531966	1476748	1460543	17	M	74	A		-1	4376.69729528	[1, 1, 1, 1, 1, 1, 1, 1, 1, 1, 1, 1]
	1496506	1431664	1399754	17	M	15	A		-1	4377.45305845	[0, 1, 1, 1, 1, 1, 1, 1, 1, 1, 1, 1]
	1545489	1401500	1479420	17	M	27	A		-1	4377.46106648	[1, 1, 0, 0, 1, 1, 1, 1, 1, 1, 1, 1]
	1589866	1475389	1467756	17	M	22	A		-1	4377.98568404	[1, 1, 1, 1, 1, 1, 1, 1, 1, 1, 1, 1]
	1564532	1493901	1412311	17	M	56	A		-1	4378.03150782	[1, 1, 1, 1, 1, 1, 1, 1, 1, 1, 1, 1]
	1497175	1414550	1465984	17	M	27	A		-1	4379.62485595	[1, 1, 1, 1, 1, 0, 1, 1, 1, 1, 1, 0]
	1532781	1434584	1454062	17	M	68	A		-1	4379.94267276	[1, 1, 1, 1, 1, 1, 1, 1, 1, 1, 1, 1]
	1557180	1450117	1460864	17	M	88	A		-1	4381.30788652	[1, 1, 1, 1, 1, 1, 1, 1, 1, 1, 1, 1]
	1516925	1476748	1409087	17	M	37	A		-1	4382.37713552	[1, 1, 1, 1, 1, 1, 1, 1, 1, 1, 1, 1]
	1522064	1397107	1396282	17	M	9	A		-1	4385.25376473	[0, 1, 1, 1, 1, 1, 1, 1, 1, 1, 1, 1]
	1587147	1438554	1287883	17	M	37	A		-1	4385.84431141	[1, 1, 1, 1, 1, 1, 1, 1, 1, 1, 1, 1]
	1549474	1403598	1433402	17	M	55	A		-1	4387.56554472	[0, 1, 1, 1, 1, 1, 1, 1, 1, 1, 1, 1]
	1583985	1435343	1450675	17	M	46	A		-1	4387.65676051	[1, 1, 1, 1, 1, 1, 1, 1, 1, 1, 1, 1]
	1499993	1419575	1404757	17	M	13	A		-1	4388.26028025	[1, 1, 1, 1, 1, 0, 1, 1, 1, 1, 1, 1]
	1496283	1468629	1479237	17	M	25	A		-1	4390.58840127	[0, 1, 1, 1, 1, 0, 1, 1, 1, 1, 1, 1]
	1506237	1474810	1479021	17	M	7	A		-1	4391.21232203	[1, 1, 1, 1, 1, 1, 1, 1, 1, 1, 1, 1]
	1540887	1444558	1143624	17	M	94	A		-1	4392.11099203	[1, 1, 1, 0, 1, 1, 1, 1, 1, 1, 1, 1]
	1592937	1413344	1491718	17	M	93	A		-1	4393.49840105	[1, 1, 1, 1, 1, 1, 1, 1, 1, 1, 1, 1]
	1580854	1462589	1443729	17	M	19	A		-1	4393.61722514	[1, 1, 1, 1, 1, 1, 1, 0, 1, 1, 1, 1]
	1429796	1300840	1140831	16	M	11	A		-1	4395.32280748	[1, 1, 1, 1, 1, 1, 1, 1, 1, 1, 1, 1]
	1570504	1443073	1247723	17	M	90	A		-1	4396.5206025	[1, 1, 1, 1, 1, 1, 1, 1, 1, 1, 1, 1]
	1569773	1455614	1401688	17	M	91	A		-1	4397.45247707	[1, 1, 1, 1, 1, 1, 1, 1, 1, 1, 1, 1]
	1530266	1475028	1417008	17	M	12	A		-1	4398.70763662	[1, 1, 1, 1, 1, 1, 1, 1, 1, 1, 1, 1]
	1469128	1346035	1386197	16	M	3	A		-1	4400.34135052	[1, 1, 1, 1, 1, 1, 1, 1, 1, 1, 1, 0]
	1574435	1484582	1463131	17	M	58	A		-1	4400.49984569	[1, 1, 1, 1, 1, 1, 1, 1, 1, 1, 1, 1]
	1528135	1395408	1392397	17	M	51	A		-1	4400.60274191	[1, 1, 1, 1, 1, 1, 1, 1, 1, 1, 1, 1]
	1521575	1475511	1335873	17	M	83	A		-1	4401.79867696	[1, 1, 1, 1, 1, 1, 1, 1, 1, 1, 1, 0]
	1517568	1409730	1403878	17	M	81	A		-1	4401.98032677	[0, 1, 1, 1, 1, 1, 1, 1, 1, 1, 1, 1]
	1523948	1439795	1468500	17	M	12	A		-1	4402.07008264	[1, 1, 1, 1, 1, 1, 1, 1, 1, 1, 1, 1]
	1553286	1478166	1460842	17	M	92	A		-1	4402.81630115	[1, 1, 1, 1, 1, 1, 1, 1, 1, 1, 1, 1]
	1530078	1445831	1450956	17	M	78	A		-1	4403.77719004	[1, 1, 1, 1, 1, 1, 1, 1, 1, 1, 1, 1]
	1543555	1493901	1483305	17	M	24	A		-1	4403.88840589	[1, 1, 1, 1, 1, 1, 1, 1, 1, 1, 1, 1]
	1558736	1478602	1458830	17	M	44	A		-1	4404.25135486	[1, 1, 1, 1, 1, 1, 1, 1, 1, 1, 1, 1]
	1563443	1414867	1473390	17	M	23	A		-1	4404.40767166	[1, 1, 1, 1, 1, 1, 1, 1, 1, 1, 1, 1]
	1550546	1494039	1302488	17	M	6	A		-1	4405.32124304	[1, 1, 0, 1, 1, 1, 1, 1, 1, 1, 1, 1]
	1507113	1493105	1430471	17	M	99	A		-1	4405.95215927	[1, 1, 1, 1, 1, 1, 1, 1, 1, 1, 1, 0]
	1548397	1464417	1329448	17	M	46	A		-1	4407.35513178	[1, 1, 1, 1, 1, 1, 1, 0, 1, 1, 1, 0]
	1520831	1428855	1441412	17	M	40	A		-1	4407.52478111	[0, 1, 0, 0, 1, 1, 1, 1, 1, 1, 1, 1]
	1593335	1454982	1450474	17	M	84	A		-1	4407.84697049	[1, 1, 1, 1, 1, 1, 1, 1, 1, 1, 1, 1]
	1522598	1466592	1494320	17	M	7	A		-1	4408.16285376	[0, 1, 1, 1, 1, 1, 1, 1, 1, 1, 1, 1]
	1511327	1469128	1418480	17	M	54	A		-1	4409.26996034	[1, 1, 1, 1, 1, 1, 1, 1, 1, 1, 1, 1]
	1540315	1475697	1485226	17	M	15	A		-1	4409.53647813	[1, 1, 0, 1, 1, 1, 1, 1, 1, 1, 1, 0]
	1542336	1478602	1402154	17	M	97	A		-1	4411.11033991	[1, 1, 1, 1, 1, 0, 1, 1, 1, 1, 1, 1]
	1522229	1438535	1399761	17	M	78	A		-1	4411.49595241	[1, 1, 0, 1, 1, 1, 1, 1, 1, 1, 1, 1]
	1593147	1490860	1493604	17	M	88	A		-1	4411.60475103	[1, 1, 1, 1, 1, 1, 1, 1, 1, 1, 1, 0]
	1497480	1468978	1442393	17	M	76	A		-1	4412.33046803	[1, 1, 1, 1, 1, 1, 1, 1, 1, 1, 1, 1]
	1553953	1429796	1449260	17	M	21	A		-1	4413.99375787	[1, 1, 1, 1, 1, 1, 1, 1, 1, 1, 1, 1]
	1522153	1487349	1457655	17	M	40	A		-1	4414.72294566	[1, 1, 1, 1, 1, 0, 1, 1, 1, 1, 1, 1]
	1563584	1432467	1482054	17	M	94	A		-1	4416.04774188	[1, 1, 1, 1, 1, 1, 1, 1, 1, 1, 1, 0]
	1586229	1406474	1467048	17	M	63	A		-1	4418.05335372	[1, 1, 1, 1, 1, 1, 1, 1, 1, 1, 1, 1]
	1520728	1431493	1493879	17	M	3	A		-1	4419.19236091	[1, 1, 1, 1, 1, 1, 1, 1, 1, 1, 1, 1]
	1570177	1457826	1410451	17	M	59	A		-1	4419.22230096	[1, 1, 1, 1, 1, 1, 1, 1, 1, 1, 1, 0]
	1521223	1478707	1430942	17	M	30	A		-1	4420.61448328	[1, 1, 1, 1, 1, 1, 1, 1, 1, 1, 1, 1]
	1579522	1469128	1435946	17	M	100	A		-1	4420.73356851	[1, 1, 1, 1, 1, 1, 1, 1, 1, 1, 1, 0]
	1543021	1438985	1477785	17	M	4	A		-1	4422.51497558	[1, 1, 1, 1, 1, 1, 1, 1, 1, 1, 1, 0]
	1549059	1477460	1457945	17	M	26	A		-1	4422.7395121	[0, 1, 1, 1, 1, 1, 1, 1, 1, 1, 1, 1]
	1546669	1447149	1442083	17	M	52	A		-1	4424.02736926	[1, 1, 1, 1, 1, 1, 1, 1, 1, 1, 1, 1]
	1539206	1430068	1445182	17	M	94	A		-1	4424.66996844	[1, 1, 1, 1, 1, 1, 1, 1, 1, 1, 1, 1]
	1581364	1431664	1450258	17	M	34	A		-1	4425.84648348	[1, 1, 1, 1, 1, 1, 1, 1, 1, 1, 1, 1]
	1575945	1450608	1396211	17	M	54	A		-1	4430.30794221	[1, 1, 1, 0, 1, 1, 1, 1, 1, 1, 1, 1]
	1499637	1490373	1414880	17	M	47	A		-1	4430.46818914	[1, 1, 1, 1, 1, 1, 1, 1, 1, 1, 1, 1]
	1518459	1492644	1472484	17	M	74	A		-1	4430.60035295	[1, 1, 1, 1, 1, 1, 1, 1, 1, 1, 1, 0]
	1502060	1398369	1420202	17	M	80	A		-1	4431.1154026	[1, 1, 1, 1, 1, 1, 1, 1, 1, 1, 1, 1]
	1518999	1479743	1354476	17	M	15	A		-1	4431.44061842	[1, 1, 1, 1, 1, 1, 1, 1, 1, 1, 1, 1]
	1510614	1478910	1419972	17	M	21	A		-1	4431.96806711	[1, 1, 1, 1, 1, 1, 1, 1, 1, 1, 1, 0]
	1500971	1465312	1493432	17	M	27	A		-1	4432.68595594	[1, 1, 1, 1, 1, 1, 1, 1, 1, 1, 1, 1]
	1507993	1414867	1395470	17	M	97	A		-1	4434.33093541	[1, 1, 1, 1, 1, 1, 1, 1, 1, 1, 1, 1]
	1582954	1417053	1419123	17	M	44	A		-1	4437.88444735	[1, 1, 1, 1, 1, 1, 1, 1, 1, 1, 1, 1]
	1520748	1412995	1463429	17	M	29	A		-1	4440.69672144	[1, 1, 1, 1, 1, 1, 1, 1, 1, 1, 1, 1]
	1525373	1395169	1447115	17	M	94	A		-1	4441.14915405	[1, 1, 1, 1, 1, 1, 1, 1, 1, 1, 1, 0]
	1543027	1453058	1454197	17	M	42	A		-1	4441.2771553	[1, 1, 1, 1, 1, 1, 1, 1, 1, 1, 1, 1]
	1507283	1483840	1429541	17	M	71	A		-1	4441.2928742	[1, 1, 1, 1, 1, 1, 1, 1, 1, 1, 1, 1]
	1594390	1336066	1323832	17	M	21	A		-1	4441.97208917	[1, 1, 0, 1, 1, 1, 1, 1, 1, 1, 1, 1]
	1527435	1409642	1483085	17	M	72	A		-1	4443.00022343	[1, 1, 1, 1, 1, 1, 1, 1, 1, 1, 1, 1]
	1576641	1406239	1426651	17	M	43	A		-1	4444.56093191	[1, 1, 1, 1, 1, 1, 1, 1, 1, 1, 1, 1]
	1496339	1434849	1453682	17	M	70	A		-1	4444.95730115	[1, 1, 1, 1, 1, 1, 1, 1, 1, 1, 1, 1]
	1584227	1414867	1399199	17	M	45	A		-1	4445.93349558	[1, 1, 1, 1, 1, 1, 1, 1, 1, 1, 1, 1]
	1522012	1446969	1367906	17	M	56	A		-1	4445.94227224	[1, 1, 1, 1, 1, 1, 1, 1, 1, 1, 1, 1]
	1438554	1366934	1338987	16	M	12	A		-1	4447.25055589	[1, 1, 1, 1, 1, 1, 1, 1, 1, 1, 1, 0]
	1556493	1455614	1413772	17	M	93	A		-1	4449.20758455	[1, 1, 1, 1, 1, 1, 1, 1, 1, 1, 1, 1]
	1521574	1401500	1460270	17	M	78	A		-1	4449.38786483	[1, 1, 1, 1, 1, 1, 1, 1, 1, 1, 1, 1]
	1551846	1404954	1420057	17	M	75	A		-1	4449.83238801	[1, 1, 1, 1, 1, 1, 1, 1, 1, 1, 1, 1]
	1583092	1459781	1360206	17	M	27	A		-1	4454.08069198	[1, 1, 1, 1, 1, 1, 1, 1, 1, 1, 1, 1]
	1571109	1487106	1453582	17	M	1	A		-1	4454.70878711	[1, 1, 1, 0, 1, 1, 1, 1, 1, 1, 1, 0]
	1524645	1424278	1457210	17	M	10	A		-1	4456.80365637	[1, 0, 1, 0, 1, 1, 1, 1, 1, 1, 1, 0]
	1594653	1474435	1380398	17	M	93	A		-1	4460.19886532	[1, 1, 1, 1, 1, 1, 1, 1, 1, 1, 1, 1]
	1587132	1405052	1490906	17	M	2	A		-1	4461.5536039	[1, 1, 1, 1, 1, 1, 1, 1, 1, 1, 1, 1]
	1556377	1401500	1425188	17	M	100	A		-1	4461.98431035	[1, 1, 1, 0, 1, 1, 1, 1, 1, 1, 1, 1]
	1513298	1411814	1353212	17	M	15	A		-1	4463.26018603	[1, 1, 1, 1, 1, 1, 1, 1, 1, 1, 1, 1]
	1520599	1488587	1139230	17	M	80	A		-1	4464.14987173	[1, 1, 1, 1, 1, 1, 1, 1, 1, 1, 1, 1]
	1548664	1444265	1410318	17	M	79	A		-1	4465.36795127	[1, 1, 0, 1, 1, 1, 1, 1, 1, 1, 1, 1]
	1559031	1403049	1373419	17	M	82	A		-1	4467.25798616	[1, 1, 1, 1, 1, 1, 1, 1, 1, 1, 1, 1]
	1525605	1478351	1425732	17	M	96	A		-1	4472.44004839	[1, 1, 1, 1, 1, 1, 1, 1, 1, 1, 1, 1]
	1587707	1447877	1491528	17	M	50	A		-1	4479.12232825	[1, 1, 1, 1, 1, 1, 1, 1, 1, 1, 1, 1]
	1564074	1488587	1435537	17	M	98	A		-1	4479.38554692	[1, 1, 1, 1, 1, 1, 1, 1, 1, 1, 1, 1]
	1559362	1436993	1482180	17	M	18	A		-1	4482.85445631	[1, 1, 1, 1, 1, 0, 1, 1, 1, 1, 1, 1]
	1573191	1490106	1451069	17	M	100	A		-1	4484.22022236	[1, 1, 1, 1, 1, 1, 1, 1, 1, 1, 1, 1]
	1526636	1420451	1434539	17	M	65	A		-1	4485.43787639	[1, 1, 1, 1, 1, 1, 1, 1, 1, 1, 1, 1]
	1563688	1410199	1342261	17	M	48	A		-1	4486.3909841	[1, 1, 1, 0, 1, 1, 1, 1, 1, 1, 1, 1]
	1506945	1486426	1445400	17	M	59	A		-1	4493.87917757	[1, 1, 0, 1, 1, 1, 1, 0, 1, 1, 1, 1]
	1509474	1450608	1436606	17	M	97	A		-1	4498.98469211	[1, 1, 1, 0, 1, 1, 1, 1, 1, 1, 1, 1]
	1468957	1311300	1389027	16	M	37	A		-1	4499.15884424	[1, 1, 1, 1, 1, 1, 1, 1, 1, 1, 1, 0]
	1512571	1410228	1490927	17	M	60	A		-1	4501.57096342	[1, 1, 1, 1, 1, 1, 1, 1, 1, 1, 1, 1]
	1580036	1321365	1424886	17	M	12	A		-1	4505.52519727	[1, 1, 1, 1, 1, 1, 1, 1, 1, 1, 1, 1]
	1558425	1475028	1409893	17	M	50	A		-1	4508.55345191	[1, 1, 1, 1, 1, 1, 1, 1, 1, 1, 1, 1]
	1578124	1409642	1464772	17	M	46	A		-1	4510.0492316	[1, 1, 1, 1, 1, 1, 1, 1, 1, 1, 1, 1]
	1531077	1469128	1438275	17	M	86	A		-1	4512.89260419	[1, 1, 1, 1, 1, 1, 1, 1, 1, 1, 1, 1]
	1530133	1483840	1417769	17	M	88	A		-1	4514.3090816	[1, 1, 1, 1, 1, 0, 1, 1, 1, 1, 1, 1]
	1515842	1422353	1462500	17	M	54	A		-1	4518.06522477	[1, 1, 1, 1, 1, 0, 1, 1, 1, 1, 1, 0]
	1551695	1435343	1478040	17	M	21	A		-1	4521.34510437	[1, 1, 1, 1, 1, 1, 1, 1, 1, 1, 1, 0]
	1495581	1449854	1341450	17	M	46	A		-1	4523.5532548	[1, 1, 1, 1, 1, 1, 1, 1, 1, 1, 1, 1]
	1545377	1403598	1367555	17	M	27	A		-1	4535.32337974	[1, 1, 1, 1, 1, 1, 1, 1, 1, 1, 1, 1]
	1563301	1411814	1415291	17	M	88	A		-1	4538.85281423	[1, 1, 1, 1, 1, 1, 1, 1, 1, 1, 1, 1]
	1501936	1451042	1486694	17	M	57	A		-1	4569.83319283	[1, 1, 1, 0, 1, 1, 1, 1, 1, 1, 1, 1]
	1515768	1395339	1479874	17	M	68	A		-1	4570.50862105	[1, 1, 1, 1, 1, 1, 1, 1, 1, 1, 1, 1]
	1586367	1492631	1357062	17	M	61	A		-1	4574.97280709	[1, 1, 1, 1, 1, 1, 1, 1, 1, 1, 1, 1]
	1577417	1433449	1469043	17	M	54	A		-1	4578.00665733	[1, 1, 1, 1, 1, 1, 1, 1, 1, 1, 1, 0]
	1577838	1470269	1403503	17	M	57	A		-1	4583.86773254	[1, 1, 1, 1, 1, 1, 1, 1, 1, 1, 1, 1]
	1581026	1414550	1463833	17	M	94	A		-1	4589.91069211	[1, 1, 1, 1, 1, 1, 1, 1, 1, 1, 1, 1]
	1527938	1395339	1302558	17	M	77	A		-1	4606.29813783	[1, 1, 1, 1, 1, 1, 1, 1, 1, 1, 1, 1]
	1540973	1438554	1422699	17	M	69	A		-1	4609.20004488	[1, 1, 1, 1, 1, 1, 1, 1, 1, 1, 1, 1]
	1550840	1404618	1446521	17	M	96	A		-1	4658.25261751	[1, 1, 1, 1, 1, 1, 1, 1, 1, 1, 1, 1]
	1528820	1459781	1394914	17	M	27	A		-1	4667.94935067	[1, 1, 1, 1, 1, 1, 1, 1, 1, 1, 1, 1]
	1582234	1469128	1381321	17	M	78	A		-1	4930.56336129	[1, 1, 1, 1, 1, 1, 1, 1, 1, 1, 1, 0]
