animal	sire	dam	born	sex	herd	status	cause	died	TBV	recessives
	987813	826779	868553	11	M	134	A		-1	2957.47594753	[1, 1, 1, 1, 1, 1, 1, 1, 1, 1, 1, 1]
	985001	826779	804630	11	M	71	A		-1	2957.60981316	[1, 1, 1, 1, 1, 1, 1, 1, 1, 1, 1, 1]
	973338	825590	726000	11	M	5	A		-1	2958.1573798	[1, 1, 1, 1, 1, 1, 1, 1, 1, 1, 1, 1]
	926157	823582	880635	11	M	30	A		-1	2958.25648359	[1, 1, 1, 1, 1, 1, 1, 1, 1, 1, 1, 1]
	991391	826902	807793	11	M	26	A		-1	2958.40587912	[1, 1, 1, 1, 1, 1, 1, 1, 1, 1, 1, 1]
	992562	826902	638071	11	M	72	A		-1	2958.47338664	[1, 1, 1, 1, 1, 1, 1, 1, 1, 1, 1, 1]
	801737	724604	768512	10	M	104	A		-1	2959.20987082	[1, 1, 1, 1, 1, 1, 1, 1, 1, 1, 1, 1]
	941188	824313	772470	11	M	70	A		-1	2959.84253534	[1, 1, 1, 1, 1, 1, 1, 1, 1, 1, 1, 1]
	828801	721823	749367	10	M	99	A		-1	2959.99166431	[1, 1, 1, 1, 1, 1, 1, 1, 1, 1, 1, 1]
	953001	824814	809003	11	M	188	A		-1	2960.11220824	[1, 1, 1, 1, 1, 1, 1, 1, 1, 1, 1, 1]
	944724	824481	662328	11	M	49	A		-1	2960.52734781	[1, 1, 1, 1, 1, 1, 1, 1, 1, 1, 1, 1]
	992215	826902	829384	11	M	165	A		-1	2960.83196165	[1, 1, 1, 1, 1, 1, 1, 1, 1, 1, 1, 1]
	950844	824814	884752	11	M	38	A		-1	2961.06356782	[1, 1, 1, 1, 1, 1, 1, 1, 1, 1, 1, 1]
	992322	826902	825682	11	M	140	A		-1	2961.10272563	[1, 1, 1, 1, 1, 1, 1, 1, 1, 1, 1, 1]
	938018	823887	721012	11	M	100	A		-1	2961.66318697	[1, 1, 1, 1, 1, 1, 1, 1, 1, 1, 1, 1]
	955668	824874	877919	11	M	116	A		-1	2961.73434851	[1, 1, 1, 1, 1, 1, 1, 1, 1, 1, 1, 1]
	991322	826902	709609	11	M	134	A		-1	2961.79519003	[1, 1, 1, 1, 1, 1, 1, 1, 1, 1, 1, 1]
	696108	693879	668439	9	M	181	A		-1	2961.94734253	[1, 1, 1, 1, 1, 1, 1, 1, 1, 1, 1, 1]
	900570	825514	775566	11	M	52	A		-1	2961.97280224	[1, 1, 1, 1, 1, 1, 1, 1, 1, 1, 1, 1]
	901549	825514	801370	11	M	121	A		-1	2962.11266176	[1, 1, 1, 1, 1, 1, 1, 1, 1, 1, 1, 0]
	920385	823054	785834	11	M	200	A		-1	2962.18407883	[1, 1, 1, 1, 1, 1, 1, 1, 1, 1, 1, 1]
	907460	821514	832817	11	M	146	A		-1	2962.29881686	[1, 1, 1, 1, 1, 1, 1, 1, 1, 1, 1, 1]
	991936	826902	821125	11	M	125	A		-1	2962.39835966	[1, 1, 1, 0, 1, 1, 1, 1, 1, 1, 1, 1]
	865878	724263	706754	10	M	160	A		-1	2962.6079369	[1, 1, 1, 1, 1, 1, 1, 1, 1, 1, 1, 1]
	992323	826902	784403	11	M	101	A		-1	2962.99597763	[1, 1, 1, 1, 1, 1, 1, 1, 1, 1, 1, 1]
	976191	829691	871604	11	M	118	A		-1	2963.33050617	[1, 1, 1, 1, 1, 1, 1, 1, 1, 1, 1, 1]
	930752	823820	818019	11	M	44	A		-1	2963.34200228	[1, 1, 1, 0, 1, 1, 1, 1, 1, 1, 1, 1]
	974942	829691	812607	11	M	82	A		-1	2964.26057554	[1, 1, 1, 1, 1, 1, 1, 1, 1, 1, 1, 1]
	898479	894438	857206	11	M	3	A		-1	2964.2834131	[1, 1, 1, 1, 1, 1, 1, 1, 1, 1, 1, 1]
	951300	824814	711236	11	M	4	A		-1	2964.92982123	[1, 1, 1, 1, 1, 1, 1, 1, 1, 1, 1, 1]
	959781	825072	777286	11	M	177	A		-1	2965.06986233	[1, 1, 1, 1, 1, 1, 1, 1, 1, 1, 1, 1]
	976021	829691	828195	11	M	48	A		-1	2965.45098231	[1, 1, 1, 1, 1, 1, 1, 1, 1, 1, 1, 1]
	971717	825590	817760	11	M	178	A		-1	2965.58547922	[1, 1, 1, 1, 1, 1, 1, 1, 1, 1, 1, 1]
	961639	825072	893292	11	M	158	A		-1	2965.91444045	[1, 1, 1, 1, 1, 1, 1, 1, 1, 1, 1, 1]
	902828	825514	874076	11	M	164	A		-1	2965.99522177	[1, 1, 1, 1, 1, 1, 1, 1, 1, 1, 1, 1]
	993267	826902	812515	11	M	10	A		-1	2966.34256935	[1, 1, 1, 1, 1, 1, 1, 1, 1, 1, 1, 1]
	975758	829691	894129	11	M	13	A		-1	2966.47565391	[1, 1, 1, 1, 1, 1, 1, 1, 1, 1, 1, 1]
	921769	823054	885096	11	M	166	A		-1	2966.61288905	[1, 1, 1, 1, 1, 1, 1, 1, 1, 1, 1, 1]
	977380	829691	846175	11	M	72	A		-1	2966.69956805	[1, 1, 1, 1, 1, 1, 1, 1, 1, 1, 1, 1]
	986050	826779	852895	11	M	150	A		-1	2966.73374086	[1, 1, 1, 1, 1, 1, 1, 1, 1, 1, 1, 1]
	974640	829691	832135	11	M	136	A		-1	2966.8362574	[1, 1, 1, 1, 1, 1, 1, 1, 1, 1, 1, 1]
	952314	824814	776338	11	M	66	A		-1	2967.03643648	[1, 1, 1, 1, 1, 1, 1, 1, 1, 1, 1, 1]
	992198	826902	880999	11	M	42	A		-1	2967.13276582	[1, 1, 1, 1, 1, 1, 1, 1, 1, 1, 1, 1]
	922100	823054	847342	11	M	191	A		-1	2967.18103395	[1, 1, 1, 1, 1, 1, 1, 1, 1, 1, 1, 1]
	993119	826902	716268	11	M	131	A		-1	2967.51703131	[1, 1, 1, 1, 1, 1, 1, 1, 1, 1, 1, 1]
	986470	826779	874346	11	M	74	A		-1	2967.87215996	[1, 1, 1, 1, 1, 1, 1, 1, 1, 1, 1, 1]
	891199	726205	699878	10	M	70	A		-1	2967.9506878	[1, 1, 1, 1, 1, 1, 1, 1, 1, 1, 1, 1]
	929144	823582	871979	11	M	21	A		-1	2967.95478926	[1, 1, 1, 1, 1, 1, 1, 1, 1, 1, 1, 1]
	985254	826779	813593	11	M	80	A		-1	2968.049303	[1, 1, 1, 1, 1, 1, 1, 1, 1, 1, 1, 1]
	989708	826902	721004	11	M	157	A		-1	2968.34132423	[1, 1, 1, 1, 1, 1, 1, 1, 1, 1, 1, 1]
	920787	823054	891934	11	M	34	A		-1	2968.36966553	[1, 1, 1, 1, 1, 1, 1, 1, 1, 1, 1, 1]
	903200	825514	849629	11	M	4	A		-1	2968.68691956	[1, 1, 1, 1, 1, 1, 1, 1, 1, 1, 1, 1]
	898554	894438	807038	11	M	59	A		-1	2969.16875917	[1, 1, 1, 1, 1, 1, 1, 1, 1, 1, 1, 1]
	988860	826779	868102	11	M	148	A		-1	2969.27823327	[1, 1, 1, 1, 1, 1, 1, 1, 1, 1, 1, 1]
	941336	824313	893616	11	M	140	A		-1	2969.42004001	[1, 1, 1, 1, 1, 1, 1, 1, 1, 1, 1, 1]
	900319	825514	859491	11	M	41	A		-1	2969.48480653	[1, 1, 1, 1, 1, 1, 1, 1, 1, 1, 1, 1]
	915559	822709	807515	11	M	121	A		-1	2969.77286344	[1, 1, 1, 1, 1, 1, 1, 1, 1, 1, 1, 1]
	925004	823582	856152	11	M	151	A		-1	2970.00156437	[1, 1, 1, 1, 1, 1, 1, 1, 1, 1, 1, 1]
	975404	829691	839157	11	M	152	A		-1	2970.15986796	[1, 1, 1, 1, 1, 1, 1, 1, 1, 1, 1, 1]
	919380	822709	736336	11	M	61	A		-1	2970.27956117	[1, 1, 1, 1, 1, 1, 1, 1, 1, 1, 1, 1]
	902062	825514	882102	11	M	72	A		-1	2970.61643827	[1, 1, 1, 1, 1, 1, 1, 1, 1, 1, 1, 1]
	961646	825072	696999	11	M	179	A		-1	2970.84512924	[1, 1, 1, 1, 1, 1, 1, 1, 1, 1, 1, 1]
	979761	825856	824158	11	M	41	A		-1	2970.88387501	[1, 1, 1, 1, 1, 1, 1, 1, 1, 1, 1, 1]
	910967	822059	776892	11	M	92	A		-1	2971.09721019	[1, 1, 1, 1, 1, 1, 1, 1, 1, 1, 1, 1]
	990428	826902	734119	11	M	148	A		-1	2971.85074306	[1, 1, 1, 1, 1, 1, 1, 1, 1, 1, 1, 1]
	958959	824874	851544	11	M	104	A		-1	2971.97279187	[1, 1, 1, 1, 1, 1, 1, 1, 1, 1, 1, 1]
	913994	822059	838337	11	M	38	A		-1	2972.00521026	[1, 1, 1, 1, 1, 1, 1, 1, 1, 1, 1, 1]
	895021	894438	770007	11	M	59	A		-1	2972.3313394	[1, 1, 1, 1, 1, 1, 1, 1, 1, 1, 1, 1]
	915839	822709	809268	11	M	159	A		-1	2972.63578276	[1, 1, 1, 1, 1, 1, 1, 1, 1, 1, 1, 0]
	900018	825514	834768	11	M	199	A		-1	2972.74721579	[1, 1, 1, 1, 1, 1, 1, 1, 1, 1, 1, 1]
	917562	822709	747752	11	M	135	A		-1	2973.15848618	[1, 1, 1, 1, 1, 1, 1, 1, 1, 1, 1, 1]
	985071	826779	841166	11	M	36	A		-1	2973.16053797	[1, 1, 1, 1, 1, 1, 1, 1, 1, 1, 1, 1]
	967539	825242	848064	11	M	175	A		-1	2973.58952224	[1, 1, 1, 1, 1, 1, 1, 1, 1, 1, 1, 1]
	971329	825590	764558	11	M	85	A		-1	2973.86885431	[1, 1, 1, 1, 1, 1, 1, 1, 1, 1, 1, 1]
	837829	722309	557937	10	M	112	A		-1	2974.1010651	[1, 1, 1, 1, 1, 1, 1, 1, 1, 1, 1, 1]
	797556	794395	699651	10	M	171	A		-1	2974.66926293	[1, 1, 1, 1, 1, 1, 1, 1, 1, 1, 1, 1]
	987479	826779	816317	11	M	103	A		-1	2974.91704765	[1, 1, 1, 1, 1, 1, 1, 1, 1, 1, 1, 1]
	814406	721279	719770	10	M	141	A		-1	2975.0703432	[1, 1, 1, 1, 1, 1, 1, 1, 1, 1, 1, 1]
	945862	824481	730960	11	M	36	A		-1	2975.77468119	[1, 1, 1, 1, 1, 1, 1, 1, 1, 1, 1, 1]
	994319	826902	648648	11	M	34	A		-1	2975.93844888	[1, 1, 1, 1, 1, 1, 1, 1, 1, 1, 1, 1]
	946177	824481	816168	11	M	8	A		-1	2976.25078165	[1, 1, 1, 1, 1, 1, 1, 1, 1, 1, 1, 1]
	905402	821514	817756	11	M	107	A		-1	2976.42259905	[1, 1, 1, 1, 1, 1, 1, 1, 1, 1, 1, 1]
	976372	829691	869353	11	M	45	A		-1	2976.61112913	[1, 1, 1, 1, 1, 1, 1, 1, 1, 1, 1, 1]
	992946	826902	882373	11	M	105	A		-1	2976.74397997	[1, 1, 1, 1, 1, 1, 1, 1, 1, 1, 1, 1]
	903603	825514	849107	11	M	134	A		-1	2977.28611242	[1, 1, 1, 1, 1, 1, 1, 1, 1, 1, 1, 1]
	907221	821514	877778	11	M	59	A		-1	2977.30817894	[1, 1, 1, 1, 1, 1, 1, 1, 1, 1, 1, 1]
	939991	824313	891033	11	M	168	A		-1	2977.42819759	[1, 1, 1, 1, 1, 1, 1, 1, 1, 1, 1, 1]
	979449	829691	878563	11	M	140	A		-1	2977.87625193	[1, 1, 1, 1, 1, 1, 1, 1, 1, 1, 1, 1]
	918394	822709	804106	11	M	43	A		-1	2978.08608131	[1, 1, 1, 1, 1, 1, 1, 1, 1, 1, 1, 1]
	909536	822059	807702	11	M	160	A		-1	2978.12572141	[1, 1, 1, 1, 1, 1, 1, 1, 1, 1, 1, 1]
	919434	822709	598308	11	M	177	A		-1	2978.26360914	[1, 1, 1, 1, 1, 1, 1, 1, 1, 1, 1, 1]
	942567	824313	805975	11	M	180	A		-1	2978.33817088	[1, 1, 1, 1, 1, 1, 1, 1, 1, 1, 1, 1]
	949493	824814	874749	11	M	116	A		-1	2978.36761521	[1, 1, 1, 1, 1, 1, 1, 1, 1, 1, 1, 1]
	900055	825514	892869	11	M	184	A		-1	2978.39855866	[1, 1, 1, 1, 1, 1, 1, 1, 1, 1, 1, 1]
	978745	829691	882920	11	M	134	A		-1	2978.81792749	[1, 1, 1, 1, 1, 1, 1, 1, 1, 1, 1, 1]
	896870	894438	767503	11	M	27	A		-1	2978.94088188	[1, 1, 1, 1, 1, 1, 1, 1, 1, 1, 1, 1]
	959933	825072	806214	11	M	134	A		-1	2979.10101238	[1, 1, 1, 1, 1, 1, 1, 1, 1, 1, 1, 1]
	986310	826779	854095	11	M	83	A		-1	2979.11834222	[1, 1, 1, 1, 1, 1, 1, 1, 1, 1, 1, 1]
	939501	824313	654099	11	M	101	A		-1	2979.11878647	[1, 1, 1, 1, 1, 1, 1, 1, 1, 1, 1, 1]
	938921	823887	813560	11	M	193	A		-1	2979.13972758	[1, 1, 1, 1, 1, 1, 1, 1, 1, 1, 1, 1]
	939514	824313	816340	11	M	109	A		-1	2979.40839208	[1, 1, 1, 1, 1, 1, 1, 1, 1, 1, 1, 1]
	977772	829691	859534	11	M	89	A		-1	2980.51904111	[1, 1, 1, 1, 1, 1, 1, 1, 1, 1, 1, 1]
	943471	824313	847686	11	M	124	A		-1	2980.913482	[1, 1, 1, 1, 1, 1, 1, 1, 1, 1, 1, 1]
	917191	822709	795750	11	M	89	A		-1	2981.31467621	[1, 1, 1, 1, 1, 1, 1, 1, 1, 1, 1, 1]
	919213	822709	838423	11	M	165	A		-1	2981.34912597	[1, 1, 1, 1, 1, 1, 1, 1, 1, 1, 1, 1]
	899895	825514	850525	11	M	41	A		-1	2982.21001044	[1, 1, 1, 1, 1, 1, 1, 1, 1, 1, 1, 1]
	992281	826902	718224	11	M	4	A		-1	2982.38277186	[1, 1, 1, 1, 1, 1, 1, 1, 1, 1, 1, 1]
	879932	724928	749597	10	M	114	A		-1	2982.55358726	[1, 1, 1, 1, 1, 1, 1, 1, 1, 1, 1, 1]
	910289	822059	820004	11	M	89	A		-1	2982.65125809	[1, 1, 1, 1, 1, 1, 1, 1, 1, 1, 1, 1]
	948048	824481	887785	11	M	113	A		-1	2982.77546567	[1, 1, 1, 1, 1, 1, 1, 1, 1, 1, 1, 1]
	990782	826902	887771	11	M	30	A		-1	2982.97372899	[1, 1, 1, 1, 1, 1, 1, 1, 1, 1, 1, 1]
	903008	825514	843784	11	M	72	A		-1	2983.01028229	[1, 1, 1, 1, 1, 1, 1, 1, 1, 1, 1, 1]
	993396	826902	838967	11	M	183	A		-1	2983.21775768	[1, 1, 1, 1, 1, 1, 1, 1, 1, 1, 1, 1]
	917499	822709	639179	11	M	52	A		-1	2983.44135896	[1, 1, 1, 1, 1, 1, 1, 1, 1, 1, 1, 1]
	955363	824874	756910	11	M	24	A		-1	2984.06813984	[1, 1, 1, 1, 1, 1, 1, 1, 1, 1, 1, 1]
	979131	829691	648508	11	M	75	A		-1	2984.35048446	[1, 1, 1, 1, 1, 1, 1, 1, 1, 1, 1, 1]
	745942	620905	652141	9	M	9	A		-1	2985.1833263	[1, 1, 1, 1, 1, 1, 1, 1, 1, 1, 1, 0]
	842343	722636	793831	10	M	131	A		-1	2985.58687577	[1, 1, 1, 1, 1, 1, 1, 1, 1, 1, 1, 1]
	906203	821514	844256	11	M	110	A		-1	2986.10036289	[1, 1, 1, 1, 1, 1, 1, 1, 1, 1, 1, 1]
	977511	829691	893184	11	M	52	A		-1	2986.56219955	[1, 1, 1, 1, 1, 1, 1, 1, 1, 1, 1, 1]
	905070	821514	882264	11	M	87	A		-1	2986.67676614	[1, 1, 1, 1, 1, 1, 1, 1, 1, 1, 1, 1]
	913468	822059	889936	11	M	58	A		-1	2987.1834645	[1, 1, 1, 1, 1, 1, 1, 1, 1, 1, 1, 0]
	921186	823054	885655	11	M	123	A		-1	2987.20660282	[1, 1, 1, 1, 1, 1, 1, 1, 1, 1, 1, 1]
	970416	825590	712768	11	M	92	A		-1	2987.58585328	[1, 1, 1, 1, 1, 1, 1, 1, 1, 1, 1, 1]
	935067	823887	875564	11	M	69	A		-1	2987.93520981	[1, 1, 1, 1, 1, 1, 1, 1, 1, 1, 1, 1]
	979748	825856	802941	11	M	45	A		-1	2987.986324	[1, 1, 1, 1, 1, 1, 1, 1, 1, 1, 1, 1]
	992782	826902	876381	11	M	80	A		-1	2988.04455048	[1, 1, 1, 1, 1, 1, 1, 1, 1, 1, 1, 1]
	952145	824814	789935	11	M	148	A		-1	2988.05880851	[1, 1, 1, 1, 1, 1, 1, 1, 1, 1, 1, 1]
	983018	825856	653313	11	M	155	A		-1	2988.75443712	[1, 1, 1, 1, 1, 1, 1, 1, 1, 1, 1, 1]
	900669	825514	814861	11	M	59	A		-1	2989.18806389	[1, 1, 1, 1, 1, 1, 1, 1, 1, 1, 1, 1]
	970834	825590	838913	11	M	78	A		-1	2989.36222013	[1, 1, 1, 1, 1, 1, 1, 1, 1, 1, 1, 1]
	946183	824481	767647	11	M	164	A		-1	2989.45427452	[1, 1, 1, 1, 1, 1, 1, 1, 1, 1, 1, 1]
	901837	825514	710267	11	M	13	A		-1	2989.56331897	[1, 1, 1, 1, 1, 1, 1, 1, 1, 1, 1, 1]
	961278	825072	878097	11	M	81	A		-1	2989.61871593	[1, 1, 1, 1, 1, 1, 1, 1, 1, 1, 1, 1]
	959317	824874	809570	11	M	35	A		-1	2989.62197893	[1, 1, 1, 1, 1, 1, 1, 1, 1, 1, 1, 1]
	987685	826779	701842	11	M	188	A		-1	2989.67277276	[1, 1, 1, 1, 1, 1, 1, 1, 1, 1, 1, 1]
	900830	825514	841413	11	M	100	A		-1	2989.7866711	[1, 1, 1, 1, 1, 1, 1, 1, 1, 1, 1, 1]
	989523	826902	763077	11	M	1	A		-1	2990.04583421	[1, 1, 1, 1, 1, 1, 1, 1, 1, 1, 1, 1]
	983657	825856	858604	11	M	150	A		-1	2990.30553283	[1, 1, 1, 1, 1, 1, 1, 1, 1, 1, 1, 1]
	963510	825072	702868	11	M	174	A		-1	2990.44513442	[1, 1, 1, 1, 1, 1, 1, 1, 1, 1, 1, 1]
	942553	824313	847175	11	M	166	A		-1	2990.7194983	[1, 1, 1, 1, 1, 1, 1, 1, 1, 1, 1, 1]
	978836	829691	770221	11	M	36	A		-1	2990.93695407	[1, 1, 1, 1, 1, 1, 1, 1, 1, 1, 1, 1]
	924143	823054	779775	11	M	119	A		-1	2991.33190966	[1, 1, 1, 1, 1, 1, 1, 1, 1, 1, 1, 1]
	973293	825590	818266	11	M	58	A		-1	2991.43627092	[1, 1, 1, 1, 1, 1, 1, 1, 1, 1, 1, 1]
	912507	822059	799300	11	M	67	A		-1	2991.438872	[1, 1, 1, 1, 1, 1, 1, 1, 1, 1, 1, 1]
	981626	825856	841097	11	M	154	A		-1	2991.7613568	[1, 1, 1, 1, 1, 1, 1, 1, 1, 1, 1, 1]
	903917	825514	733506	11	M	142	A		-1	2991.82200113	[1, 1, 1, 1, 1, 1, 1, 1, 1, 1, 1, 1]
	993561	826902	671112	11	M	157	A		-1	2991.93298698	[1, 1, 1, 1, 1, 1, 1, 1, 1, 1, 1, 1]
	902057	825514	617506	11	M	200	A		-1	2992.18426174	[1, 1, 1, 1, 1, 1, 1, 1, 1, 1, 1, 1]
	989306	826779	848675	11	M	169	A		-1	2992.31123662	[1, 1, 1, 1, 1, 1, 1, 1, 1, 1, 1, 1]
	895988	894438	807950	11	M	13	A		-1	2992.42114973	[1, 1, 1, 1, 1, 1, 1, 1, 1, 1, 1, 1]
	941922	824313	816529	11	M	175	A		-1	2992.70021686	[1, 1, 1, 1, 1, 1, 1, 1, 1, 1, 1, 0]
	981677	825856	887318	11	M	148	A		-1	2992.80458714	[1, 1, 1, 1, 1, 1, 1, 1, 1, 1, 1, 1]
	867155	724263	782585	10	M	86	A		-1	2993.0188192	[1, 1, 1, 1, 1, 1, 1, 1, 1, 1, 1, 1]
	990192	826902	883565	11	M	134	A		-1	2993.12622424	[1, 1, 1, 1, 1, 1, 1, 1, 1, 1, 1, 1]
	993747	826902	872236	11	M	161	A		-1	2993.23607706	[1, 1, 1, 1, 1, 1, 1, 1, 1, 1, 1, 1]
	990625	826902	877798	11	M	189	A		-1	2993.49892921	[1, 1, 1, 1, 1, 1, 1, 1, 1, 1, 1, 1]
	940749	824313	817663	11	M	137	A		-1	2993.64613821	[1, 1, 1, 1, 1, 1, 1, 1, 1, 1, 1, 1]
	960387	825072	791330	11	M	18	A		-1	2993.82589222	[1, 1, 1, 1, 1, 1, 1, 1, 1, 1, 1, 1]
	993918	826902	838508	11	M	121	A		-1	2994.27290556	[1, 1, 1, 1, 1, 1, 1, 1, 1, 1, 1, 1]
	912728	822059	778902	11	M	142	A		-1	2994.47500381	[1, 1, 1, 1, 1, 1, 1, 1, 1, 1, 1, 1]
	913418	822059	809936	11	M	170	A		-1	2994.9045373	[1, 1, 1, 1, 1, 1, 1, 1, 1, 1, 1, 1]
	987703	826779	711889	11	M	27	A		-1	2995.46848887	[1, 1, 1, 1, 1, 1, 1, 1, 1, 1, 1, 0]
	795969	794395	706936	10	M	57	A		-1	2996.11866105	[1, 1, 1, 1, 1, 1, 1, 1, 1, 1, 1, 1]
	991482	826902	832201	11	M	2	A		-1	2997.14470723	[1, 1, 1, 1, 1, 1, 1, 1, 1, 1, 1, 1]
	992097	826902	847155	11	M	195	A		-1	2997.5289207	[1, 1, 1, 1, 1, 1, 1, 1, 1, 1, 1, 1]
	989678	826902	713219	11	M	38	A		-1	2997.54475031	[1, 1, 1, 1, 1, 1, 1, 1, 1, 1, 1, 1]
	900801	825514	767665	11	M	61	A		-1	2997.76646529	[1, 1, 1, 1, 1, 1, 1, 1, 1, 1, 1, 1]
	991627	826902	853286	11	M	160	A		-1	2997.95291305	[1, 1, 1, 1, 1, 1, 1, 1, 1, 1, 1, 1]
	923565	823054	827549	11	M	134	A		-1	2997.97258962	[1, 1, 1, 1, 1, 1, 1, 1, 1, 1, 1, 1]
	829822	722111	737818	10	M	89	A		-1	2998.11266043	[1, 1, 1, 1, 1, 1, 1, 1, 1, 1, 1, 1]
	955335	824874	872609	11	M	119	A		-1	2998.89508273	[1, 1, 1, 1, 1, 1, 1, 1, 1, 1, 1, 1]
	976323	829691	856733	11	M	24	A		-1	2999.32175203	[1, 1, 1, 1, 1, 1, 1, 1, 1, 1, 1, 1]
	904392	825514	625558	11	M	148	A		-1	3000.19378513	[1, 1, 1, 1, 1, 1, 1, 1, 1, 1, 1, 1]
	994345	826902	845608	11	M	87	A		-1	3000.38884156	[1, 1, 1, 1, 1, 1, 1, 1, 1, 1, 1, 1]
	993136	826902	733926	11	M	15	A		-1	3000.89214743	[1, 1, 1, 1, 1, 1, 1, 1, 1, 1, 1, 1]
	904428	825514	774688	11	M	101	A		-1	3001.13145653	[1, 1, 1, 1, 1, 1, 1, 1, 1, 1, 1, 1]
	987040	826779	817755	11	M	78	A		-1	3001.8510526	[1, 1, 1, 1, 1, 1, 1, 1, 1, 1, 1, 1]
	979210	829691	852933	11	M	74	A		-1	3001.87549881	[1, 1, 1, 1, 1, 1, 1, 1, 1, 1, 1, 1]
	993336	826902	611718	11	M	135	A		-1	3002.08474213	[1, 1, 1, 1, 1, 1, 1, 1, 1, 1, 1, 1]
	942724	824313	808270	11	M	24	A		-1	3002.62380614	[1, 1, 1, 1, 1, 1, 1, 1, 1, 1, 1, 1]
	879201	729960	763023	10	M	57	A		-1	3002.91223898	[1, 1, 1, 1, 1, 1, 1, 1, 1, 1, 1, 1]
	947560	824481	847211	11	M	113	A		-1	3002.95061653	[1, 1, 1, 1, 1, 1, 1, 1, 1, 1, 1, 1]
	957146	824874	887197	11	M	35	A		-1	3003.2629987	[1, 1, 1, 1, 1, 1, 1, 1, 1, 1, 1, 1]
	991422	826902	889439	11	M	154	A		-1	3003.33735776	[1, 1, 1, 1, 1, 1, 1, 1, 1, 1, 1, 1]
	989942	826902	833296	11	M	131	A		-1	3003.69879965	[1, 1, 1, 1, 1, 1, 1, 1, 1, 1, 1, 1]
	978383	829691	893779	11	M	81	A		-1	3003.77399569	[1, 1, 1, 1, 1, 1, 1, 1, 1, 1, 1, 1]
	936655	823887	832689	11	M	90	A		-1	3004.01735427	[1, 1, 1, 1, 1, 1, 1, 1, 1, 1, 1, 1]
	926203	823582	855714	11	M	193	A		-1	3004.64264781	[1, 1, 1, 1, 1, 1, 1, 1, 1, 1, 1, 1]
	902316	825514	832376	11	M	158	A		-1	3005.18858565	[1, 1, 1, 1, 1, 1, 1, 1, 1, 1, 1, 1]
	990865	826902	711907	11	M	3	A		-1	3005.95488304	[1, 1, 1, 1, 1, 1, 1, 1, 1, 1, 1, 1]
	900786	825514	705298	11	M	77	A		-1	3006.00429217	[1, 1, 1, 1, 1, 1, 1, 1, 1, 1, 1, 1]
	978317	829691	734294	11	M	161	A		-1	3006.19734907	[1, 1, 1, 0, 1, 1, 1, 1, 1, 1, 1, 1]
	986449	826779	847647	11	M	48	A		-1	3006.61685504	[1, 1, 1, 1, 1, 1, 1, 1, 1, 1, 1, 1]
	919164	822709	836909	11	M	192	A		-1	3007.06607118	[1, 1, 1, 1, 1, 1, 1, 1, 1, 1, 1, 1]
	923147	823054	841053	11	M	63	A		-1	3007.36107095	[1, 1, 1, 1, 1, 1, 1, 1, 1, 1, 1, 1]
	947961	824481	844711	11	M	7	A		-1	3008.92400379	[1, 1, 1, 1, 1, 1, 1, 1, 1, 1, 1, 1]
	898176	894438	811465	11	M	194	A		-1	3009.04334312	[1, 1, 1, 1, 1, 1, 1, 1, 1, 1, 1, 1]
	928182	823582	837457	11	M	123	A		-1	3009.31283779	[1, 1, 1, 1, 1, 1, 1, 1, 1, 1, 1, 1]
	884415	724928	775016	10	M	190	A		-1	3009.54618627	[1, 1, 1, 1, 1, 1, 1, 1, 1, 1, 1, 1]
	916780	822709	846229	11	M	192	A		-1	3010.2513669	[1, 1, 1, 1, 1, 1, 1, 1, 1, 1, 1, 1]
	941788	824313	872087	11	M	199	A		-1	3010.27960191	[1, 1, 1, 1, 1, 1, 1, 1, 1, 1, 1, 0]
	987236	826779	884193	11	M	50	A		-1	3010.3806002	[1, 1, 1, 1, 1, 1, 1, 1, 1, 1, 1, 1]
	990259	826902	880801	11	M	154	A		-1	3010.39155335	[1, 1, 1, 1, 1, 1, 1, 1, 1, 1, 1, 1]
	920065	823054	882150	11	M	120	A		-1	3010.68085787	[1, 1, 1, 1, 1, 1, 1, 1, 1, 1, 1, 1]
	976220	829691	772711	11	M	164	A		-1	3011.25271646	[1, 1, 1, 1, 1, 1, 1, 1, 1, 1, 1, 1]
	914911	822709	784082	11	M	34	A		-1	3011.39654707	[1, 1, 1, 1, 1, 1, 1, 1, 1, 1, 1, 1]
	948521	824481	866346	11	M	140	A		-1	3011.57166907	[1, 1, 1, 1, 1, 1, 1, 1, 1, 1, 1, 1]
	902546	825514	633711	11	M	62	A		-1	3011.57688936	[1, 1, 1, 1, 1, 1, 1, 1, 1, 1, 1, 1]
	832086	722111	744695	10	M	118	A		-1	3013.07691221	[1, 1, 1, 1, 1, 1, 1, 1, 1, 1, 1, 1]
	971051	825590	800456	11	M	34	A		-1	3013.1284037	[1, 1, 1, 1, 1, 1, 1, 1, 1, 1, 1, 1]
	901737	825514	799105	11	M	198	A		-1	3013.77875942	[1, 1, 1, 1, 1, 1, 1, 1, 1, 1, 1, 1]
	984023	825856	875683	11	M	40	A		-1	3013.91115876	[1, 1, 1, 1, 1, 1, 1, 1, 1, 1, 1, 1]
	903157	825514	883336	11	M	178	A		-1	3013.92600411	[1, 1, 1, 1, 1, 1, 1, 1, 1, 1, 1, 1]
	980191	825856	883680	11	M	87	A		-1	3014.12516429	[1, 1, 1, 1, 1, 1, 1, 1, 1, 1, 1, 1]
	981711	825856	887252	11	M	43	A		-1	3014.24225919	[1, 1, 1, 1, 1, 1, 1, 1, 1, 1, 1, 1]
	922944	823054	763138	11	M	1	A		-1	3014.76991036	[1, 1, 1, 1, 1, 1, 1, 1, 1, 1, 1, 1]
	938928	823887	811235	11	M	168	A		-1	3015.06008167	[1, 1, 1, 1, 1, 1, 1, 1, 1, 1, 1, 1]
	925797	823582	805392	11	M	135	A		-1	3015.08830532	[1, 1, 1, 1, 1, 1, 1, 1, 1, 1, 1, 1]
	812317	721279	744220	10	M	135	A		-1	3015.16784854	[1, 1, 1, 1, 1, 1, 1, 1, 1, 1, 1, 1]
	986021	826779	818966	11	M	1	A		-1	3015.86734846	[1, 1, 1, 1, 1, 1, 1, 1, 1, 1, 1, 1]
	938943	823887	818863	11	M	40	A		-1	3015.98256156	[1, 1, 1, 1, 1, 1, 1, 1, 1, 1, 1, 1]
	904225	825514	823345	11	M	130	A		-1	3016.1210041	[1, 1, 1, 1, 1, 1, 1, 1, 1, 1, 1, 1]
	987833	826779	843600	11	M	180	A		-1	3016.46172951	[1, 1, 1, 1, 1, 1, 1, 1, 1, 1, 1, 1]
	993777	826902	885787	11	M	123	A		-1	3016.52067545	[1, 1, 1, 1, 1, 1, 1, 1, 1, 1, 1, 0]
	961327	825072	819172	11	M	65	A		-1	3016.58657644	[1, 1, 1, 1, 1, 1, 1, 1, 1, 1, 1, 1]
	957248	824874	798866	11	M	152	A		-1	3017.2643531	[1, 1, 1, 1, 1, 1, 1, 1, 1, 1, 1, 1]
	989544	826902	828688	11	M	32	A		-1	3017.7307591	[1, 1, 1, 1, 1, 1, 1, 1, 1, 1, 1, 1]
	903239	825514	821467	11	M	117	A		-1	3017.73337255	[1, 1, 1, 1, 1, 1, 1, 1, 1, 1, 1, 1]
	970092	825590	799037	11	M	94	A		-1	3017.90254345	[1, 1, 1, 1, 1, 1, 1, 1, 1, 1, 1, 1]
	942220	824313	870855	11	M	70	A		-1	3017.97781888	[1, 1, 1, 1, 1, 1, 1, 1, 1, 1, 1, 1]
	985463	826779	850866	11	M	48	A		-1	3018.03016301	[1, 1, 1, 1, 1, 1, 1, 1, 1, 1, 1, 1]
	928770	823582	804987	11	M	94	A		-1	3018.07632198	[1, 1, 1, 1, 1, 1, 1, 1, 1, 1, 1, 1]
	825514	721823	724260	10	M	79	A		-1	3018.30894399	[1, 1, 1, 1, 1, 1, 1, 1, 1, 1, 1, 1]
	916429	822709	719779	11	M	200	A		-1	3018.61895541	[1, 1, 1, 1, 1, 1, 1, 1, 1, 1, 1, 1]
	914657	822709	829526	11	M	4	A		-1	3018.84429634	[1, 1, 1, 1, 1, 1, 1, 1, 1, 1, 1, 1]
	986174	826779	819914	11	M	115	A		-1	3019.17746182	[1, 1, 1, 1, 1, 1, 1, 1, 1, 1, 1, 1]
	934231	823820	880578	11	M	63	A		-1	3019.21163539	[1, 1, 1, 1, 1, 1, 1, 1, 1, 1, 1, 1]
	901625	825514	878716	11	M	166	A		-1	3019.68524161	[1, 1, 1, 1, 1, 1, 1, 1, 1, 1, 1, 1]
	952422	824814	850712	11	M	187	A		-1	3020.00178147	[1, 1, 1, 1, 1, 1, 1, 1, 1, 1, 1, 1]
	917410	822709	769758	11	M	63	A		-1	3021.2943007	[1, 1, 1, 1, 1, 1, 1, 1, 1, 1, 1, 1]
	938332	823887	778624	11	M	54	A		-1	3022.0126013	[1, 1, 1, 1, 1, 1, 1, 1, 1, 1, 1, 1]
	901130	825514	713585	11	M	124	A		-1	3022.18516499	[1, 1, 1, 1, 1, 1, 1, 1, 1, 1, 1, 1]
	921347	823054	867269	11	M	139	A		-1	3022.20440621	[1, 1, 1, 1, 1, 1, 1, 1, 1, 1, 1, 1]
	988840	826779	875689	11	M	79	A		-1	3022.32168276	[1, 1, 1, 1, 1, 1, 1, 1, 1, 1, 1, 1]
	928175	823582	881578	11	M	25	A		-1	3022.36133335	[1, 1, 1, 1, 1, 1, 1, 1, 1, 1, 1, 1]
	994037	826902	840645	11	M	156	A		-1	3023.18676877	[1, 1, 1, 1, 1, 1, 1, 1, 1, 1, 1, 1]
	924336	823054	799196	11	M	34	A		-1	3023.2017175	[1, 1, 1, 1, 1, 1, 1, 1, 1, 1, 1, 1]
	919963	823054	799766	11	M	10	A		-1	3023.42688527	[1, 1, 1, 1, 1, 1, 1, 1, 1, 1, 1, 1]
	990161	826902	739269	11	M	82	A		-1	3023.47998304	[1, 1, 1, 1, 1, 1, 1, 1, 1, 1, 1, 1]
	903605	825514	722611	11	M	176	A		-1	3023.60585902	[1, 1, 1, 1, 1, 1, 1, 1, 1, 1, 1, 1]
	974209	825590	840294	11	M	11	A		-1	3023.83671388	[1, 1, 1, 1, 1, 1, 1, 1, 1, 1, 1, 1]
	975805	829691	851974	11	M	138	A		-1	3024.06687416	[1, 1, 1, 1, 1, 1, 1, 1, 1, 1, 1, 1]
	962488	825072	828694	11	M	68	A		-1	3024.12197117	[1, 1, 1, 1, 1, 1, 1, 1, 1, 1, 1, 1]
	939679	824313	741312	11	M	180	A		-1	3024.5454409	[1, 1, 1, 1, 1, 1, 1, 1, 1, 1, 1, 1]
	983624	825856	832128	11	M	105	A		-1	3024.54985429	[1, 1, 1, 1, 1, 1, 1, 1, 1, 1, 1, 1]
	881692	724928	732869	10	M	99	A		-1	3024.56896615	[1, 1, 1, 1, 1, 1, 1, 1, 1, 1, 1, 1]
	972533	825590	879177	11	M	157	A		-1	3024.63699871	[1, 1, 1, 1, 1, 1, 1, 1, 1, 1, 1, 1]
	905261	821514	873179	11	M	38	A		-1	3024.68288908	[1, 1, 1, 1, 1, 1, 1, 1, 1, 1, 1, 1]
	993794	826902	767334	11	M	152	A		-1	3024.86936327	[1, 1, 1, 1, 1, 1, 1, 1, 1, 1, 1, 1]
	897732	894438	837866	11	M	184	A		-1	3025.20280011	[1, 1, 1, 1, 1, 1, 1, 1, 1, 1, 1, 1]
	817191	721495	784898	10	M	101	A		-1	3025.72668466	[1, 1, 1, 1, 1, 1, 1, 1, 1, 1, 1, 1]
	986002	826779	744848	11	M	166	A		-1	3025.94405919	[1, 1, 1, 1, 1, 1, 1, 1, 1, 1, 1, 1]
	896343	894438	754794	11	M	7	A		-1	3026.23688083	[1, 1, 1, 1, 1, 1, 1, 1, 1, 1, 1, 1]
	959220	824874	883477	11	M	59	A		-1	3026.40617567	[1, 1, 1, 1, 1, 1, 1, 1, 1, 1, 1, 1]
	910453	822059	856713	11	M	140	A		-1	3026.54045817	[1, 1, 1, 1, 1, 1, 1, 1, 1, 1, 1, 1]
	941622	824313	759772	11	M	148	A		-1	3027.19475361	[1, 1, 1, 1, 1, 1, 1, 1, 1, 1, 1, 1]
	975549	829691	875657	11	M	167	A		-1	3027.61152087	[1, 1, 1, 1, 1, 1, 1, 1, 1, 1, 1, 1]
	939571	824313	884747	11	M	66	A		-1	3028.08596975	[1, 1, 1, 1, 1, 1, 1, 1, 1, 1, 1, 1]
	908554	821514	822519	11	M	82	A		-1	3028.30884583	[1, 1, 1, 1, 1, 1, 1, 1, 1, 1, 1, 1]
	843005	722636	789940	10	M	158	A		-1	3028.61749613	[1, 1, 1, 1, 1, 1, 1, 1, 1, 1, 1, 1]
	991662	826902	801521	11	M	9	A		-1	3028.64710693	[1, 1, 1, 1, 1, 1, 1, 1, 1, 1, 1, 1]
	978884	829691	831627	11	M	157	A		-1	3028.64758711	[1, 1, 1, 1, 1, 1, 1, 1, 1, 1, 1, 1]
	905753	821514	875532	11	M	90	A		-1	3028.66569129	[1, 1, 1, 1, 1, 1, 1, 1, 1, 1, 1, 1]
	967326	825242	831256	11	M	59	A		-1	3028.85273733	[1, 1, 1, 1, 1, 1, 1, 1, 1, 1, 1, 1]
	839825	722636	789557	10	M	78	A		-1	3029.99585333	[1, 1, 1, 1, 1, 1, 1, 1, 1, 1, 1, 1]
	922410	823054	808653	11	M	61	A		-1	3030.25712195	[1, 1, 1, 1, 1, 1, 1, 1, 1, 1, 1, 1]
	896279	894438	858232	11	M	144	A		-1	3030.51553429	[1, 1, 1, 1, 1, 1, 1, 1, 1, 1, 1, 1]
	917049	822709	877795	11	M	113	A		-1	3032.31228212	[1, 1, 1, 1, 1, 1, 1, 1, 1, 1, 1, 1]
	990983	826902	786584	11	M	77	A		-1	3032.62927362	[1, 1, 1, 1, 1, 1, 1, 1, 1, 1, 1, 1]
	975481	829691	826336	11	M	0	A		-1	3033.13130616	[1, 1, 1, 1, 1, 1, 1, 1, 1, 1, 1, 1]
	986783	826779	741647	11	M	111	A		-1	3033.73069611	[1, 1, 1, 1, 1, 1, 1, 1, 1, 1, 1, 1]
	842976	722636	779403	10	M	79	A		-1	3034.24950296	[1, 1, 1, 1, 1, 1, 1, 1, 1, 1, 1, 1]
	979391	829691	854318	11	M	96	A		-1	3035.01310783	[1, 1, 1, 1, 1, 1, 1, 1, 1, 1, 1, 0]
	902620	825514	879141	11	M	25	A		-1	3035.28649372	[1, 1, 1, 1, 1, 1, 1, 1, 1, 1, 1, 1]
	967720	825242	841754	11	M	177	A		-1	3035.52517132	[1, 1, 1, 1, 1, 1, 1, 1, 1, 1, 1, 1]
	904100	825514	843703	11	M	31	A		-1	3037.19941967	[1, 1, 1, 1, 1, 1, 1, 1, 1, 1, 1, 1]
	901877	825514	761588	11	M	161	A		-1	3037.34765783	[1, 1, 1, 1, 1, 1, 1, 1, 1, 1, 1, 1]
	880676	724928	742143	10	M	174	A		-1	3037.50742049	[1, 1, 1, 1, 1, 1, 1, 1, 1, 1, 1, 1]
	989857	826902	656289	11	M	148	A		-1	3037.5658141	[1, 1, 1, 1, 1, 1, 1, 1, 1, 1, 1, 0]
	979791	825856	825702	11	M	23	A		-1	3037.57205831	[1, 1, 1, 1, 1, 1, 1, 1, 1, 1, 1, 1]
	925324	823582	829341	11	M	30	A		-1	3038.03876937	[1, 1, 1, 1, 1, 1, 1, 1, 1, 1, 1, 1]
	909121	821514	796059	11	M	108	A		-1	3038.85161767	[1, 1, 1, 1, 1, 1, 1, 1, 1, 1, 1, 1]
	992014	826902	801733	11	M	129	A		-1	3040.31865792	[1, 1, 1, 1, 1, 1, 1, 1, 1, 1, 1, 1]
	993599	826902	883989	11	M	105	A		-1	3040.92861399	[1, 1, 1, 1, 1, 1, 1, 1, 1, 1, 1, 1]
	812889	721279	731357	10	M	173	A		-1	3041.25593774	[1, 1, 1, 1, 1, 1, 1, 1, 1, 1, 1, 1]
	992492	826902	838051	11	M	49	A		-1	3041.26839396	[1, 1, 1, 1, 1, 1, 1, 1, 1, 1, 1, 1]
	934190	823820	880193	11	M	112	A		-1	3041.36890444	[1, 1, 1, 1, 1, 1, 1, 1, 1, 1, 1, 1]
	942368	824313	839699	11	M	90	A		-1	3042.48320895	[1, 1, 1, 1, 1, 1, 1, 1, 1, 1, 1, 1]
	917822	822709	885173	11	M	178	A		-1	3042.54486235	[1, 1, 1, 1, 1, 1, 1, 1, 1, 1, 1, 1]
	910116	822059	854779	11	M	186	A		-1	3042.76321531	[1, 1, 1, 1, 1, 1, 1, 1, 1, 1, 1, 1]
	961769	825072	694940	11	M	166	A		-1	3042.81904282	[1, 1, 1, 1, 1, 1, 1, 1, 1, 1, 1, 1]
	829976	722111	751207	10	M	48	A		-1	3043.07884178	[1, 1, 1, 1, 1, 1, 1, 1, 1, 1, 1, 1]
	901350	825514	796462	11	M	160	A		-1	3043.19774496	[1, 1, 1, 1, 1, 1, 1, 1, 1, 1, 1, 1]
	983010	825856	879400	11	M	2	A		-1	3043.68281026	[1, 1, 1, 1, 1, 1, 1, 1, 1, 1, 1, 1]
	931226	823820	876240	11	M	121	A		-1	3043.89648771	[1, 1, 1, 1, 1, 1, 1, 1, 1, 1, 1, 1]
	920503	823054	854483	11	M	192	A		-1	3044.156094	[1, 1, 1, 1, 1, 1, 1, 1, 1, 1, 1, 1]
	951726	824814	809429	11	M	126	A		-1	3045.30757697	[1, 1, 1, 1, 1, 1, 1, 1, 1, 1, 1, 1]
	975564	829691	866702	11	M	124	A		-1	3045.70832738	[1, 1, 1, 1, 1, 1, 1, 1, 1, 1, 1, 1]
	922864	823054	864216	11	M	105	A		-1	3045.71420508	[1, 1, 1, 1, 1, 1, 1, 1, 1, 1, 1, 1]
	986289	826779	863189	11	M	46	A		-1	3046.90352708	[1, 1, 1, 1, 1, 1, 1, 1, 1, 1, 1, 1]
	920759	823054	841621	11	M	179	A		-1	3047.6285448	[1, 1, 1, 1, 1, 1, 1, 1, 1, 1, 1, 1]
	950156	824814	838622	11	M	42	A		-1	3048.08642209	[1, 1, 1, 1, 1, 1, 1, 1, 1, 1, 1, 1]
	973451	825590	880324	11	M	19	A		-1	3048.90937458	[1, 1, 1, 1, 1, 1, 1, 1, 1, 1, 1, 1]
	940855	824313	858841	11	M	119	A		-1	3049.24482434	[1, 1, 1, 1, 1, 1, 1, 1, 1, 1, 1, 1]
	898354	894438	780901	11	M	183	A		-1	3049.2698045	[1, 1, 1, 1, 1, 1, 1, 1, 1, 1, 1, 1]
	909354	821514	809235	11	M	126	A		-1	3049.72302016	[1, 1, 1, 1, 1, 1, 1, 1, 1, 1, 1, 1]
	991935	826902	824369	11	M	86	A		-1	3050.38750384	[1, 1, 1, 1, 1, 1, 1, 1, 1, 1, 1, 1]
	961032	825072	791497	11	M	17	A		-1	3051.35858592	[1, 1, 1, 1, 1, 1, 1, 1, 1, 1, 1, 1]
	907600	821514	875041	11	M	5	A		-1	3051.44126935	[1, 1, 1, 1, 1, 1, 1, 1, 1, 1, 1, 1]
	911736	822059	801814	11	M	49	A		-1	3051.45161494	[1, 1, 1, 1, 1, 1, 1, 1, 1, 1, 1, 1]
	941966	824313	832394	11	M	22	A		-1	3051.5088818	[1, 1, 1, 1, 1, 1, 1, 1, 1, 1, 1, 1]
	938433	823887	831916	11	M	47	A		-1	3052.65470175	[1, 1, 1, 1, 1, 1, 1, 1, 1, 1, 1, 1]
	926383	823582	885471	11	M	52	A		-1	3053.29077933	[1, 1, 1, 1, 1, 1, 1, 1, 1, 1, 1, 1]
	991006	826902	797359	11	M	175	A		-1	3053.49188628	[1, 1, 1, 1, 1, 1, 1, 1, 1, 1, 1, 1]
	975770	829691	854480	11	M	11	A		-1	3053.56249669	[1, 1, 1, 1, 1, 1, 1, 1, 1, 1, 1, 1]
	902342	825514	850831	11	M	69	A		-1	3054.12302203	[1, 1, 1, 1, 1, 1, 1, 1, 1, 1, 1, 1]
	993190	826902	798133	11	M	79	A		-1	3054.17292909	[1, 1, 1, 1, 1, 1, 1, 1, 1, 1, 1, 1]
	988123	826779	818643	11	M	73	A		-1	3054.44024783	[1, 1, 1, 1, 1, 1, 1, 1, 1, 1, 1, 1]
	979777	825856	883997	11	M	199	A		-1	3054.51065913	[1, 1, 1, 1, 1, 1, 1, 1, 1, 1, 1, 1]
	992197	826902	797246	11	M	141	A		-1	3054.79721785	[1, 1, 1, 1, 1, 1, 1, 1, 1, 1, 1, 1]
	881686	724928	743667	10	M	176	A		-1	3055.12320595	[1, 1, 1, 1, 1, 1, 1, 1, 1, 1, 1, 1]
	968804	825242	769272	11	M	75	A		-1	3055.8195124	[1, 1, 1, 1, 1, 1, 1, 1, 1, 1, 1, 1]
	978512	829691	739033	11	M	134	A		-1	3056.04757465	[1, 1, 1, 1, 1, 1, 1, 1, 1, 1, 1, 1]
	900802	825514	892164	11	M	16	A		-1	3056.85682442	[1, 1, 1, 1, 1, 1, 1, 1, 1, 1, 1, 1]
	950500	824814	825179	11	M	16	A		-1	3057.31459139	[1, 1, 1, 1, 1, 1, 1, 1, 1, 1, 1, 1]
	919707	823054	813047	11	M	120	A		-1	3057.65011285	[1, 1, 1, 1, 1, 1, 1, 1, 1, 1, 1, 1]
	901663	825514	815844	11	M	148	A		-1	3057.66893684	[1, 1, 1, 1, 1, 1, 1, 1, 1, 1, 1, 1]
	944518	824481	634909	11	M	35	A		-1	3057.74885946	[1, 1, 1, 1, 1, 1, 1, 1, 1, 1, 1, 1]
	935250	823887	812177	11	M	45	A		-1	3058.31811615	[1, 1, 1, 1, 1, 1, 1, 1, 1, 1, 1, 1]
	911548	822059	838345	11	M	44	A		-1	3058.47250382	[1, 1, 1, 1, 1, 1, 1, 1, 1, 1, 1, 1]
	812266	721279	771318	10	M	152	A		-1	3059.86274124	[1, 1, 1, 1, 1, 1, 1, 1, 1, 1, 1, 1]
	968828	825242	853508	11	M	67	A		-1	3060.52812804	[1, 1, 1, 1, 1, 1, 1, 1, 1, 1, 1, 1]
	973929	825590	811608	11	M	190	A		-1	3061.73212144	[1, 1, 1, 1, 1, 1, 1, 1, 1, 1, 1, 1]
	921118	823054	805168	11	M	101	A		-1	3064.40457982	[1, 1, 1, 1, 1, 1, 1, 1, 1, 1, 1, 1]
	931729	823820	796225	11	M	97	A		-1	3064.41329976	[1, 1, 1, 1, 1, 1, 1, 1, 1, 1, 1, 1]
	884281	724928	783034	10	M	161	A		-1	3064.54438391	[1, 1, 1, 1, 1, 1, 1, 1, 1, 1, 1, 1]
	975081	829691	702194	11	M	63	A		-1	3064.95524839	[1, 1, 1, 1, 1, 1, 1, 1, 1, 1, 1, 1]
	944575	824481	822325	11	M	63	A		-1	3065.56167656	[1, 1, 1, 1, 1, 1, 1, 1, 1, 1, 1, 1]
	940198	824313	867077	11	M	139	A		-1	3065.71800134	[1, 1, 1, 1, 1, 1, 1, 1, 1, 1, 1, 1]
	981034	825856	802706	11	M	36	A		-1	3066.13808579	[1, 1, 1, 1, 1, 1, 1, 1, 1, 1, 1, 1]
	992360	826902	453933	11	M	144	A		-1	3066.7514539	[1, 1, 1, 1, 1, 1, 1, 1, 1, 1, 1, 1]
	979700	825856	801175	11	M	193	A		-1	3068.33812091	[1, 1, 1, 1, 1, 1, 1, 1, 1, 1, 1, 1]
	990731	826902	849778	11	M	2	A		-1	3069.20599236	[1, 1, 1, 1, 1, 1, 1, 1, 1, 1, 1, 1]
	915094	822709	851352	11	M	11	A		-1	3070.91059667	[1, 1, 1, 1, 1, 1, 1, 1, 1, 1, 1, 1]
	988886	826779	806187	11	M	57	A		-1	3071.69880714	[1, 1, 1, 1, 1, 1, 1, 1, 1, 1, 1, 1]
	900115	825514	857509	11	M	53	A		-1	3072.05947517	[1, 1, 1, 1, 1, 1, 1, 1, 1, 1, 1, 1]
	904339	825514	853067	11	M	9	A		-1	3072.18045298	[1, 1, 1, 1, 1, 1, 1, 1, 1, 1, 1, 1]
	913732	822059	864927	11	M	142	A		-1	3072.38632946	[1, 1, 1, 1, 1, 1, 1, 1, 1, 1, 1, 1]
	902909	825514	701906	11	M	84	A		-1	3072.77912717	[1, 1, 1, 1, 1, 1, 1, 1, 1, 1, 1, 0]
	957713	824874	840884	11	M	59	A		-1	3073.08870882	[1, 1, 1, 1, 1, 1, 1, 1, 1, 1, 1, 1]
	962866	825072	809389	11	M	101	A		-1	3073.09492679	[1, 1, 1, 1, 1, 1, 1, 1, 1, 1, 1, 1]
	971776	825590	872790	11	M	95	A		-1	3074.76417029	[1, 1, 1, 1, 1, 1, 1, 1, 1, 1, 1, 1]
	918208	822709	755111	11	M	35	A		-1	3075.11622028	[1, 1, 1, 1, 1, 1, 1, 1, 1, 1, 1, 1]
	900236	825514	832417	11	M	142	A		-1	3075.44469683	[1, 1, 1, 1, 1, 1, 1, 1, 1, 1, 1, 1]
	911991	822059	813996	11	M	115	A		-1	3075.44910574	[1, 1, 1, 1, 1, 1, 1, 1, 1, 1, 1, 1]
	975756	829691	774028	11	M	132	A		-1	3077.06358279	[1, 1, 1, 1, 1, 1, 1, 1, 1, 1, 1, 1]
	962854	825072	845861	11	M	47	A		-1	3077.60264364	[1, 1, 1, 0, 1, 1, 1, 1, 1, 1, 1, 1]
	909773	822059	860048	11	M	193	A		-1	3077.75029723	[1, 1, 1, 1, 1, 1, 1, 1, 1, 1, 1, 1]
	980945	825856	846876	11	M	189	A		-1	3078.3378315	[1, 1, 1, 1, 1, 1, 1, 1, 1, 1, 1, 1]
	988167	826779	867352	11	M	187	A		-1	3079.16986896	[1, 1, 1, 1, 1, 1, 1, 1, 1, 1, 1, 1]
	993218	826902	701636	11	M	49	A		-1	3080.52420733	[1, 1, 1, 1, 1, 1, 1, 1, 1, 1, 1, 1]
	902995	825514	822986	11	M	197	A		-1	3080.65530634	[1, 1, 1, 1, 1, 1, 1, 1, 1, 1, 1, 1]
	977906	829691	844604	11	M	95	A		-1	3080.84995438	[1, 1, 1, 1, 1, 1, 1, 1, 1, 1, 1, 1]
	989738	826902	737610	11	M	3	A		-1	3080.960384	[1, 1, 1, 1, 1, 1, 1, 1, 1, 1, 1, 1]
	982499	825856	809803	11	M	81	A		-1	3081.57266644	[1, 1, 1, 1, 1, 1, 1, 1, 1, 1, 1, 1]
	949642	824814	696079	11	M	41	A		-1	3082.9630689	[1, 1, 1, 1, 1, 1, 1, 1, 1, 1, 1, 1]
	895932	894438	830248	11	M	134	A		-1	3084.37052843	[1, 1, 1, 1, 1, 1, 1, 1, 1, 1, 1, 1]
	970865	825590	825223	11	M	124	A		-1	3085.02871476	[1, 1, 1, 1, 1, 1, 1, 1, 1, 1, 1, 1]
	990700	826902	823398	11	M	172	A		-1	3085.07359135	[1, 1, 1, 1, 1, 1, 1, 1, 1, 1, 1, 1]
	994232	826902	873686	11	M	127	A		-1	3085.25823026	[1, 1, 1, 1, 1, 1, 1, 1, 1, 1, 1, 1]
	970256	825590	786167	11	M	175	A		-1	3087.20389064	[1, 1, 1, 1, 1, 1, 1, 1, 1, 1, 1, 1]
	980434	825856	800271	11	M	164	A		-1	3089.28331161	[1, 1, 1, 1, 1, 1, 1, 1, 1, 1, 1, 1]
	958510	824874	844160	11	M	159	A		-1	3089.33291504	[1, 1, 1, 1, 1, 1, 1, 1, 1, 1, 1, 1]
	941109	824313	888520	11	M	151	A		-1	3090.81541041	[1, 1, 1, 1, 1, 1, 1, 1, 1, 1, 1, 1]
	914117	822059	882274	11	M	143	A		-1	3090.97058442	[1, 1, 1, 1, 1, 1, 1, 1, 1, 1, 1, 1]
	940624	824313	813073	11	M	17	A		-1	3091.38387819	[1, 1, 1, 1, 1, 1, 1, 1, 1, 1, 1, 1]
	963373	825072	860698	11	M	146	A		-1	3091.65706564	[1, 1, 1, 1, 1, 1, 1, 1, 1, 1, 1, 1]
	982406	825856	842553	11	M	194	A		-1	3091.70070809	[1, 1, 1, 1, 1, 1, 1, 1, 1, 1, 1, 1]
	942299	824313	799732	11	M	91	A		-1	3092.85630204	[1, 1, 1, 1, 1, 1, 1, 1, 1, 1, 1, 1]
	947193	824481	889824	11	M	45	A		-1	3092.89836961	[1, 1, 1, 1, 1, 1, 1, 1, 1, 1, 1, 1]
	920893	823054	888383	11	M	132	A		-1	3093.80260719	[1, 1, 1, 1, 1, 1, 1, 1, 1, 1, 1, 1]
	900170	825514	888376	11	M	16	A		-1	3094.81070059	[1, 1, 1, 1, 1, 1, 1, 1, 1, 1, 1, 1]
	901632	825514	799470	11	M	64	A		-1	3095.01809516	[1, 1, 1, 1, 1, 1, 1, 1, 1, 1, 1, 1]
	993964	826902	812083	11	M	183	A		-1	3095.21351408	[1, 1, 1, 1, 1, 1, 1, 1, 1, 1, 1, 1]
	914915	822709	884506	11	M	183	A		-1	3095.4430988	[1, 1, 1, 1, 1, 1, 1, 1, 1, 1, 1, 1]
	904145	825514	883417	11	M	34	A		-1	3095.77439192	[1, 1, 1, 1, 1, 1, 1, 1, 1, 1, 1, 1]
	949459	824814	850612	11	M	10	A		-1	3096.40911796	[1, 1, 1, 1, 1, 1, 1, 1, 1, 1, 1, 1]
	991711	826902	798226	11	M	25	A		-1	3097.23163967	[1, 1, 1, 1, 1, 1, 1, 1, 1, 1, 1, 1]
	949355	824481	808281	11	M	192	A		-1	3099.84293272	[1, 1, 1, 1, 1, 1, 1, 1, 1, 1, 1, 1]
	974912	829691	886768	11	M	112	A		-1	3100.11590171	[1, 1, 1, 1, 1, 1, 1, 1, 1, 1, 1, 1]
	993058	826902	882177	11	M	41	A		-1	3100.21451559	[1, 1, 1, 1, 1, 1, 1, 1, 1, 1, 1, 1]
	901442	825514	770425	11	M	163	A		-1	3101.73556464	[1, 1, 1, 1, 1, 1, 1, 1, 1, 1, 1, 1]
	943241	824313	811412	11	M	132	A		-1	3104.18700443	[1, 1, 1, 1, 1, 1, 1, 1, 1, 1, 1, 1]
	931664	823820	830108	11	M	64	A		-1	3106.16341685	[1, 1, 1, 1, 1, 1, 1, 1, 1, 1, 1, 1]
	994194	826902	805626	11	M	64	A		-1	3107.62939522	[1, 1, 1, 1, 1, 1, 1, 1, 1, 1, 1, 1]
	901387	825514	799605	11	M	126	A		-1	3108.14327056	[1, 1, 1, 1, 1, 1, 1, 1, 1, 1, 1, 1]
	900671	825514	876530	11	M	179	A		-1	3108.64879433	[1, 1, 1, 1, 1, 1, 1, 1, 1, 1, 1, 1]
	969803	825590	852673	11	M	85	A		-1	3110.16129682	[1, 1, 1, 1, 1, 1, 1, 1, 1, 1, 1, 1]
	969667	825590	784216	11	M	64	A		-1	3110.45728964	[1, 1, 1, 1, 1, 1, 1, 1, 1, 1, 1, 1]
	989650	826902	811487	11	M	150	A		-1	3110.94569879	[1, 1, 1, 1, 1, 1, 1, 1, 1, 1, 1, 1]
	976409	829691	821200	11	M	60	A		-1	3111.5291437	[1, 1, 1, 1, 1, 1, 1, 1, 1, 1, 1, 1]
	965120	825242	889146	11	M	110	A		-1	3111.6940385	[1, 1, 1, 1, 1, 1, 1, 1, 1, 1, 1, 0]
	963865	825072	736407	11	M	129	A		-1	3113.51161115	[1, 1, 1, 1, 1, 1, 1, 1, 1, 1, 1, 1]
	971465	825590	771468	11	M	200	A		-1	3114.93748068	[1, 1, 1, 1, 1, 1, 1, 1, 1, 1, 1, 1]
	991690	826902	882073	11	M	161	A		-1	3115.20712617	[1, 1, 1, 1, 1, 1, 1, 1, 1, 1, 1, 1]
	925428	823582	844888	11	M	16	A		-1	3115.394187	[1, 1, 1, 1, 1, 1, 1, 1, 1, 1, 1, 1]
	846423	722751	735154	10	M	15	A		-1	3115.62426959	[1, 1, 1, 1, 1, 1, 1, 1, 1, 1, 1, 1]
	968207	825242	866180	11	M	51	A		-1	3115.77216865	[1, 1, 1, 1, 1, 1, 1, 1, 1, 1, 1, 1]
	911021	822059	881811	11	M	102	A		-1	3116.18601272	[1, 1, 1, 1, 1, 1, 1, 1, 1, 1, 1, 1]
	962375	825072	887321	11	M	137	A		-1	3118.20376823	[1, 1, 1, 1, 1, 1, 1, 1, 1, 1, 1, 1]
	990970	826902	856618	11	M	118	A		-1	3118.31902299	[1, 1, 1, 1, 1, 1, 1, 1, 1, 1, 1, 1]
	950384	824814	838905	11	M	12	A		-1	3118.8436933	[1, 1, 1, 1, 1, 1, 1, 1, 1, 1, 1, 1]
	896597	894438	802613	11	M	151	A		-1	3119.04295649	[1, 1, 1, 1, 1, 1, 1, 1, 1, 1, 1, 1]
	961788	825072	878096	11	M	69	A		-1	3119.21233788	[1, 1, 1, 1, 1, 1, 1, 1, 1, 1, 1, 1]
	934707	823887	829298	11	M	152	A		-1	3119.24907959	[1, 1, 1, 1, 1, 1, 1, 1, 1, 1, 1, 0]
	989335	826779	885339	11	M	66	A		-1	3121.43073572	[1, 1, 1, 1, 1, 1, 1, 1, 1, 1, 1, 1]
	993914	826902	893211	11	M	167	A		-1	3121.84618719	[1, 1, 1, 1, 1, 1, 1, 1, 1, 1, 1, 1]
	939204	823887	806463	11	M	155	A		-1	3121.8865375	[1, 1, 1, 1, 1, 1, 1, 1, 1, 1, 1, 1]
	946988	824481	890476	11	M	137	A		-1	3122.71012988	[1, 1, 1, 1, 1, 1, 1, 1, 1, 1, 1, 1]
	959769	825072	806686	11	M	101	A		-1	3123.74010993	[1, 1, 1, 1, 1, 1, 1, 1, 1, 1, 1, 1]
	990638	826902	867105	11	M	41	A		-1	3123.94816689	[1, 1, 1, 1, 1, 1, 1, 1, 1, 1, 1, 1]
	861210	723868	755226	10	M	160	A		-1	3125.491032	[1, 1, 1, 1, 1, 1, 1, 1, 1, 1, 1, 1]
	957428	824874	812349	11	M	162	A		-1	3125.86510668	[1, 1, 1, 1, 1, 1, 1, 1, 1, 1, 1, 1]
	993754	826902	814027	11	M	35	A		-1	3126.27172914	[1, 1, 1, 1, 1, 1, 1, 1, 1, 1, 1, 1]
	948109	824481	874744	11	M	22	A		-1	3126.37225399	[1, 1, 1, 1, 1, 1, 1, 1, 1, 1, 1, 1]
	986382	826779	773520	11	M	133	A		-1	3127.46295141	[1, 1, 1, 1, 1, 1, 1, 1, 1, 1, 1, 1]
	989287	826779	820996	11	M	145	A		-1	3128.94617904	[1, 1, 1, 1, 1, 1, 1, 1, 1, 1, 1, 1]
	916801	822709	738134	11	M	29	A		-1	3130.94695244	[1, 1, 1, 1, 1, 1, 1, 1, 1, 1, 1, 1]
	964015	825072	721943	11	M	9	A		-1	3131.25991774	[1, 1, 1, 1, 1, 1, 1, 1, 1, 1, 1, 1]
	921350	823054	798604	11	M	71	A		-1	3131.67946592	[1, 1, 1, 1, 1, 1, 1, 1, 1, 1, 1, 1]
	993067	826902	861562	11	M	76	A		-1	3134.3409114	[1, 1, 1, 1, 1, 1, 1, 1, 1, 1, 1, 1]
	987592	826779	813987	11	M	168	A		-1	3135.6762444	[1, 1, 1, 1, 1, 1, 1, 1, 1, 1, 1, 1]
	981739	825856	748019	11	M	14	A		-1	3138.64481502	[1, 1, 1, 1, 1, 1, 1, 1, 1, 1, 1, 1]
	976373	829691	866793	11	M	128	A		-1	3138.97809107	[1, 1, 1, 1, 1, 1, 1, 1, 1, 1, 1, 1]
	955748	824874	872179	11	M	23	A		-1	3139.35708114	[1, 1, 1, 1, 1, 1, 1, 1, 1, 1, 1, 1]
	993354	826902	886992	11	M	66	A		-1	3139.5069607	[1, 1, 1, 1, 1, 1, 1, 1, 1, 1, 1, 1]
	992244	826902	888775	11	M	28	A		-1	3139.54992796	[1, 1, 1, 1, 1, 1, 1, 1, 1, 1, 1, 1]
	979226	829691	878340	11	M	63	A		-1	3140.44751241	[1, 1, 1, 1, 1, 1, 1, 1, 1, 1, 1, 1]
	902936	825514	888201	11	M	170	A		-1	3140.57287967	[1, 1, 1, 1, 1, 1, 1, 1, 1, 1, 1, 1]
	936324	823887	844281	11	M	1	A		-1	3141.01524709	[1, 1, 1, 1, 1, 1, 1, 1, 1, 1, 1, 1]
	826902	721823	714936	10	M	157	A		-1	3141.45708767	[1, 1, 1, 1, 1, 1, 1, 1, 1, 1, 1, 1]
	924727	823582	827112	11	M	198	A		-1	3143.07970848	[1, 1, 1, 1, 1, 1, 1, 1, 1, 1, 1, 1]
	916244	822709	797318	11	M	31	A		-1	3143.3091786	[1, 1, 1, 1, 1, 1, 1, 1, 1, 1, 1, 1]
	832380	722111	659918	10	M	158	A		-1	3143.64514256	[1, 1, 1, 1, 1, 1, 1, 1, 1, 1, 1, 1]
	983409	825856	842646	11	M	45	A		-1	3143.8035834	[1, 1, 1, 1, 1, 1, 1, 1, 1, 1, 1, 1]
	961759	825072	820528	11	M	76	A		-1	3144.08300169	[1, 1, 1, 1, 1, 1, 1, 1, 1, 1, 1, 1]
	970759	825590	828287	11	M	34	A		-1	3144.89183678	[1, 1, 1, 1, 1, 1, 1, 1, 1, 1, 1, 1]
	990476	826902	722730	11	M	81	A		-1	3145.05732421	[1, 1, 1, 1, 1, 1, 1, 1, 1, 1, 1, 1]
	895261	894438	792861	11	M	161	A		-1	3150.31739351	[1, 1, 1, 1, 1, 1, 1, 1, 1, 1, 1, 1]
	900895	825514	892992	11	M	149	A		-1	3151.26678301	[1, 1, 1, 1, 1, 1, 1, 1, 1, 1, 1, 1]
	962164	825072	842216	11	M	196	A		-1	3155.57558852	[1, 1, 1, 1, 1, 1, 1, 1, 1, 1, 1, 1]
	950226	824814	818277	11	M	174	A		-1	3158.68772555	[1, 1, 1, 1, 1, 1, 1, 1, 1, 1, 1, 1]
	934364	823820	857321	11	M	185	A		-1	3159.10962066	[1, 1, 1, 1, 1, 1, 1, 1, 1, 1, 1, 1]
	812080	721279	739255	10	M	130	A		-1	3159.88600245	[1, 1, 1, 1, 1, 1, 1, 1, 1, 1, 1, 1]
	903264	825514	883897	11	M	104	A		-1	3160.16956597	[1, 1, 1, 1, 1, 1, 1, 1, 1, 1, 1, 1]
	909677	822059	727175	11	M	23	A		-1	3162.42817141	[1, 1, 1, 1, 1, 1, 1, 1, 1, 1, 1, 1]
	937178	823887	797833	11	M	119	A		-1	3163.84020527	[1, 1, 1, 1, 1, 1, 1, 1, 1, 1, 1, 1]
	992920	826902	698228	11	M	113	A		-1	3167.42980458	[1, 1, 1, 1, 1, 1, 1, 1, 1, 1, 1, 1]
	942837	824313	833977	11	M	21	A		-1	3167.89477938	[1, 1, 1, 1, 1, 1, 1, 1, 1, 1, 1, 1]
	984424	825856	852375	11	M	21	A		-1	3170.43663117	[1, 1, 1, 1, 1, 1, 1, 1, 1, 1, 1, 1]
	984543	826779	871112	11	M	93	A		-1	3170.6324995	[1, 1, 1, 1, 1, 1, 1, 1, 1, 1, 1, 1]
	990302	826902	853263	11	M	93	A		-1	3172.34190247	[1, 1, 1, 1, 1, 1, 1, 1, 1, 1, 1, 1]
	992727	826902	740305	11	M	200	A		-1	3173.83118385	[1, 1, 1, 1, 1, 1, 1, 1, 1, 1, 1, 1]
	898370	894438	801576	11	M	150	A		-1	3174.32316261	[1, 1, 1, 1, 1, 1, 1, 1, 1, 1, 1, 1]
	902076	825514	781040	11	M	139	A		-1	3178.95408818	[1, 1, 1, 1, 1, 1, 1, 1, 1, 1, 1, 1]
	929690	823820	812316	11	M	158	A		-1	3179.1885553	[1, 1, 1, 1, 1, 1, 1, 1, 1, 1, 1, 1]
	920495	823054	830703	11	M	125	A		-1	3185.93511395	[1, 1, 1, 1, 1, 1, 1, 1, 1, 1, 1, 1]
	909797	822059	815281	11	M	172	A		-1	3187.20546264	[1, 1, 1, 1, 1, 1, 1, 1, 1, 1, 1, 1]
	968558	825242	849819	11	M	195	A		-1	3193.07229069	[1, 1, 1, 1, 1, 1, 1, 1, 1, 1, 1, 1]
	989666	826902	839694	11	M	199	A		-1	3196.568482	[1, 1, 1, 1, 1, 1, 1, 1, 1, 1, 1, 1]
	991710	826902	835363	11	M	159	A		-1	3196.69318629	[1, 1, 1, 1, 1, 1, 1, 1, 1, 1, 1, 1]
	901030	825514	841300	11	M	147	A		-1	3198.07951123	[1, 1, 1, 1, 1, 1, 1, 1, 1, 1, 1, 1]
	943157	824313	821426	11	M	52	A		-1	3200.50974591	[1, 1, 1, 1, 1, 1, 1, 1, 1, 1, 1, 1]
	993376	826902	850956	11	M	163	A		-1	3201.88967989	[1, 1, 1, 1, 1, 1, 1, 1, 1, 1, 1, 1]
	974907	829691	846976	11	M	143	A		-1	3203.97446084	[1, 1, 1, 1, 1, 1, 1, 1, 1, 1, 1, 1]
	983096	825856	863099	11	M	101	A		-1	3213.19794246	[1, 1, 1, 1, 1, 1, 1, 1, 1, 1, 1, 1]
	989991	826902	892665	11	M	0	A		-1	3227.1940924	[1, 1, 1, 1, 1, 1, 1, 1, 1, 1, 1, 1]
	935290	823887	864761	11	M	94	A		-1	3233.51787385	[1, 1, 1, 1, 1, 1, 1, 1, 1, 1, 1, 1]
	975174	829691	812215	11	M	15	A		-1	3236.78450808	[1, 1, 1, 1, 1, 1, 1, 1, 1, 1, 1, 1]
	993714	826902	849923	11	M	118	A		-1	3242.03452626	[1, 1, 1, 1, 1, 1, 1, 1, 1, 1, 1, 1]
	938169	823887	884543	11	M	43	A		-1	3245.96944026	[1, 1, 1, 1, 1, 1, 1, 1, 1, 1, 1, 1]
	902603	825514	851748	11	M	16	A		-1	3250.83967674	[1, 1, 1, 1, 1, 1, 1, 1, 1, 1, 1, 1]
	994332	826902	832164	11	M	97	A		-1	3280.3338121	[1, 1, 1, 1, 1, 1, 1, 1, 1, 1, 1, 0]
	993745	826902	727838	11	M	113	A		-1	3284.1291452	[1, 1, 1, 1, 1, 1, 1, 1, 1, 1, 1, 1]
	917276	822709	876846	11	M	19	A		-1	3306.1207816	[1, 1, 1, 1, 1, 1, 1, 1, 1, 1, 1, 1]
	989475	826902	668926	11	M	78	A		-1	3312.14203089	[1, 1, 1, 1, 1, 1, 1, 1, 1, 1, 1, 1]
	920020	823054	704679	11	M	148	A		-1	3314.87241063	[1, 1, 1, 1, 1, 1, 1, 1, 1, 1, 1, 1]
	926617	823582	874831	11	M	105	A		-1	3318.05954685	[1, 1, 1, 1, 1, 1, 1, 1, 1, 1, 1, 1]
	968728	825242	807799	11	M	31	A		-1	3417.25935996	[1, 1, 1, 1, 1, 1, 1, 1, 1, 1, 1, 1]
