animal	sire	dam	born	sex	herd	status	cause	died	TBV	recessives
	285902	147918	151437	4	M	169	A		-1	1360.61180811	[1, 1, 1, 1, 1, 1, 1, 1, 1, 1, 1, 0]
	210354	143058	135356	4	M	140	A		-1	1360.81809322	[1, 1, 1, 1, 1, 1, 1, 1, 1, 1, 1, 1]
	213106	143058	100690	4	M	150	A		-1	1360.88445697	[1, 1, 1, 1, 1, 1, 1, 1, 1, 1, 1, 1]
	291544	147962	151503	4	M	143	A		-1	1360.95198015	[1, 1, 1, 1, 1, 1, 1, 1, 1, 1, 1, 1]
	258174	147792	149754	4	M	89	A		-1	1361.2062296	[1, 1, 1, 1, 1, 1, 1, 1, 1, 1, 1, 1]
	197246	194432	172837	4	M	36	A		-1	1361.3850672	[1, 1, 1, 1, 1, 1, 1, 1, 1, 1, 1, 1]
	219113	143084	187751	4	M	119	A		-1	1361.55960729	[1, 1, 1, 1, 1, 1, 1, 1, 1, 1, 1, 1]
	245990	146665	171626	4	M	34	A		-1	1361.7829972	[1, 1, 1, 1, 1, 1, 1, 1, 1, 1, 1, 1]
	266344	147808	184798	4	M	77	A		-1	1362.35795536	[1, 1, 1, 1, 1, 1, 1, 1, 1, 1, 1, 1]
	208162	142992	187574	4	M	2	A		-1	1362.628067	[1, 1, 1, 1, 1, 1, 1, 1, 1, 1, 1, 1]
	201112	147873	92288	4	M	22	A		-1	1362.7441529	[1, 1, 1, 1, 1, 1, 1, 0, 1, 1, 1, 1]
	197033	194432	173596	4	M	118	A		-1	1362.87203924	[1, 1, 1, 1, 1, 1, 1, 1, 1, 1, 1, 1]
	255477	147792	175491	4	M	126	A		-1	1363.21926511	[1, 1, 1, 1, 1, 1, 1, 1, 1, 1, 1, 1]
	200109	147873	149817	4	M	198	A		-1	1363.6001393	[1, 1, 1, 1, 1, 1, 1, 1, 1, 1, 1, 1]
	256289	147792	128646	4	M	129	A		-1	1363.90106042	[1, 1, 1, 1, 1, 1, 1, 1, 1, 1, 1, 1]
	248677	146665	140832	4	M	79	A		-1	1364.33719116	[1, 1, 1, 1, 1, 1, 1, 1, 1, 1, 1, 1]
	151323	82186	86259	3	M	175	A		-1	1364.48422326	[1, 1, 1, 1, 1, 1, 1, 1, 1, 1, 1, 1]
	217775	143084	192773	4	M	101	A		-1	1364.65787865	[1, 1, 1, 1, 1, 1, 1, 1, 1, 1, 1, 1]
	234350	145643	118955	4	M	47	A		-1	1364.95764965	[1, 1, 1, 1, 1, 1, 1, 1, 1, 1, 1, 1]
	148272	82186	41676	3	M	132	A		-1	1365.09036004	[1, 1, 1, 1, 1, 1, 1, 1, 1, 1, 1, 1]
	197213	194432	147583	4	M	197	A		-1	1365.19501834	[1, 1, 1, 1, 1, 1, 1, 1, 1, 1, 1, 1]
	264864	147808	101659	4	M	3	A		-1	1365.32537268	[1, 1, 1, 1, 1, 1, 1, 1, 1, 1, 1, 1]
	207414	142992	79428	4	M	124	A		-1	1365.59816884	[1, 1, 1, 1, 1, 1, 1, 1, 1, 1, 1, 1]
	268711	147808	159800	4	M	186	A		-1	1365.72331096	[1, 1, 1, 1, 1, 1, 1, 1, 1, 1, 1, 1]
	245404	146665	167215	4	M	189	A		-1	1365.89407119	[1, 1, 1, 1, 1, 1, 1, 0, 1, 1, 1, 1]
	242393	146546	161463	4	M	168	A		-1	1365.90792879	[1, 1, 1, 1, 1, 1, 1, 1, 1, 1, 1, 1]
	209207	142992	173572	4	M	111	A		-1	1365.98691804	[1, 1, 1, 1, 1, 1, 1, 1, 1, 1, 1, 1]
	205299	142992	142103	4	M	198	A		-1	1366.19157759	[1, 1, 1, 1, 1, 1, 1, 1, 1, 1, 1, 1]
	283149	147906	142644	4	M	115	A		-1	1366.53749498	[1, 1, 1, 1, 1, 1, 1, 1, 1, 1, 1, 0]
	234826	146429	144442	4	M	88	A		-1	1366.56887438	[1, 1, 1, 1, 1, 1, 1, 1, 1, 1, 1, 1]
	278073	148219	136644	4	M	72	A		-1	1366.77518493	[1, 1, 1, 1, 1, 1, 1, 1, 1, 1, 1, 1]
	282032	147906	102086	4	M	182	A		-1	1366.86334867	[1, 1, 1, 1, 1, 1, 1, 1, 1, 1, 1, 1]
	233552	145643	135886	4	M	104	A		-1	1367.16629413	[1, 1, 1, 1, 1, 1, 1, 1, 1, 1, 1, 0]
	201927	147873	176591	4	M	196	A		-1	1367.18521903	[1, 1, 0, 1, 1, 1, 1, 1, 1, 1, 1, 0]
	258912	147792	131754	4	M	48	A		-1	1367.28957042	[1, 1, 1, 1, 1, 1, 1, 1, 1, 1, 1, 1]
	218830	143084	173593	4	M	175	A		-1	1367.52010412	[1, 1, 1, 1, 1, 1, 1, 1, 1, 1, 1, 1]
	262694	147800	37703	4	M	91	A		-1	1367.56012417	[1, 1, 1, 1, 1, 1, 1, 1, 1, 1, 1, 1]
	210328	143058	173727	4	M	82	A		-1	1367.57707843	[1, 1, 1, 1, 1, 1, 1, 1, 1, 1, 1, 1]
	131416	83120	102159	3	M	118	A		-1	1367.91722069	[1, 1, 1, 1, 1, 1, 1, 1, 1, 1, 1, 1]
	214497	143084	102922	4	M	90	A		-1	1368.02091948	[1, 1, 1, 1, 1, 1, 1, 1, 1, 1, 1, 1]
	288045	147918	47986	4	M	99	A		-1	1368.92483473	[1, 1, 1, 1, 1, 1, 1, 1, 1, 1, 1, 0]
	279649	147906	117734	4	M	125	A		-1	1368.99059024	[1, 1, 1, 1, 1, 1, 1, 1, 1, 1, 1, 1]
	226788	143994	168241	4	M	191	A		-1	1369.03855055	[1, 1, 1, 1, 1, 1, 1, 1, 1, 1, 1, 1]
	293661	147962	142258	4	M	57	A		-1	1369.29565073	[1, 1, 1, 1, 1, 1, 1, 1, 1, 1, 1, 0]
	180314	82875	97197	3	M	41	A		-1	1369.71179698	[1, 1, 1, 1, 1, 1, 1, 1, 1, 1, 1, 0]
	284986	147918	134543	4	M	81	A		-1	1369.75916855	[1, 1, 1, 1, 1, 1, 1, 1, 1, 1, 1, 1]
	245874	146665	149306	4	M	126	A		-1	1370.02437651	[1, 1, 1, 1, 1, 1, 1, 1, 1, 1, 1, 1]
	291545	147962	148454	4	M	10	A		-1	1370.02764299	[1, 1, 1, 1, 1, 1, 1, 1, 1, 1, 1, 0]
	233766	145643	160327	4	M	104	A		-1	1370.19957879	[1, 1, 1, 1, 1, 1, 1, 1, 1, 1, 1, 1]
	201717	147873	144237	4	M	45	A		-1	1370.4302717	[1, 1, 0, 1, 1, 1, 1, 1, 1, 1, 1, 1]
	224881	143994	107716	4	M	32	A		-1	1370.68899505	[1, 1, 1, 1, 1, 1, 1, 1, 1, 1, 1, 1]
	271523	147875	182563	4	M	32	A		-1	1370.79953018	[1, 1, 1, 1, 1, 1, 1, 1, 1, 1, 1, 1]
	253836	147023	142537	4	M	151	A		-1	1370.93328507	[1, 1, 1, 1, 1, 1, 1, 1, 1, 1, 1, 1]
	230896	145643	173362	4	M	56	A		-1	1371.02585964	[1, 1, 1, 1, 1, 1, 1, 1, 1, 1, 1, 0]
	228308	143994	132560	4	M	76	A		-1	1371.18776971	[1, 1, 1, 1, 1, 1, 1, 1, 1, 1, 1, 1]
	255447	147792	89279	4	M	129	A		-1	1371.95099959	[1, 1, 1, 1, 1, 1, 1, 1, 1, 1, 1, 1]
	244996	146665	148412	4	M	59	A		-1	1372.09103662	[1, 1, 1, 1, 1, 1, 1, 1, 1, 1, 1, 1]
	209401	142992	132918	4	M	115	A		-1	1372.17049671	[1, 1, 1, 1, 1, 1, 1, 1, 1, 1, 1, 1]
	252643	147023	173175	4	M	198	A		-1	1372.19305164	[1, 1, 1, 1, 1, 1, 1, 1, 1, 1, 1, 0]
	258424	147792	169074	4	M	129	A		-1	1372.44665873	[1, 1, 1, 1, 1, 1, 1, 1, 1, 1, 1, 1]
	230214	145643	127357	4	M	194	A		-1	1373.09353658	[1, 1, 1, 1, 1, 1, 1, 1, 1, 1, 1, 1]
	149230	82186	107494	3	M	83	A		-1	1373.36111677	[1, 1, 1, 1, 1, 1, 1, 1, 1, 1, 1, 1]
	284033	147906	104072	4	M	108	A		-1	1373.4616322	[1, 1, 1, 1, 1, 1, 1, 1, 1, 1, 1, 1]
	217280	143084	169404	4	M	190	A		-1	1373.49721284	[1, 1, 1, 1, 1, 1, 1, 1, 1, 1, 1, 1]
	246918	146665	169302	4	M	194	A		-1	1373.56789095	[1, 1, 1, 1, 1, 1, 1, 1, 1, 1, 1, 1]
	280958	147906	139184	4	M	165	A		-1	1373.59809757	[1, 1, 1, 1, 1, 1, 1, 1, 1, 1, 1, 1]
	211240	143058	181323	4	M	6	A		-1	1374.40305855	[1, 1, 1, 1, 1, 1, 1, 1, 1, 1, 1, 1]
	243361	146546	156444	4	M	126	A		-1	1374.53477424	[1, 1, 1, 1, 1, 1, 1, 1, 1, 1, 1, 1]
	261721	147800	137238	4	M	112	A		-1	1374.72811514	[1, 1, 1, 1, 1, 1, 1, 1, 1, 1, 1, 0]
	224187	143459	80142	4	M	76	A		-1	1374.77593191	[1, 1, 1, 1, 1, 1, 1, 1, 1, 1, 1, 1]
	203529	147873	101519	4	M	177	A		-1	1374.81565255	[1, 1, 1, 1, 1, 1, 1, 1, 1, 1, 1, 1]
	231082	145643	135789	4	M	74	A		-1	1375.55437832	[1, 1, 1, 1, 1, 1, 1, 1, 1, 1, 1, 1]
	266864	147808	84631	4	M	180	A		-1	1375.58904694	[1, 1, 1, 1, 1, 1, 1, 1, 1, 1, 1, 0]
	271189	147875	46883	4	M	58	A		-1	1375.74411675	[1, 1, 1, 0, 1, 1, 1, 1, 1, 1, 1, 1]
	152089	82186	111331	3	M	43	A		-1	1375.79537947	[1, 1, 1, 1, 1, 1, 1, 1, 1, 1, 1, 1]
	230370	145643	157431	4	M	113	A		-1	1376.21396046	[1, 1, 1, 1, 1, 1, 1, 1, 1, 1, 1, 1]
	228204	143994	99820	4	M	104	A		-1	1376.43459863	[1, 1, 1, 1, 1, 1, 1, 1, 1, 1, 1, 1]
	224715	143994	188737	4	M	183	A		-1	1376.95557233	[1, 1, 1, 1, 1, 1, 1, 1, 1, 1, 1, 0]
	202446	147873	188816	4	M	100	A		-1	1376.96874934	[1, 1, 0, 1, 1, 1, 1, 1, 1, 1, 1, 1]
	224953	143994	156226	4	M	138	A		-1	1377.47381239	[1, 1, 1, 1, 1, 1, 1, 1, 1, 1, 1, 1]
	148318	82186	90597	3	M	178	A		-1	1377.65793551	[1, 1, 1, 1, 1, 1, 1, 1, 1, 1, 1, 1]
	256256	147792	193892	4	M	111	A		-1	1377.6854881	[1, 1, 1, 1, 1, 1, 1, 1, 1, 1, 1, 1]
	275914	148219	180872	4	M	69	A		-1	1378.13940158	[1, 1, 1, 0, 1, 1, 1, 1, 1, 1, 1, 1]
	150018	82186	46883	3	M	58	A		-1	1378.14380373	[1, 1, 1, 0, 1, 1, 1, 1, 1, 1, 1, 1]
	256682	147792	187158	4	M	100	A		-1	1378.23345191	[1, 1, 1, 1, 1, 1, 1, 1, 1, 1, 1, 1]
	212660	143058	145254	4	M	4	A		-1	1378.36274812	[1, 1, 1, 1, 1, 1, 1, 1, 1, 1, 1, 1]
	218398	143084	50467	4	M	136	A		-1	1378.79559617	[1, 1, 1, 1, 1, 1, 1, 1, 1, 1, 1, 1]
	234705	146429	70393	4	M	39	A		-1	1378.90281022	[1, 1, 1, 1, 1, 1, 1, 1, 1, 1, 1, 1]
	213063	143058	119690	4	M	2	A		-1	1378.90339648	[1, 1, 1, 1, 1, 1, 1, 1, 1, 1, 1, 1]
	234249	145643	171568	4	M	95	A		-1	1379.04483016	[1, 1, 1, 1, 1, 1, 1, 1, 1, 1, 1, 1]
	205664	142992	182100	4	M	58	A		-1	1379.3159717	[1, 1, 1, 1, 1, 1, 1, 1, 1, 1, 1, 1]
	234359	145643	27648	4	M	193	A		-1	1379.41327468	[1, 1, 0, 1, 1, 1, 1, 1, 1, 1, 1, 1]
	245135	146665	146071	4	M	99	A		-1	1379.59959979	[1, 0, 1, 1, 1, 1, 1, 1, 1, 1, 1, 1]
	214786	143084	142430	4	M	46	A		-1	1379.63967069	[1, 1, 1, 1, 1, 1, 1, 1, 1, 1, 1, 1]
	232546	145643	159172	4	M	179	A		-1	1379.96677977	[1, 1, 1, 1, 1, 1, 1, 1, 1, 1, 1, 1]
	222238	143459	144242	4	M	159	A		-1	1380.03614119	[1, 1, 1, 0, 1, 1, 1, 1, 1, 1, 1, 1]
	219727	143459	119343	4	M	124	A		-1	1380.16658382	[1, 1, 1, 1, 1, 1, 1, 1, 1, 1, 1, 1]
	286679	147918	164470	4	M	7	A		-1	1380.20829573	[1, 1, 1, 1, 1, 1, 1, 1, 1, 1, 1, 1]
	249199	146665	117782	4	M	108	A		-1	1380.26402553	[1, 1, 1, 1, 1, 1, 1, 1, 1, 1, 1, 1]
	273318	147875	172329	4	M	141	A		-1	1380.43965954	[1, 1, 1, 1, 1, 1, 1, 1, 1, 1, 1, 1]
	142105	81948	122061	3	M	16	A		-1	1380.8562318	[1, 1, 1, 1, 1, 1, 1, 1, 1, 1, 1, 1]
	241446	146546	181635	4	M	29	A		-1	1380.9012991	[1, 1, 1, 1, 1, 1, 1, 1, 1, 1, 1, 1]
	226263	143994	175660	4	M	13	A		-1	1381.08651366	[1, 1, 1, 1, 1, 1, 1, 1, 1, 1, 1, 1]
	206527	142992	180555	4	M	76	A		-1	1381.1071051	[1, 1, 1, 1, 1, 1, 1, 1, 1, 1, 1, 1]
	205262	142992	173853	4	M	92	A		-1	1381.2130986	[1, 1, 1, 1, 1, 1, 1, 1, 1, 1, 1, 1]
	278003	148219	45655	4	M	124	A		-1	1381.28056596	[1, 1, 1, 1, 1, 1, 1, 1, 1, 1, 1, 1]
	245736	146665	146011	4	M	41	A		-1	1381.28306174	[1, 1, 1, 1, 1, 1, 1, 1, 1, 1, 1, 1]
	234091	145643	160054	4	M	23	A		-1	1382.0034734	[1, 1, 1, 1, 1, 1, 1, 1, 1, 1, 1, 1]
	287601	147918	174125	4	M	17	A		-1	1382.03759825	[1, 1, 1, 1, 1, 0, 1, 1, 1, 1, 1, 1]
	207628	142992	135016	4	M	170	A		-1	1382.05887859	[1, 1, 1, 1, 1, 1, 1, 1, 1, 1, 1, 0]
	259539	147800	131622	4	M	185	A		-1	1382.48414143	[1, 1, 1, 1, 1, 1, 1, 1, 1, 1, 1, 1]
	247418	146665	144000	4	M	56	A		-1	1382.52594969	[1, 1, 1, 1, 1, 1, 1, 1, 1, 1, 1, 1]
	222847	143459	143905	4	M	152	A		-1	1382.61996925	[1, 1, 1, 1, 1, 1, 1, 1, 1, 1, 1, 1]
	256270	147792	133595	4	M	87	A		-1	1382.91756281	[1, 1, 1, 1, 1, 1, 1, 1, 1, 1, 1, 1]
	279203	148219	81712	4	M	45	A		-1	1384.14625319	[1, 1, 1, 1, 1, 1, 1, 1, 1, 1, 1, 1]
	203450	147873	156237	4	M	88	A		-1	1384.16736085	[1, 1, 0, 1, 1, 1, 1, 1, 1, 1, 1, 1]
	232586	145643	166845	4	M	11	A		-1	1385.61659563	[1, 1, 1, 1, 1, 1, 1, 1, 1, 1, 1, 1]
	233379	145643	191583	4	M	139	A		-1	1386.08600465	[1, 1, 1, 1, 1, 1, 1, 1, 1, 1, 1, 1]
	234019	145643	149673	4	M	12	A		-1	1386.12694985	[1, 1, 1, 1, 1, 1, 1, 1, 1, 1, 1, 0]
	257977	147792	158464	4	M	132	A		-1	1386.16238119	[1, 1, 1, 1, 1, 1, 1, 1, 1, 1, 1, 1]
	270375	147875	144896	4	M	91	A		-1	1386.55821264	[1, 1, 1, 1, 1, 1, 1, 1, 1, 1, 1, 0]
	289727	147962	193249	4	M	80	A		-1	1386.66004981	[1, 1, 1, 1, 1, 1, 1, 1, 1, 1, 1, 1]
	221872	143459	165501	4	M	123	A		-1	1386.79804021	[1, 1, 1, 1, 1, 1, 1, 1, 1, 1, 1, 1]
	209235	142992	184213	4	M	7	A		-1	1386.99474753	[1, 1, 1, 1, 1, 1, 1, 1, 1, 1, 1, 1]
	266304	147808	129018	4	M	143	A		-1	1387.05410729	[1, 1, 1, 1, 1, 1, 1, 1, 1, 1, 1, 1]
	210725	143058	174103	4	M	62	A		-1	1387.36941872	[1, 1, 1, 1, 1, 1, 1, 1, 1, 1, 1, 1]
	225654	143994	164393	4	M	171	A		-1	1387.43040925	[1, 1, 1, 1, 1, 1, 1, 1, 1, 1, 1, 1]
	255995	147792	166028	4	M	175	A		-1	1387.45040503	[1, 1, 1, 1, 1, 1, 1, 1, 1, 1, 1, 1]
	260205	147800	180922	4	M	155	A		-1	1387.87151714	[1, 1, 1, 1, 1, 1, 1, 1, 1, 1, 1, 1]
	200783	147873	71308	4	M	134	A		-1	1388.02651388	[1, 1, 0, 1, 1, 1, 1, 1, 1, 1, 1, 1]
	228246	143994	174970	4	M	11	A		-1	1388.10359222	[1, 1, 1, 1, 1, 1, 1, 1, 1, 1, 1, 1]
	212008	143058	151455	4	M	90	A		-1	1388.26150485	[1, 1, 1, 1, 1, 1, 1, 1, 1, 1, 1, 1]
	264315	147800	163680	4	M	153	A		-1	1388.42728445	[1, 1, 1, 1, 1, 1, 1, 1, 1, 1, 1, 1]
	265496	147808	162549	4	M	7	A		-1	1388.57442969	[1, 1, 1, 1, 1, 1, 1, 1, 1, 1, 1, 1]
	277147	148219	142948	4	M	93	A		-1	1388.71923247	[1, 1, 1, 1, 1, 1, 1, 1, 1, 1, 1, 1]
	208376	142992	127088	4	M	171	A		-1	1388.75787275	[1, 1, 1, 1, 1, 1, 1, 1, 1, 1, 1, 1]
	220366	143459	42415	4	M	187	A		-1	1388.88524707	[1, 1, 1, 1, 1, 1, 1, 1, 1, 1, 1, 1]
	242781	146546	144002	4	M	93	A		-1	1388.95039866	[1, 1, 1, 1, 1, 1, 1, 1, 1, 1, 1, 1]
	285145	147918	135238	4	M	152	A		-1	1389.12884112	[1, 1, 1, 1, 1, 1, 1, 1, 1, 1, 1, 1]
	211504	143058	167459	4	M	72	A		-1	1389.30045621	[1, 1, 1, 1, 1, 1, 1, 1, 1, 1, 1, 1]
	270961	147875	153894	4	M	99	A		-1	1389.4756537	[1, 1, 1, 1, 1, 1, 1, 1, 1, 1, 1, 1]
	211584	143058	104318	4	M	7	A		-1	1390.00220332	[1, 1, 1, 1, 1, 1, 1, 1, 1, 1, 1, 1]
	230978	145643	136158	4	M	6	A		-1	1390.26350406	[1, 1, 1, 1, 1, 1, 1, 1, 1, 1, 1, 0]
	231188	145643	191070	4	M	165	A		-1	1390.36181604	[1, 1, 1, 0, 1, 1, 1, 1, 1, 1, 1, 1]
	282360	147906	88274	4	M	136	A		-1	1390.41392747	[1, 1, 1, 1, 1, 1, 1, 1, 1, 1, 1, 1]
	290297	147962	177177	4	M	180	A		-1	1390.42947995	[1, 1, 1, 1, 1, 1, 1, 1, 1, 1, 1, 1]
	213479	143058	13425	4	M	150	A		-1	1390.71177378	[1, 1, 1, 1, 1, 1, 1, 1, 1, 1, 1, 1]
	222413	143459	148521	4	M	106	A		-1	1390.81373377	[1, 1, 1, 1, 1, 1, 1, 1, 1, 1, 1, 1]
	214866	143084	166767	4	M	0	A		-1	1391.11307345	[1, 1, 1, 1, 1, 1, 1, 1, 1, 1, 1, 1]
	278697	148219	184775	4	M	196	A		-1	1391.14493356	[1, 1, 1, 1, 1, 1, 1, 1, 1, 1, 1, 1]
	229559	145643	34137	4	M	146	A		-1	1391.6358271	[1, 0, 1, 1, 1, 1, 1, 1, 1, 1, 1, 1]
	263335	147800	100418	4	M	0	A		-1	1391.70421539	[1, 1, 1, 1, 1, 1, 1, 1, 1, 1, 1, 1]
	224051	143459	187063	4	M	119	A		-1	1392.331182	[1, 1, 1, 1, 1, 1, 1, 1, 1, 1, 1, 1]
	207075	142992	129545	4	M	0	A		-1	1392.36687849	[1, 1, 1, 1, 1, 1, 1, 1, 1, 1, 1, 1]
	229474	145643	75534	4	M	87	A		-1	1393.12319468	[1, 1, 1, 1, 1, 1, 1, 1, 1, 1, 1, 1]
	217044	143084	152303	4	M	136	A		-1	1393.28315214	[1, 1, 1, 1, 1, 1, 1, 1, 1, 1, 1, 1]
	281424	147906	136698	4	M	182	A		-1	1393.37692951	[1, 1, 1, 1, 1, 1, 1, 1, 1, 1, 1, 0]
	237144	146429	151573	4	M	169	A		-1	1393.64592341	[1, 1, 1, 1, 1, 1, 1, 1, 1, 1, 1, 1]
	213573	143058	147021	4	M	166	A		-1	1394.01404431	[1, 1, 1, 1, 1, 1, 1, 1, 1, 1, 1, 1]
	277503	148219	101067	4	M	186	A		-1	1394.74492484	[1, 1, 1, 1, 1, 1, 1, 1, 1, 1, 1, 1]
	239491	146546	157469	4	M	28	A		-1	1394.91196865	[1, 1, 1, 1, 1, 1, 1, 1, 1, 1, 1, 1]
	240631	146546	170962	4	M	14	A		-1	1395.41860179	[1, 1, 1, 1, 1, 1, 1, 1, 1, 1, 1, 1]
	290271	147962	147867	4	M	89	A		-1	1395.57090405	[1, 1, 1, 1, 1, 1, 1, 1, 1, 1, 1, 1]
	226124	143994	129202	4	M	9	A		-1	1395.75636876	[1, 1, 1, 1, 1, 1, 1, 1, 1, 1, 1, 1]
	203797	147873	172475	4	M	116	A		-1	1395.93204708	[1, 1, 0, 0, 1, 1, 1, 1, 1, 1, 1, 1]
	205897	142992	140239	4	M	12	A		-1	1396.05189843	[1, 1, 1, 1, 1, 1, 1, 1, 1, 1, 1, 1]
	223032	143459	168378	4	M	94	A		-1	1396.1089384	[1, 1, 1, 0, 1, 1, 1, 1, 1, 1, 1, 1]
	222285	143459	110259	4	M	19	A		-1	1396.19630503	[1, 1, 1, 1, 1, 1, 1, 1, 1, 1, 1, 1]
	229591	145643	106905	4	M	48	A		-1	1396.266624	[1, 1, 1, 1, 1, 1, 1, 1, 1, 1, 1, 1]
	197376	194432	182617	4	M	93	A		-1	1397.09256392	[1, 1, 1, 1, 1, 1, 1, 1, 1, 1, 1, 1]
	207743	142992	86261	4	M	8	A		-1	1397.21416098	[1, 1, 1, 1, 1, 1, 1, 1, 1, 1, 1, 1]
	290929	147962	176125	4	M	192	A		-1	1397.70949721	[1, 1, 1, 1, 1, 1, 1, 1, 1, 1, 1, 1]
	256890	147792	149219	4	M	37	A		-1	1397.82928039	[1, 1, 1, 0, 1, 1, 1, 1, 1, 1, 1, 1]
	264935	147808	92178	4	M	117	A		-1	1397.86896506	[1, 1, 1, 1, 1, 1, 1, 1, 1, 1, 1, 1]
	177782	82851	46136	3	M	118	A		-1	1397.97344084	[0, 1, 1, 1, 1, 1, 1, 1, 1, 1, 1, 0]
	229432	143994	168757	4	M	171	A		-1	1398.05473565	[1, 1, 1, 1, 1, 1, 1, 1, 1, 1, 1, 1]
	282265	147906	166805	4	M	141	A		-1	1398.45842075	[1, 1, 1, 1, 1, 1, 1, 1, 1, 1, 1, 1]
	249567	147023	176157	4	M	22	A		-1	1398.67980661	[1, 1, 1, 1, 1, 1, 1, 1, 1, 1, 1, 0]
	252428	147023	125875	4	M	76	A		-1	1398.77146729	[1, 1, 1, 1, 1, 1, 1, 1, 1, 1, 1, 1]
	246358	146665	142398	4	M	71	A		-1	1398.84208393	[1, 1, 1, 1, 1, 1, 1, 1, 1, 1, 1, 1]
	267606	147808	98607	4	M	72	A		-1	1398.91245726	[1, 1, 1, 1, 1, 1, 1, 1, 1, 1, 1, 1]
	201082	147873	137140	4	M	134	A		-1	1399.16801851	[1, 1, 0, 1, 1, 1, 1, 1, 1, 1, 1, 0]
	204219	147873	177469	4	M	189	A		-1	1399.3791487	[1, 1, 0, 1, 1, 1, 1, 1, 1, 1, 1, 1]
	266561	147808	174414	4	M	146	A		-1	1401.42998448	[1, 1, 1, 1, 1, 1, 1, 1, 1, 1, 1, 1]
	195775	194432	167006	4	M	146	A		-1	1401.47458352	[1, 1, 1, 1, 1, 1, 1, 1, 1, 1, 1, 1]
	261689	147800	150171	4	M	192	A		-1	1401.64423982	[1, 1, 1, 1, 1, 1, 1, 1, 1, 1, 1, 1]
	275831	148219	171506	4	M	101	A		-1	1401.72892982	[1, 1, 1, 1, 1, 1, 1, 1, 1, 1, 1, 1]
	250270	147023	148214	4	M	170	A		-1	1402.06907513	[1, 1, 1, 1, 1, 1, 1, 1, 1, 1, 1, 1]
	240922	146546	132298	4	M	72	A		-1	1402.11523739	[1, 1, 1, 1, 1, 1, 1, 1, 1, 1, 1, 1]
	211589	143058	154953	4	M	177	A		-1	1402.66714137	[1, 1, 1, 1, 1, 1, 1, 1, 1, 1, 1, 1]
	268346	147808	89206	4	M	64	A		-1	1402.69727905	[1, 1, 1, 1, 1, 1, 0, 1, 1, 1, 1, 1]
	261472	147800	84404	4	M	93	A		-1	1402.97975237	[1, 1, 1, 1, 1, 1, 1, 1, 1, 1, 1, 1]
	246384	146665	191819	4	M	37	A		-1	1403.19878163	[1, 1, 1, 1, 1, 1, 1, 1, 1, 1, 1, 1]
	231783	145643	166838	4	M	100	A		-1	1403.26075524	[1, 1, 1, 1, 1, 1, 1, 1, 1, 1, 1, 1]
	261791	147800	132040	4	M	150	A		-1	1403.27889148	[1, 1, 1, 1, 1, 1, 1, 1, 1, 1, 1, 1]
	260718	147800	169949	4	M	45	A		-1	1403.40464469	[1, 1, 1, 1, 1, 1, 1, 1, 1, 1, 1, 1]
	265499	147808	116718	4	M	152	A		-1	1403.41716593	[1, 1, 1, 1, 1, 1, 1, 1, 1, 1, 1, 1]
	268187	147808	136533	4	M	8	A		-1	1403.74421167	[1, 1, 1, 1, 1, 1, 1, 1, 1, 1, 1, 1]
	256017	147792	128042	4	M	32	A		-1	1403.85565161	[1, 1, 1, 1, 1, 1, 1, 1, 1, 1, 1, 1]
	291362	147962	108388	4	M	117	A		-1	1403.87715036	[1, 1, 1, 1, 1, 1, 1, 1, 1, 1, 1, 0]
	235114	146429	122853	4	M	25	A		-1	1404.48137573	[1, 1, 1, 1, 1, 1, 1, 1, 1, 1, 1, 1]
	267543	147808	176094	4	M	60	A		-1	1405.1183546	[1, 1, 1, 1, 1, 1, 1, 1, 1, 1, 1, 1]
	183608	82886	85779	3	M	156	A		-1	1405.57016083	[1, 1, 1, 1, 1, 1, 1, 1, 1, 1, 1, 1]
	277208	148219	108403	4	M	82	A		-1	1405.81928082	[1, 1, 1, 1, 1, 1, 1, 1, 1, 1, 1, 1]
	213989	143058	132831	4	M	160	A		-1	1406.24127378	[1, 1, 1, 1, 1, 1, 1, 1, 1, 1, 1, 1]
	203022	147873	154573	4	M	12	A		-1	1406.68601635	[1, 1, 0, 1, 1, 1, 1, 1, 1, 1, 1, 1]
	257483	147792	160708	4	M	35	A		-1	1406.84011096	[1, 1, 1, 1, 1, 1, 1, 1, 1, 1, 1, 1]
	246166	146665	164205	4	M	22	A		-1	1407.12038009	[1, 1, 1, 1, 1, 0, 1, 0, 1, 1, 1, 0]
	194840	194432	172260	4	M	123	A		-1	1407.33488079	[1, 1, 1, 1, 1, 1, 1, 1, 1, 1, 1, 1]
	202172	147873	78751	4	M	7	A		-1	1407.86094125	[1, 1, 0, 1, 1, 1, 1, 1, 1, 1, 1, 1]
	229564	145643	147595	4	M	182	A		-1	1407.91117008	[1, 1, 1, 1, 1, 1, 1, 1, 1, 1, 1, 1]
	284539	147918	179037	4	M	11	A		-1	1408.1393043	[1, 1, 1, 1, 1, 0, 1, 1, 1, 1, 1, 1]
	222670	143459	194110	4	M	52	A		-1	1408.24250282	[1, 1, 1, 1, 1, 1, 1, 1, 1, 1, 1, 1]
	278273	148219	166785	4	M	44	A		-1	1408.47644082	[1, 1, 1, 1, 1, 1, 1, 1, 1, 1, 1, 1]
	198573	194432	151089	4	M	188	A		-1	1409.14766265	[1, 1, 1, 1, 1, 1, 1, 1, 1, 1, 1, 1]
	227728	143994	120635	4	M	77	A		-1	1410.05453115	[1, 1, 1, 1, 1, 1, 1, 1, 1, 1, 1, 1]
	248037	146665	155292	4	M	11	A		-1	1410.23803104	[1, 1, 1, 1, 1, 1, 1, 1, 1, 1, 1, 1]
	221695	143459	132976	4	M	181	A		-1	1411.9829247	[1, 1, 1, 1, 1, 1, 1, 1, 1, 1, 1, 1]
	217808	143084	187046	4	M	19	A		-1	1412.67852365	[1, 1, 1, 1, 1, 1, 1, 1, 1, 1, 1, 1]
	194900	194432	141805	4	M	193	A		-1	1413.13316762	[1, 1, 1, 1, 1, 1, 1, 1, 1, 1, 1, 1]
	233831	145643	149274	4	M	40	A		-1	1413.44520548	[1, 1, 1, 1, 1, 1, 1, 1, 1, 1, 1, 1]
	211823	143058	184331	4	M	136	A		-1	1413.50330251	[1, 1, 1, 1, 1, 1, 1, 1, 1, 1, 1, 1]
	272859	147875	113139	4	M	33	A		-1	1414.00771159	[1, 1, 1, 1, 1, 1, 1, 1, 1, 1, 1, 1]
	195735	194432	151329	4	M	36	A		-1	1414.53167022	[1, 1, 1, 1, 1, 1, 1, 1, 1, 1, 1, 1]
	224995	143994	111510	4	M	107	A		-1	1415.26565365	[1, 1, 1, 1, 1, 1, 1, 1, 1, 1, 1, 1]
	216282	143084	83185	4	M	56	A		-1	1415.38894631	[1, 1, 1, 1, 1, 1, 1, 1, 1, 1, 1, 1]
	282365	147906	172868	4	M	107	A		-1	1415.38980928	[1, 1, 1, 1, 1, 1, 1, 1, 1, 1, 1, 1]
	245835	146665	179156	4	M	2	A		-1	1416.11385929	[1, 1, 1, 1, 1, 1, 1, 1, 1, 1, 1, 1]
	248144	146665	153385	4	M	186	A		-1	1416.73370569	[1, 1, 1, 1, 1, 1, 1, 1, 1, 1, 1, 1]
	236518	146429	113462	4	M	196	A		-1	1416.97153352	[1, 1, 1, 1, 1, 1, 1, 1, 1, 1, 1, 1]
	247833	146665	185334	4	M	168	A		-1	1416.99155153	[1, 1, 1, 1, 1, 1, 1, 1, 1, 1, 1, 1]
	212003	143058	148643	4	M	146	A		-1	1417.34055204	[1, 1, 1, 1, 1, 1, 1, 1, 1, 1, 1, 1]
	239267	146429	123381	4	M	199	A		-1	1417.72673144	[1, 1, 1, 1, 1, 1, 1, 1, 1, 1, 1, 1]
	221169	143459	149465	4	M	100	A		-1	1418.42657156	[1, 1, 1, 1, 1, 1, 1, 1, 1, 1, 1, 1]
	280101	147906	190290	4	M	173	A		-1	1418.72340385	[1, 1, 1, 1, 1, 1, 1, 1, 1, 1, 1, 1]
	255065	147792	72999	4	M	92	A		-1	1419.23060078	[1, 1, 1, 1, 1, 1, 1, 1, 1, 1, 1, 1]
	195186	194432	148846	4	M	37	A		-1	1420.25558232	[1, 1, 1, 1, 1, 1, 1, 1, 1, 1, 1, 1]
	258996	147792	165193	4	M	108	A		-1	1420.96733645	[1, 1, 1, 1, 1, 1, 1, 1, 1, 1, 1, 1]
	204710	142992	182432	4	M	7	A		-1	1421.26317095	[1, 1, 1, 1, 1, 1, 1, 1, 1, 1, 1, 1]
	251652	147023	137094	4	M	89	A		-1	1421.68612804	[1, 1, 1, 1, 1, 1, 1, 1, 1, 1, 1, 0]
	258617	147792	168005	4	M	62	A		-1	1421.91620189	[1, 1, 1, 1, 1, 0, 1, 1, 1, 1, 1, 1]
	292384	147962	136814	4	M	19	A		-1	1422.85986635	[1, 1, 1, 1, 1, 1, 1, 1, 1, 1, 1, 0]
	151954	82186	116208	3	M	54	A		-1	1423.18185479	[1, 1, 1, 1, 1, 1, 1, 1, 1, 1, 1, 1]
	210563	143058	179852	4	M	96	A		-1	1424.12987748	[1, 1, 1, 1, 1, 1, 1, 1, 1, 1, 1, 1]
	232337	145643	136769	4	M	48	A		-1	1424.19724818	[1, 1, 1, 1, 1, 1, 1, 1, 1, 1, 1, 0]
	281433	147906	159826	4	M	131	A		-1	1424.97484288	[1, 1, 1, 1, 1, 1, 1, 1, 1, 1, 1, 1]
	248969	146665	143205	4	M	86	A		-1	1425.5244066	[1, 1, 1, 1, 1, 1, 1, 1, 1, 1, 1, 1]
	239065	146429	156130	4	M	58	A		-1	1426.18465343	[1, 1, 1, 1, 1, 1, 1, 1, 1, 1, 1, 1]
	247162	146665	120837	4	M	157	A		-1	1426.42090402	[1, 1, 1, 1, 1, 1, 1, 1, 1, 1, 1, 1]
	275971	148219	154347	4	M	196	A		-1	1426.57114831	[1, 1, 1, 1, 1, 1, 1, 1, 1, 1, 1, 1]
	273248	147875	189702	4	M	58	A		-1	1426.66124525	[1, 1, 1, 1, 1, 1, 1, 1, 1, 1, 1, 1]
	289126	147918	141618	4	M	13	A		-1	1426.6938612	[1, 1, 1, 1, 1, 0, 1, 1, 1, 1, 1, 1]
	265551	147808	158141	4	M	92	A		-1	1426.70015355	[1, 1, 1, 1, 1, 1, 1, 1, 1, 1, 1, 1]
	286472	147918	156624	4	M	98	A		-1	1427.09261199	[1, 1, 1, 1, 1, 0, 1, 1, 1, 1, 1, 1]
	164748	82704	87284	3	M	128	A		-1	1427.56200996	[1, 1, 1, 1, 1, 1, 1, 1, 1, 1, 1, 1]
	276410	148219	83929	4	M	108	A		-1	1428.716297	[1, 1, 1, 1, 1, 1, 1, 1, 1, 1, 1, 1]
	201952	147873	181807	4	M	44	A		-1	1428.95739986	[1, 1, 0, 1, 1, 1, 1, 1, 1, 1, 1, 1]
	257172	147792	102186	4	M	108	A		-1	1428.95838346	[1, 1, 1, 1, 1, 1, 1, 1, 1, 1, 1, 1]
	217878	143084	169235	4	M	145	A		-1	1429.2332967	[1, 1, 1, 1, 1, 1, 1, 1, 1, 1, 1, 1]
	249417	146665	85666	4	M	59	A		-1	1429.41456671	[1, 1, 1, 1, 1, 1, 1, 1, 1, 1, 1, 1]
	250146	147023	107783	4	M	177	A		-1	1429.43440623	[1, 1, 1, 1, 1, 1, 1, 1, 1, 1, 1, 1]
	257491	147792	148290	4	M	90	A		-1	1429.96332844	[1, 1, 1, 1, 1, 1, 1, 1, 1, 1, 1, 1]
	286907	147918	156062	4	M	187	A		-1	1430.45002331	[1, 1, 1, 1, 1, 0, 1, 1, 1, 1, 1, 1]
	258814	147792	165538	4	M	54	A		-1	1431.12862781	[1, 1, 1, 1, 1, 1, 1, 1, 1, 1, 1, 1]
	239501	146546	47906	4	M	159	A		-1	1431.48509197	[1, 1, 1, 1, 1, 1, 1, 1, 1, 1, 1, 1]
	277422	148219	179465	4	M	65	A		-1	1431.76561627	[1, 1, 1, 1, 1, 1, 1, 1, 1, 1, 1, 1]
	278093	148219	160435	4	M	105	A		-1	1432.04112824	[1, 1, 1, 1, 1, 1, 1, 1, 1, 1, 1, 1]
	274333	147875	151415	4	M	32	A		-1	1432.04868107	[1, 1, 1, 1, 1, 1, 1, 1, 1, 1, 1, 1]
	253142	147023	164627	4	M	200	A		-1	1432.17987765	[1, 0, 1, 1, 1, 1, 1, 1, 1, 1, 1, 1]
	205768	142992	186772	4	M	14	A		-1	1432.99910221	[1, 1, 1, 1, 1, 0, 1, 1, 1, 1, 1, 1]
	235118	146429	172424	4	M	6	A		-1	1433.10610127	[1, 1, 1, 1, 1, 1, 1, 1, 1, 1, 1, 1]
	225614	143994	147794	4	M	199	A		-1	1434.01496333	[1, 1, 1, 1, 1, 1, 1, 1, 1, 1, 1, 1]
	266852	147808	124404	4	M	8	A		-1	1434.7687395	[1, 1, 1, 1, 1, 1, 1, 1, 1, 1, 1, 1]
	265170	147808	130684	4	M	82	A		-1	1434.87694098	[1, 1, 1, 1, 1, 1, 1, 1, 1, 1, 1, 1]
	232761	145643	160391	4	M	16	A		-1	1434.88357835	[1, 1, 1, 1, 1, 1, 1, 1, 1, 1, 1, 1]
	198379	194432	156225	4	M	9	A		-1	1434.90784456	[1, 1, 1, 1, 1, 1, 1, 1, 1, 1, 1, 1]
	246427	146665	183259	4	M	176	A		-1	1435.15829219	[1, 1, 1, 1, 1, 1, 1, 1, 1, 1, 1, 1]
	245627	146665	95307	4	M	50	A		-1	1435.61571408	[1, 1, 1, 1, 1, 1, 1, 1, 1, 1, 1, 1]
	241408	146546	132297	4	M	70	A		-1	1435.70447644	[1, 1, 1, 1, 1, 1, 1, 1, 1, 1, 1, 1]
	247653	146665	152914	4	M	107	A		-1	1435.8878968	[1, 1, 1, 1, 1, 1, 1, 1, 1, 1, 1, 1]
	278386	148219	178333	4	M	200	A		-1	1436.09625072	[1, 1, 1, 1, 1, 1, 1, 1, 1, 1, 1, 1]
	256725	147792	127028	4	M	114	A		-1	1436.32565839	[1, 1, 1, 1, 1, 1, 1, 1, 1, 1, 1, 1]
	250749	147023	96216	4	M	111	A		-1	1436.53597054	[1, 1, 1, 1, 1, 1, 1, 1, 1, 1, 1, 1]
	245856	146665	165929	4	M	183	A		-1	1438.11724445	[1, 1, 1, 1, 1, 1, 1, 1, 1, 1, 1, 1]
	232617	145643	168465	4	M	27	A		-1	1438.30122674	[1, 0, 1, 1, 1, 1, 1, 1, 1, 1, 1, 1]
	292442	147962	183059	4	M	53	A		-1	1438.52028166	[1, 1, 1, 1, 1, 1, 1, 1, 1, 1, 1, 1]
	247444	146665	170366	4	M	97	A		-1	1438.64364375	[1, 1, 1, 1, 1, 1, 1, 1, 1, 1, 1, 1]
	282251	147906	167822	4	M	126	A		-1	1438.76560928	[1, 1, 1, 1, 1, 1, 1, 1, 1, 1, 1, 0]
	231962	145643	189598	4	M	122	A		-1	1439.08034938	[1, 1, 1, 1, 1, 1, 1, 1, 1, 1, 1, 1]
	231458	145643	98803	4	M	21	A		-1	1439.203585	[1, 1, 1, 0, 1, 1, 1, 1, 1, 1, 1, 1]
	152076	82186	104554	3	M	74	A		-1	1439.83111735	[0, 1, 1, 1, 1, 1, 1, 1, 1, 1, 1, 1]
	288647	147918	187703	4	M	159	A		-1	1441.0300586	[1, 1, 1, 1, 1, 1, 1, 1, 1, 1, 1, 1]
	266472	147808	146848	4	M	68	A		-1	1441.05934661	[1, 1, 1, 1, 1, 1, 1, 1, 1, 1, 1, 1]
	281565	147906	149752	4	M	62	A		-1	1441.11393318	[1, 1, 1, 1, 1, 1, 1, 1, 1, 1, 1, 1]
	286486	147918	172001	4	M	157	A		-1	1441.41253325	[1, 1, 1, 1, 1, 1, 1, 1, 1, 1, 1, 1]
	148217	82186	48530	3	M	136	A		-1	1441.50983489	[1, 1, 1, 1, 1, 1, 1, 1, 1, 1, 1, 1]
	215469	143084	138727	4	M	186	A		-1	1441.9093983	[1, 1, 1, 1, 1, 1, 1, 1, 1, 1, 1, 1]
	241701	146546	152526	4	M	154	A		-1	1442.05421496	[1, 1, 1, 1, 1, 1, 1, 1, 1, 1, 1, 1]
	148325	82186	74520	3	M	10	A		-1	1442.31006153	[1, 1, 1, 1, 1, 1, 1, 1, 1, 1, 1, 1]
	267667	147808	182782	4	M	74	A		-1	1442.6380807	[1, 1, 1, 1, 1, 1, 1, 1, 1, 1, 1, 1]
	210168	143058	131362	4	M	163	A		-1	1442.6997096	[1, 1, 1, 1, 1, 1, 1, 1, 1, 1, 1, 1]
	261629	147800	148858	4	M	150	A		-1	1443.08262973	[1, 1, 1, 1, 1, 1, 1, 1, 1, 1, 1, 1]
	232306	145643	174087	4	M	194	A		-1	1444.30639455	[1, 1, 1, 0, 1, 1, 1, 1, 1, 1, 1, 1]
	254285	147023	74093	4	M	22	A		-1	1444.72346588	[1, 1, 1, 1, 1, 1, 1, 1, 1, 1, 1, 1]
	228752	143994	173252	4	M	80	A		-1	1444.81912328	[1, 1, 1, 1, 1, 1, 1, 1, 1, 1, 1, 0]
	278933	148219	129164	4	M	156	A		-1	1444.94900939	[1, 1, 1, 1, 1, 1, 1, 1, 1, 1, 1, 1]
	255541	147792	161112	4	M	67	A		-1	1445.80506131	[1, 1, 1, 1, 1, 1, 1, 1, 1, 1, 1, 1]
	222447	143459	116248	4	M	196	A		-1	1445.84863814	[1, 1, 1, 1, 1, 1, 1, 1, 1, 1, 1, 1]
	229888	145643	132339	4	M	107	A		-1	1445.98656546	[1, 1, 1, 1, 1, 1, 1, 1, 1, 1, 1, 1]
	268541	147808	151230	4	M	184	A		-1	1446.38926059	[1, 1, 1, 1, 1, 1, 1, 1, 1, 1, 1, 1]
	151799	82186	77546	3	M	56	A		-1	1446.58336151	[1, 1, 1, 1, 1, 1, 1, 1, 1, 1, 1, 1]
	263062	147800	151468	4	M	119	A		-1	1447.31105577	[1, 1, 1, 1, 1, 1, 1, 1, 1, 1, 1, 1]
	226877	143994	112568	4	M	84	A		-1	1448.04026782	[1, 1, 1, 1, 1, 1, 1, 1, 1, 1, 1, 1]
	205910	142992	123223	4	M	122	A		-1	1449.71879727	[1, 1, 1, 1, 1, 1, 1, 1, 1, 1, 1, 1]
	271909	147875	164147	4	M	194	A		-1	1451.73729052	[1, 1, 1, 1, 1, 1, 1, 1, 1, 1, 1, 1]
	258192	147792	166989	4	M	13	A		-1	1451.93085315	[1, 1, 1, 1, 1, 1, 1, 1, 1, 1, 1, 1]
	269242	147808	184138	4	M	176	A		-1	1452.2533751	[1, 1, 1, 1, 1, 1, 1, 1, 1, 1, 1, 1]
	259217	147792	171892	4	M	148	A		-1	1453.05544592	[1, 1, 1, 1, 1, 1, 1, 1, 1, 1, 1, 1]
	204653	142992	135335	4	M	10	A		-1	1453.55306522	[1, 1, 1, 1, 1, 1, 1, 1, 1, 1, 1, 1]
	278330	148219	111234	4	M	77	A		-1	1454.12069427	[1, 1, 1, 0, 1, 1, 1, 1, 1, 1, 1, 1]
	278580	148219	80614	4	M	111	A		-1	1454.30434094	[1, 1, 1, 1, 1, 1, 1, 1, 1, 1, 1, 0]
	259226	147792	192331	4	M	2	A		-1	1454.7810514	[1, 1, 1, 0, 1, 1, 1, 1, 1, 1, 1, 1]
	133386	81866	27828	3	M	134	A		-1	1457.80450177	[1, 1, 1, 1, 1, 1, 1, 1, 1, 1, 1, 0]
	277701	148219	185921	4	M	185	A		-1	1458.03846132	[1, 1, 1, 1, 1, 1, 1, 1, 1, 1, 1, 1]
	244802	146665	186132	4	M	137	A		-1	1458.10800874	[1, 1, 1, 1, 1, 1, 1, 1, 1, 1, 1, 1]
	279409	148219	184727	4	M	58	A		-1	1458.35569755	[1, 1, 1, 1, 1, 1, 1, 1, 1, 1, 1, 1]
	292932	147962	148896	4	M	28	A		-1	1459.33865802	[1, 1, 1, 1, 1, 1, 1, 1, 1, 1, 1, 0]
	235550	146429	181722	4	M	81	A		-1	1459.4606435	[1, 1, 1, 0, 1, 1, 1, 1, 1, 1, 1, 1]
	199584	147873	176943	4	M	17	A		-1	1459.88614552	[1, 1, 1, 1, 1, 1, 1, 1, 1, 1, 1, 1]
	231721	145643	171379	4	M	99	A		-1	1460.68766348	[1, 1, 1, 1, 1, 1, 1, 1, 1, 1, 1, 1]
	263096	147800	145404	4	M	93	A		-1	1461.02682436	[1, 1, 1, 1, 1, 1, 1, 1, 1, 1, 1, 0]
	283130	147906	66732	4	M	117	A		-1	1462.16684609	[1, 1, 1, 1, 1, 1, 1, 1, 1, 1, 1, 1]
	248973	146665	191022	4	M	73	A		-1	1462.37036635	[1, 1, 1, 1, 1, 1, 1, 1, 1, 1, 1, 1]
	222416	143459	182571	4	M	2	A		-1	1463.58481645	[1, 1, 1, 1, 1, 1, 1, 1, 1, 1, 1, 1]
	265817	147808	98966	4	M	87	A		-1	1463.71713033	[1, 1, 1, 1, 1, 1, 1, 1, 1, 1, 1, 1]
	285378	147918	73380	4	M	27	A		-1	1464.32058644	[1, 1, 1, 1, 1, 0, 1, 1, 1, 1, 1, 1]
	228911	143994	74993	4	M	92	A		-1	1464.94122392	[1, 1, 1, 1, 1, 1, 1, 1, 1, 1, 1, 1]
	282345	147906	166369	4	M	117	A		-1	1465.08021595	[1, 1, 1, 1, 1, 1, 1, 1, 1, 1, 1, 1]
	267773	147808	71287	4	M	47	A		-1	1465.27189622	[1, 1, 1, 1, 1, 1, 1, 1, 1, 1, 1, 0]
	206086	142992	156401	4	M	124	A		-1	1466.08602253	[1, 1, 1, 1, 1, 1, 1, 1, 1, 1, 1, 0]
	261368	147800	105273	4	M	118	A		-1	1466.92760916	[1, 1, 1, 1, 1, 1, 1, 1, 1, 1, 1, 1]
	257722	147792	136396	4	M	76	A		-1	1467.91529063	[0, 1, 1, 1, 1, 1, 1, 0, 1, 1, 1, 1]
	271128	147875	71397	4	M	107	A		-1	1468.21833988	[1, 1, 1, 1, 1, 1, 1, 1, 1, 1, 1, 1]
	204587	142992	148527	4	M	144	A		-1	1468.88022839	[1, 1, 1, 1, 1, 1, 1, 1, 1, 1, 1, 1]
	194810	194432	144459	4	M	144	A		-1	1470.04331238	[1, 1, 1, 1, 1, 1, 1, 1, 1, 1, 1, 1]
	203098	147873	148617	4	M	100	A		-1	1470.40552075	[1, 1, 1, 1, 1, 1, 1, 1, 1, 1, 1, 1]
	141172	81948	87031	3	M	179	A		-1	1470.55113625	[1, 1, 1, 1, 1, 1, 1, 1, 1, 1, 1, 1]
	232104	145643	184934	4	M	84	A		-1	1470.8029531	[1, 1, 1, 1, 1, 1, 1, 1, 1, 1, 1, 1]
	263472	147800	143049	4	M	88	A		-1	1471.22146612	[1, 1, 1, 1, 1, 1, 1, 1, 1, 1, 1, 1]
	217801	143084	129704	4	M	129	A		-1	1471.99155172	[1, 1, 1, 1, 1, 1, 1, 1, 1, 1, 1, 1]
	231865	145643	124543	4	M	21	A		-1	1473.10479315	[1, 1, 1, 1, 1, 1, 1, 1, 1, 1, 1, 1]
	256507	147792	152017	4	M	136	A		-1	1473.87956428	[1, 1, 1, 1, 1, 1, 1, 1, 1, 1, 1, 1]
	206626	142992	115725	4	M	197	A		-1	1475.03843528	[1, 1, 1, 1, 1, 1, 1, 1, 1, 1, 1, 1]
	228343	143994	150726	4	M	64	A		-1	1475.06816773	[1, 1, 1, 1, 1, 1, 1, 1, 1, 1, 1, 1]
	277351	148219	77228	4	M	196	A		-1	1475.08993361	[1, 1, 1, 1, 1, 1, 1, 1, 1, 1, 1, 1]
	279496	147906	129944	4	M	22	A		-1	1476.18442032	[1, 1, 1, 1, 1, 1, 1, 1, 1, 1, 1, 1]
	206300	142992	104130	4	M	139	A		-1	1476.84378327	[1, 1, 1, 1, 1, 1, 1, 1, 1, 1, 1, 1]
	277334	148219	172732	4	M	107	A		-1	1477.11242593	[1, 1, 1, 1, 1, 1, 1, 1, 1, 1, 1, 1]
	184870	82886	84747	3	M	35	A		-1	1477.67778231	[1, 1, 1, 1, 1, 1, 1, 1, 1, 1, 1, 1]
	275733	148219	177732	4	M	64	A		-1	1477.83004395	[1, 1, 1, 1, 1, 1, 1, 1, 1, 1, 1, 0]
	224929	143994	99593	4	M	65	A		-1	1477.91603418	[1, 1, 1, 1, 1, 1, 1, 1, 1, 1, 1, 1]
	215923	143084	187203	4	M	192	A		-1	1477.96507702	[1, 1, 1, 1, 1, 1, 1, 1, 1, 1, 1, 1]
	288360	147918	187656	4	M	76	A		-1	1478.05395613	[1, 1, 1, 1, 1, 0, 1, 1, 1, 1, 1, 1]
	257382	147792	190829	4	M	192	A		-1	1478.77753784	[1, 1, 1, 1, 1, 1, 1, 1, 1, 1, 1, 1]
	265137	147808	149220	4	M	28	A		-1	1479.88512264	[1, 0, 1, 1, 1, 1, 1, 1, 1, 1, 1, 1]
	245900	146665	130344	4	M	104	A		-1	1480.42734214	[1, 1, 1, 1, 1, 1, 1, 1, 1, 1, 1, 1]
	152153	82186	108603	3	M	18	A		-1	1481.43831509	[1, 1, 1, 1, 1, 1, 1, 1, 1, 1, 1, 1]
	234048	145643	81110	4	M	75	A		-1	1482.0326875	[1, 1, 1, 1, 1, 1, 1, 1, 1, 1, 1, 1]
	281127	147906	44531	4	M	24	A		-1	1482.34451669	[1, 1, 1, 1, 1, 1, 1, 1, 1, 1, 1, 1]
	230112	145643	95753	4	M	162	A		-1	1482.46020918	[1, 1, 1, 0, 1, 1, 1, 1, 1, 1, 1, 1]
	127622	122758	90801	3	M	31	A		-1	1482.55964094	[1, 1, 1, 1, 1, 1, 1, 1, 1, 1, 1, 1]
	278182	148219	127960	4	M	133	A		-1	1483.92855993	[1, 1, 1, 1, 1, 1, 1, 1, 1, 1, 1, 1]
	224029	143459	117134	4	M	78	A		-1	1483.92885122	[1, 1, 1, 1, 1, 1, 1, 1, 1, 1, 1, 1]
	273740	147875	179054	4	M	21	A		-1	1485.80192268	[1, 1, 1, 1, 1, 1, 1, 1, 1, 1, 1, 1]
	213303	143058	159047	4	M	186	A		-1	1486.6031639	[1, 1, 1, 1, 1, 1, 1, 1, 1, 1, 1, 1]
	280968	147906	103397	4	M	186	A		-1	1486.80693726	[1, 1, 1, 1, 1, 1, 1, 1, 1, 1, 1, 1]
	293129	147962	149583	4	M	26	A		-1	1486.86620917	[1, 1, 1, 1, 1, 1, 1, 1, 1, 1, 1, 0]
	234520	146429	120366	4	M	107	A		-1	1487.05443465	[1, 1, 1, 1, 1, 1, 1, 1, 1, 1, 1, 1]
	276261	148219	174561	4	M	124	A		-1	1490.2905912	[1, 1, 1, 1, 1, 1, 1, 1, 1, 1, 1, 1]
	209462	143058	105504	4	M	106	A		-1	1490.38835536	[1, 1, 1, 1, 1, 1, 1, 1, 1, 1, 1, 1]
	205585	142992	150521	4	M	65	A		-1	1492.17882454	[1, 1, 1, 1, 1, 1, 1, 1, 1, 1, 1, 1]
	231772	145643	76725	4	M	125	A		-1	1492.45802765	[1, 1, 1, 1, 1, 1, 1, 1, 1, 1, 1, 1]
	150728	82186	87190	3	M	13	A		-1	1492.65168528	[1, 1, 1, 1, 1, 1, 1, 1, 1, 1, 1, 1]
	149907	82186	105052	3	M	165	A		-1	1493.11105447	[1, 1, 1, 1, 1, 1, 1, 1, 1, 1, 1, 1]
	206762	142992	112900	4	M	200	A		-1	1493.57887101	[1, 1, 1, 1, 1, 1, 1, 1, 1, 1, 1, 1]
	244711	146665	132654	4	M	28	A		-1	1494.42153678	[1, 1, 1, 1, 1, 1, 1, 1, 1, 1, 1, 1]
	208161	142992	81876	4	M	76	A		-1	1498.19073481	[1, 1, 1, 1, 1, 1, 1, 1, 1, 1, 1, 1]
	267109	147808	129917	4	M	91	A		-1	1498.66337523	[1, 1, 1, 1, 1, 1, 1, 1, 1, 1, 1, 1]
	225719	143994	139627	4	M	173	A		-1	1499.14930501	[1, 1, 1, 1, 1, 1, 1, 1, 1, 1, 1, 1]
	151868	82186	120392	3	M	158	A		-1	1500.29044966	[1, 1, 1, 1, 1, 1, 1, 1, 1, 1, 1, 1]
	266641	147808	110510	4	M	149	A		-1	1500.31137875	[1, 1, 1, 1, 1, 1, 1, 1, 1, 1, 1, 1]
	207268	142992	135317	4	M	81	A		-1	1500.72232904	[1, 1, 1, 1, 1, 0, 1, 1, 1, 1, 1, 1]
	294108	147962	174363	4	M	169	A		-1	1500.76410788	[1, 1, 1, 1, 1, 1, 1, 1, 1, 1, 1, -1]
	252720	147023	193223	4	M	16	A		-1	1501.08917664	[1, 1, 1, 1, 1, 1, 1, 1, 1, 1, 1, 1]
	259089	147792	80512	4	M	139	A		-1	1504.91218407	[1, 1, 1, 1, 1, 1, 1, 1, 1, 1, 1, 1]
	232000	145643	137104	4	M	143	A		-1	1505.35016502	[1, 1, 1, 1, 1, 1, 1, 1, 1, 1, 1, 1]
	264550	147808	147842	4	M	127	A		-1	1505.85230751	[1, 1, 1, 1, 1, 1, 1, 1, 1, 1, 1, 1]
	264253	147800	132251	4	M	143	A		-1	1506.39934402	[1, 1, 1, 1, 1, 1, 1, 1, 1, 1, 1, 1]
	293824	147962	140983	4	M	46	A		-1	1507.58846193	[1, 1, 1, 1, 1, 1, 1, 1, 1, 1, 1, 1]
	274884	148219	155976	4	M	95	A		-1	1507.86217647	[1, 1, 1, 1, 1, 1, 1, 1, 1, 1, 1, 1]
	236523	146429	148595	4	M	111	A		-1	1507.92504944	[1, 1, 1, 1, 1, 1, 1, 1, 1, 1, 1, 1]
	206152	142992	136990	4	M	164	A		-1	1508.73639806	[1, 1, 1, 1, 1, 1, 1, 1, 1, 1, 1, 0]
	231821	145643	164051	4	M	193	A		-1	1509.32838928	[1, 1, 1, 1, 1, 1, 1, 1, 1, 1, 1, 1]
	285835	147918	33665	4	M	135	A		-1	1509.83245946	[1, 1, 1, 1, 1, 0, 1, 1, 1, 1, 1, 1]
	211700	143058	175767	4	M	71	A		-1	1510.02761083	[1, 1, 1, 1, 1, 1, 1, 1, 1, 1, 1, 0]
	253926	147023	151601	4	M	16	A		-1	1510.7920459	[1, 1, 1, 1, 1, 1, 1, 1, 1, 1, 1, 1]
	271549	147875	132652	4	M	163	A		-1	1510.98950653	[1, 1, 1, 1, 1, 1, 1, 1, 1, 1, 1, 1]
	265822	147808	192004	4	M	138	A		-1	1511.10927142	[1, 1, 1, 1, 1, 1, 1, 1, 1, 1, 1, 1]
	229809	145643	137235	4	M	129	A		-1	1512.23129803	[1, 1, 1, 1, 1, 1, 1, 1, 1, 1, 1, 1]
	258260	147792	148319	4	M	155	A		-1	1513.00621412	[1, 1, 1, 1, 1, 1, 1, 1, 1, 1, 1, 1]
	205722	142992	85302	4	M	85	A		-1	1514.10000341	[1, 1, 1, 1, 1, 1, 1, 1, 1, 1, 1, 1]
	231649	145643	184931	4	M	11	A		-1	1514.43420454	[1, 1, 1, 1, 1, 1, 1, 1, 1, 1, 1, 1]
	219782	143459	193970	4	M	104	A		-1	1515.55745948	[1, 1, 1, 1, 1, 1, 1, 1, 1, 1, 1, 1]
	231927	145643	128619	4	M	175	A		-1	1516.49126267	[1, 1, 1, 1, 1, 1, 1, 1, 1, 1, 1, 1]
	136136	81866	78454	3	M	97	A		-1	1518.34151331	[1, 1, 1, 1, 1, 1, 1, 1, 1, 1, 1, 1]
	232379	145643	132422	4	M	26	A		-1	1518.49419466	[1, 1, 1, 1, 1, 1, 1, 1, 1, 1, 1, 1]
	292298	147962	123521	4	M	2	A		-1	1518.5979198	[1, 1, 1, 1, 1, 1, 1, 1, 1, 1, 1, 0]
	246584	146665	194301	4	M	138	A		-1	1522.49402109	[1, 1, 1, 1, 1, 1, 1, 1, 1, 1, 1, 1]
	259046	147792	117125	4	M	199	A		-1	1525.25941605	[1, 1, 1, 1, 1, 1, 1, 1, 1, 1, 1, 1]
	282233	147906	155907	4	M	137	A		-1	1527.33475796	[1, 1, 1, 1, 1, 1, 1, 1, 1, 1, 1, 1]
	293596	147962	183821	4	M	140	A		-1	1529.41810651	[1, 0, 1, 1, 1, 1, 1, 1, 1, 1, 1, 1]
	281663	147906	157204	4	M	47	A		-1	1529.99310996	[1, 1, 1, 1, 1, 1, 1, 1, 1, 1, 1, 1]
	246170	146665	112145	4	M	69	A		-1	1530.42661111	[1, 1, 1, 1, 1, 1, 1, 1, 1, 1, 1, 1]
	289439	147918	170490	4	M	157	A		-1	1531.47620269	[1, 1, 1, 0, 1, 0, 1, 1, 1, 1, 1, 1]
	151835	82186	39763	3	M	102	A		-1	1532.75100434	[1, 1, 1, 1, 1, 1, 1, 1, 1, 1, 1, 1]
	293047	147962	151354	4	M	170	A		-1	1534.33594906	[1, 1, 1, 1, 1, 1, 1, 1, 1, 1, 1, 1]
	220032	143459	187371	4	M	71	A		-1	1535.74328825	[1, 1, 1, 1, 1, 1, 1, 1, 1, 1, 1, 1]
	271465	147875	131244	4	M	47	A		-1	1535.78855715	[1, 1, 1, 1, 1, 1, 1, 1, 1, 1, 1, 1]
	289079	147918	181733	4	M	192	A		-1	1535.99059301	[1, 1, 1, 1, 1, 0, 1, 1, 1, 1, 1, 1]
	196440	194432	94049	4	M	41	A		-1	1538.16560261	[1, 1, 1, 1, 1, 1, 1, 1, 1, 1, 1, 0]
	241403	146546	187201	4	M	86	A		-1	1540.62160517	[1, 1, 1, 1, 1, 1, 1, 1, 1, 1, 1, 1]
	247721	146665	150244	4	M	138	A		-1	1542.59168667	[1, 1, 1, 1, 1, 1, 1, 1, 1, 1, 1, 1]
	225375	143994	166470	4	M	53	A		-1	1545.34597244	[1, 1, 1, 1, 1, 1, 1, 1, 1, 1, 1, 1]
	233024	145643	178011	4	M	53	A		-1	1545.96651675	[1, 1, 1, 1, 1, 1, 1, 1, 1, 1, 1, 1]
	253229	147023	77921	4	M	196	A		-1	1547.02899497	[1, 1, 1, 1, 1, 1, 1, 1, 1, 1, 1, 1]
	218071	143084	132625	4	M	18	A		-1	1547.68319629	[1, 1, 1, 1, 1, 1, 1, 1, 1, 1, 1, 1]
	198100	194432	152660	4	M	39	A		-1	1547.78676615	[1, 1, 1, 1, 1, 1, 1, 1, 1, 1, 1, 1]
	285793	147918	146113	4	M	192	A		-1	1548.8687256	[1, 1, 1, 1, 1, 1, 1, 1, 1, 1, 1, 1]
	285985	147918	153937	4	M	76	A		-1	1549.51116353	[1, 1, 1, 1, 1, 0, 1, 1, 1, 1, 1, 0]
	285294	147918	127946	4	M	67	A		-1	1549.65348496	[1, 1, 1, 0, 1, 1, 1, 1, 1, 1, 1, 1]
	268791	147808	146621	4	M	144	A		-1	1553.56221151	[1, 1, 1, 1, 1, 1, 1, 1, 1, 1, 1, 1]
	229289	143994	152251	4	M	49	A		-1	1554.01952632	[1, 1, 1, 1, 1, 1, 1, 1, 1, 1, 1, 1]
	233187	145643	166180	4	M	63	A		-1	1555.80714499	[1, 1, 1, 1, 1, 1, 1, 1, 1, 1, 1, 1]
	233009	145643	185644	4	M	140	A		-1	1556.69764353	[1, 1, 1, 1, 1, 1, 1, 1, 1, 1, 1, 0]
	275337	148219	183865	4	M	34	A		-1	1558.3356307	[1, 1, 1, 1, 1, 1, 1, 1, 1, 1, 1, 1]
	237844	146429	141086	4	M	161	A		-1	1559.80213313	[1, 1, 1, 1, 1, 1, 1, 1, 1, 1, 1, 1]
	285332	147918	165703	4	M	181	A		-1	1560.48290514	[1, 1, 1, 1, 1, 0, 1, 1, 1, 1, 1, 1]
	164117	82704	93084	3	M	195	A		-1	1561.86133168	[1, 1, 1, 1, 1, 1, 1, 1, 1, 1, 1, 1]
	277337	148219	153536	4	M	71	A		-1	1561.90205399	[1, 1, 1, 1, 1, 1, 1, 1, 1, 1, 1, 1]
	244569	146665	162708	4	M	121	A		-1	1563.75768542	[1, 1, 1, 1, 1, 1, 1, 1, 1, 1, 1, 1]
	230355	145643	108260	4	M	58	A		-1	1564.06824147	[1, 1, 1, 1, 1, 1, 1, 1, 1, 1, 1, 1]
	251498	147023	137495	4	M	53	A		-1	1564.19545154	[1, 1, 1, 1, 1, 1, 1, 1, 1, 1, 1, 1]
	224076	143459	184766	4	M	54	A		-1	1564.61960632	[1, 1, 1, 1, 1, 1, 1, 1, 1, 1, 1, 1]
	232506	145643	169577	4	M	18	A		-1	1566.32708767	[1, 1, 1, 1, 1, 1, 1, 1, 1, 1, 1, 1]
	245969	146665	60903	4	M	46	A		-1	1567.87887712	[1, 1, 1, 1, 1, 1, 1, 1, 1, 1, 1, 1]
	223394	143459	137395	4	M	3	A		-1	1571.39854914	[1, 1, 1, 1, 1, 1, 1, 1, 1, 1, 1, 1]
	206520	142992	125591	4	M	30	A		-1	1572.1787771	[1, 1, 1, 1, 1, 1, 1, 1, 1, 1, 1, 1]
	205312	142992	156639	4	M	121	A		-1	1573.37762911	[1, 1, 1, 1, 1, 1, 1, 1, 1, 1, 1, 1]
	278031	148219	140007	4	M	200	A		-1	1574.98065316	[1, 1, 1, 1, 1, 1, 1, 1, 1, 1, 1, 1]
	272203	147875	178908	4	M	70	A		-1	1575.07669152	[1, 1, 1, 0, 1, 1, 1, 1, 1, 1, 1, 1]
	230871	145643	131161	4	M	54	A		-1	1575.22308243	[1, 1, 1, 1, 1, 1, 1, 1, 1, 1, 1, 1]
	265383	147808	125954	4	M	114	A		-1	1575.70440577	[1, 1, 1, 1, 1, 1, 1, 1, 1, 1, 1, 1]
	229682	145643	151136	4	M	73	A		-1	1578.86139048	[1, 1, 1, 1, 1, 1, 1, 1, 1, 1, 1, 1]
	228507	143994	190854	4	M	62	A		-1	1581.41662401	[1, 1, 1, 1, 1, 1, 1, 1, 1, 1, 1, 1]
	279344	148219	136780	4	M	24	A		-1	1582.04462493	[1, 1, 1, 1, 1, 0, 1, 1, 1, 1, 1, 0]
	275882	148219	184502	4	M	114	A		-1	1584.10553099	[1, 1, 1, 1, 1, 1, 1, 1, 1, 1, 1, 1]
	244906	146665	74652	4	M	100	A		-1	1587.05838143	[1, 1, 1, 1, 1, 1, 1, 1, 1, 1, 1, 1]
	245059	146665	152048	4	M	180	A		-1	1588.6439801	[1, 1, 1, 1, 1, 1, 1, 1, 1, 1, 1, 1]
	211862	143058	184089	4	M	171	A		-1	1590.68852949	[1, 1, 1, 1, 1, 1, 1, 1, 1, 1, 1, 1]
	220594	143459	165620	4	M	72	A		-1	1591.75897279	[1, 1, 1, 1, 1, 1, 1, 1, 1, 1, 1, 1]
	236294	146429	135228	4	M	34	A		-1	1594.7617547	[1, 1, 1, 1, 1, 1, 1, 1, 1, 1, 1, 0]
	211439	143058	131890	4	M	139	A		-1	1596.27866027	[1, 1, 1, 1, 1, 1, 1, 1, 1, 1, 1, 1]
	267390	147808	131676	4	M	10	A		-1	1597.39988882	[1, 1, 1, 1, 1, 1, 1, 1, 1, 1, 1, 1]
	229905	145643	174161	4	M	121	A		-1	1600.85945423	[1, 1, 1, 0, 1, 1, 1, 1, 1, 1, 1, 0]
	264832	147808	176590	4	M	52	A		-1	1604.58376517	[1, 1, 1, 1, 1, 1, 1, 1, 1, 1, 1, 1]
	195593	194432	163342	4	M	152	A		-1	1607.34729277	[1, 1, 1, 1, 1, 1, 1, 1, 1, 1, 1, 0]
	248720	146665	149130	4	M	147	A		-1	1610.76160635	[1, 1, 1, 1, 1, 1, 1, 1, 1, 1, 1, 1]
	213978	143058	130994	4	M	94	A		-1	1614.97133756	[1, 1, 1, 1, 1, 1, 1, 1, 1, 1, 1, 1]
	254670	147792	149658	4	M	94	A		-1	1620.0061667	[1, 1, 1, 1, 1, 1, 1, 1, 1, 1, 1, 1]
	254995	147792	167042	4	M	197	A		-1	1629.4685732	[1, 1, 1, 1, 1, 1, 1, 1, 1, 1, 1, 1]
	207049	142992	149860	4	M	200	A		-1	1634.29697389	[1, 1, 1, 1, 1, 1, 1, 1, 1, 1, 1, 1]
	242468	146546	150268	4	M	163	A		-1	1634.87002649	[0, 1, 1, 1, 1, 1, 1, 1, 1, 1, 1, 1]
	202485	147873	147369	4	M	51	A		-1	1640.27919322	[1, 1, 1, 1, 1, 1, 1, 1, 1, 1, 1, 1]
	234192	145643	70404	4	M	128	A		-1	1641.76496951	[1, 1, 1, 1, 1, 1, 1, 1, 1, 1, 1, 1]
	245040	146665	121112	4	M	190	A		-1	1647.81779587	[1, 1, 1, 1, 1, 1, 1, 1, 1, 1, 1, 0]
	276737	148219	149107	4	M	184	A		-1	1654.9515172	[1, 1, 1, 1, 1, 1, 1, 1, 1, 1, 1, 1]
	251291	147023	131001	4	M	88	A		-1	1660.40006831	[1, 1, 1, 1, 1, 1, 1, 1, 1, 1, 1, 1]
	287967	147918	150444	4	M	64	A		-1	1666.32154221	[1, 1, 1, 1, 1, 0, 1, 1, 1, 1, 1, 1]
	265022	147808	43683	4	M	185	A		-1	1666.84890047	[1, 1, 1, 1, 1, 1, 1, 1, 1, 1, 1, 1]
	244024	146546	170880	4	M	13	A		-1	1674.38365765	[1, 1, 1, 1, 1, 1, 1, 1, 1, 1, 1, 1]
	254591	147792	182927	4	M	118	A		-1	1685.65612013	[1, 1, 1, 1, 1, 1, 1, 1, 1, 1, 1, 1]
	234449	145643	82335	4	M	178	A		-1	1686.98381461	[1, 1, 1, 1, 1, 1, 1, 1, 1, 1, 1, 1]
	287030	147918	120494	4	M	53	A		-1	1693.35745276	[1, 1, 1, 1, 1, 0, 1, 1, 1, 1, 1, 1]
	212947	143058	124036	4	M	160	A		-1	1695.97657795	[1, 1, 1, 1, 1, 1, 1, 1, 1, 1, 1, 1]
	279032	148219	159125	4	M	70	A		-1	1708.31500681	[1, 1, 1, 1, 1, 1, 1, 1, 1, 1, 1, 1]
	256972	147792	95271	4	M	152	A		-1	1712.34212173	[1, 1, 1, 1, 1, 1, 1, 1, 1, 1, 1, 1]
	255775	147792	132999	4	M	99	A		-1	1757.81262947	[1, 1, 1, 1, 1, 1, 1, 1, 1, 1, 1, 1]
	228078	143994	172967	4	M	189	A		-1	1791.44260804	[1, 1, 1, 1, 1, 1, 1, 1, 1, 1, 1, 1]
	236117	146429	101718	4	M	14	A		-1	1807.86834017	[1, 1, 1, 1, 1, 1, 1, 1, 1, 1, 1, 1]
	242666	146546	162871	4	M	138	A		-1	1844.13346959	[1, 1, 1, 1, 1, 1, 1, 1, 1, 1, 1, 1]
