animal	sire	dam	born	sex	herd	status	cause	died	TBV	recessives
	997355	994345	899223	12	M	80	A		-1	3180.24544668	[1, 1, 1, 1, 1, 1, 1, 1, 1, 1, 1, 1]
	1005084	920020	759038	12	M	70	A		-1	3180.32531264	[1, 1, 1, 1, 1, 1, 1, 1, 1, 1, 1, 1]
	1019888	920495	805283	12	M	178	A		-1	3180.33322847	[1, 1, 1, 1, 1, 1, 1, 1, 1, 1, 1, 1]
	1093488	923147	887555	12	M	35	A		-1	3180.36893545	[1, 1, 1, 1, 1, 1, 1, 1, 1, 1, 1, 1]
	1086344	922944	963313	12	M	67	A		-1	3180.80787926	[1, 1, 1, 1, 1, 1, 1, 1, 1, 1, 1, 1]
	1008806	920020	796497	12	M	39	A		-1	3181.00188849	[1, 1, 1, 1, 1, 1, 1, 1, 1, 1, 1, 1]
	1028487	920503	885204	12	M	138	A		-1	3181.15696063	[1, 1, 1, 1, 1, 1, 1, 1, 1, 1, 1, 1]
	1074812	926617	990627	12	M	54	A		-1	3181.18843614	[1, 1, 1, 1, 1, 1, 1, 1, 1, 1, 1, 1]
	1005621	920020	746826	12	M	42	A		-1	3181.42546988	[1, 1, 1, 1, 1, 1, 1, 1, 1, 1, 1, 1]
	1045623	921118	833352	12	M	150	A		-1	3181.50091202	[1, 1, 1, 1, 1, 1, 1, 1, 1, 1, 1, 1]
	1077722	926617	917366	12	M	107	A		-1	3181.54479579	[1, 1, 1, 1, 1, 1, 1, 1, 1, 1, 1, 1]
	1008606	920020	991814	12	M	163	A		-1	3181.66342418	[1, 1, 1, 1, 1, 1, 1, 1, 1, 1, 1, 1]
	1056196	921347	970566	12	M	13	A		-1	3181.79029643	[1, 1, 1, 1, 1, 1, 1, 1, 1, 1, 1, 1]
	1070838	922410	710308	12	M	119	A		-1	3181.86592229	[1, 1, 1, 1, 1, 1, 1, 1, 1, 1, 1, 1]
	1006912	920020	948727	12	M	54	A		-1	3181.95463107	[1, 1, 1, 1, 1, 1, 1, 1, 1, 1, 1, 1]
	1076439	926617	883996	12	M	53	A		-1	3182.05970236	[1, 1, 1, 1, 1, 1, 1, 1, 1, 1, 1, 1]
	1058074	921347	993625	12	M	75	A		-1	3182.22697807	[1, 1, 1, 1, 1, 1, 1, 1, 1, 1, 1, 1]
	1075400	926617	984862	12	M	69	A		-1	3182.24740142	[1, 1, 1, 1, 1, 1, 1, 1, 1, 1, 1, 1]
	1062099	921350	936325	12	M	133	A		-1	3182.52732037	[1, 1, 1, 1, 1, 1, 1, 1, 1, 1, 1, 1]
	1093036	923147	949752	12	M	108	A		-1	3182.64505462	[1, 1, 1, 1, 1, 1, 1, 1, 1, 1, 1, 1]
	1028059	920503	894910	12	M	1	A		-1	3182.66107012	[1, 1, 1, 1, 1, 1, 1, 1, 1, 1, 1, 1]
	1083079	922864	962212	12	M	149	A		-1	3182.76844614	[1, 1, 1, 1, 1, 1, 1, 1, 1, 1, 1, 1]
	1009393	920020	927879	12	M	162	A		-1	3182.90830513	[1, 1, 1, 1, 1, 1, 1, 1, 1, 1, 1, 1]
	1014648	920385	926216	12	M	47	A		-1	3183.53484511	[1, 1, 1, 1, 1, 1, 1, 1, 1, 1, 1, 1]
	1086743	922944	792814	12	M	170	A		-1	3183.59667516	[1, 1, 1, 1, 1, 1, 1, 1, 1, 1, 1, 1]
	1005713	920020	935679	12	M	87	A		-1	3183.62833538	[1, 1, 1, 1, 1, 1, 1, 1, 1, 1, 1, 1]
	1068281	921769	931765	12	M	106	A		-1	3183.79103638	[1, 1, 1, 1, 1, 1, 1, 1, 1, 1, 1, 1]
	1063016	921350	962594	12	M	9	A		-1	3183.98244739	[1, 1, 1, 1, 1, 1, 1, 1, 1, 1, 1, 1]
	1045590	921118	949239	12	M	11	A		-1	3184.05898	[1, 1, 1, 1, 1, 1, 1, 1, 1, 1, 1, 1]
	1076640	926617	828165	12	M	155	A		-1	3184.29522131	[1, 1, 1, 1, 1, 1, 1, 1, 1, 1, 1, 1]
	1022582	920495	973666	12	M	176	A		-1	3184.46296135	[1, 1, 1, 1, 1, 1, 1, 1, 1, 1, 1, 1]
	1025477	920503	974285	12	M	69	A		-1	3184.58011613	[1, 1, 1, 1, 1, 1, 1, 1, 1, 1, 1, 1]
	1075732	926617	945720	12	M	69	A		-1	3184.68850808	[1, 1, 1, 1, 1, 1, 1, 1, 1, 1, 1, 1]
	1039593	920893	936819	12	M	180	A		-1	3184.74867904	[1, 1, 1, 1, 1, 1, 1, 1, 1, 1, 1, 1]
	997061	994345	940003	12	M	67	A		-1	3185.35628577	[1, 1, 1, 1, 1, 1, 1, 1, 1, 1, 1, 1]
	1075821	926617	975211	12	M	158	A		-1	3185.79775123	[1, 1, 1, 1, 1, 1, 1, 1, 1, 1, 1, 1]
	1052761	921186	971225	12	M	132	A		-1	3185.82986178	[1, 1, 1, 1, 1, 1, 1, 1, 1, 1, 1, 1]
	1020211	920495	948988	12	M	135	A		-1	3185.85427859	[1, 1, 1, 1, 1, 1, 1, 1, 1, 1, 1, 1]
	920495	823054	830703	11	M	125	A		-1	3185.93511395	[1, 1, 1, 1, 1, 1, 1, 1, 1, 1, 1, 1]
	1005476	920020	975148	12	M	165	A		-1	3186.05388363	[1, 1, 1, 1, 1, 1, 1, 1, 1, 1, 1, 1]
	1065500	921769	990997	12	M	161	A		-1	3186.19191689	[1, 1, 1, 1, 1, 1, 1, 1, 1, 1, 1, 1]
	1035622	920787	912005	12	M	70	A		-1	3186.39852471	[1, 1, 1, 1, 1, 1, 1, 1, 1, 1, 1, 1]
	1043223	920893	706979	12	M	102	A		-1	3186.51533693	[1, 1, 1, 1, 1, 1, 1, 1, 1, 1, 1, 1]
	1092961	923147	924302	12	M	179	A		-1	3186.57084384	[1, 1, 1, 1, 1, 1, 1, 1, 1, 1, 1, 1]
	1006012	920020	931601	12	M	178	A		-1	3186.99862804	[1, 1, 1, 1, 1, 1, 1, 1, 1, 1, 1, 1]
	1047670	921118	937727	12	M	159	A		-1	3187.00581465	[1, 1, 1, 1, 1, 1, 1, 1, 1, 1, 1, 1]
	1019739	920495	907214	12	M	42	A		-1	3187.15787402	[1, 1, 1, 1, 1, 1, 1, 1, 1, 1, 1, 1]
	909797	822059	815281	11	M	172	A		-1	3187.20546264	[1, 1, 1, 1, 1, 1, 1, 1, 1, 1, 1, 1]
	1000715	922100	979165	12	M	7	A		-1	3187.90026306	[1, 1, 1, 1, 1, 1, 1, 1, 1, 1, 1, 1]
	1060589	921350	918809	12	M	164	A		-1	3187.95405102	[1, 1, 1, 1, 1, 1, 1, 1, 1, 1, 1, 1]
	1064115	921350	919054	12	M	55	A		-1	3188.08645207	[1, 1, 1, 1, 1, 1, 1, 1, 1, 1, 1, 1]
	1074478	926617	923407	12	M	55	A		-1	3188.32279772	[1, 1, 1, 1, 1, 1, 1, 1, 1, 1, 1, 1]
	1076546	926617	978006	12	M	51	A		-1	3188.35900928	[1, 1, 1, 1, 1, 1, 1, 1, 1, 1, 1, 1]
	1070043	922410	836789	12	M	121	A		-1	3188.65058031	[1, 1, 1, 1, 1, 1, 1, 1, 1, 1, 1, 1]
	998264	994345	943720	12	M	189	A		-1	3189.09387923	[1, 1, 1, 1, 1, 1, 1, 1, 1, 1, 1, 1]
	1005781	920020	899053	12	M	54	A		-1	3189.24417872	[1, 1, 1, 1, 1, 1, 1, 1, 1, 1, 1, 1]
	1033510	920759	948146	12	M	83	A		-1	3189.3118743	[1, 1, 1, 1, 1, 1, 1, 1, 1, 1, 1, 1]
	1010990	920065	920665	12	M	72	A		-1	3189.51459696	[1, 1, 1, 1, 1, 1, 1, 1, 1, 1, 1, 1]
	1042676	920893	738695	12	M	169	A		-1	3190.06632416	[1, 1, 1, 1, 1, 1, 1, 1, 1, 1, 1, 0]
	1011163	920065	944294	12	M	138	A		-1	3190.24666048	[1, 1, 1, 1, 1, 1, 1, 1, 1, 1, 1, 1]
	1091114	923147	766160	12	M	94	A		-1	3190.5340126	[1, 1, 1, 1, 1, 1, 1, 1, 1, 1, 1, 1]
	997536	994345	966204	12	M	197	A		-1	3190.86147935	[1, 1, 1, 1, 1, 1, 1, 1, 1, 1, 1, 0]
	1079650	922864	827634	12	M	20	A		-1	3191.27840169	[1, 1, 1, 1, 1, 1, 1, 1, 1, 1, 1, 1]
	1052941	921186	885818	12	M	85	A		-1	3191.48789851	[1, 1, 1, 1, 1, 1, 1, 1, 1, 1, 1, 1]
	1003164	922100	932536	12	M	43	A		-1	3191.65355241	[1, 1, 1, 1, 1, 1, 1, 1, 1, 1, 1, 1]
	1048881	921118	990483	12	M	10	A		-1	3192.04547378	[1, 1, 1, 1, 1, 1, 1, 1, 1, 1, 1, 1]
	1085338	922944	887077	12	M	61	A		-1	3192.24315252	[1, 1, 1, 1, 1, 1, 1, 1, 1, 1, 1, 1]
	1076338	926617	988820	12	M	9	A		-1	3192.60780677	[1, 1, 1, 1, 1, 1, 1, 1, 1, 1, 1, 1]
	1059491	921350	865916	12	M	65	A		-1	3192.84404352	[1, 1, 1, 1, 1, 1, 1, 1, 1, 1, 1, 1]
	968558	825242	849819	11	M	195	A		-1	3193.07229069	[1, 1, 1, 1, 1, 1, 1, 1, 1, 1, 1, 1]
	1028735	920503	977348	12	M	171	A		-1	3193.11399645	[1, 1, 1, 1, 1, 1, 1, 1, 1, 1, 1, 1]
	1073516	922410	806703	12	M	155	A		-1	3193.48406444	[1, 1, 1, 1, 1, 1, 1, 1, 1, 1, 1, 1]
	996687	994345	935316	12	M	43	A		-1	3193.50085527	[1, 1, 1, 1, 1, 1, 1, 1, 1, 1, 1, 1]
	1060613	921350	959826	12	M	22	A		-1	3193.72883611	[1, 1, 1, 1, 1, 1, 1, 1, 1, 1, 1, 1]
	999809	922100	912623	12	M	117	A		-1	3193.97844682	[1, 1, 1, 1, 1, 1, 1, 1, 1, 1, 1, 0]
	1067804	921769	970262	12	M	159	A		-1	3194.4918981	[1, 1, 1, 1, 1, 1, 1, 1, 1, 1, 1, 1]
	1052350	921186	973704	12	M	106	A		-1	3194.50906862	[1, 1, 1, 1, 1, 1, 1, 1, 1, 1, 1, 1]
	1029948	920759	948270	12	M	49	A		-1	3194.92657542	[1, 1, 1, 1, 1, 1, 1, 1, 1, 1, 1, 1]
	1006354	920020	957581	12	M	164	A		-1	3195.20052859	[1, 1, 1, 1, 1, 1, 1, 1, 1, 1, 1, 1]
	1049066	921118	949759	12	M	20	A		-1	3195.217284	[1, 1, 1, 1, 1, 1, 1, 1, 1, 1, 1, 1]
	1090292	923147	975645	12	M	140	A		-1	3196.13899043	[1, 1, 1, 1, 1, 1, 1, 1, 1, 1, 1, 1]
	1060105	921350	910026	12	M	74	A		-1	3196.20981777	[1, 1, 1, 1, 1, 1, 1, 1, 1, 1, 1, 1]
	1076883	926617	819798	12	M	85	A		-1	3196.42849276	[1, 1, 1, 1, 1, 1, 1, 1, 1, 1, 1, 1]
	989666	826902	839694	11	M	199	A		-1	3196.568482	[1, 1, 1, 1, 1, 1, 1, 1, 1, 1, 1, 1]
	991710	826902	835363	11	M	159	A		-1	3196.69318629	[1, 1, 1, 1, 1, 1, 1, 1, 1, 1, 1, 1]
	1027852	920503	951195	12	M	190	A		-1	3196.82045009	[1, 1, 1, 1, 1, 1, 1, 1, 1, 1, 1, 1]
	1083342	922864	994374	12	M	57	A		-1	3196.99219497	[1, 1, 1, 1, 1, 1, 1, 1, 1, 1, 1, 1]
	1005880	920020	822791	12	M	154	A		-1	3197.25211908	[1, 1, 1, 1, 1, 1, 1, 1, 1, 1, 1, 1]
	1005003	920020	895038	12	M	135	A		-1	3197.34378647	[1, 1, 1, 1, 1, 1, 1, 1, 1, 1, 1, 1]
	1052150	921186	938734	12	M	124	A		-1	3197.57026068	[1, 1, 1, 1, 1, 1, 1, 1, 1, 1, 1, 1]
	1023033	920495	895827	12	M	69	A		-1	3197.65729993	[1, 1, 1, 1, 1, 1, 1, 1, 1, 1, 1, 1]
	1046972	921118	977666	12	M	15	A		-1	3197.95593162	[1, 1, 1, 1, 1, 1, 1, 1, 1, 1, 1, 1]
	1012166	920065	972924	12	M	128	A		-1	3197.97821742	[1, 1, 1, 1, 1, 1, 1, 1, 1, 1, 1, 1]
	901030	825514	841300	11	M	147	A		-1	3198.07951123	[1, 1, 1, 1, 1, 1, 1, 1, 1, 1, 1, 1]
	1016667	920385	952941	12	M	70	A		-1	3198.2882722	[1, 1, 1, 1, 1, 1, 1, 1, 1, 1, 1, 1]
	1002884	922100	922781	12	M	198	A		-1	3198.3602655	[1, 1, 1, 1, 1, 1, 1, 1, 1, 1, 1, 1]
	1008694	920020	961673	12	M	72	A		-1	3198.843709	[1, 1, 1, 1, 1, 1, 1, 1, 1, 1, 1, 1]
	1046767	921118	599677	12	M	64	A		-1	3199.07075395	[1, 1, 1, 1, 1, 1, 1, 1, 1, 1, 1, 1]
	995212	994345	940179	12	M	27	A		-1	3199.1186559	[1, 1, 1, 1, 1, 1, 1, 1, 1, 1, 1, 1]
	1055577	921347	915965	12	M	116	A		-1	3199.18891273	[1, 1, 1, 1, 1, 1, 1, 1, 1, 1, 1, 1]
	1058261	921347	976309	12	M	114	A		-1	3199.42863227	[1, 1, 1, 1, 1, 1, 1, 1, 1, 1, 1, 1]
	999995	922100	993648	12	M	133	A		-1	3199.46168827	[1, 1, 1, 1, 1, 1, 1, 1, 1, 1, 1, 1]
	1031261	920759	972715	12	M	195	A		-1	3199.5120487	[1, 1, 1, 1, 1, 1, 1, 1, 1, 1, 1, 1]
	1031395	920759	809613	12	M	115	A		-1	3200.00747263	[1, 1, 1, 1, 1, 1, 1, 1, 1, 1, 1, 1]
	1076450	926617	879697	12	M	96	A		-1	3200.10866158	[1, 1, 1, 1, 1, 1, 1, 1, 1, 1, 1, 1]
	1019071	920385	992819	12	M	162	A		-1	3200.32965427	[1, 1, 1, 1, 1, 1, 1, 1, 1, 1, 1, 1]
	943157	824313	821426	11	M	52	A		-1	3200.50974591	[1, 1, 1, 1, 1, 1, 1, 1, 1, 1, 1, 1]
	1060976	921350	932120	12	M	43	A		-1	3200.54334036	[1, 1, 1, 1, 1, 1, 1, 1, 1, 1, 1, 1]
	1005540	920020	746270	12	M	61	A		-1	3201.0552286	[1, 1, 1, 1, 1, 1, 1, 1, 1, 1, 1, 1]
	1088626	922944	952885	12	M	75	A		-1	3201.14515028	[1, 1, 1, 1, 1, 1, 1, 1, 1, 1, 1, 1]
	1076636	926617	988394	12	M	199	A		-1	3201.70190136	[1, 1, 1, 1, 1, 1, 1, 1, 1, 1, 1, 1]
	993376	826902	850956	11	M	163	A		-1	3201.88967989	[1, 1, 1, 1, 1, 1, 1, 1, 1, 1, 1, 1]
	1022847	920495	828876	12	M	107	A		-1	3201.93135365	[1, 1, 1, 1, 1, 1, 1, 1, 1, 1, 1, 1]
	1021335	920495	956216	12	M	61	A		-1	3202.323595	[1, 1, 1, 1, 1, 1, 1, 1, 1, 1, 1, 1]
	1019782	920495	841444	12	M	105	A		-1	3202.34460105	[1, 1, 1, 1, 1, 1, 1, 1, 1, 1, 1, 1]
	1078566	926617	955044	12	M	47	A		-1	3202.40100267	[1, 1, 1, 1, 1, 1, 1, 1, 1, 1, 1, 1]
	1008244	920020	737275	12	M	180	A		-1	3203.14194375	[1, 1, 1, 1, 1, 1, 1, 1, 1, 1, 1, 1]
	1004812	920020	900647	12	M	171	A		-1	3203.16168652	[1, 1, 1, 1, 1, 1, 1, 1, 1, 1, 1, 1]
	1078916	926617	936734	12	M	23	A		-1	3203.38918119	[1, 1, 1, 1, 1, 1, 1, 1, 1, 1, 1, 1]
	1006621	920020	917995	12	M	77	A		-1	3203.44750702	[1, 1, 1, 1, 1, 1, 1, 1, 1, 1, 1, 1]
	1027864	920503	935700	12	M	2	A		-1	3203.77984251	[1, 1, 1, 1, 1, 1, 1, 1, 1, 1, 1, 1]
	1046642	921118	993585	12	M	174	A		-1	3203.84391461	[1, 1, 1, 1, 1, 1, 1, 1, 1, 1, 1, 1]
	1077422	926617	941227	12	M	47	A		-1	3203.86843086	[1, 1, 1, 1, 1, 1, 1, 1, 1, 1, 1, 1]
	974907	829691	846976	11	M	143	A		-1	3203.97446084	[1, 1, 1, 1, 1, 1, 1, 1, 1, 1, 1, 1]
	1043292	920893	945311	12	M	48	A		-1	3204.02070958	[1, 1, 1, 1, 1, 1, 1, 1, 1, 1, 1, 1]
	1083347	922864	989665	12	M	163	A		-1	3204.25416931	[1, 1, 1, 1, 1, 1, 1, 1, 1, 1, 1, 1]
	1076488	926617	924099	12	M	153	A		-1	3204.40430006	[1, 1, 1, 1, 1, 1, 1, 1, 1, 1, 1, 1]
	1005427	920020	930730	12	M	43	A		-1	3205.1314222	[1, 1, 1, 1, 1, 1, 1, 1, 1, 1, 1, 1]
	1046212	921118	977290	12	M	132	A		-1	3205.16666004	[1, 1, 1, 1, 1, 1, 1, 1, 1, 1, 1, 1]
	1079081	926617	926892	12	M	76	A		-1	3205.28945281	[1, 1, 1, 1, 1, 1, 1, 1, 1, 1, 1, 1]
	1058037	921347	934789	12	M	62	A		-1	3205.30891119	[1, 1, 1, 1, 1, 1, 1, 1, 1, 1, 1, 1]
	1025691	920503	955778	12	M	18	A		-1	3205.58187923	[1, 1, 1, 1, 1, 1, 1, 1, 1, 1, 1, 1]
	1076571	926617	827551	12	M	136	A		-1	3205.93820693	[1, 1, 1, 1, 1, 1, 1, 1, 1, 1, 1, 1]
	1057776	921347	930398	12	M	3	A		-1	3206.56495254	[1, 1, 1, 1, 1, 1, 1, 1, 1, 1, 1, 1]
	1024285	920495	980902	12	M	171	A		-1	3207.8782827	[1, 1, 1, 1, 1, 1, 1, 1, 1, 1, 1, 1]
	1041360	920893	943110	12	M	196	A		-1	3208.01729464	[1, 1, 1, 1, 1, 1, 1, 1, 1, 1, 1, 1]
	1064809	921769	993111	12	M	188	A		-1	3208.77577167	[1, 1, 1, 1, 1, 1, 1, 1, 1, 1, 1, 1]
	1071876	922410	931794	12	M	179	A		-1	3208.8994561	[1, 1, 1, 1, 1, 1, 1, 1, 1, 1, 1, 1]
	1071505	922410	927848	12	M	21	A		-1	3208.99490862	[1, 1, 1, 1, 1, 1, 1, 1, 1, 1, 1, 1]
	1023209	920495	779387	12	M	71	A		-1	3209.36961341	[1, 1, 1, 1, 1, 1, 1, 1, 1, 1, 1, 1]
	1005737	920020	948840	12	M	86	A		-1	3209.77086652	[1, 1, 1, 1, 1, 1, 1, 1, 1, 1, 1, 1]
	1034153	920759	664160	12	M	27	A		-1	3209.85862128	[1, 1, 1, 1, 1, 1, 1, 1, 1, 1, 1, 1]
	1079492	922864	938359	12	M	194	A		-1	3210.14223229	[1, 1, 1, 1, 1, 1, 1, 1, 1, 1, 1, 1]
	1044350	920893	986190	12	M	119	A		-1	3210.39770054	[1, 1, 1, 1, 1, 1, 1, 1, 1, 1, 1, 1]
	1007705	920020	948036	12	M	79	A		-1	3211.15474554	[1, 1, 1, 1, 1, 1, 1, 1, 1, 1, 1, 1]
	1040369	920893	660432	12	M	81	A		-1	3211.54013559	[1, 1, 1, 1, 1, 1, 1, 1, 1, 1, 1, 0]
	1034944	920787	940094	12	M	146	A		-1	3211.64865957	[1, 1, 1, 1, 1, 1, 1, 1, 1, 1, 1, 1]
	1075250	926617	965653	12	M	23	A		-1	3211.90592198	[1, 1, 1, 1, 1, 1, 1, 1, 1, 1, 1, 1]
	1031213	920759	937477	12	M	171	A		-1	3212.13238655	[1, 1, 1, 1, 1, 1, 1, 1, 1, 1, 1, 1]
	1075842	926617	738293	12	M	86	A		-1	3212.61078221	[1, 1, 1, 1, 1, 1, 1, 1, 1, 1, 1, 1]
	1079267	926617	866583	12	M	10	A		-1	3213.06141519	[1, 1, 1, 1, 1, 1, 1, 1, 1, 1, 1, 1]
	983096	825856	863099	11	M	101	A		-1	3213.19794246	[1, 1, 1, 1, 1, 1, 1, 1, 1, 1, 1, 1]
	1035271	920787	774645	12	M	84	A		-1	3213.21529377	[1, 1, 1, 1, 1, 1, 1, 1, 1, 1, 1, 1]
	1033874	920759	941976	12	M	84	A		-1	3213.50374362	[1, 1, 1, 1, 1, 1, 1, 1, 1, 1, 1, 1]
	1041781	920893	908107	12	M	60	A		-1	3213.66696346	[1, 1, 1, 1, 1, 1, 1, 1, 1, 1, 1, 1]
	1024317	920495	881462	12	M	86	A		-1	3214.02654795	[1, 1, 1, 1, 1, 1, 1, 1, 1, 1, 1, 1]
	1008220	920020	900275	12	M	87	A		-1	3214.20259165	[1, 1, 1, 1, 1, 1, 1, 1, 1, 1, 1, 1]
	997214	994345	961499	12	M	57	A		-1	3214.68422593	[1, 1, 1, 1, 1, 1, 1, 1, 1, 1, 1, 1]
	1007759	920020	910579	12	M	13	A		-1	3215.13427331	[1, 1, 1, 1, 1, 1, 1, 1, 1, 1, 1, 1]
	1078397	926617	915441	12	M	44	A		-1	3215.74143694	[1, 1, 1, 1, 1, 1, 1, 1, 1, 1, 1, 1]
	1007564	920020	784456	12	M	69	A		-1	3215.82302864	[1, 1, 1, 1, 1, 1, 1, 1, 1, 1, 1, 1]
	1036744	920787	974531	12	M	96	A		-1	3215.96092204	[1, 1, 1, 1, 1, 1, 1, 1, 1, 1, 1, 1]
	1078734	926617	982145	12	M	113	A		-1	3216.25135498	[1, 1, 1, 1, 1, 1, 1, 1, 1, 1, 1, 1]
	1055806	921347	984752	12	M	156	A		-1	3216.52984024	[1, 1, 1, 1, 1, 1, 1, 1, 1, 1, 1, 1]
	1023254	920495	934976	12	M	63	A		-1	3216.65355331	[1, 1, 1, 1, 1, 1, 1, 1, 1, 1, 1, 1]
	1076349	926617	970009	12	M	146	A		-1	3217.21638298	[1, 1, 1, 1, 1, 1, 1, 1, 1, 1, 1, 1]
	1008361	920020	844473	12	M	158	A		-1	3218.51411564	[1, 1, 1, 1, 1, 1, 1, 1, 1, 1, 1, 1]
	1074351	922410	954567	12	M	8	A		-1	3218.63197558	[1, 1, 1, 1, 1, 1, 1, 1, 1, 1, 1, 1]
	1009210	920020	949304	12	M	33	A		-1	3218.70051997	[1, 1, 1, 1, 1, 1, 1, 1, 1, 1, 1, 1]
	1068750	921769	920376	12	M	84	A		-1	3219.24264417	[1, 1, 1, 1, 1, 1, 1, 1, 1, 1, 1, 1]
	1077107	926617	989961	12	M	111	A		-1	3219.92518959	[1, 1, 1, 1, 1, 1, 1, 1, 1, 1, 1, 1]
	1076316	926617	922167	12	M	69	A		-1	3220.9960014	[1, 1, 1, 1, 1, 1, 1, 1, 1, 1, 1, 1]
	1075828	926617	797380	12	M	139	A		-1	3221.22239721	[1, 1, 1, 1, 1, 1, 1, 1, 1, 1, 1, 1]
	1014111	920065	927785	12	M	163	A		-1	3221.69004692	[1, 1, 1, 1, 1, 1, 1, 1, 1, 1, 1, 1]
	1055847	921347	973312	12	M	74	A		-1	3221.9213514	[1, 1, 1, 1, 1, 1, 1, 1, 1, 1, 1, 1]
	1091863	923147	990003	12	M	154	A		-1	3222.23436306	[1, 1, 1, 1, 1, 1, 1, 1, 1, 1, 1, 1]
	1032830	920759	967787	12	M	167	A		-1	3222.42858182	[1, 1, 1, 1, 1, 1, 1, 1, 1, 1, 1, 1]
	1078795	926617	965844	12	M	98	A		-1	3222.49555591	[1, 1, 1, 1, 1, 1, 1, 1, 1, 1, 1, 1]
	1059547	921350	751665	12	M	194	A		-1	3222.87486888	[1, 1, 1, 0, 1, 1, 1, 1, 1, 1, 1, 1]
	996612	994345	916719	12	M	145	A		-1	3222.95825318	[1, 1, 1, 1, 1, 1, 1, 1, 1, 1, 1, 1]
	1024023	920495	983202	12	M	4	A		-1	3223.85881461	[1, 1, 1, 1, 1, 1, 1, 1, 1, 1, 1, 1]
	1012720	920065	820622	12	M	162	A		-1	3224.0365965	[1, 1, 1, 1, 1, 1, 1, 1, 1, 1, 1, 1]
	1041711	920893	992690	12	M	75	A		-1	3224.22298174	[1, 1, 1, 1, 1, 1, 1, 1, 1, 1, 1, 1]
	1065071	921769	903907	12	M	175	A		-1	3224.67066973	[1, 1, 1, 1, 1, 1, 1, 1, 1, 1, 1, 1]
	1073425	922410	974925	12	M	25	A		-1	3224.80343195	[1, 1, 1, 1, 1, 1, 1, 1, 1, 1, 1, 1]
	1009189	920020	993105	12	M	36	A		-1	3225.27742034	[1, 1, 1, 1, 1, 1, 1, 1, 1, 1, 1, 1]
	1070351	922410	928454	12	M	103	A		-1	3226.64018151	[1, 1, 1, 1, 1, 1, 1, 1, 1, 1, 1, 1]
	989991	826902	892665	11	M	0	A		-1	3227.1940924	[1, 1, 1, 1, 1, 1, 1, 1, 1, 1, 1, 1]
	1017115	920385	937454	12	M	199	A		-1	3227.20182802	[1, 1, 1, 1, 1, 1, 1, 1, 1, 1, 1, 1]
	1055898	921347	917056	12	M	74	A		-1	3227.98826192	[1, 1, 1, 1, 1, 1, 1, 1, 1, 1, 1, 1]
	1044195	920893	958943	12	M	80	A		-1	3228.49256453	[1, 1, 1, 1, 1, 1, 1, 1, 1, 1, 1, 1]
	1022017	920495	903548	12	M	184	A		-1	3228.73059111	[1, 1, 1, 1, 1, 1, 1, 1, 1, 1, 1, 1]
	1040544	920893	901998	12	M	153	A		-1	3229.13048294	[1, 1, 1, 1, 1, 1, 1, 1, 1, 1, 1, 1]
	1077036	926617	925499	12	M	11	A		-1	3229.43454263	[1, 1, 1, 1, 1, 1, 1, 1, 1, 1, 1, 1]
	1077563	926617	941802	12	M	197	A		-1	3229.54535006	[1, 1, 1, 1, 1, 1, 1, 1, 1, 1, 1, 1]
	1003782	922100	888251	12	M	17	A		-1	3229.66987727	[1, 1, 1, 1, 1, 1, 1, 1, 1, 1, 1, 1]
	1058356	921347	844181	12	M	122	A		-1	3230.81132816	[1, 1, 1, 1, 1, 1, 1, 1, 1, 1, 1, 1]
	1004980	920020	827997	12	M	107	A		-1	3230.95751969	[1, 1, 1, 1, 1, 1, 1, 1, 1, 1, 1, 1]
	1078583	926617	797571	12	M	143	A		-1	3231.5525369	[1, 1, 1, 1, 1, 1, 1, 1, 1, 1, 1, 1]
	1059789	921350	978621	12	M	129	A		-1	3231.68554522	[1, 1, 1, 1, 1, 1, 1, 1, 1, 1, 1, 1]
	1077083	926617	965609	12	M	70	A		-1	3231.71588254	[1, 1, 1, 1, 1, 1, 1, 1, 1, 1, 1, 1]
	999004	994345	895322	12	M	101	A		-1	3232.17546592	[1, 1, 1, 1, 1, 1, 1, 1, 1, 1, 1, 1]
	1044880	921118	936837	12	M	125	A		-1	3232.30043232	[1, 1, 1, 1, 1, 1, 1, 1, 1, 1, 1, 1]
	1056749	921347	990498	12	M	52	A		-1	3232.42160655	[1, 1, 1, 1, 1, 1, 1, 1, 1, 1, 1, 1]
	1052658	921186	976137	12	M	32	A		-1	3232.42759602	[1, 1, 1, 1, 1, 1, 1, 1, 1, 1, 1, 1]
	1068918	921769	991433	12	M	28	A		-1	3232.47072142	[1, 1, 1, 1, 1, 1, 1, 1, 1, 1, 1, 1]
	1070274	922410	899057	12	M	55	A		-1	3232.59922774	[1, 1, 1, 1, 1, 1, 1, 1, 1, 1, 1, 1]
	1045656	921118	987850	12	M	35	A		-1	3232.6737815	[1, 1, 1, 1, 1, 1, 1, 1, 1, 1, 1, 1]
	1067978	921769	929683	12	M	61	A		-1	3232.7819308	[1, 1, 1, 1, 1, 1, 1, 1, 1, 1, 1, 1]
	1080883	922864	883832	12	M	38	A		-1	3232.93725481	[1, 1, 1, 1, 1, 1, 1, 1, 1, 1, 1, 1]
	935290	823887	864761	11	M	94	A		-1	3233.51787385	[1, 1, 1, 1, 1, 1, 1, 1, 1, 1, 1, 1]
	1010440	920065	973549	12	M	25	A		-1	3233.89757876	[1, 1, 1, 1, 1, 1, 1, 1, 1, 1, 1, 1]
	1060059	921350	978628	12	M	85	A		-1	3234.08022783	[1, 1, 1, 1, 1, 1, 1, 1, 1, 1, 1, 1]
	1077882	926617	906404	12	M	35	A		-1	3234.21729763	[1, 1, 1, 1, 1, 1, 1, 1, 1, 1, 1, 1]
	1074735	926617	993897	12	M	161	A		-1	3234.30248009	[1, 1, 1, 1, 1, 1, 1, 1, 1, 1, 1, 1]
	1049381	921118	979559	12	M	145	A		-1	3234.47581546	[1, 1, 1, 1, 1, 1, 1, 1, 1, 1, 1, 1]
	1041648	920893	989807	12	M	72	A		-1	3235.13270438	[1, 1, 1, 1, 1, 1, 1, 1, 1, 1, 1, 1]
	1079367	926617	866392	12	M	165	A		-1	3235.69601005	[1, 1, 1, 1, 1, 1, 1, 1, 1, 1, 1, 1]
	1063980	921350	926592	12	M	187	A		-1	3236.16190067	[1, 1, 1, 1, 1, 1, 1, 1, 1, 1, 1, 1]
	996460	994345	952801	12	M	72	A		-1	3236.24271153	[1, 1, 1, 1, 1, 1, 1, 1, 1, 1, 1, 1]
	1081332	922864	923181	12	M	62	A		-1	3236.26543689	[1, 1, 1, 1, 1, 1, 1, 1, 1, 1, 1, 1]
	1028769	920503	915619	12	M	144	A		-1	3236.36901179	[1, 1, 1, 1, 1, 1, 1, 1, 1, 1, 1, 1]
	1054517	921347	906786	12	M	103	A		-1	3236.69167029	[1, 1, 1, 1, 1, 1, 1, 1, 1, 1, 1, 1]
	975174	829691	812215	11	M	15	A		-1	3236.78450808	[1, 1, 1, 1, 1, 1, 1, 1, 1, 1, 1, 1]
	1062751	921350	898382	12	M	122	A		-1	3237.47340266	[1, 1, 1, 1, 1, 1, 1, 1, 1, 1, 1, 1]
	1024211	920495	945895	12	M	120	A		-1	3238.43502532	[1, 1, 1, 1, 1, 1, 1, 1, 1, 1, 1, 1]
	1090275	923147	916874	12	M	107	A		-1	3238.50482986	[1, 1, 1, 1, 1, 1, 1, 1, 1, 1, 1, 1]
	1045418	921118	861613	12	M	92	A		-1	3238.97301754	[1, 1, 1, 1, 1, 1, 1, 1, 1, 1, 1, 1]
	1024053	920495	969635	12	M	118	A		-1	3239.20064687	[1, 1, 1, 1, 1, 1, 1, 1, 1, 1, 1, 1]
	1011980	920065	928750	12	M	31	A		-1	3239.23239791	[1, 1, 1, 1, 1, 1, 1, 1, 1, 1, 1, 1]
	1087256	922944	979662	12	M	115	A		-1	3239.49816659	[1, 1, 1, 1, 1, 1, 1, 1, 1, 1, 1, 1]
	1075669	926617	798667	12	M	151	A		-1	3239.54880219	[1, 1, 1, 1, 1, 1, 1, 1, 1, 1, 1, 1]
	1075853	926617	813016	12	M	180	A		-1	3239.61788592	[1, 1, 1, 1, 1, 1, 1, 1, 1, 1, 1, 1]
	1043803	920893	978450	12	M	135	A		-1	3239.84194446	[1, 1, 1, 1, 1, 1, 1, 1, 1, 1, 1, 1]
	1063797	921350	823297	12	M	22	A		-1	3241.58638473	[1, 1, 1, 1, 1, 1, 1, 1, 1, 1, 1, 1]
	1007558	920020	982741	12	M	148	A		-1	3241.62856161	[1, 1, 1, 1, 1, 1, 1, 1, 1, 1, 1, 1]
	993714	826902	849923	11	M	118	A		-1	3242.03452626	[1, 1, 1, 1, 1, 1, 1, 1, 1, 1, 1, 1]
	1009245	920020	848321	12	M	77	A		-1	3242.47057088	[1, 1, 1, 1, 1, 1, 1, 1, 1, 1, 1, 1]
	1008484	920020	940201	12	M	62	A		-1	3242.61987256	[1, 1, 1, 1, 1, 1, 1, 1, 1, 1, 1, 1]
	1092341	923147	939014	12	M	90	A		-1	3242.84819469	[1, 1, 1, 1, 1, 1, 1, 1, 1, 1, 1, 1]
	1078742	926617	906657	12	M	165	A		-1	3242.97673389	[1, 1, 1, 1, 1, 1, 1, 1, 1, 1, 1, 1]
	1091754	923147	901643	12	M	80	A		-1	3243.30237449	[1, 1, 1, 1, 1, 1, 1, 1, 1, 1, 1, 1]
	1059516	921350	809179	12	M	129	A		-1	3243.42876607	[1, 1, 1, 1, 1, 1, 1, 1, 1, 1, 1, 1]
	1093431	923147	987599	12	M	186	A		-1	3243.82245009	[1, 1, 1, 1, 1, 1, 1, 1, 1, 1, 1, 1]
	1091170	923147	992527	12	M	157	A		-1	3245.71763192	[1, 1, 1, 1, 1, 1, 1, 1, 1, 1, 1, 1]
	1053635	921186	920141	12	M	171	A		-1	3245.80057051	[1, 1, 1, 1, 1, 1, 1, 1, 1, 1, 1, 1]
	1024689	920503	904007	12	M	176	A		-1	3245.89233486	[1, 1, 1, 1, 1, 1, 1, 1, 1, 1, 1, 1]
	938169	823887	884543	11	M	43	A		-1	3245.96944026	[1, 1, 1, 1, 1, 1, 1, 1, 1, 1, 1, 1]
	1081667	922864	954932	12	M	22	A		-1	3246.75488357	[1, 1, 1, 1, 1, 1, 1, 1, 1, 1, 1, 1]
	1007829	920020	846598	12	M	114	A		-1	3246.91492507	[1, 1, 1, 1, 1, 1, 1, 1, 1, 1, 1, 1]
	1003271	922100	903435	12	M	32	A		-1	3246.96474195	[1, 1, 1, 1, 1, 1, 1, 1, 1, 1, 1, 1]
	998363	994345	875568	12	M	126	A		-1	3246.98923663	[1, 1, 1, 1, 1, 1, 1, 1, 1, 1, 1, 1]
	1005780	920020	916542	12	M	63	A		-1	3248.83959486	[1, 1, 1, 1, 1, 1, 1, 1, 1, 1, 1, 1]
	1053180	921186	940569	12	M	180	A		-1	3248.85920422	[1, 1, 1, 1, 1, 1, 1, 1, 1, 1, 1, 1]
	1077466	926617	978253	12	M	175	A		-1	3248.92322004	[1, 1, 1, 1, 1, 1, 1, 1, 1, 1, 1, 1]
	1005025	920020	920589	12	M	5	A		-1	3249.83388448	[1, 1, 1, 1, 1, 1, 1, 1, 1, 1, 1, 1]
	1049345	921118	938980	12	M	164	A		-1	3250.05035214	[1, 1, 1, 1, 1, 1, 1, 1, 1, 1, 1, 1]
	1062665	921350	898740	12	M	126	A		-1	3250.09690223	[1, 1, 1, 1, 1, 1, 1, 1, 1, 1, 1, 1]
	1083293	922864	959276	12	M	115	A		-1	3250.17489485	[1, 1, 1, 1, 1, 1, 1, 1, 1, 1, 1, 1]
	902603	825514	851748	11	M	16	A		-1	3250.83967674	[1, 1, 1, 1, 1, 1, 1, 1, 1, 1, 1, 1]
	1076801	926617	850004	12	M	195	A		-1	3251.18325269	[1, 1, 1, 1, 1, 1, 1, 1, 1, 1, 1, 1]
	1006886	920020	931165	12	M	78	A		-1	3251.21210254	[1, 1, 1, 1, 1, 1, 1, 1, 1, 1, 1, 1]
	1017257	920385	943548	12	M	40	A		-1	3251.34952314	[1, 1, 1, 1, 1, 1, 1, 1, 1, 1, 1, 1]
	1075340	926617	935200	12	M	193	A		-1	3251.49277512	[1, 1, 1, 1, 1, 1, 1, 1, 1, 1, 1, 1]
	1005218	920020	902481	12	M	165	A		-1	3252.22634283	[1, 1, 1, 1, 1, 1, 1, 1, 1, 1, 1, 1]
	1076122	926617	885031	12	M	187	A		-1	3252.29389329	[1, 1, 1, 1, 1, 1, 1, 1, 1, 1, 1, 1]
	998670	994345	858318	12	M	93	A		-1	3252.40069784	[1, 1, 1, 1, 1, 1, 1, 1, 1, 1, 1, 1]
	1069418	921769	808847	12	M	193	A		-1	3252.45476028	[1, 1, 1, 1, 1, 1, 1, 1, 1, 1, 1, 1]
	1089122	922944	910435	12	M	100	A		-1	3253.46095896	[1, 1, 1, 1, 1, 1, 1, 1, 1, 1, 1, 1]
	1022931	920495	884020	12	M	50	A		-1	3253.59351869	[1, 1, 1, 1, 1, 1, 1, 1, 1, 1, 1, 1]
	1076923	926617	928514	12	M	183	A		-1	3253.75004452	[1, 1, 1, 1, 1, 1, 1, 1, 1, 1, 1, 1]
	1069449	921769	916807	12	M	62	A		-1	3253.91078833	[1, 1, 1, 1, 1, 1, 1, 1, 1, 1, 1, 1]
	1008514	920020	960760	12	M	184	A		-1	3254.06755605	[1, 1, 1, 1, 1, 1, 1, 1, 1, 1, 1, 1]
	1042729	920893	813290	12	M	25	A		-1	3254.77782106	[1, 1, 1, 1, 1, 1, 1, 1, 1, 1, 1, 0]
	1061380	921350	961494	12	M	40	A		-1	3255.22482265	[1, 1, 1, 1, 1, 1, 1, 1, 1, 1, 1, 1]
	1010132	920065	815970	12	M	67	A		-1	3255.84983491	[1, 1, 1, 1, 1, 1, 1, 1, 1, 1, 1, 1]
	1080269	922864	855362	12	M	136	A		-1	3256.30919517	[1, 1, 1, 1, 1, 1, 1, 1, 1, 1, 1, 1]
	1013536	920065	939321	12	M	163	A		-1	3257.10326874	[1, 1, 1, 1, 1, 1, 1, 1, 1, 1, 1, 1]
	1024740	920503	934507	12	M	199	A		-1	3257.96797095	[1, 1, 1, 1, 1, 1, 1, 1, 1, 1, 1, 1]
	1011410	920065	979614	12	M	161	A		-1	3258.15779878	[1, 1, 1, 1, 1, 1, 1, 1, 1, 1, 1, 1]
	1023353	920495	900782	12	M	38	A		-1	3258.23682835	[1, 1, 1, 1, 1, 1, 1, 1, 1, 1, 1, 1]
	1071777	922410	900103	12	M	97	A		-1	3258.36037878	[1, 1, 1, 1, 1, 1, 1, 1, 1, 1, 1, 1]
	1022104	920495	949417	12	M	177	A		-1	3258.6046281	[1, 1, 1, 1, 1, 1, 1, 1, 1, 1, 1, 1]
	1010465	920065	930351	12	M	152	A		-1	3259.80624683	[1, 1, 1, 1, 1, 1, 1, 1, 1, 1, 1, 1]
	1020096	920495	896548	12	M	120	A		-1	3260.47272363	[1, 1, 1, 1, 1, 1, 1, 1, 1, 1, 1, 1]
	1036160	920787	924541	12	M	153	A		-1	3261.14521073	[1, 1, 1, 1, 1, 1, 1, 1, 1, 1, 1, 1]
	1063001	921350	959575	12	M	36	A		-1	3261.16238139	[1, 1, 1, 1, 1, 1, 1, 1, 1, 1, 1, 1]
	1045185	921118	954076	12	M	39	A		-1	3261.29186122	[1, 1, 1, 1, 1, 1, 1, 1, 1, 1, 1, 1]
	1078622	926617	921726	12	M	97	A		-1	3262.19459254	[1, 1, 1, 1, 1, 1, 1, 1, 1, 1, 1, 1]
	1079679	922864	924538	12	M	170	A		-1	3262.88582931	[1, 1, 1, 1, 1, 1, 1, 1, 1, 1, 1, 1]
	1022840	920495	925665	12	M	37	A		-1	3263.17191832	[1, 1, 1, 1, 1, 1, 1, 1, 1, 1, 1, 1]
	1016498	920385	934197	12	M	172	A		-1	3263.80629337	[1, 1, 1, 1, 1, 1, 1, 1, 1, 1, 1, 1]
	1044989	921118	912397	12	M	164	A		-1	3265.42081521	[1, 1, 1, 1, 1, 1, 1, 1, 1, 1, 1, 1]
	1078722	926617	906138	12	M	189	A		-1	3265.71415456	[1, 1, 1, 1, 1, 1, 1, 1, 1, 1, 1, 1]
	997830	994345	849896	12	M	110	A		-1	3265.93472586	[1, 1, 1, 1, 1, 1, 1, 1, 1, 1, 1, 1]
	1064116	921350	914395	12	M	101	A		-1	3267.30499285	[1, 1, 1, 1, 1, 1, 1, 1, 1, 1, 1, 1]
	1005715	920020	930255	12	M	113	A		-1	3267.42950093	[1, 1, 1, 1, 1, 1, 1, 1, 1, 1, 1, 1]
	1044390	920893	809323	12	M	28	A		-1	3269.35845712	[1, 1, 1, 1, 1, 1, 1, 1, 1, 1, 1, 1]
	1071872	922410	982235	12	M	8	A		-1	3271.21986862	[1, 1, 1, 1, 1, 1, 1, 1, 1, 1, 1, 1]
	1024308	920495	940142	12	M	48	A		-1	3271.3428612	[1, 1, 1, 1, 1, 1, 1, 1, 1, 1, 1, 0]
	1074552	926617	968392	12	M	93	A		-1	3271.85549734	[1, 1, 1, 1, 1, 1, 1, 1, 1, 1, 1, 1]
	1002772	922100	985879	12	M	30	A		-1	3272.26059893	[1, 1, 1, 1, 1, 1, 1, 1, 1, 1, 1, 1]
	1077341	926617	736378	12	M	31	A		-1	3272.61395464	[1, 1, 1, 1, 1, 1, 1, 1, 1, 1, 1, 1]
	1020130	920495	923696	12	M	88	A		-1	3272.95062285	[1, 1, 1, 1, 1, 1, 1, 1, 1, 1, 1, 1]
	1047044	921118	962508	12	M	109	A		-1	3273.52788945	[1, 1, 1, 1, 1, 1, 1, 1, 1, 1, 1, 1]
	1007501	920020	984574	12	M	73	A		-1	3273.55881922	[1, 1, 1, 1, 1, 1, 1, 1, 1, 1, 1, 1]
	1032000	920759	966084	12	M	83	A		-1	3273.64333626	[1, 1, 1, 1, 1, 1, 1, 1, 1, 1, 1, 1]
	1078712	926617	837288	12	M	63	A		-1	3273.72409751	[1, 1, 1, 1, 1, 1, 1, 1, 1, 1, 1, 1]
	1075091	926617	700576	12	M	43	A		-1	3274.24799422	[1, 1, 1, 1, 1, 1, 1, 1, 1, 1, 1, 1]
	1093235	923147	938020	12	M	187	A		-1	3274.59950063	[1, 1, 1, 1, 1, 1, 1, 1, 1, 1, 1, 1]
	1061737	921350	896393	12	M	184	A		-1	3274.60509045	[1, 1, 1, 1, 1, 1, 1, 1, 1, 1, 1, 1]
	1020657	920495	940753	12	M	167	A		-1	3275.67324727	[1, 1, 1, 1, 1, 1, 1, 1, 1, 1, 1, 1]
	1041098	920893	878205	12	M	75	A		-1	3276.28397787	[1, 1, 1, 1, 1, 1, 1, 1, 1, 1, 1, 1]
	1044624	921118	833614	12	M	190	A		-1	3276.7142743	[1, 1, 1, 1, 1, 1, 1, 1, 1, 1, 1, 1]
	1009035	920020	984740	12	M	200	A		-1	3276.75464528	[1, 1, 1, 1, 1, 1, 1, 1, 1, 1, 1, 1]
	1041247	920893	832724	12	M	144	A		-1	3277.08216142	[1, 1, 1, 1, 1, 1, 1, 1, 1, 1, 1, 1]
	1020021	920495	982563	12	M	21	A		-1	3277.28653237	[1, 1, 1, 1, 1, 1, 1, 1, 1, 1, 1, 1]
	1065218	921769	928553	12	M	161	A		-1	3277.85945848	[1, 1, 1, 1, 1, 1, 1, 1, 1, 1, 1, 1]
	1088461	922944	937105	12	M	192	A		-1	3278.11510998	[1, 1, 1, 1, 1, 1, 1, 1, 1, 1, 1, 1]
	1087912	922944	929858	12	M	169	A		-1	3278.77521418	[1, 1, 1, 1, 1, 1, 1, 1, 1, 1, 1, 1]
	1092383	923147	941023	12	M	44	A		-1	3279.29071827	[1, 1, 1, 1, 1, 1, 1, 1, 1, 1, 1, 0]
	1078564	926617	895924	12	M	67	A		-1	3279.35039391	[1, 1, 1, 1, 1, 1, 1, 1, 1, 1, 1, 1]
	1042317	920893	822757	12	M	86	A		-1	3279.61453578	[1, 1, 1, 1, 1, 1, 1, 1, 1, 1, 1, 1]
	1086665	922944	829912	12	M	134	A		-1	3280.19945602	[1, 1, 1, 1, 1, 1, 1, 1, 1, 1, 1, 1]
	994332	826902	832164	11	M	97	A		-1	3280.3338121	[1, 1, 1, 1, 1, 1, 1, 1, 1, 1, 1, 0]
	1056634	921347	925936	12	M	187	A		-1	3280.89472201	[1, 1, 1, 1, 1, 1, 1, 1, 1, 1, 1, 1]
	1060477	921350	975580	12	M	44	A		-1	3280.98488548	[1, 1, 1, 1, 1, 1, 1, 1, 1, 1, 1, 1]
	1063652	921350	810594	12	M	25	A		-1	3281.12872988	[1, 1, 1, 1, 1, 1, 1, 1, 1, 1, 1, 1]
	1059530	921350	902008	12	M	138	A		-1	3281.1542588	[1, 1, 1, 1, 1, 1, 1, 1, 1, 1, 1, 1]
	998545	994345	934205	12	M	43	A		-1	3281.83190042	[1, 1, 1, 1, 1, 1, 1, 1, 1, 1, 1, 1]
	996990	994345	956271	12	M	24	A		-1	3282.07266579	[1, 1, 1, 1, 1, 1, 1, 1, 1, 1, 1, 1]
	1047263	921118	983397	12	M	95	A		-1	3282.41785713	[1, 1, 1, 1, 1, 1, 1, 1, 1, 1, 1, 1]
	1035092	920787	911342	12	M	33	A		-1	3283.03894353	[1, 1, 1, 1, 1, 1, 1, 1, 1, 1, 1, 1]
	1077160	926617	990098	12	M	39	A		-1	3283.75616809	[1, 1, 1, 1, 1, 1, 1, 1, 1, 1, 1, 1]
	993745	826902	727838	11	M	113	A		-1	3284.1291452	[1, 1, 1, 1, 1, 1, 1, 1, 1, 1, 1, 1]
	1006745	920020	952024	12	M	169	A		-1	3285.41442511	[1, 1, 1, 1, 1, 1, 1, 1, 1, 1, 1, 1]
	1068360	921769	944157	12	M	124	A		-1	3286.39444438	[1, 1, 1, 1, 1, 1, 1, 1, 1, 1, 1, 1]
	1035578	920787	923988	12	M	158	A		-1	3286.74559576	[1, 1, 1, 1, 1, 1, 1, 1, 1, 1, 1, 1]
	1051943	921186	986765	12	M	65	A		-1	3287.03229377	[1, 1, 1, 1, 1, 1, 1, 1, 1, 1, 1, 1]
	1049654	921186	972717	12	M	187	A		-1	3287.39146989	[1, 1, 1, 1, 1, 1, 1, 1, 1, 1, 1, 1]
	1056767	921347	922091	12	M	134	A		-1	3289.22013088	[1, 1, 1, 1, 1, 1, 1, 1, 1, 1, 1, 1]
	1075666	926617	980276	12	M	63	A		-1	3289.9619293	[1, 1, 1, 1, 1, 1, 1, 1, 1, 1, 1, 1]
	1089131	922944	971446	12	M	183	A		-1	3290.70586688	[1, 1, 1, 1, 1, 1, 1, 1, 1, 1, 1, 1]
	995067	994345	957465	12	M	47	A		-1	3291.30157076	[1, 1, 1, 1, 1, 1, 1, 1, 1, 1, 1, 1]
	1070596	922410	977016	12	M	195	A		-1	3291.70552143	[1, 1, 1, 1, 1, 1, 1, 1, 1, 1, 1, 1]
	1078572	926617	940068	12	M	158	A		-1	3292.26756638	[1, 1, 1, 1, 1, 1, 1, 1, 1, 1, 1, 1]
	1022853	920495	902825	12	M	36	A		-1	3297.08910893	[1, 1, 1, 1, 1, 1, 1, 1, 1, 1, 1, 1]
	1074733	926617	901289	12	M	115	A		-1	3297.7459802	[1, 1, 1, 1, 1, 1, 1, 1, 1, 1, 1, 1]
	1053445	921186	926796	12	M	90	A		-1	3297.9261301	[1, 1, 1, 1, 1, 1, 1, 1, 1, 1, 1, 1]
	996743	994345	942760	12	M	144	A		-1	3298.60580405	[1, 1, 1, 1, 1, 1, 1, 1, 1, 1, 1, 1]
	1039138	920787	914134	12	M	125	A		-1	3300.24563754	[1, 1, 1, 1, 1, 1, 1, 1, 1, 1, 1, 1]
	1073778	922410	896182	12	M	113	A		-1	3300.53269131	[1, 1, 1, 1, 1, 1, 1, 1, 1, 1, 1, 1]
	1061944	921350	899751	12	M	32	A		-1	3300.88913843	[1, 1, 1, 1, 1, 1, 1, 1, 1, 1, 1, 1]
	1003138	922100	853473	12	M	127	A		-1	3301.04511387	[1, 1, 1, 1, 1, 1, 1, 1, 1, 1, 1, 1]
	1035058	920787	989203	12	M	165	A		-1	3301.38709799	[1, 1, 1, 1, 1, 1, 1, 1, 1, 1, 1, 1]
	1045489	921118	945850	12	M	111	A		-1	3302.18558886	[1, 1, 1, 1, 1, 1, 1, 1, 1, 1, 1, 1]
	1006665	920020	930129	12	M	41	A		-1	3303.15382948	[1, 1, 1, 1, 1, 1, 1, 1, 1, 1, 1, 1]
	917276	822709	876846	11	M	19	A		-1	3306.1207816	[1, 1, 1, 1, 1, 1, 1, 1, 1, 1, 1, 1]
	995971	994345	813770	12	M	112	A		-1	3307.11223136	[1, 1, 1, 1, 1, 1, 1, 1, 1, 1, 1, 1]
	1069915	922410	943523	12	M	110	A		-1	3307.90927841	[1, 1, 1, 1, 1, 1, 1, 1, 1, 1, 1, 1]
	1046842	921118	918345	12	M	49	A		-1	3307.99068977	[1, 1, 1, 1, 1, 1, 1, 1, 1, 1, 1, 1]
	1005308	920020	991872	12	M	165	A		-1	3308.00444973	[1, 1, 1, 1, 1, 1, 1, 1, 1, 1, 1, 1]
	1044076	920893	773677	12	M	25	A		-1	3308.71213704	[1, 1, 1, 1, 1, 1, 1, 1, 1, 1, 1, 1]
	1015256	920385	854077	12	M	33	A		-1	3308.9264242	[1, 1, 1, 1, 1, 1, 1, 1, 1, 1, 1, 1]
	1043921	920893	890815	12	M	43	A		-1	3309.313985	[1, 1, 1, 1, 1, 1, 1, 1, 1, 1, 1, 1]
	1031506	920759	839585	12	M	9	A		-1	3310.34978516	[1, 1, 1, 1, 1, 1, 1, 1, 1, 1, 1, 1]
	1077648	926617	912870	12	M	21	A		-1	3311.82869357	[1, 1, 1, 1, 1, 1, 1, 1, 1, 1, 1, 1]
	989475	826902	668926	11	M	78	A		-1	3312.14203089	[1, 1, 1, 1, 1, 1, 1, 1, 1, 1, 1, 1]
	1078384	926617	947168	12	M	36	A		-1	3312.55528322	[1, 1, 1, 1, 1, 1, 1, 1, 1, 1, 1, 1]
	1008526	920020	908262	12	M	102	A		-1	3312.71858633	[1, 1, 1, 1, 1, 1, 1, 1, 1, 1, 1, 1]
	1063708	921350	976389	12	M	83	A		-1	3313.73448164	[1, 1, 1, 1, 1, 1, 1, 1, 1, 1, 1, 1]
	920020	823054	704679	11	M	148	A		-1	3314.87241063	[1, 1, 1, 1, 1, 1, 1, 1, 1, 1, 1, 1]
	1007194	920020	994239	12	M	19	A		-1	3314.91945807	[1, 1, 1, 1, 1, 1, 1, 1, 1, 1, 1, 1]
	1077845	926617	811326	12	M	171	A		-1	3315.1067885	[1, 1, 1, 1, 1, 1, 1, 1, 1, 1, 1, 1]
	1091703	923147	970556	12	M	65	A		-1	3315.35171596	[1, 1, 1, 1, 1, 1, 1, 1, 1, 1, 1, 1]
	1033073	920759	944492	12	M	0	A		-1	3315.71417859	[1, 1, 1, 1, 1, 1, 1, 1, 1, 1, 1, 1]
	1086066	922944	823686	12	M	1	A		-1	3315.88338331	[1, 1, 1, 1, 1, 1, 1, 1, 1, 1, 1, 1]
	1086634	922944	955129	12	M	74	A		-1	3316.55706631	[1, 1, 1, 1, 1, 1, 1, 1, 1, 1, 1, 1]
	1073899	922410	976566	12	M	126	A		-1	3316.74964	[1, 1, 1, 1, 1, 1, 1, 1, 1, 1, 1, 1]
	1092243	923147	938669	12	M	188	A		-1	3316.77853133	[1, 1, 1, 1, 1, 1, 1, 1, 1, 1, 1, 1]
	1076605	926617	958642	12	M	115	A		-1	3317.16130109	[1, 1, 1, 1, 1, 1, 1, 1, 1, 1, 1, 1]
	1049045	921118	950249	12	M	101	A		-1	3317.82927047	[1, 1, 1, 1, 1, 1, 1, 1, 1, 1, 1, 1]
	1004620	920020	931214	12	M	75	A		-1	3317.89863184	[1, 1, 1, 1, 1, 1, 1, 1, 1, 1, 1, 1]
	1074624	926617	990416	12	M	131	A		-1	3317.95559815	[1, 1, 1, 1, 1, 1, 1, 1, 1, 1, 1, 1]
	926617	823582	874831	11	M	105	A		-1	3318.05954685	[1, 1, 1, 1, 1, 1, 1, 1, 1, 1, 1, 1]
	1078131	926617	967344	12	M	74	A		-1	3318.42233308	[1, 1, 1, 1, 1, 1, 1, 1, 1, 1, 1, 1]
	1018660	920385	728132	12	M	161	A		-1	3318.91176667	[1, 1, 1, 1, 1, 1, 1, 1, 1, 1, 1, 1]
	1060087	921350	982009	12	M	69	A		-1	3320.51323829	[1, 0, 1, 1, 1, 1, 1, 1, 1, 1, 1, 1]
	1078560	926617	815062	12	M	74	A		-1	3321.21991206	[1, 1, 1, 1, 1, 1, 1, 1, 1, 1, 1, 1]
	998042	994345	867696	12	M	7	A		-1	3322.62173233	[1, 1, 1, 1, 1, 1, 1, 1, 1, 1, 1, 1]
	1008984	920020	934329	12	M	4	A		-1	3324.44841923	[1, 1, 1, 1, 1, 1, 1, 1, 1, 1, 1, 1]
	1022081	920495	937509	12	M	126	A		-1	3324.54822319	[1, 1, 1, 1, 1, 1, 1, 1, 1, 1, 1, 1]
	1087971	922944	984511	12	M	194	A		-1	3325.16358565	[1, 1, 1, 1, 1, 1, 1, 1, 1, 1, 1, 1]
	1020099	920495	797082	12	M	14	A		-1	3327.47145943	[1, 1, 1, 1, 1, 1, 1, 1, 1, 1, 1, 1]
	1058444	921347	912782	12	M	149	A		-1	3327.79299339	[1, 1, 1, 1, 1, 1, 1, 1, 1, 1, 1, 1]
	997084	994345	960681	12	M	86	A		-1	3328.15165037	[1, 1, 1, 1, 1, 1, 1, 1, 1, 1, 1, 1]
	1064680	921769	865540	12	M	28	A		-1	3328.92486772	[1, 1, 1, 1, 1, 1, 1, 1, 1, 1, 1, 1]
	1008185	920020	917039	12	M	163	A		-1	3329.68750988	[1, 1, 1, 1, 1, 1, 1, 1, 1, 1, 1, 1]
	1042811	920893	938742	12	M	185	A		-1	3331.21930338	[1, 1, 1, 1, 1, 1, 1, 1, 1, 1, 1, 1]
	1075878	926617	874599	12	M	96	A		-1	3331.85099482	[1, 1, 1, 1, 1, 1, 1, 1, 1, 1, 1, 1]
	1074475	926617	972474	12	M	85	A		-1	3332.17219977	[1, 1, 1, 1, 1, 1, 1, 1, 1, 1, 1, 1]
	999178	994345	978224	12	M	152	A		-1	3333.66532292	[1, 1, 1, 1, 1, 1, 1, 1, 1, 1, 1, 1]
	1076821	926617	964132	12	M	184	A		-1	3334.34922393	[1, 1, 1, 1, 1, 1, 1, 1, 1, 1, 1, 1]
	1008510	920020	964170	12	M	54	A		-1	3334.78044677	[1, 1, 1, 1, 1, 1, 1, 1, 1, 1, 1, 0]
	1062387	921350	978782	12	M	63	A		-1	3335.48902106	[1, 1, 1, 1, 1, 1, 1, 1, 1, 1, 1, 1]
	996043	994345	993014	12	M	20	A		-1	3336.58778804	[1, 1, 1, 1, 1, 1, 1, 1, 1, 1, 1, 1]
	1066880	921769	907096	12	M	7	A		-1	3336.8362079	[1, 1, 1, 1, 1, 1, 1, 1, 1, 1, 1, 1]
	1085121	922944	926721	12	M	136	A		-1	3337.15427586	[1, 1, 1, 1, 1, 1, 1, 1, 1, 1, 1, 1]
	1020349	920495	974330	12	M	159	A		-1	3337.47843228	[1, 1, 1, 1, 1, 1, 1, 1, 1, 1, 1, 1]
	1006289	920020	927002	12	M	42	A		-1	3337.8397899	[1, 1, 1, 1, 1, 1, 1, 1, 1, 1, 1, 1]
	1059975	921350	978936	12	M	123	A		-1	3339.61550116	[1, 1, 1, 1, 1, 1, 1, 1, 1, 1, 1, 1]
	1010751	920065	924008	12	M	157	A		-1	3340.17216213	[1, 1, 1, 1, 1, 1, 1, 1, 1, 1, 1, 1]
	1076537	926617	977853	12	M	162	A		-1	3340.93711681	[1, 1, 1, 1, 1, 1, 1, 1, 1, 1, 1, 1]
	1014651	920385	860399	12	M	13	A		-1	3341.25220017	[1, 1, 1, 1, 1, 1, 1, 1, 1, 1, 1, 1]
	1008086	920020	725549	12	M	137	A		-1	3341.84810342	[1, 1, 1, 1, 1, 1, 1, 1, 1, 1, 1, 1]
	1040501	920893	954367	12	M	146	A		-1	3342.70685007	[1, 1, 1, 1, 1, 1, 1, 1, 1, 1, 1, 1]
	1006419	920020	946314	12	M	13	A		-1	3344.52364267	[1, 1, 1, 1, 1, 1, 1, 1, 1, 1, 1, 0]
	1064062	921350	844234	12	M	99	A		-1	3345.29483109	[1, 1, 1, 1, 1, 1, 1, 1, 1, 1, 1, 1]
	1011259	920065	912981	12	M	162	A		-1	3345.68857622	[1, 1, 1, 1, 1, 1, 1, 1, 1, 1, 1, 1]
	1011148	920065	923367	12	M	94	A		-1	3347.00290923	[1, 1, 1, 1, 1, 1, 1, 1, 1, 1, 1, 1]
	1075232	926617	951302	12	M	175	A		-1	3348.06257721	[1, 1, 1, 1, 1, 1, 1, 1, 1, 1, 1, 1]
	1087190	922944	811344	12	M	94	A		-1	3348.8426364	[1, 1, 1, 1, 1, 1, 1, 1, 1, 1, 1, 1]
	1040081	920893	989955	12	M	116	A		-1	3349.51057187	[1, 1, 1, 1, 1, 1, 1, 1, 1, 1, 1, 1]
	1007544	920020	949094	12	M	124	A		-1	3350.38268337	[1, 1, 1, 1, 1, 1, 1, 1, 1, 1, 1, 1]
	1021479	920495	898192	12	M	95	A		-1	3350.54100104	[1, 1, 1, 1, 1, 1, 1, 1, 1, 1, 1, 1]
	1013640	920065	992288	12	M	146	A		-1	3350.76731216	[1, 1, 1, 1, 1, 1, 1, 1, 1, 1, 1, 1]
	1079150	926617	896247	12	M	190	A		-1	3351.28287704	[1, 1, 1, 1, 1, 1, 1, 1, 1, 1, 1, 1]
	1005663	920020	959846	12	M	183	A		-1	3351.53033139	[1, 1, 1, 1, 1, 1, 1, 1, 1, 1, 1, 1]
	1075801	926617	969196	12	M	183	A		-1	3351.92974649	[1, 1, 1, 1, 1, 1, 1, 1, 1, 1, 1, 1]
	1045158	921118	979126	12	M	112	A		-1	3351.97289164	[1, 1, 1, 1, 1, 1, 1, 1, 1, 1, 1, 1]
	1049163	921118	986634	12	M	21	A		-1	3353.1980861	[1, 1, 1, 1, 1, 1, 1, 1, 1, 1, 1, 1]
	1049313	921118	819914	12	M	115	A		-1	3353.64350545	[1, 1, 1, 1, 1, 1, 1, 1, 1, 1, 1, 1]
	1006068	920020	836418	12	M	149	A		-1	3355.52556441	[1, 1, 1, 1, 1, 1, 1, 1, 1, 1, 1, 1]
	1024479	920503	916739	12	M	95	A		-1	3356.17907733	[1, 1, 1, 1, 1, 1, 1, 1, 1, 1, 1, 1]
	1075596	926617	978219	12	M	45	A		-1	3358.23102944	[1, 1, 1, 1, 1, 1, 1, 1, 1, 1, 1, 1]
	1083140	922864	930188	12	M	165	A		-1	3358.98174724	[1, 1, 1, 1, 1, 1, 1, 1, 1, 1, 1, 1]
	1000143	922100	933488	12	M	193	A		-1	3359.94172993	[1, 1, 1, 1, 1, 1, 1, 1, 1, 1, 1, 1]
	1079633	922864	992391	12	M	184	A		-1	3361.69327347	[1, 1, 1, 1, 1, 1, 1, 1, 1, 1, 1, 1]
	1073853	922410	848427	12	M	175	A		-1	3362.37740302	[1, 1, 1, 1, 1, 1, 1, 1, 1, 1, 1, 1]
	1081611	922864	975769	12	M	150	A		-1	3364.44078365	[1, 1, 1, 1, 1, 1, 1, 1, 1, 1, 1, 1]
	1005373	920020	994097	12	M	160	A		-1	3364.4883444	[1, 1, 1, 1, 1, 1, 1, 1, 1, 1, 1, 1]
	1007354	920020	905638	12	M	128	A		-1	3365.94316577	[1, 1, 1, 1, 1, 1, 1, 1, 1, 1, 1, 1]
	1056427	921347	913596	12	M	98	A		-1	3366.98432921	[1, 1, 1, 1, 1, 1, 1, 1, 1, 1, 1, 1]
	1062412	921350	717780	12	M	196	A		-1	3367.26820905	[1, 1, 1, 1, 1, 1, 1, 1, 1, 1, 1, 1]
	1008967	920020	977276	12	M	107	A		-1	3368.21395329	[1, 1, 1, 1, 1, 1, 1, 1, 1, 1, 1, 0]
	1087499	922944	926190	12	M	134	A		-1	3374.32062364	[1, 1, 1, 1, 1, 1, 1, 1, 1, 1, 1, 1]
	1006529	920020	988645	12	M	167	A		-1	3375.80590431	[1, 1, 1, 1, 1, 1, 1, 1, 1, 1, 1, 1]
	1049375	921118	989415	12	M	178	A		-1	3376.25118431	[1, 1, 1, 1, 1, 1, 1, 1, 1, 1, 1, 1]
	1072663	922410	831020	12	M	165	A		-1	3380.79662364	[1, 1, 1, 1, 1, 1, 1, 1, 1, 1, 1, 1]
	999121	994345	942322	12	M	101	A		-1	3381.68108197	[1, 1, 1, 1, 1, 1, 1, 1, 1, 1, 1, 1]
	1010241	920065	901370	12	M	51	A		-1	3382.60037419	[1, 1, 1, 1, 1, 1, 1, 1, 1, 1, 1, 1]
	996703	994345	967319	12	M	170	A		-1	3382.96092289	[1, 1, 1, 1, 1, 1, 1, 1, 1, 1, 1, 1]
	1003308	922100	922793	12	M	11	A		-1	3385.98940117	[1, 1, 1, 1, 1, 1, 1, 1, 1, 1, 1, 1]
	1060148	921350	966483	12	M	173	A		-1	3386.42626773	[1, 1, 1, 1, 1, 1, 1, 1, 1, 1, 1, 1]
	1045000	921118	981166	12	M	39	A		-1	3388.75541161	[1, 1, 1, 1, 1, 1, 1, 1, 1, 1, 1, 1]
	1071906	922410	921074	12	M	38	A		-1	3396.58844032	[1, 1, 1, 1, 1, 1, 1, 1, 1, 1, 1, 1]
	1006809	920020	967973	12	M	20	A		-1	3400.88072859	[1, 1, 1, 1, 1, 1, 1, 1, 1, 1, 1, 1]
	1022658	920495	987905	12	M	103	A		-1	3404.77355806	[1, 1, 1, 1, 1, 1, 1, 1, 1, 1, 1, 1]
	1077090	926617	853416	12	M	178	A		-1	3411.12001096	[1, 1, 1, 1, 1, 1, 1, 1, 1, 1, 1, 1]
	1023176	920495	930766	12	M	118	A		-1	3411.32217637	[1, 1, 1, 1, 1, 1, 1, 1, 1, 1, 1, 1]
	1043240	920893	822172	12	M	50	A		-1	3412.45930939	[1, 1, 1, 1, 1, 1, 1, 1, 1, 1, 1, 1]
	1007659	920020	937221	12	M	186	A		-1	3412.79865358	[1, 1, 1, 1, 1, 1, 1, 1, 1, 1, 1, 1]
	996417	994345	963024	12	M	166	A		-1	3412.97519476	[1, 1, 1, 1, 1, 1, 1, 1, 1, 1, 1, 1]
	1054487	921347	960493	12	M	45	A		-1	3413.24734282	[1, 1, 1, 1, 1, 1, 1, 1, 1, 1, 1, 1]
	1068715	921769	980925	12	M	39	A		-1	3413.92991613	[1, 1, 1, 1, 1, 1, 1, 1, 1, 1, 1, 1]
	1006100	920020	871643	12	M	1	A		-1	3415.21407103	[1, 1, 1, 1, 1, 1, 1, 1, 1, 1, 1, 1]
	968728	825242	807799	11	M	31	A		-1	3417.25935996	[1, 1, 1, 1, 1, 1, 1, 1, 1, 1, 1, 1]
	1005242	920020	918144	12	M	74	A		-1	3417.89506661	[1, 1, 1, 1, 1, 1, 1, 1, 1, 1, 1, 1]
	1018230	920385	971713	12	M	90	A		-1	3418.88018482	[1, 1, 1, 1, 1, 1, 1, 1, 1, 1, 1, 1]
	1064277	921350	952223	12	M	23	A		-1	3423.09999405	[1, 1, 1, 1, 1, 1, 1, 1, 1, 1, 1, 1]
	1079046	926617	949676	12	M	62	A		-1	3424.68948637	[1, 1, 1, 1, 1, 1, 1, 1, 1, 1, 1, 1]
	1019516	920495	900002	12	M	44	A		-1	3425.5384547	[1, 1, 1, 1, 1, 1, 1, 1, 1, 1, 1, 1]
	1033424	920759	903964	12	M	84	A		-1	3426.7040158	[1, 1, 1, 1, 1, 1, 1, 1, 1, 1, 1, 1]
	1007388	920020	899703	12	M	82	A		-1	3426.92210622	[1, 1, 1, 1, 1, 1, 1, 1, 1, 1, 1, 1]
	1025969	920503	992892	12	M	122	A		-1	3427.38918412	[1, 1, 1, 1, 1, 1, 1, 1, 1, 1, 1, 1]
	1006263	920020	954786	12	M	26	A		-1	3432.08584103	[1, 1, 1, 1, 1, 1, 1, 1, 1, 1, 1, 1]
	1019939	920495	934905	12	M	78	A		-1	3433.65059385	[1, 1, 1, 1, 1, 1, 1, 1, 1, 1, 1, 1]
	1077507	926617	848822	12	M	139	A		-1	3441.74587671	[1, 1, 1, 1, 1, 1, 1, 1, 1, 1, 1, 1]
	1008215	920020	874934	12	M	96	A		-1	3444.77549256	[1, 1, 1, 1, 1, 1, 1, 1, 1, 1, 1, 1]
	1075064	926617	974973	12	M	24	A		-1	3447.09240351	[1, 1, 1, 1, 1, 1, 1, 1, 1, 1, 1, 1]
	1056287	921347	928807	12	M	47	A		-1	3453.18506583	[1, 1, 1, 1, 1, 1, 1, 1, 1, 1, 1, 1]
	1077524	926617	913167	12	M	9	A		-1	3455.01681057	[1, 1, 1, 1, 1, 1, 1, 1, 1, 1, 1, 1]
	1020456	920495	956611	12	M	82	A		-1	3459.67549328	[1, 1, 1, 1, 1, 1, 1, 1, 1, 1, 1, 1]
	1055241	921347	942868	12	M	26	A		-1	3461.37744732	[1, 1, 1, 1, 1, 1, 1, 1, 1, 1, 1, 1]
	1028811	920503	865104	12	M	39	A		-1	3463.08359207	[1, 1, 1, 1, 1, 1, 1, 1, 1, 1, 1, 1]
	1024340	920495	963355	12	M	40	A		-1	3472.79122917	[1, 1, 1, 1, 1, 1, 1, 1, 1, 1, 1, 1]
	1071019	922410	963461	12	M	174	A		-1	3477.23564168	[1, 1, 1, 1, 1, 1, 1, 1, 1, 1, 1, 1]
	1061382	921350	985947	12	M	7	A		-1	3478.13831832	[1, 1, 1, 1, 1, 1, 1, 1, 1, 1, 1, 1]
	1076759	926617	954952	12	M	10	A		-1	3493.23423816	[1, 1, 1, 1, 1, 1, 1, 1, 1, 1, 1, 1]
	1093207	923147	925477	12	M	157	A		-1	3495.78281118	[1, 1, 1, 1, 1, 1, 1, 1, 1, 1, 1, 1]
	1078806	926617	938295	12	M	131	A		-1	3497.78315024	[1, 1, 1, 1, 1, 1, 1, 1, 1, 1, 1, 1]
	1040225	920893	987597	12	M	180	A		-1	3500.49946511	[1, 1, 1, 1, 1, 1, 1, 1, 1, 1, 1, 1]
	1078570	926617	974964	12	M	168	A		-1	3508.12213663	[1, 1, 1, 1, 1, 1, 1, 1, 1, 1, 1, 1]
	1006581	920020	981278	12	M	195	A		-1	3545.90989399	[1, 1, 1, 1, 1, 1, 1, 1, 1, 1, 1, 1]
	1025398	920503	969352	12	M	91	A		-1	3576.86094307	[1, 1, 1, 1, 1, 1, 1, 1, 1, 1, 1, 1]
	1009074	920020	900039	12	M	98	A		-1	3577.20279803	[1, 1, 1, 1, 1, 1, 1, 1, 1, 1, 1, 1]
	1004930	920020	963495	12	M	43	A		-1	3601.96063212	[1, 1, 1, 1, 1, 1, 1, 1, 1, 1, 1, 1]
	1019698	920495	920904	12	M	127	A		-1	3654.39167967	[1, 1, 1, 1, 1, 1, 1, 1, 1, 1, 1, 1]
	1022780	920495	975442	12	M	155	A		-1	3663.42226598	[1, 1, 1, 1, 1, 1, 1, 1, 1, 1, 1, 1]
	1078186	926617	955806	12	M	187	A		-1	3667.03738717	[1, 1, 1, 1, 1, 1, 1, 1, 1, 1, 1, 1]
