animal	sire	dam	born	sex	herd	status	cause	died	TBV	recessives
	173032	86199	119380	3	M	133	A		-1	1099.75233876	[1, 1, 1, 1, 1, 1, 1, 1, 1, 1, 1, 0]
	165223	86060	118604	3	M	45	A		-1	1100.06895025	[1, 0, 1, 1, 1, 1, 1, 1, 1, 1, 1, 1]
	165927	86060	92186	3	M	88	A		-1	1100.27599047	[1, 0, 0, 1, 1, 1, 1, 1, 1, 1, 1, 1]
	148329	85540	105284	3	M	14	A		-1	1100.84756734	[1, 1, 0, 1, 1, 1, 1, 1, 1, 1, 1, 1]
	139004	84942	15386	3	M	172	A		-1	1100.97866008	[1, 1, 1, 1, 1, 1, 1, 1, 1, 1, 1, 1]
	160263	85815	77302	3	M	57	A		-1	1101.83787042	[1, 1, 1, 1, 1, 1, 1, 1, 1, 1, 1, 1]
	139178	84942	120182	3	M	92	A		-1	1102.08650073	[1, 1, 1, 1, 1, 1, 1, 1, 1, 1, 1, 1]
	146753	85273	122178	3	M	11	A		-1	1102.48482974	[1, 1, 1, 1, 1, 1, 1, 1, 1, 1, 1, 1]
	160012	85815	106053	3	M	119	A		-1	1102.52039555	[1, 1, 1, 1, 1, 1, 1, 1, 1, 1, 1, 0]
	182139	86227	56735	3	M	196	A		-1	1102.96766174	[1, 1, 1, 1, 1, 1, 1, 1, 1, 1, 1, 1]
	186530	86337	116421	3	M	37	A		-1	1102.97275111	[1, 1, 1, 1, 1, 1, 1, 1, 1, 1, 1, 0]
	168508	86155	44089	3	M	23	A		-1	1103.02974607	[1, 1, 1, 1, 1, 1, 1, 1, 1, 1, 1, 1]
	176113	86199	67529	3	M	90	A		-1	1103.32949064	[1, 1, 1, 1, 1, 1, 1, 1, 1, 1, 1, 1]
	192137	86432	94126	3	M	28	A		-1	1103.36564556	[1, 1, 1, 1, 1, 1, 1, 1, 1, 1, 1, 1]
	180879	86227	97154	3	M	66	A		-1	1103.75619153	[1, 1, 1, 1, 1, 1, 1, 1, 1, 1, 1, 1]
	193798	86635	32417	3	M	32	A		-1	1103.89151488	[1, 1, 1, 1, 1, 1, 1, 1, 1, 1, 1, 1]
	147421	85273	98887	3	M	22	A		-1	1103.97640301	[1, 1, 1, 1, 1, 1, 1, 1, 1, 1, 1, 1]
	131574	86776	85653	3	M	150	A		-1	1104.00933169	[1, 1, 1, 1, 1, 1, 1, 1, 1, 1, 1, -1]
	136007	84880	32499	3	M	50	A		-1	1104.02969483	[1, 1, 1, 1, 1, 1, 1, 1, 1, 1, 1, 0]
	133731	84880	35528	3	M	41	A		-1	1104.07635921	[1, 1, 1, 1, 1, 1, 1, 1, 1, 1, 1, 0]
	190357	86432	84144	3	M	126	A		-1	1104.09998073	[1, 1, 1, 1, 1, 1, 1, 1, 1, 1, 1, 1]
	148191	85540	122001	3	M	96	A		-1	1104.10135433	[1, 1, 1, 1, 1, 1, 1, 1, 1, 1, 1, 1]
	124473	122684	108794	3	M	147	A		-1	1104.39675102	[1, 1, 1, 0, 1, 1, 1, 1, 1, 1, 1, 0]
	152152	85540	105414	3	M	116	A		-1	1104.46939186	[1, 1, 1, 1, 1, 1, 1, 1, 1, 1, 1, 1]
	152355	85540	80939	3	M	196	A		-1	1104.57015419	[1, 1, 1, 1, 1, 1, 1, 1, 1, 1, 1, 1]
	169754	86155	106106	3	M	187	A		-1	1104.986145	[1, 1, 1, 1, 1, 1, 1, 1, 1, 1, 1, 1]
	136456	84880	75082	3	M	22	A		-1	1105.00840749	[1, 1, 1, 1, 1, 1, 1, 1, 1, 1, 1, 0]
	108689	54596	12492	2	M	11	A		-1	1105.06065849	[1, 1, 1, 1, 1, 1, 1, 1, 1, 1, 1, 1]
	148348	85540	7457	3	M	89	A		-1	1105.34914533	[1, 1, 0, 1, 1, 0, 1, 1, 1, 1, 1, 1]
	152866	85540	51199	3	M	195	A		-1	1105.40068386	[1, 1, 1, 1, 1, 1, 1, 1, 1, 1, 1, 1]
	181342	86227	42136	3	M	188	A		-1	1105.42164035	[1, 1, 1, 1, 1, 1, 1, 1, 1, 1, 1, 1]
	143983	85273	88560	3	M	30	A		-1	1105.49613897	[1, 1, 1, 1, 1, 1, 1, 1, 1, 1, 1, 1]
	134641	84880	88072	3	M	52	A		-1	1105.64304453	[1, 1, 1, 1, 1, 1, 1, 1, 1, 1, 1, -1]
	190610	86432	109144	3	M	183	A		-1	1105.7475321	[1, 1, 1, 1, 1, 1, 1, 1, 1, 1, 1, 1]
	169933	86155	90654	3	M	11	A		-1	1105.81227411	[1, 1, 1, 1, 1, 1, 1, 1, 1, 1, 1, 0]
	181169	86227	96009	3	M	33	A		-1	1106.26258356	[1, 1, 1, 1, 1, 1, 1, 1, 1, 1, 1, 1]
	178885	86227	34723	3	M	105	A		-1	1106.33878181	[1, 0, 1, 1, 1, 1, 1, 1, 1, 1, 1, 1]
	155313	85745	89761	3	M	110	A		-1	1106.37973835	[1, 1, 1, 1, 1, 1, 1, 1, 1, 1, 1, 0]
	153596	85745	75818	3	M	90	A		-1	1106.99009408	[1, 1, 1, 1, 1, 1, 1, 1, 1, 1, 1, 1]
	133344	84880	88599	3	M	39	A		-1	1106.99652177	[1, 1, 1, 1, 1, 1, 1, 1, 1, 1, 1, 1]
	125233	122684	115215	3	M	173	A		-1	1107.13513987	[1, 1, 1, 0, 1, 1, 1, 1, 1, 1, 1, 1]
	147526	85273	77762	3	M	117	A		-1	1107.21790342	[1, 1, 1, 1, 1, 1, 1, 1, 1, 1, 1, 1]
	133549	84880	71148	3	M	23	A		-1	1107.3932811	[1, 1, 1, 1, 1, 1, 1, 1, 1, 1, 1, 1]
	190665	86432	101577	3	M	156	A		-1	1108.21243019	[1, 1, 1, 1, 1, 1, 1, 1, 1, 1, 1, 1]
	144198	85273	103803	3	M	1	A		-1	1108.44292259	[1, 1, 1, 1, 1, 1, 1, 1, 1, 1, 1, 1]
	178087	86227	57729	3	M	173	A		-1	1108.6032403	[1, 1, 1, 1, 1, 1, 1, 1, 1, 1, 1, 0]
	184628	86337	60853	3	M	73	A		-1	1108.75124682	[1, 1, 1, 1, 1, 1, 1, 1, 1, 1, 1, 0]
	176951	86199	112878	3	M	65	A		-1	1108.90145448	[1, 1, 1, 1, 1, 1, 1, 1, 1, 1, 1, 0]
	153179	85745	87041	3	M	66	A		-1	1109.07072679	[1, 1, 1, 1, 1, 1, 1, 1, 1, 1, 1, 0]
	133643	84880	94657	3	M	135	A		-1	1109.11460876	[1, 1, 1, 1, 1, 1, 1, 1, 1, 1, 1, 0]
	177579	86199	59009	3	M	143	A		-1	1109.27066889	[1, 1, 1, 1, 1, 1, 1, 1, 1, 1, 1, 1]
	139461	84942	115625	3	M	126	A		-1	1110.21972575	[1, 1, 1, 1, 1, 1, 1, 0, 1, 1, 1, 1]
	131995	86776	23725	3	M	83	A		-1	1110.47048864	[1, 1, 0, 1, 1, 1, 1, 1, 1, 1, 1, 1]
	169899	86155	109176	3	M	45	A		-1	1110.92810818	[1, 1, 1, 1, 1, 1, 1, 1, 1, 1, 1, 1]
	175568	86199	78211	3	M	142	A		-1	1111.53308085	[1, 1, 1, 1, 1, 1, 1, 1, 1, 1, 1, 0]
	166543	86060	99405	3	M	115	A		-1	1111.63852521	[1, 0, 0, 1, 1, 1, 1, 1, 1, 1, 1, 1]
	112497	54667	55904	2	M	111	A		-1	1112.19273263	[1, 1, 1, 1, 1, 1, 1, 1, 1, 1, 1, 1]
	148831	85540	83851	3	M	186	A		-1	1112.2510734	[1, 1, 1, 1, 1, 1, 1, 1, 1, 1, 1, 1]
	137287	84880	80296	3	M	130	A		-1	1112.35889861	[1, 1, 1, 1, 1, 1, 1, 1, 1, 1, 1, 1]
	165522	86060	104381	3	M	172	A		-1	1112.71695424	[1, 0, 0, 1, 1, 1, 1, 1, 1, 1, 1, 1]
	183277	86337	48338	3	M	41	A		-1	1112.92083215	[1, 1, 1, 1, 1, 1, 1, 1, 1, 1, 1, 0]
	162505	85815	82655	3	M	134	A		-1	1112.92444393	[1, 1, 1, 1, 1, 1, 1, 1, 1, 1, 1, 1]
	76046	55166	56894	2	M	103	A		-1	1113.0340957	[1, 1, 1, 1, 1, 1, 1, 1, 1, 1, 1, 1]
	134970	84880	77602	3	M	112	A		-1	1113.0897278	[1, 1, 1, 1, 1, 1, 1, 1, 1, 1, 1, 0]
	189464	86432	81226	3	M	1	A		-1	1113.19664333	[1, 1, 1, 1, 1, 1, 1, 1, 1, 1, 1, 1]
	149536	85540	107317	3	M	99	A		-1	1113.24452357	[1, 1, 0, 1, 1, 1, 1, 1, 1, 1, 1, 1]
	153621	85745	77344	3	M	20	A		-1	1113.72825843	[1, 1, 1, 1, 1, 1, 1, 1, 1, 1, 1, 1]
	136117	84880	15107	3	M	42	A		-1	1113.7616608	[1, 1, 1, 1, 1, 1, 1, 1, 1, 1, 1, 0]
	138353	84942	115365	3	M	148	A		-1	1113.97985563	[1, 1, 1, 1, 1, 1, 1, 1, 1, 1, 1, 1]
	124452	122684	94192	3	M	181	A		-1	1113.99273652	[1, 1, 1, 1, 1, 1, 1, 1, 1, 1, 1, 1]
	134610	84880	95629	3	M	14	A		-1	1114.24068442	[1, 1, 1, 1, 1, 1, 1, 1, 1, 1, 1, 0]
	151561	85540	16037	3	M	56	A		-1	1114.37073124	[1, 1, 1, 1, 1, 1, 1, 1, 1, 1, 1, 1]
	105516	54596	51706	2	M	1	A		-1	1114.57424293	[1, 1, 1, 1, 1, 1, 1, 1, 1, 1, 1, 1]
	171337	86155	3313	3	M	18	A		-1	1114.70263658	[1, 1, 1, 1, 1, 1, 1, 1, 1, 1, 1, 1]
	151398	85540	97650	3	M	181	A		-1	1115.34874003	[1, 1, 1, 1, 1, 1, 1, 1, 1, 1, 1, 1]
	99615	54162	61606	2	M	73	A		-1	1115.83990496	[0, 1, 1, 1, 1, 1, 1, 1, 1, 1, 1, 1]
	146017	85273	49598	3	M	193	A		-1	1115.97995308	[1, 1, 1, 1, 1, 1, 1, 1, 1, 1, 1, 1]
	182195	86227	14122	3	M	142	A		-1	1116.0780184	[1, 1, 1, 1, 1, 1, 1, 1, 1, 1, 1, 1]
	150432	85540	76079	3	M	196	A		-1	1116.1445012	[1, 1, 0, 1, 1, 1, 1, 1, 1, 1, 1, 1]
	155043	85745	119375	3	M	91	A		-1	1116.21078916	[1, 1, 1, 1, 1, 1, 1, 1, 1, 1, 1, 1]
	190745	86432	86824	3	M	59	A		-1	1116.54528912	[1, 1, 1, 1, 1, 1, 1, 1, 1, 1, 1, 0]
	188149	86432	118583	3	M	162	A		-1	1116.59906477	[1, 1, 1, 1, 1, 1, 1, 1, 1, 1, 1, 1]
	152871	85540	77800	3	M	82	A		-1	1116.90264711	[1, 1, 1, 1, 1, 1, 1, 1, 1, 1, 1, 1]
	140936	84942	80613	3	M	109	A		-1	1117.6106908	[1, 1, 1, 1, 1, 1, 1, 1, 1, 1, 1, 0]
	151427	85540	73316	3	M	175	A		-1	1118.04897436	[1, 1, 1, 1, 1, 1, 1, 1, 1, 1, 1, 1]
	155160	85745	116923	3	M	89	A		-1	1118.37525348	[1, 1, 1, 1, 1, 1, 1, 1, 1, 1, 1, 0]
	169319	86155	79068	3	M	198	A		-1	1118.65249525	[1, 1, 1, 1, 1, 1, 1, 1, 1, 1, 1, 1]
	92695	54114	64225	2	M	136	A		-1	1118.71823468	[1, 1, 1, 1, 1, 1, 1, 1, 1, 1, 1, 0]
	157162	85745	100298	3	M	197	A		-1	1119.13715195	[1, 1, 1, 1, 1, 1, 1, 1, 1, 1, 1, -1]
	181570	86227	98329	3	M	19	A		-1	1119.33909211	[1, 1, 1, 1, 1, 1, 1, 1, 1, 1, 1, 1]
	140298	84942	55744	3	M	124	A		-1	1119.35170651	[1, 1, 1, 1, 1, 1, 1, 1, 1, 1, 1, 1]
	185112	86337	7779	3	M	161	A		-1	1119.45683576	[1, 1, 1, 1, 1, 1, 1, 1, 1, 1, 1, 0]
	152767	85540	69750	3	M	164	A		-1	1119.68349596	[1, 1, 0, 1, 1, 1, 1, 1, 1, 1, 1, 1]
	172357	86155	116434	3	M	151	A		-1	1119.96472516	[1, 1, 1, 1, 1, 1, 1, 1, 1, 1, 1, 1]
	164769	86060	120092	3	M	93	A		-1	1120.01739507	[1, 1, 1, 1, 1, 1, 1, 1, 1, 1, 1, 1]
	131309	86776	9888	3	M	5	A		-1	1120.33348826	[1, 1, 1, 1, 1, 1, 1, 1, 1, 1, 1, 1]
	144241	85273	77456	3	M	4	A		-1	1120.33439007	[1, 1, 1, 1, 1, 1, 1, 1, 1, 1, 1, 1]
	134792	84880	50457	3	M	42	A		-1	1120.45505454	[1, 1, 1, 1, 1, 1, 1, 1, 1, 1, 1, 0]
	182344	86227	62095	3	M	94	A		-1	1120.48099532	[1, 1, 1, 1, 1, 1, 1, 1, 1, 1, 1, 1]
	169557	86155	121968	3	M	131	A		-1	1120.53819528	[1, 1, 1, 1, 1, 1, 1, 1, 1, 1, 1, 0]
	182970	86337	73244	3	M	161	A		-1	1120.761883	[1, 1, 1, 1, 1, 1, 1, 1, 1, 1, 1, 0]
	178328	86227	49025	3	M	38	A		-1	1120.80413023	[1, 1, 0, 1, 1, 1, 1, 1, 1, 1, 1, 1]
	144587	85273	84916	3	M	148	A		-1	1120.80523945	[1, 1, 1, 1, 1, 1, 1, 1, 1, 1, 1, 1]
	134393	84880	111122	3	M	34	A		-1	1120.92379524	[1, 1, 1, 1, 1, 1, 1, 1, 1, 1, 1, -1]
	142121	84942	110235	3	M	8	A		-1	1121.0094496	[1, 1, 1, 1, 1, 1, 1, 1, 1, 1, 1, 0]
	139327	84942	66409	3	M	98	A		-1	1121.07829122	[1, 1, 1, 1, 1, 1, 1, 1, 1, 1, 1, 1]
	150827	85540	11902	3	M	178	A		-1	1121.16404899	[0, 1, 1, 1, 1, 1, 1, 1, 1, 1, 1, 1]
	126731	122684	112741	3	M	95	A		-1	1121.23833765	[1, 1, 1, 0, 1, 1, 1, 1, 1, 1, 1, 1]
	190020	86432	98138	3	M	170	A		-1	1121.3787174	[1, 1, 1, 1, 1, 1, 1, 1, 1, 1, 1, 1]
	141802	84942	75857	3	M	0	A		-1	1121.85059398	[1, 1, 1, 1, 1, 1, 1, 1, 1, 1, 1, 1]
	191710	86432	99373	3	M	116	A		-1	1121.96113054	[1, 1, 1, 1, 1, 1, 1, 1, 1, 1, 1, 1]
	151383	85540	106553	3	M	200	A		-1	1122.47097108	[1, 1, 1, 1, 1, 1, 1, 1, 1, 1, 1, 1]
	139596	84942	70246	3	M	134	A		-1	1122.55857476	[1, 1, 1, 1, 1, 1, 1, 1, 1, 1, 1, 1]
	186100	86337	114822	3	M	166	A		-1	1123.05826404	[1, 1, 1, 1, 1, 1, 1, 1, 1, 1, 1, 0]
	162018	85815	97037	3	M	163	A		-1	1123.06086177	[1, 1, 1, 1, 1, 1, 1, 1, 1, 1, 1, 1]
	128659	86776	2747	3	M	188	A		-1	1123.80380504	[1, 1, 1, 1, 1, 1, 1, 1, 1, 1, 1, 1]
	181029	86227	58445	3	M	171	A		-1	1124.25668367	[1, 1, 1, 1, 1, 1, 1, 1, 1, 1, 1, 1]
	182483	86227	66518	3	M	124	A		-1	1124.31781514	[1, 1, 1, 1, 1, 1, 1, 1, 1, 1, 1, 0]
	146561	85273	78514	3	M	48	A		-1	1124.39707805	[1, 1, 1, 1, 1, 1, 1, 1, 1, 1, 1, 1]
	133533	84880	92808	3	M	124	A		-1	1124.53432478	[1, 1, 1, 1, 1, 1, 1, 1, 1, 1, 1, 1]
	129670	86776	82692	3	M	116	A		-1	1124.56076237	[1, 1, 1, 1, 1, 1, 1, 1, 1, 1, 1, 0]
	168393	86155	76134	3	M	0	A		-1	1124.58993847	[1, 1, 1, 1, 1, 1, 1, 1, 1, 1, 1, 1]
	165920	86060	112000	3	M	139	A		-1	1124.59208126	[1, 0, 0, 1, 1, 1, 1, 1, 1, 1, 1, 1]
	149435	85540	37897	3	M	30	A		-1	1124.60233622	[1, 1, 1, 1, 1, 1, 1, 1, 1, 1, 1, 1]
	93713	54114	11457	2	M	86	A		-1	1124.92031766	[1, 1, 1, 1, 1, 1, 1, 1, 1, 1, 1, 1]
	181606	86227	88205	3	M	42	A		-1	1125.12683144	[1, 1, 1, 1, 1, 0, 1, 1, 1, 1, 1, 1]
	153482	85745	85701	3	M	122	A		-1	1125.40460332	[0, 1, 1, 1, 1, 1, 1, 1, 1, 1, 1, 0]
	142050	84942	18493	3	M	94	A		-1	1125.48170547	[1, 1, 1, 1, 1, 1, 1, 1, 1, 1, 1, 1]
	130962	86776	95618	3	M	87	A		-1	1125.62686649	[1, 1, 1, 1, 1, 1, 1, 1, 1, 1, 1, 0]
	185793	86337	97097	3	M	41	A		-1	1126.32776505	[1, 1, 1, 1, 1, 1, 1, 1, 1, 1, 1, 0]
	134560	84880	40597	3	M	125	A		-1	1126.49107648	[1, 1, 1, 1, 1, 1, 1, 1, 1, 1, 1, 1]
	134929	84880	56420	3	M	179	A		-1	1127.10985675	[1, 1, 1, 1, 1, 1, 1, 1, 1, 1, 1, 1]
	139936	84942	33486	3	M	97	A		-1	1127.9401552	[1, 1, 1, 1, 1, 1, 1, 1, 1, 1, 1, 0]
	176979	86199	105842	3	M	177	A		-1	1128.00366667	[1, 1, 1, 1, 1, 1, 1, 1, 1, 1, 1, 1]
	147473	85273	66261	3	M	42	A		-1	1128.52552536	[1, 1, 1, 0, 1, 1, 1, 1, 1, 1, 1, 1]
	126243	122684	72541	3	M	187	A		-1	1128.55977992	[1, 1, 1, 1, 1, 1, 1, 1, 1, 1, 1, 1]
	186098	86337	75999	3	M	174	A		-1	1129.37786056	[1, 1, 1, 1, 1, 1, 1, 1, 1, 1, 1, 0]
	176157	86199	50851	3	M	146	A		-1	1129.56927624	[1, 1, 1, 1, 1, 1, 1, 1, 1, 1, 1, 1]
	150289	85540	80033	3	M	111	A		-1	1130.02460569	[1, 1, 1, 1, 1, 1, 1, 1, 1, 1, 1, 1]
	133598	84880	88685	3	M	152	A		-1	1130.02500852	[1, 1, 1, 1, 1, 1, 1, 1, 1, 1, 1, 0]
	133226	84880	58395	3	M	159	A		-1	1130.19680313	[1, 1, 1, 1, 1, 1, 1, 1, 1, 1, 1, 0]
	75893	55166	62075	2	M	62	A		-1	1130.53024747	[1, 1, 1, 1, 1, 1, 1, 1, 1, 1, 1, 1]
	193640	86635	116371	3	M	198	A		-1	1130.72669279	[1, 1, 1, 1, 1, 1, 1, 1, 1, 1, 1, 1]
	122932	122684	70851	3	M	23	A		-1	1130.73714458	[1, 1, 1, 0, 1, 1, 1, 1, 1, 1, 1, 1]
	187572	86337	99217	3	M	191	A		-1	1130.89792081	[1, 1, 1, 1, 1, 1, 1, 1, 1, 1, 1, 0]
	77777	55166	56874	2	M	183	A		-1	1132.21684825	[1, 1, 1, 1, 1, 1, 1, 1, 1, 1, 1, 1]
	123959	122684	96562	3	M	166	A		-1	1132.28025447	[1, 1, 1, 1, 1, 1, 1, 1, 1, 1, 1, 1]
	160125	85815	62588	3	M	93	A		-1	1132.34537186	[1, 1, 1, 1, 1, 1, 1, 1, 1, 1, 1, 1]
	139763	84942	119449	3	M	190	A		-1	1132.90640389	[1, 1, 1, 1, 1, 1, 1, 1, 1, 1, 1, 1]
	188610	86432	107692	3	M	6	A		-1	1133.06984125	[1, 1, 1, 1, 1, 1, 1, 1, 1, 1, 1, 1]
	151583	85540	69910	3	M	10	A		-1	1133.20800421	[1, 1, 0, 0, 1, 1, 1, 1, 1, 1, 1, 1]
	126996	122684	38513	3	M	138	A		-1	1133.9397064	[1, 1, 1, 1, 1, 1, 1, 1, 1, 1, 1, 1]
	176613	86199	93019	3	M	181	A		-1	1134.47206363	[1, 1, 1, 1, 1, 1, 1, 1, 1, 1, 1, 0]
	154582	85745	108124	3	M	167	A		-1	1134.49263855	[1, 1, 1, 1, 1, 1, 1, 1, 1, 1, 1, 0]
	146369	85273	85768	3	M	128	A		-1	1135.03282984	[1, 1, 1, 1, 1, 1, 1, 1, 1, 1, 1, 0]
	183025	86337	77220	3	M	59	A		-1	1135.06361205	[1, 1, 1, 1, 1, 1, 1, 1, 1, 1, 1, 0]
	151314	85540	50719	3	M	192	A		-1	1135.06571311	[1, 1, 0, 1, 1, 1, 1, 1, 1, 1, 1, 0]
	113096	54667	56037	2	M	11	A		-1	1135.11429755	[1, 1, 1, 1, 1, 1, 1, 1, 1, 1, 1, 1]
	191626	86432	31432	3	M	197	A		-1	1135.11555324	[1, 1, 1, 1, 1, 1, 1, 1, 1, 1, 1, 1]
	137384	84880	8134	3	M	198	A		-1	1135.12615636	[1, 1, 1, 0, 1, 1, 1, 1, 1, 1, 1, 0]
	165688	86060	58633	3	M	113	A		-1	1135.16111115	[1, 1, 0, 1, 1, 1, 1, 1, 1, 1, 1, 1]
	164903	86060	101901	3	M	172	A		-1	1135.38059732	[1, 0, 0, 1, 1, 1, 1, 1, 1, 1, 1, 1]
	139483	84942	73118	3	M	62	A		-1	1135.64515842	[1, 1, 1, 0, 1, 1, 1, 1, 1, 1, 1, 1]
	146295	85273	11542	3	M	29	A		-1	1135.82660297	[1, 1, 1, 1, 1, 1, 1, 1, 1, 1, 1, 1]
	154307	85745	110874	3	M	0	A		-1	1136.14107606	[1, 1, 1, 1, 1, 1, 1, 1, 1, 1, 1, 1]
	106540	54596	31310	2	M	115	A		-1	1136.37963402	[1, 1, 1, 1, 1, 1, 1, 1, 1, 1, 1, 1]
	101717	54316	62049	2	M	18	A		-1	1136.79960194	[1, 1, 1, 1, 1, 1, 1, 1, 1, 1, 1, 1]
	140430	84942	104230	3	M	141	A		-1	1137.491953	[1, 1, 1, 1, 1, 1, 1, 1, 1, 1, 1, 1]
	167123	86060	60813	3	M	189	A		-1	1137.6948053	[1, 0, 1, 1, 1, 1, 1, 1, 1, 1, 1, 1]
	124739	122684	90875	3	M	59	A		-1	1138.42470314	[1, 1, 1, 1, 1, 1, 1, 1, 1, 1, 1, 1]
	169977	86155	15201	3	M	20	A		-1	1138.57708097	[1, 0, 1, 1, 1, 1, 1, 1, 1, 1, 1, 1]
	175751	86199	79270	3	M	10	A		-1	1138.80853599	[1, 1, 1, 1, 1, 1, 1, 1, 1, 1, 1, 1]
	138527	84942	77501	3	M	167	A		-1	1138.94465159	[1, 1, 1, 1, 1, 1, 1, 1, 1, 1, 1, 1]
	131030	86776	66836	3	M	109	A		-1	1139.21402444	[1, 1, 1, 1, 1, 1, 1, 1, 1, 1, 1, 1]
	135602	84880	95249	3	M	36	A		-1	1140.20767775	[1, 1, 1, 1, 1, 1, 1, 1, 1, 1, 1, 0]
	143106	85273	669	3	M	171	A		-1	1140.33970062	[1, 0, 1, 1, 1, 1, 1, 1, 1, 1, 1, 1]
	133109	84880	77242	3	M	82	A		-1	1140.41211788	[1, 1, 1, 1, 1, 1, 1, 1, 1, 1, 1, 1]
	159356	85815	85687	3	M	104	A		-1	1140.48585373	[1, 1, 1, 1, 1, 1, 1, 1, 1, 1, 1, 1]
	132475	86776	104725	3	M	113	A		-1	1140.8259138	[1, 1, 1, 1, 1, 1, 1, 1, 1, 1, 1, 1]
	172128	86155	70408	3	M	73	A		-1	1141.40630573	[1, 1, 1, 1, 1, 1, 1, 1, 1, 1, 1, 1]
	175061	86199	87447	3	M	169	A		-1	1141.72662306	[1, 1, 1, 0, 1, 1, 1, 1, 1, 1, 1, 0]
	188637	86432	112253	3	M	10	A		-1	1142.24597881	[1, 1, 1, 1, 1, 1, 1, 1, 1, 1, 1, 0]
	172725	86155	79951	3	M	190	A		-1	1142.45554147	[1, 1, 1, 1, 1, 1, 1, 1, 1, 1, 1, 1]
	142844	84942	82922	3	M	196	A		-1	1143.10463882	[1, 1, 1, 1, 1, 1, 1, 1, 1, 1, 1, 1]
	134710	84880	76048	3	M	188	A		-1	1143.34493673	[1, 1, 1, 1, 1, 1, 1, 1, 1, 1, 1, 1]
	189063	86432	20036	3	M	90	A		-1	1143.38477909	[1, 1, 0, 1, 1, 1, 1, 1, 1, 1, 1, 1]
	123413	122684	121143	3	M	26	A		-1	1143.49153471	[1, 1, 1, 1, 1, 1, 1, 1, 1, 1, 1, 1]
	140103	84942	99286	3	M	75	A		-1	1143.54234901	[1, 1, 1, 1, 1, 1, 1, 1, 1, 1, 1, 1]
	135709	84880	38622	3	M	84	A		-1	1143.65500436	[1, 1, 1, 1, 1, 1, 1, 1, 1, 1, 1, 0]
	165891	86060	50826	3	M	113	A		-1	1143.75318196	[1, 0, 0, 1, 1, 1, 1, 1, 1, 1, 1, 1]
	146223	85273	85159	3	M	59	A		-1	1144.23915577	[1, 1, 1, 1, 1, 1, 1, 1, 1, 1, 1, 1]
	151648	85540	69921	3	M	28	A		-1	1144.87593078	[1, 1, 0, 1, 1, 1, 1, 1, 1, 1, 1, 1]
	135396	84880	99562	3	M	173	A		-1	1145.13419179	[1, 1, 1, 1, 1, 1, 1, 1, 1, 1, 1, 1]
	132928	84880	98981	3	M	104	A		-1	1145.37765377	[1, 1, 1, 1, 1, 1, 1, 1, 1, 1, 1, 1]
	138504	84942	37194	3	M	103	A		-1	1145.3976033	[1, 1, 1, 1, 1, 1, 1, 1, 1, 1, 1, 1]
	174264	86199	98130	3	M	39	A		-1	1145.5012439	[1, 1, 1, 1, 1, 1, 1, 1, 1, 1, 1, 1]
	152642	85540	33743	3	M	129	A		-1	1145.56047629	[0, 1, 1, 1, 1, 1, 1, 1, 1, 1, 1, 0]
	174977	86199	112308	3	M	16	A		-1	1145.58271754	[1, 1, 1, 1, 1, 1, 1, 1, 1, 1, 1, 1]
	142207	84942	91980	3	M	83	A		-1	1145.72559839	[1, 1, 1, 1, 1, 1, 1, 1, 1, 1, 1, 1]
	136131	84880	87900	3	M	9	A		-1	1146.35051012	[1, 1, 1, 1, 1, 1, 1, 1, 1, 1, 1, 0]
	165195	86060	117739	3	M	97	A		-1	1146.59018305	[1, 1, 1, 1, 1, 1, 1, 1, 1, 1, 1, 1]
	134762	84880	47461	3	M	165	A		-1	1146.8383082	[1, 1, 0, 1, 1, 1, 1, 1, 1, 1, 1, 1]
	129053	86776	122052	3	M	159	A		-1	1147.20292088	[1, 1, 1, 1, 1, 1, 1, 1, 1, 1, 1, 1]
	188266	86432	76237	3	M	3	A		-1	1147.28530115	[1, 1, 1, 1, 1, 1, 1, 1, 1, 1, 1, 1]
	134368	84880	82629	3	M	151	A		-1	1147.38247694	[1, 1, 1, 1, 1, 1, 1, 1, 1, 1, 1, -1]
	147840	85273	88114	3	M	15	A		-1	1147.49779787	[1, 1, 1, 1, 1, 1, 1, 1, 1, 1, 1, 0]
	193431	86635	122331	3	M	125	A		-1	1148.13602126	[1, 1, 1, 1, 1, 1, 1, 1, 1, 1, 1, 1]
	150994	85540	85760	3	M	162	A		-1	1148.38544213	[1, 1, 1, 1, 1, 1, 1, 1, 1, 1, 1, 0]
	117284	54678	21621	2	M	160	A		-1	1148.38762553	[1, 1, 1, 1, 1, 1, 1, 1, 1, 1, 1, 1]
	144849	85273	72725	3	M	147	A		-1	1149.76123606	[1, 1, 1, 1, 1, 1, 1, 1, 1, 1, 1, 1]
	154148	85745	102348	3	M	28	A		-1	1149.91606424	[1, 1, 1, 1, 1, 1, 1, 1, 1, 1, 1, 1]
	135771	84880	71537	3	M	174	A		-1	1150.34548146	[1, 1, 1, 1, 1, 1, 1, 1, 1, 1, 1, 0]
	128263	86776	89239	3	M	70	A		-1	1150.73945154	[1, 1, 1, 1, 1, 1, 1, 1, 1, 1, 1, 0]
	164496	86060	105398	3	M	88	A		-1	1151.28159224	[1, 0, 0, 1, 1, 1, 1, 1, 1, 1, 1, 1]
	172106	86155	5134	3	M	63	A		-1	1151.78666754	[1, 1, 1, 1, 1, 1, 1, 1, 1, 1, 1, 1]
	136220	84880	47395	3	M	143	A		-1	1151.8129148	[1, 1, 0, 1, 1, 1, 1, 1, 1, 1, 1, 1]
	170635	86155	113351	3	M	105	A		-1	1151.99511272	[1, 1, 1, 1, 1, 1, 1, 1, 1, 1, 1, 1]
	183867	86337	85277	3	M	183	A		-1	1152.06607704	[1, 1, 1, 1, 1, 1, 1, 1, 1, 1, 1, 0]
	151076	85540	82174	3	M	1	A		-1	1152.06878763	[1, 1, 1, 1, 1, 1, 1, 1, 1, 1, 1, 1]
	141708	84942	116623	3	M	72	A		-1	1152.80604493	[1, 1, 1, 1, 1, 1, 1, 1, 1, 1, 1, 1]
	173895	86199	82055	3	M	159	A		-1	1152.80842878	[1, 1, 1, 1, 1, 1, 1, 1, 1, 1, 1, 1]
	87183	53961	48002	2	M	77	A		-1	1153.25846387	[1, 1, 1, 1, 1, 1, 1, 1, 1, 1, 1, 0]
	190695	86432	122356	3	M	16	A		-1	1153.49177211	[1, 1, 1, 1, 1, 1, 1, 1, 1, 1, 1, 1]
	183011	86337	71355	3	M	192	A		-1	1154.59263096	[1, 1, 1, 0, 1, 1, 1, 0, 1, 1, 1, 0]
	178389	86227	98417	3	M	161	A		-1	1154.61501709	[1, 1, 1, 1, 1, 1, 1, 0, 1, 1, 1, 1]
	137491	84880	11013	3	M	149	A		-1	1155.17314071	[1, 1, 1, 1, 1, 1, 1, 1, 1, 1, 1, 1]
	131744	86776	104242	3	M	32	A		-1	1155.21411716	[1, 1, 1, 1, 1, 1, 1, 1, 1, 1, 1, 1]
	146779	85273	5340	3	M	154	A		-1	1155.61664975	[1, 1, 1, 1, 1, 1, 1, 1, 1, 1, 1, 0]
	142728	84942	115721	3	M	160	A		-1	1155.82196477	[1, 1, 1, 1, 1, 0, 1, 1, 1, 1, 1, 1]
	138200	84942	28422	3	M	157	A		-1	1155.8983882	[1, 1, 1, 1, 1, 1, 1, 1, 1, 1, 1, 1]
	165395	86060	92706	3	M	105	A		-1	1156.72879228	[1, 0, 1, 1, 1, 1, 1, 1, 1, 1, 1, 1]
	146532	85273	108207	3	M	1	A		-1	1158.08359932	[1, 1, 1, 1, 1, 1, 1, 1, 1, 1, 1, 0]
	191879	86432	110628	3	M	179	A		-1	1158.49902024	[1, 1, 1, 0, 1, 1, 1, 1, 1, 1, 1, 0]
	154119	85745	109918	3	M	75	A		-1	1158.90244656	[1, 1, 1, 1, 1, 1, 1, 1, 1, 1, 1, 0]
	151131	85540	75596	3	M	22	A		-1	1159.55196677	[1, 1, 1, 1, 1, 1, 1, 1, 1, 1, 1, 1]
	133816	84880	115268	3	M	67	A		-1	1159.96430773	[1, 1, 1, 1, 1, 1, 1, 1, 1, 1, 1, 0]
	132051	86776	83083	3	M	31	A		-1	1160.44903198	[1, 1, 1, 0, 1, 1, 1, 1, 1, 1, 1, 0]
	143590	85273	111042	3	M	138	A		-1	1160.99907166	[1, 1, 1, 1, 1, 1, 1, 1, 1, 1, 1, 0]
	163979	86060	67803	3	M	38	A		-1	1161.30917768	[1, 0, 1, 1, 1, 1, 1, 1, 1, 1, 1, 1]
	168792	86155	82643	3	M	168	A		-1	1161.8608617	[1, 1, 1, 1, 1, 1, 1, 1, 1, 1, 1, 0]
	140817	84942	95363	3	M	1	A		-1	1161.89249031	[1, 1, 1, 1, 1, 1, 1, 1, 1, 1, 1, 0]
	140397	84942	84188	3	M	9	A		-1	1162.12578003	[1, 1, 1, 1, 1, 1, 1, 1, 1, 1, 1, 1]
	105101	54316	28253	2	M	105	A		-1	1162.69782186	[1, 1, 1, 1, 1, 1, 1, 1, 1, 1, 1, 1]
	147517	85273	79908	3	M	191	A		-1	1162.90953271	[1, 1, 1, 1, 1, 1, 1, 1, 1, 1, 1, 1]
	168462	86155	122569	3	M	89	A		-1	1163.41209647	[1, 1, 1, 1, 1, 1, 1, 1, 1, 1, 1, 1]
	144606	85273	120800	3	M	113	A		-1	1163.98193364	[1, 1, 1, 1, 1, 1, 1, 1, 1, 1, 1, 0]
	133599	84880	19612	3	M	161	A		-1	1164.32772294	[1, 1, 1, 1, 1, 1, 1, 1, 1, 1, 1, 0]
	173019	86199	99905	3	M	51	A		-1	1164.4693015	[0, 1, 1, 1, 1, 1, 1, 1, 1, 1, 1, 1]
	134397	84880	45993	3	M	1	A		-1	1164.7591051	[1, 1, 1, 1, 1, 1, 1, 1, 1, 1, 1, 1]
	164467	86060	98696	3	M	75	A		-1	1164.89009571	[1, 1, 0, 1, 1, 1, 1, 1, 1, 1, 1, 1]
	144844	85273	102061	3	M	198	A		-1	1165.64091272	[1, 1, 1, 1, 1, 1, 1, 1, 1, 1, 1, 1]
	139868	84942	111710	3	M	181	A		-1	1166.97812434	[1, 1, 1, 1, 1, 1, 1, 1, 1, 1, 1, 1]
	133510	84880	113281	3	M	70	A		-1	1167.25140611	[1, 1, 1, 1, 1, 1, 1, 1, 1, 1, 1, 0]
	179645	86227	109037	3	M	9	A		-1	1167.66957903	[1, 1, 1, 1, 1, 1, 1, 1, 1, 1, 1, 0]
	158005	85815	59604	3	M	103	A		-1	1168.91457379	[1, 1, 1, 1, 1, 1, 1, 1, 1, 1, 1, 1]
	150661	85540	61676	3	M	100	A		-1	1169.17284882	[1, 1, 1, 1, 1, 1, 1, 1, 1, 1, 1, 1]
	159043	85815	67081	3	M	101	A		-1	1170.16552542	[1, 1, 1, 1, 1, 1, 1, 1, 1, 1, 1, 1]
	161720	85815	66474	3	M	53	A		-1	1170.52669303	[1, 1, 1, 1, 1, 1, 1, 1, 1, 1, 1, 1]
	180854	86227	97943	3	M	95	A		-1	1171.0644175	[1, 1, 1, 1, 1, 1, 1, 1, 1, 1, 1, 1]
	137068	84880	92467	3	M	150	A		-1	1171.40345899	[1, 1, 1, 1, 1, 1, 1, 1, 1, 1, 1, -1]
	177684	86199	76012	3	M	43	A		-1	1171.443815	[1, 1, 1, 1, 1, 1, 1, 1, 1, 1, 1, 1]
	151960	85540	45475	3	M	38	A		-1	1171.92108095	[1, 1, 1, 1, 1, 1, 1, 1, 1, 1, 1, 1]
	153232	85745	84300	3	M	72	A		-1	1171.94202229	[1, 1, 1, 1, 1, 1, 1, 1, 1, 1, 1, -1]
	149226	85540	118898	3	M	49	A		-1	1172.19414006	[1, 1, 0, 1, 1, 1, 1, 1, 1, 1, 1, 1]
	190062	86432	64204	3	M	138	A		-1	1172.64378802	[1, 1, 1, 1, 1, 1, 1, 1, 1, 1, 1, 1]
	156536	85745	122041	3	M	137	A		-1	1173.14840922	[1, 1, 1, 1, 1, 1, 1, 1, 1, 1, 1, 0]
	126856	122684	4601	3	M	177	A		-1	1173.6319126	[1, 1, 1, 1, 1, 1, 1, 1, 1, 1, 1, 1]
	190010	86432	79405	3	M	121	A		-1	1174.56694333	[1, 1, 1, 1, 1, 1, 1, 1, 1, 1, 1, 1]
	173296	86199	77068	3	M	139	A		-1	1175.42496913	[1, 1, 1, 1, 1, 1, 1, 1, 1, 1, 1, 0]
	187440	86337	59522	3	M	161	A		-1	1175.57825854	[1, 0, 1, 1, 1, 1, 1, 1, 1, 1, 1, 0]
	193975	86635	77537	3	M	113	A		-1	1175.62507247	[1, 1, 1, 1, 1, 1, 1, 1, 1, 1, 1, 1]
	127770	122684	105745	3	M	45	A		-1	1176.05797378	[1, 1, 1, 0, 1, 1, 1, 1, 1, 1, 1, 0]
	148217	85540	105084	3	M	169	A		-1	1176.26249523	[1, 1, 0, 1, 1, 1, 1, 1, 1, 1, 1, 1]
	181858	86227	48586	3	M	18	A		-1	1176.69000904	[1, 1, 0, 1, 1, 1, 1, 1, 1, 1, 1, 1]
	152157	85540	52821	3	M	156	A		-1	1177.22748833	[1, 1, 1, 1, 1, 1, 1, 1, 1, 1, 1, 1]
	109650	54596	56465	2	M	70	A		-1	1177.33933148	[1, 1, 1, 1, 1, 1, 1, 1, 1, 1, 1, 1]
	153906	85745	74597	3	M	72	A		-1	1177.99832233	[1, 0, 1, 1, 1, 1, 1, 1, 1, 1, 1, 1]
	180540	86227	90776	3	M	133	A		-1	1178.30331235	[1, 1, 1, 1, 1, 1, 1, 1, 1, 1, 1, 1]
	84621	53820	47987	2	M	94	A		-1	1178.38350019	[0, 1, 1, 1, 1, 1, 1, 1, 1, 1, 1, 0]
	134838	84880	91817	3	M	97	A		-1	1178.48184454	[1, 1, 1, 1, 1, 1, 1, 1, 1, 1, 1, 0]
	169702	86155	109687	3	M	57	A		-1	1178.56953848	[1, 1, 1, 1, 1, 1, 1, 1, 1, 1, 1, 1]
	132031	86776	82817	3	M	26	A		-1	1178.70721475	[1, 1, 1, 1, 1, 1, 1, 1, 1, 1, 1, 1]
	161661	85815	101365	3	M	135	A		-1	1178.74322487	[1, 1, 1, 1, 1, 1, 1, 1, 1, 1, 1, 1]
	129906	86776	97478	3	M	46	A		-1	1179.36515862	[1, 1, 1, 1, 1, 1, 1, 1, 1, 1, 1, 1]
	168230	86155	79538	3	M	59	A		-1	1179.59614943	[1, 1, 1, 1, 1, 1, 1, 1, 1, 1, 1, 1]
	162060	85815	117570	3	M	115	A		-1	1180.13780368	[1, 1, 1, 1, 1, 1, 1, 1, 1, 1, 1, 1]
	149089	85540	53157	3	M	107	A		-1	1180.2492526	[1, 1, 0, 1, 1, 1, 1, 1, 1, 1, 1, 1]
	174178	86199	84187	3	M	64	A		-1	1180.88879942	[1, 1, 1, 1, 1, 1, 1, 1, 1, 1, 1, 1]
	137807	84880	19807	3	M	167	A		-1	1181.00132685	[1, 1, 1, 1, 1, 1, 1, 1, 1, 1, 1, 0]
	142141	84942	78528	3	M	198	A		-1	1181.57238935	[1, 1, 1, 1, 1, 0, 1, 1, 1, 1, 1, 1]
	164153	86060	97890	3	M	118	A		-1	1182.0960093	[1, 1, 1, 1, 1, 1, 1, 1, 1, 1, 1, 1]
	159593	85815	119419	3	M	64	A		-1	1182.15727039	[1, 1, 1, 1, 1, 1, 1, 1, 1, 1, 1, 1]
	158937	85815	76545	3	M	19	A		-1	1182.70719086	[1, 1, 1, 1, 1, 1, 1, 1, 1, 1, 1, 1]
	190992	86432	50687	3	M	132	A		-1	1183.13461818	[1, 1, 1, 1, 1, 1, 1, 1, 1, 1, 1, 1]
	191892	86432	108706	3	M	51	A		-1	1183.39729809	[1, 1, 1, 1, 1, 1, 1, 1, 1, 1, 1, 1]
	146784	85273	87214	3	M	191	A		-1	1184.1191917	[1, 1, 1, 1, 1, 1, 1, 1, 1, 1, 1, 1]
	150503	85540	48221	3	M	64	A		-1	1184.56215968	[1, 1, 0, 1, 1, 1, 1, 1, 1, 1, 1, 1]
	134986	84880	87901	3	M	91	A		-1	1184.61359576	[1, 1, 1, 1, 1, 1, 1, 1, 1, 1, 1, 0]
	155319	85745	91990	3	M	133	A		-1	1184.73639987	[1, 1, 1, 1, 1, 1, 1, 1, 1, 1, 1, 1]
	184213	86337	96237	3	M	157	A		-1	1184.87762978	[1, 1, 1, 1, 1, 1, 1, 1, 1, 1, 1, 0]
	161630	85815	78486	3	M	65	A		-1	1184.96661201	[1, 1, 1, 1, 1, 1, 1, 1, 1, 1, 1, 1]
	152573	85540	85799	3	M	190	A		-1	1185.15405974	[1, 1, 1, 1, 1, 1, 1, 1, 1, 1, 1, 1]
	167066	86060	101552	3	M	7	A		-1	1185.16329308	[1, 0, 1, 1, 1, 1, 1, 1, 1, 1, 1, 1]
	145876	85273	120150	3	M	153	A		-1	1185.33080022	[1, 1, 1, 1, 1, 1, 1, 1, 1, 1, 1, 1]
	185307	86337	68608	3	M	137	A		-1	1185.71700685	[1, 1, 1, 1, 1, 1, 1, 1, 1, 1, 1, 0]
	132326	86776	71577	3	M	44	A		-1	1185.99673679	[1, 1, 1, 1, 1, 1, 1, 1, 1, 1, 1, 0]
	143167	85273	51903	3	M	93	A		-1	1186.1880139	[1, 1, 1, 1, 1, 1, 1, 1, 1, 1, 1, 1]
	133074	84880	48743	3	M	184	A		-1	1186.54632127	[1, 1, 1, 1, 1, 1, 1, 1, 1, 1, 1, 0]
	147201	85273	91054	3	M	72	A		-1	1186.75598133	[1, 1, 1, 1, 1, 1, 1, 1, 1, 1, 1, 1]
	133269	84880	7210	3	M	83	A		-1	1187.65008834	[1, 0, 1, 1, 1, 1, 1, 1, 1, 1, 1, 0]
	155014	85745	85670	3	M	29	A		-1	1187.82721342	[1, 1, 1, 1, 1, 1, 1, 1, 1, 1, 1, 0]
	148295	85540	78558	3	M	119	A		-1	1188.26711374	[1, 1, 1, 1, 1, 1, 1, 1, 1, 1, 1, 1]
	141545	84942	101328	3	M	102	A		-1	1188.48925808	[1, 1, 1, 1, 1, 1, 1, 1, 1, 1, 1, 1]
	137581	84880	73895	3	M	124	A		-1	1188.5827796	[1, 1, 1, 1, 1, 1, 1, 1, 1, 1, 1, 0]
	170690	86155	114389	3	M	116	A		-1	1189.14837947	[1, 1, 1, 1, 1, 1, 1, 1, 1, 1, 1, 1]
	125478	122684	66674	3	M	33	A		-1	1190.1440235	[1, 1, 1, 1, 1, 1, 1, 1, 1, 1, 1, 1]
	138661	84942	90141	3	M	188	A		-1	1190.60553518	[1, 1, 1, 1, 1, 1, 1, 1, 1, 1, 1, 1]
	170136	86155	95161	3	M	172	A		-1	1190.71765473	[1, 1, 1, 1, 1, 1, 1, 1, 1, 1, 1, 1]
	176734	86199	56418	3	M	89	A		-1	1191.05216315	[1, 1, 1, 1, 1, 1, 1, 1, 1, 1, 1, 0]
	156936	85745	79469	3	M	1	A		-1	1191.54497112	[1, 1, 1, 1, 1, 1, 1, 1, 1, 1, 1, 1]
	139009	84942	8077	3	M	36	A		-1	1191.97002693	[1, 1, 1, 0, 1, 1, 1, 1, 1, 1, 1, 1]
	182481	86227	7846	3	M	175	A		-1	1192.02107732	[1, 1, 1, 0, 1, 1, 1, 1, 1, 1, 1, 1]
	155616	85745	11365	3	M	56	A		-1	1192.09071787	[1, 1, 0, 1, 1, 1, 1, 1, 1, 1, 1, 0]
	138202	84942	86796	3	M	158	A		-1	1192.40275505	[1, 1, 1, 1, 1, 1, 1, 1, 1, 1, 1, 1]
	188983	86432	99552	3	M	181	A		-1	1192.43536722	[1, 1, 1, 1, 1, 1, 1, 1, 1, 1, 1, 1]
	153824	85745	68928	3	M	37	A		-1	1192.44938577	[1, 1, 1, 1, 1, 1, 1, 1, 1, 1, 1, 0]
	162429	85815	45542	3	M	0	A		-1	1192.53425159	[1, 1, 1, 1, 1, 1, 1, 1, 1, 1, 1, 1]
	152951	85745	96911	3	M	143	A		-1	1192.9023162	[1, 1, 1, 1, 1, 1, 1, 1, 1, 1, 1, 1]
	137964	84942	75836	3	M	136	A		-1	1193.25715524	[1, 1, 1, 1, 1, 1, 1, 1, 1, 1, 1, 1]
	152129	85540	64117	3	M	76	A		-1	1193.28501914	[1, 1, 1, 1, 1, 1, 1, 1, 1, 1, 1, 1]
	98928	54162	45247	2	M	38	A		-1	1193.52423519	[1, 1, 1, 1, 1, 1, 1, 1, 1, 1, 1, 1]
	160498	85815	109529	3	M	179	A		-1	1193.90485427	[1, 1, 1, 1, 1, 1, 1, 1, 1, 1, 1, 1]
	97529	54162	23958	2	M	31	A		-1	1194.31830892	[1, 1, 1, 1, 1, 1, 1, 0, 1, 1, 1, 1]
	169179	86155	68686	3	M	103	A		-1	1194.79488486	[1, 1, 1, 0, 1, 1, 1, 1, 1, 1, 1, 1]
	135224	84880	113617	3	M	39	A		-1	1195.25968095	[1, 1, 1, 1, 1, 1, 1, 1, 1, 1, 1, 0]
	138731	84942	98353	3	M	94	A		-1	1195.49038217	[1, 1, 1, 1, 1, 1, 1, 1, 1, 1, 1, 1]
	139835	84942	62342	3	M	59	A		-1	1195.69313879	[1, 1, 1, 1, 1, 1, 1, 1, 1, 1, 1, 1]
	127372	122684	79328	3	M	130	A		-1	1196.44464053	[1, 1, 1, 1, 1, 1, 1, 1, 1, 1, 1, 1]
	147620	85273	78773	3	M	185	A		-1	1197.26901192	[1, 1, 1, 1, 1, 1, 1, 1, 1, 1, 1, 1]
	159224	85815	80072	3	M	170	A		-1	1197.43286678	[1, 1, 1, 1, 1, 1, 1, 1, 1, 1, 1, 1]
	152405	85540	101930	3	M	117	A		-1	1197.96498106	[1, 1, 0, 1, 1, 1, 1, 1, 1, 1, 1, 1]
	154806	85745	103262	3	M	10	A		-1	1198.14030278	[1, 1, 1, 1, 1, 1, 1, 1, 1, 1, 1, 0]
	152221	85540	79228	3	M	51	A		-1	1198.15349071	[1, 1, 1, 1, 1, 1, 1, 1, 1, 1, 1, 1]
	136203	84880	72533	3	M	82	A		-1	1198.39575379	[1, 1, 1, 1, 1, 1, 1, 1, 1, 1, 1, 0]
	160551	85815	84345	3	M	82	A		-1	1198.54486339	[1, 1, 1, 1, 1, 1, 1, 1, 1, 1, 1, 0]
	123433	122684	93682	3	M	12	A		-1	1198.66150487	[1, 1, 1, 1, 1, 1, 1, 1, 1, 1, 1, 1]
	138366	84942	97968	3	M	41	A		-1	1199.39197645	[1, 1, 1, 1, 1, 1, 1, 1, 1, 1, 1, 1]
	135342	84880	5148	3	M	47	A		-1	1199.66030443	[1, 1, 1, 1, 1, 1, 1, 1, 1, 1, 1, 1]
	152874	85540	115152	3	M	13	A		-1	1200.47324119	[1, 1, 0, 1, 1, 1, 1, 1, 1, 1, 1, 1]
	169265	86155	49289	3	M	189	A		-1	1200.57285466	[1, 1, 0, 1, 1, 1, 1, 1, 1, 1, 1, 1]
	178364	86227	91318	3	M	86	A		-1	1200.99818238	[1, 1, 1, 1, 1, 1, 1, 1, 1, 1, 1, 1]
	192879	86432	77134	3	M	7	A		-1	1201.0582881	[1, 1, 1, 1, 1, 1, 1, 1, 1, 1, 1, 1]
	163712	86060	105269	3	M	157	A		-1	1201.18501176	[1, 0, 1, 1, 1, 1, 1, 1, 1, 1, 1, 1]
	123526	122684	43046	3	M	103	A		-1	1201.76493433	[1, 1, 1, 0, 1, 1, 1, 1, 1, 1, 1, 1]
	154276	85745	112470	3	M	18	A		-1	1202.22802249	[1, 1, 1, 1, 1, 1, 1, 1, 1, 1, 1, 0]
	148137	85540	89919	3	M	151	A		-1	1203.26614987	[1, 1, 1, 1, 1, 1, 1, 1, 1, 1, 1, 1]
	139674	84942	55421	3	M	62	A		-1	1203.95441834	[1, 1, 1, 1, 1, 1, 1, 1, 1, 1, 1, 1]
	161766	85815	107601	3	M	63	A		-1	1204.31437775	[1, 1, 1, 1, 1, 1, 1, 1, 1, 1, 1, 1]
	134296	84880	84402	3	M	112	A		-1	1204.65710296	[1, 1, 1, 1, 1, 1, 1, 1, 1, 1, 1, 1]
	133455	84880	99057	3	M	120	A		-1	1205.04514846	[1, 1, 1, 1, 1, 1, 1, 1, 1, 1, 1, 0]
	147166	85273	108525	3	M	26	A		-1	1206.6093211	[1, 1, 1, 1, 1, 1, 1, 1, 1, 1, 1, 0]
	151578	85540	56761	3	M	81	A		-1	1207.00820962	[1, 1, 0, 1, 1, 1, 1, 1, 1, 1, 1, 1]
	137456	84880	72792	3	M	1	A		-1	1207.6511269	[1, 1, 1, 1, 1, 1, 1, 1, 1, 1, 1, 1]
	140223	84942	85628	3	M	153	A		-1	1207.96788014	[1, 1, 1, 1, 1, 1, 1, 1, 1, 1, 1, 0]
	142622	84942	71037	3	M	99	A		-1	1208.44274591	[1, 1, 1, 1, 1, 1, 1, 1, 1, 1, 1, 1]
	147028	85273	73886	3	M	175	A		-1	1209.47397413	[1, 1, 1, 1, 1, 1, 1, 1, 1, 1, 1, 1]
	157613	85745	111296	3	M	43	A		-1	1211.39062357	[1, 1, 1, 1, 1, 1, 1, 1, 1, 1, 1, 1]
	155842	85745	88583	3	M	39	A		-1	1211.94190217	[1, 1, 1, 1, 1, 1, 1, 1, 1, 1, 1, 1]
	123261	122684	118442	3	M	59	A		-1	1211.94879633	[1, 1, 1, 1, 1, 1, 1, 1, 1, 1, 1, 1]
	140688	84942	60134	3	M	160	A		-1	1212.13157838	[1, 1, 1, 1, 1, 1, 1, 1, 1, 1, 1, 1]
	148871	85540	112657	3	M	87	A		-1	1212.19808512	[1, 1, 0, 1, 1, 1, 1, 1, 1, 1, 1, 1]
	161671	85815	110947	3	M	44	A		-1	1213.87431735	[1, 1, 1, 1, 1, 1, 1, 1, 1, 1, 1, 1]
	138376	84942	45761	3	M	130	A		-1	1214.03563317	[1, 1, 1, 1, 1, 1, 1, 1, 1, 1, 1, 1]
	188087	86432	115574	3	M	50	A		-1	1214.53547817	[1, 1, 1, 1, 1, 1, 1, 1, 1, 1, 1, 1]
	101633	54316	60278	2	M	79	A		-1	1216.07533571	[1, 1, 1, 1, 1, 1, 1, 1, 1, 1, 1, 1]
	141551	84942	14913	3	M	93	A		-1	1216.49392348	[1, 1, 1, 1, 1, 1, 1, 1, 1, 1, 1, 1]
	144469	85273	114944	3	M	52	A		-1	1217.12261674	[1, 1, 1, 1, 1, 1, 1, 1, 1, 1, 1, 0]
	178114	86227	78242	3	M	149	A		-1	1218.42707109	[1, 1, 1, 1, 1, 1, 1, 1, 1, 1, 1, 1]
	170817	86155	91509	3	M	32	A		-1	1218.69438848	[1, 1, 1, 1, 1, 1, 1, 1, 1, 1, 1, 1]
	127939	86776	86688	3	M	50	A		-1	1220.08837681	[1, 1, 1, 1, 1, 1, 1, 1, 1, 1, 1, 0]
	129229	86776	16147	3	M	82	A		-1	1220.35776751	[1, 1, 1, 1, 1, 1, 1, 0, 1, 1, 1, 0]
	136845	84880	55764	3	M	111	A		-1	1222.19302598	[1, 1, 1, 1, 1, 1, 1, 1, 1, 1, 1, 1]
	127776	122684	74727	3	M	69	A		-1	1223.21311481	[1, 1, 1, 0, 1, 1, 1, 1, 1, 1, 1, 1]
	128896	86776	89424	3	M	43	A		-1	1226.01454805	[1, 1, 1, 1, 1, 1, 1, 1, 1, 1, 1, 1]
	138085	84942	121232	3	M	126	A		-1	1226.08789698	[1, 1, 1, 1, 1, 1, 1, 1, 1, 1, 1, 1]
	133970	84880	88150	3	M	104	A		-1	1226.33678955	[1, 1, 1, 1, 1, 1, 1, 1, 1, 1, 1, 0]
	138110	84942	77864	3	M	70	A		-1	1226.44439831	[1, 1, 1, 1, 1, 1, 1, 1, 1, 1, 1, 1]
	156488	85745	110223	3	M	12	A		-1	1226.9348516	[1, 1, 1, 1, 1, 1, 1, 1, 1, 1, 1, 0]
	191264	86432	117141	3	M	149	A		-1	1227.28453649	[1, 1, 1, 1, 1, 1, 1, 1, 1, 1, 1, 1]
	193690	86635	106962	3	M	78	A		-1	1227.66816427	[1, 1, 1, 1, 1, 1, 1, 1, 1, 1, 1, 0]
	146952	85273	80988	3	M	181	A		-1	1229.29763575	[1, 1, 1, 1, 1, 1, 1, 1, 1, 1, 1, 1]
	145200	85273	122869	3	M	42	A		-1	1231.0417834	[1, 1, 1, 1, 1, 1, 1, 1, 1, 1, 1, 0]
	171384	86155	30730	3	M	153	A		-1	1231.14355029	[1, 1, 1, 1, 1, 1, 1, 1, 1, 1, 1, 1]
	149560	85540	97887	3	M	115	A		-1	1231.52392755	[1, 1, 0, 1, 1, 1, 1, 1, 1, 1, 1, 1]
	164211	86060	53340	3	M	164	A		-1	1231.88100422	[1, 1, 1, 1, 1, 1, 1, 1, 1, 1, 1, 1]
	170106	86155	75353	3	M	92	A		-1	1233.31941319	[1, 1, 1, 1, 1, 1, 1, 1, 1, 1, 1, 1]
	132933	84880	111276	3	M	150	A		-1	1233.46660438	[1, 1, 1, 1, 1, 1, 1, 1, 1, 1, 1, 0]
	141052	84942	116726	3	M	18	A		-1	1235.32844653	[1, 1, 1, 0, 1, 1, 1, 1, 1, 1, 1, 1]
	177365	86199	89580	3	M	65	A		-1	1235.73135056	[1, 1, 1, 1, 1, 1, 1, 1, 1, 1, 1, 0]
	132792	86776	45877	3	M	150	A		-1	1236.79004926	[1, 1, 1, 1, 1, 1, 1, 1, 1, 1, 1, 0]
	141014	84942	103673	3	M	62	A		-1	1237.13356616	[1, 1, 1, 1, 1, 1, 1, 1, 1, 1, 1, 1]
	165783	86060	108752	3	M	154	A		-1	1238.82624805	[1, 1, 0, 1, 0, 1, 1, 1, 1, 1, 1, 1]
	191653	86432	80176	3	M	97	A		-1	1239.57972178	[1, 1, 1, 1, 1, 1, 1, 1, 1, 1, 1, 1]
	100853	54316	67497	2	M	198	A		-1	1241.41103336	[1, 1, 1, 1, 1, 1, 1, 1, 1, 1, 1, 1]
	138963	84942	54409	3	M	51	A		-1	1242.17209727	[1, 1, 1, 1, 1, 1, 1, 1, 1, 1, 1, 1]
	150612	85540	114927	3	M	13	A		-1	1242.28713155	[1, 1, 0, 1, 1, 1, 1, 1, 1, 1, 1, 0]
	162960	86060	98150	3	M	37	A		-1	1242.42780851	[1, 1, 0, 1, 1, 1, 1, 1, 1, 1, 1, 1]
	161657	85815	72060	3	M	21	A		-1	1242.53047631	[1, 1, 1, 1, 1, 1, 1, 1, 1, 1, 1, 1]
	156261	85745	97634	3	M	103	A		-1	1245.51573748	[1, 1, 1, 1, 1, 1, 1, 1, 1, 1, 1, 0]
	180951	86227	67794	3	M	73	A		-1	1245.92870547	[1, 1, 1, 1, 1, 1, 1, 1, 1, 1, 1, 1]
	149471	85540	104995	3	M	190	A		-1	1247.08318205	[1, 1, 0, 1, 1, 1, 1, 1, 1, 1, 1, 1]
	123051	122684	99932	3	M	98	A		-1	1247.21884213	[1, 1, 1, 1, 1, 1, 1, 1, 1, 1, 1, 1]
	165228	86060	72631	3	M	8	A		-1	1247.79064296	[1, 1, 0, 1, 1, 1, 1, 1, 1, 1, 1, 1]
	130777	86776	109015	3	M	194	A		-1	1248.28967375	[1, 1, 1, 1, 1, 1, 1, 1, 1, 1, 1, 0]
	181637	86227	121894	3	M	81	A		-1	1249.08815855	[1, 1, 1, 1, 1, 1, 1, 1, 1, 1, 1, 1]
	133555	84880	100572	3	M	52	A		-1	1249.26340938	[1, 1, 1, 1, 1, 1, 1, 1, 1, 1, 1, 0]
	149638	85540	109080	3	M	191	A		-1	1249.74189345	[1, 1, 0, 1, 1, 1, 1, 1, 1, 1, 1, 1]
	126769	122684	100140	3	M	21	A		-1	1255.25485709	[1, 1, 1, 0, 1, 1, 1, 1, 1, 1, 1, 1]
	129705	86776	106360	3	M	183	A		-1	1256.00500084	[1, 1, 1, 1, 1, 1, 1, 1, 1, 1, 1, 0]
	166218	86060	98517	3	M	38	A		-1	1256.37436833	[1, 0, 1, 1, 1, 1, 1, 1, 1, 1, 1, 1]
	124520	122684	57110	3	M	5	A		-1	1256.61605736	[1, 1, 1, 0, 1, 1, 1, 1, 1, 1, 1, 1]
	193359	86635	59799	3	M	115	A		-1	1258.87853009	[1, 1, 1, 1, 1, 1, 1, 1, 1, 1, 1, 1]
	139921	84942	79591	3	M	139	A		-1	1259.52715272	[1, 1, 1, 1, 1, 1, 1, 1, 1, 1, 1, 1]
	157927	85815	66856	3	M	23	A		-1	1260.37561831	[1, 1, 1, 1, 1, 1, 1, 1, 1, 1, 1, 0]
	123532	122684	97086	3	M	13	A		-1	1260.67542509	[1, 1, 1, 1, 1, 1, 1, 1, 1, 1, 1, 1]
	132543	86776	115699	3	M	69	A		-1	1260.9220905	[1, 1, 1, 1, 1, 1, 1, 1, 1, 1, 1, 1]
	132403	86776	111330	3	M	140	A		-1	1261.15912168	[1, 1, 1, 1, 1, 1, 1, 1, 1, 1, 1, 1]
	160856	85815	118137	3	M	109	A		-1	1261.25869385	[1, 1, 1, 1, 1, 1, 1, 1, 1, 1, 1, 1]
	138546	84942	76781	3	M	100	A		-1	1263.97572023	[1, 1, 1, 1, 1, 1, 1, 1, 1, 1, 1, 1]
	162814	85815	117815	3	M	85	A		-1	1264.98584434	[1, 1, 1, 1, 1, 1, 1, 1, 1, 1, 1, 1]
	149494	85540	115657	3	M	1	A		-1	1265.72464502	[1, 1, 0, 1, 1, 1, 1, 1, 1, 1, 1, 1]
	139727	84942	12360	3	M	108	A		-1	1266.92414317	[1, 1, 1, 1, 1, 1, 1, 1, 1, 1, 1, 1]
	174473	86199	116953	3	M	133	A		-1	1270.1065432	[1, 1, 1, 1, 1, 1, 1, 1, 1, 1, 1, 1]
	131765	86776	84909	3	M	145	A		-1	1272.42290714	[1, 1, 1, 1, 1, 1, 1, 1, 1, 1, 1, 1]
	174256	86199	90773	3	M	182	A		-1	1273.66441407	[1, 1, 1, 1, 1, 1, 1, 1, 1, 1, 1, 1]
	191469	86432	75560	3	M	162	A		-1	1274.43062772	[1, 1, 1, 1, 1, 1, 1, 1, 1, 1, 1, 1]
	186591	86337	84663	3	M	138	A		-1	1274.77181037	[1, 1, 1, 1, 1, 1, 1, 1, 1, 1, 1, 0]
	162238	85815	53713	3	M	3	A		-1	1275.49598396	[1, 1, 1, 1, 1, 1, 1, 1, 1, 1, 1, 1]
	170092	86155	99488	3	M	166	A		-1	1275.69995483	[1, 1, 1, 1, 1, 0, 1, 1, 1, 1, 1, 1]
	132062	86776	13901	3	M	14	A		-1	1277.06306895	[1, 1, 1, 0, 1, 1, 1, 1, 1, 1, 0, 0]
	137339	84880	62874	3	M	68	A		-1	1279.63809886	[1, 1, 1, 1, 1, 1, 1, 1, 1, 1, 1, 0]
	180998	86227	82570	3	M	126	A		-1	1279.77453551	[1, 1, 1, 1, 1, 1, 1, 1, 1, 1, 1, 1]
	160890	85815	68393	3	M	10	A		-1	1281.80414284	[1, 1, 1, 1, 1, 1, 1, 1, 1, 1, 1, 1]
	149523	85540	73453	3	M	42	A		-1	1287.67561761	[1, 1, 1, 1, 1, 1, 1, 1, 1, 1, 1, 1]
	189196	86432	104132	3	M	122	A		-1	1288.45333121	[1, 1, 1, 1, 1, 1, 1, 1, 1, 1, 1, 0]
	147598	85273	113309	3	M	100	A		-1	1289.48810366	[1, 1, 1, 1, 1, 1, 1, 1, 1, 1, 1, 1]
	166555	86060	105744	3	M	6	A		-1	1289.54129039	[1, 1, 0, 1, 1, 1, 1, 1, 1, 1, 1, 1]
	152611	85540	93004	3	M	134	A		-1	1289.61143331	[1, 1, 1, 1, 1, 1, 1, 1, 1, 1, 1, 1]
	137030	84880	98147	3	M	187	A		-1	1290.32706033	[1, 1, 1, 1, 1, 1, 1, 1, 1, 1, 1, 0]
	148234	85540	76065	3	M	47	A		-1	1292.44201371	[1, 1, 0, 1, 1, 1, 1, 1, 1, 1, 1, 1]
	184294	86337	68020	3	M	45	A		-1	1294.22284115	[1, 1, 1, 1, 1, 1, 1, 1, 1, 1, 1, 0]
	176809	86199	99392	3	M	143	A		-1	1296.05679848	[1, 1, 1, 1, 1, 1, 1, 1, 1, 1, 1, 0]
	149835	85540	120292	3	M	24	A		-1	1296.3869137	[1, 1, 1, 1, 1, 1, 1, 1, 1, 1, 1, 0]
	153155	85745	93608	3	M	74	A		-1	1296.38698797	[1, 1, 1, 1, 1, 1, 1, 1, 1, 1, 1, 0]
	133152	84880	80346	3	M	190	A		-1	1300.84592098	[1, 1, 1, 1, 1, 1, 1, 1, 1, 1, 1, 1]
	125912	122684	28786	3	M	123	A		-1	1300.9734219	[1, 1, 1, 1, 1, 1, 1, 1, 1, 1, 1, 1]
	131190	86776	96412	3	M	84	A		-1	1302.16502673	[1, 1, 1, 1, 1, 1, 1, 1, 1, 1, 1, 1]
	153736	85745	116375	3	M	126	A		-1	1302.8069238	[1, 1, 1, 1, 1, 1, 1, 1, 1, 1, 1, 0]
	137355	84880	94877	3	M	159	A		-1	1305.85601202	[1, 0, 1, 1, 1, 1, 1, 1, 1, 1, 1, 1]
	130281	86776	23644	3	M	58	A		-1	1308.16408469	[1, 1, 1, 1, 1, 1, 1, 1, 1, 1, 1, 1]
	148335	85540	104966	3	M	42	A		-1	1310.84478108	[1, 1, 1, 1, 1, 1, 1, 1, 1, 1, 1, 1]
	165331	86060	67144	3	M	21	A		-1	1312.35246826	[1, 0, 1, 1, 1, 1, 1, 1, 1, 1, 1, 1]
	179938	86227	97454	3	M	184	A		-1	1313.67872861	[1, 1, 1, 1, 1, 1, 1, 1, 1, 1, 1, 1]
	124976	122684	86846	3	M	111	A		-1	1314.94000356	[1, 1, 1, 0, 1, 1, 1, 1, 1, 1, 1, 1]
	124125	122684	59034	3	M	88	A		-1	1315.38916657	[1, 1, 1, 1, 1, 1, 1, 1, 1, 1, 1, 1]
	138633	84942	119324	3	M	187	A		-1	1319.75357493	[1, 1, 1, 1, 1, 1, 1, 1, 1, 1, 1, 1]
	133329	84880	79320	3	M	3	A		-1	1325.61628369	[1, 1, 1, 1, 1, 1, 1, 1, 1, 1, 1, 0]
	134423	84880	58563	3	M	83	A		-1	1333.85052231	[1, 1, 1, 1, 1, 1, 1, 1, 1, 1, 1, 0]
	172215	86155	100004	3	M	128	A		-1	1334.1493006	[1, 1, 1, 1, 1, 1, 1, 1, 1, 1, 1, 1]
	140157	84942	73561	3	M	39	A		-1	1339.28183311	[1, 1, 1, 1, 1, 1, 1, 1, 1, 1, 1, 1]
	84573	53820	67200	2	M	54	A		-1	1341.83227018	[1, 1, 1, 1, 1, 1, 1, 1, 1, 1, 1, 1]
	154731	85745	78194	3	M	28	A		-1	1344.06410866	[1, 1, 1, 1, 1, 1, 1, 1, 1, 1, 1, 0]
	182216	86227	96651	3	M	20	A		-1	1344.59642386	[1, 1, 1, 1, 1, 1, 1, 1, 1, 1, 1, 1]
	134434	84880	55670	3	M	180	A		-1	1350.55853522	[1, 1, 1, 1, 1, 1, 1, 1, 1, 1, 1, 1]
	167345	86060	85626	3	M	140	A		-1	1353.21448097	[1, 1, 1, 1, 1, 1, 1, 1, 1, 1, 1, 1]
	148683	85540	47	3	M	8	A		-1	1357.13087975	[1, 1, 0, 1, 1, 1, 1, 1, 1, 1, 1, 1]
	138453	84942	107329	3	M	179	A		-1	1357.71706985	[1, 1, 1, 1, 1, 1, 1, 1, 1, 1, 1, 1]
	180345	86227	80077	3	M	145	A		-1	1364.27742602	[1, 1, 1, 1, 1, 1, 1, 1, 1, 1, 1, 1]
	136267	84880	64967	3	M	107	A		-1	1368.16203296	[1, 1, 1, 1, 1, 1, 1, 1, 1, 1, 1, 0]
	154717	85745	102206	3	M	163	A		-1	1382.14877579	[1, 1, 1, 1, 1, 1, 1, 1, 1, 1, 1, 0]
	180048	86227	92229	3	M	83	A		-1	1390.68878132	[1, 1, 1, 1, 1, 1, 1, 1, 1, 1, 1, 0]
	151281	85540	95895	3	M	89	A		-1	1393.87309634	[1, 1, 0, 1, 1, 1, 1, 1, 1, 1, 1, 1]
	137162	84880	75858	3	M	92	A		-1	1394.06561202	[1, 1, 1, 1, 1, 1, 1, 1, 1, 1, 1, 1]
	133077	84880	72098	3	M	196	A		-1	1398.24998868	[1, 1, 1, 1, 1, 1, 1, 1, 1, 1, 1, 1]
	146304	85273	64344	3	M	200	A		-1	1401.66177782	[1, 1, 1, 1, 1, 1, 1, 1, 1, 1, 1, 1]
	124851	122684	59822	3	M	165	A		-1	1407.79054478	[1, 1, 1, 0, 1, 1, 1, 1, 1, 1, 1, 1]
	126811	122684	121193	3	M	20	A		-1	1411.69602513	[1, 1, 1, 1, 1, 1, 1, 1, 1, 1, 1, 1]
	137956	84942	106159	3	M	110	A		-1	1412.38254471	[1, 1, 1, 1, 1, 1, 1, 1, 1, 1, 1, 1]
	140636	84942	10239	3	M	80	A		-1	1413.02766884	[1, 1, 1, 1, 1, 1, 1, 1, 1, 1, 1, 0]
	150971	85540	75916	3	M	75	A		-1	1417.33626175	[1, 1, 1, 1, 1, 0, 1, 1, 1, 1, 1, 1]
	193158	86635	118705	3	M	189	A		-1	1427.39555871	[1, 1, 1, 1, 1, 1, 1, 1, 1, 1, 1, 1]
	142319	84942	91395	3	M	143	A		-1	1435.15722435	[1, 1, 1, 1, 1, 1, 1, 1, 1, 1, 1, 0]
	159448	85815	79122	3	M	78	A		-1	1467.26004349	[1, 1, 1, 1, 1, 1, 1, 1, 1, 1, 1, 1]
	131032	86776	101221	3	M	39	A		-1	1468.01463069	[1, 1, 1, 1, 1, 1, 1, 1, 1, 1, 1, -1]
	170254	86155	112955	3	M	24	A		-1	1468.84930672	[1, 1, 1, 1, 1, 1, 1, 1, 1, 1, 1, 1]
	151253	85540	115054	3	M	148	A		-1	1470.70441067	[1, 1, 0, 1, 1, 1, 1, 1, 1, 1, 1, 0]
	138574	84942	98525	3	M	99	A		-1	1472.96527364	[1, 1, 1, 1, 1, 1, 1, 1, 1, 1, 1, 1]
	143875	85273	115372	3	M	68	A		-1	1504.13154638	[1, 1, 1, 1, 1, 1, 1, 1, 1, 1, 1, 1]
	151299	85540	77654	3	M	87	A		-1	1522.54676596	[1, 1, 1, 1, 1, 1, 1, 1, 1, 1, 1, 1]
	129809	86776	96180	3	M	193	A		-1	1589.64587429	[1, 1, 1, 1, 1, 1, 1, 1, 1, 1, 1, 1]
