animal	sire	dam	born	sex	herd	status	cause	died	TBV	recessives
	523539	425817	473424	7	M	187	A		-1	2218.69009876	[1, 1, 1, 1, 1, 1, 1, 1, 1, 1, 1, 0]
	635687	525287	517044	8	M	194	A		-1	2218.78155714	[1, 1, 1, 1, 1, 1, 1, 1, 1, 1, 1, 1]
	603220	527509	444883	8	M	104	A		-1	2218.87448255	[1, 1, 1, 1, 1, 1, 1, 1, 1, 1, 1, 1]
	668920	527335	436508	8	M	138	A		-1	2219.10542303	[1, 1, 1, 1, 1, 1, 1, 1, 1, 1, 1, 1]
	622068	524635	530313	8	M	79	A		-1	2219.3693823	[1, 1, 1, 1, 1, 1, 1, 1, 1, 1, 1, 1]
	659310	526817	512624	8	M	45	A		-1	2219.43896565	[1, 1, 1, 1, 1, 1, 1, 1, 1, 1, 1, 1]
	596831	594369	593722	8	M	100	A		-1	2219.45273107	[1, 1, 1, 1, 1, 1, 1, 1, 1, 1, 1, 1]
	611307	524392	567612	8	M	200	A		-1	2219.55454739	[1, 1, 1, 1, 1, 1, 1, 1, 1, 1, 1, 1]
	603712	527509	578758	8	M	66	A		-1	2219.60106689	[1, 1, 1, 1, 1, 1, 1, 1, 1, 1, 1, 1]
	599072	594369	580591	8	M	7	A		-1	2219.95874064	[1, 1, 1, 1, 1, 1, 1, 1, 1, 1, 1, 1]
	664140	527013	555826	8	M	142	A		-1	2220.09044734	[1, 1, 1, 1, 1, 1, 1, 1, 1, 1, 1, 1]
	603378	527509	542957	8	M	52	A		-1	2220.12840041	[1, 1, 1, 1, 1, 1, 1, 1, 1, 1, 1, 1]
	619627	524555	516363	8	M	152	A		-1	2220.12904504	[1, 1, 1, 1, 1, 0, 1, 1, 1, 1, 1, 1]
	635850	525287	428149	8	M	142	A		-1	2220.23776457	[1, 1, 1, 1, 1, 1, 1, 1, 1, 1, 1, 1]
	575562	429569	306016	7	M	85	A		-1	2220.45228476	[1, 1, 1, 1, 1, 1, 1, 1, 1, 1, 1, 1]
	635154	525287	526334	8	M	144	A		-1	2220.78271005	[1, 1, 1, 1, 1, 1, 1, 1, 1, 1, 1, 1]
	607411	524112	585493	8	M	51	A		-1	2220.92708257	[1, 1, 1, 1, 1, 1, 1, 1, 1, 1, 1, 1]
	649392	526000	338024	8	M	56	A		-1	2220.931672	[1, 1, 1, 1, 1, 1, 1, 1, 1, 1, 1, 1]
	612999	524392	533912	8	M	99	A		-1	2221.12717592	[1, 1, 1, 1, 1, 1, 1, 1, 1, 1, 1, 1]
	597948	594369	578359	8	M	170	A		-1	2221.15137743	[1, 1, 1, 1, 1, 1, 1, 1, 1, 1, 1, 1]
	689402	529625	554546	8	M	94	A		-1	2221.43930149	[1, 1, 1, 1, 1, 1, 1, 1, 1, 1, 1, 1]
	684180	528439	554163	8	M	20	A		-1	2221.54486234	[1, 1, 1, 1, 1, 1, 1, 1, 1, 1, 1, 0]
	671099	527649	430872	8	M	93	A		-1	2221.88415218	[1, 1, 1, 1, 1, 1, 1, 1, 1, 1, 1, 1]
	610706	524392	582629	8	M	115	A		-1	2221.97921271	[1, 1, 1, 1, 1, 1, 1, 1, 1, 1, 1, 1]
	513135	425527	485368	7	M	167	A		-1	2222.0307787	[1, 1, 1, 1, 1, 1, 1, 1, 1, 1, 1, 1]
	641821	525797	519476	8	M	98	A		-1	2222.32075862	[1, 1, 1, 1, 1, 1, 1, 1, 1, 1, 1, 1]
	644007	525797	593337	8	M	77	A		-1	2222.32277921	[1, 0, 1, 1, 1, 1, 1, 1, 1, 1, 1, 0]
	606301	524112	583926	8	M	84	A		-1	2222.82794099	[1, 1, 1, 1, 1, 1, 1, 1, 1, 1, 1, 1]
	625711	524678	575692	8	M	177	A		-1	2223.01549094	[1, 1, 1, 1, 1, 1, 1, 1, 1, 1, 1, 1]
	646798	526000	562780	8	M	107	A		-1	2223.31655158	[1, 1, 1, 1, 1, 1, 1, 1, 1, 1, 1, 1]
	615698	524555	431837	8	M	138	A		-1	2223.66214659	[1, 1, 1, 0, 1, 1, 1, 1, 1, 1, 1, 1]
	661322	527013	509235	8	M	28	A		-1	2223.75338235	[1, 1, 1, 1, 1, 1, 1, 1, 1, 1, 1, 1]
	678953	531875	541915	8	M	183	A		-1	2224.14174112	[1, 1, 1, 0, 1, 1, 1, 1, 1, 1, 1, 1]
	645871	526000	585846	8	M	167	A		-1	2225.03525142	[1, 1, 1, 1, 1, 1, 1, 1, 1, 1, 1, 0]
	683589	528439	375018	8	M	133	A		-1	2225.16319988	[1, 1, 1, 1, 1, 1, 1, 1, 1, 1, 1, 1]
	680851	528439	568877	8	M	97	A		-1	2225.31637419	[1, 1, 1, 1, 1, 1, 1, 1, 1, 1, 1, 1]
	666779	527335	577172	8	M	153	A		-1	2226.58103012	[1, 1, 1, 1, 1, 1, 1, 1, 1, 1, 1, 1]
	597593	594369	417379	8	M	178	A		-1	2226.98594095	[1, 1, 1, 1, 1, 1, 1, 1, 1, 1, 1, 1]
	612105	524392	512811	8	M	112	A		-1	2227.0688758	[1, 1, 1, 1, 1, 1, 1, 1, 1, 1, 1, 1]
	645290	526000	592853	8	M	55	A		-1	2227.15054781	[1, 1, 1, 1, 1, 1, 1, 1, 1, 1, 1, 1]
	644668	525797	582947	8	M	73	A		-1	2227.25443717	[1, 0, 1, 1, 1, 1, 1, 1, 1, 1, 1, 1]
	644483	525797	500307	8	M	197	A		-1	2227.33556516	[1, 1, 1, 1, 1, 1, 1, 1, 1, 1, 1, 1]
	617819	524555	508893	8	M	75	A		-1	2227.6077596	[1, 1, 1, 1, 1, 1, 1, 1, 1, 1, 1, 1]
	680224	528439	578742	8	M	116	A		-1	2227.72390508	[1, 1, 1, 1, 1, 1, 1, 1, 1, 1, 1, 1]
	654096	526122	578189	8	M	45	A		-1	2227.87307108	[1, 1, 1, 1, 1, 1, 1, 1, 1, 1, 1, 1]
	621623	524635	539573	8	M	23	A		-1	2228.18161875	[1, 1, 1, 1, 1, 1, 1, 1, 1, 1, 1, 1]
	661022	527013	410934	8	M	148	A		-1	2228.66840684	[1, 0, 1, 1, 1, 1, 1, 1, 1, 1, 1, 0]
	641787	525797	461970	8	M	3	A		-1	2228.67832564	[1, 0, 1, 1, 1, 1, 1, 1, 1, 1, 1, 1]
	692632	529763	568990	8	M	172	A		-1	2228.70172418	[1, 1, 1, 1, 1, 1, 1, 1, 1, 1, 1, 1]
	558719	426397	433784	7	M	57	A		-1	2228.85159353	[1, 1, 1, 1, 1, 1, 1, 1, 1, 1, 1, 1]
	656640	526817	531339	8	M	182	A		-1	2229.31267212	[1, 1, 1, 1, 1, 1, 1, 1, 1, 1, 1, 0]
	576181	429569	439277	7	M	163	A		-1	2229.79615735	[1, 1, 1, 1, 1, 1, 1, 1, 1, 1, 1, 1]
	638368	525287	540467	8	M	124	A		-1	2230.08106494	[1, 1, 1, 1, 1, 1, 1, 1, 1, 1, 1, 1]
	655892	526817	446659	8	M	74	A		-1	2230.20614756	[1, 0, 1, 1, 1, 1, 1, 1, 1, 1, 1, 1]
	617073	524555	559321	8	M	68	A		-1	2230.25146038	[1, 1, 1, 1, 1, 1, 1, 1, 1, 1, 1, 1]
	625491	524678	503516	8	M	171	A		-1	2230.47122018	[1, 1, 1, 1, 1, 1, 1, 1, 1, 1, 1, 1]
	615397	524555	453501	8	M	128	A		-1	2230.96519645	[1, 1, 1, 1, 1, 1, 1, 1, 1, 1, 1, 1]
	543730	426158	406201	7	M	70	A		-1	2231.06263044	[1, 1, 1, 1, 1, 1, 1, 1, 1, 1, 1, 1]
	612137	524392	579107	8	M	54	A		-1	2231.07278159	[1, 1, 1, 1, 1, 1, 1, 1, 1, 1, 1, 1]
	658615	526817	529173	8	M	93	A		-1	2231.07686054	[1, 1, 1, 1, 1, 1, 1, 1, 1, 1, 1, 1]
	596590	594369	380425	8	M	103	A		-1	2231.31295735	[1, 1, 1, 1, 1, 1, 1, 1, 1, 1, 1, 1]
	678863	531875	399697	8	M	196	A		-1	2231.53917179	[1, 1, 1, 0, 1, 1, 1, 1, 1, 1, 1, 1]
	675479	531875	431612	8	M	189	A		-1	2231.60635995	[1, 1, 1, 0, 1, 1, 1, 1, 1, 1, 1, 1]
	676965	531875	541501	8	M	11	A		-1	2231.62009229	[1, 1, 1, 1, 1, 1, 1, 1, 1, 1, 1, 1]
	517738	425533	493754	7	M	65	A		-1	2231.80437906	[1, 1, 1, 1, 1, 1, 1, 1, 1, 1, 1, 1]
	675706	531875	543852	8	M	110	A		-1	2232.00343572	[1, 1, 1, 0, 1, 1, 1, 1, 1, 1, 1, 1]
	650040	526122	528181	8	M	40	A		-1	2232.05356615	[1, 1, 1, 1, 1, 1, 1, 1, 1, 1, 1, 1]
	636408	525287	513774	8	M	67	A		-1	2232.18196727	[1, 1, 1, 1, 1, 1, 1, 1, 1, 1, 1, 1]
	620066	524635	496083	8	M	15	A		-1	2232.22539741	[1, 1, 1, 1, 1, 1, 1, 1, 1, 1, 1, 1]
	625265	524678	553815	8	M	138	A		-1	2232.35261895	[1, 1, 1, 1, 1, 1, 1, 1, 1, 1, 1, 1]
	516212	425533	313757	7	M	57	A		-1	2232.3881355	[1, 1, 1, 1, 1, 1, 1, 1, 1, 1, 1, 1]
	598910	594369	521360	8	M	15	A		-1	2232.44334715	[1, 1, 1, 1, 1, 1, 1, 1, 1, 1, 1, 1]
	648139	526000	557289	8	M	138	A		-1	2232.8323459	[1, 1, 1, 1, 1, 1, 1, 1, 1, 1, 1, 0]
	612517	524392	517665	8	M	172	A		-1	2232.92665599	[1, 1, 1, 1, 1, 1, 1, 1, 1, 1, 1, 1]
	671080	527649	404375	8	M	147	A		-1	2232.93619828	[1, 1, 1, 1, 1, 1, 1, 1, 1, 1, 1, 1]
	603868	527509	581968	8	M	101	A		-1	2233.86583977	[1, 1, 1, 1, 1, 1, 1, 1, 1, 1, 1, 1]
	690127	529763	551321	8	M	74	A		-1	2234.07947612	[1, 1, 1, 1, 1, 1, 1, 1, 1, 1, 1, 1]
	611702	524392	514527	8	M	32	A		-1	2234.29617941	[1, 1, 1, 1, 1, 1, 1, 1, 1, 1, 1, 1]
	646107	526000	536209	8	M	25	A		-1	2234.33925497	[1, 1, 1, 1, 1, 1, 1, 1, 1, 1, 1, 1]
	535798	426098	395605	7	M	200	A		-1	2234.36822856	[1, 1, 1, 1, 1, 1, 1, 1, 1, 1, 1, 1]
	643398	525797	557738	8	M	61	A		-1	2234.41273084	[1, 1, 1, 1, 1, 1, 1, 1, 1, 1, 1, 1]
	652154	526122	551577	8	M	36	A		-1	2234.44737097	[1, 1, 1, 1, 1, 1, 1, 1, 1, 1, 1, 1]
	555518	426397	382569	7	M	40	A		-1	2234.48911532	[1, 1, 1, 1, 1, 1, 1, 1, 1, 1, 1, 1]
	634149	525112	539383	8	M	144	A		-1	2234.57200018	[1, 1, 1, 1, 1, 1, 1, 1, 1, 1, 1, 1]
	636962	525287	508337	8	M	197	A		-1	2234.70703857	[1, 1, 1, 1, 1, 1, 1, 1, 1, 1, 1, 1]
	640356	525797	433713	8	M	160	A		-1	2235.74370291	[1, 1, 1, 1, 1, 1, 1, 1, 1, 1, 1, 1]
	622026	524635	530689	8	M	127	A		-1	2235.8791277	[1, 1, 1, 1, 1, 1, 1, 1, 1, 1, 1, 1]
	677907	531875	576208	8	M	108	A		-1	2236.29251001	[1, 1, 1, 0, 1, 1, 1, 1, 1, 1, 1, 1]
	647282	526000	508803	8	M	18	A		-1	2236.56513545	[1, 1, 1, 1, 1, 1, 1, 1, 1, 1, 1, 0]
	627077	524678	482762	8	M	127	A		-1	2237.95137322	[1, 1, 1, 1, 1, 1, 1, 1, 1, 1, 1, 1]
	622633	524635	568666	8	M	27	A		-1	2237.9638085	[1, 1, 1, 1, 1, 1, 1, 1, 1, 1, 1, 1]
	659246	526817	544039	8	M	0	A		-1	2237.99001932	[1, 1, 1, 1, 1, 1, 1, 1, 1, 1, 1, 1]
	653419	526122	555390	8	M	76	A		-1	2238.33355108	[1, 1, 1, 0, 1, 1, 1, 1, 1, 1, 1, 1]
	606174	524112	544288	8	M	101	A		-1	2238.70927545	[1, 1, 1, 1, 1, 1, 1, 1, 1, 1, 1, 1]
	625805	524678	466412	8	M	87	A		-1	2238.75793241	[1, 1, 1, 0, 1, 1, 1, 1, 1, 1, 1, 1]
	643308	525797	500820	8	M	75	A		-1	2239.13915545	[1, 0, 1, 1, 1, 1, 1, 1, 1, 1, 1, 0]
	663982	527013	556009	8	M	82	A		-1	2240.38707273	[1, 1, 1, 1, 1, 1, 1, 1, 1, 1, 1, 1]
	596889	594369	503215	8	M	192	A		-1	2240.44249223	[1, 1, 1, 1, 1, 1, 1, 1, 1, 1, 1, 1]
	625420	524678	512264	8	M	61	A		-1	2240.50986061	[1, 1, 1, 1, 1, 1, 1, 1, 1, 1, 1, 1]
	650537	526122	527174	8	M	20	A		-1	2240.56280703	[1, 1, 1, 1, 1, 1, 1, 1, 1, 1, 1, 1]
	546524	426263	454638	7	M	14	A		-1	2240.7857105	[1, 1, 1, 1, 1, 1, 1, 1, 1, 1, 1, 1]
	653083	526122	513823	8	M	15	A		-1	2241.019435	[1, 1, 1, 1, 1, 1, 1, 1, 1, 1, 1, 1]
	678388	531875	532565	8	M	102	A		-1	2241.16275938	[1, 1, 1, 1, 1, 1, 1, 1, 1, 1, 1, 1]
	604954	524112	434884	8	M	61	A		-1	2241.2500868	[1, 1, 1, 1, 1, 1, 1, 1, 1, 1, 1, 1]
	623733	524635	544045	8	M	4	A		-1	2241.32087213	[1, 1, 1, 1, 1, 1, 1, 1, 1, 1, 1, 1]
	681783	528439	504207	8	M	144	A		-1	2241.326624	[1, 1, 1, 1, 1, 1, 1, 1, 1, 1, 1, 1]
	600467	527509	543381	8	M	2	A		-1	2241.3383055	[1, 1, 1, 1, 1, 1, 1, 1, 1, 1, 1, 1]
	624806	524678	300408	8	M	61	A		-1	2241.83280438	[1, 1, 1, 1, 1, 1, 1, 1, 1, 1, 1, 1]
	611182	524392	521421	8	M	67	A		-1	2242.34071019	[1, 0, 1, 1, 1, 1, 1, 1, 1, 1, 1, 1]
	636806	525287	558663	8	M	56	A		-1	2242.58060972	[1, 1, 1, 1, 1, 1, 1, 1, 1, 1, 1, 1]
	681305	528439	583965	8	M	11	A		-1	2242.63930164	[1, 1, 1, 1, 1, 1, 1, 1, 1, 1, 1, 1]
	689139	529625	458536	8	M	117	A		-1	2242.91119218	[1, 1, 1, 1, 1, 1, 1, 1, 1, 1, 1, 1]
	631873	525112	540802	8	M	60	A		-1	2243.05773734	[1, 1, 1, 1, 1, 1, 1, 1, 1, 1, 1, 1]
	646211	526000	556717	8	M	158	A		-1	2243.1464366	[1, 1, 1, 1, 1, 1, 1, 1, 1, 1, 1, 0]
	598396	594369	582910	8	M	30	A		-1	2243.26308539	[1, 1, 1, 1, 1, 1, 1, 1, 1, 1, 1, 1]
	641930	525797	470404	8	M	113	A		-1	2243.43639261	[1, 0, 1, 1, 1, 1, 1, 1, 1, 1, 1, 1]
	684746	528439	536703	8	M	117	A		-1	2243.46919807	[1, 1, 1, 1, 1, 1, 1, 1, 1, 1, 1, 1]
	629426	524678	544519	8	M	130	A		-1	2244.18033314	[1, 1, 1, 1, 1, 1, 1, 1, 1, 1, 1, 1]
	619659	524555	539832	8	M	195	A		-1	2244.48427016	[1, 1, 1, 1, 1, 1, 1, 1, 1, 1, 1, 1]
	650450	526122	434630	8	M	105	A		-1	2244.50048098	[1, 1, 1, 0, 1, 1, 1, 1, 1, 1, 1, 1]
	652830	526122	534110	8	M	112	A		-1	2244.53922256	[1, 1, 1, 0, 1, 1, 1, 1, 1, 1, 1, 1]
	654718	526122	569037	8	M	192	A		-1	2244.60349674	[1, 1, 1, 0, 1, 1, 1, 1, 1, 1, 1, 0]
	631943	525112	496936	8	M	73	A		-1	2244.7604087	[1, 1, 1, 1, 1, 1, 1, 1, 1, 1, 1, 1]
	655208	526817	525641	8	M	27	A		-1	2244.89990741	[1, 1, 1, 1, 1, 1, 1, 1, 1, 1, 1, 1]
	607419	524112	496704	8	M	119	A		-1	2245.32241775	[1, 1, 1, 1, 1, 1, 1, 1, 1, 1, 1, 1]
	652542	526122	571066	8	M	66	A		-1	2245.46368859	[1, 1, 1, 0, 1, 1, 1, 1, 1, 1, 1, 1]
	652049	526122	591879	8	M	1	A		-1	2245.96420383	[1, 1, 1, 0, 1, 1, 1, 1, 1, 1, 1, 1]
	509279	425479	463868	7	M	8	A		-1	2246.07684122	[1, 1, 1, 1, 1, 1, 1, 1, 1, 1, 1, 1]
	619640	524555	593739	8	M	197	A		-1	2246.26790508	[1, 1, 1, 1, 1, 1, 1, 1, 1, 1, 1, 1]
	645319	526000	401606	8	M	113	A		-1	2246.71258178	[1, 1, 1, 1, 1, 1, 1, 1, 1, 1, 1, 0]
	687874	529625	403741	8	M	9	A		-1	2246.72769298	[1, 1, 1, 1, 1, 1, 1, 1, 1, 1, 1, 1]
	574876	429569	449648	7	M	31	A		-1	2246.97957964	[1, 1, 1, 1, 1, 1, 1, 1, 1, 1, 1, 1]
	659622	526817	501934	8	M	190	A		-1	2247.07030971	[1, 1, 1, 1, 1, 1, 1, 1, 1, 1, 1, 1]
	658855	526817	552685	8	M	144	A		-1	2247.21035468	[1, 1, 1, 1, 1, 1, 1, 1, 1, 1, 1, 1]
	659901	527013	586389	8	M	148	A		-1	2247.65906661	[1, 1, 1, 1, 1, 1, 1, 1, 1, 1, 1, 1]
	663168	527013	418357	8	M	68	A		-1	2247.77832054	[1, 1, 1, 1, 1, 1, 1, 1, 1, 1, 1, 1]
	641606	525797	496854	8	M	171	A		-1	2248.04956595	[1, 0, 1, 1, 1, 1, 1, 1, 1, 1, 1, 1]
	631535	525112	553760	8	M	193	A		-1	2248.05887103	[1, 1, 1, 1, 1, 1, 1, 1, 1, 1, 1, 1]
	516964	425533	436198	7	M	181	A		-1	2248.30495468	[1, 1, 1, 1, 1, 1, 1, 1, 1, 1, 1, 1]
	656064	526817	520699	8	M	130	A		-1	2248.41519879	[1, 1, 1, 1, 1, 1, 1, 1, 1, 1, 1, 1]
	620700	524635	542272	8	M	22	A		-1	2248.44178472	[1, 1, 1, 1, 1, 1, 1, 1, 1, 1, 1, 1]
	597241	594369	530624	8	M	193	A		-1	2248.67412989	[1, 1, 1, 1, 1, 1, 1, 1, 1, 1, 1, 1]
	641994	525797	554112	8	M	133	A		-1	2249.05948994	[1, 0, 1, 1, 1, 1, 1, 1, 1, 1, 1, 1]
	596732	594369	565032	8	M	91	A		-1	2249.07393359	[1, 1, 1, 1, 1, 1, 1, 1, 1, 1, 1, 1]
	619469	524555	499829	8	M	75	A		-1	2249.19991848	[1, 1, 1, 1, 1, 1, 1, 1, 1, 1, 1, 1]
	657332	526817	544190	8	M	87	A		-1	2250.39013614	[1, 1, 1, 1, 1, 1, 1, 1, 1, 1, 1, 1]
	641817	525797	569705	8	M	130	A		-1	2250.64281631	[1, 1, 1, 1, 1, 1, 1, 1, 1, 1, 1, 1]
	691941	529763	428653	8	M	57	A		-1	2250.96219074	[1, 1, 1, 1, 1, 1, 1, 1, 1, 1, 1, 1]
	676994	531875	510222	8	M	157	A		-1	2251.05211337	[1, 1, 1, 1, 1, 1, 1, 1, 1, 1, 1, 1]
	666777	527335	479997	8	M	167	A		-1	2251.11228903	[1, 1, 1, 1, 1, 1, 1, 1, 1, 1, 1, 1]
	603506	527509	526937	8	M	150	A		-1	2251.82027002	[1, 1, 1, 1, 1, 1, 1, 1, 1, 1, 1, 1]
	598498	594369	591426	8	M	11	A		-1	2252.03402408	[1, 1, 1, 1, 1, 1, 1, 1, 1, 1, 1, 1]
	632943	525112	470250	8	M	102	A		-1	2252.07180304	[1, 1, 1, 1, 1, 1, 1, 1, 1, 1, 1, 1]
	644241	525797	450041	8	M	26	A		-1	2252.16502346	[1, 1, 1, 1, 1, 1, 1, 1, 1, 1, 1, 1]
	600479	527509	578731	8	M	117	A		-1	2253.73090983	[1, 1, 1, 1, 1, 1, 1, 1, 1, 1, 1, 1]
	652422	526122	468370	8	M	168	A		-1	2254.23240855	[1, 1, 1, 0, 1, 1, 1, 1, 1, 1, 1, 1]
	599807	527509	453290	8	M	186	A		-1	2255.04218007	[1, 1, 1, 1, 1, 1, 1, 1, 1, 1, 1, 1]
	649308	526000	569474	8	M	123	A		-1	2256.13540055	[1, 1, 1, 1, 1, 1, 1, 1, 1, 1, 1, 1]
	598611	594369	535919	8	M	147	A		-1	2256.22232617	[1, 1, 1, 1, 1, 1, 1, 1, 1, 1, 1, 1]
	660521	527013	543749	8	M	73	A		-1	2256.22724445	[1, 1, 1, 1, 1, 1, 1, 1, 1, 1, 1, 1]
	606187	524112	584134	8	M	124	A		-1	2256.79877856	[1, 1, 1, 1, 1, 1, 1, 1, 1, 1, 1, 1]
	657245	526817	566996	8	M	156	A		-1	2256.83035619	[1, 1, 1, 1, 1, 1, 1, 1, 1, 1, 1, 1]
	667710	527335	572914	8	M	43	A		-1	2257.08273747	[1, 1, 0, 1, 1, 1, 1, 1, 1, 1, 1, 1]
	621025	524635	543939	8	M	187	A		-1	2257.09822071	[1, 1, 1, 1, 1, 1, 1, 1, 1, 1, 1, 1]
	676866	531875	570681	8	M	46	A		-1	2257.52889247	[1, 1, 1, 0, 1, 1, 1, 1, 1, 1, 1, 1]
	627141	524678	559546	8	M	105	A		-1	2257.87574117	[1, 1, 1, 1, 1, 1, 1, 1, 1, 1, 1, 1]
	691694	529763	536302	8	M	11	A		-1	2258.00570236	[1, 1, 1, 1, 1, 1, 1, 1, 1, 1, 1, 1]
	617343	524555	539599	8	M	54	A		-1	2259.45468798	[1, 1, 1, 1, 1, 1, 1, 1, 1, 1, 1, 1]
	679030	531875	521676	8	M	81	A		-1	2259.97582135	[1, 1, 1, 0, 1, 1, 1, 1, 1, 1, 1, 1]
	517390	425533	480816	7	M	128	A		-1	2260.41626004	[1, 1, 1, 1, 1, 1, 1, 1, 1, 1, 1, 1]
	615134	524555	508897	8	M	25	A		-1	2260.51726476	[1, 1, 1, 1, 1, 1, 1, 1, 1, 1, 1, 1]
	691122	529763	551785	8	M	145	A		-1	2260.6277456	[1, 1, 1, 1, 1, 1, 1, 1, 1, 1, 1, 1]
	613249	524392	513428	8	M	191	A		-1	2260.72600389	[1, 1, 1, 1, 1, 1, 1, 1, 1, 1, 1, 0]
	674808	531875	325649	8	M	66	A		-1	2261.09193019	[1, 1, 1, 0, 1, 1, 1, 1, 1, 1, 1, 1]
	619290	524555	550089	8	M	149	A		-1	2261.46600221	[1, 1, 1, 1, 1, 1, 1, 1, 1, 1, 1, 1]
	654576	526122	525530	8	M	77	A		-1	2261.71751457	[1, 1, 1, 1, 1, 1, 1, 1, 1, 1, 1, 1]
	648056	526000	508632	8	M	118	A		-1	2262.09385679	[1, 1, 1, 1, 1, 1, 1, 1, 1, 1, 1, 0]
	622647	524635	584391	8	M	136	A		-1	2262.34857592	[1, 1, 1, 1, 1, 1, 1, 1, 1, 1, 1, 1]
	660211	527013	529810	8	M	147	A		-1	2262.87998316	[1, 1, 1, 1, 1, 1, 1, 1, 1, 1, 1, 1]
	653519	526122	511455	8	M	1	A		-1	2263.35080124	[1, 1, 1, 0, 1, 1, 1, 1, 1, 1, 1, 1]
	603614	527509	540019	8	M	11	A		-1	2263.81767854	[1, 1, 1, 1, 1, 1, 1, 1, 1, 1, 1, 1]
	559722	426397	427497	7	M	60	A		-1	2263.91221112	[1, 1, 1, 1, 1, 1, 1, 1, 1, 1, 1, 1]
	603830	527509	516857	8	M	194	A		-1	2263.91893248	[1, 1, 1, 1, 1, 1, 1, 1, 1, 1, 1, 1]
	641449	525797	401948	8	M	41	A		-1	2264.21879611	[1, 1, 1, 1, 1, 1, 1, 1, 1, 1, 1, 0]
	679384	531875	545454	8	M	93	A		-1	2264.25155347	[1, 1, 1, 1, 1, 1, 1, 1, 1, 1, 1, 1]
	680695	528439	495427	8	M	13	A		-1	2264.3658607	[1, 1, 1, 1, 1, 1, 1, 1, 1, 1, 1, 1]
	664650	527013	523478	8	M	89	A		-1	2264.9294113	[1, 1, 1, 1, 1, 1, 1, 1, 1, 1, 1, 1]
	687971	529625	464573	8	M	69	A		-1	2264.95579368	[1, 1, 1, 1, 1, 1, 1, 1, 1, 1, 1, 1]
	666665	527335	557516	8	M	125	A		-1	2265.20168701	[1, 1, 1, 1, 1, 1, 1, 1, 1, 1, 1, 1]
	672838	527649	568934	8	M	166	A		-1	2265.88911077	[1, 1, 1, 1, 1, 1, 1, 1, 1, 1, 1, 1]
	673762	527649	590408	8	M	45	A		-1	2265.94287002	[1, 1, 1, 1, 1, 1, 1, 1, 1, 1, 1, 1]
	644198	525797	535655	8	M	134	A		-1	2266.5622835	[1, 1, 1, 1, 1, 1, 1, 1, 1, 1, 1, 1]
	686286	529625	546848	8	M	186	A		-1	2266.76420872	[1, 1, 1, 0, 1, 1, 1, 1, 1, 1, 1, 1]
	650708	526122	582645	8	M	96	A		-1	2266.85070648	[1, 1, 1, 0, 1, 1, 1, 1, 1, 1, 1, 1]
	596388	594369	522811	8	M	8	A		-1	2267.10124579	[1, 1, 1, 1, 1, 1, 1, 1, 1, 1, 1, 1]
	639849	525797	591613	8	M	41	A		-1	2267.36375247	[1, 0, 1, 1, 1, 1, 1, 1, 1, 1, 1, 1]
	655120	526817	528604	8	M	133	A		-1	2267.39577901	[1, 1, 1, 1, 1, 1, 1, 1, 1, 1, 1, 1]
	620426	524635	582427	8	M	192	A		-1	2267.55956467	[1, 1, 1, 1, 1, 1, 1, 1, 1, 1, 1, 0]
	602326	527509	541644	8	M	96	A		-1	2268.38851551	[1, 1, 1, 1, 1, 1, 1, 1, 1, 1, 1, 1]
	606710	524112	519687	8	M	44	A		-1	2268.90138245	[1, 1, 1, 1, 1, 1, 1, 1, 1, 1, 1, 1]
	601778	527509	509445	8	M	14	A		-1	2269.53834151	[1, 1, 1, 1, 1, 1, 1, 1, 1, 1, 1, 1]
	611124	524392	417874	8	M	0	A		-1	2270.47238375	[1, 1, 1, 1, 1, 1, 1, 1, 1, 1, 1, 1]
	690199	529763	517523	8	M	141	A		-1	2270.49604139	[1, 1, 1, 1, 1, 1, 1, 1, 1, 1, 1, 1]
	596600	594369	584513	8	M	5	A		-1	2270.50322768	[1, 1, 1, 1, 1, 1, 1, 1, 1, 1, 1, 1]
	679288	531875	576494	8	M	16	A		-1	2270.69995438	[1, 1, 1, 0, 1, 1, 1, 1, 1, 1, 1, 1]
	692884	529763	544108	8	M	58	A		-1	2271.37498975	[1, 1, 1, 0, 1, 1, 1, 1, 1, 1, 1, 0]
	622211	524635	542418	8	M	6	A		-1	2271.47446689	[1, 1, 1, 1, 1, 1, 1, 1, 1, 1, 1, 1]
	681113	528439	405985	8	M	130	A		-1	2271.81248776	[1, 1, 1, 1, 1, 1, 1, 1, 1, 1, 1, 1]
	677055	531875	482284	8	M	54	A		-1	2272.00208302	[1, 1, 1, 1, 1, 1, 1, 1, 1, 1, 1, 1]
	683978	528439	546656	8	M	5	A		-1	2272.10921779	[1, 1, 1, 1, 1, 1, 1, 1, 1, 1, 1, 1]
	665926	527335	556903	8	M	40	A		-1	2272.20147411	[1, 1, 1, 1, 1, 1, 1, 1, 1, 1, 1, 1]
	631715	525112	475213	8	M	119	A		-1	2272.4418585	[1, 1, 1, 1, 1, 1, 1, 1, 1, 1, 1, 1]
	682319	528439	568864	8	M	75	A		-1	2272.48433379	[1, 1, 1, 1, 1, 1, 1, 1, 1, 1, 1, 1]
	651935	526122	567858	8	M	5	A		-1	2272.62269365	[1, 1, 1, 0, 1, 1, 1, 1, 1, 1, 1, 1]
	648486	526000	539986	8	M	88	A		-1	2273.33467617	[1, 1, 1, 1, 1, 1, 1, 1, 1, 1, 1, -1]
	595627	594369	482739	8	M	133	A		-1	2273.66609535	[1, 0, 1, 0, 1, 1, 1, 1, 1, 1, 1, 1]
	611015	524392	538929	8	M	73	A		-1	2273.66864687	[1, 1, 1, 1, 1, 1, 1, 1, 1, 1, 1, 1]
	663952	527013	513585	8	M	196	A		-1	2273.75335904	[1, 1, 1, 1, 1, 1, 1, 1, 1, 1, 1, 1]
	608012	524112	579708	8	M	182	A		-1	2274.40290372	[1, 1, 1, 1, 1, 1, 1, 1, 1, 1, 1, 1]
	677250	531875	557102	8	M	105	A		-1	2274.83669477	[1, 1, 1, 0, 1, 1, 1, 1, 1, 1, 1, 1]
	653628	526122	529565	8	M	97	A		-1	2274.89748533	[1, 1, 1, 0, 1, 1, 1, 1, 1, 1, 1, 1]
	561358	426511	474110	7	M	9	A		-1	2275.3070984	[1, 1, 1, 1, 1, 1, 1, 1, 1, 1, 1, 1]
	467983	317623	334801	6	M	33	A		-1	2276.63566785	[1, 0, 1, 1, 1, 1, 1, 1, 1, 1, 1, 1]
	685565	529625	570401	8	M	84	A		-1	2276.83564911	[1, 1, 1, 1, 1, 1, 1, 1, 1, 1, 1, 1]
	630766	525112	353802	8	M	196	A		-1	2277.00969396	[1, 1, 1, 1, 1, 1, 1, 1, 1, 1, 1, 1]
	683844	528439	575572	8	M	111	A		-1	2277.72017804	[1, 1, 1, 1, 1, 1, 1, 1, 1, 1, 1, 1]
	647579	526000	570311	8	M	185	A		-1	2277.9080477	[1, 1, 1, 1, 1, 1, 1, 1, 1, 1, 1, 1]
	692252	529763	587291	8	M	98	A		-1	2278.0312821	[1, 1, 1, 1, 1, 1, 1, 1, 1, 1, 1, 1]
	657446	526817	592885	8	M	40	A		-1	2278.47537767	[1, 1, 1, 1, 1, 1, 1, 1, 1, 1, 1, 1]
	632128	525112	565830	8	M	8	A		-1	2278.56967628	[1, 1, 1, 1, 1, 1, 1, 1, 1, 1, 1, 1]
	608401	524112	553979	8	M	119	A		-1	2278.72174464	[1, 1, 1, 1, 1, 1, 1, 1, 1, 1, 1, 1]
	652271	526122	569109	8	M	183	A		-1	2279.20843005	[1, 1, 1, 1, 1, 1, 1, 1, 1, 1, 1, 1]
	660808	527013	209300	8	M	168	A		-1	2279.68932685	[1, 1, 1, 1, 1, 1, 1, 1, 1, 1, 1, 1]
	671221	527649	591353	8	M	0	A		-1	2279.9354406	[1, 1, 1, 1, 1, 1, 1, 1, 1, 1, 0, 1]
	460127	317317	363868	6	M	176	A		-1	2280.16812005	[1, 1, 1, 1, 1, 1, 1, 1, 1, 1, 1, 1]
	540471	426158	328741	7	M	21	A		-1	2280.77046537	[1, 1, 1, 1, 1, 1, 1, 1, 1, 1, 1, 1]
	637825	525287	547098	8	M	12	A		-1	2281.00599914	[1, 1, 1, 1, 1, 1, 1, 1, 1, 1, 1, 1]
	629628	524678	550416	8	M	168	A		-1	2281.13861802	[1, 1, 1, 1, 1, 1, 1, 1, 1, 1, 1, 1]
	676171	531875	568409	8	M	166	A		-1	2281.68070579	[1, 1, 1, 1, 1, 1, 1, 1, 1, 1, 1, 1]
	611072	524392	580858	8	M	27	A		-1	2281.7667441	[1, 1, 1, 1, 1, 1, 1, 1, 1, 1, 1, 1]
	599586	594369	458867	8	M	115	A		-1	2281.98648903	[1, 1, 1, 1, 1, 1, 1, 1, 1, 1, 1, 1]
	601950	527509	551992	8	M	12	A		-1	2283.10018494	[1, 1, 1, 1, 1, 1, 1, 1, 1, 1, 1, 1]
	679948	528439	464833	8	M	139	A		-1	2283.24568335	[1, 1, 1, 1, 1, 1, 1, 1, 1, 1, 1, 1]
	692502	529763	552631	8	M	62	A		-1	2283.53894237	[1, 1, 1, 1, 1, 1, 1, 1, 1, 1, 1, 1]
	684159	528439	588123	8	M	195	A		-1	2283.56131503	[1, 1, 1, 1, 1, 1, 1, 1, 1, 1, 1, 1]
	613720	524392	551264	8	M	199	A		-1	2283.85953067	[1, 1, 1, 1, 1, 1, 1, 1, 1, 1, 1, 1]
	670946	527649	540604	8	M	176	A		-1	2284.3136404	[1, 1, 1, 1, 1, 1, 1, 1, 1, 1, 1, 1]
	606672	524112	590174	8	M	61	A		-1	2284.49713349	[1, 1, 1, 1, 1, 1, 1, 1, 1, 1, 1, 1]
	609874	524392	463778	8	M	22	A		-1	2285.12774462	[1, 1, 1, 1, 1, 1, 1, 1, 1, 1, 1, 1]
	650849	526122	495531	8	M	51	A		-1	2285.3056548	[1, 1, 1, 1, 1, 1, 1, 1, 1, 1, 1, 1]
	643376	525797	594392	8	M	62	A		-1	2285.49773396	[1, 0, 1, 1, 1, 1, 1, 1, 1, 1, 1, 1]
	654687	526122	559537	8	M	81	A		-1	2285.91531415	[1, 1, 1, 1, 1, 1, 1, 1, 1, 1, 1, 1]
	547050	426263	448185	7	M	62	A		-1	2286.23292738	[1, 1, 1, 1, 1, 1, 1, 1, 1, 1, 1, 1]
	679080	531875	516078	8	M	26	A		-1	2286.67396787	[1, 1, 1, 1, 1, 1, 1, 1, 1, 1, 1, 1]
	585750	427083	473094	7	M	192	A		-1	2286.72784515	[1, 1, 1, 1, 1, 1, 1, 1, 1, 1, 1, 1]
	627168	524678	589909	8	M	69	A		-1	2287.78489413	[1, 1, 1, 1, 1, 1, 1, 1, 1, 1, 1, 1]
	679671	531875	506926	8	M	181	A		-1	2287.85564401	[1, 1, 1, 1, 1, 1, 1, 1, 1, 1, 1, 1]
	623533	524635	478213	8	M	130	A		-1	2287.86197737	[1, 1, 1, 1, 1, 1, 1, 1, 1, 1, 1, 1]
	623121	524635	567828	8	M	182	A		-1	2289.10001032	[1, 1, 1, 1, 1, 1, 1, 1, 1, 1, 1, 1]
	639936	525797	569263	8	M	10	A		-1	2289.69669462	[1, 0, 1, 1, 1, 1, 1, 1, 1, 1, 1, 1]
	607474	524112	547116	8	M	148	A		-1	2289.86228974	[1, 1, 1, 1, 1, 1, 1, 1, 1, 1, 1, 1]
	652894	526122	545156	8	M	111	A		-1	2290.06726358	[1, 1, 1, 0, 1, 1, 1, 1, 1, 1, 1, 1]
	615925	524555	554417	8	M	92	A		-1	2291.99971201	[1, 1, 1, 1, 1, 1, 1, 1, 1, 1, 1, 1]
	662108	527013	300459	8	M	76	A		-1	2292.11793458	[1, 1, 1, 1, 1, 1, 1, 1, 1, 1, 1, 0]
	603916	527509	540268	8	M	78	A		-1	2292.90103215	[1, 1, 1, 1, 1, 1, 1, 1, 1, 1, 1, 1]
	666494	527335	568518	8	M	141	A		-1	2293.06313718	[1, 1, 1, 1, 1, 1, 1, 1, 1, 1, 1, 1]
	641829	525797	515316	8	M	97	A		-1	2293.83772132	[1, 1, 1, 1, 1, 1, 1, 1, 1, 1, 1, 1]
	664514	527013	540815	8	M	150	A		-1	2293.86894625	[1, 1, 1, 1, 1, 1, 1, 1, 1, 1, 1, 1]
	569402	426600	454433	7	M	167	A		-1	2293.90062837	[1, 1, 1, 1, 1, 1, 1, 1, 1, 1, 1, 1]
	622873	524635	576368	8	M	79	A		-1	2294.82608393	[1, 1, 1, 1, 1, 1, 1, 1, 1, 1, 1, 1]
	600190	527509	559184	8	M	118	A		-1	2295.72472229	[1, 1, 1, 1, 1, 1, 1, 1, 1, 1, 1, 1]
	684126	528439	566810	8	M	161	A		-1	2296.04937473	[1, 1, 1, 1, 1, 1, 1, 1, 1, 1, 1, 1]
	598184	594369	498367	8	M	186	A		-1	2296.5296847	[1, 1, 1, 1, 1, 1, 1, 1, 1, 1, 1, 1]
	650683	526122	568390	8	M	114	A		-1	2297.39582248	[1, 1, 1, 1, 1, 1, 1, 1, 1, 1, 1, 1]
	623175	524635	541299	8	M	162	A		-1	2297.40488232	[1, 1, 1, 1, 1, 1, 1, 1, 1, 1, 1, 1]
	602564	527509	520582	8	M	5	A		-1	2297.66014092	[1, 1, 1, 1, 1, 1, 1, 1, 1, 1, 1, 1]
	662684	527013	551763	8	M	42	A		-1	2297.69479984	[1, 1, 1, 1, 1, 1, 1, 1, 1, 1, 1, 1]
	641062	525797	584963	8	M	179	A		-1	2297.93591878	[1, 0, 0, 1, 1, 1, 1, 1, 1, 1, 1, 1]
	669744	527335	514478	8	M	103	A		-1	2298.1060267	[1, 1, 1, 1, 1, 1, 1, 1, 1, 1, 1, 1]
	644230	525797	555243	8	M	186	A		-1	2299.06422274	[1, 1, 1, 1, 1, 1, 1, 1, 1, 1, 1, 1]
	668913	527335	510774	8	M	21	A		-1	2299.98843463	[1, 1, 1, 1, 1, 1, 1, 1, 1, 1, 1, 1]
	613937	524392	536410	8	M	69	A		-1	2300.22544022	[1, 1, 1, 1, 1, 1, 1, 1, 1, 1, 1, 1]
	595333	594369	551369	8	M	140	A		-1	2301.32284583	[1, 1, 1, 1, 1, 1, 1, 1, 1, 1, 1, 1]
	523246	425817	436533	7	M	164	A		-1	2302.2784905	[1, 1, 1, 1, 1, 1, 1, 1, 1, 1, 1, 1]
	540639	426158	432391	7	M	129	A		-1	2302.50823879	[1, 1, 1, 1, 1, 1, 1, 1, 1, 1, 1, 1]
	610624	524392	528936	8	M	174	A		-1	2302.80628464	[1, 1, 1, 1, 1, 1, 1, 1, 1, 1, 1, 1]
	681103	528439	520569	8	M	25	A		-1	2302.88228123	[1, 1, 1, 1, 1, 1, 1, 1, 1, 1, 1, 1]
	625685	524678	465346	8	M	15	A		-1	2303.48590295	[1, 1, 1, 1, 1, 1, 1, 1, 1, 1, 1, 1]
	671741	527649	542653	8	M	42	A		-1	2303.5166914	[1, 1, 1, 1, 1, 1, 1, 1, 1, 1, 1, 1]
	567959	426600	366129	7	M	116	A		-1	2303.6528769	[1, 1, 1, 1, 1, 1, 1, 1, 1, 1, 1, 0]
	685863	529625	518060	8	M	85	A		-1	2304.91878062	[1, 1, 1, 1, 1, 1, 1, 1, 1, 1, 1, 1]
	641906	525797	399149	8	M	4	A		-1	2305.92439375	[1, 0, 1, 1, 1, 1, 1, 1, 1, 1, 1, 1]
	640067	525797	531507	8	M	135	A		-1	2306.23299974	[1, 0, 1, 1, 1, 1, 1, 1, 1, 1, 1, 1]
	642902	525797	541690	8	M	173	A		-1	2306.40713675	[1, 1, 1, 1, 1, 1, 1, 1, 1, 1, 1, 1]
	609809	524392	589737	8	M	174	A		-1	2307.71451701	[1, 1, 1, 1, 1, 1, 1, 1, 1, 1, 1, 1]
	656957	526817	586235	8	M	20	A		-1	2308.68985537	[1, 1, 1, 1, 1, 1, 1, 1, 1, 1, 1, 1]
	659149	526817	564298	8	M	61	A		-1	2309.09275837	[1, 1, 1, 1, 1, 1, 1, 1, 1, 1, 1, 1]
	652021	526122	465996	8	M	54	A		-1	2309.53427199	[1, 1, 1, 1, 1, 1, 1, 1, 1, 1, 1, 1]
	603618	527509	414154	8	M	194	A		-1	2310.04873674	[1, 0, 1, 1, 1, 1, 1, 1, 1, 1, 1, 1]
	541156	426158	408804	7	M	115	A		-1	2310.34904158	[1, 1, 1, 1, 1, 1, 1, 1, 1, 1, 1, 1]
	652908	526122	358249	8	M	2	A		-1	2310.40764165	[1, 1, 1, 0, 1, 1, 1, 1, 1, 1, 1, 1]
	508958	425479	435972	7	M	199	A		-1	2310.63601015	[1, 1, 1, 1, 1, 1, 1, 1, 1, 1, 1, 1]
	653180	526122	517820	8	M	23	A		-1	2310.83443906	[1, 1, 1, 0, 1, 1, 1, 1, 1, 1, 1, 1]
	656053	526817	531753	8	M	121	A		-1	2311.31005035	[1, 1, 1, 1, 1, 1, 1, 1, 1, 1, 1, 1]
	638542	525287	412320	8	M	119	A		-1	2311.40424056	[1, 1, 1, 1, 1, 1, 1, 1, 1, 1, 1, 1]
	657566	526817	477833	8	M	58	A		-1	2311.50600334	[1, 1, 1, 1, 1, 1, 1, 1, 1, 1, 1, 1]
	685206	529625	580954	8	M	75	A		-1	2311.59759833	[1, 1, 1, 1, 1, 1, 1, 1, 1, 1, 1, 1]
	596833	594369	482190	8	M	29	A		-1	2312.01044878	[1, 1, 1, 1, 1, 1, 1, 1, 1, 1, 1, 1]
	623593	524635	483867	8	M	111	A		-1	2312.18042348	[1, 1, 1, 1, 1, 1, 1, 1, 1, 1, 1, 1]
	642673	525797	594359	8	M	25	A		-1	2312.6921971	[1, 0, 1, 1, 1, 1, 1, 1, 1, 1, 1, 1]
	655869	526817	425775	8	M	98	A		-1	2312.75342041	[1, 1, 1, 1, 1, 1, 1, 1, 1, 1, 1, 1]
	599483	594369	541732	8	M	27	A		-1	2313.34341211	[1, 1, 1, 1, 1, 1, 1, 1, 1, 1, 1, 1]
	670846	527649	589276	8	M	74	A		-1	2313.39437386	[1, 1, 1, 1, 1, 1, 1, 1, 1, 1, 1, 1]
	691190	529763	497409	8	M	101	A		-1	2314.1056069	[1, 1, 1, 1, 1, 1, 1, 1, 1, 1, 1, 1]
	684630	528439	577840	8	M	14	A		-1	2314.62089025	[1, 1, 1, 1, 1, 1, 1, 1, 1, 1, 1, 1]
	607031	524112	499525	8	M	4	A		-1	2314.75777594	[1, 1, 1, 1, 1, 1, 1, 1, 1, 1, 1, 1]
	642185	525797	496434	8	M	174	A		-1	2315.22125817	[1, 1, 1, 1, 1, 1, 1, 1, 1, 1, 1, 1]
	686011	529625	507550	8	M	57	A		-1	2315.89103854	[1, 1, 1, 1, 1, 1, 1, 1, 1, 1, 1, 1]
	650486	526122	574700	8	M	89	A		-1	2315.93934848	[1, 1, 1, 0, 1, 1, 1, 1, 1, 1, 1, 1]
	597149	594369	516685	8	M	132	A		-1	2316.10304893	[1, 1, 1, 1, 1, 1, 1, 1, 1, 1, 1, 1]
	599129	594369	444365	8	M	174	A		-1	2317.23348628	[1, 1, 1, 1, 1, 1, 1, 1, 1, 1, 1, 1]
	688384	529625	415904	8	M	155	A		-1	2317.55224285	[1, 1, 1, 1, 1, 1, 1, 1, 1, 1, 1, 1]
	578570	429569	319687	7	M	25	A		-1	2318.7677113	[1, 1, 1, 1, 1, 1, 1, 1, 1, 1, 1, 1]
	672277	527649	585882	8	M	108	A		-1	2319.31995481	[1, 1, 1, 1, 1, 1, 1, 1, 1, 1, 1, 1]
	669001	527335	526036	8	M	98	A		-1	2319.69482827	[1, 1, 1, 1, 1, 1, 1, 1, 1, 1, 1, 1]
	669188	527335	488128	8	M	127	A		-1	2321.3918286	[1, 1, 1, 1, 1, 1, 1, 1, 1, 1, 1, 1]
	671557	527649	592914	8	M	169	A		-1	2322.10363423	[1, 1, 1, 1, 1, 1, 1, 1, 1, 1, 1, 1]
	616285	524555	557054	8	M	140	A		-1	2323.71195228	[1, 1, 1, 0, 1, 1, 1, 1, 1, 1, 1, 1]
	651548	526122	567395	8	M	145	A		-1	2324.23231348	[1, 1, 1, 1, 1, 1, 1, 1, 1, 1, 1, 1]
	612969	524392	434805	8	M	26	A		-1	2324.31137798	[1, 1, 1, 1, 1, 1, 1, 1, 1, 1, 1, 1]
	617602	524555	506891	8	M	11	A		-1	2324.64303439	[1, 1, 1, 1, 1, 1, 1, 1, 1, 1, 1, 1]
	604199	527509	530627	8	M	43	A		-1	2324.92183843	[1, 1, 1, 1, 1, 1, 1, 1, 1, 1, 1, 1]
	669387	527335	569727	8	M	8	A		-1	2325.82560043	[1, 1, 1, 1, 1, 1, 1, 1, 1, 1, 1, 1]
	625330	524678	511162	8	M	112	A		-1	2326.52936995	[1, 1, 1, 1, 1, 1, 1, 1, 1, 1, 1, 1]
	668759	527335	517750	8	M	157	A		-1	2326.95878212	[1, 1, 1, 1, 1, 1, 1, 1, 1, 1, 1, 1]
	625088	524678	507106	8	M	191	A		-1	2327.49029358	[1, 1, 1, 1, 1, 1, 1, 1, 1, 1, 1, 1]
	657972	526817	465539	8	M	105	A		-1	2327.67396945	[1, 1, 1, 1, 1, 1, 1, 1, 1, 1, 1, 1]
	604325	527509	446002	8	M	83	A		-1	2327.87350891	[1, 1, 1, 1, 1, 1, 1, 1, 1, 1, 1, 1]
	674811	531875	540311	8	M	79	A		-1	2328.84860641	[1, 1, 1, 0, 1, 1, 1, 1, 1, 1, 1, 1]
	678938	531875	538607	8	M	155	A		-1	2328.94582839	[1, 1, 1, 1, 1, 1, 1, 1, 1, 1, 1, 1]
	610100	524392	528756	8	M	142	A		-1	2329.65536726	[1, 1, 1, 1, 1, 1, 1, 1, 1, 1, 1, 0]
	692771	529763	549923	8	M	29	A		-1	2329.70940631	[1, 0, 1, 1, 1, 1, 1, 1, 1, 1, 1, 1]
	618999	524555	498408	8	M	46	A		-1	2329.89869236	[1, 1, 1, 1, 1, 1, 1, 1, 1, 1, 1, 1]
	622228	524635	584411	8	M	110	A		-1	2330.23711168	[1, 1, 1, 1, 1, 1, 1, 1, 1, 1, 1, 1]
	675406	531875	540323	8	M	101	A		-1	2330.53788687	[1, 1, 1, 0, 1, 1, 1, 1, 1, 1, 1, 1]
	612076	524392	528999	8	M	72	A		-1	2333.02883172	[1, 1, 1, 1, 1, 1, 1, 1, 1, 1, 1, 1]
	634773	525112	553484	8	M	190	A		-1	2336.4863811	[1, 1, 1, 1, 1, 1, 1, 1, 1, 1, 1, 1]
	688852	529625	531286	8	M	70	A		-1	2336.85028395	[1, 1, 1, 1, 1, 1, 1, 1, 1, 1, 1, 1]
	639131	525287	439406	8	M	19	A		-1	2336.86187946	[1, 1, 1, 1, 1, 1, 1, 1, 1, 1, 1, 1]
	681140	528439	316936	8	M	67	A		-1	2337.3570333	[1, 1, 1, 1, 1, 1, 1, 1, 1, 1, 1, 1]
	677679	531875	351268	8	M	142	A		-1	2337.75020488	[1, 1, 1, 1, 1, 1, 1, 1, 1, 1, 1, 1]
	596264	594369	536163	8	M	143	A		-1	2338.21019015	[1, 1, 1, 1, 1, 1, 1, 1, 1, 1, 1, 1]
	668580	527335	552940	8	M	17	A		-1	2338.25818152	[1, 1, 1, 1, 1, 1, 1, 1, 1, 1, 1, 0]
	687828	529625	554803	8	M	62	A		-1	2338.57617502	[1, 1, 1, 1, 1, 1, 1, 1, 1, 1, 1, 1]
	683761	528439	559135	8	M	174	A		-1	2339.12882833	[1, 1, 1, 1, 1, 1, 1, 1, 1, 1, 1, 1]
	642103	525797	590532	8	M	8	A		-1	2339.58602113	[1, 0, 1, 1, 1, 1, 1, 1, 1, 1, 1, 1]
	554035	426292	429585	7	M	74	A		-1	2340.35639998	[1, 1, 1, 1, 1, 1, 1, 1, 1, 1, 1, 1]
	598225	594369	436642	8	M	58	A		-1	2340.64563556	[1, 1, 1, 0, 1, 1, 1, 1, 1, 1, 1, 1]
	651186	526122	419776	8	M	76	A		-1	2341.4881481	[1, 1, 1, 0, 1, 1, 1, 1, 1, 1, 1, 1]
	658158	526817	450154	8	M	128	A		-1	2342.26805441	[1, 1, 1, 1, 1, 1, 1, 1, 1, 1, 1, 1]
	667794	527335	566113	8	M	57	A		-1	2342.38604181	[1, 1, 1, 1, 1, 1, 1, 1, 1, 1, 1, 1]
	681512	528439	495266	8	M	114	A		-1	2342.62147156	[1, 1, 1, 1, 1, 1, 1, 1, 1, 1, 1, 1]
	608809	524112	574117	8	M	113	A		-1	2344.01394793	[1, 1, 0, 1, 1, 1, 1, 1, 1, 1, 1, 1]
	687196	529625	496995	8	M	81	A		-1	2344.39335807	[1, 1, 1, 1, 1, 1, 1, 1, 1, 1, 1, 1]
	662026	527013	526435	8	M	15	A		-1	2345.41571007	[1, 1, 1, 1, 1, 1, 1, 1, 1, 1, 1, 1]
	672230	527649	363275	8	M	111	A		-1	2345.79609569	[1, 1, 1, 1, 1, 1, 1, 1, 1, 1, 1, 1]
	617537	524555	518943	8	M	42	A		-1	2346.48553239	[1, 1, 1, 1, 1, 1, 1, 1, 1, 1, 1, 1]
	678126	531875	523991	8	M	190	A		-1	2347.06149417	[1, 1, 1, 1, 1, 1, 1, 1, 1, 1, 1, 1]
	612297	524392	499368	8	M	194	A		-1	2347.39277545	[1, 1, 1, 1, 1, 1, 1, 1, 1, 1, 1, 1]
	657385	526817	529549	8	M	174	A		-1	2347.85194943	[1, 1, 1, 1, 1, 1, 1, 1, 1, 1, 1, 1]
	686511	529625	565277	8	M	173	A		-1	2348.8170462	[1, 1, 1, 1, 1, 1, 1, 1, 1, 1, 1, 1]
	658319	526817	442534	8	M	91	A		-1	2350.20522344	[1, 1, 1, 1, 1, 1, 1, 1, 1, 1, 1, 1]
	669273	527335	560672	8	M	113	A		-1	2350.51199387	[1, 1, 1, 1, 1, 1, 1, 1, 1, 1, 1, 1]
	637351	525287	412450	8	M	37	A		-1	2353.72842985	[1, 1, 1, 1, 1, 1, 1, 1, 1, 1, 1, 1]
	606425	524112	569464	8	M	148	A		-1	2354.13928225	[1, 1, 1, 1, 1, 1, 1, 1, 1, 1, 1, 1]
	622902	524635	583580	8	M	71	A		-1	2355.24169528	[1, 1, 1, 1, 1, 1, 1, 1, 1, 1, 1, 1]
	672657	527649	583982	8	M	182	A		-1	2356.25444581	[1, 1, 1, 1, 1, 1, 1, 1, 1, 1, 1, 1]
	693038	529763	513410	8	M	130	A		-1	2356.55476319	[1, 1, 1, 1, 1, 1, 1, 1, 1, 1, 1, 1]
	692876	529763	569134	8	M	22	A		-1	2356.61293005	[1, 1, 1, 1, 1, 1, 1, 1, 1, 1, 1, 1]
	597676	594369	552726	8	M	43	A		-1	2356.90912454	[1, 1, 1, 1, 1, 1, 1, 1, 1, 1, 1, 1]
	678342	531875	537947	8	M	135	A		-1	2357.24203576	[1, 1, 1, 1, 1, 1, 1, 1, 1, 1, 1, 1]
	628246	524678	587268	8	M	54	A		-1	2357.68657185	[1, 1, 1, 1, 1, 1, 1, 1, 1, 1, 1, 1]
	639306	525287	526119	8	M	171	A		-1	2358.63838237	[1, 1, 1, 1, 1, 1, 1, 1, 1, 1, 1, 1]
	644040	525797	558766	8	M	66	A		-1	2359.57904413	[1, 0, 1, 1, 1, 1, 1, 1, 1, 1, 1, 1]
	604195	527509	544145	8	M	120	A		-1	2360.10035848	[1, 1, 1, 1, 1, 1, 1, 1, 1, 1, 1, 1]
	643959	525797	510154	8	M	51	A		-1	2360.18218756	[1, 0, 1, 1, 1, 1, 1, 1, 1, 1, 1, 1]
	638769	525287	526677	8	M	198	A		-1	2360.38741915	[1, 1, 1, 1, 1, 1, 1, 1, 1, 1, 1, 1]
	654164	526122	439254	8	M	172	A		-1	2360.90538462	[1, 1, 1, 0, 1, 1, 1, 1, 1, 1, 1, 1]
	628704	524678	496276	8	M	175	A		-1	2361.17875334	[1, 1, 1, 1, 1, 1, 1, 1, 1, 1, 1, 1]
	600593	527509	544541	8	M	47	A		-1	2361.68825515	[1, 1, 1, 1, 1, 1, 1, 1, 1, 1, 1, 1]
	607220	524112	569667	8	M	192	A		-1	2364.16500216	[1, 1, 1, 1, 1, 1, 1, 1, 1, 1, 1, 1]
	675535	531875	540301	8	M	0	A		-1	2365.09458424	[1, 1, 1, 1, 1, 1, 1, 1, 1, 1, 1, 1]
	637492	525287	447028	8	M	94	A		-1	2365.8558068	[1, 1, 1, 1, 1, 1, 1, 1, 1, 1, 1, 1]
	598583	594369	544807	8	M	150	A		-1	2366.08609346	[1, 1, 1, 1, 1, 1, 1, 1, 1, 1, 1, 1]
	683313	528439	522649	8	M	60	A		-1	2366.7788178	[1, 1, 1, 1, 1, 1, 1, 1, 1, 1, 1, 1]
	620860	524635	588346	8	M	42	A		-1	2366.80438414	[1, 1, 1, 1, 1, 1, 1, 1, 1, 1, 1, 0]
	686427	529625	585216	8	M	11	A		-1	2367.77104681	[1, 1, 1, 1, 1, 1, 1, 1, 1, 1, 1, 0]
	657663	526817	582552	8	M	24	A		-1	2367.91529677	[1, 1, 1, 1, 1, 1, 1, 1, 1, 1, 1, 1]
	608857	524112	464525	8	M	1	A		-1	2368.57123721	[1, 1, 1, 1, 1, 1, 1, 1, 1, 1, 1, 1]
	661971	527013	512379	8	M	197	A		-1	2368.861527	[1, 1, 1, 1, 1, 1, 1, 1, 1, 1, 1, 1]
	648576	526000	578642	8	M	129	A		-1	2368.99522136	[1, 1, 1, 1, 1, 1, 1, 1, 1, 1, 1, 0]
	678220	531875	564131	8	M	38	A		-1	2371.23994738	[1, 1, 1, 0, 1, 1, 1, 1, 1, 1, 1, 1]
	622589	524635	346735	8	M	139	A		-1	2373.7292827	[1, 1, 1, 1, 1, 1, 1, 1, 1, 1, 1, 1]
	618726	524555	553863	8	M	22	A		-1	2376.86114847	[1, 1, 1, 1, 1, 1, 1, 1, 1, 1, 1, 1]
	691563	529763	551361	8	M	149	A		-1	2377.52617996	[1, 1, 1, 1, 1, 1, 1, 1, 1, 1, 1, 1]
	644922	526000	534672	8	M	181	A		-1	2377.6427673	[1, 1, 1, 1, 1, 1, 1, 1, 1, 1, 1, 1]
	687242	529625	516380	8	M	126	A		-1	2378.65968045	[1, 1, 1, 1, 1, 1, 1, 1, 1, 1, 1, 1]
	622835	524635	535395	8	M	59	A		-1	2378.66786939	[1, 1, 1, 1, 1, 1, 1, 1, 1, 1, 1, 1]
	619742	524555	513635	8	M	76	A		-1	2379.50096001	[1, 1, 1, 1, 1, 1, 1, 1, 1, 1, 1, 1]
	678934	531875	536857	8	M	198	A		-1	2380.10617427	[1, 1, 1, 0, 1, 1, 1, 1, 1, 1, 1, 1]
	557625	426397	469950	7	M	160	A		-1	2380.37427189	[1, 1, 1, 1, 1, 1, 1, 1, 1, 1, 1, 0]
	683899	528439	499776	8	M	4	A		-1	2383.50157736	[1, 1, 1, 1, 1, 1, 1, 1, 1, 1, 1, 1]
	645377	526000	515077	8	M	8	A		-1	2384.90340981	[1, 1, 1, 1, 1, 1, 1, 1, 1, 1, 1, 1]
	601917	527509	581950	8	M	87	A		-1	2385.28724563	[1, 1, 1, 1, 1, 1, 1, 1, 1, 1, 1, 1]
	664144	527013	495446	8	M	132	A		-1	2385.38288495	[1, 1, 1, 1, 1, 1, 1, 1, 1, 1, 1, 1]
	542225	426158	425835	7	M	134	A		-1	2386.38067503	[1, 0, 1, 1, 1, 1, 1, 1, 1, 1, 1, 1]
	633626	525112	542088	8	M	52	A		-1	2387.0028242	[1, 1, 1, 1, 1, 1, 1, 1, 1, 1, 1, 1]
	689922	529763	551272	8	M	1	A		-1	2388.62300328	[1, 1, 1, 1, 1, 1, 1, 1, 1, 1, 1, 1]
	657210	526817	522684	8	M	17	A		-1	2389.26136756	[1, 1, 1, 1, 1, 1, 1, 1, 1, 1, 1, 1]
	632796	525112	500046	8	M	136	A		-1	2391.80105813	[1, 1, 1, 1, 1, 1, 1, 1, 1, 1, 1, 1]
	614132	524392	585556	8	M	42	A		-1	2392.16612597	[1, 1, 1, 1, 1, 1, 1, 1, 1, 1, 1, 1]
	607391	524112	500732	8	M	67	A		-1	2394.09316706	[1, 1, 0, 1, 1, 1, 1, 1, 1, 1, 1, 1]
	607112	524112	575312	8	M	0	A		-1	2395.89728291	[1, 1, 1, 1, 1, 1, 1, 1, 1, 1, 1, 1]
	693366	529763	542914	8	M	0	A		-1	2397.84916062	[1, 1, 1, 1, 1, 1, 1, 1, 1, 1, 1, 1]
	640524	525797	529146	8	M	32	A		-1	2398.17521523	[1, 1, 1, 1, 1, 1, 1, 1, 1, 1, 1, 1]
	595715	594369	531097	8	M	126	A		-1	2398.41621194	[1, 1, 1, 1, 1, 1, 1, 1, 1, 1, 1, 1]
	679053	531875	586776	8	M	186	A		-1	2398.79659462	[1, 1, 1, 1, 1, 1, 1, 1, 1, 1, 1, 1]
	658048	526817	580885	8	M	110	A		-1	2400.81728398	[1, 1, 1, 1, 1, 1, 1, 1, 1, 1, 1, 1]
	619224	524555	483163	8	M	187	A		-1	2401.25292899	[1, 1, 1, 1, 1, 1, 1, 1, 1, 1, 1, 0]
	690037	529763	525822	8	M	5	A		-1	2401.6760279	[1, 1, 1, 1, 1, 1, 1, 1, 1, 1, 1, 1]
	605122	524112	547457	8	M	194	A		-1	2402.51948683	[1, 1, 1, 1, 1, 1, 1, 1, 1, 1, 1, 1]
	694183	529763	579497	8	M	172	A		-1	2404.38559852	[1, 1, 1, 1, 1, 1, 1, 1, 1, 1, 1, 1]
	685278	529625	502686	8	M	147	A		-1	2404.42090662	[1, 1, 1, 1, 1, 1, 1, 1, 1, 1, 1, 1]
	610574	524392	554262	8	M	29	A		-1	2405.61087206	[1, 1, 1, 1, 1, 1, 1, 1, 1, 1, 1, 1]
	675204	531875	517839	8	M	180	A		-1	2406.43990195	[1, 1, 1, 1, 1, 1, 1, 1, 1, 1, 1, 1]
	567755	426600	438646	7	M	134	A		-1	2406.50972586	[1, 1, 1, 1, 1, 1, 1, 1, 1, 1, 1, 1]
	665602	527335	535100	8	M	155	A		-1	2408.5988916	[1, 1, 1, 1, 1, 1, 1, 1, 1, 1, 1, 1]
	533571	426036	347231	7	M	88	A		-1	2412.7046786	[1, 1, 1, 1, 1, 1, 1, 1, 1, 1, 1, 1]
	648488	526000	506154	8	M	35	A		-1	2413.29060217	[1, 1, 1, 1, 1, 1, 1, 1, 1, 1, 1, 1]
	512909	425527	475690	7	M	141	A		-1	2413.81047262	[1, 1, 1, 1, 1, 1, 1, 1, 1, 1, 1, 1]
	654583	526122	517734	8	M	8	A		-1	2416.27921223	[1, 1, 1, 0, 1, 1, 1, 1, 1, 1, 1, 1]
	694422	529763	470502	8	M	77	A		-1	2416.40421083	[1, 1, 1, 1, 1, 1, 1, 1, 1, 1, 1, 1]
	637110	525287	495685	8	M	18	A		-1	2417.10360552	[1, 1, 1, 1, 1, 1, 1, 1, 1, 1, 1, 1]
	605159	524112	495920	8	M	131	A		-1	2417.41401451	[1, 1, 1, 1, 1, 1, 1, 1, 1, 1, 1, 1]
	635525	525287	542262	8	M	179	A		-1	2417.8985101	[1, 1, 1, 1, 1, 1, 1, 1, 1, 1, 1, 1]
	607314	524112	577230	8	M	60	A		-1	2417.92153797	[1, 1, 1, 1, 1, 1, 1, 1, 1, 1, 1, 1]
	651159	526122	591125	8	M	144	A		-1	2419.97370747	[1, 1, 1, 0, 1, 1, 1, 1, 1, 1, 1, 1]
	632485	525112	538224	8	M	81	A		-1	2420.95745236	[1, 1, 1, 1, 1, 1, 1, 1, 1, 1, 1, 1]
	642578	525797	458596	8	M	18	A		-1	2422.81729338	[1, 1, 1, 1, 1, 1, 1, 1, 1, 1, 1, 1]
	608938	524112	567957	8	M	55	A		-1	2430.39938734	[1, 1, 1, 1, 1, 1, 1, 1, 1, 1, 1, 1]
	604484	527509	559992	8	M	186	A		-1	2432.70747904	[1, 1, 1, 1, 1, 1, 1, 1, 1, 1, 1, 1]
	628116	524678	435233	8	M	175	A		-1	2433.33228467	[1, 1, 1, 1, 1, 1, 1, 1, 1, 1, 1, 1]
	628531	524678	492539	8	M	42	A		-1	2433.64797203	[1, 1, 1, 1, 1, 1, 1, 1, 1, 1, 1, 1]
	627246	524678	487273	8	M	155	A		-1	2434.72065781	[1, 1, 1, 1, 1, 1, 1, 1, 1, 1, 1, 1]
	653629	526122	494091	8	M	117	A		-1	2436.93243997	[1, 1, 1, 1, 1, 1, 1, 1, 1, 1, 1, 1]
	609338	524112	542685	8	M	1	A		-1	2437.64110183	[1, 1, 1, 1, 1, 1, 1, 1, 1, 1, 1, 1]
	641135	525797	464762	8	M	186	A		-1	2438.22130204	[1, 1, 1, 1, 1, 1, 1, 1, 1, 1, 1, 1]
	685845	529625	406768	8	M	114	A		-1	2440.78019359	[1, 1, 1, 1, 1, 1, 1, 1, 1, 1, 1, 1]
	607428	524112	446836	8	M	153	A		-1	2440.90949071	[1, 1, 1, 1, 1, 1, 1, 1, 1, 1, 1, 1]
	594799	594369	547261	8	M	81	A		-1	2440.99926623	[1, 1, 1, 1, 1, 1, 1, 1, 1, 1, 1, 1]
	692308	529763	497564	8	M	28	A		-1	2442.76660868	[1, 1, 1, 1, 1, 1, 1, 1, 1, 1, 1, 1]
	693665	529763	444626	8	M	79	A		-1	2443.48781569	[1, 1, 1, 1, 1, 1, 1, 1, 1, 1, 1, 1]
	630910	525112	547339	8	M	179	A		-1	2443.71226946	[1, 1, 1, 1, 1, 1, 1, 1, 1, 1, 1, 1]
	656734	526817	579666	8	M	65	A		-1	2443.9007578	[1, 1, 1, 1, 1, 1, 1, 1, 1, 1, 1, 1]
	679175	531875	500757	8	M	4	A		-1	2445.13079258	[1, 1, 1, 1, 1, 1, 1, 1, 1, 1, 1, 1]
	624395	524635	535936	8	M	56	A		-1	2445.23520326	[1, 1, 1, 1, 1, 1, 1, 1, 1, 1, 1, 1]
	644519	525797	541568	8	M	23	A		-1	2445.99825957	[1, 0, 1, 1, 1, 1, 1, 1, 1, 1, 1, 1]
	689519	529625	497958	8	M	164	A		-1	2446.93125254	[1, 1, 1, 1, 1, 1, 1, 1, 1, 1, 1, 1]
	692443	529763	508397	8	M	17	A		-1	2448.14331351	[1, 1, 1, 1, 1, 1, 1, 1, 1, 1, 1, 1]
	685433	529625	569287	8	M	85	A		-1	2451.15353172	[1, 1, 1, 1, 1, 1, 1, 1, 1, 1, 1, 1]
	649179	526000	567855	8	M	71	A		-1	2451.22344363	[1, 1, 1, 1, 1, 1, 1, 1, 1, 1, 1, 0]
	671309	527649	457358	8	M	177	A		-1	2453.71010738	[1, 1, 1, 1, 1, 1, 1, 1, 1, 1, 1, 1]
	595452	594369	571372	8	M	75	A		-1	2453.88862648	[1, 1, 1, 1, 1, 1, 1, 1, 1, 1, 1, 1]
	634516	525112	568757	8	M	190	A		-1	2454.4347043	[1, 1, 1, 1, 1, 1, 1, 1, 1, 1, 1, 0]
	653800	526122	494979	8	M	87	A		-1	2457.29034081	[1, 1, 1, 1, 1, 1, 1, 1, 1, 1, 1, 1]
	662947	527013	489726	8	M	63	A		-1	2457.86604252	[1, 1, 1, 1, 1, 1, 1, 1, 1, 1, 1, 1]
	650241	526122	545395	8	M	98	A		-1	2463.20222667	[1, 1, 1, 0, 1, 1, 1, 1, 1, 1, 1, 1]
	664558	527013	539853	8	M	148	A		-1	2488.00322898	[1, 1, 1, 1, 1, 1, 1, 1, 1, 1, 1, 1]
	605313	524112	410033	8	M	24	A		-1	2488.4916481	[1, 0, 1, 1, 1, 1, 1, 1, 1, 1, 1, 1]
	516353	425533	428008	7	M	101	A		-1	2490.94715155	[1, 1, 1, 1, 1, 1, 1, 1, 1, 1, 1, 1]
	596814	594369	540652	8	M	67	A		-1	2492.35382676	[1, 1, 1, 1, 1, 1, 1, 1, 1, 1, 1, 1]
	688276	529625	513916	8	M	182	A		-1	2497.38265543	[1, 1, 1, 1, 1, 1, 1, 1, 1, 1, 1, 1]
	568398	426600	476561	7	M	4	A		-1	2502.95907776	[1, 1, 1, 1, 1, 1, 1, 1, 1, 1, 1, 1]
	658654	526817	557753	8	M	174	A		-1	2506.85729594	[1, 1, 1, 1, 1, 1, 1, 1, 1, 1, 1, 1]
	632850	525112	559773	8	M	65	A		-1	2507.2257888	[1, 1, 1, 1, 1, 1, 1, 1, 1, 1, 1, 1]
	653518	526122	575836	8	M	17	A		-1	2509.01220519	[1, 1, 1, 1, 1, 1, 1, 1, 1, 1, 1, 1]
	683489	528439	532103	8	M	146	A		-1	2515.82066341	[1, 1, 1, 1, 1, 1, 1, 1, 1, 1, 1, 1]
	618618	524555	589671	8	M	161	A		-1	2520.78184149	[1, 1, 1, 1, 1, 1, 1, 1, 1, 1, 1, 1]
	644274	525797	524474	8	M	135	A		-1	2548.74579778	[1, 0, 1, 1, 1, 1, 1, 1, 1, 1, 1, 1]
	634560	525112	588491	8	M	73	A		-1	2551.69153482	[1, 1, 1, 1, 1, 1, 1, 1, 1, 1, 1, 1]
	642011	525797	517321	8	M	101	A		-1	2552.80423178	[1, 1, 1, 1, 1, 1, 1, 1, 1, 1, 1, 1]
	635436	525287	547178	8	M	68	A		-1	2566.31346143	[1, 1, 1, 1, 1, 1, 1, 1, 1, 1, 1, 1]
	621881	524635	557179	8	M	93	A		-1	2576.37823712	[1, 1, 1, 1, 1, 1, 1, 1, 1, 1, 1, 1]
	683882	528439	532687	8	M	194	A		-1	2576.75730473	[1, 1, 1, 1, 1, 1, 1, 1, 1, 1, 1, 1]
	609020	524112	540883	8	M	162	A		-1	2578.00577195	[1, 1, 1, 1, 1, 1, 1, 1, 1, 1, 1, 1]
	605164	524112	506025	8	M	102	A		-1	2592.65922783	[1, 1, 1, 1, 1, 1, 1, 1, 1, 1, 1, 1]
	637529	525287	499169	8	M	153	A		-1	2602.39419597	[1, 1, 0, 1, 1, 1, 1, 1, 1, 1, 1, 1]
	618136	524555	445457	8	M	11	A		-1	2627.1435459	[1, 1, 1, 1, 1, 1, 1, 1, 1, 1, 1, 1]
	627533	524678	501230	8	M	16	A		-1	2637.85017713	[1, 1, 1, 1, 1, 1, 1, 1, 1, 1, 1, 1]
	679781	528439	550646	8	M	57	A		-1	2717.71554816	[1, 1, 1, 1, 1, 1, 1, 1, 1, 1, 1, 1]
