animal	sire	dam	born	sex	herd	status	cause	died	TBV	recessives
	566800	426924	352615	7	M	171	A		-1	2068.54389606	[1, 1, 1, 1, 1, 1, 1, 1, 1, 1, 1, 1]
	503800	427358	465948	7	M	50	A		-1	2068.78142605	[1, 1, 1, 1, 1, 1, 1, 1, 1, 1, 1, 0]
	563429	426910	407580	7	M	188	A		-1	2068.99389248	[1, 1, 1, 1, 1, 1, 1, 1, 1, 1, 1, 1]
	529520	423504	490260	7	M	96	A		-1	2069.00596844	[1, 1, 1, 1, 1, 1, 1, 1, 1, 1, 1, 1]
	562540	426910	400111	7	M	82	A		-1	2069.23720997	[1, 1, 1, 1, 1, 1, 1, 1, 1, 1, 1, 1]
	567422	426924	409758	7	M	150	A		-1	2069.31149185	[1, 1, 1, 1, 1, 1, 1, 1, 1, 1, 1, 1]
	558774	426704	476486	7	M	167	A		-1	2069.31619587	[1, 1, 1, 1, 1, 1, 1, 1, 1, 1, 1, 1]
	571123	427440	486115	7	M	11	A		-1	2069.55546846	[1, 1, 1, 1, 1, 1, 1, 1, 1, 1, 1, 1]
	568047	426924	440951	7	M	45	A		-1	2069.64949576	[1, 1, 1, 1, 1, 1, 1, 1, 1, 1, 1, 1]
	571653	427440	401902	7	M	117	A		-1	2070.104865	[1, 1, 1, 1, 1, 1, 1, 1, 1, 1, 1, 1]
	519182	423239	492767	7	M	19	A		-1	2070.34325811	[1, 1, 1, 1, 1, 1, 1, 1, 1, 1, 1, 1]
	500069	427358	435470	7	M	144	A		-1	2070.61012867	[1, 1, 1, 1, 1, 1, 1, 1, 1, 1, 1, 0]
	560839	426910	230083	7	M	39	A		-1	2070.90089581	[1, 1, 1, 1, 1, 1, 1, 1, 1, 1, 1, 1]
	506198	422534	359980	7	M	14	A		-1	2071.16947452	[1, 1, 1, 1, 1, 1, 1, 1, 1, 1, 1, 1]
	593130	428423	460010	7	M	73	A		-1	2071.37610734	[1, 1, 1, 1, 1, 1, 1, 1, 1, 1, 1, 1]
	557343	426704	489444	7	M	180	A		-1	2071.59944142	[1, 1, 1, 1, 1, 1, 1, 1, 1, 1, 1, 1]
	572251	427440	489942	7	M	193	A		-1	2071.72664977	[1, 1, 1, 1, 1, 1, 1, 1, 1, 1, 1, 1]
	544846	426140	385037	7	M	89	A		-1	2072.25712825	[1, 1, 1, 1, 1, 1, 1, 1, 1, 1, 1, 0]
	520254	423356	316232	7	M	160	A		-1	2072.56602242	[1, 1, 1, 1, 1, 1, 1, 1, 1, 1, 1, 1]
	512498	422934	419101	7	M	112	A		-1	2072.57959838	[1, 1, 1, 1, 1, 1, 1, 1, 1, 1, 1, 1]
	496251	494311	472733	7	M	74	A		-1	2072.68467432	[1, 1, 1, 1, 1, 1, 1, 1, 1, 1, 1, 1]
	557017	426704	404721	7	M	139	A		-1	2072.81033338	[1, 1, 1, 1, 1, 1, 1, 1, 1, 1, 1, 1]
	586099	428205	446231	7	M	26	A		-1	2072.89716556	[1, 1, 1, 1, 1, 1, 1, 1, 1, 1, 1, 1]
	567999	426924	451288	7	M	91	A		-1	2072.96969318	[1, 1, 1, 1, 1, 1, 1, 1, 1, 1, 1, 1]
	590223	428423	426082	7	M	132	A		-1	2073.14357097	[1, 1, 1, 1, 1, 1, 1, 1, 1, 1, 1, 1]
	502169	427358	210893	7	M	150	A		-1	2073.33396405	[1, 1, 1, 1, 1, 1, 1, 1, 1, 1, 1, 1]
	498565	494311	459459	7	M	8	A		-1	2074.16236207	[1, 1, 1, 1, 1, 1, 1, 1, 1, 1, 1, 1]
	584973	428205	430996	7	M	132	A		-1	2074.17105029	[1, 1, 1, 1, 1, 1, 1, 1, 1, 1, 1, 1]
	563922	426910	402775	7	M	136	A		-1	2074.33910104	[1, 1, 1, 1, 1, 1, 1, 1, 1, 1, 1, 1]
	592711	428423	453403	7	M	50	A		-1	2074.39589833	[1, 1, 1, 1, 1, 1, 1, 1, 1, 1, 1, 1]
	523074	423356	452584	7	M	80	A		-1	2074.40564517	[1, 1, 1, 1, 1, 1, 1, 1, 1, 1, 1, 1]
	513715	422934	450832	7	M	62	A		-1	2074.494877	[1, 1, 1, 1, 1, 1, 1, 1, 1, 1, 1, 1]
	566007	426924	395439	7	M	21	A		-1	2074.87848347	[1, 1, 1, 1, 1, 1, 1, 1, 1, 1, 1, 1]
	524358	423356	424298	7	M	177	A		-1	2075.13441561	[1, 1, 1, 1, 1, 1, 1, 1, 1, 1, 1, 1]
	528319	423496	436296	7	M	21	A		-1	2075.17327813	[1, 1, 1, 1, 1, 1, 1, 1, 1, 1, 1, 0]
	565066	426924	434724	7	M	4	A		-1	2075.69628289	[1, 1, 1, 1, 1, 1, 1, 1, 1, 1, 1, 1]
	526186	423496	359079	7	M	191	A		-1	2075.95934131	[1, 1, 1, 1, 1, 1, 1, 1, 1, 1, 1, 1]
	538487	425279	430545	7	M	114	A		-1	2076.04946221	[1, 1, 1, 1, 1, 1, 1, 1, 1, 1, 1, 1]
	512076	422934	423107	7	M	110	A		-1	2076.33011213	[1, 1, 1, 1, 1, 1, 1, 1, 1, 1, 1, 1]
	497955	494311	445158	7	M	118	A		-1	2076.46667185	[1, 1, 1, 1, 1, 1, 1, 1, 1, 1, 1, 1]
	521776	423356	439451	7	M	148	A		-1	2077.0248806	[1, 1, 1, 1, 1, 1, 1, 1, 1, 1, 1, 1]
	492651	332733	355899	6	M	5	A		-1	2077.26483623	[1, 1, 1, 1, 1, 1, 1, 1, 1, 1, 1, 1]
	547271	426140	435892	7	M	154	A		-1	2077.71064334	[1, 1, 1, 1, 1, 1, 1, 1, 1, 1, 1, 1]
	556305	426704	394585	7	M	68	A		-1	2077.78104438	[1, 1, 1, 1, 1, 1, 1, 1, 1, 1, 1, 1]
	523486	423356	412240	7	M	88	A		-1	2077.96502623	[1, 1, 1, 1, 1, 1, 1, 1, 1, 1, 1, 1]
	557404	426704	236791	7	M	156	A		-1	2078.00604675	[1, 1, 1, 1, 1, 1, 1, 1, 1, 1, 1, 1]
	524534	423496	460294	7	M	188	A		-1	2078.40751134	[1, 1, 1, 1, 1, 1, 1, 1, 1, 1, 1, 0]
	594168	428423	235594	7	M	133	A		-1	2078.56781854	[1, 1, 1, 0, 1, 1, 1, 1, 1, 1, 1, 1]
	516558	423239	292901	7	M	34	A		-1	2078.82146125	[1, 1, 1, 1, 1, 1, 1, 1, 1, 1, 1, 0]
	464109	330752	363219	6	M	41	A		-1	2078.8726916	[1, 1, 1, 1, 1, 1, 1, 1, 1, 1, 1, 1]
	566925	426924	493649	7	M	104	A		-1	2079.03488909	[1, 1, 1, 1, 1, 1, 1, 1, 1, 1, 1, 1]
	552286	426337	394650	7	M	180	A		-1	2079.21886969	[1, 1, 1, 1, 1, 1, 1, 1, 1, 1, 1, 1]
	572030	427440	402516	7	M	8	A		-1	2079.37695248	[1, 1, 1, 1, 1, 1, 1, 1, 1, 1, 1, 1]
	573395	427440	432122	7	M	137	A		-1	2079.59168691	[1, 1, 1, 1, 1, 1, 1, 1, 1, 1, 1, 1]
	494594	494311	480577	7	M	39	A		-1	2079.77898042	[1, 1, 1, 1, 1, 1, 1, 1, 1, 1, 1, 1]
	537588	425279	435989	7	M	47	A		-1	2079.83991611	[1, 1, 1, 1, 1, 1, 1, 1, 1, 1, 1, 1]
	508095	422534	163892	7	M	153	A		-1	2079.84804657	[1, 1, 1, 1, 1, 1, 1, 1, 1, 1, 1, 1]
	559023	426704	448149	7	M	32	A		-1	2080.03613481	[1, 1, 1, 1, 1, 1, 1, 1, 1, 1, 1, 1]
	579849	427512	454526	7	M	166	A		-1	2080.10888607	[1, 1, 1, 1, 1, 1, 1, 1, 1, 1, 1, 1]
	528410	423496	375196	7	M	96	A		-1	2080.38389441	[1, 1, 1, 1, 1, 1, 1, 1, 1, 1, 1, 0]
	569257	426924	440311	7	M	181	A		-1	2080.71615685	[1, 1, 1, 1, 1, 1, 1, 1, 1, 1, 1, 0]
	575816	431248	470087	7	M	88	A		-1	2080.73070391	[1, 1, 1, 1, 1, 1, 1, 1, 1, 1, 1, 1]
	561532	426910	413160	7	M	0	A		-1	2081.11140332	[1, 1, 1, 1, 1, 1, 1, 1, 1, 1, 1, 1]
	562582	426910	446222	7	M	95	A		-1	2081.12395058	[1, 1, 1, 1, 1, 1, 1, 1, 1, 1, 1, 1]
	525802	423496	459780	7	M	61	A		-1	2081.43937815	[1, 1, 1, 1, 1, 1, 1, 1, 1, 1, 1, 1]
	519772	423356	453766	7	M	192	A		-1	2081.56473586	[1, 1, 1, 1, 1, 1, 1, 1, 1, 1, 1, 1]
	564940	426924	335470	7	M	61	A		-1	2081.69994942	[1, 1, 1, 1, 1, 1, 1, 1, 1, 1, 1, 1]
	511562	422934	475493	7	M	141	A		-1	2082.18520062	[1, 1, 1, 1, 1, 1, 1, 1, 1, 1, 1, 1]
	566766	426924	328835	7	M	59	A		-1	2082.23050993	[1, 1, 1, 1, 1, 1, 1, 1, 1, 1, 1, 1]
	499891	427358	476739	7	M	161	A		-1	2082.37952599	[1, 1, 1, 1, 1, 1, 1, 1, 1, 1, 1, 0]
	512403	422934	424810	7	M	62	A		-1	2082.77380209	[1, 1, 1, 1, 1, 1, 1, 1, 1, 1, 1, 1]
	507810	422534	488607	7	M	186	A		-1	2083.50462767	[1, 1, 1, 1, 1, 1, 1, 1, 1, 1, 1, 1]
	572090	427440	225378	7	M	46	A		-1	2083.95608989	[1, 1, 1, 1, 1, 1, 1, 1, 1, 1, 1, 1]
	543606	426138	304281	7	M	102	A		-1	2084.25562208	[1, 1, 1, 1, 1, 1, 1, 1, 1, 1, 1, 1]
	496370	494311	460439	7	M	26	A		-1	2084.33693993	[1, 1, 1, 1, 1, 1, 1, 1, 1, 1, 1, 1]
	579943	427512	493977	7	M	86	A		-1	2084.59321017	[1, 1, 1, 1, 1, 1, 1, 1, 1, 1, 1, 1]
	591784	428423	480596	7	M	192	A		-1	2084.6196601	[1, 1, 1, 1, 1, 1, 1, 1, 1, 1, 1, 1]
	499132	494311	397193	7	M	36	A		-1	2084.85635083	[1, 1, 1, 1, 1, 1, 1, 1, 1, 1, 1, 1]
	497853	494311	471403	7	M	42	A		-1	2084.9562463	[1, 1, 1, 1, 1, 1, 1, 1, 1, 1, 1, 1]
	536026	425279	412795	7	M	53	A		-1	2085.02728159	[1, 1, 1, 1, 1, 1, 1, 1, 1, 1, 1, 1]
	510949	422934	466249	7	M	176	A		-1	2085.24423642	[1, 1, 1, 1, 1, 1, 1, 1, 1, 1, 1, 1]
	546828	426140	400129	7	M	124	A		-1	2085.35837389	[1, 1, 1, 1, 1, 1, 1, 1, 1, 1, 1, 1]
	500799	427358	484809	7	M	80	A		-1	2085.3808929	[1, 1, 1, 1, 1, 1, 1, 1, 1, 1, 1, 0]
	557725	426704	340436	7	M	29	A		-1	2085.55043174	[1, 1, 1, 1, 1, 1, 1, 1, 1, 1, 1, 1]
	535909	425279	417561	7	M	118	A		-1	2085.58770758	[1, 1, 1, 1, 1, 1, 1, 1, 1, 1, 1, 1]
	522998	423356	464634	7	M	50	A		-1	2085.83557989	[1, 1, 1, 1, 1, 1, 1, 1, 1, 1, 1, 1]
	522476	423356	472374	7	M	172	A		-1	2085.94889545	[1, 1, 1, 1, 1, 1, 1, 1, 1, 1, 1, 1]
	494677	494311	486669	7	M	68	A		-1	2086.46565089	[1, 1, 1, 1, 1, 1, 1, 1, 1, 1, 1, 0]
	542171	426138	327718	7	M	107	A		-1	2086.83897271	[1, 1, 1, 1, 1, 1, 1, 1, 1, 1, 1, 1]
	578847	431248	494357	7	M	127	A		-1	2086.93536091	[1, 1, 1, 1, 1, 1, 1, 1, 1, 1, 1, 1]
	501368	427358	454068	7	M	73	A		-1	2087.04299922	[1, 1, 1, 1, 1, 1, 1, 1, 1, 1, 1, 0]
	529318	423496	473377	7	M	194	A		-1	2087.33317636	[1, 1, 1, 1, 1, 1, 1, 1, 1, 1, 1, 0]
	520754	423356	341552	7	M	186	A		-1	2087.39804769	[1, 1, 1, 1, 1, 1, 1, 1, 1, 1, 1, 1]
	555297	426704	437817	7	M	103	A		-1	2087.60951178	[1, 1, 1, 1, 1, 1, 1, 1, 1, 1, 1, 0]
	565792	426924	372565	7	M	8	A		-1	2087.61619159	[1, 1, 1, 1, 1, 1, 1, 1, 1, 1, 1, 1]
	494933	494311	457785	7	M	188	A		-1	2087.77979106	[1, 1, 1, 1, 1, 1, 1, 1, 1, 1, 1, 1]
	555158	426704	439336	7	M	92	A		-1	2088.0886146	[1, 1, 1, 1, 1, 1, 1, 1, 1, 1, 1, 1]
	585833	428205	463529	7	M	153	A		-1	2088.98957852	[1, 1, 1, 1, 1, 1, 1, 1, 1, 1, 1, 1]
	487340	332363	355322	6	M	6	A		-1	2089.00338277	[1, 1, 1, 1, 1, 1, 1, 1, 1, 1, 1, 1]
	502489	427358	483168	7	M	173	A		-1	2089.39556025	[1, 1, 1, 1, 1, 1, 1, 1, 1, 1, 1, 0]
	522807	423356	427416	7	M	191	A		-1	2089.44738404	[1, 1, 1, 1, 1, 1, 1, 1, 1, 1, 1, 1]
	509152	422534	421634	7	M	62	A		-1	2089.83891787	[1, 1, 1, 1, 1, 1, 1, 1, 1, 1, 1, 1]
	509934	422934	473891	7	M	114	A		-1	2089.89599405	[1, 1, 1, 1, 1, 1, 1, 1, 1, 1, 1, 1]
	583042	427512	411821	7	M	199	A		-1	2089.90342243	[1, 1, 1, 1, 1, 1, 1, 1, 1, 1, 1, 1]
	555462	426704	420601	7	M	25	A		-1	2090.09711199	[1, 1, 0, 1, 1, 1, 1, 1, 1, 1, 1, 0]
	504681	422534	341086	7	M	185	A		-1	2090.34099848	[1, 1, 1, 1, 1, 1, 1, 1, 1, 1, 1, 1]
	580141	427512	394978	7	M	108	A		-1	2091.54436767	[1, 1, 1, 1, 1, 1, 1, 1, 1, 1, 1, 1]
	544566	426140	474745	7	M	156	A		-1	2091.73474883	[1, 1, 1, 1, 1, 1, 1, 1, 1, 1, 1, 1]
	523056	423356	446175	7	M	21	A		-1	2091.98821542	[1, 1, 1, 1, 1, 1, 1, 1, 1, 1, 1, 1]
	517463	423239	449133	7	M	156	A		-1	2092.13180092	[1, 1, 1, 1, 1, 1, 1, 1, 1, 1, 1, 1]
	584596	428205	463152	7	M	50	A		-1	2092.16635675	[1, 1, 1, 1, 1, 1, 1, 1, 1, 1, 1, 1]
	565978	426924	438920	7	M	77	A		-1	2092.22501617	[1, 1, 1, 1, 1, 1, 1, 1, 1, 1, 1, 1]
	544858	426140	209466	7	M	114	A		-1	2092.34183488	[1, 1, 1, 1, 1, 1, 1, 1, 1, 1, 1, 1]
	525400	423496	249933	7	M	35	A		-1	2092.98911633	[1, 1, 1, 1, 1, 1, 1, 1, 1, 1, 1, 1]
	569258	426924	305260	7	M	166	A		-1	2093.05203954	[1, 1, 1, 1, 1, 1, 1, 1, 1, 1, 1, 1]
	575228	431248	439704	7	M	157	A		-1	2093.0945681	[1, 1, 1, 1, 1, 0, 1, 1, 1, 1, 1, 1]
	562125	426910	382095	7	M	97	A		-1	2093.73908434	[1, 1, 1, 1, 1, 1, 1, 1, 1, 1, 1, 1]
	519527	423356	408405	7	M	64	A		-1	2093.88522308	[1, 1, 1, 1, 1, 1, 1, 1, 1, 1, 1, 1]
	551627	426337	422845	7	M	199	A		-1	2094.20002468	[1, 1, 1, 1, 1, 1, 1, 1, 1, 1, 1, 1]
	521248	423356	459792	7	M	64	A		-1	2094.53296731	[1, 1, 1, 1, 1, 1, 1, 1, 1, 1, 1, 1]
	530569	423504	433482	7	M	61	A		-1	2094.81630712	[1, 1, 1, 1, 1, 1, 1, 1, 1, 1, 1, 1]
	516429	423239	303231	7	M	27	A		-1	2094.90265785	[1, 1, 1, 1, 1, 1, 1, 1, 1, 1, 1, 1]
	502564	427358	437253	7	M	106	A		-1	2095.0876358	[1, 1, 1, 1, 1, 1, 1, 1, 1, 1, 1, 1]
	520151	423356	203569	7	M	122	A		-1	2095.09120061	[1, 1, 0, 1, 1, 1, 1, 1, 1, 1, 1, 1]
	571417	427440	476287	7	M	125	A		-1	2095.1280415	[1, 1, 1, 1, 1, 1, 1, 1, 1, 1, 1, 1]
	494311	332733	309493	6	M	45	A		-1	2095.29882304	[1, 1, 1, 1, 1, 1, 1, 1, 1, 1, 1, 1]
	558896	426704	451547	7	M	27	A		-1	2095.85037524	[1, 1, 1, 1, 1, 1, 1, 1, 1, 1, 1, 1]
	567799	426924	318556	7	M	47	A		-1	2095.98166227	[1, 1, 1, 1, 1, 1, 1, 1, 1, 1, 1, 1]
	579027	431248	422329	7	M	192	A		-1	2096.34923527	[1, 1, 1, 1, 1, 1, 1, 1, 1, 1, 1, 1]
	540187	426138	429860	7	M	52	A		-1	2096.59637802	[1, 1, 1, 1, 1, 1, 1, 1, 1, 1, 1, 1]
	536692	425279	307081	7	M	170	A		-1	2096.59967951	[1, 1, 1, 1, 1, 1, 1, 1, 1, 1, 1, 1]
	538803	425279	425920	7	M	67	A		-1	2096.60448113	[1, 1, 1, 1, 1, 1, 1, 1, 1, 1, 1, 1]
	527161	423496	411406	7	M	14	A		-1	2096.6739458	[1, 1, 1, 0, 1, 1, 1, 1, 1, 1, 1, 1]
	557548	426704	461269	7	M	41	A		-1	2096.9864929	[1, 1, 1, 1, 1, 1, 1, 1, 1, 1, 1, 1]
	584208	427512	365618	7	M	126	A		-1	2097.34873679	[1, 1, 1, 1, 1, 1, 1, 1, 1, 1, 1, 1]
	570893	427440	408457	7	M	55	A		-1	2097.85065768	[1, 1, 1, 1, 1, 1, 1, 1, 1, 1, 1, 1]
	567702	426924	408701	7	M	100	A		-1	2097.9887538	[1, 1, 1, 1, 1, 1, 1, 1, 1, 1, 1, 0]
	523982	423356	438013	7	M	90	A		-1	2098.51805693	[1, 1, 1, 1, 1, 1, 1, 1, 1, 1, 1, 1]
	508985	422534	355156	7	M	29	A		-1	2098.61250642	[1, 1, 1, 1, 1, 1, 1, 1, 1, 1, 1, 1]
	498865	494311	431113	7	M	4	A		-1	2098.76339561	[1, 1, 1, 1, 1, 1, 1, 1, 1, 1, 1, 1]
	513472	422934	435582	7	M	163	A		-1	2098.86743843	[1, 1, 1, 1, 1, 1, 1, 1, 1, 1, 1, 1]
	587387	428205	418528	7	M	35	A		-1	2098.98906985	[1, 1, 1, 1, 1, 1, 1, 1, 1, 1, 1, 1]
	526088	423496	400678	7	M	87	A		-1	2099.1169862	[1, 1, 1, 1, 1, 1, 1, 1, 1, 1, 1, 1]
	502804	427358	439145	7	M	28	A		-1	2099.29099772	[1, 1, 1, 1, 1, 1, 1, 1, 1, 1, 1, 0]
	512426	422934	467178	7	M	97	A		-1	2099.30912207	[1, 1, 1, 1, 1, 1, 1, 1, 1, 1, 1, 1]
	504287	427358	406484	7	M	30	A		-1	2099.58733832	[1, 1, 1, 1, 1, 1, 1, 1, 1, 1, 1, 0]
	518841	423239	487480	7	M	8	A		-1	2099.61302792	[1, 1, 1, 1, 1, 1, 1, 1, 1, 1, 1, 1]
	567414	426924	484079	7	M	50	A		-1	2100.35995474	[1, 1, 1, 1, 1, 1, 1, 1, 1, 1, 1, 1]
	519595	423356	471051	7	M	182	A		-1	2100.9262042	[1, 1, 1, 1, 1, 1, 1, 1, 1, 1, 1, 1]
	441760	329334	360976	6	M	114	A		-1	2100.99339835	[1, 1, 1, 1, 1, 1, 1, 1, 1, 1, 1, 1]
	498501	494311	395041	7	M	54	A		-1	2101.17752498	[1, 1, 1, 1, 1, 1, 1, 1, 1, 1, 1, 1]
	566880	426924	376435	7	M	36	A		-1	2102.04991115	[1, 1, 1, 1, 1, 1, 1, 1, 1, 1, 1, 1]
	572280	427440	455719	7	M	7	A		-1	2102.23466087	[1, 1, 1, 1, 1, 1, 1, 1, 1, 1, 1, 1]
	561390	426910	478573	7	M	43	A		-1	2102.24817736	[1, 1, 1, 1, 1, 1, 1, 1, 1, 1, 1, 1]
	525169	423496	483682	7	M	71	A		-1	2103.18458091	[1, 1, 1, 1, 1, 1, 1, 1, 1, 1, 1, 0]
	548757	426140	415896	7	M	154	A		-1	2103.42835836	[1, 1, 1, 1, 1, 1, 1, 1, 1, 1, 1, 1]
	522079	423356	373406	7	M	47	A		-1	2103.82257758	[1, 1, 1, 1, 1, 1, 1, 1, 1, 1, 1, 1]
	451930	330431	303093	6	M	125	A		-1	2103.87103829	[1, 1, 1, 1, 1, 1, 1, 1, 1, 1, 1, 1]
	498619	494311	332442	7	M	151	A		-1	2103.9216361	[1, 1, 1, 1, 1, 1, 1, 1, 1, 1, 1, 1]
	591153	428423	476018	7	M	73	A		-1	2103.94453391	[1, 1, 1, 1, 1, 1, 1, 1, 1, 1, 1, 1]
	585673	428205	439790	7	M	199	A		-1	2104.1875257	[1, 1, 1, 1, 1, 1, 1, 1, 1, 1, 1, 1]
	522437	423356	412472	7	M	87	A		-1	2104.2887539	[1, 1, 1, 1, 1, 1, 1, 1, 1, 1, 1, 1]
	502307	427358	439869	7	M	88	A		-1	2104.61335854	[1, 1, 1, 1, 1, 1, 1, 1, 1, 1, 1, 0]
	555121	426704	491988	7	M	32	A		-1	2104.89955821	[1, 1, 1, 1, 1, 1, 1, 1, 1, 1, 1, 1]
	411534	328161	343905	6	M	158	A		-1	2106.6184397	[1, 1, 1, 1, 1, 1, 1, 1, 1, 1, 1, 1]
	507878	422534	410705	7	M	44	A		-1	2106.7136111	[1, 1, 1, 1, 1, 1, 1, 1, 1, 1, 1, 1]
	519345	423239	454548	7	M	40	A		-1	2106.71475195	[1, 1, 1, 1, 1, 1, 1, 1, 1, 1, 1, 1]
	505378	422534	448671	7	M	30	A		-1	2107.11566808	[1, 1, 1, 1, 1, 1, 1, 1, 1, 1, 1, 1]
	588674	428205	395971	7	M	72	A		-1	2107.43232932	[1, 1, 1, 1, 1, 1, 1, 1, 1, 1, 1, 1]
	583949	427512	437194	7	M	110	A		-1	2107.71661266	[1, 1, 1, 1, 1, 1, 1, 1, 1, 1, 1, 1]
	566129	426924	440869	7	M	57	A		-1	2108.0718116	[1, 1, 1, 1, 1, 1, 1, 1, 1, 1, 1, 1]
	505541	422534	405724	7	M	116	A		-1	2108.15942247	[1, 1, 1, 1, 1, 1, 1, 1, 1, 1, 1, 0]
	573832	427440	438163	7	M	76	A		-1	2109.55430541	[1, 1, 1, 1, 1, 1, 1, 1, 1, 1, 1, 1]
	552675	426337	152017	7	M	136	A		-1	2110.07284179	[1, 1, 1, 1, 1, 1, 1, 1, 1, 1, 1, 1]
	572939	427440	414520	7	M	22	A		-1	2110.08484946	[1, 1, 1, 1, 1, 1, 1, 1, 1, 1, 1, 1]
	590510	428423	419560	7	M	61	A		-1	2110.42067072	[1, 1, 1, 1, 1, 1, 1, 1, 1, 1, 1, 1]
	557289	426704	482746	7	M	147	A		-1	2110.55105012	[1, 1, 1, 1, 1, 1, 1, 1, 1, 1, 1, 1]
	499054	494311	437928	7	M	123	A		-1	2110.7811015	[1, 1, 1, 1, 1, 1, 1, 1, 1, 1, 1, 1]
	496266	494311	381522	7	M	26	A		-1	2111.04846628	[1, 1, 1, 1, 1, 1, 1, 1, 1, 1, 1, 1]
	521109	423356	301340	7	M	121	A		-1	2111.19409383	[1, 1, 1, 1, 1, 1, 1, 1, 1, 1, 1, 1]
	520035	423356	438210	7	M	103	A		-1	2111.54482582	[1, 1, 1, 1, 1, 0, 1, 1, 1, 1, 1, 1]
	498539	494311	379861	7	M	176	A		-1	2111.59462712	[1, 1, 1, 1, 1, 1, 1, 1, 1, 1, 1, 1]
	524397	423356	398989	7	M	49	A		-1	2111.6336957	[1, 1, 1, 1, 1, 1, 1, 1, 1, 1, 1, 0]
	536025	425279	468655	7	M	30	A		-1	2112.26090272	[1, 1, 1, 1, 1, 1, 1, 1, 1, 1, 1, 1]
	528886	423496	344216	7	M	121	A		-1	2112.2942048	[1, 1, 1, 1, 1, 1, 1, 1, 1, 1, 1, 1]
	497947	494311	474311	7	M	174	A		-1	2112.30694774	[1, 1, 1, 1, 1, 1, 1, 1, 1, 1, 1, 1]
	573735	427440	297716	7	M	56	A		-1	2112.46792599	[1, 1, 1, 1, 1, 1, 1, 1, 1, 1, 1, 0]
	499574	427358	459498	7	M	67	A		-1	2113.83834406	[1, 1, 1, 1, 1, 1, 1, 1, 1, 1, 1, 0]
	421538	328709	326229	6	M	180	A		-1	2114.17094497	[1, 1, 1, 1, 1, 1, 1, 1, 1, 1, 1, 1]
	423496	328709	388537	6	M	108	A		-1	2114.25829309	[1, 1, 1, 1, 1, 1, 1, 1, 1, 1, 1, 0]
	578361	431248	442902	7	M	73	A		-1	2114.44553064	[1, 1, 1, 1, 1, 1, 1, 1, 1, 1, 1, 1]
	568381	426924	465057	7	M	73	A		-1	2114.95555097	[1, 1, 1, 1, 1, 1, 1, 1, 1, 1, 1, 1]
	518309	423239	490264	7	M	85	A		-1	2115.15860192	[1, 1, 1, 1, 1, 1, 1, 1, 1, 1, 1, 1]
	567280	426924	474589	7	M	87	A		-1	2116.16322433	[1, 1, 0, 1, 1, 1, 1, 1, 1, 1, 1, 1]
	520072	423356	490801	7	M	149	A		-1	2116.33811454	[1, 1, 1, 1, 1, 1, 1, 1, 1, 1, 1, 1]
	523563	423356	392990	7	M	126	A		-1	2116.51267086	[0, 1, 1, 1, 1, 1, 1, 1, 1, 1, 1, 1]
	571280	427440	473301	7	M	38	A		-1	2116.81676034	[1, 1, 1, 1, 1, 1, 1, 1, 1, 1, 1, 1]
	564493	426924	395938	7	M	199	A		-1	2117.48559941	[1, 1, 1, 1, 1, 1, 1, 1, 1, 1, 1, 1]
	567679	426924	446338	7	M	183	A		-1	2117.78006384	[1, 1, 1, 1, 1, 1, 1, 1, 1, 1, 1, 1]
	560638	426910	409476	7	M	43	A		-1	2118.54095936	[1, 1, 1, 1, 1, 1, 1, 1, 1, 1, 1, 1]
	519671	423356	441356	7	M	133	A		-1	2118.71262412	[1, 1, 1, 1, 1, 1, 1, 1, 1, 1, 1, 1]
	528801	423496	453323	7	M	161	A		-1	2118.75226711	[1, 1, 1, 1, 1, 1, 1, 1, 1, 1, 1, 0]
	525702	423496	294774	7	M	15	A		-1	2119.48452906	[1, 1, 1, 1, 1, 1, 1, 1, 1, 1, 1, 0]
	504137	427358	456635	7	M	78	A		-1	2119.55926249	[1, 1, 1, 1, 1, 1, 1, 1, 1, 1, 1, 0]
	518734	423239	405697	7	M	127	A		-1	2119.65736922	[1, 1, 1, 1, 1, 1, 1, 1, 1, 1, 1, 1]
	560685	426910	386783	7	M	61	A		-1	2119.89894487	[1, 1, 1, 1, 1, 1, 1, 1, 1, 1, 1, 1]
	519295	423239	359902	7	M	153	A		-1	2119.92180307	[1, 1, 1, 1, 1, 1, 1, 1, 1, 1, 1, 1]
	559853	426910	420062	7	M	49	A		-1	2120.37153641	[1, 1, 1, 1, 1, 1, 1, 1, 1, 1, 1, 1]
	570187	427440	474682	7	M	120	A		-1	2120.84862419	[1, 1, 1, 0, 1, 1, 1, 1, 1, 1, 1, 1]
	510859	422934	278785	7	M	15	A		-1	2121.0955526	[1, 1, 1, 1, 1, 1, 1, 1, 1, 1, 1, 1]
	572214	427440	331927	7	M	50	A		-1	2121.22030128	[1, 1, 1, 1, 1, 1, 1, 1, 1, 1, 1, 1]
	547840	426140	333707	7	M	61	A		-1	2121.2813199	[1, 1, 1, 1, 1, 1, 1, 1, 1, 1, 1, 1]
	438564	329317	306797	6	M	86	A		-1	2121.51761955	[1, 1, 1, 1, 1, 1, 1, 1, 1, 1, 1, 1]
	499955	427358	442958	7	M	198	A		-1	2121.98706697	[1, 1, 1, 1, 1, 1, 1, 1, 1, 1, 1, 1]
	577663	431248	463539	7	M	175	A		-1	2121.99925981	[1, 1, 1, 1, 1, 1, 1, 1, 1, 1, 1, 1]
	550928	426337	485553	7	M	21	A		-1	2122.08384289	[1, 1, 1, 1, 1, 1, 1, 1, 1, 1, 1, 1]
	567874	426924	380050	7	M	24	A		-1	2122.53058545	[1, 1, 1, 1, 1, 0, 1, 1, 1, 1, 1, 1]
	523269	423356	439521	7	M	147	A		-1	2122.56726048	[1, 1, 1, 1, 1, 1, 1, 1, 1, 1, 1, 1]
	565020	426924	446388	7	M	19	A		-1	2123.21739976	[1, 1, 1, 1, 1, 1, 1, 1, 1, 1, 1, 1]
	565026	426924	484810	7	M	190	A		-1	2123.57731769	[1, 1, 1, 1, 1, 1, 1, 1, 1, 1, 1, 1]
	503163	427358	390842	7	M	165	A		-1	2123.88484621	[1, 1, 1, 1, 1, 1, 1, 1, 1, 1, 1, 0]
	434255	329305	385668	6	M	54	A		-1	2125.03144223	[1, 1, 1, 1, 1, 1, 1, 1, 1, 1, 1, 1]
	537555	425279	473072	7	M	91	A		-1	2125.19645768	[1, 1, 1, 1, 1, 1, 1, 1, 1, 1, 1, 1]
	527939	423496	418891	7	M	113	A		-1	2125.26803496	[1, 1, 1, 1, 1, 1, 1, 1, 1, 1, 1, 1]
	528536	423496	294904	7	M	179	A		-1	2125.46699534	[1, 1, 1, 1, 1, 1, 1, 1, 1, 1, 1, 1]
	398337	394398	232185	6	M	62	A		-1	2125.49109613	[1, 1, 1, 1, 1, 1, 1, 1, 1, 1, 1, 1]
	544231	426138	460254	7	M	47	A		-1	2125.66012601	[1, 1, 1, 1, 1, 1, 1, 1, 1, 1, 1, 1]
	565348	426924	435710	7	M	196	A		-1	2126.05639037	[1, 1, 0, 1, 1, 1, 1, 1, 1, 1, 1, 1]
	523158	423356	485862	7	M	189	A		-1	2126.19803101	[1, 1, 1, 1, 1, 1, 1, 1, 1, 1, 1, 1]
	583734	427512	420947	7	M	135	A		-1	2126.23721279	[1, 1, 1, 1, 1, 1, 1, 1, 1, 1, 1, 1]
	525403	423496	481127	7	M	187	A		-1	2126.33875577	[1, 1, 1, 1, 1, 1, 1, 1, 1, 1, 1, 0]
	521976	423356	361113	7	M	1	A		-1	2126.71974458	[1, 1, 1, 1, 1, 1, 1, 1, 1, 1, 1, 1]
	557214	426704	464383	7	M	57	A		-1	2127.64246717	[1, 1, 1, 1, 1, 1, 1, 1, 1, 1, 1, 1]
	496984	494311	476009	7	M	27	A		-1	2127.78104563	[1, 1, 1, 1, 1, 1, 1, 1, 1, 1, 1, 1]
	562615	426910	357840	7	M	190	A		-1	2128.18967376	[1, 1, 1, 1, 1, 1, 1, 1, 1, 1, 1, 1]
	557905	426704	392869	7	M	46	A		-1	2128.19888165	[1, 1, 1, 1, 1, 1, 1, 1, 1, 1, 1, 1]
	568527	426924	458126	7	M	47	A		-1	2128.57754656	[1, 1, 1, 1, 1, 1, 1, 1, 1, 1, 1, 1]
	501461	427358	468432	7	M	40	A		-1	2128.63027035	[1, 1, 1, 1, 1, 1, 1, 1, 1, 1, 1, 1]
	552707	426337	432815	7	M	141	A		-1	2129.07346198	[1, 1, 1, 1, 1, 1, 1, 1, 1, 1, 1, 1]
	535756	425279	460186	7	M	105	A		-1	2129.15204297	[1, 1, 1, 1, 1, 1, 1, 1, 1, 1, 1, 1]
	514940	423239	411613	7	M	63	A		-1	2129.68118402	[1, 1, 1, 1, 1, 1, 1, 1, 1, 1, 1, 1]
	499518	427358	418107	7	M	196	A		-1	2130.05691041	[1, 1, 1, 1, 1, 1, 1, 1, 1, 1, 1, 1]
	584453	427512	400412	7	M	155	A		-1	2130.14623492	[1, 1, 1, 1, 1, 1, 1, 1, 1, 1, 1, 1]
	591494	428423	461966	7	M	104	A		-1	2130.30760342	[1, 1, 1, 1, 1, 1, 1, 1, 1, 1, 1, 1]
	495124	494311	364002	7	M	18	A		-1	2130.83517584	[1, 1, 1, 1, 1, 1, 1, 1, 1, 1, 1, 1]
	498514	494311	484780	7	M	200	A		-1	2130.88045797	[1, 1, 1, 1, 1, 1, 1, 1, 1, 1, 1, 1]
	564656	426924	408594	7	M	38	A		-1	2131.11202641	[1, 1, 1, 1, 1, 1, 1, 1, 1, 1, 1, 1]
	503924	427358	407714	7	M	75	A		-1	2131.12805315	[1, 1, 1, 1, 1, 1, 1, 1, 1, 1, 1, 0]
	564586	426924	477987	7	M	66	A		-1	2131.16323501	[1, 1, 1, 1, 1, 1, 1, 1, 1, 1, 1, 1]
	497517	494311	450593	7	M	77	A		-1	2131.57448059	[1, 1, 1, 1, 1, 1, 1, 1, 1, 1, 1, 1]
	534116	423504	382597	7	M	11	A		-1	2131.8927124	[1, 1, 1, 1, 1, 1, 1, 1, 1, 1, 1, 1]
	586643	428205	477704	7	M	86	A		-1	2132.98128724	[1, 1, 1, 1, 1, 1, 1, 1, 1, 1, 1, 1]
	519234	423239	446739	7	M	132	A		-1	2132.99624786	[1, 1, 1, 1, 1, 1, 1, 1, 1, 1, 1, 1]
	510148	422934	465595	7	M	188	A		-1	2133.05826578	[1, 1, 1, 1, 1, 1, 1, 1, 1, 1, 1, 1]
	468550	331416	346384	6	M	11	A		-1	2133.22092518	[1, 1, 1, 1, 1, 1, 1, 1, 1, 1, 1, 1]
	527262	423496	441129	7	M	106	A		-1	2134.8712985	[1, 1, 1, 1, 1, 1, 1, 1, 1, 1, 1, 1]
	498021	494311	408392	7	M	163	A		-1	2134.92249026	[1, 1, 1, 1, 1, 1, 1, 1, 1, 1, 1, 1]
	497909	494311	326490	7	M	47	A		-1	2134.93626755	[1, 1, 1, 1, 1, 1, 1, 1, 1, 1, 1, 1]
	538814	425279	456261	7	M	27	A		-1	2135.10855821	[1, 1, 1, 1, 1, 1, 1, 1, 1, 1, 1, 1]
	507748	422534	481088	7	M	166	A		-1	2135.27374185	[1, 1, 1, 1, 1, 1, 1, 1, 1, 1, 1, 1]
	572515	427440	446215	7	M	75	A		-1	2135.28162343	[1, 1, 1, 1, 1, 1, 1, 1, 1, 1, 1, 1]
	566748	426924	403513	7	M	180	A		-1	2135.33010419	[1, 1, 1, 1, 1, 1, 1, 1, 1, 1, 1, 1]
	512997	422934	398683	7	M	147	A		-1	2135.46249011	[1, 1, 1, 1, 1, 1, 1, 1, 1, 1, 1, 1]
	435105	329317	319026	6	M	113	A		-1	2135.46701973	[1, 1, 1, 1, 1, 1, 1, 1, 1, 1, 1, 1]
	529111	423496	399424	7	M	68	A		-1	2135.62822949	[1, 1, 1, 1, 1, 1, 1, 1, 1, 1, 1, 0]
	502994	427358	390739	7	M	194	A		-1	2135.93173356	[1, 1, 1, 1, 1, 1, 1, 1, 1, 1, 1, 1]
	507669	422534	399400	7	M	68	A		-1	2137.14886024	[1, 1, 1, 1, 1, 1, 1, 1, 1, 1, 1, 1]
	515688	423239	462021	7	M	154	A		-1	2137.2511479	[1, 1, 1, 1, 1, 1, 1, 1, 1, 1, 1, 1]
	513776	422934	446018	7	M	199	A		-1	2137.35873843	[1, 1, 1, 1, 1, 1, 1, 1, 1, 1, 1, 1]
	497601	494311	471343	7	M	17	A		-1	2137.8858139	[1, 1, 1, 1, 1, 1, 1, 1, 1, 1, 1, 1]
	565719	426924	420682	7	M	36	A		-1	2139.48003989	[1, 1, 1, 1, 1, 1, 1, 1, 1, 1, 1, 1]
	522816	423356	406463	7	M	108	A		-1	2140.10310139	[1, 1, 1, 1, 1, 1, 1, 1, 1, 1, 1, 1]
	501594	427358	465913	7	M	159	A		-1	2140.12601741	[1, 1, 1, 1, 1, 1, 1, 1, 1, 1, 1, 1]
	550186	426337	448195	7	M	172	A		-1	2140.28217642	[1, 1, 1, 1, 1, 1, 1, 1, 1, 1, 1, 1]
	583383	427512	488898	7	M	85	A		-1	2140.60316698	[1, 1, 1, 1, 1, 1, 1, 1, 1, 1, 1, 1]
	497310	494311	479097	7	M	165	A		-1	2140.65966127	[1, 1, 1, 1, 1, 1, 1, 1, 1, 1, 1, 1]
	565008	426924	457422	7	M	69	A		-1	2140.79255066	[1, 1, 1, 1, 1, 1, 1, 1, 1, 1, 1, 1]
	427358	329041	380264	6	M	196	A		-1	2141.03577227	[1, 1, 1, 1, 1, 1, 1, 1, 1, 1, 1, 0]
	496078	494311	483653	7	M	0	A		-1	2141.10269087	[1, 1, 1, 1, 1, 1, 1, 1, 1, 1, 1, 1]
	566524	426924	410636	7	M	22	A		-1	2141.90955996	[1, 1, 1, 1, 1, 1, 1, 1, 1, 1, 1, 1]
	583441	427512	352903	7	M	100	A		-1	2142.51274407	[1, 1, 1, 1, 1, 1, 1, 1, 1, 1, 1, 1]
	532592	423504	321439	7	M	46	A		-1	2143.04034567	[1, 1, 1, 1, 1, 1, 1, 1, 1, 1, 1, 1]
	518509	423239	409942	7	M	51	A		-1	2143.42570577	[1, 1, 1, 1, 1, 1, 1, 1, 1, 1, 1, 1]
	558199	426704	493513	7	M	186	A		-1	2143.58416846	[1, 1, 1, 1, 1, 1, 1, 1, 1, 1, 1, 1]
	539913	426138	409285	7	M	54	A		-1	2143.75960394	[1, 1, 1, 1, 1, 1, 1, 1, 1, 1, 1, 1]
	512092	422934	480172	7	M	76	A		-1	2144.91225786	[1, 1, 1, 1, 1, 1, 1, 1, 1, 1, 1, 1]
	532071	423504	355222	7	M	20	A		-1	2145.23558432	[1, 1, 1, 1, 1, 1, 1, 1, 1, 1, 1, 1]
	577353	431248	352744	7	M	15	A		-1	2145.36837537	[1, 1, 1, 1, 1, 1, 1, 1, 1, 1, 1, 1]
	509473	422934	327904	7	M	159	A		-1	2145.60264194	[1, 1, 1, 1, 1, 1, 1, 1, 1, 1, 1, 1]
	501751	427358	476680	7	M	34	A		-1	2146.04046661	[1, 1, 1, 1, 1, 1, 1, 1, 1, 1, 1, 0]
	497761	494311	431744	7	M	48	A		-1	2146.13215557	[1, 1, 1, 1, 1, 1, 1, 1, 1, 1, 1, 1]
	527668	423496	392361	7	M	104	A		-1	2148.81622254	[1, 1, 1, 1, 1, 1, 1, 1, 1, 1, 1, 0]
	496520	494311	432801	7	M	132	A		-1	2149.00272368	[1, 1, 1, 1, 1, 1, 1, 1, 1, 1, 1, 1]
	435278	329317	302634	6	M	17	A		-1	2149.23173043	[1, 1, 1, 1, 1, 1, 1, 1, 1, 1, 1, 1]
	540906	426138	401823	7	M	44	A		-1	2149.55740065	[1, 1, 1, 1, 1, 1, 1, 1, 1, 1, 1, 1]
	564538	426924	406220	7	M	199	A		-1	2149.88634941	[1, 1, 1, 1, 1, 1, 1, 1, 1, 1, 1, 1]
	553264	426337	492192	7	M	185	A		-1	2150.19184374	[1, 1, 1, 1, 1, 1, 1, 1, 1, 1, 1, 1]
	528026	423496	473288	7	M	169	A		-1	2150.73877527	[1, 1, 1, 1, 1, 1, 1, 1, 1, 1, 1, 0]
	507334	422534	398229	7	M	54	A		-1	2151.54631085	[1, 1, 1, 1, 1, 1, 1, 1, 1, 1, 1, 1]
	549511	426337	473100	7	M	157	A		-1	2151.65984309	[1, 1, 1, 1, 1, 1, 1, 1, 1, 1, 1, 1]
	495069	494311	446494	7	M	46	A		-1	2151.70164472	[1, 1, 1, 1, 1, 1, 1, 1, 1, 1, 1, 1]
	502848	427358	409901	7	M	37	A		-1	2151.70848418	[1, 1, 1, 1, 1, 1, 1, 1, 1, 1, 1, 1]
	584762	428205	399344	7	M	12	A		-1	2152.48509723	[1, 1, 1, 1, 1, 1, 1, 1, 1, 1, 1, 1]
	504618	422534	383270	7	M	157	A		-1	2153.40220093	[1, 1, 1, 1, 1, 1, 1, 1, 1, 1, 1, 1]
	565070	426924	452099	7	M	29	A		-1	2153.78207963	[1, 1, 1, 1, 1, 1, 1, 1, 1, 1, 1, 1]
	500577	427358	444215	7	M	91	A		-1	2154.92580826	[1, 1, 1, 1, 1, 1, 1, 1, 1, 1, 1, 0]
	514705	423239	336480	7	M	47	A		-1	2155.0034873	[1, 1, 1, 1, 1, 1, 1, 1, 1, 1, 1, 1]
	533780	423504	434021	7	M	178	A		-1	2155.64912382	[1, 1, 1, 1, 1, 1, 1, 1, 1, 1, 1, 1]
	542128	426138	481271	7	M	133	A		-1	2155.75104643	[1, 1, 1, 1, 1, 1, 1, 1, 1, 1, 1, 1]
	567787	426924	446064	7	M	85	A		-1	2156.53504502	[1, 1, 1, 1, 1, 1, 1, 1, 1, 1, 1, 1]
	552034	426337	383409	7	M	184	A		-1	2156.60193046	[1, 1, 1, 1, 1, 1, 1, 1, 1, 1, 1, 1]
	543161	426138	478453	7	M	70	A		-1	2156.90127069	[1, 1, 1, 1, 1, 1, 1, 1, 1, 1, 1, 1]
	532924	423504	313268	7	M	96	A		-1	2157.46615605	[1, 1, 1, 1, 1, 1, 1, 1, 1, 1, 1, 1]
	524864	423496	431277	7	M	166	A		-1	2157.51635181	[1, 1, 1, 1, 1, 1, 1, 1, 1, 1, 1, 0]
	496778	494311	475586	7	M	135	A		-1	2157.72874145	[1, 1, 1, 1, 1, 1, 1, 1, 1, 1, 1, 1]
	525262	423496	409988	7	M	0	A		-1	2157.81416372	[1, 1, 1, 1, 1, 1, 1, 1, 1, 1, 1, 0]
	560975	426910	406717	7	M	110	A		-1	2158.60850385	[1, 1, 1, 1, 1, 1, 1, 1, 1, 1, 1, 1]
	560605	426910	456697	7	M	11	A		-1	2158.68104324	[1, 1, 1, 1, 1, 1, 1, 1, 1, 1, 1, 1]
	478030	336452	297768	6	M	0	A		-1	2158.92312586	[1, 1, 1, 1, 1, 1, 1, 1, 1, 1, 1, 1]
	502195	427358	296938	7	M	8	A		-1	2159.95448692	[1, 1, 1, 1, 1, 1, 1, 1, 1, 1, 1, 1]
	522450	423356	420031	7	M	134	A		-1	2160.19600492	[1, 1, 1, 1, 1, 1, 1, 1, 1, 1, 1, 1]
	568465	426924	427346	7	M	151	A		-1	2160.55314388	[1, 1, 1, 1, 1, 1, 1, 1, 1, 1, 1, 1]
	470938	332008	337823	6	M	149	A		-1	2161.81816697	[1, 1, 1, 1, 1, 1, 1, 1, 1, 1, 1, 1]
	501478	427358	449464	7	M	3	A		-1	2162.32661441	[1, 1, 1, 1, 1, 1, 1, 1, 1, 1, 1, 1]
	495299	494311	480215	7	M	190	A		-1	2163.17284438	[1, 1, 1, 1, 1, 1, 1, 1, 1, 1, 1, 1]
	522990	423356	483197	7	M	83	A		-1	2163.56298551	[1, 1, 1, 1, 1, 1, 1, 1, 1, 1, 1, 1]
	533274	423504	493422	7	M	171	A		-1	2164.53784864	[1, 1, 1, 1, 1, 1, 1, 1, 1, 1, 1, 1]
	407903	327709	342469	6	M	153	A		-1	2165.91644033	[1, 1, 1, 1, 1, 1, 1, 1, 1, 1, 1, 0]
	573944	427440	379137	7	M	12	A		-1	2166.58247806	[1, 1, 1, 1, 1, 1, 1, 1, 1, 1, 1, 1]
	568688	426924	411642	7	M	22	A		-1	2167.0477393	[1, 1, 1, 1, 1, 1, 1, 1, 1, 1, 1, 1]
	501616	427358	358644	7	M	24	A		-1	2167.30475286	[1, 1, 1, 1, 1, 1, 1, 1, 1, 1, 1, 1]
	518315	423239	438466	7	M	179	A		-1	2167.57644474	[1, 1, 1, 1, 1, 1, 1, 1, 1, 1, 1, 1]
	544534	426140	425317	7	M	33	A		-1	2168.32136119	[1, 1, 1, 1, 1, 1, 1, 1, 1, 1, 1, 0]
	494640	494311	245789	7	M	18	A		-1	2168.78236117	[1, 1, 1, 1, 1, 1, 1, 1, 1, 1, 1, 1]
	528076	423496	436433	7	M	48	A		-1	2169.13464375	[1, 1, 1, 1, 1, 1, 1, 1, 1, 1, 1, 0]
	578286	431248	435587	7	M	94	A		-1	2169.50046915	[1, 1, 1, 1, 1, 1, 1, 1, 1, 1, 1, 1]
	500318	427358	366761	7	M	16	A		-1	2169.78443899	[1, 1, 1, 1, 1, 1, 1, 1, 1, 1, 1, 0]
	509191	422534	392899	7	M	26	A		-1	2170.35404187	[1, 1, 1, 1, 1, 1, 1, 1, 1, 1, 1, 1]
	572596	427440	404310	7	M	136	A		-1	2170.49461045	[1, 1, 1, 1, 1, 1, 1, 1, 1, 1, 1, 1]
	501516	427358	492749	7	M	35	A		-1	2171.57068958	[1, 1, 1, 1, 1, 1, 1, 1, 1, 1, 1, 0]
	545307	426140	467146	7	M	149	A		-1	2171.81753376	[1, 1, 1, 1, 1, 1, 1, 1, 1, 1, 1, 1]
	524478	423496	451464	7	M	25	A		-1	2171.90654727	[1, 1, 1, 1, 1, 1, 1, 1, 1, 1, 1, 1]
	500265	427358	492418	7	M	18	A		-1	2171.98269956	[1, 1, 1, 1, 1, 1, 1, 1, 1, 1, 1, 1]
	502070	427358	311361	7	M	14	A		-1	2173.03074444	[1, 1, 1, 1, 1, 1, 1, 1, 1, 1, 1, 0]
	501466	427358	358835	7	M	43	A		-1	2173.79192019	[1, 1, 1, 1, 1, 1, 1, 1, 1, 1, 1, 0]
	496845	494311	472152	7	M	29	A		-1	2174.63143752	[1, 1, 1, 1, 1, 1, 1, 1, 1, 1, 1, 1]
	583432	427512	411272	7	M	136	A		-1	2175.08821949	[1, 1, 1, 1, 1, 1, 1, 1, 1, 1, 1, 1]
	567471	426924	436576	7	M	175	A		-1	2175.94065058	[1, 1, 1, 1, 1, 1, 1, 1, 1, 1, 1, 0]
	571808	427440	422224	7	M	148	A		-1	2176.74227918	[1, 1, 1, 1, 1, 1, 1, 1, 1, 1, 1, 1]
	535773	425279	405579	7	M	83	A		-1	2177.18603283	[1, 1, 1, 1, 1, 1, 1, 1, 1, 1, 1, 0]
	543123	426138	420597	7	M	32	A		-1	2177.58162551	[1, 1, 1, 1, 1, 1, 1, 1, 1, 1, 1, 1]
	562419	426910	412276	7	M	75	A		-1	2178.02922497	[1, 1, 0, 1, 1, 1, 1, 1, 1, 1, 1, 1]
	586045	428205	468423	7	M	156	A		-1	2178.04372897	[1, 1, 1, 1, 1, 1, 1, 1, 1, 1, 1, 1]
	502262	427358	434845	7	M	2	A		-1	2178.22100545	[1, 1, 1, 1, 1, 1, 1, 1, 1, 1, 1, 0]
	568867	426924	487636	7	M	172	A		-1	2178.86147707	[1, 1, 1, 1, 1, 1, 1, 1, 1, 1, 1, 1]
	496898	494311	466522	7	M	19	A		-1	2179.4392721	[1, 1, 1, 1, 1, 1, 1, 1, 1, 1, 1, 1]
	502236	427358	258318	7	M	6	A		-1	2179.82161354	[1, 1, 1, 1, 1, 1, 1, 1, 1, 1, 1, 0]
	446756	329655	252847	6	M	58	A		-1	2180.23094383	[1, 1, 1, 1, 1, 1, 1, 1, 1, 1, 1, 1]
	529084	423496	357871	7	M	25	A		-1	2181.91026171	[1, 1, 1, 1, 1, 1, 1, 1, 1, 1, 1, 1]
	526649	423496	472460	7	M	25	A		-1	2182.28051456	[1, 1, 1, 1, 1, 1, 1, 1, 1, 1, 1, 0]
	535346	425279	431282	7	M	4	A		-1	2183.99406836	[0, 1, 1, 1, 1, 1, 1, 1, 1, 1, 1, 1]
	530202	423504	484281	7	M	97	A		-1	2184.02184219	[1, 1, 1, 1, 1, 1, 1, 1, 1, 1, 1, 1]
	586990	428205	407886	7	M	89	A		-1	2184.51718622	[1, 1, 1, 1, 1, 1, 1, 1, 1, 1, 1, 1]
	528965	423496	416951	7	M	196	A		-1	2185.61701486	[1, 1, 1, 1, 1, 1, 1, 1, 1, 1, 1, 0]
	546067	426140	408018	7	M	137	A		-1	2187.37216806	[1, 1, 1, 1, 1, 1, 1, 1, 1, 1, 1, 0]
	574585	431248	462350	7	M	121	A		-1	2187.67764143	[1, 1, 1, 1, 1, 1, 1, 1, 1, 1, 1, 1]
	504787	422534	475706	7	M	106	A		-1	2188.1503524	[1, 1, 1, 1, 1, 1, 1, 1, 1, 1, 1, 1]
	500525	427358	412253	7	M	175	A		-1	2188.34508129	[1, 1, 1, 1, 1, 1, 1, 1, 1, 1, 1, 1]
	535579	425279	371685	7	M	122	A		-1	2188.94903041	[1, 1, 1, 1, 1, 1, 1, 1, 1, 1, 1, 1]
	526316	423496	431332	7	M	200	A		-1	2190.17490659	[1, 1, 1, 1, 1, 1, 1, 1, 1, 1, 1, 0]
	426924	329041	347244	6	M	157	A		-1	2190.95945016	[1, 1, 1, 1, 1, 1, 1, 1, 1, 1, 1, 1]
	499272	494311	487595	7	M	103	A		-1	2191.5708687	[1, 1, 1, 1, 1, 1, 1, 1, 1, 1, 1, 1]
	531482	423504	438630	7	M	38	A		-1	2192.14163567	[1, 1, 1, 1, 1, 1, 1, 1, 1, 1, 1, 1]
	561439	426910	446041	7	M	114	A		-1	2192.14809542	[1, 1, 1, 1, 1, 1, 1, 1, 1, 1, 1, 1]
	537483	425279	395901	7	M	74	A		-1	2192.54349738	[1, 1, 1, 1, 1, 1, 1, 1, 1, 1, 1, 1]
	515405	423239	433513	7	M	75	A		-1	2195.19294717	[1, 1, 1, 1, 1, 1, 1, 1, 1, 1, 1, 1]
	566832	426924	415017	7	M	134	A		-1	2196.45146611	[1, 1, 1, 1, 1, 1, 1, 1, 1, 1, 1, 0]
	526007	423496	453206	7	M	121	A		-1	2197.65684016	[1, 1, 1, 1, 1, 1, 1, 1, 1, 1, 1, -1]
	535608	425279	449948	7	M	182	A		-1	2199.26365189	[1, 1, 1, 1, 1, 1, 1, 1, 1, 1, 1, 1]
	502207	427358	493212	7	M	47	A		-1	2199.6974303	[1, 1, 1, 1, 1, 1, 1, 1, 1, 1, 1, 1]
	535400	425279	483721	7	M	19	A		-1	2199.69945554	[1, 1, 1, 1, 1, 1, 1, 1, 1, 1, 1, 1]
	524871	423496	414325	7	M	1	A		-1	2199.71168497	[1, 1, 1, 1, 1, 1, 1, 1, 1, 1, 1, 0]
	513554	422934	335504	7	M	135	A		-1	2201.27379979	[1, 1, 1, 1, 1, 1, 1, 1, 1, 1, 1, 1]
	518431	423239	369859	7	M	156	A		-1	2201.82413743	[1, 1, 1, 1, 1, 1, 1, 1, 1, 1, 1, 1]
	524475	423496	459716	7	M	39	A		-1	2202.42202447	[1, 1, 1, 1, 1, 1, 1, 1, 1, 1, 1, 0]
	497230	494311	469221	7	M	81	A		-1	2202.60552006	[1, 1, 1, 1, 1, 1, 1, 1, 1, 1, 1, 1]
	503515	427358	321502	7	M	153	A		-1	2202.75177886	[1, 1, 1, 1, 1, 1, 1, 1, 1, 1, 1, 1]
	531790	423504	436153	7	M	13	A		-1	2203.02671177	[1, 1, 1, 1, 1, 1, 1, 1, 1, 1, 1, 1]
	563527	426910	414167	7	M	146	A		-1	2203.89509658	[1, 1, 1, 1, 1, 1, 1, 1, 1, 1, 1, 1]
	512274	422934	415059	7	M	131	A		-1	2204.58218722	[1, 1, 1, 1, 1, 1, 1, 1, 1, 1, 1, 1]
	525180	423496	470503	7	M	63	A		-1	2205.86374809	[1, 1, 1, 1, 1, 1, 1, 1, 1, 1, 1, 0]
	480936	332293	357867	6	M	80	A		-1	2206.05607009	[1, 1, 1, 1, 1, 1, 1, 1, 1, 1, 1, 1]
	403855	331939	298410	6	M	55	A		-1	2206.16883994	[1, 1, 1, 1, 1, 1, 1, 1, 1, 1, 1, 0]
	568368	426924	448305	7	M	28	A		-1	2207.01693696	[1, 1, 1, 1, 1, 1, 1, 1, 1, 1, 1, 1]
	517519	423239	488466	7	M	197	A		-1	2207.93624354	[1, 1, 1, 1, 1, 1, 1, 1, 1, 1, 1, 0]
	509351	422534	407971	7	M	180	A		-1	2208.11351644	[1, 1, 1, 1, 1, 1, 1, 1, 1, 1, 1, 0]
	494756	494311	489351	7	M	197	A		-1	2210.58507581	[1, 1, 1, 1, 1, 1, 1, 1, 1, 1, 1, 1]
	497301	494311	352511	7	M	89	A		-1	2210.89651283	[1, 1, 1, 1, 1, 1, 1, 1, 1, 1, 1, 1]
	561508	426910	475560	7	M	153	A		-1	2211.2001997	[1, 1, 1, 1, 1, 1, 1, 1, 1, 1, 1, 1]
	501841	427358	454194	7	M	103	A		-1	2211.81160073	[1, 1, 1, 1, 1, 1, 1, 1, 1, 1, 1, 1]
	593704	428423	486641	7	M	38	A		-1	2212.22155625	[1, 1, 1, 1, 1, 1, 1, 1, 1, 1, 1, 1]
	526743	423496	491431	7	M	93	A		-1	2212.64427791	[1, 1, 1, 1, 1, 1, 1, 1, 1, 1, 1, 1]
	575938	431248	480454	7	M	115	A		-1	2213.17419414	[1, 1, 1, 1, 1, 1, 1, 1, 1, 1, 1, 1]
	557271	426704	404459	7	M	84	A		-1	2213.5117507	[1, 1, 1, 1, 1, 1, 1, 1, 1, 1, 1, 1]
	525869	423496	328171	7	M	113	A		-1	2214.94469678	[1, 1, 1, 0, 1, 1, 1, 1, 1, 1, 1, 1]
	571822	427440	486561	7	M	105	A		-1	2215.32428315	[1, 1, 1, 1, 1, 1, 1, 1, 1, 1, 1, 1]
	546607	426140	480802	7	M	79	A		-1	2215.66766829	[1, 1, 1, 1, 1, 1, 1, 1, 1, 1, 1, 1]
	565148	426924	322050	7	M	185	A		-1	2216.96900876	[1, 1, 1, 1, 1, 1, 1, 1, 1, 1, 1, 1]
	577304	431248	491101	7	M	45	A		-1	2218.54872841	[1, 1, 1, 1, 1, 1, 1, 1, 1, 1, 1, 1]
	584503	428205	353468	7	M	117	A		-1	2220.48182866	[1, 1, 1, 1, 1, 1, 1, 1, 1, 1, 1, 1]
	500439	427358	442668	7	M	169	A		-1	2220.85918991	[1, 1, 1, 1, 1, 1, 1, 1, 1, 1, 1, 1]
	546442	426140	491446	7	M	193	A		-1	2221.40643644	[1, 1, 1, 1, 1, 1, 1, 1, 1, 1, 1, 1]
	555461	426704	423752	7	M	150	A		-1	2221.49102389	[1, 1, 1, 1, 1, 1, 1, 1, 1, 1, 1, 1]
	508806	422534	463464	7	M	131	A		-1	2223.25227101	[1, 1, 1, 1, 1, 1, 1, 1, 1, 1, 1, 1]
	565366	426924	358154	7	M	194	A		-1	2223.79465338	[1, 1, 1, 1, 1, 1, 1, 1, 1, 1, 1, 1]
	501736	427358	450904	7	M	178	A		-1	2224.79160037	[1, 1, 1, 1, 1, 1, 1, 1, 1, 1, 1, 1]
	477427	336452	394351	6	M	0	A		-1	2227.04853496	[1, 1, 1, 1, 1, 1, 1, 1, 1, 1, 1, 1]
	523023	423356	486031	7	M	176	A		-1	2228.50804126	[1, 1, 1, 1, 1, 1, 1, 1, 1, 1, 1, 1]
	515442	423239	477547	7	M	114	A		-1	2228.87466946	[1, 1, 1, 1, 1, 1, 1, 1, 1, 1, 1, 1]
	516203	423239	451984	7	M	180	A		-1	2229.14243154	[1, 1, 1, 1, 1, 1, 1, 1, 1, 1, 1, 1]
	524675	423496	447043	7	M	80	A		-1	2229.31086669	[1, 1, 1, 1, 1, 1, 1, 1, 1, 1, 1, 1]
	412714	328161	336698	6	M	144	A		-1	2230.0315193	[1, 1, 1, 1, 1, 1, 1, 1, 1, 1, 1, 1]
	566238	426924	401530	7	M	83	A		-1	2232.5590664	[1, 1, 1, 1, 1, 1, 1, 1, 1, 1, 1, 1]
	500181	427358	402914	7	M	184	A		-1	2232.87881215	[1, 1, 1, 1, 1, 1, 1, 1, 1, 1, 1, 0]
	516790	423239	469305	7	M	68	A		-1	2233.54579317	[1, 1, 1, 1, 1, 1, 1, 1, 1, 1, 1, 1]
	555925	426704	491466	7	M	120	A		-1	2233.95837999	[1, 1, 1, 1, 1, 1, 1, 1, 1, 1, 1, 1]
	522802	423356	486785	7	M	74	A		-1	2235.01366568	[1, 1, 1, 1, 1, 1, 1, 1, 1, 1, 1, 1]
	527316	423496	382804	7	M	116	A		-1	2235.26931794	[0, 1, 1, 1, 1, 1, 1, 1, 1, 1, 1, 1]
	520571	423356	430965	7	M	52	A		-1	2236.16554919	[1, 1, 1, 1, 1, 1, 1, 1, 1, 1, 1, 1]
	504103	427358	334141	7	M	24	A		-1	2236.58095321	[1, 1, 1, 1, 1, 1, 1, 1, 1, 1, 1, 0]
	502067	427358	393352	7	M	24	A		-1	2236.65347149	[1, 1, 1, 1, 1, 1, 1, 1, 1, 1, 1, 1]
	556890	426704	451026	7	M	0	A		-1	2236.94618969	[1, 1, 1, 1, 1, 1, 1, 1, 1, 1, 1, 1]
	590970	428423	490324	7	M	70	A		-1	2237.10613377	[1, 1, 1, 1, 1, 1, 1, 1, 1, 1, 1, 1]
	565703	426924	477586	7	M	162	A		-1	2237.21608582	[1, 1, 1, 1, 1, 1, 1, 1, 1, 1, 1, 1]
	506953	422534	478197	7	M	23	A		-1	2237.27193456	[1, 1, 1, 1, 1, 1, 1, 1, 1, 1, 1, 1]
	528063	423496	472548	7	M	103	A		-1	2239.33084637	[1, 1, 1, 1, 1, 1, 1, 1, 1, 1, 1, 0]
	538550	425279	183687	7	M	21	A		-1	2239.73195868	[1, 1, 1, 1, 1, 1, 1, 1, 1, 1, 1, 1]
	574045	427440	425267	7	M	186	A		-1	2239.92224749	[1, 1, 1, 1, 1, 1, 1, 1, 1, 1, 1, 1]
	522026	423356	445962	7	M	88	A		-1	2240.06060404	[1, 1, 1, 1, 1, 1, 1, 1, 1, 1, 1, 1]
	505446	422534	489050	7	M	193	A		-1	2240.08428984	[1, 1, 1, 1, 1, 1, 1, 1, 1, 1, 1, 1]
	568662	426924	444938	7	M	93	A		-1	2240.68602584	[1, 1, 1, 1, 1, 1, 1, 1, 1, 1, 1, 1]
	510285	422934	415735	7	M	114	A		-1	2241.12818151	[1, 1, 1, 1, 1, 1, 1, 1, 1, 1, 1, 1]
	565130	426924	423399	7	M	185	A		-1	2241.68268458	[1, 1, 1, 1, 1, 1, 1, 1, 1, 1, 1, 1]
	560298	426910	451082	7	M	115	A		-1	2243.38422054	[1, 1, 1, 1, 1, 1, 1, 1, 1, 1, 1, 1]
	583604	427512	206751	7	M	154	A		-1	2250.38017069	[1, 1, 1, 1, 1, 1, 1, 1, 1, 1, 1, 1]
	519766	423356	349864	7	M	49	A		-1	2250.87767742	[1, 1, 1, 1, 1, 1, 1, 1, 1, 1, 1, 1]
	511960	422934	405289	7	M	194	A		-1	2251.42141939	[1, 1, 1, 1, 1, 1, 1, 1, 1, 1, 1, 0]
	496373	494311	476595	7	M	150	A		-1	2251.94394986	[1, 1, 1, 1, 1, 1, 1, 1, 1, 1, 1, 1]
	565589	426924	427487	7	M	6	A		-1	2252.25384259	[1, 1, 1, 1, 1, 1, 1, 1, 1, 1, 1, 1]
	515568	423239	434009	7	M	116	A		-1	2255.84851498	[1, 1, 1, 1, 1, 1, 1, 1, 1, 1, 1, 1]
	494944	494311	484026	7	M	118	A		-1	2256.20356965	[1, 1, 1, 1, 1, 1, 1, 1, 1, 1, 1, 1]
	536501	425279	480093	7	M	46	A		-1	2258.30977371	[1, 1, 1, 1, 1, 1, 1, 1, 1, 1, 1, 1]
	518863	423239	402308	7	M	175	A		-1	2258.52312072	[1, 0, 1, 1, 1, 1, 1, 1, 1, 1, 1, 1]
	527350	423496	475881	7	M	32	A		-1	2266.52749648	[1, 1, 1, 1, 1, 1, 1, 1, 1, 1, 1, 0]
	498689	494311	418762	7	M	130	A		-1	2266.59058569	[1, 1, 1, 1, 1, 1, 1, 1, 1, 1, 1, 1]
	552928	426337	433776	7	M	58	A		-1	2268.7244385	[1, 1, 1, 1, 1, 1, 1, 1, 1, 1, 1, 1]
	521567	423356	481218	7	M	26	A		-1	2270.4559396	[1, 1, 1, 1, 1, 1, 1, 1, 1, 1, 1, 1]
	572056	427440	459605	7	M	153	A		-1	2273.26608752	[1, 1, 1, 1, 1, 1, 1, 1, 1, 1, 1, 1]
	589748	428423	451505	7	M	97	A		-1	2273.3777446	[1, 1, 1, 1, 1, 1, 1, 1, 1, 1, 1, 1]
	494554	494311	491931	7	M	142	A		-1	2274.23129684	[1, 1, 1, 1, 1, 1, 1, 1, 1, 1, 1, 1]
	502834	427358	407113	7	M	42	A		-1	2277.70941261	[1, 1, 1, 1, 1, 1, 1, 1, 1, 1, 1, 0]
	530046	423504	469458	7	M	184	A		-1	2278.50863162	[1, 1, 1, 1, 1, 1, 1, 1, 1, 1, 1, 1]
	529357	423496	389739	7	M	22	A		-1	2282.37507316	[1, 1, 1, 1, 1, 1, 1, 1, 1, 1, 1, 0]
	543653	426138	465006	7	M	87	A		-1	2285.2183574	[1, 1, 1, 1, 1, 1, 1, 1, 1, 1, 1, 1]
	519754	423356	324157	7	M	153	A		-1	2285.28454709	[1, 1, 1, 1, 1, 1, 1, 1, 1, 1, 1, 1]
	584288	427512	481303	7	M	164	A		-1	2285.87363249	[1, 1, 1, 1, 1, 1, 1, 1, 1, 1, 1, 1]
	529102	423496	417331	7	M	86	A		-1	2290.87403329	[1, 1, 1, 1, 1, 1, 1, 1, 1, 1, 1, 0]
	495130	494311	469754	7	M	99	A		-1	2292.10853898	[1, 1, 1, 1, 1, 1, 1, 1, 1, 1, 1, 1]
	567540	426924	467185	7	M	135	A		-1	2292.82205467	[1, 1, 1, 1, 1, 1, 1, 1, 1, 1, 1, 1]
	559468	426910	438178	7	M	59	A		-1	2296.98422131	[1, 1, 1, 1, 1, 1, 1, 1, 1, 1, 1, 1]
	508889	422534	431577	7	M	196	A		-1	2297.49174388	[1, 1, 1, 1, 1, 1, 1, 1, 1, 1, 1, 1]
	491664	332733	205867	6	M	43	A		-1	2298.16960929	[1, 1, 1, 1, 1, 1, 1, 1, 1, 1, 1, 1]
	506444	422534	469618	7	M	115	A		-1	2298.24901068	[1, 1, 1, 1, 1, 1, 1, 1, 1, 1, 1, 1]
	593043	428423	443305	7	M	15	A		-1	2299.94651859	[1, 1, 1, 1, 1, 1, 1, 1, 1, 1, 1, 1]
	566743	426924	481515	7	M	126	A		-1	2304.95105105	[1, 1, 1, 1, 1, 1, 1, 1, 1, 1, 1, 1]
	567176	426924	369357	7	M	199	A		-1	2306.65176507	[1, 1, 1, 1, 1, 1, 1, 1, 1, 1, 1, 1]
	520384	423356	454833	7	M	36	A		-1	2313.77301994	[1, 1, 1, 1, 1, 1, 1, 1, 1, 1, 1, 0]
	499454	494311	467331	7	M	89	A		-1	2314.18125883	[1, 1, 1, 1, 1, 1, 1, 1, 1, 1, 1, 1]
	495366	494311	437755	7	M	127	A		-1	2319.14879508	[1, 1, 1, 1, 1, 1, 1, 1, 1, 1, 1, 1]
	561677	426910	414797	7	M	77	A		-1	2325.02276154	[1, 1, 1, 1, 1, 1, 1, 1, 1, 1, 1, 1]
	580348	427512	437477	7	M	55	A		-1	2325.57565247	[1, 1, 1, 1, 1, 1, 1, 1, 1, 1, 1, 1]
	526160	423496	395103	7	M	132	A		-1	2327.10860949	[1, 1, 1, 1, 1, 1, 1, 1, 1, 1, 1, 1]
	567158	426924	315220	7	M	8	A		-1	2327.90325113	[1, 1, 1, 1, 1, 1, 1, 1, 1, 1, 1, 1]
	569210	426924	441778	7	M	100	A		-1	2330.63569697	[1, 1, 1, 1, 1, 1, 1, 1, 1, 1, 1, 1]
	523823	423356	464282	7	M	192	A		-1	2333.54504684	[1, 1, 1, 1, 1, 1, 1, 1, 1, 1, 1, 1]
	590354	428423	448312	7	M	37	A		-1	2337.22684697	[1, 1, 1, 1, 1, 1, 1, 1, 1, 1, 1, 1]
	507568	422534	329040	7	M	114	A		-1	2341.01212331	[0, 1, 1, 1, 1, 1, 1, 1, 1, 1, 1, 1]
	572539	427440	402940	7	M	56	A		-1	2345.36469513	[1, 1, 1, 1, 1, 1, 1, 1, 1, 1, 1, 1]
	504160	427358	434630	7	M	147	A		-1	2347.10915045	[1, 1, 1, 1, 1, 1, 1, 1, 1, 1, 1, 0]
	568331	426924	413272	7	M	72	A		-1	2356.20902634	[1, 1, 1, 1, 1, 1, 1, 1, 1, 1, 1, 1]
	512876	422934	396617	7	M	166	A		-1	2367.21241954	[1, 1, 1, 1, 1, 1, 1, 1, 1, 1, 1, 1]
	550545	426337	431318	7	M	9	A		-1	2400.63566378	[1, 1, 1, 1, 1, 1, 1, 1, 1, 1, 1, 1]
	525119	423496	425878	7	M	32	A		-1	2418.19661128	[1, 1, 1, 1, 1, 1, 1, 1, 1, 1, 1, 1]
	508545	422534	421218	7	M	117	A		-1	2431.79835517	[1, 1, 1, 1, 1, 1, 1, 1, 1, 1, 1, 1]
	519152	423239	443350	7	M	49	A		-1	2446.19716667	[1, 1, 1, 1, 1, 1, 1, 1, 1, 1, 1, 1]
	523018	423356	411971	7	M	97	A		-1	2451.80849158	[1, 1, 1, 1, 1, 1, 1, 1, 1, 1, 1, 1]
	527731	423496	490794	7	M	84	A		-1	2461.95018915	[1, 1, 1, 1, 1, 1, 1, 1, 1, 1, 1, 1]
	558773	426704	472941	7	M	86	A		-1	2477.10174863	[1, 1, 1, 1, 1, 1, 1, 1, 1, 1, 1, 1]
	562116	426910	435468	7	M	86	A		-1	2484.76664443	[1, 1, 1, 1, 1, 1, 1, 1, 1, 1, 1, 1]
	566500	426924	443248	7	M	139	A		-1	2485.33276732	[1, 1, 1, 1, 1, 1, 1, 1, 1, 1, 1, 1]
