animal	sire	dam	born	sex	herd	status	cause	died	TBV	recessives
	520247	421011	398147	7	M	40	A		-1	2037.69075262	[1, 1, 1, 1, 1, 1, 1, 1, 1, 1, 1, 1]
	553499	449589	402773	7	M	50	A		-1	2037.87075931	[1, 1, 1, 1, 1, 0, 1, 1, 1, 1, 1, 1]
	579618	425093	417510	7	M	28	A		-1	2038.16859267	[1, 1, 1, 1, 1, 1, 1, 1, 1, 1, 1, 1]
	526090	493322	454055	7	M	87	A		-1	2038.22353188	[1, 1, 0, 1, 1, 1, 1, 1, 1, 1, 1, 0]
	508347	465093	484943	7	M	50	A		-1	2038.31977092	[1, 1, 1, 1, 1, 1, 1, 1, 1, 1, 1, 1]
	576761	430165	490576	7	M	84	A		-1	2038.4811174	[1, 1, 1, 1, 1, 1, 1, 1, 1, 1, 1, 1]
	580168	400859	343949	7	M	93	A		-1	2038.48989811	[1, 1, 1, 1, 1, 1, 1, 1, 1, 1, 1, 0]
	501465	456345	424786	7	M	88	A		-1	2038.50986252	[1, 1, 1, 1, 1, 1, 1, 1, 1, 1, 1, 0]
	514884	477229	319883	7	M	28	A		-1	2038.99278921	[1, 1, 1, 1, 1, 1, 1, 1, 1, 1, 1, 1]
	553864	461897	483217	7	M	49	A		-1	2039.13868275	[1, 1, 1, 1, 1, 1, 1, 1, 1, 1, 1, 1]
	511664	414076	473556	7	M	14	A		-1	2039.30670721	[1, 1, 1, 1, 1, 1, 1, 1, 1, 1, 1, 1]
	546439	418209	480652	7	M	87	A		-1	2039.76335729	[1, 1, 1, 1, 1, 0, 1, 1, 1, 1, 1, 1]
	526813	463512	451161	7	M	72	A		-1	2039.79752647	[1, 1, 1, 1, 1, 1, 1, 1, 1, 1, 1, 1]
	575438	475388	411200	7	M	3	A		-1	2039.90839893	[1, 0, 1, 1, 1, 1, 1, 1, 1, 1, 1, 1]
	591895	472122	489949	7	M	54	A		-1	2040.00014313	[1, 1, 1, 1, 1, 1, 1, 1, 1, 1, 1, 1]
	539144	452688	347177	7	M	83	A		-1	2040.11750426	[1, 1, 1, 1, 1, 1, 1, 1, 1, 1, 1, 1]
	538167	480867	349690	7	M	88	A		-1	2040.42820593	[1, 1, 1, 0, 1, 1, 1, 1, 1, 1, 1, 1]
	496603	479174	469079	7	M	25	A		-1	2040.8726069	[1, 1, 1, 0, 1, 1, 1, 1, 1, 1, 1, 1]
	518710	396687	449696	7	M	50	A		-1	2041.00002457	[1, 1, 1, 1, 1, 1, 1, 1, 1, 1, 1, 1]
	525696	487234	256686	7	M	63	A		-1	2041.10533611	[1, 1, 1, 1, 1, 1, 1, 1, 1, 1, 1, 0]
	510500	447164	317532	7	M	63	A		-1	2041.15699298	[1, 1, 0, 1, 1, 1, 1, 1, 1, 1, 1, 1]
	513509	444682	461004	7	M	32	A		-1	2041.33311081	[1, 1, 1, 1, 1, 1, 1, 1, 1, 1, 1, 0]
	480867	368764	394081	6	M	5	A		-1	2041.77738317	[1, 1, 1, 1, 1, 1, 1, 1, 1, 1, 1, 1]
	531382	296691	428172	7	M	56	A		-1	2041.94683405	[1, 1, 1, 1, 1, 1, 1, 1, 1, 1, 1, 1]
	591766	480903	439778	7	M	98	A		-1	2042.15550864	[1, 1, 1, 0, 1, 0, 1, 1, 1, 1, 1, 1]
	573087	411061	241778	7	M	87	A		-1	2042.26394299	[1, 1, 1, 1, 1, 1, 1, 1, 1, 1, 1, 1]
	501500	450180	441059	7	M	9	A		-1	2042.39732826	[1, 1, 1, 1, 1, 1, 1, 1, 1, 1, 1, 0]
	553994	474600	296699	7	M	68	A		-1	2042.61438194	[1, 0, 1, 1, 1, 1, 1, 1, 1, 1, 1, 1]
	524660	418429	421117	7	M	83	A		-1	2042.70014433	[1, 1, 1, 1, 1, 1, 1, 1, 1, 1, 1, 1]
	543777	400508	436180	7	M	96	A		-1	2042.74428848	[1, 1, 1, 1, 1, 1, 1, 1, 1, 1, 1, 1]
	580944	472966	445418	7	M	76	A		-1	2043.20794276	[1, 1, 1, 1, 1, 1, 1, 1, 1, 1, 1, 1]
	398843	276255	335851	6	M	32	A		-1	2043.49052569	[1, 1, 1, 1, 1, 1, 1, 1, 1, 1, 1, 1]
	559993	488305	463553	7	M	33	A		-1	2043.87651897	[1, 1, 1, 1, 1, 1, 1, 1, 1, 1, 1, 1]
	501952	453903	490526	7	M	33	A		-1	2044.3911076	[1, 1, 1, 1, 1, 1, 1, 1, 1, 1, 1, 1]
	515892	445749	444053	7	M	0	A		-1	2044.47066433	[1, 1, 1, 1, 1, 1, 1, 1, 1, 1, 1, 1]
	504753	399476	414513	7	M	23	A		-1	2044.50969707	[1, 1, 1, 1, 1, 1, 1, 1, 1, 1, 1, 1]
	523597	414147	299810	7	M	46	A		-1	2044.84653874	[1, 1, 1, 0, 1, 1, 1, 1, 1, 1, 1, 1]
	541870	427731	424931	7	M	9	A		-1	2045.29981289	[1, 1, 1, 1, 1, 1, 1, 1, 1, 1, 1, 1]
	575057	435964	435550	7	M	83	A		-1	2045.33786541	[1, 1, 1, 0, 1, 1, 1, 1, 1, 1, 1, 1]
	531428	426362	434614	7	M	41	A		-1	2045.70871395	[1, 1, 1, 1, 1, 1, 1, 1, 1, 1, 1, 1]
	514727	441138	415049	7	M	9	A		-1	2045.96852561	[0, 1, 0, 1, 1, 1, 1, 1, 1, 1, 1, 1]
	555019	436008	326720	7	M	67	A		-1	2046.15149207	[1, 1, 1, 1, 1, 1, 1, 1, 1, 1, 1, 1]
	554317	445749	465504	7	M	86	A		-1	2046.19460742	[1, 1, 1, 1, 1, 1, 1, 1, 1, 1, 1, 1]
	594292	425888	446147	7	M	76	A		-1	2046.24914998	[1, 0, 1, 1, 1, 1, 1, 1, 1, 1, 1, 1]
	572620	343962	436631	7	M	17	A		-1	2046.26178218	[1, 1, 1, 1, 1, 1, 1, 1, 1, 1, 1, 0]
	568150	437121	322375	7	M	69	A		-1	2046.58541214	[1, 1, 1, 1, 1, 1, 1, 1, 1, 1, 1, 1]
	563962	422017	404641	7	M	43	A		-1	2046.65009518	[1, 1, 1, 1, 1, 1, 1, 1, 1, 1, 1, 1]
	526307	461390	396516	7	M	7	A		-1	2047.01879982	[1, 1, 1, 1, 1, 1, 1, 1, 1, 1, 1, 0]
	528894	426330	428270	7	M	61	A		-1	2047.04596933	[1, 1, 1, 1, 1, 1, 1, 1, 1, 1, 1, 1]
	561713	397028	485717	7	M	58	A		-1	2047.18786546	[1, 1, 1, 1, 1, 1, 1, 1, 1, 1, 1, 1]
	577376	405780	396127	7	M	55	A		-1	2047.37467848	[1, 0, 1, 1, 1, 1, 1, 1, 1, 1, 1, 1]
	557360	437857	299761	7	M	99	A		-1	2047.64517702	[1, 1, 1, 1, 1, 1, 1, 1, 1, 1, 1, 1]
	571295	414848	468388	7	M	25	A		-1	2047.86657231	[1, 1, 1, 1, 1, 1, 1, 1, 1, 1, 1, 1]
	537559	454965	369180	7	M	65	A		-1	2047.8935766	[1, 1, 1, 1, 1, 1, 1, 1, 1, 1, 1, 1]
	567231	448970	296786	7	M	72	A		-1	2048.27828838	[1, 1, 1, 1, 1, 1, 1, 1, 1, 1, 1, 1]
	501560	441013	450315	7	M	46	A		-1	2048.30024691	[1, 1, 1, 1, 1, 1, 1, 1, 1, 1, 1, 1]
	524718	453752	449352	7	M	56	A		-1	2048.69954943	[1, 1, 1, 1, 1, 1, 1, 1, 1, 1, 1, 1]
	517902	395351	428307	7	M	50	A		-1	2049.48022233	[1, 1, 1, 1, 1, 1, 1, 1, 1, 1, 1, 1]
	557507	446435	361580	7	M	56	A		-1	2049.48801421	[1, 1, 0, 1, 1, 1, 1, 1, 1, 1, 1, 1]
	585147	449020	457819	7	M	55	A		-1	2049.53354158	[0, 1, 1, 1, 1, 1, 1, 1, 1, 1, 1, 1]
	434859	339124	319554	6	M	14	A		-1	2049.5690423	[1, 1, 1, 1, 1, 1, 1, 1, 1, 1, 1, 0]
	554043	491576	406039	7	M	60	A		-1	2049.70568614	[1, 1, 1, 1, 1, 1, 1, 1, 1, 1, 1, 1]
	526914	493203	400410	7	M	75	A		-1	2049.75866047	[1, 1, 1, 1, 1, 1, 1, 1, 1, 1, 1, 1]
	554059	412614	492374	7	M	27	A		-1	2050.09103259	[1, 1, 1, 1, 1, 1, 1, 1, 1, 1, 1, 1]
	594640	475388	491617	7	M	35	A		-1	2050.1497231	[1, 1, 1, 1, 1, 1, 1, 1, 1, 1, 1, 1]
	504499	477966	479606	7	M	20	A		-1	2050.19719271	[1, 1, 1, 1, 1, 1, 1, 1, 1, 1, 1, 1]
	552293	406431	453270	7	M	56	A		-1	2050.20115893	[1, 1, 1, 1, 1, 1, 1, 1, 1, 1, 1, 1]
	547191	432164	318304	7	M	94	A		-1	2050.27210808	[1, 1, 1, 1, 1, 1, 1, 1, 1, 1, 1, 1]
	588451	477078	404726	7	M	82	A		-1	2050.88536768	[1, 1, 1, 1, 1, 1, 1, 1, 1, 1, 1, 1]
	575450	446038	444697	7	M	96	A		-1	2051.04670351	[1, 1, 1, 1, 1, 1, 1, 1, 1, 1, 1, 1]
	574476	410782	165395	7	M	32	A		-1	2051.14712992	[1, 1, 1, 1, 1, 1, 1, 1, 1, 1, 1, 1]
	570652	423848	336273	7	M	74	A		-1	2051.20539027	[1, 1, 1, 1, 1, 1, 1, 1, 1, 1, 1, 1]
	561915	416922	457444	7	M	79	A		-1	2051.36974512	[1, 1, 1, 1, 1, 1, 1, 1, 1, 1, 1, 1]
	502980	425093	456689	7	M	13	A		-1	2051.40212811	[1, 1, 0, 1, 1, 1, 1, 1, 1, 1, 1, 1]
	496582	459694	465780	7	M	55	A		-1	2051.78130693	[1, 1, 1, 1, 1, 1, 1, 1, 1, 1, 1, 1]
	432463	336331	198765	6	M	39	A		-1	2052.01450256	[1, 1, 1, 1, 1, 1, 1, 1, 1, 1, 1, 1]
	530727	411061	248382	7	M	33	A		-1	2052.85945784	[0, 1, 1, 1, 1, 1, 1, 1, 1, 1, 1, 1]
	548742	476839	431033	7	M	78	A		-1	2053.38179807	[1, 1, 1, 1, 1, 1, 1, 1, 1, 1, 1, 1]
	541909	403889	477347	7	M	1	A		-1	2053.50877442	[1, 1, 0, 1, 1, 1, 1, 1, 1, 1, 1, 1]
	569463	450405	492014	7	M	49	A		-1	2053.5914407	[1, 1, 1, 1, 1, 1, 1, 1, 1, 1, 1, 1]
	561014	420922	416161	7	M	14	A		-1	2053.68797102	[1, 1, 1, 1, 1, 1, 1, 1, 1, 1, 1, 1]
	585575	443131	437512	7	M	27	A		-1	2054.17130926	[1, 1, 1, 1, 1, 1, 1, 1, 1, 1, 1, 1]
	572145	453903	463765	7	M	78	A		-1	2054.33843867	[1, 1, 1, 1, 1, 1, 1, 1, 1, 1, 1, 1]
	526732	433592	362543	7	M	41	A		-1	2054.89694148	[1, 1, 1, 1, 1, 1, 1, 1, 1, 1, 1, 1]
	576255	469889	401116	7	M	97	A		-1	2055.01178921	[1, 1, 1, 1, 0, 0, 1, 1, 1, 1, 1, 1]
	520928	491553	449211	7	M	63	A		-1	2055.22203206	[1, 1, 1, 0, 1, 1, 1, 1, 1, 1, 1, 1]
	542455	365064	392974	7	M	15	A		-1	2055.24564236	[1, 1, 1, 1, 1, 1, 1, 1, 1, 1, 1, 1]
	550685	463512	427508	7	M	10	A		-1	2055.27037802	[1, 1, 1, 1, 1, 1, 1, 1, 1, 1, 1, 1]
	507704	426737	344946	7	M	84	A		-1	2055.37996356	[1, 1, 1, 1, 1, 1, 1, 1, 1, 1, 1, 1]
	542484	321347	470939	7	M	56	A		-1	2055.7756843	[0, 1, 1, 1, 1, 1, 1, 1, 1, 1, 1, 1]
	546279	417968	392036	7	M	87	A		-1	2055.93145193	[1, 1, 1, 1, 1, 1, 1, 0, 1, 1, 1, 1]
	569038	410782	229407	7	M	13	A		-1	2056.00103332	[1, 1, 1, 1, 1, 1, 1, 1, 1, 1, 1, 1]
	557584	403109	191730	7	M	11	A		-1	2056.36895051	[1, 1, 1, 1, 1, 1, 1, 1, 1, 1, 1, 1]
	512759	444529	451220	7	M	20	A		-1	2057.13674279	[1, 1, 1, 1, 1, 1, 1, 1, 1, 1, 1, 1]
	446435	305491	308974	6	M	52	A		-1	2057.22629169	[1, 1, 0, 1, 1, 1, 1, 1, 1, 1, 1, 1]
	552354	433763	468344	7	M	44	A		-1	2057.39824426	[1, 1, 1, 1, 1, 1, 1, 1, 1, 1, 1, 1]
	531676	457673	465481	7	M	53	A		-1	2057.46902029	[1, 1, 1, 1, 1, 1, 1, 1, 1, 1, 1, 1]
	587489	432164	399382	7	M	54	A		-1	2058.16890075	[1, 0, 1, 1, 1, 1, 1, 1, 1, 1, 1, 1]
	590326	441140	432978	7	M	83	A		-1	2058.31530811	[0, 1, 1, 1, 1, 1, 1, 1, 1, 1, 1, 1]
	589582	440969	409026	7	M	66	A		-1	2058.76530844	[1, 1, 1, 0, 1, 1, 1, 1, 1, 1, 1, 1]
	588830	444731	453963	7	M	87	A		-1	2058.78757929	[1, 1, 1, 1, 1, 1, 1, 1, 1, 1, 1, 1]
	567012	386536	273756	7	M	27	A		-1	2058.91696859	[1, 1, 0, 1, 1, 1, 1, 1, 1, 1, 1, 1]
	522848	420718	472322	7	M	47	A		-1	2058.95728434	[1, 1, 1, 1, 1, 1, 1, 1, 1, 1, 1, 1]
	523920	456177	473226	7	M	51	A		-1	2059.27618521	[1, 1, 1, 1, 1, 1, 1, 1, 1, 1, 1, 1]
	556729	427731	477096	7	M	45	A		-1	2059.46448736	[1, 1, 1, 1, 1, 1, 1, 1, 1, 1, 1, 1]
	510269	441013	432246	7	M	28	A		-1	2059.47491109	[1, 1, 1, 1, 1, 1, 1, 1, 1, 1, 1, 1]
	570057	479141	460552	7	M	59	A		-1	2060.22811004	[1, 1, 1, 1, 1, 1, 1, 1, 1, 1, 1, 1]
	561002	429958	308800	7	M	88	A		-1	2060.42916999	[1, 1, 1, 1, 1, 1, 1, 1, 1, 1, 1, 1]
	560545	451485	414196	7	M	2	A		-1	2060.47769696	[1, 1, 1, 0, 1, 1, 1, 1, 1, 1, 1, 1]
	556972	478885	449355	7	M	44	A		-1	2060.52814808	[1, 1, 1, 1, 1, 1, 1, 1, 1, 1, 1, 1]
	427731	340268	310027	6	M	28	A		-1	2060.65299484	[1, 1, 1, 1, 1, 1, 1, 1, 1, 1, 1, 1]
	547391	459930	416744	7	M	72	A		-1	2061.17821884	[1, 1, 1, 1, 1, 1, 1, 1, 1, 1, 1, 1]
	485249	252524	75498	6	M	93	A		-1	2061.2298819	[1, 1, 1, 1, 1, 1, 1, 1, 1, 1, 1, 1]
	513027	417968	407514	7	M	1	A		-1	2061.24565898	[1, 1, 1, 1, 1, 1, 1, 1, 1, 1, 1, 1]
	500025	423848	450904	7	M	56	A		-1	2061.53878378	[1, 1, 1, 1, 1, 1, 1, 1, 1, 1, 1, 1]
	588157	435221	422292	7	M	20	A		-1	2061.54865286	[1, 1, 1, 1, 1, 1, 1, 1, 1, 1, 1, 0]
	547972	489819	410392	7	M	26	A		-1	2062.0175896	[1, 1, 1, 1, 1, 1, 1, 1, 1, 1, 1, 1]
	472092	322786	307794	6	M	0	A		-1	2062.08507696	[1, 1, 0, 1, 1, 1, 1, 1, 1, 1, 1, 1]
	567309	375121	432459	7	M	59	A		-1	2062.1133267	[1, 1, 1, 1, 1, 1, 1, 1, 1, 1, 1, 1]
	546142	445463	379696	7	M	61	A		-1	2062.3286773	[1, 1, 1, 1, 1, 1, 1, 1, 1, 1, 1, 1]
	541803	355613	432129	7	M	41	A		-1	2062.59498944	[1, 1, 1, 1, 1, 1, 1, 1, 1, 1, 1, 1]
	497957	404306	438971	7	M	100	A		-1	2062.93867108	[1, 1, 1, 1, 1, 1, 1, 0, 1, 1, 1, 1]
	495549	458686	462380	7	M	56	A		-1	2062.95446966	[1, 1, 1, 1, 1, 1, 1, 1, 1, 1, 1, 1]
	546443	446038	299447	7	M	41	A		-1	2063.28756921	[1, 1, 1, 0, 1, 1, 1, 1, 1, 1, 1, 1]
	540165	409789	456045	7	M	37	A		-1	2063.45702886	[1, 1, 1, 1, 1, 1, 1, 1, 1, 1, 1, 1]
	453903	326395	394387	6	M	72	A		-1	2063.80063647	[1, 1, 1, 1, 1, 1, 1, 1, 1, 1, 1, 0]
	571681	480903	467756	7	M	66	A		-1	2063.97924784	[1, 1, 1, 1, 1, 1, 1, 1, 1, 1, 1, 1]
	587281	402512	451603	7	M	91	A		-1	2064.65214617	[1, 1, 1, 1, 1, 1, 1, 1, 1, 1, 1, 1]
	566851	487291	471152	7	M	52	A		-1	2064.66897685	[1, 1, 1, 1, 1, 1, 1, 1, 1, 1, 1, 1]
	540697	443131	466611	7	M	67	A		-1	2064.75950318	[1, 1, 1, 1, 1, 1, 1, 1, 1, 1, 1, 1]
	583434	421480	397428	7	M	92	A		-1	2065.54427894	[1, 0, 1, 1, 1, 1, 1, 1, 1, 1, 1, 1]
	559491	425093	246232	7	M	83	A		-1	2065.55116325	[1, 1, 1, 1, 1, 1, 1, 1, 1, 1, 1, 1]
	516489	476147	308373	7	M	9	A		-1	2066.24999549	[1, 1, 1, 1, 1, 1, 1, 1, 1, 1, 1, 1]
	564076	456982	444380	7	M	66	A		-1	2066.30815081	[1, 1, 1, 0, 1, 1, 1, 1, 1, 1, 1, 1]
	507476	479141	447622	7	M	18	A		-1	2066.51131785	[1, 0, 1, 1, 1, 0, 1, 1, 1, 1, 1, 1]
	573837	424211	466549	7	M	47	A		-1	2066.54852515	[1, 1, 1, 1, 1, 1, 1, 1, 1, 1, 1, 1]
	506119	477667	488701	7	M	33	A		-1	2067.08511218	[1, 1, 1, 1, 1, 1, 1, 1, 1, 1, 1, 1]
	520980	488437	490851	7	M	80	A		-1	2067.19735515	[1, 1, 1, 1, 1, 1, 1, 1, 1, 1, 1, 1]
	502033	466566	252474	7	M	22	A		-1	2067.31823818	[1, 1, 1, 1, 1, 1, 1, 1, 1, 1, 1, 1]
	506685	427651	422817	7	M	87	A		-1	2067.498676	[1, 1, 1, 1, 1, 0, 1, 1, 1, 1, 1, 1]
	588095	459861	468652	7	M	35	A		-1	2067.52497807	[1, 1, 1, 0, 1, 1, 1, 1, 1, 1, 1, 1]
	588802	458236	443579	7	M	31	A		-1	2067.62624115	[1, 1, 1, 1, 1, 1, 1, 1, 1, 1, 1, 1]
	559317	475283	427969	7	M	3	A		-1	2067.79897593	[1, 1, 1, 1, 1, 1, 1, 1, 1, 1, 1, 1]
	527416	412614	434562	7	M	58	A		-1	2068.64693642	[1, 1, 1, 1, 1, 1, 1, 1, 1, 1, 1, 1]
	549436	429958	489691	7	M	6	A		-1	2068.95375121	[1, 1, 1, 1, 1, 1, 1, 1, 1, 1, 1, 1]
	584329	440442	311927	7	M	73	A		-1	2069.1394075	[1, 0, 1, 1, 1, 1, 1, 1, 1, 1, 1, 1]
	556811	459930	457381	7	M	18	A		-1	2069.40519653	[1, 1, 1, 1, 1, 1, 1, 1, 1, 1, 1, 1]
	511949	458782	426233	7	M	54	A		-1	2069.57792648	[1, 1, 1, 1, 1, 1, 1, 1, 1, 1, 1, 1]
	504505	438147	462011	7	M	80	A		-1	2071.34754708	[1, 1, 1, 1, 1, 1, 1, 0, 1, 1, 1, 1]
	420718	296596	348011	6	M	63	A		-1	2071.56995568	[1, 1, 1, 1, 1, 1, 1, 1, 1, 1, 1, 1]
	505900	463812	358736	7	M	76	A		-1	2071.66451051	[1, 1, 1, 1, 1, 1, 1, 1, 1, 1, 1, 1]
	500448	450141	451347	7	M	29	A		-1	2071.71448807	[1, 0, 1, 1, 1, 1, 1, 1, 1, 1, 1, 1]
	529951	429707	427956	7	M	46	A		-1	2072.05707677	[1, 1, 1, 1, 1, 1, 1, 1, 1, 1, 1, 0]
	423842	309697	332916	6	M	79	A		-1	2072.45389482	[1, 1, 1, 1, 1, 1, 1, 1, 1, 1, 1, 1]
	461046	391958	386930	6	M	86	A		-1	2072.6414037	[1, 1, 1, 1, 1, 1, 1, 1, 1, 1, 1, 1]
	547316	437857	400254	7	M	56	A		-1	2073.30302583	[1, 1, 1, 1, 1, 1, 1, 1, 1, 1, 1, 1]
	566781	324155	488887	7	M	73	A		-1	2073.30388064	[1, 1, 1, 1, 1, 1, 1, 1, 1, 1, 1, 0]
	586015	443481	302943	7	M	12	A		-1	2073.41933102	[1, 1, 1, 1, 1, 1, 1, 1, 1, 1, 1, 1]
	572580	401431	444868	7	M	7	A		-1	2074.12334854	[1, 1, 1, 1, 1, 1, 1, 1, 1, 1, 1, 1]
	577899	434859	398415	7	M	29	A		-1	2074.84248471	[1, 1, 1, 1, 1, 1, 1, 1, 1, 1, 1, 1]
	537290	449020	418047	7	M	11	A		-1	2075.19577286	[1, 1, 1, 1, 1, 1, 1, 1, 1, 1, 1, 1]
	513468	435221	174889	7	M	78	A		-1	2075.73629243	[1, 1, 1, 1, 1, 1, 1, 1, 1, 1, 1, 1]
	581260	452661	454812	7	M	98	A		-1	2076.15566214	[1, 1, 1, 1, 1, 1, 1, 1, 1, 1, 1, 1]
	398598	383581	326807	6	M	30	A		-1	2076.48825637	[1, 1, 1, 1, 1, 1, 1, 1, 1, 1, 1, 1]
	519920	457359	443921	7	M	19	A		-1	2076.53366196	[1, 1, 1, 1, 1, 1, 1, 1, 1, 1, 1, 0]
	502922	438870	493708	7	M	49	A		-1	2076.91011974	[1, 1, 1, 1, 1, 1, 1, 1, 1, 1, 1, 1]
	519574	407366	440112	7	M	75	A		-1	2077.07407708	[1, 1, 1, 1, 1, 1, 1, 1, 1, 1, 1, 1]
	562104	478912	294759	7	M	82	A		-1	2077.79915443	[1, 1, 1, 1, 1, 1, 1, 1, 1, 1, 1, 1]
	524491	466150	409841	7	M	37	A		-1	2078.68954498	[1, 1, 1, 1, 1, 1, 1, 1, 1, 1, 1, 1]
	582651	485103	317892	7	M	61	A		-1	2078.758503	[1, 1, 1, 1, 1, 1, 1, 1, 1, 1, 1, 1]
	577286	474412	321659	7	M	99	A		-1	2078.95262698	[1, 1, 1, 1, 1, 1, 1, 1, 1, 1, 1, 1]
	559908	419632	470740	7	M	4	A		-1	2079.16702971	[1, 1, 1, 1, 1, 1, 1, 1, 1, 1, 1, 1]
	560347	407366	467998	7	M	43	A		-1	2079.353375	[1, 1, 1, 1, 1, 1, 1, 1, 1, 1, 1, 1]
	593512	487234	359518	7	M	99	A		-1	2079.60778964	[1, 1, 1, 1, 1, 1, 1, 1, 1, 1, 1, 0]
	516300	445352	436297	7	M	78	A		-1	2079.88519013	[1, 1, 1, 1, 1, 1, 1, 1, 1, 1, 1, 1]
	544129	463812	436687	7	M	75	A		-1	2080.06263216	[1, 1, 1, 1, 1, 1, 1, 1, 1, 1, 1, 1]
	564094	355908	429735	7	M	1	A		-1	2080.66222992	[1, 1, 1, 1, 1, 1, 1, 1, 1, 1, 1, 1]
	582324	422895	451538	7	M	56	A		-1	2080.79181283	[1, 1, 1, 1, 1, 1, 1, 1, 1, 1, 1, 1]
	559520	449921	488582	7	M	43	A		-1	2081.28467437	[1, 1, 1, 1, 1, 1, 1, 1, 1, 1, 1, 1]
	523804	343962	454666	7	M	16	A		-1	2081.77423135	[1, 1, 1, 1, 1, 1, 1, 1, 1, 1, 1, 0]
	436088	335545	351839	6	M	77	A		-1	2082.03010765	[1, 1, 1, 1, 1, 1, 1, 1, 1, 1, 1, 1]
	545788	469357	346095	7	M	47	A		-1	2082.04993221	[1, 1, 1, 1, 1, 0, 1, 1, 1, 1, 1, 1]
	526936	446668	351444	7	M	11	A		-1	2082.55857163	[1, 1, 1, 1, 0, 1, 1, 1, 1, 1, 1, 0]
	517028	466566	283870	7	M	64	A		-1	2082.66437632	[1, 1, 1, 1, 1, 1, 1, 1, 1, 1, 1, 1]
	565300	478885	210932	7	M	46	A		-1	2082.91033838	[1, 1, 1, 1, 1, 1, 1, 1, 1, 1, 1, 1]
	519066	487801	492653	7	M	40	A		-1	2083.02922165	[1, 1, 1, 1, 1, 1, 1, 1, 1, 1, 1, 0]
	437857	316862	310507	6	M	33	A		-1	2083.04881056	[1, 1, 1, 1, 1, 1, 1, 1, 1, 1, 1, 1]
	523474	398018	493333	7	M	28	A		-1	2083.13058139	[1, 1, 1, 1, 1, 1, 1, 1, 1, 1, 1, 1]
	553111	466936	426420	7	M	38	A		-1	2083.14477187	[1, 1, 1, 1, 1, 1, 1, 1, 1, 1, 1, 1]
	550752	428935	420048	7	M	28	A		-1	2083.14785114	[1, 1, 1, 1, 1, 1, 1, 1, 1, 1, 1, 1]
	523075	480655	350590	7	M	36	A		-1	2083.92050827	[1, 1, 1, 1, 1, 1, 1, 1, 1, 1, 1, 1]
	508155	487801	436885	7	M	8	A		-1	2083.99586697	[1, 1, 1, 1, 1, 1, 1, 1, 1, 1, 1, 1]
	567326	410782	315745	7	M	58	A		-1	2084.52122813	[1, 1, 0, 1, 1, 1, 1, 1, 1, 1, 0, 1]
	532123	466936	492531	7	M	71	A		-1	2084.72440027	[1, 1, 1, 1, 1, 1, 1, 1, 1, 1, 1, 1]
	533293	468952	463189	7	M	30	A		-1	2085.2007617	[1, 1, 1, 1, 1, 1, 1, 1, 1, 1, 1, 1]
	582993	433763	439573	7	M	100	A		-1	2085.23253094	[1, 1, 1, 0, 1, 1, 1, 1, 1, 1, 1, 1]
	516438	443593	233596	7	M	34	A		-1	2085.51362718	[1, 1, 1, 1, 1, 1, 1, 1, 1, 1, 1, 1]
	536548	468217	413997	7	M	52	A		-1	2085.61596589	[1, 1, 1, 1, 1, 1, 1, 1, 1, 1, 1, 1]
	539590	468217	491136	7	M	16	A		-1	2085.66760935	[1, 1, 1, 1, 1, 1, 1, 1, 1, 1, 1, 1]
	559794	413964	399525	7	M	67	A		-1	2086.16904142	[1, 0, 1, 1, 1, 1, 1, 1, 1, 1, 1, 1]
	532393	446520	467320	7	M	17	A		-1	2086.24993756	[1, 1, 1, 1, 1, 1, 1, 1, 1, 1, 1, 1]
	573953	459771	468418	7	M	5	A		-1	2087.45231237	[1, 0, 1, 1, 1, 1, 1, 1, 1, 1, 1, 1]
	516601	479141	460452	7	M	57	A		-1	2087.76276608	[1, 1, 1, 1, 1, 1, 1, 1, 1, 1, 1, 1]
	558417	456177	485596	7	M	27	A		-1	2088.00524534	[1, 0, 1, 1, 1, 1, 1, 1, 1, 1, 1, 1]
	500851	399954	416068	7	M	50	A		-1	2088.51165279	[1, 0, 0, 1, 1, 1, 1, 1, 1, 1, 1, 0]
	582661	447188	483035	7	M	64	A		-1	2088.71110983	[1, 1, 1, 1, 1, 1, 1, 1, 1, 1, 1, 1]
	577719	464325	409682	7	M	94	A		-1	2088.72022386	[1, 1, 1, 1, 1, 1, 1, 1, 1, 1, 1, 1]
	497231	452543	387118	7	M	58	A		-1	2088.79669539	[1, 1, 1, 1, 1, 1, 1, 1, 1, 1, 1, 1]
	518162	418876	413564	7	M	89	A		-1	2089.90063544	[1, 1, 1, 0, 1, 1, 1, 1, 1, 1, 1, 1]
	479174	319370	347016	6	M	38	A		-1	2089.94223115	[1, 1, 1, 0, 1, 1, 1, 1, 1, 1, 1, 1]
	522699	458782	352332	7	M	97	A		-1	2090.073621	[1, 1, 1, 1, 1, 1, 1, 1, 1, 1, 1, 1]
	579637	433088	440402	7	M	34	A		-1	2090.204795	[1, 1, 0, 1, 1, 1, 1, 1, 1, 1, 1, 1]
	554098	421620	439761	7	M	36	A		-1	2090.33981145	[1, 1, 1, 1, 1, 1, 1, 1, 1, 1, 0, 1]
	504302	443593	481618	7	M	81	A		-1	2090.41924865	[1, 1, 1, 1, 1, 1, 1, 1, 1, 1, 1, 1]
	517423	406431	334273	7	M	3	A		-1	2091.09450145	[1, 1, 1, 1, 1, 1, 1, 1, 1, 1, 1, 1]
	554162	471186	460018	7	M	3	A		-1	2091.19142814	[1, 1, 1, 1, 1, 1, 1, 1, 1, 1, 1, 0]
	575104	412782	332629	7	M	1	A		-1	2091.66245917	[1, 1, 1, 1, 1, 1, 1, 1, 1, 1, 1, 1]
	557629	473868	442911	7	M	0	A		-1	2091.69242425	[1, 1, 1, 1, 1, 1, 1, 1, 1, 0, 1, 1]
	499080	480903	452764	7	M	82	A		-1	2091.9581295	[1, 1, 1, 1, 1, 0, 1, 1, 1, 1, 1, 1]
	548350	428915	460613	7	M	91	A		-1	2092.17047018	[1, 1, 1, 1, 1, 1, 1, 1, 1, 1, 1, 1]
	465093	380727	323300	6	M	1	A		-1	2092.47353719	[1, 1, 1, 1, 1, 1, 1, 1, 1, 1, 1, 1]
	591186	435245	427323	7	M	50	A		-1	2092.74273876	[1, 1, 1, 0, 1, 1, 1, 1, 1, 1, 1, 1]
	586323	435915	493421	7	M	20	A		-1	2092.78858008	[1, 1, 1, 1, 1, 1, 1, 1, 1, 1, 1, 1]
	594309	455192	248667	7	M	66	A		-1	2093.27783023	[1, 1, 1, 1, 1, 1, 1, 1, 1, 1, 1, 1]
	495461	466150	453395	7	M	98	A		-1	2093.3294711	[1, 1, 1, 1, 1, 1, 1, 1, 1, 1, 1, 1]
	549028	470135	490703	7	M	49	A		-1	2094.14624223	[1, 1, 1, 1, 1, 1, 1, 1, 1, 1, 1, 1]
	449921	392885	115521	6	M	61	A		-1	2094.62575002	[1, 1, 1, 1, 1, 1, 1, 1, 1, 1, 1, 1]
	525106	487009	439791	7	M	17	A		-1	2095.9900815	[1, 1, 1, 1, 1, 1, 1, 1, 1, 1, 1, 1]
	515943	427218	470536	7	M	46	A		-1	2096.16891326	[1, 1, 1, 1, 1, 1, 1, 1, 1, 1, 1, 1]
	536061	423842	430357	7	M	89	A		-1	2096.65942496	[1, 1, 1, 1, 1, 1, 1, 1, 1, 1, 1, 0]
	541345	473868	453234	7	M	73	A		-1	2096.94155586	[1, 1, 1, 0, 1, 1, 1, 1, 1, 1, 1, 1]
	579841	386536	410689	7	M	72	A		-1	2097.247531	[1, 1, 1, 1, 1, 1, 1, 1, 1, 1, 1, 1]
	559706	437857	295589	7	M	38	A		-1	2097.93235889	[1, 1, 1, 1, 1, 1, 1, 1, 1, 1, 1, 1]
	555475	443593	476877	7	M	69	A		-1	2098.97499832	[1, 1, 1, 1, 1, 1, 1, 1, 1, 1, 1, 1]
	558228	452661	440769	7	M	76	A		-1	2099.00448695	[1, 1, 1, 1, 1, 1, 1, 1, 1, 1, 1, 0]
	499551	476176	478374	7	M	77	A		-1	2099.96796223	[1, 1, 1, 1, 1, 1, 1, 1, 1, 1, 1, 1]
	502552	445090	468492	7	M	25	A		-1	2100.04189271	[1, 1, 1, 1, 1, 1, 1, 1, 1, 1, 1, 1]
	575668	458843	417499	7	M	21	A		-1	2100.16669567	[1, 1, 1, 1, 1, 1, 1, 0, 1, 1, 1, 1]
	555299	428915	487576	7	M	24	A		-1	2100.21019416	[1, 1, 1, 1, 1, 1, 1, 1, 1, 1, 1, 1]
	561300	454940	441705	7	M	65	A		-1	2100.38813105	[1, 1, 1, 1, 1, 1, 1, 1, 1, 1, 1, 1]
	541389	445090	457186	7	M	91	A		-1	2100.65048614	[1, 1, 1, 1, 1, 1, 1, 1, 1, 1, 1, 1]
	544635	436863	298723	7	M	99	A		-1	2102.19834948	[1, 1, 1, 1, 1, 1, 1, 1, 1, 1, 1, 0]
	538323	486772	476835	7	M	28	A		-1	2102.55943847	[1, 1, 1, 1, 1, 1, 1, 1, 1, 1, 1, 1]
	512324	400859	436552	7	M	59	A		-1	2103.32007084	[1, 1, 1, 1, 1, 1, 1, 1, 1, 1, 1, 1]
	508233	405421	443443	7	M	14	A		-1	2103.61702571	[1, 1, 1, 1, 1, 1, 1, 1, 1, 1, 1, 1]
	465653	345681	314821	6	M	56	A		-1	2103.68544453	[1, 1, 1, 1, 1, 1, 1, 1, 1, 1, 1, 1]
	540962	443481	435332	7	M	73	A		-1	2104.87527513	[1, 1, 1, 1, 1, 1, 1, 1, 1, 1, 1, 1]
	571812	487291	352929	7	M	72	A		-1	2105.08567049	[1, 1, 1, 1, 1, 1, 1, 1, 1, 1, 1, 1]
	551884	380246	446049	7	M	17	A		-1	2105.28807276	[1, 1, 1, 0, 1, 0, 1, 1, 1, 1, 1, 1]
	586623	456345	441911	7	M	15	A		-1	2105.66549387	[1, 1, 1, 1, 1, 1, 1, 1, 1, 1, 1, 1]
	581709	410547	437866	7	M	49	A		-1	2106.18270173	[1, 1, 1, 1, 1, 1, 1, 1, 1, 1, 1, 1]
	585911	459304	397873	7	M	46	A		-1	2106.30616678	[1, 1, 1, 1, 1, 1, 1, 1, 1, 1, 1, 1]
	571324	486554	401061	7	M	12	A		-1	2106.61209269	[1, 1, 1, 1, 1, 1, 1, 1, 1, 1, 1, 1]
	407817	333727	349445	6	M	22	A		-1	2106.97083493	[1, 1, 1, 1, 1, 1, 1, 1, 1, 1, 1, 1]
	548348	445749	417750	7	M	30	A		-1	2107.89474942	[1, 1, 1, 1, 1, 1, 1, 1, 1, 1, 1, 1]
	565574	479266	425947	7	M	69	A		-1	2108.37261216	[1, 1, 1, 1, 1, 1, 1, 1, 1, 1, 1, 1]
	501759	465653	481344	7	M	86	A		-1	2108.65250766	[1, 1, 1, 1, 1, 1, 1, 1, 1, 1, 1, 1]
	523541	446430	370059	7	M	11	A		-1	2108.6570932	[1, 1, 0, 1, 1, 1, 1, 1, 1, 1, 1, 1]
	504983	383581	308028	7	M	73	A		-1	2108.7646897	[1, 1, 1, 0, 1, 1, 1, 1, 1, 1, 1, 1]
	527277	246660	486499	7	M	29	A		-1	2109.14353583	[1, 1, 1, 1, 1, 1, 1, 1, 1, 1, 1, 1]
	510961	444529	437250	7	M	40	A		-1	2109.248786	[1, 1, 1, 1, 1, 1, 1, 1, 1, 1, 1, 1]
	572801	425810	465471	7	M	25	A		-1	2109.4441408	[1, 1, 1, 1, 1, 1, 1, 1, 1, 1, 1, 1]
	584118	441282	420438	7	M	98	A		-1	2109.85449103	[1, 1, 1, 1, 1, 1, 1, 1, 1, 1, 1, 1]
	576408	452688	425422	7	M	79	A		-1	2109.9780396	[1, 1, 1, 1, 1, 1, 1, 1, 1, 1, 1, 1]
	588203	410141	466087	7	M	85	A		-1	2110.08471494	[1, 1, 1, 1, 1, 1, 1, 1, 1, 1, 1, 1]
	592834	491576	372504	7	M	69	A		-1	2110.44227865	[1, 1, 1, 1, 1, 1, 1, 1, 1, 1, 1, 1]
	506647	430949	404131	7	M	71	A		-1	2110.66359476	[1, 1, 1, 1, 1, 1, 1, 1, 1, 1, 1, 1]
	500604	399106	428950	7	M	64	A		-1	2111.06862049	[1, 1, 1, 1, 1, 1, 1, 1, 1, 1, 1, 1]
	593906	481916	480605	7	M	31	A		-1	2111.08975219	[1, 1, 1, 1, 1, 1, 1, 1, 1, 1, 1, 1]
	570438	427947	487102	7	M	94	A		-1	2111.15269214	[0, 1, 1, 1, 1, 1, 0, 0, 1, 1, 1, 1]
	569878	436008	480390	7	M	36	A		-1	2111.46055711	[1, 1, 1, 1, 1, 1, 1, 1, 1, 1, 1, 1]
	423848	367375	186932	6	M	6	A		-1	2111.46541843	[1, 1, 1, 1, 1, 1, 1, 1, 1, 1, 1, 1]
	503412	389681	457967	7	M	35	A		-1	2111.61773117	[0, 1, 1, 1, 1, 1, 1, 1, 1, 1, 1, 1]
	541029	487801	417050	7	M	12	A		-1	2112.09840223	[1, 1, 1, 1, 1, 1, 1, 1, 1, 1, 1, 1]
	548093	399106	415284	7	M	33	A		-1	2112.44954901	[1, 1, 1, 1, 1, 1, 1, 1, 1, 1, 1, 1]
	542000	437857	399357	7	M	47	A		-1	2112.53984856	[1, 1, 1, 1, 1, 1, 1, 1, 1, 1, 1, 1]
	502862	476981	404870	7	M	66	A		-1	2112.63891528	[1, 1, 1, 1, 1, 1, 1, 1, 1, 1, 1, 1]
	591161	429250	413316	7	M	67	A		-1	2113.24375118	[1, 1, 1, 1, 1, 1, 1, 1, 1, 1, 1, 1]
	536187	432533	415465	7	M	84	A		-1	2113.32801091	[1, 1, 1, 1, 1, 1, 1, 1, 1, 1, 1, 1]
	529182	418593	492893	7	M	68	A		-1	2113.382549	[0, 1, 1, 1, 1, 1, 1, 1, 1, 1, 1, 1]
	510017	421205	426318	7	M	18	A		-1	2113.57371663	[1, 1, 1, 1, 1, 1, 1, 1, 1, 1, 1, 1]
	532808	466588	484485	7	M	33	A		-1	2113.96010255	[1, 1, 1, 1, 1, 1, 1, 1, 1, 1, 1, 1]
	478912	388966	364113	6	M	45	A		-1	2114.51602075	[1, 1, 1, 1, 1, 1, 1, 1, 1, 1, 1, 1]
	496656	411061	414046	7	M	52	A		-1	2115.55962063	[1, 1, 1, 1, 1, 1, 1, 1, 1, 1, 1, 1]
	572589	472092	472286	7	M	41	A		-1	2115.94371406	[1, 0, 0, 1, 1, 1, 1, 1, 1, 1, 1, 1]
	512066	432164	488630	7	M	38	A		-1	2116.25533579	[1, 1, 1, 1, 1, 1, 1, 1, 1, 1, 1, 1]
	496976	421480	219752	7	M	90	A		-1	2117.70876608	[1, 1, 1, 1, 1, 1, 1, 1, 1, 1, 1, 1]
	479141	347822	375354	6	M	58	A		-1	2118.07716404	[1, 1, 1, 1, 1, 0, 1, 1, 1, 1, 1, 1]
	583333	414565	417729	7	M	33	A		-1	2118.47089328	[1, 1, 1, 1, 1, 1, 1, 1, 1, 1, 1, 1]
	555723	444263	463345	7	M	70	A		-1	2118.9264136	[0, 1, 1, 1, 1, 1, 1, 1, 1, 1, 1, 1]
	584409	445463	404852	7	M	98	A		-1	2119.20596097	[1, 1, 1, 1, 1, 1, 1, 1, 1, 1, 1, 1]
	538393	456904	452860	7	M	19	A		-1	2120.09316394	[1, 1, 1, 1, 0, 1, 1, 1, 1, 1, 1, 1]
	583977	417595	448063	7	M	8	A		-1	2120.42461576	[1, 1, 1, 1, 1, 1, 1, 1, 1, 1, 1, 1]
	593291	446312	412452	7	M	50	A		-1	2120.70636873	[1, 0, 1, 1, 1, 1, 1, 1, 1, 1, 1, 1]
	555116	412782	383338	7	M	32	A		-1	2120.89205059	[1, 1, 1, 1, 1, 1, 1, 1, 1, 1, 1, 1]
	506866	438870	494136	7	M	12	A		-1	2121.05591907	[1, 1, 1, 1, 1, 1, 1, 1, 1, 1, 1, 1]
	576782	471882	492477	7	M	96	A		-1	2121.10046961	[1, 1, 1, 1, 1, 1, 1, 0, 1, 1, 1, 0]
	540560	479266	352255	7	M	23	A		-1	2121.23700934	[1, 1, 1, 1, 1, 1, 1, 1, 1, 1, 1, 1]
	412782	335540	357645	6	M	8	A		-1	2122.36668203	[1, 1, 1, 1, 1, 1, 1, 1, 1, 1, 1, 1]
	531593	409799	414022	7	M	30	A		-1	2122.74205387	[1, 1, 1, 1, 1, 1, 1, 1, 1, 1, 1, 1]
	562923	467317	456808	7	M	58	A		-1	2123.23337103	[1, 1, 1, 0, 1, 1, 1, 1, 1, 1, 1, 0]
	578206	493833	424594	7	M	18	A		-1	2123.44889558	[0, 1, 1, 1, 1, 1, 1, 1, 1, 1, 1, 1]
	528646	370314	338907	7	M	17	A		-1	2123.9641376	[1, 1, 1, 1, 1, 1, 1, 1, 1, 1, 1, 1]
	585196	486772	467615	7	M	23	A		-1	2125.81644635	[1, 1, 1, 1, 1, 1, 1, 1, 1, 1, 1, 1]
	580370	441138	420355	7	M	19	A		-1	2126.79299679	[1, 1, 1, 1, 1, 1, 1, 1, 1, 1, 1, 1]
	505621	398598	437182	7	M	81	A		-1	2126.84118985	[1, 1, 1, 1, 1, 1, 1, 1, 1, 1, 1, 1]
	586383	442195	477242	7	M	28	A		-1	2127.34618282	[1, 1, 1, 1, 1, 1, 1, 1, 1, 1, 1, 1]
	538961	451485	483310	7	M	71	A		-1	2127.4567505	[1, 1, 1, 1, 1, 1, 1, 1, 1, 1, 1, 1]
	586081	439229	491780	7	M	85	A		-1	2128.97998346	[1, 1, 1, 1, 1, 1, 1, 1, 1, 1, 1, 1]
	591172	472435	344441	7	M	19	A		-1	2129.11919779	[1, 1, 1, 1, 1, 1, 1, 1, 1, 1, 1, 1]
	557461	438735	440693	7	M	57	A		-1	2129.37107382	[1, 1, 1, 1, 1, 1, 1, 1, 1, 1, 1, 1]
	515984	491204	403530	7	M	95	A		-1	2130.05406405	[1, 1, 1, 1, 1, 0, 1, 1, 1, 1, 1, 1]
	503263	460316	444407	7	M	22	A		-1	2130.10069954	[1, 1, 1, 1, 1, 1, 1, 1, 1, 1, 1, 0]
	513853	457370	470892	7	M	53	A		-1	2131.95452637	[1, 1, 1, 1, 1, 1, 1, 1, 1, 1, 1, 1]
	500918	468952	397905	7	M	83	A		-1	2132.33241348	[1, 1, 1, 1, 1, 1, 1, 1, 1, 1, 1, 1]
	529498	406112	452427	7	M	46	A		-1	2132.57132963	[1, 1, 1, 1, 1, 1, 1, 1, 1, 1, 1, 0]
	523362	485501	419540	7	M	81	A		-1	2132.89588874	[1, 1, 1, 1, 1, 1, 1, 1, 1, 1, 1, 1]
	587456	414229	452294	7	M	70	A		-1	2133.04551149	[1, 1, 1, 1, 1, 1, 1, 1, 1, 1, 1, 1]
	432164	340599	307719	6	M	27	A		-1	2133.11243116	[1, 1, 1, 1, 1, 1, 1, 1, 1, 1, 1, 1]
	580990	436342	412467	7	M	89	A		-1	2134.39868899	[1, 1, 1, 1, 1, 1, 1, 1, 1, 1, 1, 1]
	565718	481823	235862	7	M	22	A		-1	2134.46069038	[0, 1, 1, 1, 1, 1, 1, 1, 1, 1, 1, 1]
	478885	341916	333471	6	M	18	A		-1	2134.57514368	[1, 1, 1, 1, 1, 1, 1, 1, 1, 1, 1, 1]
	568796	411482	453686	7	M	26	A		-1	2134.81414306	[1, 1, 1, 1, 1, 1, 1, 1, 1, 1, 1, 1]
	543033	491204	331895	7	M	39	A		-1	2135.00393598	[1, 1, 1, 1, 1, 1, 1, 1, 1, 1, 1, 1]
	557057	470135	328355	7	M	2	A		-1	2135.7240198	[1, 1, 1, 1, 1, 1, 1, 1, 1, 1, 1, 1]
	506782	436342	407885	7	M	69	A		-1	2135.78825705	[1, 1, 1, 1, 1, 1, 1, 1, 1, 1, 1, 1]
	458782	365177	195666	6	M	45	A		-1	2135.92256588	[1, 1, 1, 1, 1, 1, 1, 1, 1, 1, 1, 1]
	542464	428935	418646	7	M	47	A		-1	2137.26208976	[1, 1, 1, 1, 1, 1, 1, 1, 1, 1, 1, 1]
	582040	447164	486811	7	M	51	A		-1	2137.44761144	[1, 1, 1, 1, 1, 1, 1, 1, 1, 1, 1, 1]
	546960	488437	377882	7	M	41	A		-1	2137.54873946	[1, 1, 1, 1, 1, 1, 1, 1, 1, 1, 1, 0]
	518224	487009	488964	7	M	32	A		-1	2137.60608392	[1, 0, 1, 1, 1, 1, 1, 1, 1, 1, 1, 1]
	507043	480277	259865	7	M	100	A		-1	2137.66406	[1, 1, 1, 1, 1, 1, 1, 1, 1, 1, 1, 1]
	572563	489819	442634	7	M	64	A		-1	2137.71482461	[1, 1, 1, 1, 1, 1, 1, 1, 1, 1, 1, 1]
	560725	409789	412233	7	M	14	A		-1	2137.9499309	[1, 1, 1, 1, 1, 1, 1, 1, 1, 1, 1, 1]
	515599	430292	400311	7	M	37	A		-1	2138.56373973	[1, 1, 1, 0, 1, 1, 1, 1, 1, 1, 1, 1]
	524313	313782	411689	7	M	12	A		-1	2139.33218875	[1, 1, 1, 1, 1, 1, 1, 1, 1, 1, 1, 1]
	499497	399106	303196	7	M	82	A		-1	2139.35677917	[1, 1, 1, 1, 1, 1, 1, 1, 1, 1, 1, 1]
	496141	480655	468578	7	M	88	A		-1	2139.41610551	[1, 1, 1, 1, 1, 1, 1, 1, 1, 1, 1, 1]
	531118	478912	359763	7	M	12	A		-1	2139.46101781	[1, 1, 1, 1, 1, 1, 1, 1, 1, 1, 1, 1]
	530499	453782	462630	7	M	13	A		-1	2140.63136226	[1, 1, 1, 0, 1, 1, 1, 1, 1, 1, 1, 1]
	522730	426883	481041	7	M	65	A		-1	2140.94718777	[1, 1, 1, 1, 1, 1, 1, 1, 1, 1, 1, 1]
	566013	446430	445617	7	M	33	A		-1	2141.39430074	[1, 1, 1, 0, 1, 1, 1, 1, 1, 1, 0, 1]
	518491	491553	425482	7	M	32	A		-1	2141.76634465	[1, 1, 1, 1, 1, 1, 1, 1, 1, 1, 1, 1]
	573906	437793	493395	7	M	27	A		-1	2141.94936607	[1, 1, 1, 1, 1, 1, 1, 1, 1, 1, 1, 1]
	495769	449921	448106	7	M	82	A		-1	2141.96179003	[1, 1, 1, 1, 1, 1, 1, 1, 1, 1, 1, 1]
	587009	493833	396642	7	M	89	A		-1	2142.70464482	[1, 1, 1, 1, 1, 1, 1, 1, 1, 1, 1, 1]
	498296	415867	447811	7	M	48	A		-1	2143.29786387	[1, 1, 1, 1, 1, 1, 1, 1, 1, 1, 1, 1]
	590043	487009	430098	7	M	99	A		-1	2143.53637658	[1, 0, 1, 1, 1, 1, 1, 1, 1, 1, 1, 1]
	551985	416922	214545	7	M	64	A		-1	2143.63703442	[1, 1, 1, 1, 1, 1, 1, 1, 1, 1, 1, 1]
	565329	453903	471036	7	M	99	A		-1	2143.9220715	[1, 1, 1, 1, 1, 1, 1, 1, 1, 1, 1, 0]
	536671	398749	470086	7	M	59	A		-1	2144.13042842	[1, 0, 1, 1, 1, 1, 1, 1, 1, 1, 1, 1]
	536944	452688	437398	7	M	19	A		-1	2144.75256844	[1, 1, 1, 1, 1, 1, 1, 1, 1, 1, 1, 1]
	557202	392885	469698	7	M	62	A		-1	2145.21813137	[1, 1, 1, 1, 1, 1, 1, 1, 1, 1, 1, 1]
	554680	407818	467014	7	M	45	A		-1	2146.34299937	[1, 1, 1, 1, 1, 1, 1, 1, 1, 1, 1, 0]
	522230	465942	457245	7	M	84	A		-1	2146.65521369	[1, 0, 1, 1, 1, 1, 1, 1, 1, 1, 1, 1]
	523210	405339	441266	7	M	3	A		-1	2146.9497582	[1, 1, 1, 1, 1, 1, 1, 1, 1, 1, 1, 1]
	542073	435915	432263	7	M	61	A		-1	2147.05487957	[0, 1, 1, 1, 1, 1, 1, 1, 1, 1, 1, 1]
	552932	423848	408516	7	M	94	A		-1	2147.40722232	[1, 1, 1, 1, 1, 1, 1, 1, 1, 1, 1, 1]
	594865	434466	433328	7	M	26	A		-1	2148.02553797	[1, 1, 1, 1, 1, 1, 1, 1, 1, 1, 1, 1]
	469889	373683	313074	6	M	95	A		-1	2149.02648238	[1, 1, 1, 1, 0, 0, 1, 1, 1, 1, 1, 1]
	587389	494642	472689	7	M	2	A		-1	2149.3876524	[1, 1, 1, 1, 1, 1, 1, 1, 1, 1, 1, 1]
	547596	476462	360459	7	M	70	A		-1	2149.47655199	[1, 1, 1, 1, 1, 1, 1, 1, 1, 1, 1, 1]
	543829	485103	404199	7	M	24	A		-1	2149.83669832	[1, 1, 1, 1, 1, 1, 1, 1, 1, 1, 1, 0]
	579225	398018	456749	7	M	6	A		-1	2151.35229594	[1, 1, 1, 1, 1, 1, 1, 1, 1, 1, 1, 1]
	555939	313782	438159	7	M	11	A		-1	2152.02849242	[1, 1, 1, 1, 1, 1, 1, 1, 1, 1, 1, 1]
	575311	487234	365453	7	M	53	A		-1	2152.32069831	[1, 1, 1, 1, 1, 1, 1, 1, 1, 1, 1, 0]
	517059	452688	356896	7	M	21	A		-1	2152.46485464	[1, 1, 1, 1, 1, 1, 1, 1, 1, 1, 1, 1]
	523976	457370	386494	7	M	21	A		-1	2152.51871429	[1, 1, 1, 1, 1, 1, 1, 1, 1, 1, 1, 1]
	545581	467990	408904	7	M	85	A		-1	2152.82292747	[1, 1, 1, 1, 1, 1, 1, 1, 1, 1, 1, 1]
	576409	486554	477187	7	M	28	A		-1	2153.07710717	[1, 1, 1, 1, 1, 1, 1, 1, 1, 1, 1, 1]
	496651	414229	492329	7	M	75	A		-1	2154.49818642	[1, 1, 0, 1, 1, 1, 1, 1, 1, 1, 1, 1]
	520478	468952	459102	7	M	79	A		-1	2155.80260537	[1, 1, 1, 1, 1, 1, 1, 1, 1, 1, 1, 1]
	445749	350862	385065	6	M	69	A		-1	2156.27118517	[1, 1, 1, 1, 1, 1, 1, 1, 1, 1, 1, 1]
	520386	389681	395980	7	M	60	A		-1	2156.40037907	[1, 1, 1, 1, 1, 1, 1, 1, 1, 1, 1, 1]
	414147	290306	309490	6	M	2	A		-1	2158.32898466	[1, 1, 1, 0, 1, 1, 1, 1, 1, 1, 1, 1]
	537352	420718	489473	7	M	48	A		-1	2158.47057911	[1, 1, 1, 1, 1, 1, 1, 1, 1, 1, 1, 1]
	503349	392885	434640	7	M	99	A		-1	2159.61596037	[1, 1, 1, 0, 1, 1, 1, 1, 1, 1, 1, 1]
	445463	341879	324990	6	M	8	A		-1	2160.46024512	[1, 1, 1, 1, 1, 1, 1, 1, 1, 1, 1, 1]
	539088	421480	400782	7	M	5	A		-1	2160.67792207	[1, 0, 1, 1, 1, 1, 1, 1, 1, 1, 1, 1]
	516294	441955	472375	7	M	21	A		-1	2161.73920091	[1, 1, 1, 1, 1, 1, 1, 1, 1, 1, 1, 1]
	517732	466150	464395	7	M	61	A		-1	2163.24244811	[1, 1, 1, 1, 1, 1, 1, 1, 1, 1, 1, 1]
	564457	485107	462147	7	M	24	A		-1	2164.00522735	[1, 1, 1, 1, 1, 1, 1, 1, 1, 1, 1, 1]
	569794	330556	406226	7	M	59	A		-1	2164.06026864	[1, 1, 1, 1, 1, 1, 1, 1, 1, 1, 1, 1]
	557457	406291	460417	7	M	25	A		-1	2164.20080102	[1, 1, 1, 1, 1, 1, 1, 1, 1, 1, 1, 1]
	532720	414147	443826	7	M	47	A		-1	2164.62572892	[1, 1, 1, 1, 1, 1, 1, 1, 1, 1, 1, 1]
	505559	423579	459439	7	M	9	A		-1	2166.58099096	[1, 1, 1, 1, 1, 1, 1, 1, 1, 1, 1, 1]
	508746	472966	452957	7	M	85	A		-1	2166.66583892	[1, 1, 1, 1, 1, 1, 1, 1, 1, 1, 1, 1]
	579811	456345	306444	7	M	55	A		-1	2167.36463445	[1, 1, 1, 1, 1, 1, 1, 1, 1, 1, 1, 1]
	506486	487422	399814	7	M	8	A		-1	2168.35882444	[1, 1, 1, 1, 1, 1, 1, 1, 1, 1, 1, 1]
	507637	426330	461385	7	M	35	A		-1	2168.68595428	[1, 1, 1, 1, 1, 1, 1, 1, 1, 1, 1, 1]
	592257	426737	439334	7	M	48	A		-1	2168.96949942	[1, 1, 1, 1, 1, 1, 1, 1, 1, 1, 1, 1]
	521721	437857	393512	7	M	46	A		-1	2170.16839442	[1, 1, 1, 1, 1, 1, 1, 1, 1, 1, 1, 1]
	551195	478433	478942	7	M	82	A		-1	2172.5652708	[1, 1, 1, 1, 1, 1, 1, 1, 1, 1, 1, 1]
	548836	396027	411261	7	M	53	A		-1	2174.70701147	[1, 1, 1, 0, 1, 1, 1, 1, 1, 1, 1, 1]
	549977	411085	221840	7	M	40	A		-1	2175.39770468	[1, 1, 1, 1, 1, 1, 1, 1, 1, 1, 1, 0]
	584448	302135	467979	7	M	76	A		-1	2175.90157983	[1, 1, 0, 1, 1, 1, 1, 1, 1, 1, 1, 1]
	566134	452023	426921	7	M	91	A		-1	2176.37240403	[1, 1, 1, 1, 1, 1, 1, 1, 1, 1, 1, 1]
	558743	428915	408502	7	M	76	A		-1	2176.69681652	[1, 1, 1, 1, 1, 1, 1, 1, 1, 1, 1, 1]
	480277	322602	303309	6	M	51	A		-1	2178.43783272	[1, 1, 1, 1, 1, 1, 1, 1, 1, 1, 1, 1]
	585423	445090	483972	7	M	72	A		-1	2179.81273139	[1, 1, 1, 1, 1, 1, 1, 1, 1, 1, 1, 1]
	560762	493576	451969	7	M	76	A		-1	2180.37955491	[1, 1, 1, 1, 1, 1, 1, 1, 1, 1, 1, 1]
	594315	458782	494333	7	M	27	A		-1	2183.09373111	[1, 1, 1, 1, 1, 1, 1, 1, 1, 1, 1, 1]
	512747	416005	414101	7	M	74	A		-1	2183.49732584	[1, 1, 1, 1, 1, 1, 1, 1, 1, 1, 1, 0]
	399106	340589	354134	6	M	52	A		-1	2183.76464787	[1, 1, 1, 1, 1, 1, 1, 1, 1, 1, 1, 1]
	533145	441583	414571	7	M	1	A		-1	2183.96647523	[1, 1, 1, 1, 1, 1, 1, 1, 1, 1, 1, 1]
	549235	411061	412009	7	M	32	A		-1	2185.39634148	[1, 1, 1, 1, 1, 1, 1, 1, 1, 1, 1, 1]
	514386	398966	419652	7	M	91	A		-1	2186.17425578	[1, 1, 1, 1, 1, 1, 1, 1, 1, 1, 1, 1]
	535040	446038	488704	7	M	4	A		-1	2187.49177842	[1, 1, 1, 1, 1, 1, 1, 1, 1, 1, 1, 1]
	567418	246660	422025	7	M	81	A		-1	2188.23954256	[1, 1, 1, 1, 1, 1, 1, 1, 1, 1, 1, 1]
	585819	487226	481010	7	M	98	A		-1	2188.49891707	[1, 1, 1, 1, 1, 1, 1, 1, 1, 1, 1, 1]
	411061	365314	310705	6	M	65	A		-1	2188.81573937	[1, 1, 1, 1, 1, 1, 1, 1, 1, 1, 1, 1]
	584288	414147	386992	7	M	52	A		-1	2190.01175488	[1, 1, 1, 0, 1, 1, 1, 1, 1, 1, 1, 1]
	502513	455192	419960	7	M	62	A		-1	2190.34594573	[1, 1, 1, 1, 1, 1, 1, 1, 1, 1, 1, 1]
	511433	445749	485687	7	M	62	A		-1	2191.26068729	[1, 1, 1, 1, 1, 1, 1, 1, 1, 1, 1, 1]
	563233	458782	492668	7	M	78	A		-1	2191.63741022	[1, 1, 1, 1, 1, 1, 1, 1, 1, 1, 1, 1]
	551477	478912	346844	7	M	49	A		-1	2192.17230186	[1, 1, 1, 1, 1, 1, 1, 1, 1, 1, 1, 1]
	574668	452688	450547	7	M	39	A		-1	2192.59719833	[1, 1, 1, 1, 1, 1, 1, 1, 1, 1, 1, 1]
	515111	456345	472688	7	M	38	A		-1	2192.62998386	[1, 1, 1, 1, 1, 1, 1, 1, 1, 1, 1, 1]
	542383	404187	425010	7	M	20	A		-1	2195.07745612	[1, 1, 1, 1, 1, 1, 1, 1, 1, 1, 1, 1]
	517681	466566	435341	7	M	36	A		-1	2195.56037499	[1, 1, 1, 1, 1, 1, 1, 1, 1, 1, 1, 1]
	522701	450742	449976	7	M	40	A		-1	2196.36398655	[0, 1, 1, 1, 1, 1, 1, 1, 1, 1, 1, 1]
	541574	480277	483864	7	M	2	A		-1	2197.57173639	[1, 1, 1, 1, 1, 1, 1, 1, 1, 1, 1, 1]
	591041	407366	438894	7	M	75	A		-1	2199.69619813	[1, 1, 1, 1, 1, 1, 1, 1, 1, 1, 1, 1]
	525262	486229	442469	7	M	51	A		-1	2200.44058149	[1, 1, 1, 1, 1, 1, 1, 1, 1, 1, 1, 1]
	557093	468215	306456	7	M	34	A		-1	2201.63854269	[1, 1, 1, 1, 1, 1, 1, 1, 1, 1, 1, 1]
	538722	450141	457770	7	M	9	A		-1	2206.35282084	[1, 0, 1, 1, 1, 1, 1, 1, 1, 1, 1, 0]
	552378	491204	398451	7	M	32	A		-1	2208.00512628	[1, 1, 1, 1, 1, 1, 1, 1, 1, 1, 1, 1]
	547848	477229	438559	7	M	90	A		-1	2210.81999034	[1, 1, 1, 1, 1, 1, 1, 1, 1, 1, 1, 1]
	591619	491450	489724	7	M	10	A		-1	2211.58983301	[1, 1, 1, 1, 1, 1, 1, 1, 1, 1, 1, 1]
	560124	446304	419966	7	M	90	A		-1	2212.28673811	[1, 1, 1, 1, 1, 1, 1, 1, 1, 1, 1, 1]
	500384	481276	458506	7	M	66	A		-1	2214.05422497	[1, 1, 1, 1, 1, 1, 1, 1, 1, 1, 1, 1]
	581868	479141	316139	7	M	27	A		-1	2214.05793618	[1, 1, 1, 1, 1, 0, 1, 1, 1, 1, 1, 1]
	521321	443649	457603	7	M	67	A		-1	2216.3613835	[1, 1, 1, 1, 1, 1, 1, 1, 1, 1, 1, 1]
	520393	461390	425383	7	M	10	A		-1	2218.79493884	[1, 1, 1, 1, 1, 1, 1, 1, 1, 1, 1, 0]
	516272	476176	418201	7	M	49	A		-1	2219.04386126	[1, 1, 1, 1, 1, 1, 1, 1, 1, 1, 1, 1]
	502729	410782	377784	7	M	42	A		-1	2220.48327951	[1, 1, 1, 1, 1, 1, 1, 1, 1, 1, 0, 0]
	550460	470162	422723	7	M	51	A		-1	2220.75481687	[1, 1, 1, 1, 1, 1, 1, 1, 1, 1, 1, 1]
	525025	476981	478841	7	M	71	A		-1	2220.87834577	[1, 1, 1, 1, 1, 1, 1, 1, 1, 1, 1, 1]
	542471	440993	403065	7	M	0	A		-1	2222.99667136	[1, 1, 1, 1, 1, 1, 1, 1, 1, 1, 1, 1]
	445352	394600	329396	6	M	48	A		-1	2224.96653191	[1, 1, 1, 1, 1, 1, 1, 1, 1, 1, 1, 1]
	573750	417968	403563	7	M	72	A		-1	2225.25704848	[1, 1, 1, 1, 1, 1, 1, 0, 1, 1, 1, 1]
	581306	465093	479875	7	M	37	A		-1	2225.4431449	[1, 1, 1, 1, 1, 1, 1, 1, 1, 1, 1, 0]
	585425	478811	367946	7	M	68	A		-1	2227.38997391	[1, 1, 1, 0, 1, 1, 1, 1, 1, 1, 1, 1]
	523155	465093	494739	7	M	37	A		-1	2227.56668786	[1, 1, 1, 1, 1, 1, 1, 1, 1, 1, 1, 1]
	537746	456177	443149	7	M	54	A		-1	2230.47112619	[1, 1, 1, 1, 1, 1, 1, 1, 1, 1, 1, 1]
	565350	489819	446833	7	M	82	A		-1	2230.76025438	[1, 1, 1, 1, 1, 1, 1, 1, 1, 1, 1, 1]
	522575	415867	472710	7	M	36	A		-1	2233.31310866	[1, 1, 1, 1, 1, 1, 1, 1, 1, 1, 1, 1]
	511550	466953	403795	7	M	19	A		-1	2234.59532086	[1, 1, 1, 1, 1, 1, 1, 1, 1, 1, 1, 1]
	504264	421556	311934	7	M	24	A		-1	2238.46825864	[1, 1, 1, 1, 1, 1, 1, 1, 1, 1, 1, 0]
	515455	492442	393210	7	M	32	A		-1	2238.86951349	[1, 1, 1, 1, 1, 1, 1, 1, 1, 1, 1, 1]
	557912	449921	307659	7	M	36	A		-1	2241.14558531	[1, 1, 1, 1, 1, 1, 1, 1, 1, 1, 1, 1]
	572612	458782	463897	7	M	25	A		-1	2241.91308322	[1, 1, 1, 0, 1, 1, 1, 1, 1, 1, 1, 1]
	500929	459694	310091	7	M	2	A		-1	2242.74205651	[1, 1, 1, 1, 1, 1, 1, 1, 1, 1, 1, 1]
	512028	414147	398584	7	M	9	A		-1	2243.65480889	[1, 1, 1, 1, 1, 1, 1, 1, 1, 1, 1, 1]
	536617	453903	431478	7	M	73	A		-1	2245.79854534	[1, 1, 1, 1, 1, 1, 1, 1, 1, 1, 1, 1]
	532000	463512	454414	7	M	48	A		-1	2246.59907353	[1, 1, 1, 1, 1, 1, 1, 1, 1, 1, 1, 1]
	526472	414076	465244	7	M	95	A		-1	2247.90383974	[1, 1, 1, 1, 1, 1, 1, 1, 1, 1, 1, 1]
	571226	438147	452158	7	M	42	A		-1	2253.56124767	[1, 1, 1, 1, 1, 1, 1, 1, 1, 1, 1, 1]
	560501	399034	463798	7	M	97	A		-1	2254.10552636	[1, 1, 1, 1, 1, 1, 1, 1, 1, 1, 1, 0]
	576242	410141	410284	7	M	53	A		-1	2254.1615729	[1, 1, 1, 1, 1, 1, 1, 1, 1, 1, 1, 1]
	517929	450412	294950	7	M	79	A		-1	2255.61128045	[1, 1, 1, 1, 1, 1, 1, 1, 1, 1, 1, 1]
	540118	478912	469744	7	M	89	A		-1	2257.92625722	[1, 1, 1, 1, 1, 1, 1, 1, 1, 1, 1, 1]
	499146	476136	412821	7	M	11	A		-1	2257.96924268	[1, 1, 1, 1, 1, 1, 1, 1, 1, 1, 1, 1]
	559115	438735	397770	7	M	54	A		-1	2258.64550625	[1, 1, 1, 1, 1, 1, 1, 1, 1, 1, 1, 1]
	524739	355908	396268	7	M	8	A		-1	2263.15428384	[0, 1, 1, 1, 1, 1, 1, 1, 1, 1, 1, 1]
	510086	445463	430012	7	M	72	A		-1	2266.96840707	[1, 1, 1, 1, 1, 1, 1, 1, 1, 1, 1, 1]
	519472	421445	445157	7	M	23	A		-1	2271.79203393	[1, 1, 1, 1, 1, 1, 1, 1, 1, 1, 1, 1]
	519501	457724	416003	7	M	48	A		-1	2277.30143372	[1, 1, 1, 1, 1, 1, 1, 1, 1, 1, 1, 0]
	496324	445352	425983	7	M	10	A		-1	2277.90702211	[1, 1, 1, 1, 1, 1, 1, 1, 1, 1, 1, 1]
	519446	414076	469202	7	M	37	A		-1	2278.84217361	[1, 1, 1, 1, 1, 1, 1, 1, 1, 1, 1, 1]
	561847	478885	406732	7	M	26	A		-1	2279.22151468	[1, 1, 1, 1, 1, 1, 1, 1, 1, 1, 1, 1]
	561021	479855	397907	7	M	84	A		-1	2279.76370835	[1, 1, 1, 1, 1, 1, 1, 1, 1, 1, 1, 1]
	529885	437857	381095	7	M	94	A		-1	2280.55679124	[1, 1, 1, 1, 1, 1, 1, 1, 1, 1, 1, 1]
	508451	427218	416932	7	M	74	A		-1	2286.62184974	[1, 1, 1, 1, 1, 1, 1, 1, 1, 1, 1, 1]
	544634	395649	428221	7	M	95	A		-1	2290.38158603	[1, 1, 1, 1, 1, 1, 1, 1, 1, 1, 1, 1]
	517689	396687	412524	7	M	14	A		-1	2294.80068122	[1, 1, 1, 1, 1, 1, 1, 1, 1, 1, 1, 1]
	591827	355908	401160	7	M	21	A		-1	2303.28052365	[1, 1, 1, 1, 1, 1, 1, 1, 1, 1, 1, 1]
	526937	450412	406925	7	M	11	A		-1	2316.94437668	[1, 1, 1, 1, 1, 1, 1, 1, 1, 1, 1, 0]
	511343	410141	408193	7	M	68	A		-1	2318.52375928	[1, 1, 1, 1, 1, 1, 1, 1, 1, 1, 1, 1]
	575485	434859	419203	7	M	8	A		-1	2319.801866	[1, 1, 1, 1, 1, 1, 1, 1, 1, 1, 1, 0]
	567330	467990	422576	7	M	75	A		-1	2324.27147025	[1, 1, 1, 1, 1, 1, 1, 1, 1, 1, 1, 1]
	550410	414147	349445	7	M	22	A		-1	2324.64169448	[1, 1, 1, 1, 1, 1, 1, 1, 1, 1, 1, 1]
	524324	468047	476149	7	M	17	A		-1	2325.67474157	[1, 1, 1, 1, 1, 1, 1, 1, 1, 1, 1, 1]
	564358	414076	259645	7	M	18	A		-1	2330.03421698	[1, 1, 1, 1, 1, 1, 1, 1, 1, 1, 1, 1]
	539018	428577	413052	7	M	77	A		-1	2330.58296326	[1, 1, 1, 1, 1, 1, 1, 1, 1, 1, 1, 1]
	521786	466994	491201	7	M	19	A		-1	2341.83659821	[1, 1, 1, 1, 1, 1, 1, 1, 1, 1, 1, 1]
	578930	450141	463893	7	M	35	A		-1	2345.63005124	[1, 1, 1, 1, 1, 1, 1, 1, 1, 1, 1, 1]
	557369	468616	311467	7	M	58	A		-1	2347.94534138	[1, 1, 1, 1, 1, 1, 1, 1, 1, 1, 1, 1]
	530275	491450	475542	7	M	0	A		-1	2352.7734288	[1, 1, 1, 1, 1, 1, 1, 1, 1, 1, 1, 1]
	516420	445352	431422	7	M	68	A		-1	2371.00784714	[1, 1, 1, 1, 1, 1, 1, 1, 1, 1, 1, 1]
	569468	453903	327003	7	M	19	A		-1	2381.32949381	[1, 1, 1, 1, 1, 1, 1, 1, 1, 1, 1, 0]
	558346	441955	420217	7	M	46	A		-1	2382.71457298	[1, 1, 1, 1, 1, 1, 1, 1, 1, 1, 1, 1]
	565035	440969	449169	7	M	60	A		-1	2390.42180533	[1, 1, 1, 0, 1, 1, 1, 1, 1, 1, 1, 1]
	530308	476147	396276	7	M	73	A		-1	2395.2134304	[1, 1, 0, 1, 1, 1, 1, 1, 1, 1, 1, 0]
	535983	467990	481250	7	M	60	A		-1	2400.14131822	[1, 1, 1, 0, 1, 1, 1, 1, 1, 1, 1, 1]
	501503	422127	402961	7	M	77	A		-1	2405.30799013	[1, 1, 1, 1, 1, 1, 1, 1, 1, 1, 1, 1]
	522080	456982	409326	7	M	91	A		-1	2433.75121252	[1, 1, 1, 1, 1, 1, 1, 1, 1, 1, 1, 1]
	541541	477667	489795	7	M	6	A		-1	2441.10652277	[1, 1, 1, 1, 1, 1, 1, 1, 1, 1, 1, 1]
	591119	441282	443436	7	M	49	A		-1	2481.33983186	[1, 1, 1, 1, 1, 1, 1, 1, 1, 1, 0, 1]
	543448	468217	460537	7	M	14	A		-1	2580.55754943	[1, 1, 1, 1, 1, 1, 1, 1, 1, 1, 1, 1]
