animal	sire	dam	born	sex	herd	status	cause	died	TBV	recessives
	95221	69242	7086	2	M	67	A		-1	875.474565381	[1, 1, 1, 1, 1, 1, 1, 1, 1, 1, 1, 1]
	92140	40414	6301	2	M	96	A		-1	875.65048409	[1, 1, 1, 1, 1, 1, 1, 1, 1, 1, 1, 1]
	100168	35330	65511	2	M	54	A		-1	875.775906793	[0, 1, 1, 1, 1, 1, 1, 1, 1, 1, 1, 1]
	90755	45828	17642	2	M	68	A		-1	875.849322682	[1, 0, 1, 1, 1, 1, 1, 1, 1, 1, 1, 1]
	103115	69839	65846	2	M	10	A		-1	875.955973263	[1, 1, 1, 1, 1, 1, 1, 1, 1, 1, 1, 1]
	88736	35284	38721	2	M	82	A		-1	876.211379665	[1, 1, 1, 1, 1, 1, 1, 1, 1, 1, 1, 1]
	81963	44839	60352	2	M	62	A		-1	876.305673985	[1, 1, 1, 1, 1, 1, 1, 1, 1, 1, 1, 0]
	105150	59092	19180	2	M	81	A		-1	876.488240064	[1, 1, 1, 1, 1, 1, 1, 1, 1, 1, 1, 1]
	93440	44405	6816	2	M	36	A		-1	876.629862569	[1, 1, 1, 1, 1, 1, 1, 0, 1, 1, 1, 0]
	60868	35228	25518	1	M	75	A		-1	876.840910415	[1, 1, 1, 1, 1, 1, 1, 1, 1, 1, 1, 1]
	76175	44511	67164	2	M	62	A		-1	876.893956665	[1, 1, 1, 1, 1, 1, 1, 1, 1, 1, 1, 1]
	77877	49160	64087	2	M	33	A		-1	877.435705894	[1, 1, 1, 1, 1, 1, 1, 1, 1, 1, 1, 1]
	78055	41011	7021	2	M	46	A		-1	877.473760885	[1, 1, 1, 1, 1, 1, 1, 1, 1, 1, 1, 1]
	84066	61711	23309	2	M	3	A		-1	877.488601171	[1, 1, 1, 1, 1, 1, 1, 1, 1, 1, 1, 1]
	117547	61356	28703	2	M	63	A		-1	877.502954261	[1, 1, 1, 1, 1, 1, 1, 1, 1, 1, 1, 1]
	94094	69549	26728	2	M	31	A		-1	877.708583404	[1, 1, 1, 1, 1, 1, 1, 1, 1, 1, 1, 1]
	36672	35178	1322	1	M	43	A		-1	877.742929242	[1, 1, 1, 1, 1, 1, 1, 1, 1, 1, 1, 1]
	117191	52869	26033	2	M	56	A		-1	877.80818531	[1, 1, 1, 1, 1, 1, 1, 1, 1, 1, 1, 1]
	108950	59518	36945	2	M	47	A		-1	877.842090285	[1, 1, 1, 1, 1, 1, 1, 1, 1, 1, 1, 0]
	109190	60739	32747	2	M	99	A		-1	877.846131829	[1, 1, 1, 1, 1, 1, 1, 1, 1, 1, 1, 1]
	85114	45891	41665	2	M	8	A		-1	878.115347467	[1, 1, 1, 1, 1, 1, 1, 1, 1, 1, 1, 1]
	97605	56756	45981	2	M	7	A		-1	878.12624544	[1, 1, 1, 1, 1, 1, 1, 1, 1, 1, 1, 1]
	55310	35330	19960	1	M	26	A		-1	878.156362235	[1, 1, 1, 1, 1, 1, 1, 1, 1, 1, 1, 1]
	109788	54041	57402	2	M	78	A		-1	879.117167153	[0, 1, 1, 0, 1, 1, 1, 1, 1, 1, 1, 1]
	115141	58892	56000	2	M	12	A		-1	879.817771916	[1, 1, 1, 1, 1, 1, 1, 1, 1, 1, 1, 1]
	120873	66779	66251	2	M	88	A		-1	879.825074273	[1, 1, 1, 1, 1, 1, 1, 1, 1, 1, 1, 1]
	81484	37227	18902	2	M	81	A		-1	879.941957121	[1, 1, 0, 1, 1, 1, 1, 1, 1, 1, 1, 1]
	82401	36842	30109	2	M	52	A		-1	880.152820128	[1, 1, 1, 0, 1, 1, 1, 1, 1, 1, 1, 1]
	115927	38995	44825	2	M	57	A		-1	880.427875415	[1, 0, 0, 1, 1, 1, 1, 1, 1, 1, 1, 1]
	97558	59657	34113	2	M	24	A		-1	880.440075495	[1, 1, 1, 1, 1, 1, 1, 1, 1, 1, 1, 1]
	105173	38404	65494	2	M	56	A		-1	880.553639316	[1, 1, 1, 1, 1, 1, 1, 1, 1, 1, 1, 1]
	90081	57403	52699	2	M	32	A		-1	880.605662202	[1, 1, 1, 1, 1, 1, 1, 1, 1, 1, 1, 1]
	96919	36982	28101	2	M	70	A		-1	880.763679989	[1, 1, 1, 1, 1, 1, 1, 1, 1, 1, 1, 1]
	107384	46238	51382	2	M	25	A		-1	881.381794257	[1, 0, 1, 1, 1, 1, 1, 1, 1, 1, 1, 1]
	103218	57548	64874	2	M	44	A		-1	881.442936496	[1, 1, 1, 1, 1, 1, 1, 1, 1, 1, 1, 1]
	75929	63394	65492	2	M	87	A		-1	881.460284211	[1, 1, 1, 1, 1, 1, 1, 1, 1, 1, 1, 1]
	122235	61711	35777	2	M	12	A		-1	881.596352043	[1, 1, 1, 1, 1, 1, 1, 1, 1, 1, 1, 1]
	120388	35229	56562	2	M	79	A		-1	881.602279891	[1, 1, 1, 1, 1, 1, 1, 1, 1, 1, 1, 1]
	89163	62662	1886	2	M	23	A		-1	882.167681073	[1, 1, 1, 1, 1, 1, 1, 1, 1, 1, 1, 0]
	90176	51819	2613	2	M	10	A		-1	882.297209243	[1, 1, 1, 1, 1, 1, 1, 1, 1, 1, 1, 1]
	76629	53767	41792	2	M	34	A		-1	882.719926971	[1, 1, 1, 1, 1, 1, 1, 1, 1, 1, 1, 1]
	86740	53500	67646	2	M	32	A		-1	882.838427655	[1, 0, 1, 0, 1, 1, 1, 1, 1, 1, 1, 1]
	102995	59634	40667	2	M	29	A		-1	883.92325836	[0, 1, 1, 1, 1, 1, 1, 1, 1, 1, 1, 1]
	111529	36756	47240	2	M	31	A		-1	884.055518389	[1, 0, 1, 1, 1, 1, 1, 1, 1, 1, 1, 1]
	77751	57008	23173	2	M	98	A		-1	884.151685044	[1, 1, 0, 1, 1, 1, 1, 1, 1, 1, 1, 1]
	109808	44206	50901	2	M	8	A		-1	884.286168644	[1, 1, 1, 1, 1, 1, 1, 1, 1, 1, 1, 1]
	95702	41586	20931	2	M	20	A		-1	884.33858018	[1, 1, 1, 1, 1, 1, 1, 1, 1, 1, 1, 0]
	91951	67576	67564	2	M	96	A		-1	884.339620486	[1, 1, 1, 1, 1, 1, 1, 1, 1, 1, 1, 1]
	118455	42558	4328	2	M	4	A		-1	884.580309352	[1, 1, 1, 1, 1, 1, 1, 1, 1, 1, 1, 1]
	77383	52583	67477	2	M	63	A		-1	884.664251556	[1, 1, 1, 1, 1, 1, 1, 1, 1, 1, 1, 1]
	98891	66355	45881	2	M	99	A		-1	885.153460345	[1, 1, 1, 1, 1, 1, 1, 1, 1, 1, 1, 1]
	120438	64737	13518	2	M	30	A		-1	885.227372605	[1, 1, 1, 1, 1, 1, 1, 1, 1, 1, 1, 0]
	111246	63351	3703	2	M	87	A		-1	885.991739507	[1, 1, 1, 1, 1, 1, 1, 1, 1, 1, 1, 1]
	65221	35261	29871	1	M	32	A		-1	886.026783052	[1, 1, 1, 1, 1, 1, 1, 1, 1, 1, 1, 1]
	110870	52142	34912	2	M	100	A		-1	886.427603263	[1, 0, 1, 1, 1, 1, 1, 1, 1, 1, 1, 1]
	63485	35255	28135	1	M	83	A		-1	886.474608714	[1, 1, 1, 1, 1, 1, 1, 1, 1, 1, 1, 1]
	71668	57403	9128	2	M	13	A		-1	887.035564028	[1, 1, 1, 1, 1, 0, 1, 1, 1, 1, 1, 1]
	108178	63066	15769	2	M	79	A		-1	887.252675154	[1, 1, 1, 1, 1, 1, 1, 1, 1, 1, 1, 1]
	73152	38757	9251	2	M	1	A		-1	887.760646556	[1, 1, 1, 1, 1, 1, 1, 1, 1, 1, 1, 1]
	122630	37227	22881	2	M	77	A		-1	887.835505145	[1, 1, 1, 1, 1, 1, 1, 1, 1, 1, 1, 1]
	73729	38700	53383	2	M	98	A		-1	887.954861618	[1, 1, 1, 1, 1, 1, 1, 1, 1, 1, 1, 1]
	120986	49064	37305	2	M	44	A		-1	887.98930108	[1, 1, 1, 1, 1, 1, 1, 0, 1, 1, 1, 1]
	100354	57420	353	2	M	82	A		-1	888.066683651	[1, 1, 1, 1, 1, 1, 1, 1, 1, 1, 1, 1]
	119665	47530	57272	2	M	66	A		-1	888.102789342	[1, 1, 1, 1, 1, 1, 1, 1, 1, 1, 1, 1]
	118901	38603	24912	2	M	31	A		-1	888.191243409	[1, 1, 1, 1, 1, 1, 1, 1, 1, 1, 1, 0]
	113538	67587	56012	2	M	95	A		-1	888.203661343	[1, 1, 1, 0, 1, 1, 1, 1, 1, 1, 1, 1]
	113217	56756	31721	2	M	49	A		-1	888.327194261	[1, 1, 1, 1, 1, 1, 1, 0, 1, 1, 1, 1]
	76335	52113	61446	2	M	90	A		-1	888.850007872	[1, 1, 1, 1, 1, 1, 1, 1, 1, 1, 1, 1]
	115791	53631	59714	2	M	34	A		-1	888.868494399	[1, 1, 1, 1, 1, 1, 1, 1, 1, 1, 1, 1]
	84077	68707	7058	2	M	54	A		-1	889.177895557	[1, 1, 1, 1, 1, 1, 1, 1, 1, 1, 1, 1]
	102808	46177	61558	2	M	22	A		-1	889.227513268	[1, 1, 1, 1, 1, 1, 1, 1, 1, 1, 1, 1]
	77872	63485	59185	2	M	80	A		-1	889.956130377	[1, 1, 1, 1, 1, 1, 1, 1, 1, 1, 1, 1]
	116652	67152	26188	2	M	45	A		-1	890.093868654	[1, 1, 1, 1, 1, 1, 1, 1, 1, 1, 1, 1]
	121861	55888	43524	2	M	60	A		-1	890.870109823	[1, 1, 1, 1, 1, 1, 1, 1, 1, 1, 1, 0]
	100316	35686	2311	2	M	26	A		-1	891.133916075	[1, 1, 1, 1, 1, 1, 1, 0, 1, 1, 1, 1]
	90517	52116	25946	2	M	72	A		-1	891.253483561	[0, 1, 1, 1, 1, 1, 1, 1, 1, 1, 1, 1]
	79836	38757	31206	2	M	42	A		-1	891.538390466	[1, 1, 1, 1, 1, 1, 1, 1, 1, 1, 1, 1]
	116845	42102	3293	2	M	85	A		-1	891.76935583	[1, 1, 1, 1, 1, 1, 1, 1, 1, 1, 1, 1]
	73800	36836	17219	2	M	52	A		-1	891.88197672	[1, 1, 1, 1, 1, 1, 1, 1, 1, 1, 1, 1]
	104164	59092	38553	2	M	55	A		-1	891.94207268	[1, 1, 1, 1, 1, 1, 1, 1, 1, 1, 1, 1]
	101005	48091	45638	2	M	68	A		-1	891.97043197	[1, 1, 0, 1, 1, 1, 1, 1, 1, 1, 1, 1]
	122072	57470	65927	2	M	42	A		-1	892.323061782	[1, 1, 1, 1, 1, 1, 1, 1, 1, 1, 1, 1]
	92680	49620	43441	2	M	86	A		-1	892.326573659	[1, 1, 1, 1, 1, 1, 1, 1, 1, 1, 1, 1]
	91480	40414	32467	2	M	29	A		-1	892.368728702	[1, 1, 1, 1, 1, 1, 1, 1, 1, 1, 1, 1]
	79026	47882	17485	2	M	11	A		-1	894.197266296	[1, 0, 1, 1, 1, 1, 1, 1, 1, 1, 1, 1]
	102804	58056	2269	2	M	75	A		-1	894.40631028	[1, 1, 1, 1, 1, 1, 1, 1, 1, 1, 1, 1]
	98327	68170	37941	2	M	86	A		-1	894.564556823	[1, 1, 1, 1, 1, 1, 1, 1, 1, 1, 1, 1]
	77376	37268	35902	2	M	2	A		-1	894.677960425	[1, 1, 1, 1, 1, 1, 1, 1, 1, 1, 1, 1]
	119334	51429	52879	2	M	85	A		-1	894.783382237	[1, 1, 1, 1, 1, 1, 1, 1, 1, 1, 1, 1]
	104072	36594	22315	2	M	95	A		-1	894.876227351	[1, 1, 1, 1, 1, 1, 1, 1, 1, 1, 1, 1]
	117339	46603	13783	2	M	86	A		-1	895.18430481	[0, 1, 1, 1, 1, 1, 1, 1, 1, 1, 0, 1]
	108133	38148	2888	2	M	88	A		-1	895.43803892	[1, 1, 1, 1, 1, 1, 1, 1, 1, 1, 1, 1]
	90657	66039	60064	2	M	12	A		-1	895.877879015	[1, 1, 1, 1, 1, 1, 0, 1, 1, 1, 1, 1]
	113050	66695	33433	2	M	74	A		-1	895.903088127	[1, 1, 1, 1, 1, 1, 1, 1, 1, 1, 1, 1]
	70413	56853	67765	2	M	39	A		-1	896.099292143	[1, 1, 1, 1, 1, 1, 1, 1, 1, 1, 1, 1]
	76859	41766	46403	2	M	0	A		-1	896.419628099	[1, 1, 1, 1, 1, 1, 1, 1, 1, 1, 1, 1]
	87205	63354	30951	2	M	64	A		-1	896.49769088	[1, 1, 1, 0, 1, 1, 1, 1, 1, 1, 1, 1]
	59657	35051	24307	1	M	89	A		-1	896.543688907	[1, 1, 1, 1, 1, 0, 0, 1, 1, 1, 1, 0]
	99600	35435	16297	2	M	39	A		-1	896.99680239	[1, 1, 1, 1, 1, 1, 1, 1, 1, 1, 1, 1]
	73717	44915	56168	2	M	5	A		-1	897.209349186	[1, 1, 1, 1, 1, 1, 1, 1, 1, 1, 1, 1]
	100838	67997	14482	2	M	81	A		-1	897.501385005	[1, 1, 1, 1, 1, 1, 1, 1, 1, 1, 1, 1]
	89239	50733	28736	2	M	61	A		-1	897.564288585	[1, 1, 1, 1, 1, 1, 1, 1, 1, 1, 1, 1]
	116067	63066	23147	2	M	37	A		-1	897.625004333	[1, 1, 1, 0, 1, 1, 1, 1, 1, 1, 1, 1]
	89144	52308	3184	2	M	72	A		-1	897.739109873	[1, 1, 1, 1, 1, 1, 1, 1, 1, 1, 1, 1]
	91078	46473	52858	2	M	37	A		-1	897.797178638	[1, 1, 0, 1, 1, 1, 1, 1, 1, 1, 1, 1]
	105119	38995	30265	2	M	26	A		-1	898.157150514	[1, 0, 1, 1, 1, 1, 1, 1, 1, 1, 1, 1]
	68285	35018	32935	1	M	76	A		-1	898.217769206	[1, 1, 1, 0, 1, 1, 1, 1, 1, 1, 1, 1]
	107394	40414	37131	2	M	35	A		-1	898.313477651	[1, 1, 1, 1, 1, 1, 1, 1, 1, 1, 1, 1]
	88435	38700	33334	2	M	15	A		-1	898.373378414	[1, 1, 1, 1, 1, 1, 1, 1, 1, 1, 1, 1]
	114434	50008	50739	2	M	53	A		-1	898.395105705	[1, 1, 1, 1, 1, 1, 1, 1, 1, 1, 1, 1]
	92838	58026	3248	2	M	59	A		-1	898.530330177	[1, 1, 1, 1, 1, 1, 1, 1, 1, 1, 1, 1]
	95112	61356	30395	2	M	9	A		-1	898.539227355	[1, 1, 1, 1, 1, 1, 1, 1, 1, 1, 1, 1]
	120704	59092	18449	2	M	1	A		-1	898.684573668	[1, 1, 1, 1, 1, 1, 1, 1, 1, 1, 1, 1]
	44427	35287	9077	1	M	26	A		-1	899.528223332	[1, 1, 1, 1, 1, 1, 1, 1, 1, 1, 1, 1]
	95118	42519	25094	2	M	22	A		-1	899.846985442	[1, 1, 1, 1, 1, 1, 1, 0, 1, 1, 1, 1]
	78636	40531	16320	2	M	25	A		-1	899.902818474	[1, 1, 1, 1, 1, 1, 1, 1, 1, 1, 1, 1]
	75273	51294	20641	2	M	55	A		-1	900.045960643	[1, 1, 1, 1, 1, 1, 1, 1, 1, 1, 1, 1]
	72810	66148	63964	2	M	44	A		-1	900.188359906	[1, 1, 1, 1, 1, 1, 1, 1, 1, 1, 1, 1]
	74264	40531	18004	2	M	90	A		-1	900.386031326	[1, 0, 1, 1, 1, 1, 1, 1, 1, 1, 1, 1]
	74441	59650	53583	2	M	92	A		-1	900.389889476	[1, 1, 1, 1, 1, 1, 1, 1, 1, 1, 1, 1]
	100458	55452	1046	2	M	87	A		-1	900.45694047	[1, 1, 1, 1, 1, 1, 1, 1, 1, 1, 1, 0]
	110103	51977	3951	2	M	22	A		-1	900.611070709	[1, 1, 1, 1, 1, 1, 1, 1, 1, 1, 1, 1]
	109565	55198	21472	2	M	42	A		-1	900.79459715	[1, 1, 1, 1, 1, 1, 1, 1, 1, 1, 1, 1]
	118299	52113	7563	2	M	21	A		-1	902.112842725	[1, 1, 1, 1, 1, 1, 1, 1, 1, 1, 1, 1]
	98941	40852	8693	2	M	49	A		-1	902.523578548	[1, 0, 1, 1, 1, 1, 1, 1, 1, 1, 1, 1]
	115076	66355	50820	2	M	34	A		-1	902.583954678	[1, 1, 1, 1, 1, 1, 1, 1, 1, 1, 1, 1]
	91270	39753	63333	2	M	72	A		-1	902.765487954	[1, 1, 1, 1, 1, 1, 1, 1, 1, 1, 1, 1]
	84615	48874	25222	2	M	13	A		-1	902.969647207	[1, 1, 1, 1, 1, 1, 1, 1, 1, 1, 1, 1]
	112802	69839	32391	2	M	91	A		-1	903.463342063	[1, 1, 1, 1, 1, 1, 1, 1, 1, 1, 1, 1]
	84881	45889	22505	2	M	29	A		-1	903.667248539	[1, 1, 1, 1, 1, 1, 1, 1, 1, 1, 1, 1]
	105585	53332	13921	2	M	10	A		-1	903.820613925	[1, 1, 1, 1, 1, 1, 1, 1, 1, 1, 1, 1]
	80744	53500	35646	2	M	63	A		-1	904.015593174	[1, 1, 1, 1, 1, 1, 1, 1, 1, 1, 1, 0]
	76573	42415	33750	2	M	98	A		-1	904.308779304	[1, 1, 1, 0, 1, 1, 1, 1, 1, 1, 1, 1]
	113647	44572	69198	2	M	99	A		-1	904.571317939	[1, 1, 1, 1, 1, 1, 1, 1, 1, 1, 1, 1]
	102812	67587	62265	2	M	54	A		-1	904.571540729	[1, 1, 1, 0, 1, 1, 1, 1, 1, 1, 1, 1]
	97480	65221	65000	2	M	53	A		-1	905.449109416	[1, 1, 1, 1, 1, 1, 1, 1, 1, 1, 1, 1]
	72270	63394	40063	2	M	85	A		-1	905.674333639	[1, 1, 1, 1, 1, 1, 1, 1, 1, 1, 1, 1]
	83831	35164	50030	2	M	85	A		-1	905.842931364	[0, 1, 1, 1, 1, 1, 1, 1, 1, 1, 1, 1]
	90485	40531	69838	2	M	34	A		-1	906.283027841	[1, 1, 1, 1, 1, 1, 1, 1, 1, 1, 1, 1]
	90221	47408	19596	2	M	11	A		-1	906.367231772	[1, 1, 1, 1, 1, 1, 1, 1, 1, 1, 1, 1]
	94742	65999	68679	2	M	60	A		-1	906.749276193	[1, 0, 1, 1, 1, 1, 1, 1, 1, 1, 1, 1]
	75046	40414	26217	2	M	14	A		-1	906.825138683	[1, 1, 1, 1, 1, 1, 1, 1, 1, 1, 1, 1]
	79067	42519	46063	2	M	76	A		-1	907.094340915	[1, 1, 1, 1, 1, 1, 1, 1, 1, 1, 1, 1]
	90798	42558	63811	2	M	23	A		-1	907.499470249	[1, 1, 1, 1, 1, 1, 1, 1, 1, 1, 1, 1]
	112868	54553	67628	2	M	94	A		-1	907.740030357	[1, 1, 1, 1, 1, 1, 1, 1, 1, 1, 1, 1]
	108115	59030	49808	2	M	53	A		-1	907.760296398	[1, 1, 1, 1, 1, 1, 1, 1, 1, 1, 1, 1]
	107662	55617	65389	2	M	60	A		-1	907.934833076	[1, 1, 1, 1, 1, 1, 1, 1, 1, 1, 1, 0]
	54507	35194	19157	1	M	89	A		-1	909.213616046	[1, 1, 0, 1, 1, 1, 1, 0, 1, 1, 1, 1]
	86743	42519	60983	2	M	100	A		-1	909.214387263	[1, 1, 1, 1, 1, 1, 1, 1, 1, 1, 1, 1]
	90812	56129	28630	2	M	93	A		-1	909.25677452	[1, 1, 1, 1, 1, 1, 1, 1, 1, 1, 1, 1]
	95478	36756	62750	2	M	8	A		-1	909.53760644	[1, 1, 1, 1, 1, 1, 1, 1, 1, 1, 1, 0]
	87425	65358	46746	2	M	63	A		-1	909.663767633	[1, 1, 1, 1, 1, 1, 1, 1, 1, 1, 1, 1]
	106044	59505	55409	2	M	61	A		-1	910.118921457	[1, 1, 1, 1, 1, 1, 1, 1, 1, 1, 1, 1]
	74336	48691	9759	2	M	2	A		-1	910.518250226	[1, 1, 1, 1, 1, 1, 1, 1, 1, 1, 1, 1]
	102605	63351	40603	2	M	84	A		-1	910.559563903	[1, 1, 1, 1, 1, 1, 1, 1, 1, 1, 1, 1]
	97298	63817	18393	2	M	9	A		-1	910.951250414	[1, 1, 1, 1, 1, 1, 1, 1, 1, 1, 1, 0]
	111315	64737	11843	2	M	98	A		-1	911.029533476	[1, 1, 1, 0, 1, 1, 1, 1, 1, 1, 1, 1]
	70476	36042	28756	2	M	70	A		-1	911.081140599	[1, 1, 1, 1, 1, 1, 1, 1, 1, 1, 1, 1]
	94216	52831	67298	2	M	33	A		-1	911.209518251	[0, 1, 1, 1, 1, 0, 1, 1, 1, 1, 1, 1]
	113655	65221	62626	2	M	74	A		-1	911.473825598	[1, 1, 1, 1, 1, 1, 1, 1, 1, 1, 1, 1]
	85348	36836	46192	2	M	51	A		-1	911.85741223	[1, 1, 1, 1, 1, 1, 1, 1, 1, 1, 1, 1]
	114955	44864	26436	2	M	88	A		-1	912.03085065	[1, 1, 1, 0, 1, 1, 1, 1, 1, 1, 1, 1]
	93678	45342	26320	2	M	78	A		-1	912.776968422	[1, 1, 1, 1, 1, 1, 1, 1, 1, 1, 1, 1]
	60471	35219	25121	1	M	42	A		-1	912.81160211	[1, 1, 1, 1, 1, 1, 1, 1, 1, 1, 1, 1]
	109188	38700	36293	2	M	34	A		-1	913.037781964	[1, 1, 1, 1, 1, 1, 1, 1, 1, 1, 1, 0]
	74416	66355	22	2	M	50	A		-1	914.305451098	[1, 1, 1, 0, 1, 1, 1, 1, 1, 1, 1, 1]
	99838	37268	43021	2	M	61	A		-1	915.111577102	[1, 1, 1, 1, 1, 1, 1, 1, 1, 1, 1, 1]
	107468	55452	47688	2	M	56	A		-1	915.183590471	[1, 1, 1, 1, 1, 1, 1, 1, 1, 1, 1, 1]
	61711	35266	26361	1	M	42	A		-1	915.197263709	[1, 1, 1, 1, 1, 1, 1, 1, 1, 1, 1, 1]
	116234	67997	49369	2	M	46	A		-1	915.388324085	[1, 1, 1, 1, 1, 1, 1, 1, 1, 1, 1, 1]
	96828	38700	50609	2	M	75	A		-1	915.398118671	[1, 1, 1, 1, 1, 1, 1, 1, 1, 1, 1, 1]
	97023	35374	18322	2	M	57	A		-1	915.419903773	[1, 1, 1, 1, 1, 1, 1, 1, 1, 1, 1, 0]
	107456	36842	52876	2	M	56	A		-1	915.705662085	[1, 1, 1, 1, 1, 1, 1, 1, 1, 1, 1, 1]
	79185	58566	50167	2	M	7	A		-1	915.825054897	[1, 1, 1, 1, 1, 1, 1, 1, 1, 1, 1, 1]
	101486	40975	13918	2	M	87	A		-1	915.928482537	[1, 1, 1, 1, 1, 1, 1, 1, 1, 1, 1, 1]
	101817	44839	61231	2	M	73	A		-1	916.022412749	[1, 1, 1, 1, 1, 1, 1, 1, 1, 1, 1, 1]
	75892	46626	53880	2	M	77	A		-1	916.187935678	[1, 1, 1, 1, 1, 1, 1, 1, 1, 1, 1, 1]
	85125	38995	63302	2	M	53	A		-1	916.777428597	[1, 0, 1, 1, 1, 1, 1, 1, 1, 1, 1, 1]
	93189	45342	2972	2	M	19	A		-1	917.142552623	[1, 1, 1, 1, 1, 1, 1, 0, 1, 1, 1, 1]
	111541	51429	42574	2	M	67	A		-1	917.999213727	[1, 1, 1, 1, 1, 1, 1, 1, 1, 1, 1, 1]
	109487	63817	41711	2	M	72	A		-1	918.027594269	[1, 1, 1, 1, 1, 1, 1, 1, 1, 1, 1, 0]
	84698	46473	56022	2	M	47	A		-1	918.355779571	[1, 1, 1, 1, 1, 1, 1, 1, 1, 1, 1, 1]
	112664	57068	25589	2	M	3	A		-1	918.426433725	[1, 1, 1, 1, 1, 1, 1, 1, 1, 1, 1, 1]
	77908	52751	6391	2	M	42	A		-1	918.83645484	[1, 1, 1, 1, 1, 1, 1, 1, 1, 1, 1, 1]
	35374	35123	24	1	M	34	A		-1	918.970902989	[1, 1, 1, 1, 1, 1, 1, 1, 1, 1, 1, 1]
	72618	39174	61869	2	M	55	A		-1	919.231052497	[1, 0, 1, 1, 1, 1, 1, 1, 1, 1, 1, 1]
	91110	35164	58627	2	M	59	A		-1	919.266087047	[1, 1, 1, 1, 1, 1, 1, 1, 1, 1, 1, 1]
	81942	43975	8484	2	M	19	A		-1	919.554310865	[0, 1, 1, 1, 1, 1, 1, 1, 1, 1, 1, 1]
	78837	60868	6536	2	M	7	A		-1	919.653244882	[1, 1, 1, 1, 1, 1, 1, 1, 1, 1, 1, 1]
	73925	43140	3635	2	M	15	A		-1	919.692554028	[1, 1, 1, 1, 1, 1, 1, 1, 1, 1, 1, 1]
	90000	35136	32155	2	M	98	A		-1	920.381248431	[1, 1, 1, 0, 1, 1, 1, 1, 1, 1, 1, 1]
	111065	35117	44019	2	M	6	A		-1	920.550601075	[1, 1, 1, 1, 1, 1, 1, 1, 1, 1, 1, 1]
	111041	65224	65510	2	M	90	A		-1	920.582087606	[1, 1, 1, 1, 1, 1, 1, 1, 1, 1, 1, 1]
	35964	35088	614	1	M	45	A		-1	920.771111155	[1, 1, 1, 1, 1, 1, 1, 1, 1, 1, 1, 1]
	97380	55951	61605	2	M	81	A		-1	920.943396737	[1, 1, 1, 1, 1, 1, 1, 1, 1, 1, 1, 0]
	85255	35256	44144	2	M	28	A		-1	921.432367773	[1, 1, 1, 1, 1, 1, 1, 1, 1, 1, 1, 1]
	114648	43581	24754	2	M	72	A		-1	921.525009793	[1, 1, 1, 0, 1, 1, 1, 1, 1, 1, 1, 1]
	93519	64276	53755	2	M	71	A		-1	921.945504876	[0, 1, 1, 1, 1, 1, 1, 1, 1, 1, 1, 1]
	76714	63066	67935	2	M	6	A		-1	921.984447585	[1, 1, 1, 1, 1, 1, 1, 1, 1, 1, 1, 0]
	104660	64276	20435	2	M	16	A		-1	922.743046058	[0, 1, 1, 1, 1, 1, 1, 1, 1, 1, 1, 1]
	74156	56636	31167	2	M	36	A		-1	923.682007388	[1, 1, 1, 1, 1, 1, 1, 1, 1, 1, 1, 1]
	89780	40975	21378	2	M	84	A		-1	923.789426273	[1, 1, 1, 1, 1, 1, 1, 1, 1, 1, 1, 1]
	120464	57917	15128	2	M	30	A		-1	924.164960651	[1, 1, 1, 1, 1, 1, 1, 1, 1, 1, 1, 1]
	91522	54041	64963	2	M	67	A		-1	924.417665243	[1, 1, 1, 0, 1, 1, 1, 1, 1, 1, 1, 1]
	53500	35337	18150	1	M	9	A		-1	924.437542522	[1, 1, 1, 1, 1, 1, 1, 1, 1, 1, 1, 1]
	70799	46823	61178	2	M	32	A		-1	924.886705273	[1, 1, 1, 1, 1, 1, 1, 1, 1, 1, 1, 1]
	108170	42519	40656	2	M	0	A		-1	925.348513348	[1, 1, 1, 1, 1, 1, 1, 1, 1, 1, 1, 1]
	85715	46177	26370	2	M	14	A		-1	925.351299429	[1, 1, 1, 1, 1, 1, 1, 1, 1, 1, 1, 1]
	122615	57008	53692	2	M	66	A		-1	925.457887027	[1, 1, 0, 1, 1, 1, 1, 1, 1, 1, 1, 1]
	113880	64232	68875	2	M	40	A		-1	925.764093432	[1, 1, 1, 1, 1, 1, 1, 1, 1, 1, 1, 1]
	92636	43633	21332	2	M	39	A		-1	926.0846114	[1, 1, 1, 1, 1, 1, 1, 1, 1, 1, 1, 1]
	106972	49266	62704	2	M	92	A		-1	926.315296801	[1, 0, 1, 1, 1, 1, 0, 1, 1, 1, 1, 1]
	74285	42173	36860	2	M	99	A		-1	926.338198725	[1, 1, 0, 1, 1, 1, 1, 1, 1, 1, 1, 1]
	109629	54638	38483	2	M	10	A		-1	927.263441084	[1, 1, 1, 1, 1, 1, 1, 1, 1, 1, 1, 1]
	53767	35291	18417	1	M	20	A		-1	927.863369824	[1, 1, 1, 1, 1, 1, 1, 1, 1, 1, 1, 1]
	114545	60804	4217	2	M	76	A		-1	927.897660608	[1, 1, 1, 1, 1, 1, 1, 1, 1, 1, 1, 1]
	46473	35330	11123	1	M	30	A		-1	928.323856546	[1, 1, 1, 1, 1, 1, 1, 1, 1, 1, 1, 1]
	92968	42519	34914	2	M	52	A		-1	928.35950153	[0, 1, 1, 1, 1, 1, 1, 1, 1, 1, 1, 1]
	37227	35183	1877	1	M	42	A		-1	928.500300147	[1, 1, 0, 1, 1, 1, 1, 1, 1, 1, 1, 1]
	92058	55524	51398	2	M	96	A		-1	929.075957581	[1, 1, 1, 0, 1, 1, 1, 1, 1, 1, 1, 1]
	88248	38544	6625	2	M	69	A		-1	929.268788023	[1, 1, 1, 1, 1, 1, 1, 1, 1, 1, 1, 1]
	112217	38110	66394	2	M	68	A		-1	929.877750503	[1, 1, 1, 1, 1, 1, 1, 1, 1, 1, 1, 1]
	111203	51819	51635	2	M	89	A		-1	930.028093491	[0, 1, 1, 1, 1, 1, 1, 1, 1, 1, 1, 1]
	78399	43975	5858	2	M	42	A		-1	930.636799368	[1, 1, 1, 1, 1, 1, 1, 0, 1, 1, 1, 1]
	85314	54353	51230	2	M	74	A		-1	930.656366719	[1, 1, 1, 1, 1, 1, 1, 1, 1, 1, 1, 1]
	82491	61240	9565	2	M	21	A		-1	930.719948281	[1, 1, 1, 1, 1, 1, 1, 1, 1, 1, 1, 1]
	116342	50008	35691	2	M	99	A		-1	930.734515836	[1, 1, 1, 1, 1, 1, 1, 1, 1, 1, 1, 1]
	118850	36466	50977	2	M	69	A		-1	930.934206475	[1, 1, 1, 1, 1, 1, 1, 1, 1, 1, 1, 1]
	114240	53500	35515	2	M	97	A		-1	931.477272759	[1, 1, 1, 1, 1, 1, 1, 1, 1, 1, 1, 1]
	89690	67576	50986	2	M	30	A		-1	931.790223577	[1, 1, 1, 1, 1, 1, 1, 1, 1, 1, 1, 1]
	76062	68285	32255	2	M	41	A		-1	931.850364453	[1, 1, 1, 0, 1, 1, 1, 1, 1, 1, 1, 1]
	102049	35395	29613	2	M	67	A		-1	932.091590999	[1, 1, 1, 1, 1, 1, 1, 1, 1, 1, 0, 1]
	113077	36819	38197	2	M	10	A		-1	932.207461643	[1, 1, 1, 1, 1, 1, 1, 1, 1, 1, 1, 1]
	82101	57470	58792	2	M	57	A		-1	932.454627242	[1, 1, 1, 1, 1, 1, 1, 1, 1, 1, 1, 1]
	82927	35284	59096	2	M	66	A		-1	932.833797263	[1, 1, 1, 0, 1, 1, 1, 1, 1, 1, 1, 1]
	108056	46626	42402	2	M	97	A		-1	933.677826071	[1, 1, 1, 1, 1, 1, 1, 0, 1, 1, 1, 1]
	113677	54507	66544	2	M	22	A		-1	934.423506025	[1, 1, 0, 1, 1, 1, 1, 0, 1, 1, 1, 1]
	108614	42173	50834	2	M	67	A		-1	934.440288982	[1, 1, 0, 1, 1, 1, 1, 1, 1, 1, 1, 1]
	71831	48039	64086	2	M	61	A		-1	935.208580011	[1, 1, 1, 1, 1, 0, 1, 1, 1, 1, 1, 1]
	110588	54507	5560	2	M	86	A		-1	935.340097192	[1, 1, 0, 1, 1, 1, 1, 1, 1, 1, 1, 1]
	86990	42415	19361	2	M	41	A		-1	935.788036758	[1, 1, 1, 1, 1, 1, 1, 1, 1, 1, 1, 1]
	103165	63394	1278	2	M	75	A		-1	935.815368601	[1, 1, 1, 1, 1, 1, 1, 1, 1, 1, 1, 1]
	115933	69231	29882	2	M	60	A		-1	936.190630674	[1, 1, 1, 1, 1, 1, 1, 1, 1, 1, 1, 1]
	99410	63394	44711	2	M	4	A		-1	936.230247765	[1, 1, 1, 1, 1, 1, 1, 1, 1, 1, 1, 1]
	122889	46739	33994	2	M	90	A		-1	936.474885357	[1, 1, 1, 1, 1, 1, 1, 1, 1, 1, 1, 1]
	112059	61124	135	2	M	58	A		-1	937.002266248	[1, 1, 1, 1, 1, 1, 1, 1, 1, 1, 1, 1]
	85558	58026	55805	2	M	21	A		-1	937.104506894	[1, 1, 1, 1, 1, 1, 1, 1, 1, 1, 1, 1]
	78745	44915	47160	2	M	32	A		-1	937.617245729	[1, 1, 1, 1, 1, 1, 1, 1, 1, 1, 1, 1]
	70898	51819	21226	2	M	88	A		-1	937.721448349	[1, 1, 1, 1, 1, 1, 1, 1, 1, 1, 1, 1]
	109622	42246	57173	2	M	65	A		-1	937.748085495	[1, 1, 1, 1, 1, 1, 1, 1, 1, 1, 1, 1]
	103824	52869	46094	2	M	30	A		-1	938.07686359	[1, 1, 1, 1, 1, 1, 1, 1, 1, 1, 1, 1]
	112764	40051	60807	2	M	93	A		-1	938.355177987	[1, 0, 1, 1, 1, 1, 1, 1, 1, 1, 1, 1]
	89124	64737	36576	2	M	30	A		-1	939.689135354	[1, 1, 1, 0, 1, 1, 1, 1, 1, 1, 1, 1]
	77882	50621	55785	2	M	16	A		-1	940.164871848	[1, 1, 1, 1, 1, 1, 1, 1, 1, 1, 1, 1]
	83882	36975	8190	2	M	89	A		-1	941.496556325	[1, 1, 1, 1, 1, 1, 1, 1, 1, 1, 1, 1]
	84823	35117	7589	2	M	49	A		-1	941.622261061	[1, 1, 1, 1, 1, 1, 1, 1, 1, 1, 1, 1]
	101307	57068	34566	2	M	48	A		-1	941.708170828	[1, 1, 1, 1, 1, 1, 1, 1, 1, 1, 1, 1]
	115201	44879	55474	2	M	13	A		-1	941.718298181	[1, 1, 1, 1, 1, 0, 1, 1, 1, 1, 1, 1]
	98249	58860	62789	2	M	82	A		-1	942.207549041	[1, 1, 1, 1, 1, 1, 1, 1, 1, 1, 1, 1]
	104092	60165	68619	2	M	68	A		-1	942.24820007	[1, 1, 1, 1, 1, 1, 1, 1, 1, 1, 1, 1]
	72286	48821	32829	2	M	8	A		-1	942.522312535	[1, 1, 1, 1, 1, 1, 1, 1, 1, 1, 1, 1]
	100479	48522	47980	2	M	67	A		-1	942.737903409	[1, 1, 1, 1, 1, 1, 1, 1, 1, 1, 1, 1]
	77339	56274	52081	2	M	32	A		-1	942.942742862	[1, 1, 1, 1, 1, 1, 1, 1, 1, 1, 1, 1]
	76682	68301	54156	2	M	46	A		-1	942.999361731	[1, 1, 1, 1, 1, 1, 1, 1, 1, 1, 1, 1]
	89256	61100	56765	2	M	100	A		-1	943.292861662	[1, 1, 1, 1, 1, 1, 1, 1, 1, 1, 1, 1]
	109651	40809	68579	2	M	9	A		-1	943.422063969	[1, 1, 1, 1, 1, 1, 1, 1, 1, 1, 1, 1]
	115060	49062	12417	2	M	49	A		-1	943.840699047	[1, 1, 1, 1, 1, 1, 1, 1, 1, 1, 1, 1]
	72757	39174	25451	2	M	91	A		-1	944.984580408	[1, 1, 1, 1, 1, 1, 1, 1, 1, 1, 1, 1]
	113295	48036	48984	2	M	16	A		-1	945.794861987	[1, 1, 1, 1, 1, 1, 1, 1, 1, 1, 1, 1]
	118345	67992	50567	2	M	0	A		-1	946.171399253	[1, 1, 1, 1, 1, 1, 1, 1, 1, 1, 1, 1]
	107763	63354	8449	2	M	51	A		-1	946.346306108	[1, 1, 1, 0, 1, 1, 1, 1, 1, 1, 1, 1]
	85537	47903	68263	2	M	38	A		-1	946.648916331	[1, 1, 0, 1, 1, 1, 1, 1, 1, 1, 1, 1]
	89271	36842	8743	2	M	24	A		-1	946.658054852	[1, 1, 1, 1, 1, 1, 1, 1, 1, 1, 1, 1]
	96042	43121	63298	2	M	48	A		-1	946.910546348	[1, 1, 1, 1, 1, 1, 1, 1, 1, 1, 1, 1]
	117023	57686	57217	2	M	28	A		-1	947.574802033	[1, 1, 1, 1, 1, 1, 1, 1, 1, 1, 1, 1]
	107209	43121	4227	2	M	46	A		-1	947.655023703	[1, 1, 1, 1, 1, 0, 1, 1, 1, 1, 1, 1]
	91614	56358	59053	2	M	20	A		-1	948.477516418	[1, 1, 1, 1, 1, 1, 1, 1, 1, 1, 1, 1]
	70994	60409	61140	2	M	30	A		-1	948.714826999	[1, 1, 1, 1, 1, 1, 1, 1, 1, 1, 1, 1]
	93456	44206	24809	2	M	50	A		-1	949.071817323	[1, 1, 1, 1, 1, 1, 1, 1, 1, 1, 1, 1]
	118500	57478	36864	2	M	64	A		-1	949.892462408	[0, 1, 1, 1, 1, 1, 1, 1, 1, 1, 1, 1]
	104854	45891	59285	2	M	38	A		-1	950.553903168	[1, 1, 1, 1, 1, 1, 1, 1, 1, 1, 1, 0]
	114600	59650	39095	2	M	20	A		-1	950.710659863	[1, 1, 1, 1, 1, 1, 1, 1, 1, 1, 1, 1]
	111936	69512	68452	2	M	28	A		-1	953.259181271	[1, 1, 1, 1, 1, 1, 1, 1, 1, 1, 1, 1]
	108769	54353	59767	2	M	67	A		-1	953.717685424	[1, 1, 1, 1, 1, 1, 1, 1, 1, 1, 1, 1]
	104870	38191	31969	2	M	12	A		-1	953.887224754	[1, 1, 1, 0, 1, 1, 1, 1, 1, 1, 1, 1]
	95395	55198	54052	2	M	22	A		-1	954.444385326	[1, 1, 1, 1, 1, 1, 1, 1, 1, 1, 1, 1]
	118524	35136	53847	2	M	49	A		-1	954.636236445	[1, 1, 1, 0, 1, 1, 1, 1, 1, 1, 1, 1]
	102715	52389	59705	2	M	55	A		-1	955.480073223	[1, 1, 1, 1, 1, 1, 1, 1, 1, 1, 1, 0]
	94420	62043	23576	2	M	33	A		-1	955.59736688	[1, 1, 1, 1, 1, 1, 1, 1, 1, 1, 1, 1]
	81451	57746	22056	2	M	6	A		-1	955.726404339	[1, 1, 1, 1, 1, 1, 1, 1, 1, 1, 1, 0]
	87053	68345	41164	2	M	85	A		-1	955.867273405	[1, 1, 1, 1, 1, 1, 1, 1, 1, 1, 1, 1]
	75582	49650	37340	2	M	33	A		-1	956.137961727	[1, 1, 1, 1, 1, 1, 1, 1, 1, 1, 1, 1]
	107401	35964	50646	2	M	41	A		-1	956.814654189	[1, 1, 1, 1, 1, 1, 1, 1, 1, 1, 1, 1]
	109082	64737	44329	2	M	94	A		-1	957.376319758	[1, 1, 1, 0, 1, 1, 1, 1, 1, 1, 1, 1]
	92700	46708	47556	2	M	53	A		-1	957.752094506	[1, 1, 1, 1, 1, 1, 1, 1, 1, 1, 1, 1]
	73701	41766	3529	2	M	26	A		-1	957.835730903	[1, 1, 1, 1, 1, 1, 1, 1, 1, 1, 1, 1]
	77199	52751	29721	2	M	62	A		-1	957.906269052	[1, 1, 1, 1, 1, 1, 1, 1, 1, 1, 1, 1]
	117873	44864	42514	2	M	27	A		-1	958.099615304	[1, 1, 1, 1, 1, 1, 1, 1, 1, 1, 1, 1]
	73610	39627	1225	2	M	93	A		-1	958.443605017	[0, 1, 1, 0, 1, 1, 1, 1, 1, 1, 1, 1]
	83811	50522	29202	2	M	65	A		-1	958.559338169	[1, 1, 1, 0, 1, 1, 1, 1, 1, 1, 1, 1]
	80627	46823	48842	2	M	53	A		-1	958.773334559	[1, 1, 1, 1, 1, 1, 1, 1, 1, 1, 1, 1]
	70565	46896	45297	2	M	53	A		-1	959.576158047	[1, 1, 1, 1, 1, 1, 1, 1, 1, 1, 1, 1]
	121875	61711	48146	2	M	68	A		-1	959.657727971	[1, 1, 1, 1, 1, 1, 1, 1, 1, 1, 1, 1]
	100933	64276	44142	2	M	1	A		-1	959.896908474	[1, 1, 1, 1, 1, 1, 1, 1, 1, 1, 1, 1]
	89260	41310	68089	2	M	68	A		-1	960.376288013	[1, 1, 1, 1, 1, 1, 1, 1, 1, 1, 1, 0]
	119235	45889	54414	2	M	87	A		-1	960.725459322	[1, 1, 1, 1, 1, 1, 1, 1, 1, 1, 1, 1]
	78671	42757	32977	2	M	85	A		-1	960.816151289	[1, 1, 1, 1, 1, 1, 1, 1, 1, 1, 1, 1]
	118086	64276	34890	2	M	4	A		-1	961.66976247	[1, 1, 1, 1, 1, 0, 1, 1, 1, 1, 1, 1]
	81624	39720	63053	2	M	60	A		-1	962.112660344	[1, 1, 1, 1, 1, 1, 1, 1, 1, 1, 1, 1]
	97870	62112	29984	2	M	87	A		-1	962.203441533	[1, 1, 1, 1, 1, 1, 1, 1, 1, 1, 1, 1]
	86007	60175	10341	2	M	48	A		-1	962.656702586	[1, 1, 1, 1, 1, 1, 1, 1, 1, 1, 1, 1]
	101498	56099	7318	2	M	46	A		-1	962.874354559	[1, 1, 1, 1, 1, 1, 1, 1, 1, 1, 1, 1]
	76765	48474	61717	2	M	16	A		-1	963.62040544	[1, 1, 1, 1, 1, 1, 1, 1, 1, 1, 1, 1]
	121156	67669	44888	2	M	32	A		-1	964.011925417	[1, 1, 1, 1, 1, 1, 1, 1, 1, 1, 1, 1]
	72756	59505	18983	2	M	58	A		-1	965.599244524	[1, 1, 1, 1, 1, 1, 1, 1, 1, 1, 1, 1]
	110783	65224	24135	2	M	14	A		-1	966.021660335	[1, 1, 1, 1, 1, 1, 1, 1, 1, 1, 1, 0]
	117096	52113	58621	2	M	30	A		-1	966.433182265	[1, 1, 1, 0, 1, 1, 1, 1, 1, 1, 1, 1]
	102996	48821	19925	2	M	94	A		-1	966.992814529	[1, 1, 1, 1, 1, 1, 1, 1, 1, 1, 1, 1]
	121647	49774	23992	2	M	0	A		-1	967.023396266	[1, 1, 1, 1, 1, 1, 1, 1, 1, 1, 1, 1]
	98029	53500	11395	2	M	90	A		-1	967.163027881	[1, 0, 1, 1, 1, 1, 1, 1, 1, 1, 1, 1]
	89814	53767	25565	2	M	32	A		-1	967.747435183	[1, 1, 1, 1, 1, 1, 1, 1, 1, 1, 1, 1]
	76992	66228	9013	2	M	26	A		-1	967.903010356	[1, 1, 0, 1, 1, 1, 1, 1, 1, 1, 1, 1]
	112416	51173	10240	2	M	10	A		-1	968.649915074	[1, 1, 1, 1, 1, 1, 1, 1, 1, 1, 1, 1]
	51429	35270	16079	1	M	91	A		-1	969.935248085	[1, 1, 1, 1, 1, 1, 1, 1, 1, 1, 1, 1]
	118591	67307	34150	2	M	86	A		-1	970.175384127	[1, 1, 1, 0, 1, 1, 1, 1, 1, 1, 1, 1]
	105470	55617	43999	2	M	95	A		-1	970.729920198	[1, 1, 1, 1, 1, 1, 1, 1, 1, 1, 1, 1]
	113046	61240	25763	2	M	39	A		-1	970.988648147	[1, 1, 1, 1, 1, 1, 1, 1, 1, 1, 1, 1]
	48821	35223	13471	1	M	49	A		-1	972.100456777	[1, 1, 1, 1, 1, 1, 1, 1, 1, 1, 1, 1]
	71781	63180	58078	2	M	21	A		-1	972.315227085	[1, 1, 1, 1, 1, 1, 1, 1, 1, 1, 1, 1]
	116509	60868	19073	2	M	21	A		-1	973.668389753	[1, 1, 1, 1, 1, 1, 1, 1, 1, 1, 1, 1]
	111633	57478	47954	2	M	37	A		-1	974.249953387	[1, 0, 1, 1, 1, 1, 1, 1, 1, 1, 1, 1]
	72366	53332	57671	2	M	79	A		-1	974.420008132	[1, 1, 1, 1, 1, 1, 1, 1, 1, 1, 1, 1]
	113720	56129	61468	2	M	33	A		-1	974.883106044	[1, 1, 1, 0, 1, 1, 1, 1, 1, 1, 1, 1]
	103671	43581	52096	2	M	74	A		-1	975.604856449	[1, 1, 1, 1, 1, 1, 1, 1, 1, 1, 1, 1]
	89896	37872	7689	2	M	20	A		-1	975.652724365	[1, 1, 1, 1, 1, 1, 1, 1, 1, 1, 1, 0]
	57008	35284	21658	1	M	93	A		-1	976.344181757	[1, 1, 0, 1, 1, 1, 1, 1, 1, 1, 1, 1]
	79550	35119	60850	2	M	16	A		-1	976.526714939	[1, 1, 1, 1, 1, 1, 1, 1, 1, 1, 1, 1]
	112606	67300	68504	2	M	100	A		-1	977.249710154	[1, 1, 1, 1, 1, 1, 1, 1, 1, 1, 1, 1]
	72474	43140	8497	2	M	39	A		-1	977.895691608	[1, 1, 1, 1, 1, 1, 1, 1, 1, 1, 1, 1]
	77506	51429	55156	2	M	53	A		-1	978.54707083	[1, 1, 1, 1, 1, 1, 1, 1, 1, 1, 1, 1]
	91870	35374	39252	2	M	3	A		-1	979.527161383	[1, 1, 1, 1, 1, 1, 1, 1, 1, 1, 1, 1]
	105785	65203	22297	2	M	21	A		-1	979.788928113	[1, 1, 1, 1, 1, 1, 1, 1, 1, 1, 1, 1]
	59092	35344	23742	1	M	22	A		-1	979.840386422	[1, 1, 1, 1, 1, 1, 1, 1, 1, 1, 1, 1]
	75360	68952	11631	2	M	46	A		-1	981.267831408	[1, 1, 1, 0, 1, 1, 1, 1, 1, 1, 1, 1]
	76803	69839	20956	2	M	92	A		-1	981.523066443	[1, 1, 1, 1, 1, 1, 1, 1, 1, 1, 1, 1]
	63066	35021	27716	1	M	31	A		-1	981.87452181	[1, 1, 1, 0, 1, 1, 1, 1, 1, 1, 1, 1]
	104586	49620	34991	2	M	25	A		-1	981.96262781	[1, 1, 1, 0, 1, 1, 1, 1, 1, 1, 1, 1]
	114606	35395	34323	2	M	85	A		-1	982.610548742	[1, 1, 1, 1, 1, 1, 1, 1, 1, 1, 1, 1]
	84727	36297	40749	2	M	55	A		-1	982.927965404	[1, 1, 1, 1, 1, 1, 1, 1, 1, 1, 1, 1]
	117124	66516	67198	2	M	31	A		-1	983.984481151	[1, 1, 1, 1, 1, 1, 1, 1, 1, 1, 1, 1]
	70543	58348	15602	2	M	84	A		-1	984.122505368	[1, 1, 1, 1, 1, 1, 1, 1, 1, 1, 1, 1]
	76401	39248	40487	2	M	18	A		-1	984.936314811	[1, 1, 1, 1, 1, 1, 1, 1, 1, 1, 1, 1]
	104905	49266	45253	2	M	12	A		-1	985.854420777	[1, 1, 1, 1, 1, 1, 1, 1, 1, 1, 1, 1]
	79024	39248	8703	2	M	20	A		-1	987.494543245	[1, 1, 1, 1, 1, 1, 1, 1, 1, 1, 1, 1]
	100806	35964	1807	2	M	27	A		-1	987.632278348	[1, 1, 1, 1, 1, 1, 1, 1, 1, 1, 1, 1]
	104338	50947	55430	2	M	68	A		-1	987.810911988	[1, 1, 1, 1, 1, 1, 1, 1, 1, 1, 1, 1]
	78211	40110	45707	2	M	58	A		-1	988.734545199	[1, 1, 1, 1, 1, 1, 1, 1, 1, 1, 1, 1]
	88945	44405	50896	2	M	4	A		-1	988.96755296	[1, 1, 1, 1, 1, 1, 1, 1, 1, 1, 1, 1]
	117912	67300	51060	2	M	37	A		-1	989.642594521	[1, 1, 1, 1, 1, 1, 1, 1, 1, 1, 1, 1]
	81759	54041	21746	2	M	53	A		-1	989.959603145	[0, 1, 1, 1, 1, 1, 1, 0, 1, 1, 1, 1]
	113556	42519	9126	2	M	39	A		-1	990.180223328	[1, 1, 1, 1, 1, 1, 1, 1, 1, 1, 1, 1]
	80951	54484	37500	2	M	8	A		-1	990.793194472	[1, 1, 1, 1, 1, 1, 1, 1, 1, 1, 1, 1]
	119717	61124	30660	2	M	78	A		-1	990.823758554	[1, 1, 0, 1, 1, 1, 1, 1, 1, 1, 1, 1]
	120745	43657	65314	2	M	61	A		-1	991.372348676	[1, 1, 1, 1, 1, 1, 1, 1, 1, 1, 1, 1]
	111943	44427	64396	2	M	13	A		-1	991.487705367	[1, 1, 1, 1, 1, 0, 1, 1, 1, 1, 1, 1]
	70956	47085	38090	2	M	77	A		-1	991.492459984	[1, 1, 1, 1, 1, 1, 1, 1, 1, 1, 1, 1]
	106138	56756	35712	2	M	25	A		-1	992.121062954	[1, 1, 1, 1, 1, 1, 1, 1, 1, 1, 1, 1]
	110417	53180	16309	2	M	19	A		-1	992.995123715	[1, 1, 1, 1, 1, 1, 1, 1, 1, 1, 1, 1]
	92859	59657	42655	2	M	90	A		-1	993.619477794	[1, 1, 1, 1, 1, 1, 1, 1, 1, 1, 1, 1]
	83161	37227	63959	2	M	66	A		-1	994.014848229	[1, 1, 0, 1, 1, 1, 1, 1, 1, 1, 1, 1]
	115481	54507	17930	2	M	65	A		-1	995.577673061	[1, 1, 1, 1, 1, 1, 1, 0, 1, 1, 1, 1]
	82902	63394	16861	2	M	20	A		-1	996.869630056	[1, 1, 1, 1, 1, 1, 1, 1, 1, 1, 1, 1]
	71372	53441	12923	2	M	18	A		-1	997.124150549	[1, 1, 1, 1, 1, 1, 1, 1, 1, 1, 1, 1]
	82182	59657	26891	2	M	37	A		-1	997.337019609	[1, 1, 1, 1, 1, 1, 1, 1, 1, 1, 1, 0]
	113253	54298	7498	2	M	61	A		-1	997.720208399	[1, 1, 1, 1, 1, 1, 0, 1, 1, 1, 1, 1]
	60739	35284	25389	1	M	81	A		-1	998.83894196	[1, 1, 0, 1, 1, 1, 1, 1, 1, 1, 1, 1]
	83051	39087	45100	2	M	29	A		-1	998.981910013	[1, 1, 1, 1, 1, 1, 1, 1, 1, 1, 1, 1]
	87463	41146	23357	2	M	18	A		-1	999.377553124	[1, 1, 1, 1, 1, 0, 1, 1, 1, 1, 1, 1]
	106886	54638	28721	2	M	90	A		-1	999.636603224	[1, 0, 1, 1, 1, 1, 1, 1, 1, 1, 1, 1]
	106124	37872	63300	2	M	95	A		-1	1001.48907856	[1, 1, 1, 1, 1, 1, 1, 1, 1, 1, 1, 1]
	94599	37268	43753	2	M	38	A		-1	1001.56138421	[1, 1, 1, 1, 1, 1, 1, 1, 1, 1, 1, 1]
	84214	58343	17801	2	M	96	A		-1	1002.32338191	[1, 1, 1, 1, 1, 1, 1, 1, 1, 1, 1, 1]
	99672	53118	29635	2	M	79	A		-1	1003.3766096	[1, 1, 1, 1, 1, 1, 1, 1, 1, 1, 1, 1]
	64737	35114	29387	1	M	8	A		-1	1004.41190695	[1, 1, 1, 0, 1, 1, 1, 1, 1, 1, 1, 1]
	100024	46965	54869	2	M	64	A		-1	1004.42802932	[1, 1, 1, 1, 1, 1, 1, 1, 1, 1, 1, 1]
	89679	52116	58084	2	M	33	A		-1	1005.23299622	[0, 1, 1, 1, 1, 1, 1, 1, 1, 1, 1, 0]
	79830	49784	43703	2	M	5	A		-1	1005.26301937	[0, 1, 1, 0, 1, 0, 1, 1, 1, 1, 1, 1]
	85922	52513	34005	2	M	80	A		-1	1005.45117637	[1, 1, 1, 1, 1, 1, 1, 1, 1, 1, 1, 1]
	116199	59788	127	2	M	80	A		-1	1006.5361118	[1, 1, 1, 1, 1, 1, 1, 1, 1, 1, 1, 1]
	114667	61124	54791	2	M	3	A		-1	1007.12593711	[1, 1, 1, 1, 1, 1, 1, 1, 1, 1, 1, 0]
	100413	57680	7817	2	M	61	A		-1	1008.28194743	[1, 1, 1, 0, 1, 1, 1, 1, 1, 1, 1, 1]
	93604	36836	53028	2	M	24	A		-1	1009.05972931	[1, 1, 1, 1, 1, 1, 1, 1, 1, 1, 1, 1]
	79457	51429	45695	2	M	52	A		-1	1009.36721348	[1, 1, 1, 1, 1, 1, 1, 1, 1, 1, 1, 1]
	112119	59125	41421	2	M	21	A		-1	1009.41276228	[1, 1, 1, 1, 1, 1, 1, 1, 1, 1, 1, 1]
	91799	35215	38873	2	M	73	A		-1	1010.86300422	[1, 1, 1, 1, 1, 1, 1, 1, 1, 1, 1, 1]
	80183	48821	1340	2	M	62	A		-1	1014.03991713	[1, 1, 1, 1, 1, 1, 1, 1, 1, 1, 1, 1]
	113914	62820	47150	2	M	23	A		-1	1014.96068916	[1, 1, 1, 1, 1, 1, 1, 1, 1, 1, 1, 1]
	98403	45504	53215	2	M	18	A		-1	1016.79451557	[1, 1, 0, 1, 1, 1, 1, 1, 1, 1, 1, 1]
	118731	57548	18405	2	M	71	A		-1	1016.85780443	[1, 1, 1, 1, 1, 1, 1, 1, 1, 1, 1, 1]
	107407	62280	25009	2	M	93	A		-1	1018.45815324	[1, 1, 1, 1, 1, 1, 1, 1, 1, 1, 1, 0]
	121188	46238	61945	2	M	72	A		-1	1019.31770855	[1, 1, 1, 1, 1, 1, 1, 1, 1, 1, 1, 1]
	83027	46177	18517	2	M	1	A		-1	1020.22672347	[1, 1, 1, 1, 1, 1, 1, 1, 1, 1, 1, 1]
	120263	35374	12864	2	M	67	A		-1	1021.57685471	[1, 1, 1, 1, 1, 1, 1, 1, 1, 1, 1, 0]
	82383	35734	57032	2	M	39	A		-1	1023.61908943	[1, 1, 1, 1, 1, 1, 1, 1, 1, 1, 1, 1]
	121157	50045	26128	2	M	59	A		-1	1024.02503491	[1, 1, 1, 1, 1, 1, 1, 1, 1, 1, 1, 1]
	77815	67587	30447	2	M	94	A		-1	1024.54896119	[1, 1, 1, 1, 1, 1, 1, 1, 1, 1, 1, 1]
	84664	56099	57039	2	M	45	A		-1	1024.8955341	[1, 0, 1, 1, 1, 1, 1, 1, 1, 1, 1, 1]
	96958	65025	52779	2	M	98	A		-1	1025.30739459	[1, 1, 1, 1, 1, 0, 1, 1, 1, 1, 1, 1]
	82151	57869	60586	2	M	88	A		-1	1025.73034303	[1, 1, 1, 1, 1, 1, 1, 1, 1, 1, 1, 1]
	96046	51381	6763	2	M	36	A		-1	1026.13742019	[1, 1, 1, 1, 1, 1, 1, 1, 1, 1, 1, 1]
	79688	56853	19658	2	M	4	A		-1	1027.60920961	[1, 1, 1, 1, 1, 1, 1, 1, 1, 1, 1, 1]
	101638	52513	52390	2	M	81	A		-1	1028.30267289	[1, 1, 1, 1, 1, 1, 1, 1, 1, 1, 1, 1]
	120429	68831	67252	2	M	50	A		-1	1028.60370313	[1, 1, 1, 0, 1, 1, 1, 1, 1, 1, 1, 1]
	85419	61316	5429	2	M	76	A		-1	1028.64765807	[1, 1, 1, 1, 1, 1, 1, 1, 1, 1, 1, 1]
	107020	63066	22149	2	M	57	A		-1	1028.66248584	[1, 1, 1, 0, 1, 1, 1, 1, 1, 1, 1, 1]
	104752	44216	22470	2	M	78	A		-1	1028.89737801	[1, 1, 1, 1, 1, 1, 1, 1, 1, 1, 1, 0]
	93239	65618	48168	2	M	60	A		-1	1028.9714678	[1, 0, 1, 1, 1, 1, 1, 1, 1, 1, 1, 1]
	109158	44427	34484	2	M	93	A		-1	1029.34436485	[1, 1, 1, 1, 1, 1, 1, 1, 1, 1, 1, 1]
	91396	47085	30674	2	M	65	A		-1	1033.59545924	[1, 1, 1, 1, 1, 1, 1, 1, 1, 1, 1, 0]
	81375	52172	26521	2	M	28	A		-1	1033.85283394	[1, 1, 1, 1, 1, 1, 1, 1, 1, 1, 1, 1]
	110970	42519	4152	2	M	38	A		-1	1036.14222548	[1, 1, 1, 1, 1, 1, 1, 1, 1, 1, 1, 1]
	36842	35045	1492	1	M	12	A		-1	1037.20485481	[1, 1, 1, 1, 1, 1, 1, 1, 1, 1, 1, 1]
	112531	48039	31181	2	M	27	A		-1	1037.24179344	[1, 1, 1, 0, 1, 1, 1, 1, 1, 1, 1, 1]
	115825	55452	57615	2	M	45	A		-1	1037.99511411	[1, 1, 1, 1, 1, 1, 1, 1, 1, 1, 1, 1]
	74498	58596	57641	2	M	65	A		-1	1038.95686929	[1, 1, 1, 1, 1, 1, 1, 1, 1, 1, 1, 1]
	121172	57470	46347	2	M	50	A		-1	1041.22305923	[1, 1, 1, 1, 1, 1, 1, 0, 1, 1, 1, 1]
	96436	62112	22434	2	M	30	A		-1	1042.86624043	[1, 1, 1, 1, 1, 1, 1, 1, 1, 1, 1, 1]
	77078	69242	62136	2	M	7	A		-1	1043.20895521	[1, 1, 1, 0, 1, 1, 1, 1, 1, 1, 1, 1]
	88789	68769	19206	2	M	84	A		-1	1045.17505415	[1, 0, 1, 1, 1, 1, 1, 1, 1, 1, 1, 1]
	82048	37942	64735	2	M	6	A		-1	1045.60877361	[1, 1, 1, 1, 1, 1, 1, 1, 1, 1, 1, 1]
	82905	36975	61957	2	M	48	A		-1	1045.89286054	[1, 1, 1, 1, 1, 1, 1, 1, 1, 1, 1, 0]
	106076	57008	43281	2	M	64	A		-1	1049.52424524	[1, 1, 1, 1, 1, 1, 1, 1, 1, 1, 1, 1]
	110050	36672	46803	2	M	72	A		-1	1050.09026825	[1, 1, 1, 1, 1, 1, 1, 1, 1, 1, 1, 1]
	88383	43633	60278	2	M	90	A		-1	1050.47531972	[1, 1, 1, 1, 1, 1, 1, 1, 1, 1, 1, 1]
	102670	64238	48077	2	M	1	A		-1	1051.09150496	[1, 1, 1, 1, 1, 1, 1, 1, 1, 1, 1, 1]
	102869	63066	42013	2	M	25	A		-1	1053.7787692	[1, 1, 1, 0, 1, 1, 1, 1, 1, 1, 1, 1]
	72555	44360	31829	2	M	22	A		-1	1054.70021028	[1, 1, 1, 1, 1, 1, 1, 0, 1, 1, 1, 1]
	77675	65093	42491	2	M	10	A		-1	1055.87850762	[1, 1, 1, 1, 1, 1, 1, 1, 1, 1, 1, 1]
	122800	57478	68218	2	M	88	A		-1	1056.99140184	[1, 1, 1, 1, 1, 1, 1, 1, 1, 1, 1, 1]
	61124	35256	25774	1	M	39	A		-1	1057.02807708	[1, 1, 0, 1, 1, 1, 1, 1, 1, 1, 1, 1]
	105180	61100	21744	2	M	21	A		-1	1058.74179903	[1, 1, 1, 1, 1, 1, 1, 1, 1, 1, 1, 1]
	101937	60739	13099	2	M	15	A		-1	1059.56390435	[1, 1, 1, 1, 1, 1, 1, 1, 1, 1, 1, 1]
	87351	54495	35593	2	M	37	A		-1	1060.40992247	[1, 1, 1, 1, 1, 1, 1, 1, 1, 1, 1, 1]
	102427	55310	69264	2	M	86	A		-1	1061.3018081	[1, 1, 1, 1, 1, 0, 1, 1, 1, 1, 1, 1]
	117594	36672	58768	2	M	40	A		-1	1062.04481529	[1, 1, 1, 1, 1, 1, 1, 1, 1, 1, 1, 1]
	93342	65093	3675	2	M	14	A		-1	1063.28931914	[1, 1, 1, 1, 1, 1, 1, 1, 1, 1, 1, 1]
	71888	45965	18183	2	M	2	A		-1	1063.77257353	[1, 1, 1, 1, 1, 1, 1, 1, 1, 1, 1, 1]
	79729	52308	38098	2	M	65	A		-1	1064.98549246	[0, 1, 1, 1, 1, 1, 1, 1, 1, 1, 1, 1]
	110937	54592	5978	2	M	26	A		-1	1065.53106421	[1, 1, 1, 1, 1, 1, 1, 1, 1, 1, 1, 1]
	102761	58860	18303	2	M	86	A		-1	1069.85241459	[1, 1, 1, 1, 1, 1, 1, 1, 1, 1, 1, 1]
	42519	35216	7169	1	M	18	A		-1	1070.06230777	[1, 1, 1, 1, 1, 1, 1, 1, 1, 1, 1, 1]
	89194	55524	9248	2	M	82	A		-1	1070.38675623	[1, 1, 1, 1, 1, 1, 1, 1, 1, 1, 1, 1]
	110404	37268	43249	2	M	77	A		-1	1071.92923913	[1, 1, 1, 1, 1, 1, 1, 1, 1, 1, 1, 1]
	76544	67997	44250	2	M	42	A		-1	1072.97259034	[1, 1, 1, 1, 1, 1, 1, 1, 1, 1, 1, 1]
	100253	64276	64637	2	M	15	A		-1	1073.78567788	[0, 1, 1, 1, 1, 1, 1, 1, 1, 1, 1, 1]
	98348	41048	53731	2	M	19	A		-1	1074.30199548	[0, 1, 1, 1, 1, 1, 1, 1, 1, 1, 1, 1]
	97753	55310	69955	2	M	65	A		-1	1075.53419632	[1, 1, 1, 1, 1, 1, 1, 1, 1, 1, 1, 1]
	101419	68221	43803	2	M	21	A		-1	1077.34910196	[1, 1, 1, 1, 1, 1, 1, 1, 1, 1, 1, 1]
	81965	64737	49836	2	M	40	A		-1	1077.59047401	[1, 1, 1, 1, 1, 1, 1, 1, 1, 1, 1, 1]
	105156	44405	51491	2	M	14	A		-1	1077.85439924	[1, 1, 1, 1, 1, 1, 1, 1, 1, 1, 1, 1]
	114049	50670	44571	2	M	21	A		-1	1078.29379471	[1, 1, 1, 1, 1, 1, 1, 1, 1, 1, 1, 1]
	121211	57470	46971	2	M	4	A		-1	1079.90526427	[1, 1, 1, 1, 1, 1, 1, 1, 1, 1, 1, 1]
	99792	53500	26677	2	M	59	A		-1	1080.32199169	[1, 1, 1, 1, 1, 1, 1, 1, 1, 1, 1, 1]
	83005	36836	42377	2	M	54	A		-1	1080.85009032	[1, 1, 1, 1, 1, 1, 1, 1, 1, 1, 1, 1]
	95454	56274	27698	2	M	0	A		-1	1083.60407535	[1, 1, 1, 1, 1, 1, 1, 1, 1, 1, 1, 1]
	84331	55951	65793	2	M	8	A		-1	1084.30483952	[1, 1, 1, 1, 1, 1, 1, 1, 1, 1, 1, 0]
	89123	63485	51621	2	M	15	A		-1	1088.21101279	[1, 1, 1, 1, 1, 1, 1, 1, 1, 1, 1, 1]
	89084	36363	54117	2	M	61	A		-1	1092.58179558	[1, 1, 1, 1, 1, 1, 1, 1, 1, 1, 1, 1]
	107388	50008	2445	2	M	76	A		-1	1100.3364484	[1, 1, 1, 1, 1, 1, 1, 1, 1, 1, 1, 1]
	71794	37567	56724	2	M	88	A		-1	1100.48719569	[1, 1, 1, 0, 1, 1, 1, 1, 1, 1, 1, 1]
	120274	35284	63147	2	M	65	A		-1	1109.44345267	[1, 1, 0, 1, 1, 1, 1, 1, 1, 1, 1, 0]
	120811	59470	67962	2	M	31	A		-1	1111.91470138	[1, 1, 1, 1, 1, 1, 1, 1, 1, 1, 1, 1]
	71398	52918	6482	2	M	16	A		-1	1114.03065132	[1, 1, 1, 1, 1, 1, 1, 1, 1, 1, 1, 1]
	92376	64276	52812	2	M	40	A		-1	1115.35895881	[0, 1, 1, 1, 1, 1, 1, 1, 1, 1, 1, 1]
	87638	47748	66685	2	M	24	A		-1	1120.69220466	[1, 0, 1, 1, 1, 1, 1, 1, 1, 1, 1, 1]
	102078	57403	67134	2	M	81	A		-1	1122.53921585	[1, 1, 1, 1, 1, 1, 1, 1, 1, 1, 1, 1]
	96394	61240	27447	2	M	7	A		-1	1124.17569666	[1, 1, 1, 1, 1, 1, 1, 1, 1, 1, 1, 1]
	105366	42018	12829	2	M	69	A		-1	1132.17237368	[1, 1, 1, 1, 1, 1, 1, 1, 1, 1, 1, 1]
	105244	59657	21969	2	M	36	A		-1	1133.73002911	[1, 1, 1, 1, 1, 0, 1, 1, 1, 1, 1, 0]
	96080	68981	45307	2	M	64	A		-1	1136.19531028	[1, 1, 1, 1, 1, 1, 1, 1, 1, 1, 1, 1]
	64276	35249	28926	1	M	76	A		-1	1136.71982997	[0, 1, 1, 1, 1, 1, 1, 1, 1, 1, 1, 1]
	86413	38404	37534	2	M	96	A		-1	1136.88777243	[1, 1, 1, 1, 1, 1, 1, 1, 1, 1, 1, 1]
	84682	61415	37748	2	M	91	A		-1	1138.72286178	[1, 1, 1, 1, 1, 1, 1, 1, 1, 1, 1, 1]
	120824	63394	3807	2	M	28	A		-1	1139.3484075	[1, 1, 1, 1, 1, 1, 1, 1, 1, 1, 1, 1]
	112570	59650	21044	2	M	99	A		-1	1143.53342506	[1, 1, 1, 1, 1, 1, 1, 1, 1, 1, 1, 1]
	93667	53332	56330	2	M	79	A		-1	1147.4075832	[1, 1, 1, 1, 1, 1, 1, 1, 1, 1, 1, 1]
	89829	49804	48328	2	M	35	A		-1	1148.00305778	[1, 1, 1, 1, 1, 1, 1, 1, 1, 1, 1, 1]
	85975	65025	64470	2	M	21	A		-1	1161.2597602	[1, 1, 1, 0, 1, 1, 1, 1, 1, 1, 1, 0]
	113666	64276	4909	2	M	0	A		-1	1168.05647742	[0, 1, 1, 1, 1, 1, 1, 1, 1, 1, 1, 1]
	119763	51123	53974	2	M	12	A		-1	1168.37176527	[0, 1, 1, 1, 1, 1, 1, 1, 1, 1, 1, 1]
	120405	48821	60153	2	M	69	A		-1	1182.42968905	[1, 1, 1, 1, 1, 1, 1, 1, 1, 1, 1, 1]
	72897	49019	54426	2	M	32	A		-1	1186.0538841	[1, 1, 1, 1, 1, 1, 1, 1, 1, 1, 1, 1]
	76539	39823	51927	2	M	21	A		-1	1189.93554692	[1, 1, 1, 1, 0, 1, 1, 1, 1, 1, 1, 1]
	120533	42519	50868	2	M	51	A		-1	1195.20431124	[1, 1, 1, 1, 1, 1, 1, 1, 1, 1, 1, 1]
	116043	57478	38136	2	M	85	A		-1	1195.57199733	[1, 1, 1, 0, 1, 1, 1, 1, 1, 1, 1, 1]
	92385	52751	61367	2	M	4	A		-1	1204.10853972	[1, 1, 1, 1, 1, 1, 1, 1, 1, 1, 1, 0]
	115809	40305	62348	2	M	85	A		-1	1209.67939255	[1, 1, 1, 1, 1, 1, 1, 1, 1, 1, 1, 1]
	97606	37227	64094	2	M	7	A		-1	1227.12809517	[1, 1, 0, 1, 1, 1, 1, 1, 1, 1, 1, 1]
	90943	44216	64431	2	M	55	A		-1	1229.60277346	[1, 1, 1, 0, 1, 1, 1, 1, 1, 1, 1, 1]
	75878	57403	45382	2	M	28	A		-1	1275.39214506	[1, 1, 1, 1, 1, 1, 1, 1, 1, 1, 1, 1]
