animal	sire	dam	born	sex	herd	status	cause	died	TBV	recessives
	579953	490968	393997	7	M	23	A		-1	2576.7198995	[1, 1, 1, 1, 1, 1, 1, 1, 1, 1, 1, 1]
	565062	397867	405387	7	M	98	A		-1	2577.1071896	[1, 1, 1, 1, 1, 1, 1, 1, 1, 1, 1, 1]
	571728	439780	455316	7	M	56	A		-1	2577.20221321	[1, 1, 1, 0, 1, 1, 1, 1, 1, 1, 1, 1]
	533484	446657	433190	7	M	85	A		-1	2577.20265559	[1, 1, 1, 1, 1, 1, 1, 1, 1, 1, 1, 1]
	569330	440270	436067	7	M	43	A		-1	2577.32871214	[1, 1, 1, 1, 1, 1, 1, 1, 1, 1, 1, 1]
	502673	439780	470416	7	M	75	A		-1	2577.49181785	[1, 1, 1, 0, 1, 1, 1, 1, 1, 1, 1, 1]
	512127	479809	465582	7	M	97	A		-1	2577.51396285	[1, 1, 1, 1, 1, 1, 1, 1, 1, 1, 1, 1]
	509005	490968	451824	7	M	94	A		-1	2577.57151986	[1, 1, 1, 1, 1, 1, 1, 1, 1, 1, 1, 1]
	498505	408190	484908	7	M	93	A		-1	2577.69057059	[1, 1, 1, 0, 1, 1, 1, 1, 1, 1, 1, 1]
	567500	460337	411966	7	M	96	A		-1	2577.69896088	[1, 1, 1, 1, 1, 1, 1, 1, 1, 1, 1, 1]
	581792	409691	488240	7	M	80	A		-1	2577.82280008	[1, 1, 1, 1, 1, 1, 1, 1, 1, 1, 1, 1]
	577245	432131	407917	7	M	37	A		-1	2578.03903755	[1, 1, 1, 1, 1, 1, 1, 1, 1, 1, 1, 1]
	560353	399069	415041	7	M	80	A		-1	2578.30388737	[1, 1, 1, 1, 1, 1, 0, 1, 1, 1, 1, 1]
	425778	383792	369916	6	M	52	A		-1	2578.32959396	[1, 1, 1, 1, 1, 1, 1, 0, 1, 1, 1, 1]
	502555	457740	467511	7	M	82	A		-1	2578.46217271	[1, 1, 1, 1, 1, 1, 1, 1, 1, 1, 1, 1]
	572265	397600	447134	7	M	76	A		-1	2578.57660091	[1, 1, 1, 1, 1, 1, 1, 1, 1, 1, 1, 1]
	580393	397319	417043	7	M	5	A		-1	2579.39346904	[1, 1, 1, 1, 1, 1, 1, 1, 1, 1, 1, 1]
	583808	442469	261670	7	M	94	A		-1	2579.46758965	[1, 1, 1, 1, 1, 1, 1, 0, 1, 1, 1, 1]
	544132	422590	404093	7	M	60	A		-1	2579.81998992	[1, 1, 1, 1, 1, 1, 1, 1, 1, 1, 1, 1]
	409691	365067	344868	6	M	86	A		-1	2579.94290953	[1, 1, 1, 1, 1, 1, 1, 1, 1, 1, 1, 1]
	551792	409691	433881	7	M	71	A		-1	2580.1080763	[1, 1, 1, 1, 1, 1, 1, 1, 1, 1, 1, 1]
	525077	432131	475516	7	M	11	A		-1	2581.15701669	[1, 1, 1, 1, 1, 1, 1, 1, 1, 1, 1, 1]
	582586	449203	413650	7	M	69	A		-1	2581.58126705	[1, 1, 1, 1, 1, 1, 1, 1, 1, 1, 1, 1]
	591202	432131	306038	7	M	86	A		-1	2581.66236006	[1, 1, 1, 1, 1, 1, 1, 1, 1, 1, 1, 1]
	570405	442890	476360	7	M	77	A		-1	2581.88520682	[1, 1, 1, 1, 1, 1, 1, 1, 1, 1, 1, 1]
	565716	425778	465617	7	M	3	A		-1	2582.0740398	[1, 1, 1, 1, 1, 1, 1, 1, 1, 1, 1, 1]
	573317	489004	441200	7	M	64	A		-1	2582.50064787	[1, 1, 1, 1, 1, 1, 1, 1, 1, 1, 1, 1]
	546492	418827	422422	7	M	22	A		-1	2582.61213452	[1, 1, 1, 1, 1, 1, 1, 1, 1, 1, 1, 1]
	395653	382027	343237	6	M	54	A		-1	2582.79867393	[1, 1, 1, 1, 1, 1, 1, 1, 1, 1, 1, 1]
	578455	490968	451256	7	M	32	A		-1	2582.95065791	[1, 1, 1, 1, 1, 1, 1, 1, 1, 1, 1, 1]
	504705	457399	423000	7	M	46	A		-1	2583.09202478	[1, 1, 1, 1, 1, 1, 1, 1, 1, 1, 1, 1]
	577620	425778	471687	7	M	15	A		-1	2583.87100785	[1, 0, 1, 1, 1, 1, 1, 0, 1, 1, 1, 1]
	591238	437446	402547	7	M	11	A		-1	2584.02595545	[1, 1, 1, 1, 1, 1, 1, 1, 1, 1, 1, 1]
	532538	418827	404137	7	M	100	A		-1	2584.76489552	[1, 1, 1, 1, 1, 1, 1, 1, 1, 1, 1, 1]
	545836	442469	374931	7	M	9	A		-1	2584.92902943	[1, 1, 1, 1, 1, 1, 1, 0, 1, 1, 1, 1]
	572581	437446	425794	7	M	45	A		-1	2585.46442475	[1, 1, 1, 0, 1, 1, 1, 1, 1, 1, 1, 1]
	547631	442469	436843	7	M	13	A		-1	2585.49162999	[1, 1, 1, 1, 1, 1, 1, 0, 1, 1, 1, 1]
	577602	473091	493292	7	M	36	A		-1	2586.27745357	[1, 1, 1, 0, 1, 1, 1, 1, 1, 1, 1, 1]
	505219	482391	433266	7	M	69	A		-1	2586.31638708	[1, 1, 1, 1, 1, 1, 1, 1, 1, 1, 1, 1]
	558524	396659	473759	7	M	34	A		-1	2586.98642844	[1, 1, 1, 1, 1, 1, 1, 1, 1, 1, 1, 1]
	580949	409691	493640	7	M	12	A		-1	2587.19857548	[1, 1, 1, 1, 1, 1, 1, 1, 1, 1, 1, 1]
	525104	395653	329204	7	M	57	A		-1	2587.92238717	[1, 1, 1, 1, 1, 1, 0, 1, 1, 1, 1, 1]
	496754	479809	361699	7	M	95	A		-1	2587.92506223	[1, 1, 1, 1, 1, 1, 1, 1, 1, 1, 1, 1]
	574496	465581	438911	7	M	70	A		-1	2587.95227085	[1, 1, 1, 1, 1, 1, 1, 1, 1, 1, 1, 1]
	516016	432214	481099	7	M	17	A		-1	2588.08708414	[1, 1, 1, 1, 1, 1, 1, 1, 1, 1, 1, 1]
	495014	449203	451755	7	M	99	A		-1	2588.21757684	[1, 1, 1, 1, 1, 1, 1, 1, 1, 1, 1, 1]
	512599	477001	331272	7	M	62	A		-1	2588.54966056	[0, 1, 1, 1, 1, 1, 1, 1, 1, 1, 1, 1]
	581407	399069	406158	7	M	84	A		-1	2588.95880059	[1, 1, 1, 1, 1, 1, 1, 1, 1, 1, 1, 1]
	588346	473091	328544	7	M	25	A		-1	2589.32885988	[1, 1, 1, 1, 1, 1, 1, 1, 1, 1, 1, 1]
	553997	401828	477115	7	M	71	A		-1	2589.33759619	[1, 1, 1, 1, 1, 1, 1, 1, 1, 1, 1, 1]
	553708	457740	484100	7	M	80	A		-1	2589.47212134	[1, 1, 1, 1, 1, 1, 1, 1, 1, 1, 1, 1]
	580448	480760	342209	7	M	12	A		-1	2589.78152234	[1, 1, 1, 1, 1, 1, 1, 1, 1, 1, 1, 1]
	497524	446657	389712	7	M	65	A		-1	2590.18235749	[1, 1, 1, 1, 1, 1, 1, 1, 1, 1, 1, 1]
	551368	409301	481794	7	M	63	A		-1	2590.18259643	[1, 1, 1, 1, 1, 1, 1, 1, 1, 1, 1, 1]
	566080	474349	406705	7	M	91	A		-1	2590.35194412	[0, 1, 1, 1, 1, 1, 1, 1, 1, 1, 1, 1]
	529274	442890	482749	7	M	6	A		-1	2590.49710241	[1, 1, 1, 1, 1, 1, 1, 1, 1, 1, 1, 1]
	563522	447649	224159	7	M	75	A		-1	2590.84776021	[1, 1, 1, 1, 1, 1, 1, 1, 1, 1, 1, 1]
	517799	409301	458772	7	M	38	A		-1	2590.86515199	[0, 1, 1, 1, 1, 1, 1, 1, 1, 1, 1, 1]
	563338	401828	383653	7	M	38	A		-1	2591.41884949	[1, 1, 1, 1, 1, 1, 1, 1, 1, 1, 1, 1]
	498696	442469	396041	7	M	25	A		-1	2592.05586227	[1, 1, 1, 1, 1, 1, 1, 0, 1, 1, 1, 1]
	510860	397600	351415	7	M	32	A		-1	2592.09771355	[1, 1, 1, 1, 1, 1, 1, 1, 1, 1, 1, 1]
	521339	490968	403335	7	M	39	A		-1	2592.53653813	[1, 1, 1, 1, 1, 1, 1, 1, 1, 1, 1, 1]
	495693	490968	472068	7	M	0	A		-1	2592.53667937	[1, 1, 1, 1, 1, 1, 1, 1, 1, 1, 1, 1]
	513343	431436	393245	7	M	65	A		-1	2592.57949168	[1, 1, 1, 1, 1, 1, 1, 1, 1, 1, 1, 1]
	523097	490968	434502	7	M	90	A		-1	2592.59622028	[1, 1, 1, 1, 1, 1, 1, 1, 1, 1, 1, 1]
	581299	411578	424106	7	M	54	A		-1	2592.60011759	[1, 1, 1, 1, 0, 1, 1, 1, 1, 1, 1, 1]
	530584	432131	484359	7	M	39	A		-1	2592.69019811	[1, 1, 1, 1, 1, 1, 1, 1, 1, 1, 1, 1]
	568127	445741	471437	7	M	24	A		-1	2592.95672184	[1, 1, 1, 1, 1, 1, 1, 0, 1, 1, 1, 1]
	581891	395832	400349	7	M	21	A		-1	2593.1238427	[1, 1, 1, 1, 1, 1, 1, 1, 1, 1, 1, 1]
	525321	486542	453738	7	M	87	A		-1	2593.15324081	[1, 1, 1, 1, 1, 1, 0, 1, 1, 1, 1, 1]
	495787	445741	444773	7	M	79	A		-1	2593.45118289	[1, 1, 1, 1, 1, 1, 1, 0, 1, 1, 1, 1]
	551015	411578	400133	7	M	47	A		-1	2593.58888542	[1, 1, 1, 0, 1, 1, 1, 1, 1, 1, 1, 1]
	553111	409691	379660	7	M	95	A		-1	2593.72274103	[1, 1, 1, 1, 1, 1, 1, 1, 1, 1, 1, 1]
	563878	442890	432303	7	M	8	A		-1	2593.78920323	[0, 1, 1, 1, 1, 1, 1, 1, 1, 1, 1, 1]
	572309	422206	458934	7	M	75	A		-1	2593.86096216	[1, 1, 1, 1, 1, 1, 1, 1, 1, 1, 1, 1]
	584955	394133	411854	7	M	1	A		-1	2593.9375566	[1, 0, 1, 1, 1, 1, 1, 1, 1, 1, 1, 1]
	544061	479809	441911	7	M	56	A		-1	2593.9887455	[1, 1, 1, 1, 1, 1, 1, 1, 1, 1, 1, 1]
	558319	437446	381916	7	M	98	A		-1	2594.15844425	[1, 1, 1, 0, 1, 1, 1, 1, 1, 1, 1, 1]
	572120	476078	207353	7	M	48	A		-1	2594.32633149	[1, 1, 1, 1, 1, 1, 1, 1, 1, 1, 1, 1]
	516496	394133	476250	7	M	81	A		-1	2594.47685373	[1, 1, 1, 1, 1, 1, 1, 1, 1, 1, 1, 1]
	536079	442469	409960	7	M	60	A		-1	2594.53643904	[1, 1, 1, 1, 1, 1, 1, 0, 1, 1, 1, 1]
	552682	417103	315167	7	M	21	A		-1	2594.78483606	[1, 1, 1, 1, 1, 1, 1, 1, 1, 1, 1, 1]
	547253	479809	433265	7	M	70	A		-1	2595.06499024	[1, 1, 1, 1, 1, 1, 1, 1, 1, 1, 1, 1]
	543521	432131	355836	7	M	45	A		-1	2595.10150492	[1, 1, 1, 1, 1, 1, 1, 1, 1, 1, 1, 1]
	523456	395653	435506	7	M	33	A		-1	2595.39993015	[1, 1, 1, 1, 0, 1, 1, 0, 1, 1, 1, 0]
	432214	319059	315183	6	M	24	A		-1	2595.55144409	[1, 1, 1, 1, 1, 1, 0, 1, 1, 1, 1, 1]
	503754	457399	463849	7	M	20	A		-1	2595.81342754	[1, 1, 1, 1, 1, 1, 1, 1, 1, 1, 1, 1]
	584327	462888	468015	7	M	33	A		-1	2595.93701267	[1, 1, 1, 1, 1, 1, 1, 1, 1, 1, 1, 1]
	501903	480760	473808	7	M	42	A		-1	2596.13302215	[1, 0, 1, 1, 1, 1, 1, 1, 1, 1, 1, 1]
	539433	409301	349114	7	M	14	A		-1	2596.2513771	[1, 1, 1, 1, 1, 1, 1, 1, 1, 1, 1, 1]
	511255	446677	450919	7	M	4	A		-1	2597.03080349	[1, 1, 1, 1, 1, 1, 1, 0, 1, 1, 1, 1]
	540713	432214	463290	7	M	72	A		-1	2597.98775077	[1, 1, 1, 1, 1, 1, 0, 1, 1, 1, 1, 1]
	505069	457399	429127	7	M	7	A		-1	2598.08698676	[1, 1, 1, 1, 1, 1, 1, 1, 1, 1, 1, 1]
	583422	399069	417363	7	M	75	A		-1	2598.36930303	[0, 1, 1, 1, 1, 1, 1, 1, 1, 1, 1, 1]
	555826	476078	464056	7	M	61	A		-1	2598.45635505	[1, 1, 1, 1, 1, 1, 1, 1, 1, 1, 1, 1]
	538140	411578	441364	7	M	30	A		-1	2598.6820028	[1, 1, 1, 1, 1, 1, 1, 1, 1, 1, 1, 1]
	587434	480760	410790	7	M	70	A		-1	2598.81115271	[1, 1, 1, 1, 1, 1, 1, 1, 1, 1, 1, 1]
	578515	457399	418523	7	M	27	A		-1	2598.86538953	[1, 1, 1, 1, 1, 1, 1, 1, 1, 1, 1, 1]
	586830	446677	363336	7	M	98	A		-1	2599.01428792	[1, 1, 1, 1, 1, 1, 0, 0, 1, 1, 1, 1]
	524669	457399	466910	7	M	56	A		-1	2599.34205134	[1, 1, 1, 1, 1, 1, 1, 1, 1, 1, 1, 1]
	578856	432131	443675	7	M	47	A		-1	2599.49451532	[1, 1, 1, 1, 1, 1, 1, 1, 1, 1, 1, 1]
	519620	395832	419938	7	M	4	A		-1	2599.61712211	[0, 1, 1, 1, 1, 1, 1, 1, 1, 1, 1, 1]
	548854	397600	464722	7	M	60	A		-1	2599.70241703	[1, 1, 1, 1, 1, 1, 1, 1, 1, 1, 1, 1]
	525600	490968	460758	7	M	56	A		-1	2599.81537973	[1, 1, 1, 1, 1, 1, 1, 1, 1, 1, 1, 0]
	560744	439780	489795	7	M	12	A		-1	2600.05960778	[1, 1, 1, 0, 1, 1, 1, 1, 1, 1, 1, 1]
	502101	409301	479829	7	M	62	A		-1	2600.20906245	[1, 1, 1, 1, 1, 1, 1, 1, 1, 1, 1, 1]
	439780	370488	313395	6	M	39	A		-1	2600.87484003	[1, 1, 1, 0, 1, 1, 1, 1, 1, 1, 1, 1]
	588297	465581	434721	7	M	81	A		-1	2600.97571082	[1, 1, 1, 1, 1, 1, 1, 1, 1, 1, 1, 1]
	590718	442469	302093	7	M	44	A		-1	2601.20624049	[1, 1, 1, 1, 1, 1, 1, 0, 1, 1, 1, 1]
	582491	432131	448716	7	M	51	A		-1	2601.68483939	[1, 1, 1, 1, 1, 1, 1, 1, 1, 1, 1, 1]
	587773	432131	415991	7	M	46	A		-1	2601.8215574	[1, 1, 1, 1, 1, 1, 1, 1, 1, 1, 1, 1]
	511899	408190	489552	7	M	6	A		-1	2602.27807865	[0, 1, 1, 0, 1, 1, 1, 1, 1, 1, 1, 1]
	572429	473091	477588	7	M	79	A		-1	2602.36072412	[1, 1, 1, 1, 1, 1, 1, 1, 1, 1, 1, 1]
	543998	465581	335977	7	M	8	A		-1	2602.53273448	[1, 1, 1, 1, 1, 1, 1, 0, 1, 1, 1, 1]
	537244	445741	217743	7	M	16	A		-1	2602.89932773	[1, 1, 1, 1, 1, 0, 1, 0, 1, 1, 1, 1]
	496203	440270	440099	7	M	59	A		-1	2603.00741518	[1, 1, 1, 1, 1, 1, 1, 1, 1, 1, 1, 1]
	509194	397600	478748	7	M	94	A		-1	2603.21892906	[1, 1, 1, 1, 1, 1, 1, 1, 1, 1, 1, 1]
	549212	490968	452933	7	M	78	A		-1	2603.30545202	[1, 1, 1, 1, 1, 1, 1, 1, 1, 1, 1, 1]
	592163	457740	460292	7	M	97	A		-1	2603.3566823	[1, 1, 1, 1, 1, 1, 1, 1, 1, 1, 1, 1]
	584305	395832	474479	7	M	99	A		-1	2603.54350617	[1, 1, 1, 1, 1, 0, 1, 1, 1, 1, 1, 1]
	409301	317373	247880	6	M	7	A		-1	2603.67305162	[1, 1, 1, 1, 1, 1, 1, 1, 1, 1, 1, 1]
	527052	473091	408293	7	M	34	A		-1	2604.03701414	[1, 1, 1, 1, 1, 1, 1, 1, 1, 1, 1, 1]
	551914	437446	429141	7	M	57	A		-1	2604.06644088	[1, 1, 1, 1, 1, 1, 1, 1, 1, 1, 1, 1]
	575119	401828	260699	7	M	68	A		-1	2604.53611028	[1, 1, 1, 1, 1, 1, 1, 1, 1, 1, 1, 1]
	554327	462888	410217	7	M	59	A		-1	2604.59087772	[1, 1, 1, 1, 1, 1, 1, 1, 1, 1, 1, 1]
	571397	417103	474957	7	M	24	A		-1	2604.96290541	[1, 1, 1, 1, 1, 1, 1, 1, 1, 1, 1, 1]
	498433	479809	409446	7	M	95	A		-1	2605.02997654	[1, 1, 1, 0, 1, 1, 1, 1, 1, 1, 1, 1]
	576011	397319	482519	7	M	88	A		-1	2605.23904776	[1, 1, 1, 1, 1, 1, 1, 0, 1, 1, 1, 1]
	551790	431436	318407	7	M	85	A		-1	2605.24055303	[1, 1, 1, 1, 1, 1, 1, 1, 1, 1, 1, 1]
	582093	418869	351338	7	M	79	A		-1	2605.38530263	[1, 1, 1, 1, 1, 1, 1, 1, 1, 1, 1, 1]
	505072	442890	455224	7	M	55	A		-1	2605.76177278	[0, 1, 1, 0, 1, 1, 1, 1, 1, 1, 1, 1]
	560128	409691	434058	7	M	23	A		-1	2605.94654977	[1, 1, 1, 1, 1, 1, 1, 1, 1, 1, 1, 1]
	503751	440270	493501	7	M	96	A		-1	2606.03281964	[1, 1, 1, 1, 1, 1, 1, 1, 1, 1, 1, 1]
	569916	460337	341607	7	M	9	A		-1	2606.10909175	[1, 1, 1, 1, 1, 1, 1, 1, 1, 1, 1, 1]
	442890	369781	389277	6	M	63	A		-1	2606.67783727	[1, 1, 1, 1, 1, 1, 1, 1, 1, 1, 1, 1]
	525454	395653	440300	7	M	60	A		-1	2607.76004305	[1, 1, 1, 1, 1, 1, 1, 1, 1, 1, 1, 1]
	522466	476078	424276	7	M	47	A		-1	2607.97088378	[1, 1, 1, 1, 0, 1, 1, 1, 1, 1, 1, 0]
	494425	411578	474686	7	M	75	A		-1	2608.28150395	[1, 1, 1, 1, 1, 1, 1, 1, 1, 1, 1, 1]
	571908	418869	487951	7	M	87	A		-1	2608.35422788	[1, 1, 1, 1, 1, 1, 1, 1, 1, 1, 1, 1]
	547702	480760	442745	7	M	60	A		-1	2608.38643232	[1, 1, 1, 1, 1, 1, 1, 1, 1, 1, 1, 1]
	554973	486542	421033	7	M	38	A		-1	2608.52666874	[1, 1, 1, 1, 1, 1, 1, 1, 1, 1, 1, 1]
	558652	397867	409842	7	M	59	A		-1	2608.92672002	[1, 1, 1, 1, 1, 1, 1, 1, 1, 1, 1, 1]
	573300	411578	491067	7	M	69	A		-1	2609.0598942	[1, 1, 1, 1, 1, 1, 1, 1, 1, 1, 1, 1]
	508850	397600	462749	7	M	20	A		-1	2609.93315026	[1, 1, 1, 1, 1, 1, 1, 1, 1, 1, 1, 1]
	542376	486542	429697	7	M	72	A		-1	2610.59207246	[0, 1, 1, 1, 1, 1, 1, 1, 1, 1, 1, 1]
	442469	382343	344928	6	M	64	A		-1	2610.99468993	[1, 1, 1, 1, 1, 1, 1, 0, 1, 1, 1, 1]
	533286	457399	407166	7	M	25	A		-1	2611.4029944	[1, 1, 1, 1, 1, 1, 1, 1, 1, 1, 1, 1]
	543831	474349	482272	7	M	99	A		-1	2611.63555677	[1, 1, 1, 1, 1, 1, 1, 1, 1, 1, 1, 1]
	562608	401828	435670	7	M	64	A		-1	2611.81040786	[1, 1, 1, 1, 1, 1, 1, 1, 1, 1, 1, 1]
	499313	475157	298114	7	M	96	A		-1	2611.98102619	[1, 1, 1, 1, 1, 1, 1, 1, 1, 1, 1, 1]
	539395	474349	456286	7	M	23	A		-1	2612.10612221	[0, 1, 1, 1, 1, 1, 0, 1, 1, 1, 1, 1]
	515937	474349	449813	7	M	73	A		-1	2612.2842656	[0, 1, 1, 1, 1, 1, 1, 1, 1, 1, 1, 1]
	538858	409301	416408	7	M	61	A		-1	2613.55188498	[1, 1, 1, 1, 1, 1, 1, 1, 1, 1, 1, 1]
	531062	397600	412689	7	M	56	A		-1	2613.67981026	[1, 1, 1, 1, 1, 1, 1, 1, 1, 1, 1, 1]
	560581	449203	435861	7	M	18	A		-1	2614.24480968	[1, 1, 1, 1, 1, 1, 1, 0, 1, 1, 1, 1]
	566060	475157	464982	7	M	43	A		-1	2614.70400129	[1, 1, 1, 1, 1, 1, 1, 1, 1, 1, 1, 1]
	540933	490968	372415	7	M	20	A		-1	2615.0177389	[1, 1, 1, 1, 1, 1, 1, 1, 1, 1, 1, 1]
	518491	489081	476085	7	M	11	A		-1	2615.26137567	[1, 1, 1, 1, 1, 1, 1, 0, 1, 1, 1, 1]
	521377	439780	444567	7	M	68	A		-1	2615.39119414	[1, 1, 1, 0, 1, 1, 1, 1, 1, 1, 1, 1]
	576787	480760	424680	7	M	55	A		-1	2616.08767655	[1, 1, 1, 1, 1, 1, 1, 1, 1, 1, 1, 1]
	580882	395653	484898	7	M	33	A		-1	2616.66526087	[1, 1, 1, 1, 1, 1, 1, 1, 1, 1, 1, 1]
	540778	440270	493065	7	M	18	A		-1	2617.03167897	[1, 1, 1, 1, 1, 1, 1, 1, 1, 1, 1, 1]
	572367	486542	458164	7	M	55	A		-1	2617.20572191	[1, 1, 1, 1, 1, 1, 1, 1, 1, 1, 1, 1]
	537532	462888	451117	7	M	56	A		-1	2617.25796887	[1, 1, 1, 1, 1, 1, 1, 1, 1, 1, 1, 1]
	510247	417103	471758	7	M	71	A		-1	2617.42735467	[1, 1, 1, 1, 1, 1, 1, 1, 1, 1, 1, 1]
	519230	439780	490945	7	M	94	A		-1	2617.57123176	[1, 1, 1, 1, 1, 1, 1, 1, 1, 1, 1, 1]
	538440	457399	411641	7	M	12	A		-1	2617.9007982	[1, 1, 1, 1, 1, 1, 1, 1, 1, 1, 1, 1]
	592247	445741	480560	7	M	92	A		-1	2617.95700844	[1, 1, 1, 1, 1, 1, 1, 1, 1, 1, 1, 0]
	545876	446657	391415	7	M	11	A		-1	2618.38552993	[1, 1, 1, 1, 1, 1, 1, 1, 1, 1, 1, 1]
	522124	474349	474094	7	M	36	A		-1	2618.45904712	[1, 1, 1, 1, 1, 1, 1, 1, 1, 1, 1, 1]
	538867	409301	437385	7	M	40	A		-1	2618.49079793	[1, 1, 1, 1, 1, 1, 1, 1, 1, 1, 1, 1]
	526892	409691	490795	7	M	99	A		-1	2618.66849336	[1, 1, 1, 1, 1, 1, 1, 1, 1, 1, 1, 1]
	497451	446677	380058	7	M	52	A		-1	2618.71573728	[1, 1, 1, 1, 1, 1, 0, 1, 1, 1, 1, 1]
	498166	486542	240298	7	M	38	A		-1	2618.71753651	[1, 1, 1, 1, 1, 1, 0, 0, 1, 1, 1, 1]
	530825	439780	429077	7	M	35	A		-1	2618.94063901	[1, 1, 1, 1, 1, 1, 1, 1, 1, 1, 1, 1]
	532506	442469	425307	7	M	28	A		-1	2619.17336272	[1, 1, 1, 1, 1, 1, 1, 0, 1, 1, 1, 1]
	514051	457399	321981	7	M	72	A		-1	2619.32713145	[1, 1, 1, 1, 1, 1, 1, 1, 1, 1, 1, 1]
	495482	399069	411813	7	M	51	A		-1	2619.89901392	[1, 1, 1, 1, 1, 1, 0, 1, 1, 1, 1, 1]
	592858	442890	470504	7	M	54	A		-1	2620.0609547	[1, 1, 1, 1, 1, 1, 1, 1, 1, 1, 1, 1]
	543721	395653	480508	7	M	59	A		-1	2620.13855376	[1, 1, 1, 1, 1, 1, 1, 1, 1, 1, 1, 1]
	510000	417103	314163	7	M	31	A		-1	2620.97407305	[1, 1, 1, 1, 1, 1, 1, 1, 1, 1, 1, 1]
	502490	480760	394192	7	M	42	A		-1	2621.25685406	[1, 1, 1, 1, 1, 1, 1, 1, 1, 1, 1, 1]
	493790	397600	399408	7	M	8	A		-1	2621.97140149	[1, 1, 1, 1, 1, 1, 1, 1, 1, 1, 1, 1]
	523123	480760	442331	7	M	3	A		-1	2622.35418811	[1, 1, 1, 0, 1, 1, 1, 1, 1, 1, 1, 1]
	587540	442890	426514	7	M	46	A		-1	2622.44664717	[1, 1, 1, 1, 1, 1, 1, 1, 1, 1, 1, 1]
	552587	440270	426510	7	M	98	A		-1	2622.46403359	[1, 1, 1, 1, 1, 1, 0, 1, 1, 1, 1, 0]
	508720	477001	384120	7	M	14	A		-1	2622.7060855	[1, 1, 1, 1, 1, 1, 1, 1, 1, 1, 1, 1]
	500664	457740	433380	7	M	4	A		-1	2622.79346819	[1, 1, 1, 1, 1, 1, 1, 1, 1, 1, 1, 1]
	548882	399069	478991	7	M	47	A		-1	2622.9323331	[1, 1, 1, 1, 1, 1, 0, 1, 1, 1, 1, 1]
	557168	473091	437568	7	M	49	A		-1	2623.05524026	[1, 1, 1, 1, 1, 1, 1, 1, 1, 1, 1, 1]
	526060	445741	437366	7	M	37	A		-1	2623.81964024	[1, 1, 1, 1, 1, 1, 1, 1, 1, 1, 1, 1]
	558891	401828	462942	7	M	27	A		-1	2623.84013338	[1, 1, 1, 1, 1, 1, 1, 1, 1, 1, 0, 1]
	542946	489004	396463	7	M	4	A		-1	2623.99749509	[1, 1, 1, 1, 1, 1, 1, 1, 1, 1, 1, 1]
	529839	489004	313939	7	M	34	A		-1	2624.31939477	[1, 1, 1, 1, 1, 1, 1, 1, 1, 1, 1, 1]
	580639	437446	424371	7	M	97	A		-1	2624.41345917	[1, 1, 1, 1, 1, 1, 1, 1, 1, 1, 1, 1]
	549244	475157	407477	7	M	57	A		-1	2624.54398407	[1, 1, 1, 1, 1, 1, 1, 1, 1, 1, 1, 1]
	555032	462888	486282	7	M	48	A		-1	2624.57568238	[1, 1, 1, 1, 1, 1, 1, 1, 1, 1, 1, 1]
	511043	439780	296630	7	M	29	A		-1	2624.79213774	[1, 0, 1, 0, 1, 1, 1, 1, 1, 1, 1, 1]
	550350	425778	478775	7	M	33	A		-1	2624.93087549	[1, 1, 1, 1, 1, 1, 1, 0, 1, 1, 1, 1]
	548459	396659	490886	7	M	90	A		-1	2625.14710991	[1, 1, 1, 1, 1, 1, 1, 1, 1, 1, 1, 1]
	529110	462888	423292	7	M	100	A		-1	2625.48227629	[1, 1, 1, 1, 1, 1, 1, 1, 1, 1, 1, 1]
	554419	457399	316389	7	M	89	A		-1	2625.80578677	[1, 1, 1, 1, 1, 1, 1, 1, 1, 1, 1, 0]
	511058	422590	487867	7	M	60	A		-1	2625.8440467	[1, 1, 1, 1, 1, 1, 1, 1, 1, 1, 1, 1]
	503176	395653	446736	7	M	19	A		-1	2626.12668517	[1, 1, 1, 1, 1, 1, 1, 1, 1, 1, 1, 1]
	397600	387127	308752	6	M	20	A		-1	2626.56314015	[1, 1, 1, 1, 1, 1, 1, 1, 1, 1, 1, 1]
	533995	432214	402101	7	M	11	A		-1	2626.58233563	[1, 1, 1, 1, 1, 1, 0, 1, 1, 1, 1, 1]
	539506	486159	299004	7	M	63	A		-1	2626.61239556	[1, 1, 1, 1, 1, 1, 0, 1, 1, 1, 1, 1]
	555281	476078	484813	7	M	53	A		-1	2626.85190499	[1, 1, 1, 1, 1, 1, 1, 1, 1, 1, 1, 1]
	515979	442469	475452	7	M	59	A		-1	2627.31114259	[0, 1, 1, 1, 1, 1, 1, 1, 1, 1, 1, 1]
	577736	482391	400027	7	M	83	A		-1	2628.35391047	[1, 1, 1, 1, 1, 1, 1, 1, 1, 1, 1, 1]
	573797	489004	493599	7	M	24	A		-1	2628.39903616	[1, 1, 1, 1, 1, 1, 1, 1, 1, 1, 1, 1]
	499574	401828	432610	7	M	23	A		-1	2628.53461902	[1, 1, 1, 1, 1, 1, 1, 1, 1, 1, 1, 1]
	545983	486159	490529	7	M	95	A		-1	2628.56470902	[1, 1, 1, 1, 1, 1, 1, 0, 1, 1, 1, 1]
	590305	442469	299368	7	M	90	A		-1	2628.8036592	[1, 1, 1, 1, 1, 1, 1, 1, 1, 1, 1, 1]
	573771	446677	473833	7	M	30	A		-1	2628.82940967	[1, 1, 1, 1, 1, 1, 1, 0, 1, 1, 1, 1]
	572267	474349	465096	7	M	74	A		-1	2628.88819468	[0, 1, 1, 1, 1, 1, 1, 1, 1, 1, 1, 1]
	555538	489004	441502	7	M	70	A		-1	2629.0575057	[0, 1, 1, 1, 1, 1, 1, 1, 1, 1, 1, 1]
	547296	489004	449945	7	M	96	A		-1	2629.55488666	[1, 1, 1, 1, 1, 1, 1, 1, 1, 1, 1, 1]
	525036	482391	439064	7	M	56	A		-1	2629.877161	[1, 1, 1, 1, 1, 1, 1, 1, 1, 1, 1, 1]
	582016	437446	427356	7	M	78	A		-1	2630.19244302	[1, 1, 1, 0, 1, 1, 1, 0, 1, 1, 1, 1]
	497314	442890	479035	7	M	34	A		-1	2630.99701395	[1, 1, 1, 1, 1, 1, 1, 1, 1, 1, 1, 1]
	562691	395653	400778	7	M	38	A		-1	2631.19515328	[1, 1, 1, 1, 1, 1, 1, 0, 1, 1, 1, 1]
	514326	422590	486714	7	M	86	A		-1	2631.36173577	[0, 1, 1, 1, 1, 1, 1, 1, 1, 1, 1, 1]
	556506	425778	462117	7	M	50	A		-1	2632.03230717	[1, 1, 1, 1, 1, 1, 1, 1, 1, 1, 1, 1]
	515308	437446	438669	7	M	93	A		-1	2632.260686	[1, 1, 1, 1, 1, 1, 1, 1, 1, 1, 1, 1]
	574047	490968	361283	7	M	86	A		-1	2632.45527559	[1, 1, 1, 1, 1, 1, 1, 1, 1, 1, 1, 1]
	480760	387127	307335	6	M	12	A		-1	2632.91888385	[1, 1, 1, 1, 1, 1, 1, 1, 1, 1, 1, 1]
	510732	489081	432575	7	M	57	A		-1	2632.92702872	[1, 1, 1, 1, 1, 1, 1, 1, 1, 1, 1, 1]
	589641	408190	430890	7	M	20	A		-1	2633.04661977	[1, 1, 1, 0, 1, 1, 1, 1, 1, 1, 1, 1]
	445741	308833	326655	6	M	50	A		-1	2633.23461322	[1, 1, 1, 1, 1, 1, 1, 0, 1, 1, 1, 1]
	552601	457399	412241	7	M	1	A		-1	2633.42273292	[1, 1, 1, 1, 1, 1, 1, 1, 1, 1, 1, 1]
	502786	486159	302711	7	M	91	A		-1	2633.83631054	[1, 1, 1, 1, 1, 1, 1, 1, 1, 1, 1, 1]
	579099	465581	404926	7	M	29	A		-1	2633.86659114	[1, 1, 1, 1, 1, 1, 1, 1, 1, 1, 1, 1]
	505148	399069	468610	7	M	17	A		-1	2633.94686007	[1, 1, 1, 1, 1, 1, 0, 1, 1, 1, 1, 1]
	498606	440270	487170	7	M	85	A		-1	2634.10972242	[1, 1, 1, 1, 1, 1, 1, 1, 1, 1, 1, 1]
	500208	417103	453654	7	M	50	A		-1	2634.29231258	[1, 1, 1, 1, 1, 1, 1, 1, 1, 1, 1, 1]
	539254	394133	473685	7	M	79	A		-1	2634.3203712	[1, 1, 1, 1, 0, 1, 1, 1, 1, 1, 1, 1]
	560482	408190	423174	7	M	5	A		-1	2634.9453857	[1, 1, 1, 1, 1, 1, 1, 1, 1, 1, 1, 1]
	568946	432131	434579	7	M	70	A		-1	2635.08042496	[1, 1, 1, 1, 1, 1, 1, 1, 1, 1, 1, 1]
	571319	447649	394417	7	M	100	A		-1	2635.25124085	[1, 1, 1, 1, 1, 1, 1, 1, 1, 1, 1, 1]
	565788	442890	344510	7	M	14	A		-1	2635.61507618	[1, 1, 1, 1, 1, 1, 1, 1, 1, 1, 1, 1]
	549670	395832	489732	7	M	87	A		-1	2635.74340482	[1, 1, 1, 1, 1, 1, 1, 1, 1, 1, 1, 1]
	590743	396659	435828	7	M	45	A		-1	2635.92355957	[0, 1, 1, 1, 1, 1, 1, 1, 1, 1, 1, 1]
	499131	418827	438585	7	M	54	A		-1	2636.26894275	[1, 1, 1, 1, 1, 1, 1, 1, 1, 1, 1, 1]
	520350	476078	394010	7	M	70	A		-1	2637.14631853	[1, 1, 1, 1, 1, 1, 1, 1, 1, 1, 1, 1]
	518264	431436	440262	7	M	0	A		-1	2637.26713179	[1, 1, 1, 1, 1, 1, 1, 1, 1, 1, 1, 1]
	528210	396659	398706	7	M	99	A		-1	2637.86819379	[1, 1, 1, 1, 1, 1, 1, 1, 1, 1, 1, 1]
	561032	457399	459520	7	M	71	A		-1	2638.53234894	[1, 1, 1, 1, 1, 1, 1, 1, 1, 1, 1, 1]
	503601	439780	434293	7	M	7	A		-1	2638.91645865	[1, 1, 1, 1, 1, 1, 1, 1, 1, 1, 1, 1]
	549833	411578	419118	7	M	35	A		-1	2639.43349085	[1, 1, 1, 1, 1, 1, 1, 1, 1, 1, 1, 1]
	516267	395653	418412	7	M	9	A		-1	2641.6142797	[1, 1, 1, 1, 1, 1, 1, 1, 1, 1, 1, 1]
	525394	409691	458727	7	M	8	A		-1	2642.42620858	[1, 1, 1, 1, 1, 1, 1, 1, 1, 1, 1, 1]
	542228	490968	403079	7	M	27	A		-1	2642.43556748	[1, 1, 1, 1, 1, 1, 1, 1, 1, 1, 1, 1]
	538054	397600	465983	7	M	85	A		-1	2642.45276956	[1, 1, 1, 1, 1, 1, 1, 1, 1, 1, 1, 1]
	540526	480760	197804	7	M	23	A		-1	2642.55454442	[1, 1, 1, 1, 1, 1, 1, 1, 1, 1, 1, 1]
	539029	482391	410710	7	M	51	A		-1	2643.00965827	[1, 1, 1, 1, 1, 1, 1, 1, 1, 1, 1, 1]
	544637	408190	457267	7	M	51	A		-1	2643.44898411	[1, 1, 1, 0, 1, 1, 1, 1, 1, 1, 1, 1]
	575473	397319	407072	7	M	59	A		-1	2643.60773448	[1, 1, 1, 1, 1, 1, 1, 1, 1, 1, 1, 1]
	572986	395653	467338	7	M	27	A		-1	2644.97409748	[1, 1, 1, 1, 1, 1, 1, 1, 1, 1, 1, 1]
	526240	446677	461420	7	M	13	A		-1	2646.82650177	[1, 1, 1, 1, 1, 1, 0, 1, 1, 1, 1, 1]
	582283	457399	347686	7	M	79	A		-1	2647.3972053	[0, 1, 1, 0, 1, 1, 1, 1, 1, 1, 1, 1]
	584293	397319	329706	7	M	23	A		-1	2647.4414188	[1, 1, 1, 1, 1, 1, 1, 1, 1, 1, 1, 1]
	518629	457740	404088	7	M	8	A		-1	2647.87646326	[1, 1, 1, 1, 1, 1, 1, 1, 1, 1, 1, 1]
	504617	397600	364478	7	M	99	A		-1	2648.78349063	[1, 1, 1, 1, 1, 1, 1, 1, 1, 1, 1, 1]
	569902	437446	444796	7	M	35	A		-1	2649.80479059	[1, 1, 1, 0, 1, 1, 1, 1, 1, 1, 1, 1]
	562920	409691	491441	7	M	73	A		-1	2650.12826938	[1, 1, 1, 1, 1, 1, 1, 1, 1, 1, 1, 1]
	535456	439780	491709	7	M	58	A		-1	2650.25328647	[1, 1, 1, 1, 1, 1, 1, 1, 1, 1, 1, 1]
	509742	489004	354566	7	M	94	A		-1	2650.31712558	[1, 1, 1, 1, 1, 1, 1, 1, 1, 1, 1, 1]
	573040	490968	440043	7	M	27	A		-1	2650.42676537	[1, 1, 1, 1, 1, 1, 1, 1, 1, 1, 1, 1]
	582933	432131	317894	7	M	54	A		-1	2650.96876416	[1, 1, 1, 1, 1, 1, 1, 1, 1, 1, 1, 1]
	587766	447649	327365	7	M	11	A		-1	2651.2283865	[1, 1, 1, 1, 1, 1, 0, 1, 1, 1, 1, 1]
	586077	440270	417007	7	M	83	A		-1	2652.18757942	[1, 1, 1, 1, 1, 1, 1, 1, 1, 1, 1, 1]
	544777	422206	459933	7	M	4	A		-1	2652.51013747	[1, 1, 1, 1, 1, 1, 1, 1, 1, 1, 1, 1]
	497814	457399	460630	7	M	15	A		-1	2652.91739353	[1, 1, 1, 1, 1, 1, 1, 1, 1, 1, 1, 1]
	523476	479809	351698	7	M	86	A		-1	2653.06405301	[1, 1, 1, 1, 1, 1, 1, 1, 1, 1, 1, 1]
	506846	411578	410156	7	M	22	A		-1	2653.30069479	[1, 1, 1, 1, 1, 1, 1, 1, 1, 1, 1, 1]
	593393	425778	435602	7	M	7	A		-1	2653.90731874	[1, 1, 1, 1, 1, 1, 1, 1, 1, 1, 1, 1]
	556052	395832	432634	7	M	81	A		-1	2654.27077152	[1, 1, 1, 1, 1, 1, 1, 1, 1, 1, 1, 1]
	507059	432214	452037	7	M	37	A		-1	2654.57574895	[1, 1, 1, 1, 1, 1, 1, 1, 1, 1, 1, 1]
	550714	395653	399114	7	M	67	A		-1	2654.82049811	[1, 1, 1, 1, 1, 1, 1, 1, 1, 1, 1, 1]
	504373	432214	311755	7	M	22	A		-1	2655.63078061	[1, 1, 1, 1, 1, 1, 0, 1, 1, 1, 1, 1]
	529746	431436	485612	7	M	83	A		-1	2655.68857545	[1, 1, 1, 1, 1, 1, 1, 1, 1, 1, 1, 1]
	501634	442469	406864	7	M	65	A		-1	2655.72048221	[0, 1, 1, 1, 1, 1, 1, 1, 1, 1, 1, 1]
	584141	442469	414250	7	M	73	A		-1	2655.81494633	[1, 1, 1, 1, 1, 1, 1, 0, 1, 1, 1, 1]
	556788	439780	454313	7	M	79	A		-1	2655.95321709	[1, 1, 1, 1, 1, 1, 1, 1, 1, 1, 1, 1]
	514292	449203	441016	7	M	84	A		-1	2656.29192471	[1, 1, 1, 1, 1, 1, 1, 1, 1, 1, 1, 0]
	567848	479809	487391	7	M	13	A		-1	2657.35925594	[1, 1, 1, 1, 1, 1, 1, 1, 1, 1, 1, 1]
	542673	401828	459652	7	M	25	A		-1	2657.63685284	[1, 1, 1, 1, 1, 1, 1, 1, 1, 1, 1, 1]
	573253	399069	429323	7	M	66	A		-1	2658.07145091	[1, 1, 1, 1, 1, 1, 0, 1, 1, 1, 1, 1]
	548020	432214	398958	7	M	49	A		-1	2658.33068	[1, 1, 1, 1, 1, 1, 1, 1, 1, 1, 1, 1]
	540866	409301	393838	7	M	38	A		-1	2658.33849938	[1, 1, 1, 1, 1, 1, 1, 1, 1, 1, 1, 1]
	546554	489004	476891	7	M	90	A		-1	2658.3873143	[1, 1, 1, 1, 1, 1, 1, 1, 1, 1, 1, 1]
	575043	411578	479653	7	M	28	A		-1	2658.50983772	[1, 1, 1, 1, 1, 1, 1, 1, 1, 1, 1, 1]
	504995	418869	398052	7	M	83	A		-1	2658.79657371	[1, 1, 1, 1, 1, 1, 1, 1, 1, 1, 1, 1]
	494846	397319	300475	7	M	24	A		-1	2659.01612612	[1, 1, 1, 1, 1, 1, 1, 1, 1, 1, 1, 1]
	511980	442890	408669	7	M	63	A		-1	2659.57968096	[1, 1, 1, 1, 1, 1, 1, 1, 1, 1, 1, 1]
	547140	489081	402811	7	M	78	A		-1	2659.63204241	[1, 1, 1, 1, 1, 1, 1, 1, 1, 1, 1, 1]
	531283	476078	399559	7	M	58	A		-1	2659.9995444	[1, 1, 1, 1, 1, 1, 1, 1, 1, 1, 1, 1]
	569448	489081	465993	7	M	99	A		-1	2660.40276975	[1, 1, 1, 1, 1, 1, 1, 1, 1, 1, 1, 1]
	503020	418827	436586	7	M	5	A		-1	2661.34201305	[1, 1, 1, 1, 1, 1, 1, 0, 1, 1, 1, 1]
	523150	445741	424021	7	M	22	A		-1	2662.43197704	[1, 1, 1, 1, 1, 1, 1, 0, 1, 1, 1, 1]
	558094	411578	412121	7	M	72	A		-1	2662.51248766	[1, 1, 1, 1, 1, 1, 1, 1, 1, 1, 1, 1]
	570543	480760	345402	7	M	13	A		-1	2662.69727964	[1, 1, 1, 1, 1, 1, 1, 1, 1, 1, 1, 1]
	522750	462888	491149	7	M	28	A		-1	2662.71322725	[1, 1, 1, 1, 1, 1, 1, 1, 1, 1, 1, 1]
	513305	409691	444162	7	M	7	A		-1	2662.87254612	[1, 0, 1, 1, 1, 1, 1, 1, 1, 1, 1, 1]
	592951	489004	420582	7	M	75	A		-1	2663.18426374	[1, 1, 1, 1, 1, 1, 1, 1, 1, 1, 1, 1]
	566435	397319	427127	7	M	27	A		-1	2663.28143118	[1, 1, 1, 1, 0, 1, 1, 1, 1, 1, 1, 1]
	531308	397319	429303	7	M	66	A		-1	2664.48324227	[1, 1, 1, 1, 1, 1, 1, 1, 1, 1, 1, 1]
	580676	474349	403078	7	M	97	A		-1	2665.3821188	[0, 1, 1, 1, 1, 1, 1, 1, 1, 1, 1, 1]
	567200	409691	405924	7	M	46	A		-1	2665.5714385	[1, 1, 1, 1, 1, 1, 1, 0, 1, 1, 1, 1]
	517059	409301	423751	7	M	48	A		-1	2665.76386103	[1, 1, 1, 1, 1, 1, 1, 1, 1, 1, 1, 1]
	593564	462888	469220	7	M	85	A		-1	2666.83172664	[1, 1, 1, 1, 1, 1, 1, 1, 1, 1, 1, 1]
	571638	449203	449383	7	M	97	A		-1	2667.32810628	[1, 1, 1, 1, 1, 1, 1, 0, 1, 1, 1, 0]
	537355	439780	482048	7	M	0	A		-1	2667.71494868	[1, 1, 1, 1, 1, 1, 1, 1, 1, 1, 1, 1]
	538171	457399	454090	7	M	57	A		-1	2668.8880299	[1, 1, 1, 1, 1, 1, 1, 1, 1, 1, 1, 1]
	549297	486159	493040	7	M	68	A		-1	2669.76691756	[1, 1, 1, 1, 1, 1, 1, 1, 1, 1, 1, 1]
	586173	490968	465792	7	M	37	A		-1	2670.43482024	[1, 1, 1, 1, 1, 1, 1, 1, 1, 1, 1, 1]
	537384	457399	452551	7	M	17	A		-1	2670.92127192	[1, 1, 1, 1, 1, 1, 1, 1, 1, 1, 1, 1]
	535009	397867	367525	7	M	44	A		-1	2671.6392104	[1, 1, 1, 1, 1, 1, 1, 1, 1, 1, 1, 1]
	581108	446677	397909	7	M	92	A		-1	2672.15038261	[1, 1, 1, 1, 1, 1, 0, 0, 1, 1, 1, 0]
	586107	474349	401481	7	M	33	A		-1	2674.57057442	[0, 1, 1, 1, 1, 1, 0, 1, 1, 1, 1, 1]
	562611	474349	437848	7	M	21	A		-1	2674.75775086	[0, 1, 1, 1, 1, 1, 0, 1, 1, 1, 1, 1]
	504912	489004	332213	7	M	1	A		-1	2675.57772294	[1, 1, 1, 1, 1, 1, 1, 1, 1, 1, 1, 1]
	504414	486542	445064	7	M	42	A		-1	2675.96005908	[0, 1, 1, 1, 1, 1, 0, 1, 1, 1, 1, 1]
	490968	382027	333033	6	M	92	A		-1	2676.63334746	[1, 1, 1, 1, 1, 1, 1, 1, 1, 1, 1, 1]
	574166	432214	405417	7	M	34	A		-1	2676.85061446	[1, 1, 1, 1, 1, 1, 1, 1, 1, 1, 1, 1]
	536777	442469	401737	7	M	2	A		-1	2677.27632806	[1, 1, 1, 1, 1, 1, 1, 0, 1, 1, 1, 1]
	543689	473091	420007	7	M	23	A		-1	2678.91304239	[1, 1, 1, 0, 1, 1, 1, 1, 1, 1, 1, 1]
	541609	411578	419352	7	M	4	A		-1	2678.94285852	[1, 1, 1, 1, 1, 1, 1, 1, 1, 1, 1, 1]
	560475	476078	486304	7	M	25	A		-1	2679.35888564	[1, 1, 1, 1, 1, 1, 1, 1, 1, 1, 1, 1]
	565011	417103	403752	7	M	92	A		-1	2680.15371257	[1, 1, 1, 1, 1, 1, 1, 1, 1, 1, 1, 1]
	546844	460337	385378	7	M	5	A		-1	2680.19809041	[1, 1, 1, 1, 1, 1, 1, 1, 1, 1, 1, 1]
	557480	399069	397901	7	M	54	A		-1	2680.20856516	[1, 1, 1, 1, 1, 1, 0, 1, 1, 1, 1, 1]
	550785	490968	465437	7	M	59	A		-1	2680.46354682	[1, 1, 1, 1, 1, 1, 1, 1, 1, 1, 1, 1]
	584138	439780	403510	7	M	8	A		-1	2680.68315053	[1, 1, 1, 1, 1, 1, 1, 1, 1, 1, 1, 1]
	583395	439780	367270	7	M	60	A		-1	2680.77643915	[1, 1, 1, 1, 1, 1, 1, 1, 1, 1, 1, 1]
	582935	457399	464452	7	M	41	A		-1	2681.30157796	[1, 1, 1, 1, 1, 1, 1, 0, 1, 1, 1, 1]
	570978	477001	421518	7	M	66	A		-1	2682.97403301	[1, 1, 1, 1, 1, 1, 1, 1, 1, 1, 1, 1]
	504430	397319	347947	7	M	87	A		-1	2683.63047593	[1, 1, 1, 1, 1, 1, 1, 0, 1, 1, 1, 1]
	510474	399069	420481	7	M	98	A		-1	2685.40786383	[1, 1, 1, 1, 1, 1, 0, 1, 1, 1, 1, 1]
	575580	411578	411724	7	M	55	A		-1	2686.11475798	[1, 1, 1, 1, 1, 1, 1, 1, 1, 1, 1, 1]
	575413	396659	384899	7	M	52	A		-1	2686.27078131	[1, 1, 1, 1, 1, 1, 1, 1, 1, 1, 1, 1]
	528695	409301	400998	7	M	82	A		-1	2686.75481665	[1, 1, 1, 1, 1, 1, 1, 1, 1, 1, 1, 1]
	507834	457399	450408	7	M	85	A		-1	2687.09238622	[1, 1, 1, 1, 1, 1, 1, 1, 1, 1, 1, 1]
	565609	445741	485021	7	M	83	A		-1	2687.17012741	[1, 1, 1, 1, 1, 1, 1, 0, 1, 1, 1, 1]
	589329	479809	448297	7	M	53	A		-1	2687.35224585	[1, 1, 1, 0, 1, 1, 1, 1, 1, 1, 1, 1]
	545911	409301	320075	7	M	26	A		-1	2687.99837338	[1, 1, 1, 1, 1, 1, 1, 1, 1, 1, 1, 1]
	489004	383887	324354	6	M	43	A		-1	2688.06752891	[1, 1, 1, 1, 1, 1, 1, 1, 1, 1, 1, 1]
	500814	409691	429637	7	M	54	A		-1	2689.06350445	[1, 1, 1, 1, 1, 1, 1, 1, 1, 1, 1, 1]
	545158	422206	394205	7	M	24	A		-1	2690.09999738	[1, 1, 1, 1, 1, 1, 1, 1, 1, 1, 1, 1]
	554768	476078	493572	7	M	86	A		-1	2690.44266143	[1, 1, 1, 1, 1, 1, 1, 1, 1, 1, 1, 1]
	507531	431436	395406	7	M	69	A		-1	2691.11029383	[1, 1, 1, 1, 1, 1, 1, 1, 1, 1, 1, 1]
	539540	425778	434107	7	M	98	A		-1	2691.71687153	[1, 1, 1, 1, 1, 1, 1, 1, 1, 1, 1, 1]
	565920	445741	411033	7	M	47	A		-1	2692.01001896	[1, 1, 1, 1, 1, 1, 1, 0, 1, 1, 1, 1]
	457399	364177	301183	6	M	87	A		-1	2692.52300069	[1, 1, 1, 1, 1, 1, 1, 1, 1, 1, 1, 1]
	588400	446657	460145	7	M	18	A		-1	2693.15859413	[1, 1, 1, 1, 1, 1, 1, 1, 1, 1, 1, 1]
	498999	479809	451249	7	M	56	A		-1	2694.00482097	[1, 1, 1, 1, 1, 1, 1, 1, 1, 1, 1, 1]
	566289	473091	437995	7	M	81	A		-1	2694.79896028	[1, 1, 1, 1, 1, 1, 1, 1, 1, 1, 1, 1]
	504393	457399	408787	7	M	70	A		-1	2695.15024987	[1, 1, 1, 1, 1, 1, 1, 1, 1, 1, 1, 1]
	556931	401828	398303	7	M	47	A		-1	2695.24156128	[1, 1, 1, 1, 1, 1, 1, 0, 1, 1, 1, 0]
	538902	447649	453343	7	M	53	A		-1	2695.59892973	[1, 1, 1, 1, 1, 1, 1, 1, 1, 1, 1, 1]
	508702	462888	409726	7	M	50	A		-1	2695.64807567	[1, 1, 1, 1, 1, 1, 1, 1, 1, 1, 1, 1]
	506934	457399	334539	7	M	62	A		-1	2696.18478178	[1, 1, 1, 1, 1, 1, 1, 1, 1, 1, 1, 1]
	572076	432131	462439	7	M	29	A		-1	2697.59215649	[1, 1, 1, 1, 1, 1, 1, 1, 1, 1, 1, 1]
	562557	473091	399881	7	M	46	A		-1	2697.63490916	[1, 1, 1, 0, 1, 1, 1, 1, 1, 1, 1, 1]
	588559	480760	468198	7	M	48	A		-1	2700.81969177	[1, 1, 1, 0, 1, 1, 1, 1, 1, 1, 1, 1]
	547956	397600	201279	7	M	33	A		-1	2701.69331044	[1, 1, 1, 1, 1, 1, 1, 1, 1, 1, 1, 1]
	521524	431436	429356	7	M	52	A		-1	2702.04075198	[1, 1, 1, 1, 1, 1, 1, 1, 1, 1, 1, 1]
	502812	442469	448228	7	M	44	A		-1	2702.27045062	[1, 1, 1, 1, 1, 1, 1, 1, 1, 1, 1, 1]
	564419	409691	398723	7	M	47	A		-1	2703.25795843	[1, 1, 1, 1, 1, 1, 1, 1, 1, 1, 1, 1]
	533336	409301	456893	7	M	98	A		-1	2703.84408075	[1, 1, 1, 1, 1, 1, 1, 1, 1, 1, 1, 1]
	505979	490968	475114	7	M	35	A		-1	2703.89164837	[1, 1, 1, 1, 1, 1, 1, 1, 1, 1, 1, 1]
	568646	480760	447453	7	M	34	A		-1	2704.46134977	[1, 1, 1, 1, 1, 1, 1, 1, 1, 1, 1, 1]
	564961	432131	480217	7	M	46	A		-1	2704.85009477	[1, 1, 1, 1, 1, 1, 1, 1, 1, 1, 1, 1]
	567240	396659	359488	7	M	29	A		-1	2705.35420899	[1, 1, 1, 1, 1, 1, 1, 1, 1, 1, 1, 1]
	489081	384420	369723	6	M	16	A		-1	2706.05137638	[1, 1, 1, 1, 1, 1, 1, 1, 1, 1, 1, 1]
	562940	489004	476159	7	M	69	A		-1	2706.95644748	[1, 1, 1, 1, 1, 1, 1, 1, 1, 1, 1, 1]
	506048	477001	442209	7	M	37	A		-1	2707.438058	[1, 1, 1, 1, 0, 1, 1, 1, 1, 1, 1, 1]
	508429	474349	442818	7	M	15	A		-1	2708.13576736	[1, 1, 1, 1, 1, 1, 1, 1, 1, 1, 1, 1]
	575524	409301	454670	7	M	46	A		-1	2708.56743467	[1, 1, 1, 1, 1, 1, 1, 1, 1, 1, 1, 1]
	583777	479809	442935	7	M	67	A		-1	2708.87747526	[1, 1, 1, 0, 1, 1, 1, 1, 1, 1, 1, 1]
	583840	397600	487716	7	M	12	A		-1	2709.05515109	[1, 1, 1, 1, 1, 1, 1, 1, 1, 1, 1, 1]
	556692	479809	347988	7	M	52	A		-1	2709.51455195	[1, 1, 1, 1, 1, 1, 1, 1, 1, 1, 1, 1]
	524590	445741	401680	7	M	53	A		-1	2709.63134306	[1, 1, 1, 1, 1, 1, 1, 0, 1, 1, 1, 1]
	568472	482391	467001	7	M	64	A		-1	2709.70596351	[1, 1, 1, 1, 1, 1, 1, 1, 1, 1, 1, 0]
	527266	432214	445579	7	M	71	A		-1	2711.94144259	[1, 1, 1, 1, 1, 1, 0, 1, 1, 1, 1, 1]
	592344	409691	413594	7	M	69	A		-1	2712.95426748	[1, 1, 1, 1, 1, 1, 1, 1, 1, 1, 1, 1]
	542901	417103	358682	7	M	30	A		-1	2713.62521546	[1, 1, 1, 1, 1, 1, 1, 1, 1, 1, 1, 1]
	560122	408190	470247	7	M	74	A		-1	2714.6657656	[1, 1, 1, 1, 1, 1, 1, 1, 1, 1, 1, 1]
	543597	489004	398578	7	M	8	A		-1	2716.88661279	[1, 1, 1, 1, 1, 1, 1, 1, 1, 1, 1, 1]
	520555	449203	479803	7	M	5	A		-1	2717.22961389	[1, 0, 1, 1, 1, 1, 1, 1, 1, 1, 1, 1]
	503406	486542	430301	7	M	14	A		-1	2718.99744015	[1, 1, 1, 1, 1, 1, 0, 1, 1, 1, 1, 1]
	556344	440270	464976	7	M	39	A		-1	2719.2109756	[1, 1, 1, 1, 1, 1, 1, 1, 1, 1, 1, 1]
	583041	457399	431379	7	M	14	A		-1	2719.34760045	[1, 1, 1, 1, 1, 1, 1, 1, 1, 1, 1, 1]
	578429	411578	466221	7	M	20	A		-1	2721.27457018	[1, 1, 1, 1, 1, 1, 1, 1, 1, 1, 1, 1]
	532265	399069	480321	7	M	98	A		-1	2721.53557845	[1, 0, 1, 1, 1, 1, 1, 1, 1, 1, 1, 1]
	542204	418827	420412	7	M	58	A		-1	2721.6684111	[1, 1, 1, 1, 1, 1, 1, 1, 1, 1, 1, 1]
	556012	445741	413715	7	M	99	A		-1	2722.18902514	[1, 1, 1, 1, 1, 1, 1, 1, 1, 1, 1, 1]
	511045	397867	435581	7	M	14	A		-1	2722.67509837	[1, 1, 1, 1, 1, 1, 1, 1, 1, 1, 1, 1]
	550090	411578	396142	7	M	16	A		-1	2723.18900116	[1, 1, 1, 1, 1, 1, 1, 1, 1, 1, 1, 1]
	593138	437446	432326	7	M	85	A		-1	2723.58151715	[1, 1, 1, 0, 1, 1, 1, 1, 1, 1, 1, 1]
	532186	460337	435032	7	M	99	A		-1	2724.0727125	[1, 1, 1, 1, 1, 1, 1, 1, 1, 1, 1, 1]
	571555	399069	438688	7	M	77	A		-1	2726.62243497	[1, 1, 1, 1, 1, 1, 0, 1, 1, 1, 1, 1]
	572770	396659	315033	7	M	88	A		-1	2728.71857912	[1, 1, 1, 1, 1, 1, 1, 1, 1, 1, 1, 1]
	517672	397867	431755	7	M	68	A		-1	2729.20970878	[1, 1, 1, 1, 1, 1, 1, 1, 1, 1, 1, 1]
	536989	457399	424017	7	M	72	A		-1	2729.42524107	[1, 1, 1, 1, 1, 1, 1, 1, 1, 1, 1, 1]
	495052	489081	401223	7	M	52	A		-1	2730.02812796	[1, 1, 1, 1, 1, 1, 1, 1, 1, 1, 1, 1]
	548758	411578	474582	7	M	82	A		-1	2732.08877436	[1, 1, 1, 1, 1, 1, 1, 1, 1, 1, 1, 1]
	557203	474349	431721	7	M	9	A		-1	2732.94800546	[1, 1, 1, 1, 1, 1, 1, 1, 1, 1, 1, 1]
	551188	409301	493440	7	M	20	A		-1	2733.21400256	[1, 1, 1, 1, 1, 1, 1, 1, 1, 1, 1, 1]
	551663	411578	402994	7	M	84	A		-1	2734.19853854	[1, 1, 1, 1, 1, 1, 1, 1, 1, 1, 1, 1]
	531912	422590	460871	7	M	54	A		-1	2734.76612058	[0, 1, 1, 1, 1, 1, 1, 1, 1, 1, 1, 1]
	530348	432131	403388	7	M	47	A		-1	2735.54933065	[1, 1, 1, 1, 1, 1, 1, 1, 1, 1, 1, 1]
	506235	480760	450123	7	M	4	A		-1	2736.01986952	[1, 1, 1, 1, 1, 1, 1, 1, 1, 1, 1, 1]
	559394	442890	445407	7	M	1	A		-1	2736.10679419	[1, 1, 1, 1, 1, 1, 1, 1, 1, 1, 1, 1]
	592246	447649	421036	7	M	98	A		-1	2737.98477441	[1, 1, 1, 1, 1, 1, 1, 1, 1, 1, 1, 1]
	563334	482391	438888	7	M	21	A		-1	2740.98721401	[1, 1, 1, 1, 0, 1, 1, 1, 1, 1, 1, 1]
	528526	465581	477294	7	M	3	A		-1	2741.18765423	[1, 1, 1, 1, 1, 1, 1, 1, 1, 1, 1, 1]
	534786	475157	404314	7	M	18	A		-1	2741.78213394	[1, 1, 1, 1, 1, 1, 1, 1, 1, 1, 1, 1]
	520824	422206	433833	7	M	76	A		-1	2742.23897391	[1, 1, 1, 1, 1, 1, 1, 1, 1, 1, 1, 1]
	522629	490968	455188	7	M	53	A		-1	2743.32999971	[1, 1, 0, 1, 1, 1, 1, 1, 1, 1, 1, 1]
	535343	480760	412473	7	M	5	A		-1	2745.80984677	[1, 1, 1, 1, 1, 1, 1, 1, 1, 1, 1, 1]
	588647	479809	447738	7	M	68	A		-1	2752.41698636	[1, 1, 1, 1, 1, 1, 1, 1, 1, 1, 1, 1]
	574437	440270	450180	7	M	98	A		-1	2752.68749321	[1, 1, 1, 1, 1, 1, 0, 1, 1, 1, 1, 1]
	505398	457740	392072	7	M	22	A		-1	2753.10813299	[1, 1, 1, 1, 1, 1, 1, 1, 1, 1, 1, 1]
	524843	445741	445458	7	M	18	A		-1	2753.14388162	[1, 1, 1, 1, 1, 1, 1, 1, 1, 1, 1, 1]
	504628	409691	442824	7	M	72	A		-1	2754.54687668	[1, 1, 1, 1, 1, 1, 1, 1, 1, 1, 1, 1]
	573231	425778	359453	7	M	59	A		-1	2755.02931549	[1, 1, 1, 1, 1, 1, 1, 1, 1, 1, 1, 1]
	517988	457740	446086	7	M	83	A		-1	2758.02761688	[1, 0, 1, 1, 1, 1, 1, 1, 1, 1, 1, 1]
	555792	422590	468265	7	M	42	A		-1	2758.47466371	[1, 1, 1, 1, 1, 1, 1, 1, 1, 1, 1, 1]
	508761	417103	411086	7	M	68	A		-1	2758.89337355	[1, 1, 1, 1, 1, 1, 1, 1, 1, 1, 1, 1]
	553296	395832	465609	7	M	87	A		-1	2759.68414827	[1, 1, 1, 1, 1, 1, 1, 1, 1, 1, 1, 1]
	549421	409691	427002	7	M	2	A		-1	2760.39857604	[1, 1, 1, 1, 1, 1, 1, 1, 1, 1, 1, 1]
	568642	422206	426628	7	M	64	A		-1	2761.14151572	[1, 1, 1, 1, 1, 1, 1, 1, 1, 1, 1, 1]
	580047	486542	323927	7	M	79	A		-1	2761.53684203	[1, 1, 1, 1, 1, 1, 1, 1, 1, 1, 1, 1]
	585299	489081	400918	7	M	51	A		-1	2761.63021853	[1, 1, 1, 1, 1, 1, 1, 1, 1, 1, 1, 1]
	570601	486542	340328	7	M	39	A		-1	2762.69274429	[1, 1, 1, 1, 1, 1, 0, 1, 1, 1, 1, 1]
	526470	440270	293053	7	M	88	A		-1	2763.71208427	[1, 1, 1, 1, 1, 1, 1, 1, 1, 1, 1, 1]
	586262	490968	420431	7	M	73	A		-1	2764.14461881	[1, 1, 1, 1, 1, 1, 1, 1, 1, 1, 1, 1]
	531395	475157	445150	7	M	54	A		-1	2765.18066522	[1, 1, 1, 1, 1, 1, 1, 1, 1, 1, 1, 1]
	517912	411578	488611	7	M	43	A		-1	2767.97596334	[1, 1, 1, 1, 1, 1, 1, 1, 1, 1, 1, 0]
	510902	439780	405522	7	M	42	A		-1	2768.22096117	[1, 1, 1, 0, 1, 1, 1, 1, 1, 1, 1, 1]
	555173	490968	480283	7	M	1	A		-1	2772.94495433	[1, 1, 1, 1, 1, 1, 1, 1, 1, 1, 1, 1]
	549841	486542	463110	7	M	57	A		-1	2773.11479986	[1, 1, 1, 1, 1, 1, 0, 1, 1, 1, 1, 1]
	533807	422206	478203	7	M	68	A		-1	2773.29566177	[1, 1, 1, 1, 1, 1, 1, 1, 1, 1, 1, 1]
	537858	442469	397921	7	M	49	A		-1	2774.45752867	[1, 1, 1, 1, 1, 1, 1, 1, 1, 1, 1, 1]
	532671	479809	471307	7	M	70	A		-1	2779.1759811	[1, 1, 1, 1, 1, 1, 1, 1, 1, 1, 1, 1]
	550581	418869	465185	7	M	13	A		-1	2779.59500017	[1, 0, 1, 1, 1, 1, 1, 1, 1, 1, 1, 1]
	499349	486542	434072	7	M	73	A		-1	2779.99991225	[1, 1, 1, 1, 1, 1, 1, 1, 1, 1, 1, 1]
	573320	465581	412085	7	M	74	A		-1	2781.42745836	[1, 1, 1, 1, 1, 1, 1, 1, 1, 1, 1, 1]
	586236	418827	470679	7	M	23	A		-1	2782.25210906	[1, 1, 1, 1, 1, 1, 1, 1, 1, 1, 1, 1]
	592092	439780	394467	7	M	2	A		-1	2783.52786684	[1, 1, 1, 1, 1, 1, 1, 1, 1, 1, 1, 1]
	514790	457740	479571	7	M	10	A		-1	2784.8799785	[1, 1, 1, 1, 1, 1, 1, 1, 1, 1, 1, 1]
	590185	475157	447530	7	M	85	A		-1	2784.92642579	[1, 1, 1, 1, 1, 1, 1, 1, 1, 1, 1, 1]
	545899	489004	375950	7	M	24	A		-1	2786.75610339	[1, 1, 1, 1, 1, 1, 1, 1, 1, 1, 1, 1]
	513283	457399	405744	7	M	17	A		-1	2791.56970106	[1, 1, 1, 0, 1, 1, 1, 1, 1, 1, 1, 1]
	543635	401828	413705	7	M	89	A		-1	2794.31553289	[1, 1, 1, 1, 1, 1, 1, 1, 1, 1, 1, 1]
	519615	449203	433767	7	M	1	A		-1	2795.71969889	[1, 1, 1, 1, 1, 1, 1, 0, 1, 1, 1, 1]
	505906	395653	421492	7	M	35	A		-1	2798.18571287	[1, 1, 1, 1, 1, 1, 1, 1, 1, 1, 1, 1]
	499468	489004	492908	7	M	59	A		-1	2798.84681153	[1, 1, 1, 1, 1, 1, 1, 1, 1, 1, 1, 1]
	513735	397600	486390	7	M	46	A		-1	2801.3257555	[1, 1, 1, 1, 1, 1, 1, 1, 1, 1, 1, 1]
	496051	397867	424905	7	M	2	A		-1	2803.14324163	[1, 1, 1, 1, 1, 1, 1, 1, 1, 1, 1, 1]
	515574	473091	438017	7	M	81	A		-1	2803.8163942	[1, 0, 1, 1, 1, 1, 1, 1, 1, 1, 1, 1]
	579743	489081	452362	7	M	87	A		-1	2804.79243263	[1, 1, 1, 1, 1, 1, 1, 1, 1, 1, 1, 1]
	561516	395653	447424	7	M	92	A		-1	2806.79926294	[1, 1, 1, 1, 1, 1, 1, 1, 1, 1, 1, 0]
	563958	431436	453632	7	M	100	A		-1	2809.66993853	[1, 1, 1, 1, 1, 1, 1, 1, 1, 1, 1, 1]
	499889	439780	476922	7	M	74	A		-1	2810.49841426	[1, 1, 1, 1, 1, 1, 1, 1, 1, 1, 1, 1]
	499452	489081	415577	7	M	80	A		-1	2813.0616293	[1, 1, 1, 1, 1, 1, 1, 1, 1, 1, 1, 1]
	516432	479809	395955	7	M	82	A		-1	2814.52336014	[1, 1, 1, 1, 1, 1, 1, 1, 1, 1, 1, 1]
	511876	440270	475953	7	M	87	A		-1	2815.56991349	[1, 1, 1, 1, 1, 1, 1, 1, 1, 1, 1, 1]
	590825	411578	308191	7	M	72	A		-1	2819.87082018	[1, 1, 1, 1, 1, 1, 1, 1, 1, 1, 1, 1]
	592816	425778	456183	7	M	51	A		-1	2821.65486239	[1, 1, 1, 0, 1, 1, 1, 0, 1, 1, 1, 1]
	538846	457399	413187	7	M	91	A		-1	2824.10882824	[1, 1, 1, 1, 1, 1, 1, 1, 1, 1, 1, 1]
	570621	489004	424396	7	M	96	A		-1	2826.97253457	[1, 1, 1, 1, 1, 1, 1, 1, 1, 1, 1, 1]
	507725	476078	394690	7	M	13	A		-1	2830.48392835	[1, 1, 1, 1, 1, 1, 1, 1, 1, 1, 1, 1]
	538908	431436	430416	7	M	9	A		-1	2832.04101437	[1, 1, 1, 1, 1, 1, 1, 1, 1, 1, 1, 1]
	574248	489004	469983	7	M	21	A		-1	2833.21556778	[1, 1, 1, 1, 1, 1, 1, 1, 1, 1, 1, 1]
	518754	474349	416692	7	M	23	A		-1	2835.34193089	[1, 1, 1, 1, 1, 1, 0, 1, 1, 1, 1, 1]
	528785	395653	433004	7	M	85	A		-1	2838.40706355	[1, 1, 1, 1, 1, 1, 1, 1, 1, 1, 1, 1]
	591508	480760	413535	7	M	60	A		-1	2841.30014565	[1, 1, 1, 1, 1, 1, 1, 1, 1, 1, 1, 1]
	580550	489004	395235	7	M	80	A		-1	2844.08888207	[1, 1, 1, 1, 1, 1, 1, 1, 1, 1, 1, 1]
	499951	397319	467459	7	M	6	A		-1	2845.13433274	[1, 1, 1, 1, 1, 1, 1, 1, 1, 1, 1, 1]
	535805	445741	399864	7	M	28	A		-1	2846.84670214	[1, 1, 1, 1, 1, 1, 1, 1, 1, 1, 1, 1]
	503084	397600	438828	7	M	59	A		-1	2852.62701008	[1, 1, 1, 1, 1, 1, 1, 1, 1, 1, 1, 1]
	509142	489004	442446	7	M	10	A		-1	2861.04546689	[1, 1, 1, 1, 1, 1, 1, 1, 1, 1, 1, 1]
	516337	489004	427470	7	M	48	A		-1	2861.44041421	[1, 1, 1, 1, 1, 1, 0, 1, 1, 1, 1, 1]
	546821	489081	325842	7	M	34	A		-1	2865.05061413	[1, 1, 1, 1, 1, 1, 1, 1, 1, 1, 1, 1]
	590382	397319	460262	7	M	43	A		-1	2865.21923473	[1, 1, 1, 1, 1, 1, 1, 1, 1, 1, 1, 1]
	588195	397600	477969	7	M	46	A		-1	2866.11922817	[1, 1, 1, 1, 1, 1, 1, 1, 1, 1, 1, 1]
	567095	474349	493196	7	M	53	A		-1	2868.33293813	[1, 1, 1, 1, 1, 1, 0, 1, 1, 1, 1, 1]
	589711	399069	492778	7	M	63	A		-1	2879.28104212	[1, 1, 1, 1, 1, 1, 1, 1, 1, 1, 1, 1]
	540854	446677	424984	7	M	52	A		-1	2879.88142773	[1, 1, 1, 1, 1, 1, 1, 0, 1, 1, 1, 1]
	557760	477001	477231	7	M	27	A		-1	2894.07244834	[1, 1, 1, 1, 1, 1, 1, 1, 1, 1, 1, 1]
	526560	411578	484882	7	M	14	A		-1	2923.72218987	[1, 1, 1, 1, 1, 1, 1, 1, 1, 1, 1, 1]
	508181	482391	334783	7	M	92	A		-1	2945.94960304	[1, 1, 1, 1, 1, 1, 1, 1, 1, 1, 1, 1]
	555659	408190	394880	7	M	57	A		-1	2964.73678496	[1, 1, 1, 1, 1, 1, 1, 1, 1, 1, 1, 1]
	592033	479809	423409	7	M	48	A		-1	3002.20194114	[1, 1, 1, 1, 1, 1, 1, 1, 1, 1, 1, 1]
	588679	462888	330494	7	M	59	A		-1	3004.80133647	[1, 1, 1, 1, 1, 1, 1, 1, 1, 1, 1, 1]
	531708	489004	484837	7	M	62	A		-1	3071.44517094	[1, 1, 0, 1, 1, 1, 1, 1, 1, 1, 1, 1]
	511280	446677	404497	7	M	43	A		-1	3079.09470168	[1, 1, 1, 1, 1, 1, 1, 1, 1, 1, 1, 1]
