animal	sire	dam	born	sex	herd	status	cause	died	TBV	recessives
	1685449	1519410	1329951	18	M	95	A		-1	4439.21877503	[1, 1, 1, 1, 1, 1, 1, 1, 1, 1, 1, 1]
	1648182	1517382	1436609	18	M	17	A		-1	4439.64320868	[1, 1, 1, 1, 1, 1, 1, 1, 1, 1, 1, 1]
	1583436	1423327	1388333	17	M	137	A		-1	4439.66736355	[1, 1, 1, 1, 1, 1, 1, 1, 1, 1, 1, 1]
	1609885	1515795	1562260	18	M	93	A		-1	4439.99797113	[1, 1, 1, 1, 1, 1, 1, 1, 1, 1, 1, 1]
	1620026	1516614	1430779	18	M	90	A		-1	4440.03050786	[1, 1, 1, 1, 1, 1, 1, 1, 1, 1, 1, 1]
	1692171	1519530	1523619	18	M	92	A		-1	4440.36355427	[1, 1, 1, 1, 1, 1, 1, 1, 1, 1, 1, 1]
	1632044	1516835	1282571	18	M	12	A		-1	4440.39882332	[1, 1, 1, 1, 1, 1, 1, 1, 1, 1, 1, 1]
	1534164	1421651	1310858	17	M	47	A		-1	4440.46202841	[1, 1, 1, 1, 1, 1, 1, 1, 1, 1, 1, 1]
	1686954	1519410	1477553	18	M	111	A		-1	4440.56100689	[1, 1, 1, 1, 1, 1, 1, 1, 1, 1, 1, 1]
	1685422	1519410	1562325	18	M	90	A		-1	4440.57315473	[1, 1, 1, 1, 1, 1, 1, 1, 1, 1, 1, 1]
	1686447	1519410	1405407	18	M	77	A		-1	4441.08156818	[1, 1, 1, 1, 1, 1, 1, 1, 1, 1, 1, 1]
	1646376	1517382	1545595	18	M	142	A		-1	4441.12072852	[1, 1, 1, 1, 1, 1, 1, 1, 1, 1, 1, 1]
	1636809	1516920	1500698	18	M	157	A		-1	4441.14598878	[1, 1, 1, 1, 1, 1, 1, 1, 1, 1, 1, 1]
	1523295	1421186	1434126	17	M	130	A		-1	4441.29544008	[1, 1, 1, 1, 1, 1, 1, 1, 1, 1, 1, 1]
	1595583	1594723	1514767	18	M	110	A		-1	4441.41867354	[1, 1, 1, 1, 1, 1, 1, 1, 1, 1, 1, 1]
	1610376	1515795	1590803	18	M	55	A		-1	4441.42726817	[1, 1, 1, 1, 1, 1, 1, 1, 1, 1, 1, 1]
	1685969	1519410	1504947	18	M	33	A		-1	4441.44135456	[1, 1, 1, 1, 1, 1, 1, 1, 1, 1, 1, 1]
	1646536	1517382	1580829	18	M	131	A		-1	4441.76270673	[1, 1, 1, 1, 1, 1, 1, 1, 1, 1, 1, 1]
	1680398	1519062	1584261	18	M	88	A		-1	4441.86061126	[1, 1, 1, 1, 1, 1, 1, 1, 1, 1, 1, 1]
	1678924	1521893	1509016	18	M	80	A		-1	4441.88426897	[1, 1, 1, 1, 1, 1, 1, 1, 1, 1, 1, 1]
	1603517	1518606	1541251	18	M	40	A		-1	4442.01022065	[1, 1, 1, 1, 1, 1, 1, 1, 1, 1, 1, 1]
	1688148	1519410	1326106	18	M	94	A		-1	4442.53598522	[1, 1, 1, 1, 1, 1, 1, 1, 1, 1, 1, 1]
	1631994	1516835	1594757	18	M	5	A		-1	4442.8982178	[1, 1, 1, 1, 1, 1, 1, 1, 1, 1, 1, 1]
	1677167	1521893	1540296	18	M	64	A		-1	4442.94616856	[1, 1, 1, 1, 1, 1, 1, 1, 1, 1, 1, 1]
	1666997	1518371	1517493	18	M	98	A		-1	4442.96329993	[1, 1, 1, 1, 1, 0, 1, 1, 1, 1, 1, 1]
	1686458	1519410	1395862	18	M	125	A		-1	4443.56880171	[1, 1, 1, 1, 1, 1, 1, 1, 1, 1, 1, 1]
	1647178	1517382	1554140	18	M	191	A		-1	4443.7685443	[1, 1, 1, 1, 1, 1, 1, 1, 1, 1, 1, 1]
	1651550	1517455	1512273	18	M	84	A		-1	4444.43217214	[1, 1, 1, 1, 1, 1, 1, 1, 1, 1, 1, 1]
	1687798	1519410	1345705	18	M	119	A		-1	4444.68984039	[1, 1, 1, 1, 1, 1, 1, 1, 1, 1, 1, 1]
	1599993	1518606	1521770	18	M	96	A		-1	4444.77025044	[1, 1, 1, 1, 1, 1, 1, 1, 1, 1, 1, 1]
	1644083	1517297	1538065	18	M	54	A		-1	4444.98741029	[1, 1, 1, 1, 1, 0, 1, 1, 1, 1, 1, 1]
	1664828	1518371	1591928	18	M	39	A		-1	4444.99980554	[1, 1, 1, 1, 1, 1, 1, 1, 1, 1, 1, 1]
	1621914	1516614	1570939	18	M	109	A		-1	4445.16413577	[1, 1, 1, 1, 1, 1, 1, 1, 1, 1, 1, 1]
	1613395	1515795	1420577	18	M	35	A		-1	4445.2690945	[1, 1, 1, 1, 1, 1, 1, 1, 1, 1, 1, 1]
	1649920	1517455	1499377	18	M	69	A		-1	4445.44189782	[1, 1, 1, 0, 1, 1, 1, 1, 1, 1, 1, 1]
	1674898	1521893	1361837	18	M	11	A		-1	4445.64713052	[1, 1, 1, 1, 1, 1, 1, 1, 1, 1, 1, 1]
	1605757	1515466	1589887	18	M	108	A		-1	4445.72620458	[1, 1, 1, 1, 1, 1, 1, 1, 1, 1, 1, 1]
	1608276	1515466	1402173	18	M	199	A		-1	4446.03563991	[1, 1, 1, 1, 1, 1, 1, 1, 1, 1, 1, 1]
	1688290	1519410	1424780	18	M	76	A		-1	4446.05725082	[1, 1, 1, 1, 1, 1, 1, 1, 1, 1, 1, 1]
	1596966	1594723	1594491	18	M	159	A		-1	4446.07656321	[1, 1, 1, 1, 1, 1, 1, 1, 1, 1, 1, 1]
	1684874	1519410	1424066	18	M	79	A		-1	4446.41625667	[1, 1, 1, 1, 1, 1, 1, 1, 1, 1, 1, 1]
	1630684	1516835	1535327	18	M	151	A		-1	4446.50790031	[1, 1, 1, 1, 1, 0, 1, 1, 1, 1, 1, 1]
	1607348	1515466	1497121	18	M	129	A		-1	4446.65804575	[1, 1, 1, 1, 1, 1, 1, 1, 1, 1, 1, 1]
	1686453	1519410	1455810	18	M	56	A		-1	4446.72220522	[1, 1, 1, 1, 1, 1, 1, 1, 1, 1, 1, 1]
	1612084	1515795	1574099	18	M	97	A		-1	4446.74632661	[1, 1, 1, 1, 1, 1, 1, 1, 1, 1, 1, 1]
	1656492	1517851	1486559	18	M	159	A		-1	4446.84274084	[1, 1, 1, 1, 1, 1, 1, 1, 1, 1, 1, 1]
	1564719	1422845	1456905	17	M	68	A		-1	4447.02777289	[1, 1, 1, 1, 1, 1, 1, 1, 1, 1, 1, 1]
	1632684	1516835	1579934	18	M	1	A		-1	4447.15115171	[1, 1, 1, 1, 1, 1, 1, 1, 1, 1, 1, 1]
	1639294	1516920	1538054	18	M	99	A		-1	4447.59337914	[1, 1, 1, 1, 1, 1, 1, 1, 1, 1, 1, 1]
	1627404	1516634	1553824	18	M	61	A		-1	4448.10083979	[1, 1, 1, 1, 1, 1, 1, 1, 1, 1, 1, 1]
	1638239	1516920	1593961	18	M	180	A		-1	4448.28189672	[1, 1, 1, 1, 1, 1, 1, 1, 1, 1, 1, 1]
	1629889	1516835	1506958	18	M	18	A		-1	4448.39917271	[1, 1, 1, 1, 1, 1, 1, 1, 1, 1, 1, 1]
	1634562	1516835	1580611	18	M	165	A		-1	4448.74848165	[1, 1, 1, 1, 1, 0, 1, 1, 1, 1, 1, 1]
	1687670	1519410	1524108	18	M	80	A		-1	4449.08573811	[1, 1, 1, 1, 1, 1, 1, 1, 1, 1, 1, 1]
	1605029	1515466	1409104	18	M	60	A		-1	4449.24116204	[1, 1, 1, 1, 1, 1, 1, 1, 1, 1, 1, 1]
	1538221	1421697	1414757	17	M	118	A		-1	4449.3926876	[1, 1, 1, 1, 1, 1, 1, 1, 1, 1, 1, 1]
	1669782	1518618	1464818	18	M	153	A		-1	4449.8434142	[1, 1, 1, 1, 1, 1, 1, 1, 1, 1, 1, 1]
	1661936	1518359	1584436	18	M	0	A		-1	4450.42316209	[1, 1, 1, 1, 1, 1, 1, 1, 1, 1, 1, 1]
	1601413	1518606	1514482	18	M	66	A		-1	4451.38070472	[1, 1, 1, 1, 1, 1, 1, 1, 1, 1, 1, 1]
	1564184	1422845	1455228	17	M	177	A		-1	4451.41699019	[1, 1, 1, 1, 1, 1, 1, 1, 1, 1, 1, 1]
	1652673	1517455	1532515	18	M	43	A		-1	4451.74424245	[1, 1, 1, 1, 1, 1, 1, 1, 1, 1, 1, 1]
	1632979	1516835	1585042	18	M	47	A		-1	4452.13712748	[1, 1, 1, 1, 1, 1, 1, 1, 1, 1, 1, 1]
	1648970	1517382	1528522	18	M	154	A		-1	4452.21468322	[1, 1, 1, 1, 1, 1, 1, 1, 1, 1, 1, 1]
	1614513	1515795	1498003	18	M	95	A		-1	4452.62782696	[1, 1, 1, 1, 1, 1, 1, 1, 1, 1, 1, 1]
	1597726	1594723	1518054	18	M	37	A		-1	4452.66121252	[1, 1, 1, 1, 1, 1, 1, 1, 1, 1, 1, 1]
	1647131	1517382	1503437	18	M	142	A		-1	4453.27596655	[1, 1, 1, 1, 1, 1, 1, 1, 1, 1, 1, 1]
	1650100	1517455	1574810	18	M	121	A		-1	4453.49305656	[1, 1, 1, 1, 1, 1, 1, 1, 1, 1, 1, 1]
	1675630	1521893	1575817	18	M	41	A		-1	4453.53273628	[1, 1, 1, 1, 1, 1, 1, 1, 1, 1, 1, 1]
	1598526	1594723	1581993	18	M	190	A		-1	4453.71220867	[1, 1, 1, 1, 1, 1, 1, 1, 1, 1, 1, 1]
	1688870	1519410	1592999	18	M	34	A		-1	4453.76288131	[1, 1, 1, 1, 1, 1, 1, 1, 1, 1, 1, 1]
	1606768	1515466	1522442	18	M	152	A		-1	4454.01643553	[1, 1, 1, 1, 1, 1, 1, 1, 1, 1, 1, 1]
	1630822	1516835	1503373	18	M	123	A		-1	4454.09528996	[1, 1, 1, 1, 1, 1, 1, 1, 1, 1, 1, 1]
	1684214	1519062	1510403	18	M	185	A		-1	4454.12141762	[1, 1, 1, 1, 1, 1, 1, 1, 1, 1, 1, 1]
	1666018	1518371	1506578	18	M	12	A		-1	4454.20129733	[1, 1, 1, 1, 1, 1, 1, 1, 1, 1, 1, 1]
	1643133	1517297	1540008	18	M	78	A		-1	4454.26852525	[1, 1, 1, 1, 1, 1, 1, 1, 1, 1, 1, 1]
	1611544	1515795	1518338	18	M	172	A		-1	4454.33122261	[1, 1, 1, 1, 1, 1, 1, 1, 1, 1, 1, 1]
	1577835	1426459	1481907	17	M	64	A		-1	4454.6107163	[1, 1, 1, 1, 1, 1, 1, 1, 1, 1, 1, 1]
	1686493	1519410	1560018	18	M	87	A		-1	4454.6620126	[1, 1, 1, 1, 1, 1, 1, 1, 1, 1, 1, 1]
	1678090	1521893	1577194	18	M	154	A		-1	4454.82310724	[1, 1, 1, 1, 1, 1, 1, 1, 1, 1, 1, 1]
	1656758	1517851	1577430	18	M	137	A		-1	4454.82905201	[1, 1, 1, 1, 1, 1, 1, 1, 1, 1, 1, 1]
	1603444	1518606	1529548	18	M	138	A		-1	4454.88192678	[1, 1, 1, 1, 1, 1, 1, 1, 1, 1, 1, 1]
	1688880	1519410	1566302	18	M	150	A		-1	4454.98761633	[1, 1, 1, 1, 1, 1, 1, 1, 1, 1, 1, 1]
	1637389	1516920	1529789	18	M	98	A		-1	4455.21605507	[1, 1, 1, 1, 1, 1, 1, 1, 1, 1, 1, 1]
	1653883	1517455	1585716	18	M	33	A		-1	4455.31273378	[1, 1, 1, 1, 1, 1, 1, 1, 1, 1, 1, 1]
	1635707	1516920	1521015	18	M	23	A		-1	4455.49844241	[1, 1, 1, 1, 1, 1, 1, 1, 1, 1, 1, 1]
	1613327	1515795	1513974	18	M	169	A		-1	4455.78582942	[1, 1, 1, 1, 1, 0, 1, 1, 1, 1, 1, 1]
	1653270	1517455	1558169	18	M	62	A		-1	4456.11298892	[1, 1, 1, 1, 1, 1, 1, 1, 1, 1, 1, 1]
	1609006	1515466	1321998	18	M	14	A		-1	4456.305403	[1, 1, 1, 1, 1, 1, 1, 1, 1, 1, 1, 1]
	1640547	1517297	1514237	18	M	68	A		-1	4456.39642252	[1, 1, 1, 1, 1, 1, 1, 1, 1, 1, 1, 1]
	1676803	1521893	1479453	18	M	107	A		-1	4456.44175602	[1, 1, 1, 1, 1, 1, 1, 1, 1, 1, 1, 1]
	1639757	1516920	1582166	18	M	128	A		-1	4457.00613837	[1, 1, 1, 1, 1, 1, 1, 1, 1, 1, 1, 1]
	1640002	1517297	1485431	18	M	199	A		-1	4457.29002964	[1, 1, 1, 1, 1, 0, 1, 1, 1, 1, 1, 1]
	1677384	1521893	1575477	18	M	75	A		-1	4457.35685538	[1, 1, 1, 1, 1, 1, 1, 1, 1, 1, 1, 1]
	1676261	1521893	1508477	18	M	176	A		-1	4458.62372188	[1, 1, 1, 1, 1, 1, 1, 1, 1, 1, 1, 1]
	1685108	1519410	1438035	18	M	53	A		-1	4459.09144663	[1, 1, 1, 1, 1, 1, 1, 1, 1, 1, 1, 1]
	1652646	1517455	1508104	18	M	180	A		-1	4459.2241272	[1, 1, 1, 1, 1, 1, 1, 1, 1, 1, 1, 1]
	1676688	1521893	1575440	18	M	104	A		-1	4459.4743526	[1, 1, 1, 1, 1, 1, 1, 1, 1, 1, 1, 1]
	1640099	1517297	1575927	18	M	145	A		-1	4459.57695091	[1, 1, 1, 1, 1, 1, 1, 1, 1, 1, 1, 1]
	1598214	1594723	1534741	18	M	8	A		-1	4459.79918841	[1, 1, 1, 1, 1, 1, 1, 1, 1, 1, 1, 1]
	1662293	1518359	1458911	18	M	34	A		-1	4460.17607246	[1, 1, 0, 1, 1, 1, 1, 1, 1, 1, 1, 1]
	1612564	1515795	1509382	18	M	140	A		-1	4460.18972989	[1, 1, 1, 1, 1, 1, 1, 1, 1, 1, 1, 1]
	1582325	1423327	1434495	17	M	90	A		-1	4460.50468575	[1, 1, 1, 1, 1, 1, 1, 1, 1, 1, 1, 1]
	1686354	1519410	1499187	18	M	10	A		-1	4460.69671989	[1, 1, 1, 1, 1, 1, 1, 1, 1, 1, 1, 1]
	1642820	1517297	1513892	18	M	111	A		-1	4460.98487377	[1, 1, 1, 1, 1, 1, 1, 1, 1, 1, 1, 1]
	1621296	1516614	1555636	18	M	52	A		-1	4461.1120563	[1, 1, 1, 1, 1, 1, 1, 1, 1, 1, 1, 1]
	1673880	1518618	1579845	18	M	178	A		-1	4461.54167328	[1, 1, 1, 1, 1, 1, 1, 1, 1, 1, 1, 1]
	1688642	1519410	1589830	18	M	175	A		-1	4461.66496376	[1, 1, 1, 1, 1, 1, 1, 1, 1, 1, 1, 1]
	1651999	1517455	1301706	18	M	65	A		-1	4462.02885419	[1, 1, 1, 1, 1, 1, 1, 1, 1, 1, 1, 1]
	1621433	1516614	1538033	18	M	66	A		-1	4462.23255798	[1, 1, 1, 1, 1, 1, 1, 1, 1, 1, 1, 1]
	1677204	1521893	1572157	18	M	150	A		-1	4462.29893301	[1, 1, 1, 1, 1, 1, 1, 1, 1, 1, 1, 1]
	1581996	1423327	1461499	17	M	51	A		-1	4462.58791017	[1, 1, 1, 1, 1, 1, 1, 1, 1, 1, 1, 1]
	1630801	1516835	1532714	18	M	79	A		-1	4462.64672182	[1, 1, 1, 1, 1, 1, 1, 1, 1, 1, 1, 1]
	1622514	1516614	1561340	18	M	27	A		-1	4462.65282342	[1, 1, 1, 1, 1, 1, 1, 1, 1, 1, 1, 1]
	1609972	1515795	1428787	18	M	65	A		-1	4462.73447099	[1, 1, 1, 1, 1, 1, 1, 1, 1, 1, 1, 1]
	1638957	1516920	1499822	18	M	62	A		-1	4463.30794612	[1, 1, 1, 1, 1, 1, 1, 1, 1, 1, 1, 1]
	1635837	1516920	1500644	18	M	89	A		-1	4463.46605181	[1, 1, 1, 1, 1, 1, 1, 1, 1, 1, 1, 1]
	1528155	1421216	1372839	17	M	9	A		-1	4463.63673052	[1, 1, 1, 1, 1, 1, 1, 1, 1, 1, 1, 1]
	1653965	1517455	1540437	18	M	104	A		-1	4463.96044908	[1, 1, 1, 1, 1, 1, 1, 1, 1, 1, 1, 1]
	1611244	1515795	1248621	18	M	160	A		-1	4464.21628903	[1, 1, 1, 1, 1, 1, 1, 1, 1, 1, 1, 1]
	1600390	1518606	1580114	18	M	168	A		-1	4464.4664428	[1, 1, 1, 1, 1, 1, 1, 1, 1, 1, 1, 1]
	1655341	1517851	1585282	18	M	191	A		-1	4464.59709273	[1, 1, 1, 1, 1, 1, 1, 1, 1, 1, 1, 1]
	1688064	1519410	1506728	18	M	86	A		-1	4464.82841435	[1, 1, 1, 1, 1, 1, 1, 1, 1, 1, 1, 1]
	1692666	1519530	1510992	18	M	79	A		-1	4464.86892659	[1, 1, 1, 1, 1, 1, 1, 1, 1, 1, 1, 0]
	1652939	1517455	1472379	18	M	153	A		-1	4465.00955504	[1, 1, 1, 1, 1, 1, 1, 1, 1, 1, 1, 1]
	1513258	1420614	1471702	17	M	87	A		-1	4465.26633984	[1, 1, 1, 1, 1, 1, 1, 1, 1, 1, 1, 1]
	1691263	1519530	1532300	18	M	19	A		-1	4465.41939093	[1, 1, 1, 1, 1, 0, 1, 1, 1, 1, 1, 1]
	1665283	1518371	1544451	18	M	191	A		-1	4465.85460713	[1, 1, 1, 1, 1, 1, 1, 1, 1, 1, 1, 1]
	1511686	1420614	1420863	17	M	88	A		-1	4466.1076972	[1, 1, 1, 1, 1, 1, 1, 1, 1, 1, 1, 1]
	1599326	1594723	1583410	18	M	189	A		-1	4466.38985899	[1, 1, 1, 1, 1, 1, 1, 1, 1, 1, 1, 1]
	1609786	1515795	1583785	18	M	102	A		-1	4466.67687132	[1, 1, 1, 1, 1, 1, 1, 1, 1, 1, 1, 1]
	1654064	1517455	1547064	18	M	172	A		-1	4466.76782868	[1, 1, 1, 1, 1, 1, 1, 1, 1, 1, 1, 1]
	1615680	1516116	1469406	18	M	0	A		-1	4467.03798312	[1, 1, 1, 1, 1, 1, 1, 1, 1, 1, 1, 1]
	1671206	1518618	1511596	18	M	5	A		-1	4467.4661774	[1, 1, 1, 1, 1, 1, 1, 1, 1, 1, 1, 1]
	1605165	1515466	1557360	18	M	136	A		-1	4467.54982759	[1, 1, 1, 1, 1, 1, 1, 1, 1, 1, 1, 1]
	1688250	1519410	1499690	18	M	85	A		-1	4467.58678083	[1, 1, 1, 1, 1, 1, 1, 1, 1, 1, 1, 1]
	1607947	1515466	1485718	18	M	160	A		-1	4467.91418764	[1, 1, 1, 1, 1, 1, 1, 1, 1, 1, 1, 1]
	1583093	1423327	1442329	17	M	142	A		-1	4468.05715208	[1, 1, 1, 1, 1, 1, 1, 1, 1, 1, 1, 1]
	1526238	1421216	1327848	17	M	22	A		-1	4468.10092157	[1, 1, 1, 1, 1, 1, 1, 1, 1, 1, 1, 1]
	1633398	1516835	1571458	18	M	87	A		-1	4468.39479427	[1, 1, 1, 1, 1, 1, 1, 1, 1, 1, 1, 1]
	1669855	1518618	1586195	18	M	72	A		-1	4468.69627417	[1, 1, 0, 1, 1, 1, 1, 1, 1, 1, 1, 1]
	1687640	1519410	1543251	18	M	21	A		-1	4469.36380702	[1, 1, 1, 1, 1, 1, 1, 1, 1, 1, 1, 1]
	1615384	1516116	1591711	18	M	80	A		-1	4469.49974896	[1, 1, 1, 1, 1, 1, 1, 1, 1, 1, 1, 1]
	1658656	1517851	1542904	18	M	22	A		-1	4469.63701992	[1, 1, 1, 1, 1, 0, 1, 1, 1, 1, 1, 1]
	1670706	1518618	1500208	18	M	113	A		-1	4469.66461436	[1, 1, 1, 1, 1, 1, 1, 1, 1, 1, 1, 1]
	1600216	1518606	1428739	18	M	150	A		-1	4469.78756682	[1, 1, 1, 1, 1, 1, 1, 1, 1, 1, 1, 1]
	1688496	1519410	1544005	18	M	91	A		-1	4470.299524	[1, 1, 1, 1, 1, 1, 1, 1, 1, 1, 1, 1]
	1655660	1517851	1569865	18	M	118	A		-1	4471.49532862	[1, 1, 1, 1, 1, 1, 1, 1, 1, 1, 1, 1]
	1620585	1516614	1467083	18	M	184	A		-1	4472.07829562	[1, 1, 1, 1, 1, 1, 1, 1, 1, 1, 1, 1]
	1626442	1516634	1451246	18	M	28	A		-1	4473.08977226	[1, 1, 1, 1, 1, 1, 1, 1, 1, 1, 1, 1]
	1582612	1423327	1317789	17	M	195	A		-1	4473.19344934	[1, 1, 1, 1, 1, 1, 1, 1, 1, 1, 1, 1]
	1643530	1517297	1486604	18	M	166	A		-1	4473.23135362	[1, 1, 1, 1, 1, 0, 1, 1, 1, 1, 1, 1]
	1692221	1519530	1534563	18	M	98	A		-1	4473.25488447	[1, 1, 1, 1, 1, 1, 1, 1, 1, 1, 1, 1]
	1667241	1518371	1584020	18	M	107	A		-1	4473.6911437	[1, 1, 1, 1, 1, 1, 1, 1, 1, 1, 1, 1]
	1686124	1519410	1571374	18	M	147	A		-1	4474.26690062	[1, 1, 1, 0, 1, 1, 1, 1, 1, 1, 1, 1]
	1636349	1516920	1459969	18	M	81	A		-1	4474.36406411	[1, 1, 1, 1, 1, 1, 1, 1, 1, 1, 1, 1]
	1661853	1518359	1495226	18	M	152	A		-1	4474.46184387	[1, 1, 1, 1, 1, 1, 1, 1, 1, 1, 1, 1]
	1643432	1517297	1499954	18	M	15	A		-1	4474.95749251	[1, 1, 1, 1, 1, 0, 1, 1, 1, 1, 1, 1]
	1533598	1421651	1459254	17	M	183	A		-1	4475.13110636	[1, 1, 1, 1, 1, 0, 1, 1, 1, 1, 1, 1]
	1645673	1517382	1488523	18	M	154	A		-1	4475.18388571	[1, 1, 1, 1, 1, 0, 1, 1, 1, 1, 1, 1]
	1685627	1519410	1590138	18	M	147	A		-1	4475.9849603	[1, 1, 1, 1, 1, 1, 1, 1, 1, 1, 1, 0]
	1683604	1519062	1591316	18	M	35	A		-1	4476.09264017	[1, 1, 1, 1, 1, 1, 1, 1, 1, 1, 1, 1]
	1659421	1517851	1461505	18	M	182	A		-1	4476.43354916	[1, 1, 1, 1, 1, 1, 1, 1, 1, 1, 1, 1]
	1686633	1519410	1510690	18	M	112	A		-1	4476.53126546	[1, 1, 1, 1, 1, 1, 1, 1, 1, 1, 1, 1]
	1686104	1519410	1589510	18	M	15	A		-1	4476.73721567	[1, 1, 1, 1, 1, 1, 1, 1, 1, 1, 1, 1]
	1676402	1521893	1509839	18	M	152	A		-1	4477.02475613	[1, 1, 1, 1, 1, 1, 1, 1, 1, 1, 1, 1]
	1684090	1519062	1573608	18	M	48	A		-1	4477.06229421	[1, 1, 1, 1, 1, 1, 1, 1, 1, 1, 1, 1]
	1657849	1517851	1436298	18	M	117	A		-1	4477.61711311	[1, 1, 1, 1, 1, 1, 1, 1, 1, 1, 1, 1]
	1688733	1519410	1538807	18	M	52	A		-1	4477.70442281	[1, 1, 1, 1, 1, 1, 1, 1, 1, 1, 1, 1]
	1641806	1517297	1557472	18	M	43	A		-1	4477.80614816	[1, 1, 1, 1, 1, 0, 1, 1, 1, 1, 1, 1]
	1580292	1423327	1393709	17	M	167	A		-1	4477.84539285	[1, 1, 1, 1, 1, 1, 1, 1, 1, 1, 1, 1]
	1646341	1517382	1574119	18	M	10	A		-1	4477.86907539	[1, 1, 1, 1, 1, 1, 1, 1, 1, 1, 1, 1]
	1692376	1519530	1465302	18	M	56	A		-1	4478.57677048	[1, 1, 1, 1, 1, 1, 1, 1, 1, 1, 1, 1]
	1644392	1517297	1418864	18	M	28	A		-1	4478.62551026	[1, 1, 1, 1, 1, 0, 1, 1, 1, 1, 1, 1]
	1684977	1519410	1521865	18	M	195	A		-1	4478.9716111	[1, 1, 1, 1, 1, 1, 1, 1, 1, 1, 1, 1]
	1625761	1516634	1584403	18	M	54	A		-1	4479.02498625	[1, 1, 1, 1, 1, 1, 1, 1, 1, 1, 1, 1]
	1626454	1516634	1511091	18	M	99	A		-1	4479.05580107	[1, 1, 1, 1, 1, 1, 1, 1, 1, 1, 1, 1]
	1661942	1518359	1581221	18	M	25	A		-1	4479.06399066	[1, 1, 1, 1, 1, 1, 1, 1, 1, 1, 1, 1]
	1599854	1518606	1503573	18	M	48	A		-1	4479.54838014	[1, 1, 1, 1, 1, 1, 1, 1, 1, 1, 1, 1]
	1652834	1517455	1539823	18	M	179	A		-1	4479.97002643	[1, 1, 1, 1, 1, 1, 1, 1, 1, 1, 1, 1]
	1688333	1519410	1426290	18	M	131	A		-1	4480.30795165	[1, 1, 1, 1, 1, 1, 1, 1, 1, 1, 1, 0]
	1688400	1519410	1541245	18	M	84	A		-1	4480.50022838	[1, 1, 1, 1, 1, 1, 1, 1, 1, 1, 1, 1]
	1676555	1521893	1550650	18	M	88	A		-1	4480.62377202	[1, 1, 1, 1, 1, 0, 1, 1, 1, 1, 1, 1]
	1575850	1426459	1415627	17	M	159	A		-1	4480.80112462	[1, 1, 1, 1, 1, 0, 1, 1, 1, 1, 1, 1]
	1607229	1515466	1537594	18	M	176	A		-1	4481.68227918	[1, 1, 1, 1, 1, 1, 1, 1, 1, 1, 1, 1]
	1598651	1594723	1452286	18	M	155	A		-1	4481.91610279	[1, 1, 1, 1, 1, 1, 1, 1, 1, 1, 1, 1]
	1686733	1519410	1527263	18	M	125	A		-1	4481.95864025	[1, 1, 1, 1, 1, 1, 1, 1, 1, 1, 1, 1]
	1685669	1519410	1460336	18	M	160	A		-1	4482.39051619	[1, 1, 1, 1, 1, 1, 1, 1, 1, 1, 1, 1]
	1621024	1516614	1504436	18	M	126	A		-1	4482.66475948	[1, 1, 1, 1, 1, 1, 1, 1, 1, 1, 1, 1]
	1602407	1518606	1536718	18	M	117	A		-1	4482.79707249	[1, 1, 1, 1, 1, 1, 1, 1, 1, 1, 1, 1]
	1648361	1517382	1397251	18	M	27	A		-1	4482.99084008	[1, 1, 1, 1, 1, 1, 1, 1, 1, 1, 1, 1]
	1624719	1516614	1547916	18	M	84	A		-1	4483.28979739	[1, 1, 1, 1, 1, 1, 1, 1, 1, 1, 1, 1]
	1545929	1422319	1478032	17	M	193	A		-1	4483.6148505	[1, 1, 1, 1, 1, 1, 1, 1, 1, 1, 1, 1]
	1686397	1519410	1548539	18	M	158	A		-1	4483.67969606	[1, 1, 1, 1, 1, 1, 1, 1, 1, 1, 1, 1]
	1681806	1519062	1479963	18	M	174	A		-1	4484.31878741	[1, 1, 1, 1, 1, 1, 1, 1, 1, 1, 1, 1]
	1668012	1518371	1574038	18	M	180	A		-1	4484.55334386	[1, 1, 1, 1, 1, 1, 1, 1, 1, 1, 1, 1]
	1621410	1516614	1574568	18	M	78	A		-1	4485.09910695	[1, 1, 1, 1, 1, 1, 1, 1, 1, 1, 1, 1]
	1623304	1516614	1577121	18	M	68	A		-1	4485.17430509	[1, 1, 1, 1, 1, 1, 1, 1, 1, 1, 1, 1]
	1658306	1517851	1585871	18	M	97	A		-1	4485.17777649	[1, 1, 1, 1, 1, 1, 1, 1, 1, 1, 1, 1]
	1560061	1422845	1426244	17	M	42	A		-1	4485.27716595	[1, 1, 1, 1, 1, 0, 1, 1, 1, 1, 1, 1]
	1651696	1517455	1503474	18	M	166	A		-1	4485.59369539	[1, 1, 1, 1, 1, 1, 1, 1, 1, 1, 1, 1]
	1620114	1516614	1522460	18	M	80	A		-1	4486.01333631	[1, 1, 1, 1, 1, 1, 1, 1, 1, 1, 1, 1]
	1605019	1515466	1484350	18	M	5	A		-1	4486.14918339	[1, 1, 1, 1, 1, 1, 1, 1, 1, 1, 1, 1]
	1600975	1518606	1413798	18	M	196	A		-1	4486.26704598	[1, 1, 1, 1, 1, 1, 1, 1, 1, 1, 1, 1]
	1622196	1516614	1584135	18	M	41	A		-1	4486.31179129	[1, 1, 1, 1, 1, 1, 1, 1, 1, 1, 1, 1]
	1621896	1516614	1580076	18	M	194	A		-1	4486.41129299	[1, 1, 1, 1, 1, 1, 1, 1, 1, 1, 1, 1]
	1455052	1315005	1286052	16	M	81	A		-1	4486.68554514	[1, 1, 0, 1, 1, 1, 1, 1, 1, 1, 1, 1]
	1634297	1516835	1510839	18	M	121	A		-1	4486.80622847	[1, 1, 1, 1, 1, 1, 1, 1, 1, 1, 1, 1]
	1646800	1517382	1563841	18	M	56	A		-1	4486.85933712	[1, 1, 1, 1, 1, 1, 1, 1, 1, 1, 1, 1]
	1645844	1517382	1499458	18	M	6	A		-1	4486.98125559	[1, 1, 1, 1, 1, 1, 1, 1, 1, 1, 1, 1]
	1601217	1518606	1512874	18	M	198	A		-1	4487.00598228	[1, 1, 1, 1, 1, 1, 1, 1, 1, 1, 1, 1]
	1631973	1516835	1508758	18	M	185	A		-1	4487.01720966	[1, 1, 1, 1, 1, 1, 1, 1, 1, 1, 1, 1]
	1519930	1421186	1433401	17	M	183	A		-1	4489.89021753	[1, 1, 1, 1, 1, 1, 1, 1, 1, 1, 1, 1]
	1687295	1519410	1537666	18	M	52	A		-1	4490.09596755	[1, 1, 1, 1, 1, 1, 1, 1, 1, 1, 1, 1]
	1615135	1516116	1535783	18	M	131	A		-1	4490.26824763	[1, 1, 1, 1, 1, 1, 1, 1, 1, 1, 1, 1]
	1647580	1517382	1460937	18	M	37	A		-1	4490.71753888	[1, 1, 1, 1, 1, 1, 1, 1, 1, 1, 1, 1]
	1687935	1519410	1487804	18	M	31	A		-1	4492.04428458	[1, 1, 1, 1, 1, 1, 1, 1, 1, 1, 1, 1]
	1622882	1516614	1327393	18	M	135	A		-1	4492.06721684	[1, 1, 1, 1, 1, 1, 1, 1, 1, 1, 1, 1]
	1622038	1516614	1525177	18	M	58	A		-1	4492.13982172	[1, 1, 1, 1, 1, 1, 1, 1, 1, 1, 1, 1]
	1605541	1515466	1482638	18	M	124	A		-1	4492.47785197	[1, 1, 1, 1, 1, 0, 1, 1, 1, 1, 1, 1]
	1474785	1320660	1300317	16	M	84	A		-1	4492.66414204	[1, 1, 1, 1, 1, 1, 1, 1, 1, 1, 1, 1]
	1665021	1518371	1409435	18	M	48	A		-1	4493.30192119	[1, 1, 1, 1, 1, 0, 1, 1, 1, 1, 1, 1]
	1694293	1519530	1578806	18	M	128	A		-1	4493.76809026	[1, 1, 1, 1, 1, 1, 1, 1, 1, 1, 1, 1]
	1688584	1519410	1585746	18	M	152	A		-1	4493.8183683	[1, 1, 1, 1, 1, 1, 1, 1, 1, 1, 1, 1]
	1687567	1519410	1566202	18	M	0	A		-1	4493.9493368	[1, 1, 1, 1, 1, 1, 1, 1, 1, 1, 1, 1]
	1602247	1518606	1490526	18	M	118	A		-1	4493.9980391	[1, 1, 1, 1, 1, 1, 1, 1, 1, 1, 1, 1]
	1623795	1516614	1578670	18	M	29	A		-1	4494.13759749	[1, 1, 1, 1, 1, 1, 1, 1, 1, 1, 1, 1]
	1686042	1519410	1558008	18	M	82	A		-1	4494.45100179	[1, 1, 1, 1, 1, 1, 1, 1, 1, 1, 1, 1]
	1622168	1516614	1464525	18	M	83	A		-1	4494.78567111	[1, 1, 1, 1, 1, 1, 1, 1, 1, 1, 1, 1]
	1582369	1423327	1311142	17	M	118	A		-1	4494.79756862	[1, 1, 1, 1, 1, 1, 1, 1, 1, 1, 1, 1]
	1688531	1519410	1498524	18	M	194	A		-1	4495.02284743	[1, 1, 1, 1, 1, 1, 1, 1, 1, 1, 1, 1]
	1681515	1519062	1496400	18	M	68	A		-1	4495.0579989	[1, 1, 1, 1, 1, 1, 1, 1, 1, 1, 1, 1]
	1669897	1518618	1556526	18	M	194	A		-1	4495.20451686	[1, 1, 1, 1, 1, 1, 1, 1, 1, 1, 1, 1]
	1656447	1517851	1493876	18	M	27	A		-1	4495.41837018	[1, 1, 1, 1, 1, 0, 1, 1, 1, 1, 1, 1]
	1687044	1519410	1573503	18	M	108	A		-1	4495.64735329	[1, 1, 1, 1, 1, 1, 1, 1, 1, 1, 1, 1]
	1654134	1517455	1589669	18	M	57	A		-1	4495.70638759	[1, 1, 1, 1, 1, 1, 1, 1, 1, 1, 1, 1]
	1614879	1516116	1519817	18	M	169	A		-1	4496.27761364	[1, 1, 1, 1, 1, 1, 1, 1, 1, 1, 1, 1]
	1670589	1518618	1497337	18	M	54	A		-1	4496.62207454	[1, 1, 1, 1, 1, 1, 1, 1, 1, 1, 1, 1]
	1600103	1518606	1579806	18	M	38	A		-1	4496.67915745	[1, 1, 1, 1, 1, 1, 1, 1, 1, 1, 1, 1]
	1628113	1516634	1565148	18	M	69	A		-1	4497.42005729	[1, 1, 1, 1, 1, 1, 1, 1, 1, 1, 1, 1]
	1609573	1515466	1441709	18	M	139	A		-1	4499.80397483	[1, 1, 1, 1, 1, 1, 1, 1, 1, 1, 1, 1]
	1614767	1515795	1404725	18	M	14	A		-1	4500.06502412	[1, 1, 1, 1, 1, 1, 1, 1, 1, 1, 1, 1]
	1685299	1519410	1494791	18	M	129	A		-1	4500.66285735	[1, 1, 1, 1, 1, 1, 1, 1, 1, 1, 1, 1]
	1630540	1516835	1566327	18	M	107	A		-1	4501.43516848	[1, 1, 1, 1, 1, 1, 1, 1, 1, 1, 1, 1]
	1650034	1517455	1586079	18	M	81	A		-1	4501.56410039	[1, 1, 1, 1, 1, 1, 1, 1, 1, 1, 1, 1]
	1619835	1516614	1537696	18	M	28	A		-1	4501.69642973	[1, 1, 1, 1, 1, 1, 1, 1, 1, 1, 1, 1]
	1659007	1517851	1515124	18	M	185	A		-1	4501.83787364	[1, 1, 1, 1, 1, 1, 1, 1, 1, 1, 1, 1]
	1670018	1518618	1521810	18	M	193	A		-1	4501.92055486	[1, 1, 1, 1, 1, 1, 1, 1, 1, 1, 1, 1]
	1632070	1516835	1535808	18	M	103	A		-1	4502.65006161	[1, 1, 1, 1, 1, 1, 1, 1, 1, 1, 1, 1]
	1531870	1421651	1436317	17	M	107	A		-1	4502.7574404	[1, 1, 1, 1, 1, 1, 1, 1, 1, 1, 1, 1]
	1618082	1516116	1586753	18	M	18	A		-1	4502.93929083	[1, 1, 1, 1, 1, 1, 1, 1, 1, 1, 1, 1]
	1656776	1517851	1572491	18	M	158	A		-1	4504.21939263	[1, 1, 1, 1, 1, 1, 1, 1, 1, 1, 1, 1]
	1583058	1423327	1261300	17	M	33	A		-1	4504.2961375	[1, 1, 1, 1, 1, 1, 1, 1, 1, 1, 1, 1]
	1688305	1519410	1558705	18	M	117	A		-1	4504.31125799	[1, 1, 1, 1, 1, 1, 1, 1, 1, 1, 1, 1]
	1663218	1518359	1517263	18	M	42	A		-1	4505.05921382	[1, 1, 1, 1, 1, 1, 1, 1, 1, 1, 1, 1]
	1595525	1594723	1460612	18	M	167	A		-1	4505.5317332	[1, 1, 1, 1, 1, 1, 1, 1, 1, 1, 1, 1]
	1646963	1517382	1457308	18	M	114	A		-1	4505.60394927	[1, 1, 1, 1, 1, 1, 1, 1, 1, 1, 1, 1]
	1635504	1516920	1581494	18	M	43	A		-1	4506.16856771	[1, 1, 1, 1, 1, 1, 1, 1, 1, 1, 1, 1]
	1667677	1518371	1571164	18	M	194	A		-1	4506.47427137	[1, 1, 1, 1, 1, 1, 1, 1, 1, 1, 1, 1]
	1653450	1517455	1591143	18	M	19	A		-1	4506.71901106	[1, 1, 1, 1, 1, 1, 1, 1, 1, 1, 1, 1]
	1495738	1494494	1417867	17	M	31	A		-1	4506.96680953	[1, 1, 1, 1, 1, 0, 1, 1, 1, 1, 1, 1]
	1640395	1517297	1442480	18	M	150	A		-1	4507.29122262	[1, 1, 1, 1, 1, 1, 1, 1, 1, 1, 1, 1]
	1691786	1519530	1540159	18	M	4	A		-1	4507.47121008	[1, 1, 1, 1, 1, 1, 1, 1, 1, 1, 1, 1]
	1614679	1515795	1558422	18	M	173	A		-1	4507.62353176	[1, 1, 1, 1, 1, 1, 1, 1, 1, 1, 1, 1]
	1635223	1516920	1585156	18	M	35	A		-1	4507.73114464	[1, 1, 1, 1, 1, 1, 1, 1, 1, 1, 1, 1]
	1652667	1517455	1438226	18	M	9	A		-1	4507.96551719	[1, 1, 1, 1, 1, 1, 1, 1, 1, 1, 1, 1]
	1684343	1519062	1518455	18	M	102	A		-1	4508.19989034	[1, 1, 1, 1, 1, 1, 1, 1, 1, 1, 1, 1]
	1679364	1521893	1583164	18	M	54	A		-1	4508.3950741	[1, 1, 1, 1, 1, 1, 1, 1, 1, 1, 1, 1]
	1632831	1516835	1522302	18	M	7	A		-1	4508.51573826	[1, 1, 1, 1, 1, 1, 1, 1, 1, 1, 1, 1]
	1692429	1519530	1521047	18	M	194	A		-1	4508.62986744	[1, 1, 1, 1, 1, 1, 1, 1, 1, 1, 1, 1]
	1672174	1518618	1418649	18	M	162	A		-1	4509.13712793	[1, 1, 1, 1, 1, 1, 1, 1, 1, 1, 1, 1]
	1689397	1519410	1593843	18	M	184	A		-1	4509.44210605	[1, 1, 1, 1, 1, 1, 1, 1, 1, 1, 1, 1]
	1620084	1516614	1317688	18	M	115	A		-1	4510.51942079	[1, 1, 1, 1, 1, 1, 1, 1, 1, 1, 1, 0]
	1640995	1517297	1581739	18	M	155	A		-1	4511.36699166	[1, 1, 1, 1, 1, 1, 1, 1, 1, 1, 1, 1]
	1644625	1517297	1511106	18	M	185	A		-1	4511.4057249	[1, 1, 1, 1, 1, 1, 1, 1, 1, 1, 1, 1]
	1685594	1519410	1562876	18	M	149	A		-1	4511.91485945	[1, 1, 1, 1, 1, 1, 1, 1, 1, 1, 1, 1]
	1674514	1518618	1501659	18	M	129	A		-1	4511.9762311	[1, 1, 1, 1, 1, 1, 1, 1, 1, 1, 1, 0]
	1608804	1515466	1518376	18	M	176	A		-1	4512.41007026	[1, 1, 1, 1, 1, 1, 1, 1, 1, 1, 1, 1]
	1649748	1517382	1501479	18	M	83	A		-1	4512.93906097	[1, 1, 1, 1, 1, 1, 1, 1, 1, 1, 1, 1]
	1637217	1516920	1513478	18	M	33	A		-1	4513.48623052	[1, 1, 1, 1, 1, 1, 1, 1, 1, 1, 1, 1]
	1670438	1518618	1526203	18	M	27	A		-1	4513.90123673	[1, 1, 1, 1, 1, 1, 1, 1, 1, 1, 1, 1]
	1685398	1519410	1551491	18	M	23	A		-1	4514.23049087	[1, 1, 1, 1, 1, 1, 1, 1, 1, 1, 1, 1]
	1603036	1518606	1304815	18	M	8	A		-1	4514.91853031	[1, 1, 1, 1, 1, 1, 1, 1, 1, 1, 1, 1]
	1651954	1517455	1402308	18	M	67	A		-1	4515.50908672	[1, 1, 1, 1, 1, 1, 1, 1, 1, 1, 1, 1]
	1661884	1518359	1580409	18	M	79	A		-1	4515.57714858	[1, 1, 1, 1, 1, 1, 1, 1, 1, 1, 1, 1]
	1647885	1517382	1533988	18	M	63	A		-1	4515.6161917	[1, 1, 1, 1, 1, 1, 1, 1, 1, 1, 1, 1]
	1654221	1517455	1519618	18	M	54	A		-1	4516.62393694	[1, 1, 1, 1, 1, 1, 1, 1, 1, 1, 1, 1]
	1615794	1516116	1570114	18	M	184	A		-1	4517.01939029	[1, 1, 1, 1, 1, 1, 1, 1, 1, 1, 1, 1]
	1617571	1516116	1585232	18	M	3	A		-1	4517.22237444	[1, 1, 1, 1, 1, 1, 1, 1, 1, 1, 1, 1]
	1663130	1518359	1479623	18	M	197	A		-1	4517.22570607	[1, 1, 1, 1, 1, 1, 1, 1, 1, 1, 1, 1]
	1584110	1423327	1273602	17	M	121	A		-1	4518.02634228	[1, 1, 1, 1, 1, 1, 1, 1, 1, 1, 1, 1]
	1633389	1516835	1574389	18	M	161	A		-1	4518.15939385	[1, 1, 1, 1, 1, 1, 1, 1, 1, 1, 1, 1]
	1637714	1516920	1507586	18	M	65	A		-1	4518.30409033	[1, 1, 1, 1, 1, 1, 1, 1, 1, 1, 1, 1]
	1635945	1516920	1593986	18	M	135	A		-1	4518.46141985	[1, 1, 1, 1, 1, 1, 1, 1, 1, 1, 1, 1]
	1687199	1519410	1400468	18	M	54	A		-1	4519.20983942	[1, 1, 1, 1, 1, 1, 1, 1, 1, 1, 1, 1]
	1624294	1516614	1579970	18	M	78	A		-1	4519.28463703	[1, 1, 1, 1, 1, 1, 1, 1, 1, 1, 1, 1]
	1668138	1518371	1522311	18	M	80	A		-1	4519.4579509	[1, 1, 1, 1, 1, 1, 1, 1, 1, 1, 1, 1]
	1637978	1516920	1497946	18	M	42	A		-1	4520.50320509	[1, 1, 1, 1, 1, 1, 1, 1, 1, 1, 1, 1]
	1666943	1518371	1469165	18	M	196	A		-1	4520.51584442	[1, 1, 1, 1, 1, 1, 1, 1, 1, 1, 1, 1]
	1653275	1517455	1500371	18	M	101	A		-1	4520.66183714	[1, 1, 1, 1, 1, 1, 1, 1, 1, 1, 1, 1]
	1644510	1517297	1520081	18	M	175	A		-1	4520.81892852	[1, 1, 1, 1, 1, 1, 1, 1, 1, 1, 1, 1]
	1685307	1519410	1580623	18	M	61	A		-1	4521.28969426	[1, 1, 1, 1, 1, 1, 1, 1, 1, 1, 1, 1]
	1621803	1516614	1518111	18	M	141	A		-1	4521.64702947	[1, 1, 1, 1, 1, 1, 1, 1, 1, 1, 1, 1]
	1628173	1516634	1536215	18	M	196	A		-1	4522.12380473	[1, 1, 1, 1, 1, 1, 1, 1, 1, 1, 1, 1]
	1688186	1519410	1518166	18	M	148	A		-1	4523.18940165	[1, 1, 1, 1, 1, 1, 1, 1, 1, 1, 1, 1]
	1666702	1518371	1591211	18	M	63	A		-1	4523.46326928	[1, 1, 1, 1, 1, 1, 1, 1, 1, 1, 1, 1]
	1635926	1516920	1511661	18	M	35	A		-1	4524.2324116	[1, 1, 1, 1, 1, 1, 1, 1, 1, 1, 1, 1]
	1670205	1518618	1521427	18	M	193	A		-1	4524.2480224	[1, 1, 1, 1, 1, 1, 1, 1, 1, 1, 1, 1]
	1621163	1516614	1527305	18	M	89	A		-1	4524.63007385	[1, 1, 1, 1, 1, 1, 1, 1, 1, 1, 1, 1]
	1685987	1519410	1582704	18	M	67	A		-1	4524.68179163	[1, 1, 1, 1, 1, 1, 1, 1, 1, 1, 1, 1]
	1640899	1517297	1451348	18	M	39	A		-1	4525.25013729	[1, 1, 1, 1, 1, 0, 1, 1, 1, 1, 1, 1]
	1689141	1519410	1541456	18	M	189	A		-1	4526.6354169	[1, 1, 1, 1, 1, 1, 1, 1, 1, 1, 1, 1]
	1667338	1518371	1556453	18	M	16	A		-1	4526.720536	[1, 1, 1, 1, 1, 1, 1, 1, 1, 1, 1, 1]
	1688436	1519410	1534932	18	M	121	A		-1	4527.10100126	[1, 1, 1, 1, 1, 1, 1, 1, 1, 1, 1, 1]
	1655971	1517851	1524028	18	M	13	A		-1	4527.12227664	[1, 1, 1, 1, 1, 1, 1, 1, 1, 1, 1, 1]
	1657890	1517851	1513377	18	M	157	A		-1	4527.13682816	[1, 1, 1, 1, 1, 1, 1, 1, 1, 1, 1, 1]
	1522749	1421186	1414678	17	M	105	A		-1	4527.73900936	[1, 1, 1, 1, 1, 0, 1, 1, 1, 1, 1, 1]
	1668358	1518371	1480778	18	M	123	A		-1	4527.85917856	[1, 1, 1, 1, 1, 1, 1, 1, 1, 1, 1, 1]
	1688535	1519410	1544582	18	M	75	A		-1	4528.54883183	[1, 1, 1, 1, 1, 1, 1, 1, 1, 1, 1, 1]
	1686744	1519410	1329620	18	M	116	A		-1	4528.74658789	[1, 1, 1, 1, 1, 1, 1, 1, 1, 1, 1, 1]
	1671742	1518618	1499839	18	M	200	A		-1	4528.93820301	[1, 1, 1, 1, 1, 0, 1, 1, 1, 1, 1, 1]
	1639848	1517297	1529867	18	M	33	A		-1	4532.60526328	[1, 1, 1, 0, 1, 0, 1, 1, 1, 1, 1, 0]
	1655468	1517851	1528879	18	M	122	A		-1	4533.35040966	[1, 1, 1, 1, 1, 1, 1, 1, 1, 1, 1, 1]
	1638135	1516920	1570533	18	M	199	A		-1	4534.1936466	[1, 1, 1, 1, 1, 1, 1, 1, 1, 1, 1, 1]
	1604942	1515466	1547591	18	M	141	A		-1	4534.55933886	[1, 1, 1, 1, 1, 1, 1, 1, 1, 1, 1, 1]
	1512936	1420614	1465199	17	M	86	A		-1	4534.93072641	[1, 1, 1, 1, 1, 1, 1, 1, 1, 1, 1, 1]
	1650702	1517455	1479092	18	M	186	A		-1	4536.4699699	[1, 1, 1, 1, 1, 1, 1, 1, 1, 1, 1, 1]
	1620733	1516614	1392744	18	M	157	A		-1	4536.67372461	[1, 1, 1, 1, 1, 1, 1, 1, 1, 1, 1, 1]
	1639505	1516920	1482568	18	M	199	A		-1	4537.87687664	[1, 1, 1, 1, 1, 1, 1, 1, 1, 1, 1, 1]
	1622986	1516614	1533429	18	M	166	A		-1	4537.88615306	[1, 1, 1, 1, 1, 1, 1, 1, 1, 1, 1, 1]
	1529244	1421216	1422967	17	M	170	A		-1	4539.31408307	[1, 1, 1, 1, 1, 1, 1, 1, 1, 1, 1, 1]
	1600475	1518606	1303470	18	M	63	A		-1	4539.82905055	[1, 1, 1, 1, 1, 1, 1, 1, 1, 1, 1, 1]
	1646810	1517382	1517639	18	M	104	A		-1	4540.12176819	[1, 1, 1, 1, 1, 1, 1, 1, 1, 1, 1, 1]
	1607856	1515466	1586446	18	M	146	A		-1	4540.14860182	[1, 1, 1, 1, 1, 1, 1, 1, 1, 1, 1, 1]
	1611026	1515795	1484436	18	M	42	A		-1	4540.36462607	[1, 1, 1, 1, 1, 1, 1, 1, 1, 1, 1, 1]
	1683838	1519062	1513903	18	M	49	A		-1	4541.59438048	[1, 1, 1, 1, 1, 1, 1, 1, 1, 1, 1, 1]
	1663762	1518359	1594539	18	M	18	A		-1	4542.70878647	[1, 1, 1, 1, 1, 1, 1, 1, 1, 1, 1, 1]
	1659060	1517851	1550348	18	M	192	A		-1	4542.87435791	[1, 1, 1, 1, 1, 1, 1, 1, 1, 1, 1, 1]
	1689917	1519530	1514843	18	M	174	A		-1	4543.55236359	[1, 1, 1, 1, 1, 1, 1, 1, 1, 1, 1, 1]
	1652427	1517455	1466222	18	M	68	A		-1	4543.69507053	[1, 1, 1, 1, 1, 1, 1, 1, 1, 1, 1, 1]
	1602371	1518606	1567788	18	M	31	A		-1	4544.63892106	[1, 1, 1, 1, 1, 1, 1, 1, 1, 1, 1, 1]
	1622734	1516614	1557578	18	M	174	A		-1	4545.06706005	[1, 1, 1, 1, 1, 1, 1, 1, 1, 1, 1, 1]
	1686031	1519410	1546241	18	M	14	A		-1	4547.27312546	[1, 1, 1, 1, 1, 1, 1, 1, 1, 1, 1, 1]
	1690181	1519530	1579993	18	M	171	A		-1	4547.86286803	[1, 1, 1, 1, 1, 1, 1, 1, 1, 1, 1, 1]
	1656578	1517851	1530388	18	M	188	A		-1	4548.79458251	[1, 1, 1, 1, 1, 0, 1, 1, 1, 1, 1, 1]
	1678011	1521893	1532064	18	M	14	A		-1	4549.12786034	[1, 1, 1, 1, 1, 0, 1, 1, 1, 1, 1, 1]
	1649960	1517455	1587422	18	M	122	A		-1	4549.97612927	[1, 1, 1, 1, 1, 1, 1, 1, 1, 1, 1, 1]
	1623302	1516614	1496479	18	M	68	A		-1	4550.47535599	[1, 1, 1, 1, 1, 1, 1, 1, 1, 1, 1, 1]
	1643905	1517297	1480866	18	M	29	A		-1	4551.32683683	[1, 1, 1, 1, 1, 0, 1, 1, 1, 1, 1, 1]
	1687470	1519410	1536309	18	M	140	A		-1	4551.48586689	[1, 1, 1, 1, 1, 1, 1, 1, 1, 1, 1, 1]
	1620196	1516614	1583521	18	M	14	A		-1	4552.40360046	[1, 1, 1, 1, 1, 1, 1, 1, 1, 1, 1, 1]
	1506668	1420490	1323476	17	M	173	A		-1	4553.18881967	[1, 1, 1, 1, 1, 1, 1, 1, 1, 1, 1, 1]
	1687204	1519410	1571419	18	M	122	A		-1	4555.7990689	[1, 1, 1, 1, 1, 1, 1, 1, 1, 1, 1, 1]
	1558101	1422756	1458000	17	M	172	A		-1	4556.30893838	[1, 1, 1, 1, 1, 1, 1, 1, 1, 1, 1, 1]
	1634509	1516835	1510288	18	M	179	A		-1	4556.55685036	[1, 1, 1, 1, 1, 1, 1, 1, 1, 1, 1, 1]
	1686306	1519410	1504340	18	M	167	A		-1	4557.2006587	[1, 1, 1, 1, 1, 1, 1, 1, 1, 1, 1, 1]
	1653149	1517455	1549165	18	M	61	A		-1	4558.46436289	[1, 1, 1, 1, 1, 1, 1, 1, 1, 1, 1, 1]
	1620461	1516614	1494407	18	M	172	A		-1	4558.80021616	[1, 1, 1, 1, 1, 1, 1, 1, 1, 1, 1, 1]
	1691199	1519530	1571288	18	M	145	A		-1	4559.243101	[1, 1, 1, 1, 1, 1, 1, 1, 1, 1, 1, 1]
	1689242	1519410	1421151	18	M	124	A		-1	4559.414078	[1, 1, 1, 1, 1, 1, 1, 1, 1, 1, 1, 1]
	1641846	1517297	1510449	18	M	32	A		-1	4559.66860691	[1, 1, 1, 1, 1, 1, 1, 1, 1, 1, 1, 1]
	1601757	1518606	1586635	18	M	166	A		-1	4560.23747189	[1, 1, 1, 1, 1, 1, 1, 1, 1, 1, 1, 1]
	1685455	1519410	1534273	18	M	71	A		-1	4561.32784219	[1, 1, 1, 1, 1, 1, 1, 1, 1, 1, 1, 1]
	1688100	1519410	1516897	18	M	141	A		-1	4562.06879247	[1, 1, 1, 1, 1, 1, 1, 1, 1, 1, 1, 1]
	1647400	1517382	1586970	18	M	3	A		-1	4562.73324	[1, 1, 1, 1, 1, 1, 1, 1, 1, 1, 1, 1]
	1634088	1516835	1594341	18	M	102	A		-1	4563.40175364	[1, 1, 1, 1, 1, 1, 1, 1, 1, 1, 1, 1]
	1509260	1420490	1489761	17	M	4	A		-1	4563.55972524	[1, 1, 1, 1, 1, 1, 1, 1, 1, 1, 1, 1]
	1685579	1519410	1445383	18	M	35	A		-1	4564.12154444	[1, 1, 1, 1, 1, 1, 1, 1, 1, 1, 1, 1]
	1684952	1519410	1549576	18	M	26	A		-1	4564.96714182	[1, 1, 1, 1, 1, 1, 1, 1, 1, 1, 1, 1]
	1616028	1516116	1445093	18	M	97	A		-1	4565.36637691	[1, 1, 1, 1, 1, 1, 1, 1, 1, 1, 1, 1]
	1687755	1519410	1508263	18	M	56	A		-1	4565.37712404	[1, 1, 1, 1, 1, 1, 1, 1, 1, 1, 1, 1]
	1607324	1515466	1499341	18	M	20	A		-1	4566.65545691	[1, 1, 1, 1, 1, 1, 1, 1, 1, 1, 1, 1]
	1662441	1518359	1517532	18	M	162	A		-1	4567.26243967	[1, 1, 1, 1, 1, 1, 1, 1, 1, 1, 1, 1]
	1689226	1519410	1554039	18	M	31	A		-1	4567.27340332	[1, 1, 1, 1, 1, 1, 1, 1, 1, 1, 1, 1]
	1646512	1517382	1504164	18	M	150	A		-1	4567.2875521	[1, 1, 1, 1, 1, 1, 1, 1, 1, 1, 1, 1]
	1673360	1518618	1488673	18	M	69	A		-1	4567.34363956	[1, 1, 1, 1, 1, 1, 1, 1, 1, 1, 1, 1]
	1689480	1519410	1421984	18	M	113	A		-1	4567.73093548	[1, 1, 1, 1, 1, 1, 1, 1, 1, 1, 1, 1]
	1688232	1519410	1581598	18	M	90	A		-1	4569.42903671	[1, 1, 1, 1, 1, 1, 1, 1, 1, 1, 1, 1]
	1687006	1519410	1505122	18	M	65	A		-1	4570.06318861	[1, 1, 1, 1, 1, 1, 1, 1, 1, 1, 1, 1]
	1687128	1519410	1581799	18	M	28	A		-1	4570.70540661	[1, 1, 1, 1, 1, 1, 1, 1, 1, 1, 1, 1]
	1688591	1519410	1546986	18	M	79	A		-1	4571.73123725	[1, 1, 1, 1, 1, 1, 1, 1, 1, 1, 1, 1]
	1635372	1516920	1584665	18	M	14	A		-1	4571.92200842	[1, 1, 1, 1, 1, 1, 1, 1, 1, 1, 1, 1]
	1622409	1516614	1530716	18	M	80	A		-1	4573.49830774	[1, 1, 1, 1, 1, 1, 1, 1, 1, 1, 1, 1]
	1694245	1519530	1423159	18	M	97	A		-1	4574.7228306	[1, 1, 1, 1, 1, 1, 1, 1, 1, 1, 1, 1]
	1639891	1517297	1571454	18	M	72	A		-1	4575.08926483	[1, 1, 1, 1, 1, 0, 1, 1, 1, 1, 1, 1]
	1539473	1421697	1330072	17	M	45	A		-1	4575.56366397	[1, 1, 1, 1, 1, 1, 1, 1, 1, 1, 1, 1]
	1685734	1519410	1220868	18	M	62	A		-1	4575.86352458	[1, 1, 1, 1, 1, 1, 1, 1, 1, 1, 1, 1]
	1651768	1517455	1505500	18	M	34	A		-1	4575.89828119	[1, 1, 1, 1, 1, 1, 1, 1, 1, 1, 1, 1]
	1669177	1518371	1571245	18	M	16	A		-1	4576.47028749	[1, 1, 1, 1, 1, 1, 1, 1, 1, 1, 1, 1]
	1669479	1518371	1476442	18	M	19	A		-1	4577.8215268	[1, 1, 1, 1, 1, 1, 1, 1, 1, 1, 1, 1]
	1639533	1516920	1498144	18	M	171	A		-1	4577.831252	[1, 1, 1, 1, 1, 1, 1, 1, 1, 1, 1, 1]
	1648019	1517382	1556648	18	M	10	A		-1	4578.37564559	[1, 1, 1, 1, 1, 1, 1, 1, 1, 1, 1, 1]
	1604754	1518606	1581600	18	M	30	A		-1	4578.7357347	[1, 1, 1, 1, 1, 1, 1, 1, 1, 1, 1, 1]
	1670743	1518618	1540784	18	M	111	A		-1	4579.47143316	[1, 1, 1, 1, 1, 1, 1, 1, 1, 1, 1, 1]
	1645435	1517382	1420534	18	M	74	A		-1	4579.57282699	[1, 1, 1, 1, 1, 1, 1, 1, 1, 1, 1, 1]
	1646540	1517382	1515679	18	M	54	A		-1	4580.21718153	[1, 1, 1, 1, 1, 1, 1, 1, 1, 1, 1, 1]
	1610238	1515795	1576995	18	M	161	A		-1	4583.76139878	[1, 1, 1, 1, 1, 1, 1, 1, 1, 1, 1, 1]
	1647985	1517382	1530221	18	M	115	A		-1	4584.50471302	[1, 1, 1, 1, 1, 0, 1, 1, 1, 1, 1, 1]
	1685917	1519410	1416504	18	M	52	A		-1	4587.05291964	[1, 1, 1, 1, 1, 1, 1, 1, 1, 1, 1, 1]
	1663990	1518359	1497629	18	M	155	A		-1	4592.026589	[1, 1, 1, 1, 1, 1, 1, 1, 1, 1, 1, 1]
	1602031	1518606	1524100	18	M	189	A		-1	4592.49826291	[1, 1, 1, 1, 1, 1, 1, 1, 1, 1, 1, 1]
	1622704	1516614	1508151	18	M	142	A		-1	4594.5986427	[1, 1, 1, 1, 1, 1, 1, 1, 1, 1, 1, 1]
	1658986	1517851	1299014	18	M	140	A		-1	4594.7153967	[1, 1, 1, 1, 1, 1, 1, 1, 1, 1, 1, 1]
	1653698	1517455	1437656	18	M	130	A		-1	4594.91912698	[1, 1, 1, 1, 1, 1, 1, 1, 1, 1, 1, 1]
	1658039	1517851	1529318	18	M	156	A		-1	4595.34613391	[1, 1, 1, 1, 1, 1, 1, 1, 1, 1, 1, 1]
	1602248	1518606	1520461	18	M	36	A		-1	4595.48872488	[1, 1, 1, 1, 1, 1, 1, 1, 1, 1, 1, 1]
	1613543	1515795	1580558	18	M	124	A		-1	4595.99140092	[1, 1, 1, 1, 1, 1, 1, 1, 1, 1, 1, 1]
	1649355	1517382	1580556	18	M	74	A		-1	4596.38252628	[1, 1, 1, 1, 1, 1, 1, 1, 1, 1, 1, 1]
	1641434	1517297	1525094	18	M	156	A		-1	4598.21550057	[1, 1, 1, 1, 1, 0, 1, 1, 1, 1, 1, 1]
	1685468	1519410	1534363	18	M	96	A		-1	4598.64310176	[1, 1, 1, 1, 1, 1, 1, 1, 1, 1, 1, 1]
	1618885	1516116	1502939	18	M	119	A		-1	4598.97545014	[1, 1, 1, 1, 1, 1, 1, 1, 1, 1, 1, 1]
	1688330	1519410	1451664	18	M	181	A		-1	4599.42259008	[1, 1, 1, 1, 1, 1, 1, 1, 1, 1, 1, 1]
	1661520	1518359	1491842	18	M	21	A		-1	4600.48042435	[1, 1, 1, 1, 1, 1, 1, 1, 1, 1, 1, 1]
	1686689	1519410	1441217	18	M	79	A		-1	4600.87205321	[1, 1, 1, 1, 1, 1, 1, 1, 1, 1, 1, 1]
	1600269	1518606	1581067	18	M	186	A		-1	4604.87297869	[1, 1, 1, 1, 1, 1, 1, 1, 1, 1, 1, 1]
	1637356	1516920	1547750	18	M	151	A		-1	4606.66757347	[1, 1, 1, 1, 1, 1, 1, 1, 1, 1, 1, 1]
	1621045	1516614	1494002	18	M	175	A		-1	4608.1095536	[1, 1, 1, 1, 1, 1, 1, 1, 1, 1, 1, 1]
	1668015	1518371	1583941	18	M	130	A		-1	4608.50632229	[1, 1, 1, 1, 1, 1, 1, 1, 1, 1, 1, 1]
	1604191	1518606	1509578	18	M	29	A		-1	4608.52346241	[1, 1, 1, 1, 1, 1, 1, 1, 1, 1, 1, 1]
	1519410	1420829	1415969	17	M	108	A		-1	4611.6329815	[1, 1, 1, 1, 1, 1, 1, 1, 1, 1, 1, 1]
	1667524	1518371	1509885	18	M	12	A		-1	4612.70864781	[1, 1, 1, 1, 1, 1, 1, 1, 1, 1, 1, 1]
	1623561	1516614	1563097	18	M	98	A		-1	4613.11292903	[1, 1, 1, 1, 1, 0, 1, 1, 1, 1, 1, 1]
	1623939	1516614	1550247	18	M	103	A		-1	4613.84311526	[1, 1, 1, 1, 1, 1, 1, 1, 1, 1, 1, 1]
	1663389	1518359	1385951	18	M	102	A		-1	4616.13781682	[1, 1, 1, 1, 1, 1, 1, 1, 1, 1, 1, 1]
	1662692	1518359	1522021	18	M	23	A		-1	4622.25872015	[1, 1, 1, 1, 1, 1, 1, 1, 1, 1, 1, 1]
	1612302	1515795	1522019	18	M	181	A		-1	4623.46443819	[1, 1, 1, 1, 1, 1, 1, 1, 1, 1, 1, 1]
	1646930	1517382	1472980	18	M	41	A		-1	4623.66885505	[1, 1, 1, 1, 1, 1, 1, 1, 1, 1, 1, 1]
	1676470	1521893	1580720	18	M	60	A		-1	4627.18577928	[1, 1, 1, 1, 1, 1, 1, 1, 1, 1, 1, 1]
	1652638	1517455	1510916	18	M	89	A		-1	4627.88139097	[1, 1, 1, 1, 1, 1, 1, 1, 1, 1, 1, 1]
	1661873	1518359	1524355	18	M	118	A		-1	4629.07348449	[1, 1, 1, 1, 1, 1, 1, 1, 1, 1, 1, 1]
	1633496	1516835	1592495	18	M	188	A		-1	4629.47483068	[1, 1, 1, 1, 1, 1, 1, 1, 1, 1, 1, 1]
	1603147	1518606	1537504	18	M	11	A		-1	4631.20114805	[1, 1, 0, 1, 1, 1, 1, 1, 1, 1, 1, 1]
	1647205	1517382	1528128	18	M	70	A		-1	4632.36899989	[1, 1, 1, 1, 1, 1, 1, 1, 1, 1, 1, 1]
	1637185	1516920	1456753	18	M	120	A		-1	4634.04293168	[1, 1, 1, 1, 1, 1, 1, 1, 1, 1, 1, 1]
	1688350	1519410	1518233	18	M	73	A		-1	4635.77660344	[1, 1, 1, 1, 1, 1, 1, 1, 1, 1, 1, 1]
	1606929	1515466	1554275	18	M	22	A		-1	4637.28983469	[1, 1, 1, 1, 1, 1, 1, 1, 1, 1, 1, 1]
	1684905	1519410	1525971	18	M	58	A		-1	4641.97387284	[1, 1, 1, 1, 1, 1, 1, 1, 1, 1, 1, 1]
	1638062	1516920	1562607	18	M	82	A		-1	4643.04444826	[1, 1, 1, 1, 1, 1, 1, 1, 1, 1, 1, 1]
	1689101	1519410	1583083	18	M	96	A		-1	4646.02652065	[1, 1, 1, 1, 1, 1, 1, 1, 1, 1, 1, 1]
	1691394	1519530	1526038	18	M	194	A		-1	4647.10304685	[1, 1, 1, 1, 1, 1, 1, 1, 1, 1, 1, 1]
	1671557	1518618	1569208	18	M	6	A		-1	4647.18487649	[0, 1, 1, 1, 1, 1, 1, 1, 1, 1, 1, 1]
	1646418	1517382	1537907	18	M	123	A		-1	4647.51994045	[1, 1, 1, 1, 1, 1, 1, 1, 1, 1, 1, 0]
	1692253	1519530	1567199	18	M	164	A		-1	4647.71298882	[1, 1, 1, 1, 1, 1, 1, 1, 1, 1, 1, 1]
	1687190	1519410	1563393	18	M	33	A		-1	4649.34157088	[1, 1, 1, 1, 1, 1, 1, 1, 1, 1, 1, 1]
	1626915	1516634	1529779	18	M	61	A		-1	4650.81562288	[1, 1, 1, 1, 1, 1, 1, 1, 1, 1, 1, 1]
	1685570	1519410	1593055	18	M	198	A		-1	4651.28429978	[1, 1, 1, 1, 1, 1, 1, 1, 1, 1, 1, 1]
	1639011	1516920	1505448	18	M	197	A		-1	4652.41634915	[1, 1, 1, 1, 1, 1, 1, 1, 1, 1, 1, 1]
	1619785	1516614	1378119	18	M	119	A		-1	4653.07629636	[1, 1, 1, 1, 1, 1, 1, 1, 1, 1, 1, 1]
	1694650	1519530	1510601	18	M	56	A		-1	4658.50288506	[1, 1, 1, 1, 1, 1, 1, 1, 1, 1, 1, 1]
	1688661	1519410	1582713	18	M	35	A		-1	4659.21296853	[1, 1, 1, 1, 1, 1, 1, 1, 1, 1, 1, 1]
	1649356	1517382	1502652	18	M	173	A		-1	4659.44856441	[1, 1, 1, 1, 1, 1, 1, 1, 1, 1, 1, 1]
	1623966	1516614	1481360	18	M	48	A		-1	4660.56080596	[1, 1, 1, 1, 1, 1, 1, 1, 1, 1, 1, 1]
	1636262	1516920	1581012	18	M	59	A		-1	4662.31655428	[1, 1, 1, 1, 1, 1, 1, 1, 1, 1, 1, 1]
	1582808	1423327	1399803	17	M	130	A		-1	4664.84980281	[1, 1, 1, 1, 1, 1, 1, 1, 1, 1, 1, 1]
	1652976	1517455	1580493	18	M	176	A		-1	4667.79134307	[1, 1, 1, 1, 1, 1, 1, 1, 1, 1, 1, 1]
	1583650	1423327	1448973	17	M	113	A		-1	4671.79019466	[1, 1, 1, 1, 1, 1, 1, 1, 1, 1, 1, 1]
	1679962	1519062	1499544	18	M	195	A		-1	4673.16739527	[1, 1, 1, 1, 1, 1, 1, 1, 1, 1, 1, 1]
	1658824	1517851	1532700	18	M	196	A		-1	4674.04416595	[1, 1, 1, 1, 1, 1, 1, 1, 1, 1, 1, 1]
	1686968	1519410	1557605	18	M	197	A		-1	4674.59164515	[1, 1, 1, 1, 1, 1, 1, 1, 1, 1, 1, 1]
	1617228	1516116	1505313	18	M	164	A		-1	4677.85715772	[1, 1, 1, 1, 1, 1, 1, 1, 1, 1, 1, 1]
	1660403	1518359	1554895	18	M	36	A		-1	4678.84239548	[1, 1, 1, 1, 1, 1, 1, 1, 1, 1, 1, 1]
	1688182	1519410	1579200	18	M	93	A		-1	4679.33574316	[1, 1, 1, 1, 1, 1, 1, 1, 1, 1, 1, 1]
	1652996	1517455	1582489	18	M	122	A		-1	4682.92827237	[1, 1, 1, 1, 1, 1, 1, 1, 1, 1, 1, 1]
	1689327	1519410	1556002	18	M	170	A		-1	4683.45568754	[1, 1, 1, 1, 1, 1, 1, 1, 1, 1, 1, 1]
	1653619	1517455	1530334	18	M	28	A		-1	4683.88811938	[1, 1, 1, 1, 1, 0, 1, 1, 1, 1, 1, 1]
	1650876	1517455	1527693	18	M	116	A		-1	4687.4120832	[1, 1, 1, 1, 1, 1, 1, 1, 1, 1, 1, 1]
	1598927	1594723	1541836	18	M	87	A		-1	4690.43514809	[1, 1, 1, 1, 1, 1, 1, 1, 1, 1, 1, 1]
	1616997	1516116	1583266	18	M	131	A		-1	4692.21716196	[1, 1, 1, 1, 1, 1, 1, 1, 1, 1, 1, 1]
	1685198	1519410	1516763	18	M	151	A		-1	4692.44466213	[1, 1, 1, 1, 1, 1, 1, 1, 1, 1, 1, 1]
	1599685	1594723	1584017	18	M	54	A		-1	4692.93390156	[1, 1, 1, 1, 1, 1, 1, 1, 1, 1, 1, 1]
	1618866	1516116	1528950	18	M	47	A		-1	4693.64963943	[1, 1, 1, 1, 1, 1, 1, 1, 1, 1, 1, 1]
	1682435	1519062	1590326	18	M	186	A		-1	4693.8626603	[1, 1, 1, 1, 1, 1, 1, 1, 1, 1, 1, 1]
	1668105	1518371	1521630	18	M	121	A		-1	4696.73942766	[1, 1, 1, 1, 1, 1, 1, 1, 1, 1, 1, 1]
	1641937	1517297	1581708	18	M	125	A		-1	4699.01225439	[1, 1, 1, 1, 1, 1, 1, 1, 1, 1, 1, 1]
	1651426	1517455	1546105	18	M	160	A		-1	4699.67548169	[1, 1, 1, 1, 1, 1, 1, 1, 1, 1, 1, 1]
	1634136	1516835	1580278	18	M	143	A		-1	4700.16833555	[1, 1, 1, 1, 1, 1, 1, 1, 1, 1, 1, 1]
	1624137	1516614	1568001	18	M	165	A		-1	4701.44638871	[1, 1, 1, 1, 1, 1, 1, 1, 1, 1, 1, 1]
	1654472	1517455	1415286	18	M	72	A		-1	4711.91503538	[1, 1, 1, 1, 1, 0, 1, 1, 1, 1, 1, 1]
	1670295	1518618	1511389	18	M	150	A		-1	4713.04153292	[1, 1, 1, 1, 1, 1, 1, 1, 1, 1, 1, 1]
	1684801	1519410	1468735	18	M	8	A		-1	4716.460419	[1, 1, 1, 1, 1, 1, 1, 1, 1, 1, 1, 1]
	1595153	1594723	1579296	18	M	154	A		-1	4719.28807	[1, 1, 1, 1, 1, 1, 1, 1, 1, 1, 1, 1]
	1645573	1517382	1581081	18	M	190	A		-1	4731.32807063	[1, 1, 1, 1, 1, 1, 1, 1, 1, 1, 1, 1]
	1687866	1519410	1555278	18	M	134	A		-1	4732.10015894	[1, 1, 1, 1, 1, 1, 1, 1, 1, 1, 1, 1]
	1679694	1521893	1523356	18	M	165	A		-1	4732.71844034	[1, 1, 1, 1, 1, 1, 1, 1, 1, 1, 1, 1]
	1654188	1517455	1592519	18	M	135	A		-1	4738.17173885	[1, 1, 1, 1, 1, 1, 1, 1, 1, 1, 1, 1]
	1684973	1519410	1365064	18	M	120	A		-1	4738.82202055	[1, 1, 1, 1, 1, 1, 1, 1, 1, 1, 1, 1]
	1652495	1517455	1518966	18	M	166	A		-1	4742.62593634	[1, 1, 1, 1, 1, 1, 1, 1, 1, 1, 1, 1]
	1672606	1518618	1435321	18	M	144	A		-1	4743.09574122	[1, 1, 1, 1, 1, 1, 1, 1, 1, 1, 1, 1]
	1677434	1521893	1542192	18	M	30	A		-1	4743.21358128	[1, 1, 1, 1, 1, 1, 1, 1, 1, 1, 1, 1]
	1598635	1594723	1458859	18	M	161	A		-1	4745.79718796	[1, 1, 1, 1, 1, 1, 1, 1, 1, 1, 1, 1]
	1651924	1517455	1510109	18	M	166	A		-1	4754.05253765	[1, 1, 1, 1, 1, 1, 1, 1, 1, 1, 1, 1]
	1608571	1515466	1452003	18	M	140	A		-1	4755.9537147	[1, 1, 1, 1, 1, 1, 1, 1, 1, 1, 1, 1]
	1616804	1516116	1382276	18	M	83	A		-1	4756.52576252	[1, 1, 1, 1, 1, 1, 1, 1, 1, 1, 1, 1]
	1652058	1517455	1550501	18	M	92	A		-1	4770.16682519	[1, 1, 1, 1, 1, 1, 1, 1, 1, 1, 1, 1]
	1686074	1519410	1562316	18	M	97	A		-1	4780.58647892	[1, 1, 1, 1, 1, 1, 1, 1, 1, 1, 1, 1]
	1685941	1519410	1309849	18	M	197	A		-1	4784.47274895	[1, 1, 1, 1, 1, 0, 1, 1, 1, 1, 1, 1]
	1626180	1516634	1580600	18	M	77	A		-1	4791.82155988	[1, 1, 1, 1, 1, 1, 1, 1, 1, 1, 1, 1]
	1667968	1518371	1515755	18	M	84	A		-1	4854.12986823	[1, 1, 1, 1, 1, 1, 1, 1, 1, 1, 1, 1]
	1614332	1515795	1458678	18	M	199	A		-1	4878.79231669	[1, 1, 0, 1, 1, 1, 1, 1, 1, 1, 1, 1]
	1683968	1519062	1582525	18	M	50	A		-1	4895.31726235	[1, 1, 1, 1, 1, 1, 1, 1, 1, 1, 1, 1]
	1686208	1519410	1592328	18	M	96	A		-1	5014.07062199	[1, 1, 1, 1, 1, 1, 1, 1, 1, 1, 1, 1]
