animal	sire	dam	born	sex	herd	status	cause	died	TBV	recessives
	1305003	1235554	1252882	15	M	186	A		-1	3795.18132679	[1, 1, 1, 1, 1, 1, 1, 1, 1, 1, 1, 1]
	1377647	1240264	1179388	15	M	128	A		-1	3795.70771406	[1, 1, 1, 1, 1, 1, 1, 1, 1, 1, 1, 1]
	1374733	1238684	1217475	15	M	132	A		-1	3795.748168	[1, 1, 1, 1, 1, 1, 1, 1, 1, 1, 1, 1]
	1251507	1125098	1091590	14	M	164	A		-1	3795.83002634	[1, 1, 1, 1, 1, 1, 1, 1, 1, 1, 1, 1]
	1381850	1238732	1266650	15	M	142	A		-1	3795.89814066	[1, 1, 1, 1, 1, 0, 1, 1, 1, 1, 1, 1]
	1389236	1238734	1254082	15	M	21	A		-1	3795.91595162	[1, 1, 1, 1, 1, 1, 1, 1, 1, 1, 1, 1]
	1319200	1235819	1254033	15	M	27	A		-1	3796.19653513	[1, 1, 1, 1, 1, 1, 1, 1, 1, 1, 1, 1]
	1270416	1125306	1119154	14	M	68	A		-1	3796.41025994	[1, 1, 1, 1, 1, 1, 1, 1, 1, 1, 1, 1]
	1301523	1238539	1194959	15	M	105	A		-1	3796.82663499	[1, 1, 0, 1, 1, 1, 1, 1, 1, 1, 1, 1]
	1347239	1236794	1206591	15	M	197	A		-1	3796.91202722	[1, 1, 1, 1, 1, 1, 1, 1, 1, 1, 1, 1]
	1305269	1235554	1239844	15	M	182	A		-1	3797.0862604	[1, 1, 1, 1, 1, 1, 1, 1, 1, 1, 1, 1]
	1350414	1237818	1223101	15	M	21	A		-1	3797.1221487	[1, 1, 1, 1, 1, 1, 1, 1, 1, 1, 1, 1]
	1357266	1237886	1230958	15	M	26	A		-1	3797.15196394	[1, 1, 1, 1, 1, 1, 1, 1, 1, 1, 1, 1]
	1375152	1240264	1129722	15	M	3	A		-1	3797.38410908	[1, 1, 1, 1, 1, 1, 1, 1, 1, 1, 1, 1]
	1357321	1237886	1241297	15	M	132	A		-1	3797.41724304	[1, 1, 1, 1, 1, 1, 1, 1, 1, 1, 1, 1]
	1312294	1235585	1129810	15	M	182	A		-1	3797.6611522	[1, 1, 1, 1, 1, 0, 1, 1, 1, 1, 1, 1]
	1318920	1235819	1234667	15	M	102	A		-1	3797.83794824	[1, 1, 1, 1, 1, 1, 1, 1, 1, 1, 1, 1]
	1321834	1235937	1223630	15	M	108	A		-1	3797.91839687	[1, 1, 1, 1, 1, 1, 1, 1, 1, 1, 1, 1]
	1360067	1238017	1214298	15	M	3	A		-1	3797.92700531	[1, 1, 0, 1, 1, 1, 1, 1, 1, 1, 1, 0]
	1307472	1235554	1264273	15	M	42	A		-1	3798.25174671	[1, 1, 1, 1, 1, 1, 1, 1, 1, 1, 1, 1]
	1288818	1125445	1135087	14	M	51	A		-1	3798.61463358	[1, 1, 1, 1, 1, 1, 1, 1, 1, 1, 1, 1]
	1327491	1236142	1269424	15	M	158	A		-1	3799.76507067	[1, 1, 1, 1, 1, 1, 1, 1, 1, 1, 1, 1]
	1384160	1238732	1254933	15	M	135	A		-1	3800.52019167	[1, 1, 1, 1, 1, 1, 1, 1, 1, 1, 1, 1]
	1309069	1235554	1261050	15	M	161	A		-1	3800.73425293	[1, 1, 1, 1, 1, 1, 1, 1, 1, 1, 1, 1]
	1312654	1235585	1196025	15	M	0	A		-1	3801.12107322	[1, 1, 1, 1, 1, 1, 1, 1, 1, 1, 1, 1]
	1217689	1124286	1050615	14	M	153	A		-1	3801.19011734	[1, 1, 1, 1, 1, 1, 1, 1, 1, 1, 1, 1]
	1341400	1236730	1255953	15	M	177	A		-1	3801.37229547	[1, 1, 1, 1, 1, 1, 1, 1, 1, 1, 1, 1]
	1284692	1125400	1180727	14	M	77	A		-1	3801.40026575	[1, 1, 1, 1, 1, 1, 1, 1, 1, 1, 1, 1]
	1286515	1125445	1122412	14	M	3	A		-1	3801.50223725	[1, 1, 1, 1, 1, 1, 1, 1, 1, 1, 1, 1]
	1394217	1238767	1219661	15	M	200	A		-1	3801.51426456	[1, 1, 1, 1, 1, 1, 1, 1, 1, 1, 1, 1]
	1358224	1237886	1205494	15	M	99	A		-1	3801.93778283	[1, 1, 1, 1, 1, 1, 1, 1, 1, 1, 1, 1]
	1344936	1236794	1216350	15	M	72	A		-1	3802.36194203	[1, 1, 1, 1, 1, 1, 1, 1, 1, 1, 1, 0]
	1257045	1125121	1179122	14	M	122	A		-1	3802.53611715	[1, 1, 1, 1, 1, 1, 1, 1, 1, 1, 1, 1]
	1349787	1237818	1289116	15	M	145	A		-1	3802.60325315	[1, 1, 1, 1, 1, 1, 1, 1, 1, 1, 1, 1]
	1321544	1235937	1284174	15	M	166	A		-1	3802.64745048	[1, 1, 1, 1, 1, 1, 1, 1, 1, 1, 1, 1]
	1362468	1238017	1141944	15	M	124	A		-1	3802.65052778	[1, 1, 1, 1, 1, 1, 1, 1, 1, 1, 1, 1]
	1236142	1125046	1080492	14	M	175	A		-1	3803.15246434	[1, 1, 1, 1, 1, 1, 1, 1, 1, 1, 1, 1]
	1347775	1236794	1252020	15	M	97	A		-1	3803.24758264	[1, 1, 1, 1, 1, 1, 1, 1, 1, 1, 1, 0]
	1357646	1237886	1238876	15	M	151	A		-1	3803.25743255	[1, 1, 1, 1, 1, 1, 1, 1, 1, 1, 1, 1]
	1332531	1236146	1195491	15	M	119	A		-1	3803.32508414	[1, 1, 1, 1, 1, 1, 1, 1, 1, 1, 1, 1]
	1321067	1235937	1290819	15	M	176	A		-1	3803.3450933	[1, 1, 1, 1, 1, 1, 1, 1, 1, 1, 1, 1]
	1301844	1238539	1286790	15	M	13	A		-1	3803.57977083	[1, 1, 1, 1, 1, 1, 1, 1, 1, 1, 1, 1]
	1326984	1236142	1258774	15	M	144	A		-1	3803.86422433	[1, 1, 1, 1, 1, 1, 1, 1, 1, 1, 1, 1]
	1373246	1238684	1252442	15	M	61	A		-1	3803.91724112	[1, 1, 1, 1, 1, 1, 1, 1, 1, 1, 1, 1]
	1311487	1235585	1213384	15	M	13	A		-1	3804.32011404	[1, 1, 1, 1, 1, 0, 1, 1, 1, 1, 1, 0]
	1389816	1238767	1292872	15	M	74	A		-1	3804.34035211	[1, 1, 1, 1, 1, 1, 1, 1, 1, 1, 1, 1]
	1323548	1235937	1286149	15	M	150	A		-1	3804.4287601	[1, 1, 1, 1, 1, 1, 1, 1, 1, 1, 1, 1]
	1353715	1237818	1248313	15	M	132	A		-1	3804.53537344	[1, 1, 1, 1, 1, 1, 1, 1, 1, 1, 1, 1]
	1308886	1235554	1199843	15	M	186	A		-1	3804.56763946	[1, 1, 1, 1, 1, 1, 1, 1, 1, 1, 1, 1]
	1393710	1238767	1257707	15	M	172	A		-1	3804.86591892	[1, 1, 1, 1, 1, 1, 1, 1, 1, 1, 1, 1]
	1360985	1238017	1233251	15	M	66	A		-1	3805.31435054	[1, 1, 1, 1, 1, 1, 1, 1, 1, 1, 1, 1]
	1364764	1238017	1224639	15	M	94	A		-1	3805.67232338	[1, 1, 1, 1, 1, 1, 1, 1, 1, 1, 1, 1]
	1300386	1238539	1268475	15	M	143	A		-1	3806.73916765	[1, 1, 1, 1, 1, 1, 1, 1, 1, 1, 1, 1]
	1320502	1235937	1252795	15	M	156	A		-1	3806.92240433	[1, 1, 1, 1, 1, 1, 1, 1, 1, 1, 1, 1]
	1321888	1235937	1220790	15	M	47	A		-1	3807.15414208	[1, 1, 1, 1, 1, 1, 1, 1, 1, 1, 1, 1]
	1344200	1236730	1240899	15	M	150	A		-1	3807.21757306	[1, 1, 1, 1, 1, 1, 1, 1, 1, 1, 1, 1]
	1342740	1236730	1128217	15	M	8	A		-1	3807.31301722	[1, 1, 1, 1, 1, 1, 1, 1, 1, 1, 1, 1]
	1210612	1123998	1128211	14	M	120	A		-1	3807.52231571	[1, 1, 1, 1, 1, 1, 1, 1, 1, 1, 1, 0]
	1254567	1125098	1116837	14	M	81	A		-1	3807.54348581	[1, 1, 1, 1, 1, 1, 1, 1, 1, 1, 1, 1]
	1324370	1235937	1240440	15	M	35	A		-1	3807.70686175	[1, 1, 1, 1, 1, 1, 1, 1, 1, 1, 1, 0]
	1328159	1236142	1221934	15	M	64	A		-1	3807.91287207	[1, 1, 1, 1, 1, 1, 1, 1, 1, 1, 1, 1]
	1379083	1240264	1281314	15	M	93	A		-1	3808.07532544	[1, 1, 1, 1, 1, 1, 1, 1, 1, 1, 1, 1]
	1329145	1236142	1268935	15	M	55	A		-1	3808.36414362	[1, 1, 1, 1, 1, 1, 1, 1, 1, 1, 1, 0]
	1254227	1125098	1052615	14	M	106	A		-1	3808.43093366	[1, 1, 1, 1, 1, 1, 1, 1, 1, 1, 1, 1]
	1275577	1126353	1123827	14	M	189	A		-1	3808.55358427	[1, 1, 1, 1, 1, 1, 1, 1, 1, 1, 1, 1]
	1374514	1238684	1208079	15	M	176	A		-1	3808.60811853	[1, 1, 1, 1, 1, 1, 1, 1, 1, 1, 1, 1]
	1356587	1237886	1259616	15	M	48	A		-1	3808.93643583	[1, 1, 1, 1, 1, 1, 1, 1, 1, 1, 1, 1]
	1365526	1238132	1251255	15	M	160	A		-1	3809.54186201	[1, 1, 1, 1, 1, 1, 1, 1, 1, 1, 1, 1]
	1295002	1294498	1098843	15	M	173	A		-1	3809.58309692	[1, 1, 1, 1, 1, 1, 1, 1, 1, 1, 1, 1]
	1223899	1124497	1023095	14	M	98	A		-1	3809.62957592	[1, 1, 1, 1, 1, 1, 1, 1, 1, 1, 1, 1]
	1299143	1294498	1229039	15	M	28	A		-1	3809.86042061	[1, 1, 1, 1, 1, 1, 1, 1, 1, 1, 1, 1]
	1316553	1235819	1288784	15	M	172	A		-1	3809.89389617	[1, 1, 1, 1, 1, 1, 1, 1, 1, 1, 1, 1]
	1370782	1238684	1227390	15	M	105	A		-1	3809.96818599	[1, 1, 1, 1, 1, 1, 1, 1, 1, 1, 1, 1]
	1307064	1235554	1082706	15	M	193	A		-1	3810.31490217	[1, 1, 1, 1, 1, 1, 1, 1, 1, 1, 1, 1]
	1307396	1235554	1220965	15	M	70	A		-1	3810.33161507	[1, 1, 1, 1, 1, 1, 1, 1, 1, 1, 1, 1]
	1322707	1235937	1228107	15	M	69	A		-1	3810.52651182	[1, 1, 1, 1, 1, 1, 1, 1, 1, 1, 1, 1]
	1386936	1238734	1276757	15	M	100	A		-1	3810.54722788	[0, 1, 1, 1, 1, 1, 1, 1, 1, 1, 1, 1]
	1288052	1125445	1095125	14	M	108	A		-1	3810.65703315	[1, 1, 1, 1, 1, 1, 1, 1, 1, 1, 1, 1]
	1323267	1235937	1109125	15	M	162	A		-1	3810.74475111	[1, 1, 1, 1, 1, 1, 1, 1, 1, 1, 1, 1]
	1316994	1235819	1282087	15	M	24	A		-1	3810.93055688	[1, 1, 1, 1, 1, 1, 1, 1, 1, 1, 1, 1]
	1371680	1238684	1204161	15	M	184	A		-1	3810.94322682	[1, 1, 1, 1, 1, 1, 1, 1, 1, 1, 1, 1]
	1386018	1238734	1224818	15	M	73	A		-1	3811.62373307	[1, 1, 1, 1, 1, 1, 1, 1, 1, 1, 1, 1]
	1315668	1235819	1293959	15	M	145	A		-1	3812.10411895	[1, 1, 1, 1, 1, 1, 1, 1, 1, 1, 1, 1]
	1310834	1235585	1219538	15	M	84	A		-1	3812.3069959	[1, 1, 1, 1, 1, 0, 1, 1, 1, 1, 1, 1]
	1257448	1125121	1177879	14	M	179	A		-1	3812.36360017	[1, 1, 1, 1, 1, 1, 1, 1, 1, 1, 1, 1]
	1350457	1237818	1193412	15	M	100	A		-1	3812.49451091	[1, 1, 1, 1, 1, 1, 1, 1, 1, 1, 1, 1]
	1385262	1238734	1251308	15	M	105	A		-1	3812.70832851	[1, 1, 1, 1, 1, 1, 1, 1, 1, 1, 1, 1]
	1368802	1238132	1276272	15	M	119	A		-1	3812.88462175	[1, 1, 1, 1, 1, 1, 1, 1, 1, 1, 1, 1]
	1390938	1238767	1288736	15	M	85	A		-1	3813.3656836	[1, 1, 1, 1, 1, 1, 1, 1, 1, 1, 1, 1]
	1381385	1238732	1262825	15	M	152	A		-1	3813.68175878	[1, 1, 1, 1, 1, 1, 1, 1, 1, 1, 1, 1]
	1357856	1237886	1253370	15	M	69	A		-1	3814.04727903	[1, 1, 1, 1, 1, 1, 1, 1, 1, 1, 1, 1]
	1331728	1236146	1254214	15	M	111	A		-1	3814.05695789	[1, 1, 1, 1, 1, 1, 1, 1, 1, 1, 1, 1]
	1294891	1294498	1261879	15	M	155	A		-1	3814.68018629	[1, 1, 1, 1, 1, 1, 1, 1, 1, 1, 1, 1]
	1295933	1294498	1169074	15	M	160	A		-1	3814.87494273	[1, 1, 1, 1, 1, 1, 1, 1, 1, 1, 1, 1]
	1361545	1238017	1268850	15	M	3	A		-1	3815.48928284	[1, 1, 1, 1, 1, 1, 1, 1, 1, 1, 1, 1]
	1352047	1237818	1204460	15	M	42	A		-1	3815.55076352	[1, 1, 1, 1, 1, 1, 1, 1, 1, 1, 1, 1]
	1332487	1236146	1260904	15	M	43	A		-1	3816.03659041	[1, 1, 1, 1, 1, 1, 1, 1, 1, 1, 1, 1]
	1290242	1125473	1102474	14	M	0	A		-1	3816.22576207	[1, 1, 1, 1, 1, 1, 1, 1, 1, 1, 1, 1]
	1392854	1238767	1271638	15	M	133	A		-1	3816.24344692	[1, 1, 1, 1, 1, 1, 1, 1, 1, 1, 1, 1]
	1362183	1238017	1276136	15	M	132	A		-1	3816.27762123	[1, 1, 1, 1, 1, 1, 1, 1, 1, 1, 1, 1]
	1298129	1294498	1211444	15	M	181	A		-1	3816.51416971	[1, 1, 1, 1, 1, 1, 1, 1, 1, 1, 1, 1]
	1389291	1238734	1169513	15	M	9	A		-1	3817.1096808	[1, 1, 1, 1, 1, 1, 1, 1, 1, 1, 1, 1]
	1301926	1238539	1253505	15	M	164	A		-1	3817.25382438	[1, 1, 1, 1, 1, 1, 1, 1, 1, 1, 1, 1]
	1219919	1124497	1121595	14	M	50	A		-1	3817.78323056	[1, 1, 1, 1, 1, 1, 1, 1, 1, 1, 1, 1]
	1380989	1238732	1161895	15	M	93	A		-1	3818.30094847	[1, 1, 1, 1, 1, 0, 1, 1, 1, 1, 1, 1]
	1352678	1237818	1260234	15	M	81	A		-1	3818.34058919	[1, 1, 1, 1, 1, 1, 1, 1, 1, 1, 1, 1]
	1379788	1238732	1158448	15	M	149	A		-1	3818.41779301	[1, 1, 1, 1, 1, 1, 1, 1, 1, 1, 1, 1]
	1301880	1238539	1224720	15	M	73	A		-1	3818.88105667	[1, 1, 1, 1, 1, 1, 1, 1, 1, 1, 1, 1]
	1335636	1236700	1253434	15	M	81	A		-1	3819.05849925	[1, 1, 1, 1, 1, 1, 1, 1, 1, 1, 1, 1]
	1240240	1125069	1157936	14	M	38	A		-1	3819.98565982	[1, 1, 1, 1, 1, 1, 1, 1, 1, 1, 1, 1]
	1368798	1238132	1286006	15	M	195	A		-1	3820.03864065	[1, 1, 1, 1, 1, 1, 1, 1, 1, 1, 1, 1]
	1329763	1236142	1226248	15	M	103	A		-1	3820.055916	[1, 1, 1, 1, 1, 1, 1, 1, 1, 1, 1, 1]
	1243440	1125069	1095051	14	M	142	A		-1	3820.19254574	[1, 1, 1, 1, 1, 1, 1, 1, 1, 1, 1, 1]
	1345358	1236794	1205013	15	M	16	A		-1	3820.74187028	[1, 1, 1, 1, 1, 1, 1, 1, 1, 1, 1, 1]
	1366797	1238132	1237683	15	M	81	A		-1	3821.46458884	[1, 1, 1, 1, 1, 1, 1, 1, 1, 1, 1, 1]
	1310504	1235585	1282987	15	M	136	A		-1	3821.81675987	[1, 1, 1, 1, 1, 0, 1, 1, 1, 1, 1, 0]
	1373296	1238684	1262287	15	M	199	A		-1	3821.99366244	[1, 1, 1, 1, 1, 1, 1, 1, 1, 1, 1, 1]
	1350142	1237818	1257340	15	M	77	A		-1	3822.02675655	[1, 1, 1, 1, 1, 1, 1, 1, 1, 1, 1, 1]
	1372627	1238684	1118191	15	M	131	A		-1	3822.58668403	[1, 1, 0, 1, 1, 1, 1, 1, 1, 1, 1, 1]
	1197132	1194257	1144328	14	M	65	A		-1	3822.70444516	[1, 1, 1, 1, 1, 1, 1, 1, 1, 1, 1, 1]
	1336552	1236700	1257021	15	M	191	A		-1	3822.85320188	[1, 1, 1, 1, 1, 1, 1, 1, 1, 1, 1, 1]
	1222287	1124497	1148967	14	M	52	A		-1	3823.46591135	[1, 1, 1, 1, 1, 1, 1, 1, 1, 1, 1, 1]
	1382229	1238732	1116887	15	M	144	A		-1	3823.97443646	[1, 1, 1, 1, 1, 0, 1, 1, 1, 1, 1, 1]
	1344239	1236730	1293011	15	M	49	A		-1	3824.53948523	[1, 1, 1, 1, 1, 1, 1, 1, 1, 1, 1, 1]
	1364446	1238017	1294195	15	M	169	A		-1	3824.64535082	[1, 1, 1, 1, 1, 1, 1, 1, 1, 1, 1, 1]
	1341684	1236730	1058257	15	M	142	A		-1	3824.68160815	[1, 1, 1, 1, 1, 1, 1, 1, 1, 1, 1, 1]
	1387457	1238734	1201710	15	M	29	A		-1	3824.68570764	[1, 1, 1, 1, 1, 1, 1, 1, 1, 1, 1, 1]
	1349733	1236794	1212762	15	M	109	A		-1	3825.05222923	[1, 1, 1, 1, 1, 1, 1, 1, 1, 1, 1, 1]
	1341489	1236730	1218635	15	M	154	A		-1	3825.26045832	[1, 1, 1, 1, 1, 1, 1, 1, 1, 1, 1, 1]
	1328683	1236142	1293953	15	M	54	A		-1	3825.77391257	[1, 1, 1, 1, 1, 1, 1, 1, 1, 1, 1, 1]
	1373977	1238684	1234503	15	M	138	A		-1	3825.98073455	[1, 1, 1, 1, 1, 1, 1, 1, 1, 1, 1, 1]
	1313448	1235585	1248131	15	M	162	A		-1	3826.11637018	[1, 1, 1, 1, 1, 0, 1, 1, 1, 1, 1, 1]
	1297407	1294498	1208119	15	M	118	A		-1	3826.12014188	[1, 1, 1, 1, 1, 1, 1, 1, 1, 1, 1, 1]
	1128844	1029371	1068751	13	M	58	A		-1	3826.84605371	[1, 1, 1, 1, 1, 1, 1, 1, 1, 1, 1, 1]
	1336771	1236700	1272129	15	M	22	A		-1	3826.85738563	[1, 1, 1, 1, 1, 1, 1, 1, 1, 1, 1, 1]
	1223606	1124497	1142675	14	M	108	A		-1	3827.20128283	[1, 1, 1, 1, 1, 1, 1, 1, 1, 1, 1, 1]
	1392195	1238767	1258003	15	M	179	A		-1	3827.35063641	[1, 1, 1, 1, 1, 1, 1, 1, 1, 1, 1, 1]
	1391400	1238767	1273783	15	M	2	A		-1	3827.52146305	[1, 1, 1, 1, 1, 1, 1, 1, 1, 1, 1, 1]
	1296943	1294498	1167231	15	M	189	A		-1	3827.65792628	[1, 1, 1, 1, 1, 1, 1, 1, 1, 1, 1, 1]
	1367577	1238132	1286563	15	M	21	A		-1	3827.829082	[1, 1, 1, 1, 1, 1, 1, 1, 1, 1, 1, 1]
	1381878	1238732	1228435	15	M	52	A		-1	3827.95646176	[1, 1, 1, 1, 1, 0, 1, 1, 1, 1, 1, 1]
	1313949	1235585	1279135	15	M	158	A		-1	3828.42096344	[1, 1, 1, 1, 1, 1, 1, 1, 1, 1, 1, 1]
	1312432	1235585	1241120	15	M	60	A		-1	3828.76467022	[1, 1, 1, 1, 1, 0, 1, 1, 1, 1, 1, 1]
	1321698	1235937	1202961	15	M	30	A		-1	3828.8111445	[1, 1, 1, 1, 1, 1, 1, 1, 1, 1, 1, 1]
	1365151	1238132	1238272	15	M	42	A		-1	3828.85319639	[1, 1, 1, 1, 1, 1, 1, 1, 1, 1, 1, 1]
	1386942	1238734	1221421	15	M	10	A		-1	3829.65943551	[0, 1, 1, 1, 1, 1, 1, 1, 1, 1, 1, 1]
	1367741	1238132	1146875	15	M	45	A		-1	3829.90506877	[1, 1, 1, 1, 1, 1, 1, 1, 1, 1, 1, 1]
	1314690	1235585	1223843	15	M	149	A		-1	3829.90982259	[1, 1, 1, 1, 1, 1, 1, 1, 1, 1, 1, 1]
	1357043	1237886	1227883	15	M	109	A		-1	3830.32091608	[1, 1, 1, 1, 1, 1, 1, 1, 1, 1, 1, 1]
	1328415	1236142	1237937	15	M	122	A		-1	3830.62367016	[1, 1, 0, 1, 1, 1, 1, 1, 1, 1, 1, 1]
	1313023	1235585	1208988	15	M	52	A		-1	3830.76323464	[1, 1, 1, 1, 1, 0, 1, 1, 1, 1, 1, 1]
	1341735	1236730	1210137	15	M	3	A		-1	3831.01355768	[1, 1, 1, 1, 1, 1, 1, 1, 1, 1, 1, 0]
	1321889	1235937	1216524	15	M	59	A		-1	3831.40424089	[1, 1, 1, 0, 1, 1, 1, 1, 1, 1, 1, 1]
	1317016	1235819	1292768	15	M	42	A		-1	3831.9995762	[1, 1, 1, 1, 1, 1, 1, 1, 1, 1, 1, 1]
	1353788	1237818	1265748	15	M	40	A		-1	3832.06348557	[1, 1, 1, 1, 1, 1, 1, 1, 1, 1, 1, 1]
	1304469	1238539	1212027	15	M	53	A		-1	3832.22382055	[1, 1, 1, 1, 1, 1, 1, 1, 1, 1, 1, 1]
	1256511	1125121	1101970	14	M	3	A		-1	3832.34738252	[1, 1, 1, 1, 1, 1, 1, 1, 1, 1, 1, 1]
	1262880	1125129	1025386	14	M	10	A		-1	3833.35020276	[1, 1, 1, 1, 1, 1, 1, 1, 1, 1, 1, 1]
	1362232	1238017	1218520	15	M	75	A		-1	3833.64742985	[1, 1, 1, 1, 1, 1, 1, 1, 1, 1, 1, 1]
	1347337	1236794	1220679	15	M	4	A		-1	3833.74871515	[1, 1, 1, 1, 1, 1, 1, 1, 1, 1, 1, 0]
	1366791	1238132	1253558	15	M	86	A		-1	3834.04135459	[1, 1, 1, 1, 1, 1, 1, 1, 1, 1, 1, 1]
	1328192	1236142	1136178	15	M	196	A		-1	3834.05525611	[1, 1, 1, 1, 1, 1, 1, 1, 1, 1, 1, 1]
	1392365	1238767	1228963	15	M	195	A		-1	3834.20243016	[1, 1, 1, 1, 1, 1, 1, 1, 1, 1, 1, 1]
	1349152	1236794	1273505	15	M	164	A		-1	3834.60257016	[1, 1, 1, 1, 1, 1, 1, 1, 1, 1, 1, 0]
	1312302	1235585	1201709	15	M	32	A		-1	3834.77826553	[1, 1, 1, 1, 1, 0, 1, 1, 1, 1, 1, 1]
	1313842	1235585	928080	15	M	162	A		-1	3835.44389737	[1, 1, 1, 1, 1, 1, 1, 1, 1, 1, 1, 1]
	1312800	1235585	1248354	15	M	76	A		-1	3835.57801015	[1, 1, 1, 1, 1, 0, 1, 1, 1, 1, 1, 1]
	1363914	1238017	1220716	15	M	196	A		-1	3836.73068099	[1, 1, 1, 1, 1, 1, 1, 1, 1, 1, 1, 1]
	1375190	1240264	1293261	15	M	18	A		-1	3837.11416545	[1, 1, 1, 1, 1, 1, 1, 1, 1, 1, 1, 1]
	1386834	1238734	1237874	15	M	122	A		-1	3837.40701314	[0, 1, 1, 1, 1, 1, 1, 1, 1, 1, 1, 1]
	1311751	1235585	1209442	15	M	77	A		-1	3838.18430057	[1, 1, 1, 1, 1, 1, 1, 1, 1, 1, 1, 1]
	1244496	1125069	1194056	14	M	4	A		-1	3838.24102706	[1, 1, 1, 1, 1, 1, 1, 1, 1, 1, 1, 1]
	1296464	1294498	1102617	15	M	122	A		-1	3838.33016048	[1, 1, 0, 1, 1, 1, 1, 1, 1, 1, 1, 1]
	1358593	1237886	1034879	15	M	132	A		-1	3838.50031434	[1, 1, 1, 1, 1, 1, 1, 1, 1, 1, 1, 1]
	1370476	1238684	1206871	15	M	188	A		-1	3838.51506739	[1, 1, 1, 1, 1, 1, 1, 1, 1, 1, 1, 1]
	1344862	1236794	1246307	15	M	42	A		-1	3838.53724546	[1, 1, 1, 1, 1, 1, 1, 1, 1, 1, 1, 0]
	1331600	1236146	1218534	15	M	125	A		-1	3838.58341066	[1, 1, 1, 1, 1, 1, 1, 1, 1, 1, 1, 1]
	1354479	1237818	1220977	15	M	63	A		-1	3838.7715743	[1, 1, 1, 1, 1, 1, 1, 1, 1, 1, 1, 1]
	1296965	1294498	1253714	15	M	143	A		-1	3838.94370568	[1, 1, 1, 1, 1, 1, 1, 1, 1, 1, 1, 1]
	1350253	1237818	1253595	15	M	158	A		-1	3839.10694819	[1, 1, 1, 1, 1, 1, 1, 1, 1, 1, 1, 1]
	1320660	1235937	1238265	15	M	95	A		-1	3839.23705388	[1, 1, 1, 1, 1, 1, 1, 1, 1, 1, 1, 1]
	1354913	1237886	1107869	15	M	19	A		-1	3839.87089567	[1, 1, 1, 1, 1, 1, 1, 1, 1, 1, 1, 1]
	1350973	1237818	1288783	15	M	92	A		-1	3839.95318325	[1, 1, 1, 1, 1, 1, 1, 1, 1, 1, 1, 1]
	1313238	1235585	1218124	15	M	22	A		-1	3840.0184475	[1, 1, 1, 1, 1, 1, 1, 1, 1, 1, 1, 1]
	1312934	1235585	1212687	15	M	10	A		-1	3840.32031871	[1, 1, 1, 1, 1, 1, 1, 1, 1, 1, 1, 0]
	1328919	1236142	1241171	15	M	91	A		-1	3840.34887672	[1, 1, 1, 1, 1, 1, 1, 1, 1, 1, 1, 1]
	1382472	1238732	1269974	15	M	186	A		-1	3840.67294239	[1, 1, 1, 1, 1, 0, 1, 1, 1, 1, 1, 1]
	1363329	1238017	1123298	15	M	190	A		-1	3840.84099874	[1, 1, 1, 1, 1, 1, 1, 1, 1, 1, 1, 1]
	1269655	1125131	1150026	14	M	162	A		-1	3840.91272263	[1, 1, 1, 1, 1, 1, 1, 1, 1, 1, 1, 1]
	1295637	1294498	1275971	15	M	89	A		-1	3840.93263529	[1, 1, 1, 1, 1, 1, 1, 1, 1, 1, 1, 1]
	1352931	1237818	1257729	15	M	29	A		-1	3840.97571897	[1, 1, 1, 1, 1, 1, 1, 1, 1, 1, 1, 1]
	1381636	1238732	1262475	15	M	36	A		-1	3840.98704923	[1, 1, 1, 1, 1, 0, 1, 1, 1, 1, 1, 1]
	1298065	1294498	1194841	15	M	158	A		-1	3841.29931994	[1, 1, 1, 1, 1, 1, 1, 1, 1, 1, 1, 1]
	1252830	1125098	1061091	14	M	160	A		-1	3841.54213298	[1, 1, 1, 1, 1, 1, 1, 1, 1, 1, 1, 1]
	1314506	1235585	899416	15	M	15	A		-1	3841.66547311	[1, 1, 1, 1, 1, 1, 1, 1, 1, 1, 1, 1]
	1376542	1240264	1119179	15	M	19	A		-1	3842.02413633	[1, 1, 1, 1, 1, 1, 1, 1, 1, 1, 1, 1]
	1333948	1236146	1254233	15	M	132	A		-1	3842.1617645	[1, 1, 1, 1, 1, 1, 1, 1, 1, 1, 1, 1]
	1318522	1235819	1208570	15	M	145	A		-1	3842.38830853	[1, 1, 1, 1, 1, 1, 1, 1, 1, 1, 1, 1]
	1346672	1236794	1222763	15	M	187	A		-1	3842.40392931	[1, 1, 1, 1, 1, 1, 1, 1, 1, 1, 1, 1]
	1312749	1235585	1101287	15	M	46	A		-1	3842.43866769	[1, 1, 1, 1, 1, 1, 1, 1, 1, 1, 1, 1]
	1222706	1124497	1181573	14	M	166	A		-1	3843.01633391	[1, 1, 1, 1, 1, 1, 1, 1, 1, 1, 1, 1]
	1336044	1236700	1249648	15	M	71	A		-1	3843.20045526	[1, 1, 0, 1, 1, 1, 1, 1, 1, 1, 1, 1]
	1314525	1235585	1141894	15	M	3	A		-1	3843.76783264	[1, 1, 1, 1, 1, 1, 1, 1, 1, 1, 1, 1]
	1326066	1236142	1287319	15	M	57	A		-1	3843.782744	[1, 1, 1, 1, 1, 1, 1, 1, 1, 1, 1, 1]
	1313069	1235585	1194872	15	M	128	A		-1	3843.84895686	[1, 1, 1, 1, 1, 1, 1, 1, 1, 1, 1, 1]
	1332306	1236146	1210750	15	M	51	A		-1	3844.13415852	[1, 1, 1, 1, 1, 1, 1, 1, 1, 1, 1, 1]
	1303938	1238539	1223421	15	M	78	A		-1	3844.40407097	[1, 1, 1, 1, 1, 1, 1, 1, 1, 1, 1, 1]
	1362696	1238017	1262280	15	M	185	A		-1	3844.45596137	[1, 1, 1, 1, 1, 1, 1, 1, 1, 1, 1, 1]
	1340040	1236730	1217233	15	M	102	A		-1	3844.54006364	[1, 1, 1, 1, 1, 1, 1, 1, 1, 1, 1, 1]
	1224683	1124497	1129909	14	M	41	A		-1	3844.5603054	[1, 1, 1, 1, 1, 1, 1, 1, 1, 1, 1, 1]
	1324759	1235937	1270492	15	M	51	A		-1	3844.75119853	[1, 1, 1, 1, 1, 1, 1, 1, 1, 1, 1, 1]
	1355460	1237886	1121946	15	M	149	A		-1	3845.1312646	[1, 1, 1, 1, 1, 1, 1, 1, 1, 1, 1, 1]
	1326734	1236142	1201953	15	M	70	A		-1	3845.46763116	[1, 1, 1, 1, 1, 1, 1, 1, 1, 1, 1, 1]
	1384078	1238732	1216766	15	M	31	A		-1	3845.47670475	[1, 1, 1, 1, 1, 0, 1, 1, 1, 1, 1, 1]
	1359076	1237886	1220077	15	M	186	A		-1	3845.91677964	[1, 1, 1, 1, 1, 1, 1, 1, 1, 1, 1, 1]
	1311900	1235585	1226500	15	M	31	A		-1	3846.01330426	[1, 1, 1, 1, 1, 1, 1, 1, 1, 1, 1, 1]
	1289139	1125445	1119974	14	M	124	A		-1	3846.20551599	[1, 1, 1, 1, 1, 1, 1, 1, 1, 1, 1, 1]
	1296730	1294498	1266922	15	M	55	A		-1	3846.75947681	[1, 1, 1, 1, 1, 1, 1, 1, 1, 1, 1, 1]
	1381525	1238732	1221196	15	M	113	A		-1	3846.79919284	[1, 1, 1, 1, 1, 1, 1, 1, 1, 1, 1, 1]
	1311315	1235585	1283793	15	M	127	A		-1	3847.52954328	[1, 1, 1, 1, 1, 0, 1, 1, 1, 1, 1, 1]
	1250165	1125098	1174289	14	M	156	A		-1	3847.70273949	[1, 1, 1, 1, 1, 1, 1, 1, 1, 1, 1, 1]
	1330064	1236146	866414	15	M	112	A		-1	3848.33581415	[1, 1, 1, 1, 1, 1, 1, 1, 1, 1, 1, 1]
	1364728	1238017	1182448	15	M	166	A		-1	3848.39321664	[1, 1, 1, 1, 1, 1, 1, 1, 1, 1, 1, 1]
	1232692	1124949	1146112	14	M	22	A		-1	3848.52704081	[1, 1, 1, 1, 1, 1, 1, 1, 1, 1, 1, 1]
	1313807	1235585	1288289	15	M	5	A		-1	3849.22903085	[1, 1, 1, 1, 1, 1, 1, 1, 1, 1, 1, 1]
	1354363	1237818	1273819	15	M	4	A		-1	3849.30823273	[1, 1, 1, 1, 1, 1, 1, 1, 1, 1, 1, 1]
	1391677	1238767	1236577	15	M	183	A		-1	3849.59170697	[1, 1, 1, 1, 1, 1, 1, 1, 1, 1, 1, 1]
	1310844	1235585	1288237	15	M	76	A		-1	3849.96125117	[1, 1, 1, 1, 1, 0, 1, 1, 1, 1, 1, 1]
	1370328	1238684	1221885	15	M	118	A		-1	3850.27641266	[1, 1, 1, 1, 1, 1, 1, 1, 1, 1, 1, 1]
	1360643	1238017	1231484	15	M	150	A		-1	3850.31433899	[1, 1, 1, 1, 1, 1, 1, 1, 1, 1, 1, 1]
	1359721	1237886	1293795	15	M	103	A		-1	3850.67321986	[1, 1, 1, 1, 1, 1, 1, 1, 1, 1, 1, 1]
	1359772	1237886	1224932	15	M	188	A		-1	3850.8720741	[1, 1, 1, 1, 1, 1, 1, 1, 1, 1, 1, 1]
	1390069	1238767	1157587	15	M	159	A		-1	3851.4108847	[1, 1, 1, 1, 1, 1, 1, 1, 1, 1, 1, 1]
	1315036	1235819	1274945	15	M	187	A		-1	3851.44203262	[1, 1, 1, 1, 1, 1, 1, 1, 1, 1, 1, 1]
	1275397	1126353	1158194	14	M	112	A		-1	3851.90607972	[1, 1, 1, 1, 1, 1, 1, 1, 1, 1, 1, 1]
	1322043	1235937	1171884	15	M	86	A		-1	3851.94091745	[1, 1, 1, 0, 1, 1, 1, 1, 1, 1, 1, 1]
	1341152	1236730	1233590	15	M	27	A		-1	3852.05661531	[1, 1, 1, 1, 1, 1, 1, 1, 1, 1, 1, 1]
	1369511	1238132	1287972	15	M	116	A		-1	3852.72148544	[1, 1, 1, 1, 1, 1, 1, 1, 1, 1, 1, 1]
	1386342	1238734	1229896	15	M	195	A		-1	3853.36010412	[0, 1, 1, 1, 1, 1, 1, 1, 1, 1, 1, 1]
	1383597	1238732	1181280	15	M	91	A		-1	3853.42126452	[1, 1, 1, 1, 1, 0, 1, 1, 1, 1, 1, 1]
	1312017	1235585	1274458	15	M	15	A		-1	3853.61163105	[1, 1, 1, 1, 1, 1, 1, 1, 1, 1, 1, 1]
	1311468	1235585	1129298	15	M	97	A		-1	3854.31181757	[1, 1, 1, 1, 1, 1, 1, 1, 1, 1, 1, 1]
	1322999	1235937	1198733	15	M	195	A		-1	3854.95312054	[1, 1, 1, 1, 1, 1, 1, 1, 1, 1, 1, 1]
	1311334	1235585	1286087	15	M	118	A		-1	3856.63438348	[1, 1, 1, 1, 1, 0, 1, 1, 1, 1, 1, 1]
	1287750	1125445	1177175	14	M	80	A		-1	3857.03508564	[1, 1, 1, 1, 1, 1, 1, 1, 1, 1, 1, 1]
	1393978	1238767	1249272	15	M	0	A		-1	3857.09816681	[1, 1, 1, 1, 1, 1, 1, 1, 1, 1, 1, 1]
	1326009	1236142	1050547	15	M	17	A		-1	3857.10810955	[1, 1, 1, 1, 1, 1, 1, 1, 1, 1, 1, 1]
	1344407	1236730	1259510	15	M	91	A		-1	3857.45782056	[1, 1, 1, 1, 1, 1, 1, 1, 1, 1, 1, 1]
	1387843	1238734	1253791	15	M	88	A		-1	3857.50311854	[1, 1, 1, 1, 1, 1, 1, 1, 1, 1, 1, 1]
	1392472	1238767	1191507	15	M	141	A		-1	3857.81598516	[1, 1, 1, 1, 1, 1, 1, 1, 1, 1, 1, 1]
	1330076	1236146	1192297	15	M	187	A		-1	3858.17336045	[1, 1, 1, 1, 1, 1, 1, 1, 1, 1, 1, 1]
	1321233	1235937	1288865	15	M	170	A		-1	3858.46497684	[1, 1, 1, 1, 1, 1, 1, 1, 1, 1, 1, 1]
	1230460	1124949	1151632	14	M	0	A		-1	3858.76671821	[1, 1, 1, 1, 1, 1, 1, 1, 1, 1, 1, 1]
	1314482	1235585	1252237	15	M	134	A		-1	3859.46482841	[1, 1, 1, 1, 1, 1, 1, 1, 1, 1, 1, 1]
	1380365	1238732	1268477	15	M	102	A		-1	3860.01342467	[1, 1, 1, 1, 1, 0, 1, 1, 1, 1, 1, 1]
	1314965	1235819	1278795	15	M	160	A		-1	3860.57382253	[1, 1, 1, 1, 1, 1, 1, 1, 1, 1, 1, 1]
	1299610	1294498	1286308	15	M	182	A		-1	3860.70415153	[1, 1, 1, 1, 1, 1, 1, 1, 1, 1, 1, 1]
	1386604	1238734	1254210	15	M	57	A		-1	3860.95165181	[0, 1, 1, 1, 1, 1, 1, 1, 1, 1, 1, 1]
	1350924	1237818	1284021	15	M	51	A		-1	3861.20394718	[1, 1, 1, 1, 1, 1, 1, 1, 1, 1, 1, 1]
	1258863	1125121	1126288	14	M	107	A		-1	3861.53156824	[1, 1, 1, 1, 1, 1, 1, 1, 1, 1, 1, 0]
	1313800	1235585	1243663	15	M	28	A		-1	3862.78944013	[1, 1, 1, 1, 1, 1, 1, 1, 1, 1, 1, 1]
	1369127	1238132	1221058	15	M	8	A		-1	3862.94781812	[1, 1, 1, 1, 1, 1, 1, 1, 1, 1, 1, 1]
	1349345	1236794	1261797	15	M	137	A		-1	3863.06256207	[1, 1, 1, 1, 1, 1, 1, 1, 1, 1, 1, 1]
	1298812	1294498	1273663	15	M	44	A		-1	3863.65752181	[1, 1, 1, 1, 1, 1, 1, 1, 1, 1, 1, 1]
	1355857	1237886	1172646	15	M	173	A		-1	3863.66179989	[1, 1, 1, 1, 1, 1, 1, 1, 1, 1, 1, 1]
	1295660	1294498	1130675	15	M	101	A		-1	3865.81436077	[1, 1, 1, 1, 1, 1, 1, 1, 1, 1, 1, 1]
	1325788	1236142	1230375	15	M	98	A		-1	3866.06581034	[1, 1, 1, 1, 1, 1, 1, 1, 1, 1, 1, 1]
	1353036	1237818	1245583	15	M	22	A		-1	3866.09236394	[1, 1, 1, 1, 1, 1, 1, 1, 1, 1, 1, 1]
	1355849	1237886	1197921	15	M	176	A		-1	3867.44679526	[1, 1, 1, 1, 1, 1, 1, 1, 1, 1, 1, 1]
	1309827	1235585	1251559	15	M	139	A		-1	3868.58007912	[1, 1, 1, 1, 1, 1, 1, 1, 1, 1, 1, 1]
	1369126	1238132	1155372	15	M	130	A		-1	3869.22683648	[1, 1, 1, 1, 1, 1, 1, 1, 1, 1, 1, 1]
	1384679	1238732	1233234	15	M	183	A		-1	3869.92539961	[1, 1, 1, 1, 1, 1, 1, 1, 1, 1, 1, 1]
	1303414	1238539	1207165	15	M	56	A		-1	3870.34761151	[1, 1, 1, 1, 1, 1, 1, 1, 1, 1, 1, 1]
	1313684	1235585	1246414	15	M	39	A		-1	3870.74020484	[1, 1, 1, 1, 1, 1, 1, 1, 1, 1, 1, 1]
	1392289	1238767	1289645	15	M	8	A		-1	3871.71584285	[1, 1, 1, 0, 1, 1, 1, 1, 1, 1, 1, 1]
	1346508	1236794	1277253	15	M	104	A		-1	3871.77832619	[1, 1, 1, 1, 1, 1, 1, 1, 1, 1, 1, 0]
	1329654	1236142	1220629	15	M	144	A		-1	3872.26780963	[1, 1, 1, 1, 1, 1, 1, 1, 1, 1, 1, 1]
	1309929	1235585	1209467	15	M	95	A		-1	3872.42351112	[1, 1, 1, 1, 1, 0, 1, 1, 1, 1, 1, 1]
	1344733	1236730	1264693	15	M	161	A		-1	3872.71445774	[1, 1, 1, 1, 1, 1, 1, 1, 1, 1, 1, 1]
	1389393	1238734	1217188	15	M	165	A		-1	3872.92509879	[1, 1, 1, 1, 1, 1, 1, 1, 1, 1, 1, 1]
	1315167	1235819	1213572	15	M	20	A		-1	3873.12742801	[1, 1, 1, 1, 1, 1, 1, 1, 1, 1, 1, 1]
	1273619	1125306	1135777	14	M	111	A		-1	3873.40377174	[1, 1, 1, 1, 1, 1, 1, 1, 1, 1, 1, 1]
	1314408	1235585	1286873	15	M	16	A		-1	3874.80245439	[1, 1, 1, 1, 1, 1, 1, 1, 1, 1, 1, 1]
	1377698	1240264	1244505	15	M	56	A		-1	3874.90149526	[1, 1, 1, 1, 1, 1, 1, 1, 1, 1, 1, 1]
	1300692	1238539	1099258	15	M	152	A		-1	3874.9876825	[1, 1, 1, 1, 1, 1, 1, 1, 1, 1, 1, 1]
	1222555	1124497	1035728	14	M	80	A		-1	3875.28451876	[1, 1, 1, 1, 1, 1, 1, 1, 1, 1, 1, 1]
	1366963	1238132	1224261	15	M	101	A		-1	3875.32833899	[1, 1, 1, 1, 1, 1, 1, 1, 1, 1, 1, 0]
	1356555	1237886	1291201	15	M	48	A		-1	3876.0312308	[1, 1, 1, 1, 1, 1, 1, 1, 1, 1, 1, 1]
	1328412	1236142	1213612	15	M	66	A		-1	3876.98620118	[1, 1, 1, 1, 1, 1, 1, 1, 1, 1, 1, 1]
	1339784	1236730	1221163	15	M	33	A		-1	3877.55884497	[1, 1, 1, 1, 1, 1, 1, 1, 1, 1, 1, 1]
	1284833	1125445	1121633	14	M	150	A		-1	3877.84124969	[1, 1, 1, 1, 1, 1, 1, 1, 1, 1, 1, 1]
	1358731	1237886	1258561	15	M	156	A		-1	3878.67197914	[1, 1, 1, 1, 1, 1, 1, 1, 1, 1, 1, 1]
	1383628	1238732	1172192	15	M	160	A		-1	3879.61805862	[1, 1, 1, 1, 1, 0, 1, 1, 1, 1, 1, 1]
	1125098	1029371	927244	13	M	196	A		-1	3880.69020898	[1, 1, 1, 1, 1, 1, 1, 1, 1, 1, 1, 1]
	1226420	1124678	1114594	14	M	83	A		-1	3881.12168091	[1, 1, 1, 1, 1, 1, 1, 1, 1, 1, 1, 1]
	1314370	1235585	1210205	15	M	151	A		-1	3881.60123476	[1, 1, 1, 1, 1, 0, 1, 1, 1, 1, 1, 1]
	1339507	1236700	1277477	15	M	171	A		-1	3883.05767137	[1, 1, 1, 1, 1, 1, 1, 1, 1, 1, 1, 1]
	1339767	1236700	1125303	15	M	153	A		-1	3883.21043107	[1, 1, 1, 1, 1, 1, 1, 1, 1, 1, 1, 1]
	1327568	1236142	1239212	15	M	103	A		-1	3883.39474632	[1, 1, 1, 1, 1, 1, 1, 1, 1, 1, 1, 1]
	1314007	1235585	1254737	15	M	96	A		-1	3883.80627892	[1, 1, 1, 1, 1, 1, 1, 1, 1, 1, 1, 1]
	1376305	1240264	1223248	15	M	127	A		-1	3884.14814894	[1, 1, 1, 1, 1, 1, 1, 1, 1, 1, 1, 1]
	1340318	1236730	1273516	15	M	40	A		-1	3884.44949522	[1, 1, 1, 1, 1, 1, 1, 1, 1, 1, 1, 1]
	1222638	1124497	1036717	14	M	17	A		-1	3884.75407411	[1, 1, 1, 1, 1, 1, 1, 1, 1, 1, 1, 1]
	1334222	1236146	1267004	15	M	161	A		-1	3885.10026831	[1, 1, 1, 1, 1, 1, 1, 1, 1, 1, 1, 1]
	1324208	1235937	1254356	15	M	150	A		-1	3885.18225151	[1, 1, 1, 1, 1, 1, 1, 1, 1, 1, 1, 1]
	1321637	1235937	1280157	15	M	120	A		-1	3885.64746438	[1, 1, 1, 1, 1, 1, 1, 1, 1, 1, 1, 1]
	1366972	1238132	1220101	15	M	156	A		-1	3885.69033508	[1, 1, 1, 1, 1, 1, 1, 1, 1, 1, 1, 1]
	1356079	1237886	1210491	15	M	139	A		-1	3886.77805439	[1, 1, 1, 1, 1, 1, 1, 1, 1, 1, 1, 1]
	1352014	1237818	1132606	15	M	59	A		-1	3887.64042941	[1, 1, 1, 1, 1, 1, 1, 1, 1, 1, 1, 1]
	1341472	1236730	1240243	15	M	94	A		-1	3887.72275912	[1, 1, 1, 1, 1, 1, 1, 1, 1, 1, 1, 1]
	1369963	1238684	1202650	15	M	164	A		-1	3888.02757865	[1, 1, 1, 1, 1, 1, 1, 1, 1, 1, 1, 1]
	1314148	1235585	1242915	15	M	130	A		-1	3888.04529424	[1, 1, 1, 1, 1, 0, 1, 1, 1, 1, 1, 1]
	1380640	1238732	1235756	15	M	140	A		-1	3888.09207267	[1, 1, 1, 1, 1, 0, 1, 1, 1, 1, 1, 1]
	1328763	1236142	1253831	15	M	86	A		-1	3888.23357546	[1, 1, 1, 1, 1, 1, 1, 1, 1, 1, 1, 1]
	1329413	1236142	1146629	15	M	36	A		-1	3889.13808248	[1, 1, 1, 1, 1, 1, 1, 1, 1, 1, 1, 1]
	1332245	1236146	1201416	15	M	136	A		-1	3889.99376565	[1, 1, 1, 1, 1, 1, 1, 1, 1, 1, 1, 1]
	1337804	1236700	1257127	15	M	23	A		-1	3890.27892648	[1, 1, 1, 1, 1, 1, 1, 1, 1, 1, 1, 1]
	1381765	1238732	1258767	15	M	58	A		-1	3890.55149215	[1, 1, 1, 1, 1, 1, 1, 1, 1, 1, 1, 1]
	1388178	1238734	1293590	15	M	115	A		-1	3890.99540401	[1, 1, 1, 1, 1, 1, 1, 1, 1, 1, 1, 1]
	1381118	1238732	1263196	15	M	45	A		-1	3891.60488642	[1, 1, 1, 1, 1, 0, 1, 1, 1, 1, 1, 1]
	1253498	1125098	1193980	14	M	33	A		-1	3891.63837795	[1, 1, 1, 1, 1, 1, 1, 1, 1, 1, 1, 1]
	1368385	1238132	1250430	15	M	112	A		-1	3892.23497099	[1, 1, 1, 1, 1, 1, 1, 1, 1, 1, 1, 1]
	1235585	1125046	1101208	14	M	83	A		-1	3894.34711518	[1, 1, 1, 1, 1, 0, 1, 1, 1, 1, 1, 1]
	1355681	1237886	1264663	15	M	109	A		-1	3894.77955487	[1, 1, 1, 1, 1, 1, 1, 1, 1, 1, 1, 1]
	1351804	1237818	1204678	15	M	38	A		-1	3894.98776743	[1, 1, 1, 1, 1, 1, 1, 1, 1, 1, 1, 1]
	1319201	1235819	1250550	15	M	159	A		-1	3895.80036097	[1, 1, 1, 1, 1, 1, 1, 1, 1, 1, 1, 1]
	1312520	1235585	1283359	15	M	80	A		-1	3895.99286132	[1, 1, 1, 1, 1, 0, 1, 1, 1, 1, 1, 1]
	1357681	1237886	1235031	15	M	193	A		-1	3896.34576727	[1, 1, 1, 1, 1, 1, 1, 1, 1, 1, 1, 1]
	1310506	1235585	1280621	15	M	58	A		-1	3896.8051677	[1, 1, 1, 1, 1, 1, 1, 1, 1, 1, 1, 1]
	1345686	1236794	1248605	15	M	20	A		-1	3896.85677326	[1, 1, 1, 1, 1, 1, 1, 1, 1, 1, 1, 0]
	1320560	1235937	1173681	15	M	41	A		-1	3897.52235581	[1, 1, 1, 0, 1, 1, 1, 1, 1, 1, 1, 1]
	1325926	1236142	1285332	15	M	143	A		-1	3897.85964395	[1, 1, 1, 1, 1, 1, 1, 1, 1, 1, 1, 1]
	1333659	1236146	1254530	15	M	111	A		-1	3897.93958555	[1, 1, 1, 1, 1, 1, 1, 1, 1, 1, 1, 1]
	1327936	1236142	1281250	15	M	69	A		-1	3900.0837546	[1, 1, 1, 1, 1, 1, 1, 1, 1, 1, 1, 1]
	1312690	1235585	1290475	15	M	39	A		-1	3900.33915881	[1, 1, 1, 1, 1, 0, 1, 1, 1, 1, 1, 1]
	1380868	1238732	1224793	15	M	146	A		-1	3901.38143577	[1, 1, 1, 1, 1, 1, 1, 1, 1, 1, 1, 1]
	1339377	1236700	1292680	15	M	45	A		-1	3901.40708354	[1, 1, 1, 1, 1, 1, 1, 1, 1, 1, 1, 1]
	1390720	1238767	1216431	15	M	41	A		-1	3901.92501096	[1, 1, 1, 1, 1, 1, 1, 1, 1, 1, 1, 1]
	1295767	1294498	1156782	15	M	182	A		-1	3902.55402283	[1, 1, 1, 1, 1, 1, 1, 1, 1, 1, 1, 1]
	1361362	1238017	1076805	15	M	107	A		-1	3903.29262403	[1, 1, 1, 1, 1, 1, 1, 1, 1, 1, 1, 1]
	1327996	1236142	1259657	15	M	160	A		-1	3903.37254755	[1, 1, 1, 1, 1, 1, 1, 1, 1, 1, 1, 1]
	1350529	1237818	1226774	15	M	150	A		-1	3903.9761339	[1, 1, 1, 1, 1, 1, 1, 1, 1, 1, 1, 1]
	1392203	1238767	1281906	15	M	97	A		-1	3904.86160836	[1, 1, 1, 1, 1, 1, 1, 1, 1, 1, 1, 1]
	1324932	1236142	1235172	15	M	7	A		-1	3905.19944197	[1, 1, 1, 1, 1, 1, 1, 1, 1, 1, 1, 1]
	1377216	1240264	1222043	15	M	174	A		-1	3905.21669521	[1, 1, 1, 1, 1, 1, 1, 1, 1, 1, 1, 1]
	1307560	1235554	1218657	15	M	83	A		-1	3905.69790707	[1, 1, 1, 1, 1, 1, 1, 1, 1, 1, 1, 1]
	1367408	1238132	1155313	15	M	136	A		-1	3906.43220693	[1, 1, 1, 1, 1, 1, 1, 1, 1, 1, 1, 1]
	1314117	1235585	1063752	15	M	96	A		-1	3907.47231769	[1, 1, 1, 1, 1, 1, 1, 1, 1, 1, 1, 1]
	1321462	1235937	1268086	15	M	39	A		-1	3907.65314588	[1, 1, 1, 1, 1, 1, 1, 1, 1, 1, 1, 1]
	1356039	1237886	1225542	15	M	193	A		-1	3907.6877656	[1, 1, 1, 1, 1, 1, 1, 1, 1, 1, 1, 1]
	1361978	1238017	1123270	15	M	14	A		-1	3907.88010621	[1, 1, 1, 1, 1, 1, 1, 1, 1, 1, 1, 1]
	1323597	1235937	1290126	15	M	32	A		-1	3908.61651356	[1, 1, 1, 1, 1, 1, 1, 1, 1, 1, 1, 1]
	1309024	1235554	1236554	15	M	40	A		-1	3908.73160426	[1, 1, 1, 1, 1, 1, 1, 1, 1, 1, 1, 1]
	1325003	1236142	1285633	15	M	110	A		-1	3908.87375666	[1, 1, 1, 1, 1, 1, 1, 1, 1, 1, 1, 1]
	1361055	1238017	1244537	15	M	100	A		-1	3909.68945268	[1, 1, 1, 1, 1, 1, 1, 1, 1, 1, 1, 1]
	1328960	1236142	1009724	15	M	72	A		-1	3911.18505914	[1, 1, 1, 1, 1, 1, 1, 1, 1, 1, 1, 1]
	1314447	1235585	1233935	15	M	87	A		-1	3911.25454445	[1, 1, 1, 1, 1, 1, 1, 1, 1, 1, 1, 0]
	1391518	1238767	1237898	15	M	33	A		-1	3911.33773196	[1, 1, 1, 1, 1, 1, 1, 1, 1, 1, 1, 1]
	1387240	1238734	1151885	15	M	118	A		-1	3911.42696707	[0, 1, 1, 1, 1, 1, 1, 1, 1, 1, 1, 1]
	1327683	1236142	1206817	15	M	105	A		-1	3913.92837512	[1, 1, 1, 1, 1, 1, 1, 1, 1, 1, 1, 1]
	1306383	1235554	1237936	15	M	147	A		-1	3914.75951874	[1, 1, 1, 1, 1, 1, 1, 1, 1, 1, 1, 1]
	1330550	1236146	1196791	15	M	148	A		-1	3915.25087082	[1, 1, 1, 1, 1, 1, 1, 1, 1, 1, 1, 1]
	1329410	1236142	1200961	15	M	100	A		-1	3916.03981699	[1, 1, 1, 1, 1, 1, 1, 1, 1, 1, 1, 0]
	1387246	1238734	1190157	15	M	24	A		-1	3916.28055528	[0, 1, 1, 1, 1, 1, 1, 1, 1, 1, 1, 1]
	1388260	1238734	1111932	15	M	109	A		-1	3917.57604644	[1, 1, 1, 1, 1, 1, 1, 1, 1, 1, 1, 1]
	1353012	1237818	1215019	15	M	88	A		-1	3917.60946398	[1, 1, 1, 1, 1, 1, 1, 1, 1, 1, 1, 1]
	1311043	1235585	1163977	15	M	149	A		-1	3918.31413727	[1, 1, 1, 1, 1, 1, 1, 1, 1, 1, 1, 1]
	1377368	1240264	1214887	15	M	156	A		-1	3919.53733104	[1, 1, 1, 1, 1, 1, 1, 1, 1, 1, 1, 1]
	1351617	1237818	1262688	15	M	113	A		-1	3919.94970245	[1, 1, 1, 1, 1, 1, 1, 1, 1, 1, 1, 1]
	1320369	1235937	1209738	15	M	145	A		-1	3920.02081196	[1, 1, 1, 1, 1, 1, 1, 1, 1, 1, 1, 1]
	1339704	1236700	1252710	15	M	196	A		-1	3920.49816419	[1, 1, 1, 1, 1, 1, 1, 1, 1, 1, 1, 1]
	1352084	1237818	1234977	15	M	96	A		-1	3921.20257825	[1, 1, 1, 1, 1, 1, 1, 1, 1, 1, 1, 1]
	1304856	1235554	1257179	15	M	151	A		-1	3922.45597041	[1, 1, 1, 0, 1, 1, 1, 1, 1, 1, 1, 1]
	1392237	1238767	1242151	15	M	109	A		-1	3924.36647747	[1, 1, 1, 1, 1, 1, 1, 1, 1, 1, 1, 1]
	1383265	1238732	1281773	15	M	89	A		-1	3926.0201269	[1, 1, 1, 1, 1, 1, 1, 1, 1, 1, 1, 1]
	1224554	1124497	1005541	14	M	6	A		-1	3926.46682842	[1, 1, 1, 1, 1, 1, 1, 1, 1, 1, 1, 1]
	1392832	1238767	1262961	15	M	91	A		-1	3926.62467957	[1, 1, 1, 1, 1, 1, 1, 1, 1, 1, 1, 1]
	1384429	1238732	1210517	15	M	15	A		-1	3927.49574222	[1, 1, 1, 1, 1, 0, 1, 1, 1, 1, 1, 0]
	1391926	1238767	1256840	15	M	108	A		-1	3928.55853691	[1, 1, 1, 1, 1, 1, 1, 1, 1, 1, 1, 1]
	1304082	1238539	1240650	15	M	2	A		-1	3928.69994414	[1, 1, 1, 1, 1, 1, 1, 1, 1, 1, 1, 1]
	1313785	1235585	1189492	15	M	89	A		-1	3929.23329606	[1, 1, 1, 1, 1, 0, 1, 1, 1, 1, 1, 1]
	1253810	1125098	1180683	14	M	56	A		-1	3929.95367275	[1, 1, 1, 1, 1, 1, 1, 1, 1, 1, 1, 1]
	1311699	1235585	1224512	15	M	83	A		-1	3929.98788213	[1, 1, 1, 1, 1, 1, 1, 1, 1, 1, 1, 1]
	1336594	1236700	1198597	15	M	131	A		-1	3930.56645398	[1, 1, 1, 1, 1, 1, 1, 1, 1, 1, 1, 1]
	1311673	1235585	1280901	15	M	64	A		-1	3931.36895842	[1, 1, 1, 1, 1, 1, 1, 1, 1, 1, 1, 1]
	1325204	1236142	1128429	15	M	146	A		-1	3932.73286578	[1, 1, 1, 1, 1, 1, 1, 1, 1, 1, 1, 1]
	1311295	1235585	1236244	15	M	10	A		-1	3933.01100844	[1, 1, 1, 1, 1, 1, 1, 1, 1, 1, 1, 1]
	1340093	1236730	1223209	15	M	11	A		-1	3933.35392729	[1, 1, 1, 1, 1, 1, 1, 1, 1, 1, 1, 1]
	1257500	1125121	1158026	14	M	158	A		-1	3933.35721739	[1, 1, 1, 1, 1, 1, 1, 1, 1, 1, 1, 1]
	1316170	1235819	1265869	15	M	81	A		-1	3933.64816742	[1, 1, 1, 1, 1, 1, 1, 1, 1, 1, 1, 1]
	1343758	1236730	1109517	15	M	120	A		-1	3933.84353908	[1, 1, 1, 1, 1, 1, 1, 1, 1, 1, 1, 1]
	1367162	1238132	1288673	15	M	169	A		-1	3933.94834612	[1, 1, 1, 1, 1, 1, 1, 1, 1, 1, 1, 1]
	1359734	1237886	1151034	15	M	11	A		-1	3936.3321736	[1, 1, 1, 1, 1, 1, 1, 1, 1, 1, 1, 1]
	1383269	1238732	1265831	15	M	191	A		-1	3937.2898462	[1, 1, 1, 1, 1, 0, 1, 1, 1, 1, 1, 1]
	1375561	1240264	1261187	15	M	25	A		-1	3937.84096319	[1, 1, 1, 1, 1, 1, 1, 1, 1, 1, 1, 1]
	1343226	1236730	1251328	15	M	127	A		-1	3938.43963318	[1, 1, 1, 1, 1, 1, 1, 1, 1, 1, 1, 1]
	1311004	1235585	1163521	15	M	132	A		-1	3938.66994387	[1, 1, 1, 1, 1, 0, 1, 1, 1, 1, 1, 1]
	1380595	1238732	1241388	15	M	19	A		-1	3939.24940802	[1, 1, 1, 1, 1, 1, 1, 1, 1, 1, 1, 1]
	1380744	1238732	1270615	15	M	87	A		-1	3940.4701183	[1, 1, 1, 1, 1, 0, 1, 1, 1, 1, 1, 1]
	1296966	1294498	1251197	15	M	115	A		-1	3941.15822664	[1, 1, 1, 1, 1, 1, 1, 1, 1, 1, 1, 1]
	1333140	1236146	1243234	15	M	12	A		-1	3941.30816261	[1, 1, 1, 1, 1, 1, 1, 1, 1, 1, 1, 1]
	1360535	1238017	1220037	15	M	67	A		-1	3941.83199908	[1, 1, 1, 1, 1, 1, 1, 1, 1, 1, 1, 1]
	1313641	1235585	1256980	15	M	124	A		-1	3942.33808904	[1, 1, 1, 1, 1, 0, 1, 1, 1, 1, 1, 1]
	1327025	1236142	1222179	15	M	170	A		-1	3942.4845836	[1, 1, 1, 1, 1, 1, 1, 1, 1, 1, 1, 1]
	1314233	1235585	1261478	15	M	129	A		-1	3943.25336863	[1, 1, 1, 1, 1, 0, 1, 1, 1, 1, 1, 1]
	1334060	1236146	1131483	15	M	16	A		-1	3944.39370176	[1, 1, 1, 1, 1, 1, 1, 1, 1, 1, 1, 1]
	1380214	1238732	1273541	15	M	51	A		-1	3946.75984637	[1, 1, 1, 1, 1, 0, 1, 1, 1, 1, 1, 1]
	1353889	1237818	1249564	15	M	10	A		-1	3947.81214952	[1, 1, 1, 1, 1, 1, 1, 1, 1, 1, 1, 1]
	1321652	1235937	1237860	15	M	190	A		-1	3948.30301631	[1, 1, 1, 1, 1, 1, 1, 1, 1, 1, 1, 1]
	1358966	1237886	1285611	15	M	16	A		-1	3948.91663193	[1, 1, 1, 1, 1, 1, 1, 1, 1, 1, 1, 1]
	1334289	1236146	1226848	15	M	79	A		-1	3949.22968709	[1, 1, 1, 1, 1, 1, 1, 1, 1, 1, 1, 1]
	1327128	1236142	1202727	15	M	191	A		-1	3950.12333817	[1, 1, 1, 1, 1, 1, 1, 1, 1, 1, 1, 1]
	1311362	1235585	1181787	15	M	182	A		-1	3951.18405531	[1, 1, 1, 1, 1, 0, 1, 1, 1, 1, 1, 1]
	1329747	1236142	1252902	15	M	103	A		-1	3953.25163203	[1, 1, 1, 1, 1, 1, 1, 1, 1, 1, 1, 1]
	1309646	1235554	1137161	15	M	35	A		-1	3953.7577209	[1, 1, 1, 1, 1, 1, 1, 1, 1, 1, 1, 1]
	1351160	1237818	1252228	15	M	96	A		-1	3956.42730929	[1, 1, 1, 1, 1, 1, 1, 1, 1, 1, 1, 1]
	1298627	1294498	1270760	15	M	84	A		-1	3956.64784573	[1, 1, 1, 1, 1, 1, 1, 1, 1, 1, 1, 1]
	1358769	1237886	1179166	15	M	48	A		-1	3956.98128744	[1, 1, 1, 1, 1, 1, 1, 1, 1, 1, 1, 1]
	1343372	1236730	1221132	15	M	71	A		-1	3958.11105399	[1, 1, 1, 1, 1, 1, 1, 1, 1, 1, 1, 1]
	1316777	1235819	1103269	15	M	118	A		-1	3959.09714851	[1, 1, 1, 1, 1, 0, 1, 1, 1, 1, 1, 1]
	1361200	1238017	1250948	15	M	72	A		-1	3959.82468467	[1, 1, 1, 1, 1, 1, 1, 1, 1, 1, 1, 1]
	1324275	1235937	1219371	15	M	149	A		-1	3961.68478061	[1, 1, 1, 1, 1, 1, 1, 1, 1, 1, 1, 1]
	1343407	1236730	1218631	15	M	62	A		-1	3962.95945122	[1, 1, 1, 1, 1, 1, 1, 1, 1, 1, 1, 1]
	1333591	1236146	1268642	15	M	12	A		-1	3963.66772372	[1, 1, 1, 1, 1, 1, 1, 1, 1, 1, 1, 1]
	1358460	1237886	1142007	15	M	52	A		-1	3964.54100947	[1, 1, 1, 1, 1, 1, 1, 1, 1, 1, 1, 1]
	1308912	1235554	1125715	15	M	160	A		-1	3965.23510492	[1, 1, 1, 1, 1, 1, 1, 1, 1, 1, 1, 1]
	1295787	1294498	1284707	15	M	22	A		-1	3965.35098937	[1, 1, 1, 1, 1, 1, 1, 1, 1, 1, 1, 1]
	1322740	1235937	1138766	15	M	139	A		-1	3965.41122644	[1, 1, 1, 1, 1, 1, 1, 1, 1, 1, 1, 1]
	1386990	1238734	1285828	15	M	168	A		-1	3965.49182538	[1, 1, 1, 1, 1, 1, 1, 1, 1, 1, 1, 1]
	1315005	1235819	1237058	15	M	28	A		-1	3968.87485864	[1, 1, 0, 1, 1, 1, 1, 1, 1, 1, 1, 1]
	1303682	1238539	1246897	15	M	134	A		-1	3971.35333254	[1, 1, 1, 0, 1, 1, 1, 1, 1, 1, 1, 1]
	1311553	1235585	1238378	15	M	152	A		-1	3971.58009835	[1, 1, 1, 1, 1, 0, 1, 1, 1, 1, 1, 1]
	1299917	1238539	1201181	15	M	143	A		-1	3971.85139816	[1, 1, 0, 1, 1, 1, 1, 1, 1, 1, 1, 1]
	1287416	1125445	1127405	14	M	97	A		-1	3973.96209831	[1, 1, 1, 1, 1, 1, 1, 1, 1, 1, 1, 1]
	1337894	1236700	1288643	15	M	164	A		-1	3974.31209171	[1, 1, 1, 1, 1, 1, 1, 1, 1, 1, 1, 1]
	1353951	1237818	1095466	15	M	37	A		-1	3974.40916563	[1, 1, 1, 1, 1, 1, 1, 1, 1, 1, 1, 1]
	1383230	1238732	1211375	15	M	43	A		-1	3974.68792398	[1, 1, 1, 1, 1, 1, 1, 1, 1, 1, 1, 1]
	1361794	1238017	1233886	15	M	119	A		-1	3974.69788128	[1, 1, 1, 1, 1, 1, 1, 1, 1, 1, 1, 1]
	1299633	1294498	1211082	15	M	168	A		-1	3975.38210819	[1, 1, 1, 1, 1, 1, 1, 1, 1, 1, 1, 1]
	1222899	1124497	1116468	14	M	21	A		-1	3976.04877256	[1, 1, 1, 1, 1, 1, 1, 1, 1, 1, 1, 1]
	1317111	1235819	1111530	15	M	80	A		-1	3977.92316927	[1, 1, 1, 1, 1, 1, 1, 1, 1, 1, 1, 1]
	1359716	1237886	1261215	15	M	118	A		-1	3977.92605359	[1, 1, 1, 1, 1, 1, 1, 1, 1, 1, 1, 1]
	1223645	1124497	1132838	14	M	28	A		-1	3979.96329385	[1, 1, 1, 1, 1, 1, 1, 1, 1, 1, 1, 1]
	1381387	1238732	1084370	15	M	172	A		-1	3980.13232431	[1, 1, 1, 1, 1, 1, 1, 1, 1, 1, 1, 1]
	1331713	1236146	1275786	15	M	29	A		-1	3980.16362081	[1, 1, 1, 1, 1, 1, 1, 1, 1, 1, 1, 1]
	1313461	1235585	1213795	15	M	93	A		-1	3986.06846461	[1, 1, 1, 1, 1, 1, 1, 1, 1, 1, 1, 1]
	1297246	1294498	1282885	15	M	61	A		-1	3986.8469743	[1, 1, 1, 1, 1, 1, 1, 1, 1, 1, 1, 1]
	1373916	1238684	1240939	15	M	121	A		-1	3986.90082904	[1, 1, 1, 1, 1, 1, 1, 1, 1, 1, 1, 1]
	1300408	1238539	1252567	15	M	146	A		-1	3987.22971874	[1, 1, 1, 1, 1, 1, 1, 1, 1, 1, 1, 1]
	1360337	1238017	1283050	15	M	106	A		-1	3988.82249659	[1, 1, 1, 1, 1, 1, 1, 1, 1, 1, 1, 1]
	1222065	1124497	1113088	14	M	187	A		-1	3989.02082302	[1, 1, 0, 1, 1, 1, 1, 1, 1, 1, 1, 1]
	1382812	1238732	1232781	15	M	187	A		-1	3990.86306262	[1, 1, 1, 1, 1, 0, 1, 1, 1, 1, 1, 1]
	1352710	1237818	1211667	15	M	16	A		-1	3991.47290919	[1, 1, 1, 1, 1, 1, 1, 1, 1, 1, 1, 0]
	1358877	1237886	1254021	15	M	90	A		-1	3991.60549416	[1, 1, 1, 1, 1, 1, 1, 1, 1, 1, 1, 1]
	1311582	1235585	1293693	15	M	79	A		-1	3991.97460581	[1, 1, 1, 1, 1, 1, 1, 1, 1, 1, 1, 1]
	1384759	1238732	1238136	15	M	4	A		-1	3994.59895641	[1, 1, 1, 1, 1, 0, 1, 1, 1, 1, 1, 1]
	1320139	1235937	1283441	15	M	102	A		-1	3997.10204	[1, 1, 1, 1, 1, 1, 1, 1, 1, 1, 1, 1]
	1332190	1236146	1245552	15	M	175	A		-1	3997.55704866	[1, 1, 1, 1, 1, 1, 1, 1, 1, 1, 1, 1]
	1327749	1236142	1244073	15	M	55	A		-1	3997.61573344	[1, 1, 1, 1, 1, 1, 1, 1, 1, 1, 1, 1]
	1348282	1236794	1241112	15	M	146	A		-1	4000.82313293	[1, 1, 1, 1, 1, 1, 1, 1, 1, 1, 1, 0]
	1296271	1294498	1206246	15	M	56	A		-1	4002.0893858	[1, 1, 1, 1, 1, 1, 1, 1, 1, 1, 1, 1]
	1342616	1236730	1232235	15	M	28	A		-1	4008.96978031	[1, 1, 1, 1, 1, 1, 1, 1, 1, 1, 1, 1]
	1358205	1237886	1184802	15	M	182	A		-1	4009.61145585	[1, 1, 1, 1, 1, 1, 1, 1, 1, 1, 1, 0]
	1384151	1238732	1017450	15	M	32	A		-1	4010.37765153	[1, 1, 1, 1, 1, 0, 1, 1, 1, 1, 1, 1]
	1311152	1235585	1206735	15	M	126	A		-1	4012.10866566	[1, 1, 1, 1, 1, 1, 1, 1, 1, 1, 1, 1]
	1334097	1236146	1266204	15	M	139	A		-1	4013.61625079	[1, 1, 1, 1, 1, 1, 1, 1, 1, 1, 1, 1]
	1252923	1125098	1131483	14	M	16	A		-1	4014.04345464	[1, 1, 1, 1, 1, 1, 1, 1, 1, 1, 1, 1]
	1327408	1236142	1286036	15	M	186	A		-1	4018.84670187	[1, 1, 1, 1, 1, 1, 1, 1, 1, 1, 1, 1]
	1352253	1237818	1214870	15	M	157	A		-1	4019.51724203	[1, 1, 1, 1, 1, 1, 1, 1, 1, 1, 1, 1]
	1371364	1238684	1279640	15	M	139	A		-1	4023.68586263	[1, 1, 1, 1, 1, 1, 1, 1, 1, 1, 1, 1]
	1328997	1236142	1272770	15	M	139	A		-1	4029.16752857	[1, 1, 1, 1, 1, 1, 1, 1, 1, 1, 1, 1]
	1311522	1235585	1205638	15	M	158	A		-1	4030.56568603	[1, 1, 1, 1, 1, 0, 1, 1, 1, 1, 1, 1]
	1304543	1238539	1205083	15	M	106	A		-1	4031.68622843	[1, 1, 1, 1, 1, 1, 1, 1, 1, 1, 1, 1]
	1250904	1125098	1190016	14	M	139	A		-1	4033.8397656	[1, 1, 1, 1, 1, 1, 1, 1, 1, 1, 1, 1]
	1340149	1236730	1251286	15	M	145	A		-1	4035.51466949	[1, 1, 1, 1, 1, 1, 1, 1, 1, 1, 1, 1]
	1360244	1238017	1142262	15	M	101	A		-1	4040.07991816	[1, 1, 1, 1, 1, 1, 1, 1, 1, 1, 1, 1]
	1320522	1235937	1287004	15	M	46	A		-1	4044.21020299	[1, 1, 1, 1, 1, 1, 1, 1, 1, 1, 1, 1]
	1312734	1235585	1254649	15	M	156	A		-1	4044.51199128	[1, 1, 1, 1, 1, 0, 1, 1, 1, 1, 1, 1]
	1374336	1238684	1223274	15	M	74	A		-1	4048.00343452	[1, 1, 1, 1, 1, 1, 1, 1, 1, 1, 1, 1]
	1288647	1125445	1144125	14	M	150	A		-1	4052.50458652	[1, 1, 1, 1, 1, 1, 1, 1, 1, 1, 1, 1]
	1330269	1236146	1224243	15	M	86	A		-1	4052.81342191	[1, 1, 1, 1, 1, 1, 1, 1, 1, 1, 1, 1]
	1310674	1235585	1098906	15	M	31	A		-1	4063.84375512	[1, 1, 1, 1, 1, 1, 1, 1, 1, 1, 1, 1]
	1353448	1237818	1176150	15	M	43	A		-1	4065.17624722	[1, 1, 1, 1, 1, 1, 1, 1, 1, 1, 1, 1]
	1330071	1236146	1216906	15	M	5	A		-1	4066.20309026	[1, 1, 1, 1, 1, 1, 1, 1, 1, 1, 1, 1]
	1252076	1125098	1127022	14	M	130	A		-1	4066.67193793	[1, 1, 1, 1, 1, 1, 1, 1, 1, 1, 1, 1]
	1384137	1238732	1242460	15	M	124	A		-1	4067.39424997	[1, 1, 1, 1, 1, 1, 1, 1, 1, 1, 1, 1]
	1371266	1238684	1198056	15	M	47	A		-1	4070.45193481	[1, 1, 1, 1, 1, 1, 1, 1, 1, 1, 1, 1]
	1343089	1236730	1224343	15	M	27	A		-1	4071.79502256	[1, 1, 1, 1, 1, 1, 1, 1, 1, 1, 1, 1]
	1251368	1125098	1180105	14	M	124	A		-1	4075.85792813	[1, 1, 1, 1, 1, 1, 1, 1, 1, 1, 1, 1]
	1392607	1238767	1211184	15	M	176	A		-1	4078.11472197	[1, 1, 1, 1, 1, 1, 1, 1, 1, 1, 1, 1]
	1353008	1237818	1294188	15	M	83	A		-1	4080.58458845	[1, 1, 1, 1, 1, 1, 1, 1, 1, 1, 1, 1]
	1374642	1238684	1294473	15	M	83	A		-1	4080.84968995	[1, 1, 1, 1, 1, 1, 1, 1, 1, 1, 1, 1]
	1309623	1235554	1211308	15	M	192	A		-1	4092.63912038	[1, 1, 1, 1, 1, 1, 1, 1, 1, 1, 1, 0]
	1358014	1237886	1236876	15	M	174	A		-1	4099.33067146	[1, 1, 1, 1, 1, 1, 1, 1, 1, 1, 1, 1]
	1321390	1235937	1278696	15	M	57	A		-1	4135.83011711	[1, 1, 1, 1, 1, 1, 1, 1, 1, 1, 1, 1]
	1341583	1236730	1241789	15	M	8	A		-1	4141.81071683	[1, 1, 1, 1, 1, 1, 1, 1, 1, 1, 1, 1]
	1312957	1235585	1271997	15	M	101	A		-1	4143.21538889	[1, 1, 1, 1, 1, 1, 1, 1, 1, 1, 1, 1]
	1321990	1235937	1284523	15	M	35	A		-1	4176.95952955	[1, 1, 1, 1, 1, 1, 1, 1, 1, 1, 1, 1]
	1302963	1238539	1253614	15	M	30	A		-1	4204.54031324	[1, 1, 1, 1, 1, 1, 1, 1, 1, 1, 1, 1]
	1321069	1235937	1262500	15	M	165	A		-1	4233.35088656	[1, 1, 1, 1, 1, 1, 1, 1, 1, 1, 1, 1]
