animal	sire	dam	born	sex	herd	status	cause	died	TBV	recessives
	322163	225020	274907	5	M	66	A		-1	1592.66205596	[1, 1, 1, 1, 1, 1, 1, 1, 1, 1, 1, 1]
	369289	227088	182099	5	M	200	A		-1	1592.70234306	[1, 1, 1, 1, 1, 1, 1, 1, 1, 1, 1, 1]
	300882	227131	116469	5	M	147	A		-1	1592.80680579	[1, 1, 1, 1, 1, 1, 1, 1, 1, 1, 1, 0]
	344309	225611	102997	5	M	99	A		-1	1592.89993188	[1, 1, 1, 1, 1, 1, 1, 1, 1, 1, 1, 1]
	312631	224799	205454	5	M	67	A		-1	1593.25462731	[1, 0, 1, 1, 1, 1, 1, 1, 1, 1, 1, 1]
	338888	225448	258710	5	M	181	A		-1	1593.41888009	[1, 1, 1, 1, 1, 1, 1, 1, 1, 1, 1, 1]
	381785	227999	96970	5	M	111	A		-1	1593.43466708	[1, 1, 1, 1, 1, 1, 1, 1, 1, 1, 1, 1]
	275164	141708	153020	4	M	149	A		-1	1593.54017917	[1, 1, 1, 1, 1, 1, 1, 1, 1, 1, 1, 1]
	381054	227999	286775	5	M	130	A		-1	1593.60613006	[1, 1, 1, 1, 1, 1, 1, 1, 1, 1, 1, 1]
	370362	227514	203551	5	M	31	A		-1	1593.75669786	[1, 1, 1, 1, 1, 1, 1, 1, 1, 1, 1, 0]
	323929	225020	277135	5	M	8	A		-1	1593.83826975	[1, 1, 1, 1, 1, 1, 1, 1, 1, 1, 1, 1]
	372328	227514	223559	5	M	97	A		-1	1593.83856454	[1, 1, 1, 1, 1, 1, 1, 1, 1, 1, 1, 1]
	372362	227514	216410	5	M	173	A		-1	1593.86101923	[1, 1, 1, 0, 1, 1, 1, 1, 1, 1, 1, 0]
	335893	225448	163001	5	M	61	A		-1	1594.07122386	[1, 1, 1, 1, 1, 1, 1, 1, 1, 1, 1, 1]
	352599	226645	218219	5	M	187	A		-1	1594.19192291	[1, 1, 1, 1, 1, 1, 1, 1, 1, 1, 1, 1]
	321986	225020	290477	5	M	114	A		-1	1594.47439513	[1, 1, 1, 1, 1, 1, 1, 1, 1, 1, 1, 1]
	394488	229089	229373	5	M	165	A		-1	1594.75104354	[1, 1, 1, 1, 1, 1, 1, 1, 1, 1, 1, 0]
	356409	226835	234306	5	M	165	A		-1	1594.83790315	[1, 1, 1, 1, 1, 0, 1, 1, 1, 1, 1, 0]
	379453	234749	211107	5	M	81	A		-1	1594.89197928	[1, 1, 1, 1, 1, 1, 1, 1, 1, 1, 1, 0]
	363960	226949	213395	5	M	42	A		-1	1594.97795667	[1, 1, 1, 1, 1, 1, 1, 1, 1, 1, 1, 1]
	362990	226949	242453	5	M	100	A		-1	1595.31776977	[1, 1, 1, 1, 1, 1, 1, 1, 1, 1, 1, 1]
	369153	227088	274459	5	M	45	A		-1	1595.34008222	[1, 1, 1, 1, 1, 1, 1, 1, 1, 1, 1, 1]
	321972	225020	252816	5	M	188	A		-1	1595.37822032	[1, 1, 1, 1, 1, 1, 1, 1, 1, 1, 1, 1]
	359828	226949	238706	5	M	60	A		-1	1595.57396128	[1, 1, 1, 1, 1, 1, 1, 1, 1, 1, 1, 1]
	345445	225856	228746	5	M	84	A		-1	1595.82065459	[1, 1, 1, 1, 1, 1, 1, 1, 1, 1, 1, 1]
	371833	227514	200434	5	M	197	A		-1	1596.00068274	[1, 1, 1, 0, 1, 1, 1, 1, 1, 1, 1, 1]
	363119	226949	228292	5	M	70	A		-1	1596.05611623	[1, 1, 1, 1, 1, 1, 1, 1, 1, 1, 1, 1]
	379888	227999	215709	5	M	72	A		-1	1596.34061393	[1, 0, 1, 1, 1, 1, 1, 1, 1, 1, 1, 1]
	217602	139009	191274	4	M	89	A		-1	1596.3621127	[1, 1, 1, 0, 1, 1, 1, 1, 1, 1, 1, 1]
	392249	229089	254644	5	M	50	A		-1	1596.70018775	[1, 1, 1, 1, 1, 1, 1, 1, 1, 1, 1, 1]
	326934	225329	197444	5	M	104	A		-1	1597.11070703	[1, 1, 1, 0, 1, 1, 1, 1, 1, 1, 1, 1]
	380683	227999	140224	5	M	147	A		-1	1597.23860143	[1, 1, 1, 1, 1, 1, 1, 1, 1, 1, 1, 1]
	382034	227999	209425	5	M	176	A		-1	1597.43861283	[1, 1, 1, 1, 1, 1, 1, 1, 1, 1, 1, 1]
	301105	227131	97731	5	M	195	A		-1	1597.52920643	[1, 0, 1, 1, 1, 1, 1, 1, 1, 1, 1, 0]
	271444	139936	136152	4	M	0	A		-1	1597.57952823	[1, 1, 1, 1, 1, 1, 1, 1, 1, 1, 1, 0]
	305266	224715	243715	5	M	40	A		-1	1597.7927811	[1, 1, 1, 1, 1, 1, 1, 1, 1, 1, 1, 1]
	373187	227514	244789	5	M	176	A		-1	1598.50045434	[1, 1, 1, 1, 1, 1, 1, 1, 1, 1, 1, 1]
	359193	226835	265728	5	M	15	A		-1	1598.60558658	[1, 1, 1, 1, 1, 0, 1, 1, 1, 1, 1, 0]
	391716	229089	220732	5	M	98	A		-1	1598.70935756	[1, 1, 1, 1, 1, 1, 1, 1, 1, 1, 1, 0]
	321212	225020	263031	5	M	29	A		-1	1598.7293384	[1, 1, 1, 1, 1, 1, 1, 1, 1, 1, 1, 1]
	363880	226949	217480	5	M	173	A		-1	1599.08063416	[1, 1, 1, 1, 1, 1, 1, 1, 1, 1, 1, 1]
	297984	294688	289028	5	M	180	A		-1	1599.21877677	[1, 1, 1, 1, 1, 1, 1, 1, 1, 1, 1, 1]
	338197	225448	187952	5	M	43	A		-1	1599.27269674	[1, 1, 1, 1, 1, 1, 1, 1, 1, 1, 1, 0]
	307887	224715	282616	5	M	80	A		-1	1599.29180554	[1, 1, 1, 1, 1, 1, 1, 1, 1, 1, 1, 1]
	303010	227131	183055	5	M	42	A		-1	1599.3819085	[1, 0, 1, 1, 1, 0, 1, 1, 1, 1, 1, 0]
	301169	227131	221353	5	M	149	A		-1	1599.39774063	[1, 1, 1, 1, 1, 1, 1, 0, 1, 1, 1, 1]
	342133	225611	290628	5	M	150	A		-1	1599.62226976	[1, 1, 1, 1, 1, 1, 1, 1, 1, 1, 1, 1]
	307821	224715	198020	5	M	44	A		-1	1599.93399602	[1, 1, 1, 1, 1, 1, 1, 1, 1, 1, 1, 1]
	349415	225856	148508	5	M	130	A		-1	1599.96816189	[1, 1, 1, 1, 1, 1, 1, 1, 1, 1, 1, 1]
	367131	227088	240178	5	M	14	A		-1	1600.17169402	[1, 1, 1, 1, 1, 1, 1, 1, 1, 1, 1, 1]
	296682	294688	214208	5	M	135	A		-1	1600.42272498	[1, 1, 1, 1, 1, 1, 1, 1, 1, 1, 1, 0]
	298519	294688	270975	5	M	124	A		-1	1600.54189844	[1, 1, 1, 1, 1, 1, 1, 1, 1, 1, 1, 0]
	377999	234749	135973	5	M	8	A		-1	1600.54808438	[1, 1, 1, 1, 1, 1, 1, 1, 1, 1, 1, 0]
	338846	225448	101221	5	M	39	A		-1	1600.60270751	[1, 1, 1, 1, 1, 1, 1, 1, 1, 1, 1, 0]
	335335	225448	281311	5	M	97	A		-1	1600.70360462	[1, 1, 1, 1, 1, 1, 1, 1, 1, 1, 1, 1]
	370763	227514	220821	5	M	2	A		-1	1601.12333686	[1, 1, 1, 1, 1, 1, 1, 1, 1, 1, 1, 0]
	329562	225329	279186	5	M	41	A		-1	1601.14360104	[1, 1, 1, 0, 1, 1, 1, 1, 1, 1, 1, 1]
	371364	227514	76210	5	M	181	A		-1	1601.14403594	[1, 1, 1, 1, 1, 1, 1, 1, 1, 1, 1, 0]
	303729	227131	273275	5	M	181	A		-1	1601.22303537	[1, 1, 1, 1, 1, 1, 1, 1, 1, 1, 1, 1]
	337047	225448	233856	5	M	124	A		-1	1601.30665794	[1, 1, 1, 1, 1, 1, 1, 0, 1, 1, 1, 1]
	381705	227999	203348	5	M	37	A		-1	1601.336352	[1, 1, 1, 1, 1, 1, 1, 1, 1, 1, 1, 1]
	309249	224715	253625	5	M	187	A		-1	1601.44574972	[1, 1, 1, 1, 1, 1, 1, 1, 1, 1, 1, 1]
	356565	226835	246888	5	M	99	A		-1	1601.68685907	[1, 1, 1, 1, 1, 0, 1, 1, 1, 1, 1, 1]
	341110	225611	282581	5	M	77	A		-1	1601.7887085	[1, 1, 1, 1, 1, 1, 1, 1, 1, 1, 1, 1]
	300876	227131	211441	5	M	12	A		-1	1602.39540912	[1, 0, 1, 1, 1, 1, 1, 1, 1, 1, 1, 0]
	300748	227131	219792	5	M	2	A		-1	1603.58090732	[1, 1, 1, 1, 1, 1, 1, 1, 1, 1, 1, 1]
	301004	227131	245880	5	M	154	A		-1	1603.83991668	[1, 1, 1, 1, 1, 1, 1, 1, 1, 1, 1, 0]
	332763	225357	205061	5	M	130	A		-1	1603.87823599	[1, 1, 1, 1, 1, 1, 1, 1, 1, 1, 1, 1]
	391154	229089	153999	5	M	74	A		-1	1604.05182513	[1, 1, 1, 1, 1, 1, 1, 1, 1, 1, 1, 1]
	316921	224946	288713	5	M	29	A		-1	1604.0881902	[1, 1, 1, 1, 1, 1, 1, 1, 1, 1, 1, 1]
	320233	225020	290608	5	M	98	A		-1	1604.2464955	[1, 1, 1, 1, 1, 1, 1, 1, 1, 1, 1, 1]
	361119	226949	258378	5	M	95	A		-1	1604.34087001	[1, 1, 1, 1, 1, 1, 1, 1, 1, 1, 1, 1]
	325716	225329	264196	5	M	61	A		-1	1604.79496745	[1, 1, 1, 1, 1, 1, 1, 1, 1, 1, 1, 1]
	300127	227131	250666	5	M	139	A		-1	1604.85877976	[1, 0, 1, 1, 1, 1, 1, 1, 1, 1, 1, 0]
	318239	224946	241075	5	M	146	A		-1	1604.87256555	[1, 1, 1, 1, 1, 1, 1, 1, 1, 1, 1, 1]
	296446	294688	248971	5	M	56	A		-1	1605.26659296	[1, 1, 1, 1, 1, 1, 1, 1, 1, 1, 1, 1]
	383206	227999	88786	5	M	58	A		-1	1605.46314189	[1, 1, 1, 1, 1, 1, 1, 1, 1, 1, 1, 0]
	385241	228798	215692	5	M	195	A		-1	1605.65274713	[1, 1, 1, 1, 1, 1, 1, 1, 1, 1, 1, 1]
	317317	224946	255351	5	M	126	A		-1	1605.7724369	[1, 1, 1, 1, 1, 1, 1, 1, 1, 1, 1, 1]
	278764	141708	128880	4	M	130	A		-1	1606.19496461	[1, 1, 1, 1, 1, 1, 1, 1, 1, 1, 1, 1]
	355938	226835	251999	5	M	34	A		-1	1606.35705539	[1, 1, 1, 1, 1, 0, 1, 1, 1, 1, 1, 0]
	371864	227514	278888	5	M	47	A		-1	1606.47255805	[1, 1, 1, 1, 1, 1, 1, 1, 1, 1, 1, 1]
	313942	224799	143972	5	M	144	A		-1	1606.80946743	[1, 1, 1, 1, 1, 1, 1, 1, 1, 1, 1, 1]
	384103	227999	268467	5	M	28	A		-1	1606.84781414	[1, 1, 1, 1, 1, 1, 1, 1, 1, 1, 1, 1]
	315659	224946	126730	5	M	68	A		-1	1607.24651639	[1, 1, 1, 1, 1, 1, 1, 1, 1, 1, 1, 1]
	383256	227999	206807	5	M	100	A		-1	1607.61116004	[1, 1, 1, 1, 1, 1, 1, 1, 1, 1, 1, 1]
	314848	224946	210874	5	M	35	A		-1	1607.62837514	[1, 1, 1, 1, 1, 1, 1, 1, 1, 1, 1, 1]
	300973	227131	269742	5	M	76	A		-1	1608.09948785	[1, 1, 1, 1, 1, 1, 1, 1, 1, 1, 1, 0]
	370817	227514	157742	5	M	7	A		-1	1608.22424909	[1, 1, 1, 1, 1, 1, 1, 1, 1, 1, 1, 0]
	316715	224946	93531	5	M	42	A		-1	1608.42449604	[1, 1, 1, 1, 1, 1, 1, 1, 1, 1, 1, 1]
	366199	227088	225424	5	M	180	A		-1	1608.4274512	[1, 1, 1, 1, 1, 1, 1, 1, 1, 1, 1, 1]
	361051	226949	287238	5	M	104	A		-1	1608.49358579	[1, 1, 1, 1, 1, 1, 1, 1, 1, 1, 1, 1]
	313454	224799	269739	5	M	114	A		-1	1608.54777241	[1, 1, 1, 1, 1, 1, 1, 1, 1, 1, 1, 1]
	299789	227131	248037	5	M	189	A		-1	1608.68008931	[1, 1, 1, 1, 1, 1, 1, 1, 1, 1, 1, 1]
	364284	226949	133698	5	M	188	A		-1	1608.81968891	[1, 1, 1, 1, 1, 1, 1, 1, 1, 1, 1, 1]
	364701	226949	238881	5	M	20	A		-1	1609.1832243	[1, 1, 1, 1, 1, 1, 1, 1, 1, 1, 1, 1]
	363157	226949	98424	5	M	183	A		-1	1609.22049291	[1, 1, 1, 1, 1, 1, 1, 1, 1, 1, 1, 1]
	358481	226835	230652	5	M	190	A		-1	1609.4817585	[1, 1, 1, 1, 1, 0, 1, 1, 1, 1, 1, 0]
	336887	225448	197306	5	M	140	A		-1	1609.53425014	[1, 1, 1, 1, 1, 1, 1, 1, 1, 1, 1, 1]
	361987	226949	218770	5	M	159	A		-1	1609.56003181	[1, 1, 1, 1, 1, 1, 1, 1, 1, 1, 1, 1]
	305926	224715	216120	5	M	59	A		-1	1609.7420582	[1, 1, 1, 0, 1, 1, 1, 1, 1, 1, 1, 1]
	361009	226949	259660	5	M	8	A		-1	1609.96712111	[1, 1, 1, 1, 1, 1, 1, 1, 1, 1, 1, 1]
	385277	228798	218204	5	M	69	A		-1	1610.05874979	[1, 1, 1, 1, 1, 1, 1, 1, 1, 1, 1, 1]
	342752	225611	244201	5	M	124	A		-1	1610.3394221	[1, 1, 1, 1, 1, 1, 1, 1, 1, 1, 1, 1]
	289500	140157	148388	4	M	51	A		-1	1610.64296958	[1, 1, 1, 1, 1, 1, 1, 1, 1, 1, 1, 1]
	370033	227514	163336	5	M	14	A		-1	1610.81000269	[1, 1, 1, 0, 1, 1, 1, 1, 1, 1, 1, 1]
	329168	225329	142106	5	M	146	A		-1	1610.81228167	[1, 1, 1, 0, 1, 1, 1, 1, 1, 1, 1, 0]
	327797	225329	229502	5	M	129	A		-1	1611.14006437	[1, 1, 1, 1, 1, 1, 1, 1, 1, 1, 1, 1]
	295147	294688	256940	5	M	57	A		-1	1611.2312601	[1, 1, 1, 1, 1, 1, 1, 1, 1, 1, 1, 0]
	263529	139835	136703	4	M	68	A		-1	1612.33947218	[1, 1, 1, 1, 1, 1, 1, 1, 1, 1, 1, 1]
	207220	138963	45921	4	M	9	A		-1	1612.448133	[1, 1, 1, 1, 1, 1, 1, 1, 1, 1, 1, 1]
	279850	140103	139688	4	M	184	A		-1	1612.56772829	[1, 1, 1, 1, 1, 1, 1, 1, 1, 1, 1, 1]
	328231	225329	245189	5	M	154	A		-1	1612.59361325	[1, 1, 1, 0, 1, 1, 1, 1, 1, 1, 1, 1]
	370367	227514	283544	5	M	30	A		-1	1612.7726089	[1, 1, 1, 1, 1, 1, 1, 1, 1, 1, 1, 0]
	287674	140157	179713	4	M	145	A		-1	1613.19671323	[1, 1, 1, 1, 1, 1, 1, 1, 1, 1, 1, 1]
	357050	226835	289900	5	M	45	A		-1	1613.77781084	[1, 1, 1, 1, 1, 1, 1, 1, 1, 1, 1, 0]
	328568	225329	223654	5	M	192	A		-1	1613.79339709	[1, 1, 1, 0, 1, 1, 1, 1, 1, 1, 1, 1]
	298253	294688	94220	5	M	159	A		-1	1614.077596	[1, 1, 1, 1, 1, 1, 1, 1, 1, 1, 1, 0]
	306783	224715	170391	5	M	191	A		-1	1614.69244998	[1, 1, 1, 1, 1, 1, 1, 1, 1, 1, 1, 1]
	303743	227131	236961	5	M	107	A		-1	1615.00175656	[1, 0, 1, 1, 1, 1, 1, 1, 1, 1, 1, 1]
	303526	227131	199506	5	M	122	A		-1	1615.02043784	[1, 1, 1, 1, 1, 1, 1, 1, 1, 1, 1, 0]
	258806	139763	148970	4	M	24	A		-1	1615.0940157	[1, 1, 1, 1, 1, 1, 1, 1, 1, 1, 1, 1]
	387640	228798	287256	5	M	20	A		-1	1615.35071044	[1, 1, 1, 1, 1, 1, 1, 1, 1, 1, 1, 1]
	354851	226835	278075	5	M	136	A		-1	1615.91057418	[1, 1, 1, 1, 1, 1, 1, 1, 1, 1, 1, 0]
	356556	226835	282008	5	M	120	A		-1	1616.10022471	[1, 1, 1, 1, 1, 1, 1, 1, 1, 1, 1, 1]
	383087	227999	261818	5	M	20	A		-1	1616.44934836	[1, 1, 1, 1, 1, 1, 1, 1, 1, 1, 1, 1]
	357692	226835	244815	5	M	101	A		-1	1616.96460571	[1, 1, 1, 1, 1, 1, 1, 1, 1, 1, 1, 0]
	381317	227999	220743	5	M	151	A		-1	1616.98668393	[1, 1, 1, 1, 1, 1, 1, 1, 1, 1, 1, 1]
	379801	227999	204578	5	M	143	A		-1	1617.11771151	[1, 1, 1, 1, 1, 1, 1, 1, 1, 1, 1, 1]
	306294	224715	272394	5	M	53	A		-1	1617.26170556	[1, 1, 1, 1, 1, 1, 1, 1, 1, 1, 1, 0]
	329718	225329	223277	5	M	192	A		-1	1617.7021078	[1, 1, 1, 0, 1, 1, 1, 1, 1, 1, 1, 1]
	365866	227088	201492	5	M	49	A		-1	1617.72830401	[1, 1, 1, 1, 1, 1, 1, 1, 1, 1, 1, 1]
	361941	226949	227367	5	M	87	A		-1	1617.98778298	[1, 1, 1, 1, 1, 1, 1, 1, 1, 1, 1, 1]
	373050	227514	260931	5	M	101	A		-1	1618.18603734	[1, 1, 1, 1, 1, 1, 1, 1, 1, 1, 1, 0]
	371121	227514	154960	5	M	186	A		-1	1618.32932242	[1, 1, 1, 1, 1, 1, 1, 1, 1, 1, 1, -1]
	299320	294688	245730	5	M	72	A		-1	1618.74238708	[1, 1, 1, 1, 1, 1, 1, 1, 1, 1, 1, 0]
	289185	140157	140911	4	M	37	A		-1	1618.90712362	[1, 1, 1, 1, 1, 1, 1, 1, 1, 1, 1, 0]
	364689	226949	203033	5	M	142	A		-1	1619.05106091	[1, 1, 1, 1, 1, 1, 1, 1, 1, 1, 1, 1]
	310655	224799	137754	5	M	64	A		-1	1619.2751594	[1, 0, 1, 1, 1, 1, 1, 1, 1, 1, 1, 1]
	379166	234749	234190	5	M	66	A		-1	1619.48590965	[1, 1, 1, 1, 1, 1, 1, 1, 1, 1, 1, 1]
	304525	227131	270808	5	M	157	A		-1	1619.75330788	[1, 1, 1, 1, 1, 1, 1, 1, 1, 1, 1, 0]
	339018	225448	289880	5	M	68	A		-1	1619.83219105	[1, 1, 1, 1, 1, 1, 1, 1, 1, 1, 1, 0]
	354982	226835	114137	5	M	141	A		-1	1620.02232387	[1, 1, 1, 1, 1, 0, 1, 1, 1, 1, 1, 0]
	220494	139178	134995	4	M	100	A		-1	1620.83372748	[1, 1, 1, 1, 1, 1, 1, 1, 1, 1, 1, 1]
	308393	224715	238519	5	M	154	A		-1	1621.3366512	[1, 1, 1, 1, 1, 1, 1, 1, 1, 1, 1, 1]
	377685	234749	259457	5	M	6	A		-1	1621.35682769	[1, 1, 1, 1, 1, 1, 1, 1, 1, 1, 1, 1]
	368657	227088	233713	5	M	191	A		-1	1621.52444267	[1, 1, 1, 1, 1, 1, 1, 1, 1, 1, 1, 1]
	384638	227999	198990	5	M	37	A		-1	1621.63647007	[1, 1, 1, 1, 1, 1, 1, 1, 1, 1, 1, 1]
	334590	225357	267605	5	M	92	A		-1	1622.02113566	[1, 1, 1, 1, 1, 1, 1, 1, 1, 1, 1, 1]
	300834	227131	165960	5	M	170	A		-1	1622.06927886	[1, 1, 0, 1, 1, 1, 1, 1, 1, 1, 1, 0]
	297132	294688	250199	5	M	59	A		-1	1622.17586582	[1, 1, 1, 1, 1, 1, 1, 1, 1, 1, 1, 1]
	381670	227999	207803	5	M	200	A		-1	1622.67178476	[1, 1, 1, 1, 1, 1, 1, 1, 1, 1, 1, 1]
	336000	225448	124180	5	M	13	A		-1	1622.70819766	[1, 1, 1, 1, 1, 1, 1, 1, 1, 1, 1, 1]
	358437	226835	196414	5	M	40	A		-1	1622.9022146	[1, 1, 1, 1, 1, 1, 1, 1, 1, 1, 1, 1]
	370061	227514	140651	5	M	19	A		-1	1622.9257669	[1, 1, 1, 1, 1, 1, 1, 1, 1, 1, 1, 1]
	339143	225448	219236	5	M	12	A		-1	1624.52680518	[1, 1, 1, 1, 1, 1, 1, 1, 1, 1, 1, 1]
	372521	227514	157223	5	M	58	A		-1	1624.97601963	[1, 1, 1, 1, 1, 1, 1, 1, 1, 1, 1, 0]
	201848	139921	155621	4	M	76	A		-1	1625.40456874	[1, 1, 1, 1, 1, 1, 1, 1, 1, 1, 1, 1]
	340373	225611	251637	5	M	181	A		-1	1625.77494694	[1, 1, 1, 1, 1, 1, 1, 1, 1, 1, 1, 1]
	380182	227999	269303	5	M	128	A		-1	1625.93380116	[1, 1, 1, 1, 1, 1, 1, 1, 1, 1, 1, 1]
	308956	224715	120970	5	M	53	A		-1	1626.10271669	[1, 1, 1, 1, 1, 1, 1, 1, 1, 1, 1, 1]
	324192	225020	226139	5	M	145	A		-1	1626.24077585	[1, 1, 1, 1, 1, 1, 1, 1, 1, 1, 1, 1]
	301207	227131	195967	5	M	128	A		-1	1626.38554278	[1, 1, 1, 1, 1, 1, 1, 1, 1, 1, 1, 0]
	366279	227088	222996	5	M	99	A		-1	1626.60764293	[1, 1, 1, 1, 1, 1, 1, 1, 1, 1, 1, 1]
	383795	227999	151434	5	M	36	A		-1	1626.67598267	[1, 1, 1, 1, 1, 1, 1, 1, 1, 1, 1, 1]
	325045	225329	275392	5	M	71	A		-1	1626.683175	[1, 1, 1, 0, 1, 1, 1, 1, 1, 1, 1, 1]
	304411	227131	57654	5	M	161	A		-1	1626.7448075	[1, 0, 1, 1, 1, 1, 1, 1, 1, 1, 1, 1]
	362890	226949	182528	5	M	61	A		-1	1627.25695885	[1, 1, 1, 1, 1, 1, 1, 1, 1, 1, 1, 1]
	358626	226835	215438	5	M	31	A		-1	1627.47710205	[1, 1, 1, 1, 1, 0, 1, 1, 1, 1, 1, 0]
	203360	139921	157124	4	M	26	A		-1	1627.56623099	[1, 1, 1, 1, 1, 1, 1, 1, 1, 1, 1, 0]
	352830	226645	147697	5	M	189	A		-1	1628.02776861	[1, 1, 1, 1, 1, 1, 1, 1, 1, 1, 1, 1]
	356772	226835	266388	5	M	44	A		-1	1628.14940005	[1, 1, 1, 1, 1, 1, 1, 1, 1, 1, 1, 0]
	372865	227514	89362	5	M	14	A		-1	1628.5423532	[1, 1, 1, 1, 1, 1, 1, 1, 1, 1, 1, 1]
	331702	225357	158416	5	M	181	A		-1	1628.56835043	[1, 1, 1, 1, 1, 1, 1, 1, 1, 1, 1, 1]
	309280	224715	113621	5	M	109	A		-1	1628.82562689	[1, 1, 1, 1, 1, 1, 1, 1, 1, 1, 1, 1]
	373614	227514	78583	5	M	91	A		-1	1629.33190747	[1, 1, 1, 1, 1, 1, 1, 1, 1, 1, 1, 1]
	253488	139727	162694	4	M	200	A		-1	1630.10757388	[1, 1, 1, 1, 1, 1, 1, 1, 1, 1, 1, 1]
	380011	227999	290807	5	M	175	A		-1	1630.69340763	[1, 1, 1, 1, 1, 1, 1, 1, 1, 1, 1, 1]
	308341	224715	284897	5	M	182	A		-1	1630.8056977	[1, 1, 1, 1, 1, 1, 1, 1, 1, 1, 1, 1]
	337291	225448	232147	5	M	128	A		-1	1630.92825568	[1, 1, 1, 1, 1, 1, 1, 1, 1, 1, 1, 1]
	382158	227999	181483	5	M	152	A		-1	1631.12684851	[1, 1, 1, 1, 1, 1, 1, 1, 1, 1, 1, 1]
	393715	229089	277284	5	M	193	A		-1	1631.20855562	[1, 1, 1, 1, 1, 1, 1, 1, 1, 1, 1, 0]
	247614	139674	161405	4	M	162	A		-1	1631.57294	[1, 1, 1, 1, 1, 1, 1, 1, 1, 1, 1, 1]
	298874	294688	256651	5	M	119	A		-1	1632.31025071	[1, 1, 1, 1, 1, 1, 1, 1, 1, 1, 1, 0]
	394491	229089	150188	5	M	89	A		-1	1632.38894048	[1, 1, 0, 1, 1, 1, 1, 1, 1, 1, 1, 1]
	344064	225611	193214	5	M	157	A		-1	1632.70846372	[1, 1, 1, 1, 1, 1, 1, 1, 1, 1, 1, 1]
	300001	227131	247690	5	M	13	A		-1	1632.82225201	[1, 0, 1, 1, 1, 1, 1, 1, 1, 1, 1, 0]
	302735	227131	264414	5	M	66	A		-1	1633.19630215	[1, 0, 1, 1, 1, 1, 1, 1, 1, 1, 1, 1]
	321939	225020	294181	5	M	95	A		-1	1633.81318953	[1, 1, 1, 1, 1, 1, 1, 1, 1, 1, 1, 1]
	381954	227999	240526	5	M	187	A		-1	1634.00911527	[1, 1, 1, 1, 1, 1, 1, 1, 1, 1, 1, 1]
	338595	225448	250069	5	M	194	A		-1	1634.08494614	[1, 1, 1, 1, 1, 1, 1, 1, 1, 1, 1, 1]
	326119	225329	177379	5	M	29	A		-1	1634.26310405	[1, 1, 1, 1, 1, 1, 1, 1, 1, 1, 1, 1]
	364350	226949	226147	5	M	115	A		-1	1634.35839866	[1, 1, 1, 1, 1, 1, 1, 1, 1, 1, 1, 1]
	300929	227131	212231	5	M	131	A		-1	1634.5184247	[1, 0, 1, 1, 1, 1, 1, 1, 1, 1, 1, 0]
	303416	227131	254471	5	M	148	A		-1	1634.68595326	[1, 1, 1, 1, 1, 1, 1, 1, 1, 1, 1, 0]
	332125	225357	263587	5	M	141	A		-1	1636.14881063	[1, 1, 1, 1, 1, 1, 1, 1, 1, 1, 1, 1]
	315139	224946	45396	5	M	82	A		-1	1636.15225898	[1, 1, 1, 1, 1, 1, 1, 1, 1, 1, 1, 1]
	366958	227088	269722	5	M	93	A		-1	1636.18275624	[1, 1, 1, 1, 1, 1, 1, 1, 1, 1, 1, 1]
	296282	294688	153308	5	M	177	A		-1	1636.36400359	[1, 1, 1, 1, 1, 1, 1, 1, 1, 1, 1, 0]
	374691	227514	195476	5	M	151	A		-1	1636.51635987	[1, 1, 1, 1, 1, 1, 1, 1, 1, 1, 1, 1]
	309714	224715	192346	5	M	79	A		-1	1636.8999269	[1, 1, 1, 1, 1, 1, 1, 1, 1, 1, 1, 1]
	303255	227131	149678	5	M	85	A		-1	1637.32255766	[1, 1, 1, 1, 1, 1, 1, 1, 1, 1, 1, 0]
	304029	227131	201024	5	M	116	A		-1	1637.73544614	[1, 1, 1, 1, 1, 1, 1, 1, 1, 1, 1, 0]
	373228	227514	229248	5	M	160	A		-1	1637.91107963	[1, 1, 1, 1, 1, 1, 1, 1, 1, 1, 1, 1]
	203096	139921	157353	4	M	155	A		-1	1638.46563665	[1, 1, 1, 1, 1, 1, 1, 1, 1, 1, 1, 0]
	356832	226835	209250	5	M	31	A		-1	1638.74222404	[1, 1, 1, 1, 1, 0, 1, 1, 1, 1, 1, 0]
	314182	224799	98366	5	M	61	A		-1	1638.92271623	[1, 1, 1, 1, 1, 1, 1, 1, 1, 1, 1, 1]
	302980	227131	280878	5	M	57	A		-1	1639.18452163	[1, 1, 1, 1, 1, 1, 1, 1, 1, 1, 1, 0]
	313232	224799	204178	5	M	87	A		-1	1639.34348024	[1, 0, 1, 1, 1, 1, 1, 1, 1, 1, 1, 1]
	303608	227131	237837	5	M	38	A		-1	1639.37690813	[1, 1, 1, 1, 1, 1, 1, 1, 1, 1, 1, 1]
	373663	227514	248351	5	M	30	A		-1	1639.8683929	[1, 1, 1, 1, 1, 1, 1, 1, 1, 1, 1, 0]
	362415	226949	222984	5	M	70	A		-1	1639.90411007	[1, 1, 1, 1, 1, 1, 1, 1, 1, 1, 1, 1]
	392332	229089	285455	5	M	42	A		-1	1640.04641166	[1, 1, 1, 1, 1, 1, 1, 1, 1, 1, 1, 1]
	340564	225611	276436	5	M	114	A		-1	1640.06055026	[1, 1, 1, 1, 1, 1, 1, 1, 1, 1, 1, 1]
	300492	227131	210477	5	M	166	A		-1	1640.48060226	[1, 1, 1, 1, 1, 1, 1, 1, 1, 1, 1, 0]
	319355	224946	207012	5	M	142	A		-1	1640.67084175	[1, 1, 1, 1, 1, 1, 1, 1, 1, 1, 1, 1]
	307159	224715	202879	5	M	16	A		-1	1641.00942035	[1, 1, 1, 1, 1, 1, 1, 1, 1, 1, 1, 1]
	304755	227131	128274	5	M	8	A		-1	1641.0953032	[1, 0, 1, 1, 1, 1, 1, 1, 1, 1, 1, 0]
	384493	227999	274514	5	M	93	A		-1	1641.37542963	[1, 1, 1, 1, 1, 1, 1, 1, 1, 1, 1, 1]
	330243	225357	235864	5	M	25	A		-1	1641.42539948	[1, 1, 1, 0, 1, 1, 1, 1, 1, 1, 1, 1]
	368322	227088	231188	5	M	160	A		-1	1642.20445931	[1, 1, 1, 1, 1, 1, 1, 1, 1, 1, 1, 1]
	379785	227999	276438	5	M	110	A		-1	1642.24076082	[1, 1, 1, 1, 1, 1, 1, 1, 1, 1, 1, 1]
	328136	225329	119221	5	M	148	A		-1	1642.31153691	[1, 1, 1, 1, 1, 0, 1, 1, 1, 1, 1, 1]
	378689	234749	182518	5	M	132	A		-1	1642.87931057	[1, 1, 1, 1, 1, 1, 1, 1, 1, 1, 1, 0]
	383879	227999	205518	5	M	119	A		-1	1643.30540893	[1, 1, 1, 1, 1, 1, 1, 1, 1, 1, 1, 1]
	350752	226645	289493	5	M	1	A		-1	1643.32303011	[1, 1, 1, 0, 1, 1, 1, 1, 1, 1, 1, 1]
	327851	225329	276331	5	M	154	A		-1	1643.44663395	[1, 1, 1, 0, 1, 1, 1, 1, 1, 1, 1, 1]
	379927	227999	285406	5	M	188	A		-1	1644.12315692	[1, 1, 1, 1, 1, 1, 1, 1, 1, 1, 1, 1]
	358049	226835	222913	5	M	110	A		-1	1644.69810134	[1, 1, 1, 1, 1, 0, 1, 1, 1, 1, 1, 0]
	227514	139327	184823	4	M	102	A		-1	1644.73960785	[1, 1, 1, 1, 1, 1, 1, 1, 1, 1, 1, 0]
	345432	225856	284032	5	M	163	A		-1	1644.86427069	[1, 1, 1, 1, 1, 1, 1, 1, 1, 1, 1, 1]
	338738	225448	266156	5	M	46	A		-1	1645.03451747	[1, 1, 1, 1, 1, 1, 1, 1, 1, 1, 1, 1]
	381792	227999	283368	5	M	135	A		-1	1645.28036791	[1, 1, 1, 1, 1, 1, 1, 1, 1, 1, 1, 1]
	303959	227131	131672	5	M	178	A		-1	1646.06104819	[1, 1, 1, 1, 1, 1, 1, 1, 1, 1, 1, 1]
	374473	227514	199658	5	M	138	A		-1	1646.07187953	[1, 1, 1, 1, 1, 1, 1, 1, 1, 1, 1, 0]
	390874	229089	123095	5	M	154	A		-1	1646.54228509	[1, 1, 1, 1, 1, 1, 1, 1, 1, 1, 1, 1]
	379490	234749	254928	5	M	104	A		-1	1646.6662532	[1, 1, 1, 1, 1, 1, 1, 1, 1, 1, 1, 1]
	356671	226835	200360	5	M	16	A		-1	1646.97264693	[1, 1, 1, 1, 1, 0, 1, 1, 1, 1, 1, 1]
	368453	227088	246915	5	M	162	A		-1	1647.69626172	[1, 1, 1, 1, 1, 1, 1, 1, 1, 1, 1, 1]
	301679	227131	218751	5	M	86	A		-1	1647.86545805	[1, 1, 1, 0, 1, 1, 1, 1, 1, 1, 1, 1]
	303553	227131	184283	5	M	45	A		-1	1648.09495124	[1, 0, 1, 1, 1, 1, 1, 1, 1, 1, 1, 0]
	300167	227131	252919	5	M	129	A		-1	1649.25040165	[1, 1, 1, 1, 1, 1, 1, 1, 1, 1, 1, 0]
	309732	224715	203879	5	M	102	A		-1	1650.08500956	[1, 1, 1, 1, 1, 1, 1, 1, 1, 1, 1, 1]
	303912	227131	140302	5	M	53	A		-1	1650.14696483	[1, 0, 1, 1, 1, 1, 1, 1, 1, 1, 1, 0]
	330965	225357	216351	5	M	57	A		-1	1650.44986523	[1, 1, 1, 1, 1, 1, 1, 1, 1, 1, 1, 1]
	370255	227514	135940	5	M	78	A		-1	1650.65363813	[1, 1, 1, 0, 1, 1, 1, 1, 1, 1, 1, 1]
	340905	225611	189210	5	M	198	A		-1	1650.76998482	[1, 1, 1, 1, 1, 1, 1, 1, 1, 1, 1, 1]
	311391	224799	150403	5	M	5	A		-1	1650.94399475	[1, 0, 1, 1, 1, 1, 1, 1, 1, 1, 1, 1]
	302173	227131	195074	5	M	65	A		-1	1651.09049057	[1, 1, 1, 1, 1, 1, 1, 1, 1, 1, 1, 0]
	371032	227514	197045	5	M	0	A		-1	1651.86078544	[1, 1, 1, 0, 1, 1, 1, 1, 1, 1, 1, 1]
	342466	225611	231945	5	M	194	A		-1	1652.37876842	[1, 1, 1, 1, 1, 1, 1, 1, 1, 1, 1, 1]
	354090	226645	154553	5	M	185	A		-1	1652.44047047	[1, 1, 1, 1, 1, 1, 1, 1, 1, 1, 1, 1]
	366947	227088	286260	5	M	14	A		-1	1652.48557691	[1, 1, 1, 1, 1, 1, 1, 1, 1, 1, 1, 1]
	371793	227514	236775	5	M	106	A		-1	1652.96584342	[1, 1, 1, 1, 1, 1, 1, 1, 1, 1, 1, 0]
	284951	140157	190597	4	M	168	A		-1	1652.96919782	[1, 1, 1, 1, 1, 1, 1, 1, 1, 1, 1, 1]
	327565	225329	266845	5	M	41	A		-1	1653.08026845	[1, 1, 1, 0, 1, 1, 1, 1, 1, 1, 1, 1]
	355421	226835	167366	5	M	190	A		-1	1653.11698325	[1, 1, 0, 1, 1, 1, 1, 1, 1, 1, 1, 1]
	342176	225611	262402	5	M	149	A		-1	1653.56785909	[1, 1, 1, 1, 1, 1, 1, 1, 1, 1, 1, 1]
	317623	224946	215451	5	M	87	A		-1	1653.86043616	[1, 1, 1, 0, 1, 1, 1, 1, 1, 1, 1, 1]
	302460	227131	113085	5	M	95	A		-1	1654.0247047	[1, 0, 1, 1, 1, 1, 1, 1, 1, 1, 1, 0]
	381572	227999	276701	5	M	176	A		-1	1654.07176878	[1, 1, 1, 1, 1, 1, 1, 1, 1, 1, 1, 1]
	353874	226645	251303	5	M	175	A		-1	1654.1449347	[1, 1, 1, 1, 1, 1, 1, 1, 1, 1, 1, 0]
	384382	227999	250713	5	M	133	A		-1	1654.6001411	[1, 1, 1, 1, 1, 1, 1, 1, 1, 1, 1, 1]
	386970	228798	199847	5	M	25	A		-1	1655.34944201	[1, 1, 0, 1, 1, 1, 1, 1, 1, 1, 1, 1]
	347947	225856	282571	5	M	154	A		-1	1655.40335216	[1, 1, 1, 1, 1, 1, 1, 1, 1, 1, 1, 1]
	346912	225856	201994	5	M	152	A		-1	1655.81514116	[1, 1, 1, 1, 1, 1, 1, 1, 1, 1, 1, 1]
	325337	225329	204518	5	M	92	A		-1	1656.00693752	[1, 1, 1, 1, 1, 1, 1, 1, 1, 1, 1, 1]
	369824	227514	154541	5	M	153	A		-1	1657.524895	[1, 1, 1, 1, 1, 1, 1, 1, 1, 1, 1, 1]
	350262	226645	261020	5	M	196	A		-1	1658.04839389	[1, 1, 1, 1, 1, 1, 1, 1, 1, 1, 1, 1]
	382369	227999	163947	5	M	101	A		-1	1658.70235082	[1, 0, 1, 1, 1, 1, 1, 1, 1, 1, 1, 1]
	347397	225856	270209	5	M	31	A		-1	1658.81626286	[1, 1, 1, 1, 1, 1, 1, 1, 1, 1, 1, 0]
	373001	227514	159059	5	M	67	A		-1	1659.16042412	[1, 1, 1, 1, 1, 1, 1, 1, 1, 1, 1, 0]
	302010	227131	173700	5	M	20	A		-1	1659.17960715	[1, 1, 1, 1, 1, 1, 1, 1, 1, 1, 1, 1]
	382353	227999	235104	5	M	121	A		-1	1660.03066434	[1, 1, 1, 1, 1, 1, 1, 1, 1, 1, 1, 1]
	368983	227088	287891	5	M	174	A		-1	1660.30940409	[1, 1, 1, 1, 1, 1, 1, 1, 1, 1, 1, 1]
	350634	226645	265701	5	M	183	A		-1	1660.56263722	[1, 1, 1, 1, 1, 1, 1, 1, 1, 1, 1, 1]
	252673	139727	160020	4	M	120	A		-1	1660.80078763	[1, 1, 1, 1, 1, 1, 1, 1, 1, 1, 1, 1]
	384279	227999	177776	5	M	8	A		-1	1660.82854828	[1, 1, 1, 1, 1, 1, 1, 1, 1, 1, 1, 0]
	366340	227088	279774	5	M	190	A		-1	1661.04008291	[1, 0, 1, 1, 1, 1, 1, 1, 1, 1, 1, 1]
	316386	224946	139645	5	M	56	A		-1	1661.58608751	[1, 1, 1, 1, 1, 1, 1, 1, 1, 1, 1, 1]
	340208	225611	150386	5	M	54	A		-1	1661.98222742	[1, 1, 0, 1, 1, 1, 1, 1, 1, 1, 1, 1]
	342473	225611	269028	5	M	161	A		-1	1662.01565068	[1, 1, 1, 1, 1, 1, 1, 1, 1, 1, 1, 1]
	318601	224946	277697	5	M	152	A		-1	1662.52306349	[1, 1, 0, 1, 1, 1, 1, 1, 1, 1, 1, 1]
	301872	227131	92048	5	M	144	A		-1	1662.99598043	[1, 1, 1, 1, 1, 1, 1, 1, 1, 1, 1, 0]
	337545	225448	210190	5	M	155	A		-1	1664.29638402	[1, 1, 1, 1, 1, 1, 1, 1, 1, 1, 1, 1]
	301977	227131	227433	5	M	176	A		-1	1665.09707024	[1, 1, 1, 1, 1, 1, 1, 1, 1, 1, 1, 1]
	367175	227088	285398	5	M	178	A		-1	1665.34649725	[1, 1, 1, 1, 1, 1, 1, 1, 1, 1, 1, 1]
	359280	226835	209939	5	M	12	A		-1	1666.10102717	[1, 1, 1, 1, 1, 0, 1, 1, 1, 1, 1, -1]
	387801	228798	282247	5	M	48	A		-1	1667.35323747	[1, 0, 1, 1, 1, 1, 1, 1, 1, 1, 1, 1]
	383192	227999	195879	5	M	50	A		-1	1667.72894724	[1, 1, 1, 1, 1, 1, 1, 1, 1, 1, 1, 1]
	353548	226645	263349	5	M	186	A		-1	1667.91911148	[1, 1, 1, 1, 1, 1, 1, 1, 1, 1, 1, 1]
	356852	226835	219370	5	M	175	A		-1	1668.13875978	[1, 1, 1, 0, 1, 0, 1, 1, 1, 1, 1, 0]
	391998	229089	143075	5	M	189	A		-1	1668.56546448	[1, 1, 1, 1, 1, 1, 1, 1, 1, 1, 1, 0]
	338148	225448	287096	5	M	142	A		-1	1668.8569408	[1, 1, 1, 1, 1, 1, 1, 1, 1, 1, 1, 1]
	352969	226645	272802	5	M	182	A		-1	1669.65428073	[1, 1, 1, 1, 1, 1, 1, 1, 1, 1, 1, 0]
	393761	229089	287046	5	M	101	A		-1	1672.15726631	[1, 1, 1, 1, 1, 1, 1, 1, 1, 1, 1, 0]
	382140	227999	226843	5	M	156	A		-1	1672.56179272	[1, 1, 1, 1, 1, 1, 1, 1, 1, 1, 1, 1]
	301694	227131	140540	5	M	41	A		-1	1672.9802119	[1, 1, 1, 1, 1, 1, 1, 1, 1, 1, 1, 1]
	320824	225020	181498	5	M	111	A		-1	1672.99341417	[1, 1, 1, 1, 1, 1, 1, 1, 1, 1, 1, 1]
	303292	227131	91963	5	M	104	A		-1	1673.34408325	[1, 0, 1, 1, 1, 1, 1, 1, 1, 1, 1, 1]
	299855	227131	139266	5	M	36	A		-1	1673.39967631	[1, 1, 0, 1, 1, 1, 1, 1, 1, 1, 1, 1]
	334850	225448	262217	5	M	48	A		-1	1673.73954174	[1, 1, 1, 1, 1, 1, 1, 1, 1, 1, 1, 1]
	389815	229089	253248	5	M	101	A		-1	1674.89359307	[1, 1, 1, 1, 1, 1, 1, 1, 1, 1, 1, 1]
	312364	224799	139826	5	M	27	A		-1	1675.39978876	[1, 1, 1, 1, 1, 1, 1, 1, 1, 1, 1, 1]
	315464	224946	223093	5	M	54	A		-1	1675.5699075	[1, 1, 1, 1, 1, 1, 1, 1, 1, 1, 1, 1]
	306533	224715	278625	5	M	196	A		-1	1675.70466927	[1, 1, 1, 1, 1, 1, 1, 1, 1, 1, 1, 1]
	329635	225329	241996	5	M	177	A		-1	1676.11822153	[1, 1, 1, 1, 1, 1, 1, 1, 1, 1, 1, 1]
	302432	227131	141645	5	M	7	A		-1	1676.28960009	[1, 1, 1, 1, 1, 1, 1, 1, 1, 1, 1, 1]
	370715	227514	265310	5	M	170	A		-1	1676.41864963	[1, 1, 1, 1, 1, 1, 1, 1, 1, 1, 1, 0]
	327579	225329	277945	5	M	166	A		-1	1676.75813429	[1, 1, 1, 0, 1, 1, 1, 1, 1, 1, 1, 1]
	300412	227131	161380	5	M	37	A		-1	1676.84015103	[1, 0, 1, 1, 1, 1, 1, 1, 1, 1, 1, 1]
	337522	225448	230026	5	M	70	A		-1	1676.90545193	[1, 1, 1, 1, 1, 1, 1, 1, 1, 1, 1, 1]
	298875	294688	99282	5	M	170	A		-1	1677.34196173	[1, 1, 1, 1, 1, 1, 1, 1, 1, 1, 1, 1]
	227131	139327	129236	4	M	188	A		-1	1677.80769413	[1, 0, 1, 1, 1, 1, 1, 1, 1, 1, 1, 0]
	351624	226645	286692	5	M	65	A		-1	1678.19092926	[0, 1, 1, 1, 1, 1, 1, 1, 1, 1, 1, 1]
	355359	226835	129806	5	M	164	A		-1	1678.728506	[1, 1, 1, 1, 1, 0, 1, 1, 1, 1, 1, 0]
	350031	226645	265850	5	M	196	A		-1	1678.76212655	[1, 1, 1, 1, 1, 1, 1, 1, 1, 1, 1, 1]
	303621	227131	268488	5	M	138	A		-1	1679.32748279	[1, 0, 1, 1, 1, 1, 1, 1, 1, 1, 1, 1]
	311116	224799	251020	5	M	191	A		-1	1680.46339769	[1, 0, 1, 1, 1, 1, 1, 1, 1, 1, 1, 1]
	357338	226835	276614	5	M	145	A		-1	1681.04903423	[1, 1, 1, 1, 1, 0, 1, 1, 1, 1, 1, 1]
	373824	227514	206753	5	M	135	A		-1	1681.62151676	[1, 1, 1, 1, 1, 1, 1, 1, 1, 1, 1, 0]
	314428	224799	149352	5	M	106	A		-1	1681.87647892	[1, 0, 1, 1, 1, 1, 1, 1, 1, 1, 1, 1]
	245518	139674	179287	4	M	177	A		-1	1682.67172951	[1, 1, 1, 1, 1, 1, 1, 1, 1, 1, 1, 1]
	354809	226835	180459	5	M	103	A		-1	1683.21858195	[1, 0, 1, 1, 1, 1, 1, 1, 1, 1, 1, 1]
	363733	226949	203361	5	M	149	A		-1	1683.37530706	[1, 1, 1, 1, 1, 1, 1, 1, 1, 1, 1, 1]
	377729	234749	198298	5	M	14	A		-1	1684.88437255	[1, 1, 1, 1, 1, 1, 1, 1, 1, 1, 1, 1]
	344003	225611	223073	5	M	189	A		-1	1684.95239165	[1, 1, 1, 1, 1, 1, 1, 1, 1, 1, 1, 1]
	382197	227999	147368	5	M	44	A		-1	1685.94061538	[1, 1, 1, 1, 1, 1, 1, 1, 1, 1, 1, 1]
	387093	228798	189541	5	M	157	A		-1	1686.54975509	[1, 1, 1, 1, 1, 1, 1, 1, 1, 1, 1, 1]
	384040	227999	231286	5	M	8	A		-1	1686.66260317	[1, 1, 1, 1, 1, 1, 1, 1, 1, 1, 1, 1]
	324571	225020	246208	5	M	92	A		-1	1686.97081109	[1, 1, 1, 1, 1, 1, 1, 1, 1, 1, 1, 1]
	287058	140157	101350	4	M	164	A		-1	1686.97837961	[1, 1, 1, 1, 1, 1, 1, 1, 1, 1, 1, 1]
	302477	227131	53912	5	M	157	A		-1	1687.16622486	[1, 0, 1, 1, 1, 1, 1, 1, 1, 1, 1, 1]
	303491	227131	293696	5	M	110	A		-1	1687.46091549	[1, 0, 1, 1, 1, 1, 1, 1, 1, 1, 1, 0]
	303005	227131	195518	5	M	79	A		-1	1688.03224051	[1, 0, 1, 1, 1, 1, 1, 1, 1, 1, 1, 1]
	334102	225357	218806	5	M	70	A		-1	1688.57152131	[1, 1, 1, 1, 1, 1, 1, 1, 1, 1, 1, 1]
	362879	226949	252509	5	M	16	A		-1	1689.14986264	[1, 1, 1, 1, 1, 1, 1, 1, 1, 1, 1, 1]
	359478	226835	169936	5	M	77	A		-1	1689.31245453	[1, 1, 1, 1, 1, 0, 1, 1, 1, 1, 1, 0]
	302888	227131	243768	5	M	25	A		-1	1689.76218819	[1, 1, 1, 1, 1, 1, 1, 1, 1, 1, 1, 0]
	306361	224715	214157	5	M	87	A		-1	1689.98598244	[1, 1, 1, 1, 1, 1, 1, 1, 1, 1, 1, 1]
	338601	225448	248961	5	M	178	A		-1	1690.25853693	[1, 1, 1, 1, 1, 1, 1, 1, 1, 1, 1, 0]
	379096	234749	194446	5	M	119	A		-1	1691.09799148	[1, 1, 1, 1, 1, 1, 1, 1, 1, 1, 1, 1]
	347798	225856	161585	5	M	53	A		-1	1691.94946762	[1, 1, 1, 1, 1, 1, 1, 1, 1, 1, 1, 1]
	290872	140223	165960	4	M	170	A		-1	1692.06308602	[1, 1, 0, 1, 1, 1, 1, 1, 1, 1, 1, 0]
	356956	226835	239389	5	M	172	A		-1	1692.1512244	[1, 1, 1, 1, 1, 1, 1, 1, 1, 1, 1, 1]
	377785	234749	280093	5	M	39	A		-1	1692.37101736	[1, 1, 1, 1, 1, 1, 1, 1, 1, 1, 1, 1]
	306383	224715	270009	5	M	53	A		-1	1692.50819653	[1, 1, 1, 1, 1, 1, 1, 1, 1, 1, 1, 1]
	309051	224715	170060	5	M	145	A		-1	1692.79435513	[1, 1, 1, 1, 1, 1, 1, 1, 1, 1, 1, 1]
	276653	141708	125645	4	M	181	A		-1	1693.19258639	[1, 1, 1, 1, 1, 1, 1, 1, 1, 1, 1, 1]
	335164	225448	245562	5	M	160	A		-1	1693.6167102	[1, 1, 1, 1, 1, 1, 1, 1, 1, 1, 1, 1]
	313358	224799	134081	5	M	184	A		-1	1694.12089161	[1, 1, 1, 1, 1, 1, 1, 1, 1, 1, 1, 0]
	301496	227131	243867	5	M	77	A		-1	1694.24044065	[1, 0, 1, 1, 1, 1, 1, 1, 1, 1, 1, 0]
	361922	226949	238840	5	M	57	A		-1	1694.32321446	[1, 1, 1, 1, 1, 1, 1, 1, 1, 1, 1, 1]
	339460	225448	257927	5	M	143	A		-1	1695.98410284	[1, 1, 1, 1, 1, 1, 1, 1, 1, 1, 1, 1]
	306848	224715	233207	5	M	151	A		-1	1696.10090921	[1, 1, 1, 1, 1, 1, 1, 0, 1, 1, 1, 1]
	303478	227131	237050	5	M	61	A		-1	1697.48782811	[1, 1, 1, 1, 1, 1, 1, 1, 1, 1, 1, 1]
	304498	227131	128673	5	M	77	A		-1	1698.26834094	[1, 0, 1, 1, 1, 1, 1, 1, 1, 1, 1, 0]
	362681	226949	271827	5	M	43	A		-1	1699.36197163	[1, 1, 1, 1, 1, 1, 1, 1, 1, 1, 1, 1]
	318547	224946	238625	5	M	89	A		-1	1699.83014899	[1, 1, 1, 0, 1, 1, 1, 1, 1, 1, 1, 1]
	338405	225448	218896	5	M	172	A		-1	1700.07870698	[0, 1, 1, 1, 1, 1, 1, 1, 1, 1, 1, 1]
	300277	227131	267830	5	M	46	A		-1	1700.12006978	[1, 1, 1, 1, 1, 1, 1, 1, 1, 1, 1, 1]
	215367	139009	138858	4	M	161	A		-1	1701.25876424	[1, 1, 1, 1, 1, 1, 1, 1, 1, 1, 1, 1]
	360428	226949	228548	5	M	96	A		-1	1702.42707484	[1, 1, 1, 1, 1, 1, 1, 1, 1, 1, 1, 1]
	382452	227999	279814	5	M	178	A		-1	1702.45348054	[1, 1, 1, 1, 1, 1, 1, 1, 1, 1, 1, 0]
	389591	228798	277985	5	M	152	A		-1	1702.79570549	[1, 1, 1, 1, 1, 1, 1, 1, 1, 1, 1, 1]
	325859	225329	224358	5	M	186	A		-1	1703.26954589	[1, 1, 1, 0, 1, 1, 1, 1, 1, 1, 1, 1]
	388456	228798	196132	5	M	116	A		-1	1703.35548318	[1, 1, 1, 1, 1, 1, 1, 1, 1, 1, 1, 1]
	304348	227131	243597	5	M	179	A		-1	1703.50735861	[1, 1, 1, 1, 1, 1, 1, 1, 1, 1, 1, 1]
	338522	225448	227124	5	M	0	A		-1	1705.99892719	[1, 1, 1, 1, 1, 1, 1, 1, 1, 1, 1, 1]
	330094	225357	237594	5	M	33	A		-1	1706.20174741	[1, 1, 1, 0, 1, 1, 1, 1, 1, 1, 1, 1]
	382313	227999	231841	5	M	43	A		-1	1706.73563989	[1, 1, 1, 1, 1, 1, 1, 1, 1, 1, 1, 0]
	305548	224715	142055	5	M	112	A		-1	1707.25757625	[1, 1, 1, 1, 1, 1, 1, 1, 1, 1, 1, 1]
	352276	226645	209651	5	M	103	A		-1	1707.49901467	[1, 1, 1, 1, 1, 1, 1, 1, 1, 1, 1, 1]
	303940	227131	268058	5	M	198	A		-1	1707.91323585	[1, 0, 1, 1, 1, 1, 1, 1, 1, 1, 1, 0]
	370999	227514	152732	5	M	0	A		-1	1707.95194061	[1, 1, 1, 1, 1, 1, 1, 1, 1, 1, 1, 1]
	318425	224946	212061	5	M	13	A		-1	1708.44555787	[1, 1, 1, 1, 1, 1, 1, 1, 1, 1, 1, 1]
	383141	227999	205562	5	M	114	A		-1	1708.54399178	[1, 1, 1, 1, 1, 1, 1, 1, 1, 1, 1, 1]
	348478	225856	240885	5	M	84	A		-1	1708.84260489	[1, 1, 1, 1, 1, 1, 1, 1, 1, 1, 1, 1]
	301690	227131	240205	5	M	123	A		-1	1709.04832638	[1, 0, 1, 1, 1, 1, 1, 1, 1, 1, 1, 0]
	359687	226835	196732	5	M	27	A		-1	1709.1193978	[1, 1, 1, 1, 1, 0, 1, 1, 1, 1, 1, 0]
	204186	139921	106301	4	M	133	A		-1	1710.2833832	[1, 1, 1, 1, 1, 1, 1, 1, 1, 1, 1, 1]
	382659	227999	230824	5	M	200	A		-1	1710.3187272	[1, 1, 1, 1, 1, 1, 1, 0, 1, 1, 1, 1]
	304341	227131	123500	5	M	3	A		-1	1710.45543354	[1, 0, 1, 1, 1, 1, 1, 1, 1, 1, 1, 0]
	341435	225611	157888	5	M	25	A		-1	1710.56433525	[1, 1, 1, 1, 1, 1, 1, 1, 1, 1, 1, 0]
	374207	227514	225621	5	M	154	A		-1	1711.71554762	[1, 1, 1, 1, 1, 1, 1, 1, 1, 1, 1, 1]
	363633	226949	208547	5	M	41	A		-1	1712.67371375	[1, 1, 1, 0, 1, 1, 1, 1, 1, 1, 1, 1]
	289092	140157	168953	4	M	195	A		-1	1712.75212376	[1, 1, 1, 1, 1, 1, 1, 1, 1, 1, 1, 1]
	301047	227131	240294	5	M	13	A		-1	1713.33415982	[1, 1, 1, 1, 1, 0, 1, 1, 1, 1, 1, 0]
	363614	226949	254052	5	M	71	A		-1	1713.47016175	[1, 1, 1, 1, 1, 1, 1, 1, 1, 1, 1, 0]
	352161	226645	275504	5	M	15	A		-1	1713.58111438	[1, 1, 1, 1, 1, 1, 1, 1, 1, 1, 1, 1]
	304850	224715	275461	5	M	168	A		-1	1714.84034844	[1, 1, 1, 1, 1, 1, 1, 1, 1, 1, 1, 1]
	303677	227131	155797	5	M	105	A		-1	1714.85009496	[1, 1, 1, 1, 1, 1, 1, 1, 1, 1, 1, 0]
	315278	224946	265941	5	M	63	A		-1	1715.39769996	[1, 1, 1, 1, 1, 1, 1, 1, 1, 1, 1, 1]
	328909	225329	161860	5	M	21	A		-1	1716.37868396	[1, 1, 1, 1, 1, 1, 1, 1, 1, 1, 1, 1]
	380888	227999	228672	5	M	165	A		-1	1717.37444659	[1, 1, 1, 1, 1, 1, 1, 1, 1, 1, 1, 1]
	371786	227514	255583	5	M	90	A		-1	1717.89949901	[1, 1, 1, 1, 1, 1, 1, 1, 1, 1, 1, 0]
	371573	227514	180926	5	M	130	A		-1	1718.60925583	[1, 1, 1, 1, 1, 1, 1, 1, 1, 1, 1, 0]
	370016	227514	278061	5	M	24	A		-1	1718.71345533	[1, 1, 1, 1, 1, 1, 1, 1, 1, 1, 1, 0]
	332532	225357	101084	5	M	174	A		-1	1719.11539239	[1, 1, 1, 1, 1, 1, 1, 1, 1, 1, 1, 1]
	302389	227131	259998	5	M	87	A		-1	1719.24607767	[1, 0, 1, 1, 1, 1, 1, 1, 1, 1, 1, 1]
	384726	227999	247171	5	M	168	A		-1	1720.47403234	[1, 1, 1, 1, 1, 1, 1, 1, 1, 1, 1, 1]
	358630	226835	143560	5	M	111	A		-1	1720.52578207	[1, 1, 1, 1, 1, 1, 1, 1, 1, 1, 1, 0]
	392877	229089	217518	5	M	30	A		-1	1721.53550562	[1, 1, 1, 1, 1, 1, 1, 1, 1, 1, 1, 0]
	341959	225611	290340	5	M	32	A		-1	1723.15518853	[1, 1, 1, 1, 1, 1, 1, 1, 1, 1, 1, 1]
	301948	227131	195008	5	M	138	A		-1	1724.28872834	[1, 1, 1, 1, 1, 1, 1, 1, 1, 1, 1, 0]
	322687	225020	240698	5	M	4	A		-1	1725.24272022	[1, 1, 1, 1, 1, 1, 1, 1, 1, 1, 1, 1]
	301094	227131	150400	5	M	200	A		-1	1725.67870387	[0, 0, 1, 1, 1, 1, 1, 1, 1, 1, 1, 1]
	313197	224799	203394	5	M	0	A		-1	1725.96111371	[1, 0, 1, 1, 1, 1, 1, 1, 1, 1, 1, 1]
	360787	226949	239037	5	M	112	A		-1	1727.00297063	[1, 1, 1, 0, 1, 1, 1, 1, 1, 1, 1, 0]
	378584	234749	286373	5	M	35	A		-1	1727.96758786	[1, 1, 1, 1, 1, 1, 1, 1, 1, 1, 1, 1]
	349388	225856	249933	5	M	38	A		-1	1728.36182112	[1, 1, 1, 0, 1, 1, 1, 1, 1, 1, 1, 1]
	302223	227131	256470	5	M	102	A		-1	1728.42824883	[1, 0, 1, 1, 1, 1, 1, 1, 1, 1, 1, 0]
	302286	227131	210561	5	M	47	A		-1	1729.27029791	[1, 1, 1, 1, 1, 1, 1, 1, 1, 1, 1, 1]
	361612	226949	275853	5	M	45	A		-1	1729.73892795	[1, 1, 1, 1, 1, 1, 1, 1, 1, 1, 1, 1]
	298697	294688	253102	5	M	99	A		-1	1731.09869966	[1, 1, 1, 1, 1, 1, 1, 0, 1, 1, 1, 0]
	362651	226949	201539	5	M	28	A		-1	1732.95438718	[1, 1, 1, 1, 1, 1, 1, 1, 1, 1, 1, 1]
	309577	224715	287388	5	M	60	A		-1	1733.1584856	[1, 1, 1, 1, 1, 1, 1, 1, 1, 1, 1, 1]
	251989	139727	135182	4	M	9	A		-1	1733.46875451	[1, 1, 1, 1, 1, 1, 1, 1, 1, 1, 1, 1]
	277899	141708	141169	4	M	199	A		-1	1735.53768974	[1, 1, 1, 1, 1, 1, 1, 1, 1, 1, 1, 1]
	303903	227131	294607	5	M	192	A		-1	1736.50531812	[1, 0, 1, 1, 1, 1, 1, 1, 1, 1, 1, 0]
	322490	225020	289378	5	M	14	A		-1	1736.55406236	[1, 1, 1, 1, 1, 1, 1, 1, 1, 1, 1, 1]
	350666	226645	211298	5	M	125	A		-1	1736.65840003	[1, 1, 1, 1, 1, 1, 1, 1, 1, 1, 1, 1]
	373551	227514	208128	5	M	159	A		-1	1736.68235537	[1, 1, 1, 1, 1, 1, 1, 1, 1, 1, 1, 1]
	295207	294688	294045	5	M	78	A		-1	1737.60974017	[1, 1, 1, 1, 1, 1, 1, 1, 1, 1, 1, 0]
	299488	294688	225229	5	M	82	A		-1	1738.41678839	[1, 1, 1, 1, 1, 1, 1, 1, 1, 1, 1, 0]
	383740	227999	221713	5	M	67	A		-1	1739.20647714	[1, 1, 1, 1, 1, 1, 1, 1, 1, 1, 1, 1]
	355918	226835	213943	5	M	64	A		-1	1739.27880403	[1, 1, 1, 1, 1, 0, 1, 1, 1, 1, 1, 0]
	359414	226835	289779	5	M	144	A		-1	1740.47350335	[1, 1, 1, 1, 1, 0, 1, 1, 1, 1, 1, 0]
	318538	224946	265405	5	M	15	A		-1	1740.52460758	[1, 1, 1, 0, 1, 1, 1, 1, 1, 1, 1, 1]
	299912	227131	208472	5	M	84	A		-1	1740.6775455	[1, 1, 1, 1, 1, 1, 1, 1, 1, 1, 1, 1]
	298169	294688	250034	5	M	9	A		-1	1741.74123155	[1, 1, 1, 1, 1, 1, 1, 1, 1, 1, 1, 1]
	300147	227131	286747	5	M	135	A		-1	1741.99912048	[1, 0, 1, 1, 1, 1, 1, 1, 1, 1, 1, 1]
	370883	227514	219492	5	M	192	A		-1	1742.2103361	[1, 1, 1, 1, 1, 1, 1, 1, 1, 1, 1, 0]
	335612	225448	287822	5	M	162	A		-1	1743.81134808	[1, 1, 1, 1, 1, 1, 1, 1, 1, 1, 1, 1]
	327493	225329	253863	5	M	65	A		-1	1746.25364659	[1, 1, 1, 0, 1, 1, 1, 1, 1, 1, 1, 1]
	327455	225329	279848	5	M	28	A		-1	1747.54358697	[1, 1, 1, 1, 1, 1, 1, 1, 1, 1, 1, 1]
	342636	225611	217339	5	M	51	A		-1	1751.22782765	[1, 1, 1, 1, 1, 1, 1, 1, 1, 1, 1, 1]
	338439	225448	267174	5	M	72	A		-1	1751.91986432	[1, 1, 0, 1, 1, 1, 1, 1, 1, 1, 1, 1]
	299255	294688	219036	5	M	176	A		-1	1754.19767205	[1, 1, 1, 1, 1, 1, 1, 1, 1, 1, 1, 0]
	338109	225448	205844	5	M	140	A		-1	1754.32405646	[1, 0, 1, 1, 1, 1, 1, 1, 1, 1, 1, 1]
	303025	227131	283187	5	M	24	A		-1	1756.21967479	[1, 1, 1, 1, 1, 1, 1, 1, 1, 1, 1, 1]
	300307	227131	292353	5	M	51	A		-1	1759.71182778	[1, 1, 1, 1, 1, 1, 1, 1, 1, 1, 1, -1]
	362564	226949	173822	5	M	50	A		-1	1759.89032466	[1, 1, 1, 1, 1, 1, 1, 1, 1, 1, 1, 1]
	370676	227514	257963	5	M	85	A		-1	1759.94296795	[1, 1, 1, 1, 1, 1, 1, 1, 1, 1, 1, 1]
	373476	227514	272568	5	M	70	A		-1	1759.99396944	[1, 1, 1, 1, 1, 1, 1, 1, 1, 1, 1, -1]
	304721	227131	198008	5	M	139	A		-1	1760.80039988	[1, 0, 0, 1, 1, 1, 1, 1, 1, 1, 1, 0]
	382082	227999	287045	5	M	9	A		-1	1760.90260388	[1, 1, 1, 1, 1, 1, 1, 1, 1, 1, 1, 1]
	373041	227514	133724	5	M	114	A		-1	1762.47714552	[1, 1, 1, 1, 1, 1, 1, 1, 1, 1, 1, 0]
	363446	226949	216482	5	M	120	A		-1	1763.40780463	[1, 1, 1, 0, 1, 1, 1, 1, 1, 1, 1, 1]
	321175	225020	144091	5	M	141	A		-1	1763.6277025	[1, 1, 1, 1, 1, 1, 1, 1, 1, 1, 1, 0]
	392068	229089	224558	5	M	185	A		-1	1765.58136367	[1, 1, 1, 1, 1, 1, 1, 1, 1, 1, 1, 1]
	370591	227514	214795	5	M	69	A		-1	1769.63508638	[1, 1, 1, 0, 1, 1, 1, 1, 1, 1, 1, 1]
	336784	225448	228925	5	M	40	A		-1	1771.44014105	[1, 1, 1, 1, 1, 1, 1, 1, 1, 1, 1, 1]
	310683	224799	266305	5	M	99	A		-1	1776.66256704	[1, 1, 1, 1, 1, 1, 1, 1, 1, 1, 1, 1]
	357647	226835	169586	5	M	47	A		-1	1778.29749652	[1, 1, 1, 1, 1, 0, 1, 1, 1, 1, 1, 1]
	373700	227514	144494	5	M	109	A		-1	1778.46053676	[1, 1, 1, 1, 1, 1, 1, 1, 1, 1, 1, 1]
	370153	227514	200850	5	M	62	A		-1	1779.63192376	[1, 1, 1, 1, 1, 1, 1, 1, 1, 1, 1, 0]
	304559	227131	241474	5	M	190	A		-1	1782.85901112	[1, 1, 1, 1, 1, 1, 1, 1, 1, 1, 1, 1]
	305256	224715	266966	5	M	170	A		-1	1782.86154546	[1, 1, 1, 1, 1, 1, 1, 1, 1, 1, 1, 1]
	361902	226949	257528	5	M	104	A		-1	1785.38425394	[1, 1, 1, 1, 1, 1, 1, 1, 1, 1, 1, 1]
	357368	226835	272658	5	M	66	A		-1	1786.22100646	[1, 1, 1, 1, 1, 0, 1, 1, 1, 1, 1, 1]
	373136	227514	245556	5	M	53	A		-1	1786.91896915	[1, 1, 1, 1, 1, 1, 1, 1, 1, 1, 1, 0]
	373877	227514	248778	5	M	133	A		-1	1787.16499147	[1, 1, 1, 1, 1, 1, 1, 1, 1, 1, 1, 0]
	341294	225611	263921	5	M	91	A		-1	1787.75587938	[1, 1, 1, 1, 1, 1, 1, 1, 1, 1, 1, 1]
	341630	225611	218349	5	M	185	A		-1	1788.71866597	[1, 1, 1, 1, 1, 1, 1, 1, 1, 1, 1, 1]
	374041	227514	269670	5	M	51	A		-1	1789.13940144	[1, 1, 1, 1, 1, 1, 1, 1, 1, 1, 1, 0]
	305637	224715	77479	5	M	112	A		-1	1790.29807458	[1, 1, 1, 1, 1, 1, 1, 1, 1, 1, 1, 1]
	373233	227514	182814	5	M	92	A		-1	1790.32065591	[1, 1, 1, 1, 1, 1, 1, 1, 1, 1, 1, 0]
	381247	227999	205741	5	M	122	A		-1	1791.1291385	[1, 1, 1, 1, 1, 1, 1, 1, 1, 1, 1, 0]
	310489	224799	250127	5	M	39	A		-1	1794.36382572	[1, 0, 1, 1, 1, 1, 1, 1, 1, 1, 1, 1]
	324497	225020	193459	5	M	186	A		-1	1796.42029008	[1, 1, 1, 1, 1, 1, 1, 1, 1, 1, 1, 1]
	372534	227514	186893	5	M	169	A		-1	1796.99632481	[1, 1, 1, 1, 1, 1, 1, 1, 1, 1, 1, 0]
	351853	226645	148848	5	M	21	A		-1	1798.4130318	[1, 1, 1, 1, 1, 1, 1, 1, 1, 1, 1, 1]
	387840	228798	220202	5	M	72	A		-1	1799.150979	[1, 0, 1, 1, 1, 1, 1, 1, 1, 1, 1, 1]
	370552	227514	170411	5	M	74	A		-1	1799.69232412	[1, 1, 1, 1, 1, 1, 1, 1, 1, 1, 1, 0]
	373591	227514	103262	5	M	10	A		-1	1801.09786671	[1, 1, 1, 1, 1, 1, 1, 1, 1, 1, 1, 0]
	393685	229089	290353	5	M	21	A		-1	1802.96672963	[1, 1, 1, 1, 1, 1, 1, 1, 1, 1, 1, -1]
	364328	226949	286977	5	M	65	A		-1	1803.47229973	[1, 1, 1, 1, 1, 1, 1, 1, 1, 1, 1, 1]
	308500	224715	256573	5	M	185	A		-1	1805.17198588	[1, 1, 1, 1, 1, 1, 1, 1, 1, 1, 1, 1]
	295895	294688	200682	5	M	29	A		-1	1807.220321	[1, 1, 1, 1, 1, 1, 1, 1, 1, 1, 1, 0]
	353268	226645	260376	5	M	106	A		-1	1809.0356717	[1, 1, 1, 1, 1, 1, 1, 1, 1, 1, 1, 1]
	387410	228798	195944	5	M	10	A		-1	1815.58667274	[1, 1, 1, 1, 1, 1, 1, 1, 1, 1, 1, 1]
	359063	226835	260503	5	M	170	A		-1	1819.95258123	[1, 1, 1, 1, 1, 1, 1, 1, 1, 1, 1, 0]
	334720	225357	285290	5	M	103	A		-1	1824.11997225	[1, 0, 1, 1, 1, 1, 1, 1, 1, 1, 1, 1]
	304074	227131	267148	5	M	133	A		-1	1825.46469824	[1, 1, 1, 1, 1, 1, 1, 1, 1, 1, 1, 1]
	315606	224946	211811	5	M	192	A		-1	1829.07676901	[1, 1, 1, 1, 1, 1, 1, 1, 1, 1, 1, 1]
	299892	227131	85470	5	M	100	A		-1	1856.24111616	[1, 1, 1, 1, 1, 1, 1, 1, 1, 1, 1, 0]
	363125	226949	233370	5	M	107	A		-1	1858.37687648	[1, 1, 1, 1, 1, 1, 1, 1, 1, 1, 1, 1]
	371876	227514	291051	5	M	101	A		-1	1858.4034705	[1, 1, 1, 1, 1, 1, 1, 1, 1, 1, 1, 0]
	381050	227999	227764	5	M	65	A		-1	1895.8675186	[1, 1, 1, 1, 1, 1, 1, 1, 1, 1, 1, 1]
	367360	227088	254656	5	M	23	A		-1	1900.80490074	[1, 1, 1, 1, 1, 1, 1, 1, 1, 1, 1, 0]
	374460	227514	233771	5	M	167	A		-1	1903.94546056	[1, 1, 1, 1, 1, 1, 1, 1, 1, 1, 1, 1]
	372004	227514	91890	5	M	38	A		-1	1906.02188451	[1, 1, 1, 1, 1, 1, 1, 1, 1, 1, 1, 0]
	325115	225329	247494	5	M	15	A		-1	1906.19270068	[1, 1, 1, 0, 1, 1, 1, 1, 1, 1, 1, 1]
	304872	224715	228162	5	M	35	A		-1	1909.96752671	[1, 1, 1, 1, 1, 1, 1, 1, 1, 1, 1, 1]
	352321	226645	220665	5	M	15	A		-1	1915.68475568	[1, 1, 1, 1, 1, 1, 1, 0, 1, 1, 1, 1]
	364302	226949	176982	5	M	119	A		-1	1930.01912085	[1, 1, 1, 1, 1, 1, 1, 1, 1, 1, 1, 0]
	304758	227131	278442	5	M	11	A		-1	1931.70653733	[1, 1, 1, 1, 1, 1, 1, 1, 1, 1, 1, 1]
	325470	225329	252472	5	M	20	A		-1	1939.46524678	[1, 1, 1, 0, 1, 1, 1, 1, 1, 1, 1, 1]
	375016	234749	266001	5	M	19	A		-1	2074.77203462	[1, 1, 1, 1, 1, 1, 1, 1, 1, 1, 1, 1]
