animal	sire	dam	born	sex	herd	status	cause	died	TBV	recessives
	419884	328709	338038	6	M	80	A		-1	1834.14644393	[1, 1, 1, 1, 1, 1, 1, 1, 1, 1, 1, 1]
	326152	225719	209184	5	M	64	A		-1	1835.23241376	[1, 1, 1, 1, 1, 1, 1, 1, 1, 1, 1, 1]
	475518	336452	393307	6	M	91	A		-1	1835.34902347	[1, 1, 1, 1, 1, 1, 1, 1, 1, 1, 1, 0]
	470813	332008	343835	6	M	133	A		-1	1835.399063	[1, 1, 1, 1, 1, 1, 1, 1, 1, 1, 1, 1]
	478954	336452	324698	6	M	103	A		-1	1835.44478923	[1, 1, 1, 1, 1, 1, 1, 1, 1, 1, 1, 1]
	451560	330431	392041	6	M	116	A		-1	1835.44961032	[1, 1, 1, 1, 1, 1, 1, 1, 1, 1, 1, 1]
	453943	330431	359418	6	M	85	A		-1	1835.45271435	[1, 1, 1, 1, 1, 1, 1, 1, 1, 1, 1, 1]
	380319	228507	255175	5	M	160	A		-1	1835.96615582	[1, 1, 1, 1, 1, 1, 1, 1, 1, 1, 1, 1]
	380457	228507	224094	5	M	40	A		-1	1836.16319836	[1, 1, 1, 1, 1, 1, 1, 1, 1, 1, 1, 1]
	494231	332733	358321	6	M	79	A		-1	1836.17506875	[1, 1, 1, 1, 1, 1, 1, 1, 1, 1, 1, 1]
	458138	330439	246772	6	M	161	A		-1	1836.64170928	[1, 1, 1, 1, 1, 1, 1, 1, 1, 1, 1, 1]
	446332	329655	321874	6	M	173	A		-1	1836.71559463	[1, 1, 1, 1, 1, 1, 1, 1, 1, 1, 1, 1]
	440379	329334	302059	6	M	161	A		-1	1836.95814715	[1, 1, 1, 1, 1, 1, 1, 1, 1, 1, 1, 1]
	431248	329305	357071	6	M	82	A		-1	1837.17845745	[1, 1, 1, 1, 1, 1, 1, 1, 1, 1, 1, 1]
	442848	329334	315435	6	M	54	A		-1	1837.29864054	[1, 1, 1, 1, 1, 1, 1, 1, 1, 1, 1, 1]
	490558	332733	254592	6	M	57	A		-1	1837.37003918	[1, 1, 1, 1, 1, 1, 1, 1, 1, 1, 1, 1]
	490115	332733	304287	6	M	11	A		-1	1837.71978855	[1, 1, 1, 1, 1, 1, 1, 1, 1, 1, 1, 1]
	373847	228343	130002	5	M	56	A		-1	1837.72388799	[1, 1, 1, 1, 1, 1, 1, 1, 1, 1, 1, 1]
	415083	328576	383160	6	M	93	A		-1	1837.96379853	[1, 1, 1, 1, 1, 1, 1, 1, 1, 1, 1, 1]
	438159	329317	316866	6	M	107	A		-1	1837.97465314	[1, 1, 1, 1, 1, 1, 1, 1, 1, 1, 1, 1]
	468638	331416	311353	6	M	178	A		-1	1837.97709072	[1, 1, 1, 1, 1, 1, 1, 1, 1, 1, 1, 1]
	482122	332293	365820	6	M	197	A		-1	1838.15808707	[1, 1, 1, 1, 1, 1, 1, 1, 1, 1, 1, 1]
	398832	394398	369982	6	M	14	A		-1	1838.46258954	[1, 1, 1, 1, 1, 1, 1, 1, 1, 1, 1, 1]
	437500	329317	267665	6	M	177	A		-1	1838.55898862	[1, 1, 1, 1, 1, 1, 1, 1, 1, 1, 1, 1]
	457175	330439	277607	6	M	22	A		-1	1838.58484651	[1, 1, 1, 1, 1, 1, 1, 1, 1, 1, 1, 1]
	442148	329334	296613	6	M	53	A		-1	1838.71651511	[1, 1, 1, 1, 1, 1, 1, 1, 1, 1, 1, 1]
	398306	394398	214595	6	M	6	A		-1	1838.89796979	[1, 1, 1, 1, 1, 1, 1, 1, 1, 1, 1, 1]
	477177	336452	355893	6	M	186	A		-1	1839.07198082	[1, 1, 1, 1, 1, 1, 1, 1, 1, 1, 1, 0]
	419482	328709	152224	6	M	133	A		-1	1839.36129103	[1, 1, 1, 1, 1, 1, 1, 1, 1, 1, 1, 1]
	430893	329305	152638	6	M	138	A		-1	1839.69196366	[1, 1, 1, 1, 1, 1, 1, 1, 1, 1, 1, 1]
	411498	328161	372565	6	M	8	A		-1	1839.82203225	[1, 1, 1, 1, 1, 1, 1, 1, 1, 1, 1, 1]
	476405	336452	350787	6	M	59	A		-1	1839.90321778	[1, 1, 1, 1, 1, 1, 1, 1, 1, 1, 1, 1]
	337224	226263	254910	5	M	29	A		-1	1840.06647828	[1, 1, 1, 1, 1, 1, 1, 1, 1, 1, 1, 1]
	442022	329334	388504	6	M	111	A		-1	1840.14077444	[1, 1, 1, 1, 1, 1, 1, 1, 1, 1, 1, 1]
	448321	329655	216336	6	M	29	A		-1	1840.19241506	[1, 1, 1, 1, 1, 1, 1, 1, 1, 1, 1, 1]
	405144	327709	177469	6	M	189	A		-1	1840.35123211	[1, 1, 1, 1, 1, 1, 1, 1, 1, 1, 1, 0]
	492565	332733	345138	6	M	65	A		-1	1841.08346443	[1, 1, 1, 1, 1, 1, 1, 1, 1, 1, 1, 1]
	437244	329317	348180	6	M	24	A		-1	1841.18847351	[1, 1, 1, 1, 1, 1, 1, 1, 1, 1, 1, 1]
	448173	329655	278616	6	M	169	A		-1	1841.3226052	[1, 1, 1, 1, 1, 1, 1, 1, 1, 1, 1, 1]
	408575	327709	333252	6	M	68	A		-1	1841.37669831	[1, 1, 1, 1, 1, 1, 1, 1, 1, 1, 1, 0]
	474294	332008	255112	6	M	200	A		-1	1841.40417131	[1, 1, 1, 1, 1, 1, 1, 1, 1, 1, 1, 1]
	455493	330439	376735	6	M	147	A		-1	1841.51481809	[1, 1, 1, 1, 1, 1, 1, 1, 1, 1, 1, 1]
	461311	330752	304784	6	M	191	A		-1	1841.93693307	[1, 1, 1, 1, 1, 1, 1, 1, 1, 1, 1, 1]
	449469	330431	207718	6	M	50	A		-1	1842.01491482	[1, 1, 1, 1, 1, 1, 1, 1, 1, 1, 1, 1]
	421262	328709	300734	6	M	8	A		-1	1842.4369992	[1, 1, 1, 1, 1, 1, 1, 1, 1, 1, 1, 1]
	435211	329317	386578	6	M	32	A		-1	1842.48773861	[1, 1, 1, 1, 1, 1, 1, 1, 1, 1, 1, 1]
	358556	228078	225897	5	M	23	A		-1	1842.52234239	[1, 1, 1, 1, 1, 1, 1, 1, 1, 1, 1, 1]
	398694	394398	342468	6	M	101	A		-1	1843.17905971	[1, 1, 1, 1, 1, 1, 1, 1, 1, 1, 1, 1]
	371044	228343	233042	5	M	133	A		-1	1843.41707607	[1, 1, 1, 1, 1, 1, 1, 1, 1, 1, 1, 1]
	493441	332733	334004	6	M	178	A		-1	1843.68694	[1, 1, 1, 1, 1, 1, 1, 1, 1, 1, 1, 1]
	242666	146546	162871	4	M	138	A		-1	1844.13346959	[1, 1, 1, 1, 1, 1, 1, 1, 1, 1, 1, 1]
	434652	329317	368609	6	M	77	A		-1	1844.42937958	[1, 1, 1, 1, 1, 1, 1, 1, 1, 1, 1, 1]
	459729	330752	353384	6	M	11	A		-1	1844.4355422	[0, 1, 1, 1, 1, 1, 1, 1, 1, 1, 1, 1]
	410646	328161	306665	6	M	45	A		-1	1844.6555317	[1, 1, 1, 1, 1, 1, 1, 1, 1, 1, 1, 1]
	464720	331416	235567	6	M	160	A		-1	1844.97184174	[1, 1, 1, 1, 1, 1, 1, 1, 1, 1, 1, 1]
	486001	332363	369670	6	M	28	A		-1	1845.05445491	[1, 1, 1, 1, 1, 1, 1, 1, 1, 1, 1, 1]
	447948	329655	336601	6	M	154	A		-1	1845.07940504	[1, 1, 1, 1, 1, 1, 1, 1, 1, 1, 1, 1]
	439082	329317	229704	6	M	88	A		-1	1845.44091158	[1, 1, 1, 1, 1, 1, 1, 1, 1, 1, 1, 1]
	476224	336452	354173	6	M	138	A		-1	1845.67974432	[1, 1, 1, 1, 1, 1, 1, 1, 1, 1, 1, 1]
	475327	336452	207968	6	M	28	A		-1	1845.68736365	[1, 1, 1, 1, 1, 1, 1, 1, 1, 1, 1, 1]
	476902	336452	360383	6	M	120	A		-1	1845.8913974	[1, 1, 1, 1, 1, 1, 1, 1, 1, 1, 1, 1]
	403954	331939	311565	6	M	168	A		-1	1845.89254756	[1, 1, 1, 1, 1, 1, 1, 1, 1, 1, 1, 0]
	494257	332733	231417	6	M	132	A		-1	1846.89201804	[1, 1, 1, 1, 1, 1, 1, 1, 1, 1, 1, 1]
	478532	336452	370288	6	M	173	A		-1	1847.00101929	[1, 1, 1, 1, 1, 1, 1, 1, 1, 1, 1, 1]
	436766	329317	384457	6	M	96	A		-1	1847.0427936	[1, 1, 1, 1, 1, 1, 1, 1, 1, 1, 1, 1]
	440550	329334	310785	6	M	86	A		-1	1847.10626032	[1, 1, 1, 1, 1, 1, 1, 1, 1, 1, 1, 1]
	460415	330752	302287	6	M	93	A		-1	1847.16952787	[1, 1, 1, 1, 1, 1, 1, 1, 1, 1, 1, 1]
	443335	329334	368748	6	M	85	A		-1	1847.25735698	[1, 1, 1, 1, 1, 1, 1, 1, 1, 1, 1, 1]
	443538	329334	257437	6	M	104	A		-1	1847.45688502	[1, 1, 1, 1, 1, 1, 1, 1, 1, 1, 1, 1]
	447111	329655	381861	6	M	199	A		-1	1847.47940523	[1, 1, 1, 1, 1, 1, 1, 1, 1, 1, 1, 1]
	481192	332293	363322	6	M	24	A		-1	1847.75557087	[1, 1, 1, 1, 1, 1, 1, 1, 1, 1, 1, 1]
	458596	330439	342217	6	M	138	A		-1	1847.929927	[1, 1, 1, 1, 1, 1, 1, 1, 1, 1, 1, 1]
	468767	331416	302537	6	M	172	A		-1	1848.19870371	[1, 1, 1, 1, 1, 1, 1, 1, 1, 1, 1, 1]
	432102	329305	344110	6	M	178	A		-1	1848.25821822	[1, 1, 1, 1, 1, 1, 1, 1, 1, 1, 1, 1]
	426337	329041	332732	6	M	152	A		-1	1848.3815921	[1, 1, 1, 1, 1, 1, 1, 1, 1, 1, 1, 1]
	449428	329655	301770	6	M	78	A		-1	1848.56216634	[1, 1, 1, 1, 1, 1, 1, 1, 1, 1, 1, 1]
	407751	327709	303815	6	M	198	A		-1	1848.70245543	[1, 1, 1, 1, 1, 1, 1, 1, 1, 1, 1, 0]
	459536	330752	368063	6	M	173	A		-1	1848.79484489	[1, 1, 1, 1, 1, 1, 1, 1, 1, 1, 1, 1]
	478372	336452	342896	6	M	196	A		-1	1849.05652886	[1, 1, 1, 1, 1, 1, 1, 1, 1, 1, 1, 1]
	455520	330439	316993	6	M	114	A		-1	1849.21868286	[1, 1, 1, 1, 1, 1, 1, 1, 1, 1, 1, 1]
	436715	329317	385221	6	M	77	A		-1	1849.2703197	[1, 1, 1, 1, 1, 1, 1, 1, 1, 1, 1, 1]
	413310	328161	334560	6	M	100	A		-1	1849.60158435	[1, 1, 1, 1, 1, 1, 1, 1, 1, 1, 1, 1]
	404838	327709	325115	6	M	111	A		-1	1849.81504151	[1, 1, 1, 1, 1, 1, 1, 1, 1, 1, 1, 0]
	426704	329041	388503	6	M	114	A		-1	1849.8936911	[1, 1, 1, 1, 1, 1, 1, 1, 1, 1, 1, 1]
	491971	332733	86241	6	M	153	A		-1	1849.93701386	[1, 1, 1, 1, 1, 1, 1, 1, 1, 1, 1, 1]
	466419	331416	334824	6	M	134	A		-1	1850.01141655	[1, 1, 1, 1, 1, 1, 1, 1, 1, 1, 1, 1]
	473009	332008	308980	6	M	138	A		-1	1850.18374676	[1, 1, 1, 1, 1, 1, 1, 1, 1, 1, 1, 0]
	476863	336452	310536	6	M	84	A		-1	1850.4554412	[1, 1, 1, 1, 1, 1, 1, 1, 1, 1, 1, 1]
	354544	228078	220007	5	M	67	A		-1	1850.50831983	[1, 1, 1, 1, 1, 1, 1, 1, 1, 1, 1, 1]
	437449	329317	252846	6	M	18	A		-1	1850.53979672	[1, 1, 1, 1, 1, 1, 1, 1, 1, 1, 1, 1]
	457599	330439	322700	6	M	191	A		-1	1850.96958958	[1, 1, 1, 1, 1, 1, 1, 1, 1, 1, 1, 0]
	412786	328161	390380	6	M	48	A		-1	1850.98973708	[1, 1, 1, 1, 1, 1, 1, 1, 1, 1, 1, 1]
	433761	329305	299278	6	M	44	A		-1	1851.64291023	[1, 1, 1, 1, 1, 1, 1, 1, 1, 1, 1, 1]
	436384	329317	391742	6	M	109	A		-1	1851.72378746	[1, 1, 1, 1, 1, 1, 1, 1, 1, 1, 1, 1]
	414884	328576	317497	6	M	136	A		-1	1851.73969779	[1, 1, 1, 1, 1, 1, 1, 1, 1, 1, 1, 1]
	426140	329041	255755	6	M	105	A		-1	1851.81610141	[1, 1, 1, 1, 1, 1, 1, 1, 1, 1, 1, 1]
	491489	332733	361148	6	M	179	A		-1	1851.94465438	[1, 1, 1, 1, 1, 1, 1, 1, 1, 1, 1, 1]
	432017	329305	203001	6	M	91	A		-1	1852.30337903	[1, 1, 1, 1, 1, 1, 1, 1, 1, 1, 1, 1]
	430980	329305	354876	6	M	9	A		-1	1852.42684787	[1, 1, 1, 1, 1, 1, 1, 1, 1, 1, 1, 1]
	414950	328576	208270	6	M	190	A		-1	1852.45379694	[1, 1, 1, 1, 1, 1, 1, 1, 1, 1, 1, 1]
	421255	328709	308384	6	M	176	A		-1	1852.47117341	[1, 1, 1, 1, 1, 1, 1, 1, 1, 1, 1, 1]
	409406	327709	358570	6	M	170	A		-1	1852.71532053	[1, 1, 1, 1, 1, 1, 1, 1, 1, 1, 1, 1]
	491699	332733	343360	6	M	39	A		-1	1853.02940118	[1, 1, 1, 1, 1, 1, 1, 1, 1, 1, 1, 1]
	436336	329317	386503	6	M	181	A		-1	1853.13044706	[1, 1, 1, 1, 1, 1, 1, 1, 1, 1, 1, 1]
	414250	328161	247838	6	M	152	A		-1	1853.28670084	[1, 1, 1, 1, 1, 1, 1, 1, 1, 1, 1, 1]
	472707	332008	323601	6	M	27	A		-1	1853.28779376	[1, 1, 1, 1, 1, 1, 1, 1, 1, 1, 1, 1]
	471219	332008	298974	6	M	124	A		-1	1853.62453985	[1, 1, 1, 1, 1, 1, 1, 1, 1, 1, 1, 1]
	467546	331416	290849	6	M	77	A		-1	1854.35143613	[1, 1, 1, 1, 1, 1, 1, 1, 1, 1, 1, 1]
	355773	228078	290199	5	M	200	A		-1	1854.96153299	[1, 1, 1, 1, 1, 1, 1, 1, 1, 1, 1, 1]
	470413	332008	351986	6	M	165	A		-1	1854.98755899	[1, 1, 1, 1, 1, 1, 1, 1, 1, 1, 1, 1]
	417906	328576	297101	6	M	22	A		-1	1855.05867214	[1, 1, 1, 1, 1, 1, 1, 1, 1, 1, 1, 1]
	473707	332008	314317	6	M	98	A		-1	1855.06228321	[1, 1, 1, 1, 1, 1, 1, 1, 1, 1, 1, 1]
	434737	329317	360848	6	M	82	A		-1	1855.39955174	[1, 1, 1, 1, 1, 1, 1, 1, 1, 1, 1, 1]
	447236	329655	223865	6	M	133	A		-1	1856.64554079	[1, 1, 1, 1, 1, 1, 1, 1, 1, 1, 1, 1]
	414814	328576	346592	6	M	156	A		-1	1857.35015258	[1, 1, 1, 1, 1, 1, 1, 1, 1, 1, 1, 1]
	425279	329041	381561	6	M	175	A		-1	1857.75680923	[1, 1, 1, 1, 1, 1, 1, 1, 1, 1, 1, 1]
	438520	329317	228512	6	M	173	A		-1	1857.87531034	[1, 1, 1, 1, 1, 1, 1, 1, 1, 1, 1, 1]
	428205	329041	367850	6	M	24	A		-1	1858.0848686	[1, 1, 1, 1, 1, 1, 1, 1, 1, 1, 1, 1]
	426138	329041	337196	6	M	26	A		-1	1858.17928292	[1, 1, 1, 1, 1, 1, 1, 1, 1, 1, 1, 1]
	450138	330431	204471	6	M	166	A		-1	1858.19424467	[1, 1, 1, 1, 1, 1, 1, 1, 1, 1, 1, 1]
	483442	332293	320542	6	M	52	A		-1	1858.60290518	[1, 1, 1, 1, 1, 1, 1, 1, 1, 1, 1, 1]
	476221	336452	361012	6	M	121	A		-1	1859.22588749	[1, 1, 1, 1, 1, 1, 1, 1, 1, 1, 1, 1]
	453875	330431	298005	6	M	99	A		-1	1859.46092594	[1, 1, 1, 1, 1, 1, 1, 1, 1, 1, 1, 0]
	401016	331939	316249	6	M	110	A		-1	1859.62229859	[1, 0, 1, 1, 1, 1, 1, 1, 1, 1, 1, 1]
	464221	330752	281814	6	M	36	A		-1	1859.74555599	[1, 1, 1, 1, 1, 1, 1, 1, 1, 1, 1, 1]
	405810	327709	286551	6	M	190	A		-1	1860.03439712	[1, 1, 1, 1, 1, 0, 1, 1, 1, 1, 1, 0]
	427512	329041	356612	6	M	36	A		-1	1860.21032785	[1, 1, 1, 1, 1, 1, 1, 1, 1, 1, 1, 1]
	493338	332733	370946	6	M	150	A		-1	1860.48309545	[1, 1, 1, 1, 1, 1, 1, 1, 1, 1, 1, 1]
	464232	330752	387213	6	M	194	A		-1	1860.63611697	[1, 1, 1, 1, 1, 1, 1, 1, 1, 1, 1, 0]
	453684	330431	328032	6	M	147	A		-1	1860.64086347	[1, 1, 1, 1, 1, 1, 1, 1, 1, 1, 1, 0]
	356560	228078	213852	5	M	164	A		-1	1860.72551972	[1, 1, 1, 1, 1, 1, 1, 1, 1, 1, 1, 1]
	492730	332733	326804	6	M	12	A		-1	1860.77593373	[1, 1, 1, 1, 1, 1, 1, 1, 1, 1, 1, 1]
	397558	394398	249204	6	M	193	A		-1	1861.25194879	[1, 1, 1, 1, 1, 1, 1, 1, 1, 1, 1, 1]
	336651	226263	255379	5	M	110	A		-1	1861.33079649	[1, 1, 1, 1, 1, 1, 1, 1, 1, 1, 1, 1]
	394526	394398	388985	6	M	113	A		-1	1861.48412281	[1, 1, 1, 1, 1, 1, 1, 1, 1, 1, 1, 1]
	414139	328161	339029	6	M	86	A		-1	1861.58191406	[1, 1, 1, 1, 1, 0, 1, 1, 1, 1, 1, 1]
	404388	331939	314092	6	M	88	A		-1	1861.76729245	[1, 1, 1, 1, 1, 1, 1, 1, 1, 1, 1, 1]
	410803	328161	377976	6	M	122	A		-1	1861.88857678	[1, 1, 1, 1, 1, 1, 1, 1, 1, 1, 1, 1]
	355867	228078	243342	5	M	47	A		-1	1862.0551331	[1, 1, 1, 1, 1, 1, 1, 1, 1, 1, 1, 1]
	456153	330439	254982	6	M	176	A		-1	1862.38458506	[1, 1, 1, 1, 1, 1, 1, 1, 1, 1, 1, 1]
	444374	329334	348391	6	M	30	A		-1	1862.40786611	[1, 1, 1, 1, 1, 1, 1, 1, 1, 1, 1, 1]
	441949	329334	327403	6	M	53	A		-1	1862.42849789	[1, 1, 1, 1, 1, 1, 1, 1, 1, 1, 1, 1]
	410180	328161	372505	6	M	131	A		-1	1862.54434768	[1, 1, 1, 1, 1, 1, 1, 1, 1, 1, 1, 1]
	431351	329305	201659	6	M	76	A		-1	1862.63856096	[1, 1, 1, 1, 1, 1, 1, 1, 1, 1, 1, 1]
	325551	225719	213079	5	M	142	A		-1	1862.68772143	[1, 1, 1, 1, 1, 1, 1, 1, 1, 1, 1, 1]
	489473	332733	355297	6	M	111	A		-1	1862.77689552	[1, 1, 1, 1, 1, 1, 1, 1, 1, 1, 1, 1]
	358704	228078	277838	5	M	62	A		-1	1863.25901097	[1, 1, 1, 1, 1, 1, 1, 1, 1, 1, 1, 1]
	435934	329317	199979	6	M	125	A		-1	1863.42688083	[1, 1, 1, 1, 1, 1, 1, 1, 1, 1, 1, 1]
	356012	228078	169480	5	M	175	A		-1	1863.90594478	[1, 1, 1, 1, 1, 1, 1, 1, 1, 1, 1, 1]
	477250	336452	244698	6	M	45	A		-1	1864.0757928	[1, 1, 1, 1, 1, 1, 1, 1, 1, 1, 1, 1]
	423504	328709	385454	6	M	190	A		-1	1864.61036329	[1, 1, 1, 1, 1, 1, 1, 1, 1, 1, 1, 1]
	431570	329305	316371	6	M	34	A		-1	1865.59444724	[1, 1, 1, 1, 1, 1, 1, 1, 1, 1, 1, 1]
	436348	329317	282581	6	M	45	A		-1	1865.83739339	[1, 1, 1, 1, 1, 1, 1, 1, 1, 1, 1, 1]
	453898	330431	351021	6	M	200	A		-1	1865.92033945	[1, 1, 1, 1, 1, 1, 1, 1, 1, 1, 1, 1]
	422278	328709	303950	6	M	144	A		-1	1866.06724435	[1, 1, 1, 1, 1, 1, 1, 1, 1, 1, 1, 1]
	354605	228078	293437	5	M	6	A		-1	1866.13767498	[1, 1, 1, 1, 1, 1, 1, 1, 1, 1, 1, 1]
	451223	330431	320320	6	M	184	A		-1	1867.86880465	[1, 1, 1, 1, 1, 1, 1, 1, 1, 1, 1, 1]
	398288	394398	303319	6	M	14	A		-1	1868.37964271	[1, 1, 1, 1, 1, 1, 1, 1, 1, 1, 1, 1]
	405986	327709	326490	6	M	47	A		-1	1868.9214263	[1, 1, 1, 1, 1, 1, 1, 1, 1, 1, 1, 1]
	487144	332363	381350	6	M	166	A		-1	1869.46577824	[1, 1, 1, 1, 1, 1, 1, 1, 1, 1, 1, 1]
	395524	394398	357316	6	M	178	A		-1	1869.82334357	[1, 1, 1, 1, 1, 1, 1, 1, 1, 1, 1, 1]
	438586	329317	381714	6	M	66	A		-1	1869.95030358	[1, 1, 1, 1, 1, 1, 1, 1, 1, 1, 1, 1]
	305254	224995	148343	5	M	49	A		-1	1870.08004428	[1, 1, 1, 0, 1, 1, 1, 1, 1, 1, 1, 1]
	474756	336452	388235	6	M	110	A		-1	1870.82810479	[1, 1, 1, 1, 1, 1, 1, 1, 1, 1, 1, 1]
	449906	330431	314398	6	M	126	A		-1	1871.22085049	[1, 1, 1, 1, 1, 1, 1, 1, 1, 1, 1, 1]
	486979	332363	247634	6	M	6	A		-1	1872.34380378	[1, 1, 1, 1, 1, 1, 1, 1, 1, 1, 1, 1]
	461325	330752	311567	6	M	22	A		-1	1872.58808558	[1, 1, 1, 1, 1, 1, 1, 1, 1, 1, 1, 1]
	478748	336452	211686	6	M	127	A		-1	1872.9735466	[1, 1, 1, 1, 1, 1, 1, 1, 1, 1, 1, 1]
	358841	228078	263186	5	M	27	A		-1	1873.77841445	[1, 1, 1, 1, 1, 1, 1, 1, 1, 1, 1, 1]
	394627	394398	341840	6	M	10	A		-1	1874.01309496	[1, 1, 1, 1, 1, 1, 1, 1, 1, 1, 1, 1]
	414803	328576	387471	6	M	105	A		-1	1874.76810782	[1, 1, 1, 1, 1, 1, 1, 1, 1, 1, 1, 1]
	430863	329305	363170	6	M	75	A		-1	1876.52143867	[1, 1, 1, 1, 1, 1, 1, 1, 1, 1, 1, 1]
	400732	331939	382024	6	M	7	A		-1	1876.76626283	[1, 1, 1, 1, 1, 1, 1, 1, 1, 1, 1, 1]
	470744	332008	301338	6	M	105	A		-1	1876.97591089	[1, 1, 1, 1, 1, 1, 1, 1, 1, 1, 1, 1]
	470053	332008	378334	6	M	176	A		-1	1878.06695864	[1, 1, 1, 1, 1, 1, 1, 1, 1, 1, 1, 1]
	458224	330439	262293	6	M	103	A		-1	1878.301067	[1, 1, 1, 1, 1, 1, 1, 1, 1, 1, 1, 1]
	403131	331939	343608	6	M	97	A		-1	1878.44826945	[1, 1, 1, 1, 1, 1, 1, 1, 1, 1, 1, 1]
	402967	331939	336242	6	M	8	A		-1	1878.4984218	[1, 1, 1, 1, 1, 1, 1, 1, 1, 1, 1, 1]
	437723	329317	302900	6	M	12	A		-1	1878.95873731	[1, 1, 1, 1, 1, 1, 1, 1, 1, 1, 1, 0]
	491115	332733	356389	6	M	18	A		-1	1879.4190545	[1, 1, 1, 1, 1, 1, 1, 1, 1, 1, 1, 1]
	441676	329334	227199	6	M	146	A		-1	1879.79684689	[1, 1, 1, 1, 1, 1, 1, 1, 1, 1, 1, 1]
	473782	332008	372237	6	M	41	A		-1	1879.83705943	[1, 1, 1, 1, 1, 1, 1, 1, 1, 1, 1, 1]
	403248	331939	331318	6	M	115	A		-1	1880.16201682	[1, 1, 1, 1, 1, 1, 1, 1, 1, 1, 1, 1]
	441231	329334	305775	6	M	39	A		-1	1880.28914428	[1, 1, 1, 1, 1, 1, 1, 1, 1, 1, 1, 1]
	412261	328161	147451	6	M	133	A		-1	1880.52050024	[1, 1, 1, 1, 1, 1, 1, 1, 1, 1, 1, 1]
	477582	336452	165385	6	M	84	A		-1	1880.55804464	[1, 1, 1, 1, 1, 1, 1, 1, 1, 1, 1, 1]
	349740	227728	244079	5	M	165	A		-1	1881.17174865	[1, 1, 1, 1, 1, 1, 1, 1, 1, 1, 1, 1]
	398632	394398	336424	6	M	122	A		-1	1881.64391992	[1, 1, 1, 1, 1, 1, 1, 1, 1, 1, 1, 1]
	493931	332733	392598	6	M	5	A		-1	1881.73565484	[1, 1, 1, 1, 1, 1, 1, 1, 1, 1, 1, 1]
	409607	328161	237770	6	M	180	A		-1	1882.04914192	[1, 1, 1, 1, 1, 1, 1, 1, 1, 1, 1, 1]
	407035	327709	317563	6	M	199	A		-1	1882.48807835	[1, 1, 1, 1, 1, 1, 1, 1, 1, 1, 1, 1]
	430691	329305	319327	6	M	151	A		-1	1882.65162888	[1, 1, 1, 1, 1, 1, 1, 1, 1, 1, 1, 1]
	437635	329317	202556	6	M	84	A		-1	1882.8577918	[1, 1, 1, 1, 1, 1, 1, 1, 1, 1, 1, 1]
	466018	331416	258968	6	M	174	A		-1	1882.93380201	[1, 1, 1, 1, 1, 1, 1, 1, 1, 1, 1, 1]
	431165	329305	315297	6	M	79	A		-1	1883.16341331	[1, 1, 1, 1, 1, 1, 1, 1, 1, 1, 1, 1]
	474081	332008	368080	6	M	122	A		-1	1883.20564123	[1, 0, 1, 1, 1, 1, 1, 1, 1, 1, 1, 1]
	452456	330431	329282	6	M	20	A		-1	1883.50138179	[1, 1, 1, 1, 1, 1, 1, 1, 1, 1, 1, 1]
	427440	329041	391599	6	M	186	A		-1	1883.60310036	[1, 1, 1, 1, 1, 1, 1, 1, 1, 1, 1, 1]
	475696	336452	311502	6	M	114	A		-1	1883.67218672	[1, 1, 1, 1, 1, 1, 1, 1, 1, 1, 1, 1]
	492892	332733	387658	6	M	191	A		-1	1883.88393356	[1, 1, 1, 1, 1, 1, 1, 1, 1, 1, 1, 1]
	438155	329317	339650	6	M	183	A		-1	1884.06551129	[1, 1, 1, 1, 1, 1, 1, 1, 1, 1, 1, 1]
	459290	330439	381478	6	M	167	A		-1	1884.35198522	[1, 1, 1, 1, 1, 1, 1, 1, 1, 1, 1, 1]
	492567	332733	378528	6	M	193	A		-1	1884.85503619	[1, 1, 1, 1, 1, 1, 1, 1, 1, 1, 1, 1]
	421798	328709	351461	6	M	12	A		-1	1885.05514485	[1, 1, 1, 1, 1, 1, 1, 1, 1, 1, 1, 1]
	415440	328576	208776	6	M	97	A		-1	1885.36114713	[1, 1, 1, 1, 1, 1, 1, 1, 1, 1, 1, 1]
	449726	330431	373271	6	M	2	A		-1	1885.49485585	[1, 1, 1, 1, 1, 1, 1, 1, 1, 1, 1, 1]
	416210	328576	148294	6	M	36	A		-1	1885.63217752	[1, 1, 1, 1, 1, 1, 1, 1, 1, 1, 1, 1]
	404287	331939	298197	6	M	194	A		-1	1885.70394501	[1, 1, 1, 1, 1, 1, 1, 1, 1, 1, 1, 1]
	401872	331939	382243	6	M	62	A		-1	1886.11166481	[1, 1, 1, 1, 1, 1, 1, 1, 1, 1, 1, 1]
	469869	332008	385906	6	M	181	A		-1	1887.19447646	[1, 1, 1, 1, 1, 1, 1, 1, 1, 1, 1, 1]
	399234	394398	330745	6	M	164	A		-1	1887.2295835	[1, 1, 1, 1, 1, 1, 1, 1, 1, 1, 1, 1]
	487721	332363	346692	6	M	91	A		-1	1887.23637125	[1, 1, 0, 1, 1, 1, 1, 1, 1, 1, 1, 1]
	452396	330431	367001	6	M	95	A		-1	1887.46641655	[1, 1, 1, 1, 1, 1, 1, 1, 1, 1, 1, 1]
	437536	329317	377613	6	M	172	A		-1	1888.33759087	[1, 1, 1, 1, 1, 1, 1, 1, 1, 1, 1, 1]
	407767	327709	384567	6	M	176	A		-1	1891.06391343	[1, 1, 1, 1, 1, 1, 1, 1, 1, 1, 1, 0]
	472225	332008	384574	6	M	172	A		-1	1891.40912309	[1, 1, 1, 1, 1, 1, 1, 1, 1, 1, 1, 0]
	485675	332363	370464	6	M	161	A		-1	1891.73147622	[1, 1, 1, 1, 1, 1, 1, 1, 1, 1, 1, 1]
	475494	336452	152893	6	M	111	A		-1	1891.83213209	[1, 1, 1, 1, 1, 1, 1, 1, 1, 1, 1, 1]
	430551	329305	338267	6	M	177	A		-1	1892.7152682	[1, 1, 1, 1, 1, 1, 1, 1, 1, 1, 1, 1]
	420244	328709	362700	6	M	169	A		-1	1893.05730229	[1, 1, 1, 1, 1, 1, 1, 1, 1, 1, 1, 1]
	429348	329041	163800	6	M	19	A		-1	1893.29855333	[1, 1, 1, 1, 1, 1, 1, 1, 1, 1, 1, 1]
	493384	332733	325466	6	M	188	A		-1	1893.35096104	[1, 1, 1, 1, 1, 1, 1, 1, 1, 1, 1, 1]
	489379	332363	309068	6	M	174	A		-1	1894.00948525	[1, 1, 1, 1, 1, 1, 1, 1, 1, 1, 1, 1]
	436408	329317	326798	6	M	8	A		-1	1894.31378724	[1, 1, 1, 1, 1, 1, 1, 1, 1, 1, 1, 1]
	436452	329317	324984	6	M	106	A		-1	1894.59998093	[1, 1, 1, 1, 1, 1, 1, 1, 1, 1, 1, 1]
	437738	329317	314778	6	M	123	A		-1	1896.09969889	[1, 1, 1, 1, 1, 1, 1, 1, 1, 1, 1, 1]
	469004	331416	383154	6	M	150	A		-1	1896.59495661	[1, 1, 1, 1, 1, 1, 1, 1, 1, 1, 1, 1]
	356913	228078	251435	5	M	79	A		-1	1896.84293853	[1, 1, 1, 1, 1, 1, 1, 1, 1, 1, 1, 1]
	458020	330439	302938	6	M	157	A		-1	1897.16389283	[1, 1, 1, 1, 1, 1, 1, 1, 1, 1, 1, 1]
	421437	328709	364131	6	M	60	A		-1	1897.62020351	[1, 1, 1, 1, 1, 1, 1, 1, 1, 1, 1, 1]
	485146	332363	286023	6	M	160	A		-1	1897.73929828	[1, 1, 1, 1, 1, 0, 1, 1, 1, 1, 1, 1]
	443442	329334	301537	6	M	20	A		-1	1897.74763698	[1, 1, 1, 1, 1, 1, 1, 1, 1, 1, 1, 1]
	439960	329334	367107	6	M	182	A		-1	1898.21169451	[1, 1, 1, 1, 1, 1, 1, 1, 1, 1, 1, 1]
	405652	327709	294774	6	M	15	A		-1	1898.36529432	[1, 1, 1, 1, 1, 1, 1, 1, 1, 1, 1, 1]
	451571	330431	294814	6	M	15	A		-1	1899.25960234	[1, 1, 1, 1, 1, 1, 1, 1, 1, 1, 1, 1]
	429999	329305	313177	6	M	22	A		-1	1899.26104386	[1, 1, 1, 1, 1, 1, 1, 1, 1, 1, 1, 1]
	407178	327709	357896	6	M	129	A		-1	1899.93901353	[1, 1, 1, 1, 1, 1, 1, 1, 1, 1, 1, 0]
	494166	332733	195312	6	M	166	A		-1	1900.12032013	[1, 1, 1, 0, 1, 1, 1, 1, 1, 1, 1, 1]
	400688	331939	365033	6	M	98	A		-1	1900.32079216	[1, 1, 1, 1, 1, 1, 1, 1, 1, 1, 1, 1]
	477356	336452	353788	6	M	98	A		-1	1901.52632912	[1, 1, 1, 1, 1, 1, 1, 1, 1, 1, 1, 1]
	442017	329334	319211	6	M	91	A		-1	1901.72420663	[1, 1, 1, 1, 1, 1, 1, 1, 1, 1, 1, 1]
	422934	328709	185712	6	M	24	A		-1	1901.77779131	[1, 1, 1, 1, 1, 1, 1, 1, 1, 1, 1, 1]
	440782	329334	389884	6	M	183	A		-1	1901.81393327	[1, 1, 1, 1, 1, 1, 1, 1, 1, 1, 1, 1]
	480798	332293	311823	6	M	16	A		-1	1901.88221936	[1, 1, 1, 1, 1, 1, 1, 1, 1, 1, 1, 1]
	476725	336452	319001	6	M	162	A		-1	1902.12695095	[1, 1, 1, 0, 1, 1, 1, 1, 1, 1, 1, 1]
	412335	328161	255063	6	M	195	A		-1	1902.4453177	[1, 1, 1, 1, 1, 1, 1, 1, 1, 1, 1, 1]
	400793	331939	333150	6	M	133	A		-1	1902.57431457	[1, 1, 1, 1, 1, 1, 1, 1, 1, 1, 1, 0]
	443889	329334	356058	6	M	53	A		-1	1902.62440644	[1, 1, 1, 1, 1, 1, 1, 1, 1, 1, 1, 1]
	446002	329655	367135	6	M	27	A		-1	1902.71757093	[1, 1, 1, 1, 1, 1, 1, 1, 1, 1, 1, 1]
	410480	328161	249877	6	M	32	A		-1	1902.76513463	[1, 1, 1, 1, 1, 1, 1, 1, 1, 1, 1, 1]
	492564	332733	131165	6	M	189	A		-1	1902.87976275	[1, 1, 1, 1, 1, 1, 1, 1, 1, 1, 1, 1]
	466022	331416	358407	6	M	156	A		-1	1903.09301669	[1, 1, 1, 1, 1, 1, 1, 1, 1, 1, 1, 1]
	459037	330439	278014	6	M	184	A		-1	1903.24000487	[1, 1, 1, 1, 1, 1, 1, 1, 1, 1, 1, 1]
	354560	228078	134921	5	M	90	A		-1	1903.89161747	[1, 1, 1, 1, 1, 1, 1, 1, 1, 1, 1, 1]
	419842	328709	348716	6	M	6	A		-1	1904.21550194	[1, 1, 1, 1, 1, 1, 1, 1, 1, 1, 1, 1]
	410013	328161	287213	6	M	186	A		-1	1904.37265642	[1, 1, 1, 1, 1, 1, 1, 1, 1, 1, 1, 1]
	432450	329305	380846	6	M	45	A		-1	1905.64275424	[1, 1, 1, 1, 1, 1, 1, 1, 1, 1, 1, 1]
	419803	328709	365195	6	M	13	A		-1	1905.85955955	[1, 1, 1, 1, 1, 1, 1, 1, 1, 1, 1, 1]
	478910	336452	356928	6	M	130	A		-1	1906.204015	[1, 1, 1, 1, 1, 1, 1, 1, 1, 1, 1, 1]
	475815	336452	340659	6	M	168	A		-1	1906.6137051	[1, 1, 1, 1, 1, 1, 1, 1, 1, 1, 1, 1]
	487798	332363	310235	6	M	165	A		-1	1907.08181169	[1, 1, 1, 1, 1, 1, 1, 1, 1, 1, 1, 1]
	404782	327709	313511	6	M	3	A		-1	1907.96684753	[1, 1, 1, 1, 1, 1, 1, 1, 1, 1, 1, 1]
	417784	328576	328209	6	M	153	A		-1	1908.66756954	[1, 1, 1, 1, 1, 1, 1, 1, 1, 1, 1, 1]
	466082	331416	377239	6	M	37	A		-1	1908.78128243	[1, 1, 1, 1, 1, 1, 1, 1, 1, 1, 1, 1]
	461689	330752	296182	6	M	141	A		-1	1908.80103124	[1, 1, 1, 1, 1, 1, 1, 1, 1, 1, 1, 0]
	354792	228078	279842	5	M	45	A		-1	1908.94865556	[1, 1, 1, 1, 1, 1, 1, 1, 1, 1, 1, 1]
	460861	330752	360971	6	M	71	A		-1	1908.99341834	[1, 1, 1, 1, 1, 1, 1, 1, 1, 1, 1, 1]
	326685	225719	258793	5	M	169	A		-1	1909.51157819	[1, 1, 1, 1, 1, 1, 1, 1, 1, 1, 1, 1]
	404172	331939	343755	6	M	130	A		-1	1909.71472274	[1, 1, 1, 1, 1, 1, 1, 1, 1, 1, 1, 1]
	478542	336452	286548	6	M	179	A		-1	1909.7196906	[1, 1, 1, 1, 1, 1, 1, 1, 1, 1, 1, 1]
	434016	329305	357560	6	M	194	A		-1	1909.77830089	[1, 1, 1, 1, 1, 1, 1, 1, 1, 1, 1, 1]
	410865	328161	327573	6	M	198	A		-1	1909.94402729	[1, 1, 1, 1, 1, 1, 1, 1, 1, 1, 1, 1]
	404739	327709	355464	6	M	124	A		-1	1911.4889311	[1, 1, 1, 1, 1, 1, 1, 1, 1, 1, 1, 1]
	417002	328576	380047	6	M	1	A		-1	1912.1617233	[1, 1, 1, 1, 1, 1, 1, 1, 1, 1, 1, 1]
	478185	336452	348857	6	M	164	A		-1	1912.35552334	[1, 1, 1, 1, 1, 1, 1, 1, 1, 1, 1, 1]
	459071	330439	333236	6	M	183	A		-1	1912.41928738	[1, 1, 1, 1, 1, 1, 1, 1, 1, 1, 1, 1]
	403521	331939	364133	6	M	57	A		-1	1912.99209954	[1, 1, 1, 1, 1, 1, 1, 1, 1, 1, 1, 1]
	418744	328576	313478	6	M	159	A		-1	1913.01238281	[1, 1, 1, 1, 1, 1, 1, 1, 1, 1, 1, 1]
	436390	329317	365641	6	M	66	A		-1	1913.44856153	[1, 1, 1, 1, 1, 1, 1, 1, 1, 1, 1, 1]
	489213	332363	220041	6	M	78	A		-1	1914.08741052	[1, 1, 1, 1, 1, 1, 1, 1, 1, 1, 1, 1]
	397298	394398	326907	6	M	125	A		-1	1914.48160042	[1, 1, 1, 1, 1, 1, 1, 1, 1, 1, 1, 1]
	437664	329317	326460	6	M	159	A		-1	1914.78567502	[1, 1, 1, 1, 1, 1, 1, 1, 1, 1, 1, 0]
	453008	330431	359726	6	M	68	A		-1	1915.95953526	[1, 1, 1, 1, 1, 1, 1, 1, 1, 1, 1, 1]
	402228	331939	372167	6	M	84	A		-1	1916.56893179	[1, 1, 1, 1, 1, 1, 1, 1, 1, 1, 1, 1]
	450149	330431	381490	6	M	34	A		-1	1917.00717237	[1, 1, 1, 0, 1, 1, 1, 1, 1, 1, 1, 1]
	423239	328709	391689	6	M	150	A		-1	1917.22067926	[1, 1, 1, 1, 1, 1, 1, 1, 1, 1, 1, 1]
	467650	331416	306091	6	M	146	A		-1	1917.7783392	[1, 1, 1, 1, 1, 1, 1, 1, 1, 1, 1, 1]
	486059	332363	230724	6	M	39	A		-1	1918.2583542	[1, 1, 1, 1, 1, 1, 1, 1, 1, 1, 1, 1]
	470889	332008	298138	6	M	188	A		-1	1919.40913543	[1, 1, 1, 1, 1, 1, 1, 1, 1, 1, 1, 1]
	486699	332363	301823	6	M	163	A		-1	1920.0988481	[1, 1, 1, 1, 1, 1, 1, 1, 1, 1, 1, 1]
	413196	328161	307491	6	M	172	A		-1	1920.53623267	[1, 1, 1, 1, 1, 1, 1, 1, 1, 1, 1, 1]
	428423	329041	298559	6	M	135	A		-1	1921.74990904	[1, 1, 1, 1, 1, 1, 1, 1, 1, 1, 1, 1]
	438899	329317	384700	6	M	66	A		-1	1922.49295844	[1, 1, 1, 1, 1, 1, 1, 1, 1, 1, 1, 0]
	420022	328709	313849	6	M	194	A		-1	1923.09438574	[1, 1, 1, 1, 1, 1, 1, 1, 1, 1, 1, 1]
	479861	332293	305601	6	M	42	A		-1	1923.1643241	[1, 1, 1, 1, 1, 1, 1, 1, 1, 1, 1, 1]
	446153	329655	298170	6	M	110	A		-1	1923.98632365	[1, 1, 1, 1, 1, 1, 1, 1, 1, 1, 1, 0]
	441938	329334	346202	6	M	114	A		-1	1924.0993688	[1, 1, 1, 1, 1, 1, 1, 1, 1, 1, 1, 1]
	476904	336452	373521	6	M	185	A		-1	1924.28268141	[1, 1, 1, 1, 1, 1, 1, 1, 1, 1, 1, 1]
	476140	336452	187071	6	M	157	A		-1	1925.46316189	[1, 1, 1, 1, 1, 1, 1, 1, 1, 1, 1, 1]
	488357	332363	340849	6	M	65	A		-1	1925.67792106	[1, 1, 1, 1, 1, 1, 1, 1, 1, 1, 1, 1]
	444685	329655	299803	6	M	192	A		-1	1925.72266681	[1, 1, 1, 1, 1, 1, 1, 1, 1, 1, 1, 1]
	478561	336452	238722	6	M	89	A		-1	1925.81720521	[1, 1, 1, 1, 1, 1, 1, 1, 1, 1, 1, 1]
	442002	329334	381732	6	M	166	A		-1	1926.06059016	[1, 1, 1, 1, 1, 1, 1, 1, 1, 1, 1, 1]
	468073	331416	226552	6	M	18	A		-1	1926.18282868	[1, 1, 1, 1, 1, 1, 1, 1, 1, 1, 1, 1]
	466324	331416	299849	6	M	55	A		-1	1926.43840867	[1, 1, 1, 1, 1, 1, 1, 1, 1, 1, 1, 1]
	488219	332363	372644	6	M	75	A		-1	1926.88774398	[1, 1, 1, 1, 1, 1, 1, 1, 1, 1, 1, 1]
	402429	331939	390592	6	M	178	A		-1	1927.62366569	[1, 1, 1, 1, 1, 1, 1, 1, 1, 1, 1, 1]
	421972	328709	386117	6	M	128	A		-1	1928.11726157	[1, 1, 1, 1, 1, 1, 1, 1, 1, 1, 1, 0]
	415388	328576	295098	6	M	199	A		-1	1928.15478978	[1, 1, 1, 1, 1, 1, 1, 1, 1, 1, 1, 0]
	477392	336452	358180	6	M	127	A		-1	1929.31382122	[1, 1, 1, 1, 1, 1, 1, 1, 1, 1, 1, 1]
	478237	336452	377677	6	M	37	A		-1	1929.4751884	[1, 1, 1, 1, 1, 1, 1, 1, 1, 1, 1, 1]
	435807	329317	339712	6	M	32	A		-1	1929.86769972	[1, 1, 1, 1, 1, 1, 1, 1, 1, 1, 1, 1]
	479127	336452	201694	6	M	67	A		-1	1930.16291911	[1, 1, 1, 1, 1, 1, 1, 1, 1, 1, 1, 1]
	450406	330431	382266	6	M	48	A		-1	1930.32677393	[1, 1, 1, 1, 1, 1, 1, 1, 1, 1, 1, 1]
	483825	332293	380533	6	M	102	A		-1	1930.81510183	[1, 1, 1, 1, 1, 1, 1, 1, 1, 1, 1, 1]
	430440	329305	385708	6	M	19	A		-1	1931.73181332	[1, 1, 1, 1, 1, 1, 1, 1, 1, 1, 1, 1]
	422522	328709	368721	6	M	78	A		-1	1932.6521295	[1, 1, 1, 1, 1, 1, 1, 1, 1, 1, 1, 1]
	415963	328576	343972	6	M	91	A		-1	1933.05277513	[1, 1, 1, 1, 1, 1, 1, 1, 1, 1, 1, 1]
	415733	328576	320225	6	M	112	A		-1	1933.06222026	[1, 1, 1, 1, 1, 1, 1, 1, 1, 1, 1, 1]
	430405	329305	364899	6	M	12	A		-1	1933.37941618	[1, 1, 1, 1, 1, 1, 1, 1, 1, 1, 1, 1]
	399505	331939	346396	6	M	28	A		-1	1933.81635302	[1, 1, 1, 1, 1, 1, 1, 1, 1, 1, 1, 1]
	492529	332733	252125	6	M	174	A		-1	1934.02733341	[1, 1, 1, 1, 1, 1, 1, 1, 1, 1, 1, 1]
	486094	332363	309458	6	M	199	A		-1	1934.41258321	[1, 1, 1, 1, 1, 1, 1, 1, 1, 1, 1, 1]
	440928	329334	216705	6	M	137	A		-1	1934.72105647	[1, 1, 1, 1, 1, 1, 1, 1, 1, 1, 1, 1]
	419767	328709	347897	6	M	68	A		-1	1935.63358724	[1, 1, 1, 1, 1, 1, 1, 1, 1, 1, 1, 1]
	436696	329317	372111	6	M	184	A		-1	1936.01881964	[1, 1, 1, 1, 1, 1, 1, 1, 1, 1, 1, 1]
	460442	330752	392539	6	M	39	A		-1	1936.32840041	[1, 1, 1, 1, 1, 1, 1, 1, 1, 1, 1, 1]
	399555	331939	393046	6	M	35	A		-1	1937.08377703	[1, 1, 1, 1, 1, 1, 1, 1, 1, 1, 1, 1]
	448266	329655	344160	6	M	72	A		-1	1937.22329571	[1, 1, 1, 1, 1, 1, 1, 1, 1, 1, 1, 1]
	410918	328161	376405	6	M	35	A		-1	1938.53645572	[1, 1, 1, 1, 1, 1, 1, 1, 1, 1, 1, 0]
	385293	228752	279562	5	M	173	A		-1	1939.29541795	[1, 1, 1, 1, 1, 1, 1, 1, 1, 1, 1, 0]
	430564	329305	376307	6	M	76	A		-1	1939.60948839	[1, 1, 1, 1, 1, 1, 1, 1, 1, 1, 1, 1]
	404820	327709	357725	6	M	194	A		-1	1939.8602263	[1, 1, 1, 1, 1, 1, 1, 1, 1, 1, 1, 0]
	413359	328161	354637	6	M	101	A		-1	1940.38165615	[1, 1, 1, 1, 1, 1, 1, 1, 1, 1, 1, 1]
	452096	330431	358182	6	M	167	A		-1	1940.41633265	[1, 1, 1, 1, 1, 1, 1, 1, 1, 1, 1, 1]
	465065	331416	370371	6	M	158	A		-1	1940.86539592	[1, 1, 1, 1, 1, 1, 1, 1, 1, 1, 1, 1]
	462664	330752	370107	6	M	23	A		-1	1941.57870604	[1, 1, 1, 1, 1, 1, 1, 1, 1, 1, 1, 1]
	456416	330439	358469	6	M	92	A		-1	1941.59871721	[1, 1, 1, 1, 1, 1, 1, 1, 1, 1, 1, 1]
	407443	327709	357195	6	M	24	A		-1	1942.13504374	[1, 1, 1, 1, 1, 1, 1, 1, 1, 1, 1, 0]
	476923	336452	380386	6	M	167	A		-1	1942.24379391	[1, 1, 1, 1, 1, 1, 1, 1, 1, 1, 1, 1]
	456175	330439	300105	6	M	22	A		-1	1942.59178432	[1, 1, 1, 1, 1, 1, 1, 1, 1, 1, 1, 1]
	435822	329317	373890	6	M	193	A		-1	1942.93490723	[1, 1, 1, 1, 1, 1, 1, 1, 1, 1, 1, 1]
	408974	327709	274472	6	M	175	A		-1	1943.51556562	[1, 1, 1, 1, 1, 1, 1, 1, 1, 1, 1, 0]
	477965	336452	336172	6	M	113	A		-1	1943.8067297	[1, 1, 1, 1, 1, 1, 1, 1, 1, 1, 1, 1]
	476878	336452	304230	6	M	43	A		-1	1944.15116987	[1, 1, 1, 1, 1, 1, 1, 1, 1, 1, 1, 1]
	435568	329317	358852	6	M	2	A		-1	1944.53798416	[1, 1, 1, 1, 1, 1, 1, 1, 1, 1, 1, 1]
	443454	329334	295996	6	M	62	A		-1	1945.02073948	[1, 1, 1, 1, 1, 1, 1, 1, 1, 1, 1, 1]
	485431	332363	365212	6	M	15	A		-1	1945.20558659	[1, 1, 1, 1, 1, 1, 1, 1, 1, 1, 1, 1]
	450901	330431	300444	6	M	153	A		-1	1946.05142543	[1, 1, 1, 1, 1, 1, 1, 1, 1, 1, 1, 1]
	484234	332293	237740	6	M	72	A		-1	1946.29667312	[1, 1, 1, 1, 1, 1, 1, 1, 1, 1, 1, 1]
	493054	332733	378731	6	M	25	A		-1	1947.87595207	[1, 1, 1, 1, 1, 1, 1, 1, 1, 1, 1, 1]
	371840	228343	198302	5	M	196	A		-1	1949.00782862	[1, 1, 1, 1, 1, 1, 1, 1, 1, 1, 1, 1]
	434817	329317	384192	6	M	47	A		-1	1949.38387813	[1, 1, 1, 1, 1, 1, 1, 1, 1, 1, 1, 1]
	453098	330431	311061	6	M	170	A		-1	1949.43355954	[1, 1, 1, 1, 1, 1, 1, 1, 1, 1, 1, 1]
	478635	336452	266481	6	M	46	A		-1	1949.89086519	[1, 1, 1, 1, 1, 1, 1, 1, 1, 1, 1, 1]
	451040	330431	313052	6	M	8	A		-1	1950.26893313	[1, 1, 1, 1, 1, 1, 1, 1, 1, 1, 1, 1]
	490103	332733	337894	6	M	123	A		-1	1950.47035457	[1, 1, 1, 1, 1, 1, 1, 1, 1, 1, 1, 1]
	479280	336452	331005	6	M	175	A		-1	1950.73087052	[1, 1, 1, 1, 1, 1, 1, 1, 1, 1, 1, 1]
	407018	327709	202459	6	M	44	A		-1	1950.83843006	[1, 1, 1, 1, 1, 1, 1, 1, 1, 1, 1, 0]
	460557	330752	216330	6	M	55	A		-1	1953.10067459	[1, 1, 1, 1, 1, 1, 1, 1, 1, 1, 1, 1]
	472802	332008	328100	6	M	76	A		-1	1953.38814691	[1, 1, 1, 1, 1, 1, 1, 1, 1, 1, 1, 1]
	439775	329334	358231	6	M	0	A		-1	1953.40327147	[1, 1, 1, 1, 1, 1, 1, 1, 1, 1, 1, 1]
	471910	332008	373536	6	M	15	A		-1	1953.49081318	[1, 1, 1, 1, 1, 1, 1, 1, 1, 1, 1, 1]
	478565	336452	388438	6	M	105	A		-1	1954.42062662	[1, 1, 1, 1, 1, 1, 1, 1, 1, 1, 1, 1]
	477868	336452	370463	6	M	166	A		-1	1955.21200419	[1, 1, 1, 1, 1, 1, 1, 1, 1, 1, 1, 1]
	453502	330431	359730	6	M	77	A		-1	1955.82888205	[1, 1, 1, 1, 1, 1, 1, 1, 1, 1, 1, 1]
	461657	330752	254682	6	M	73	A		-1	1955.88548321	[1, 1, 1, 1, 1, 1, 1, 1, 1, 1, 1, 1]
	464841	331416	129110	6	M	176	A		-1	1956.62369964	[1, 1, 1, 1, 1, 1, 1, 1, 1, 1, 1, 1]
	402854	331939	334303	6	M	38	A		-1	1957.51517054	[1, 1, 1, 1, 1, 1, 1, 1, 1, 1, 1, 1]
	422534	328709	302558	6	M	127	A		-1	1958.64722019	[1, 1, 1, 1, 1, 1, 1, 1, 1, 1, 1, 1]
	469907	332008	325890	6	M	86	A		-1	1958.67789165	[1, 1, 1, 1, 1, 1, 1, 1, 1, 1, 1, 1]
	357360	228078	248431	5	M	51	A		-1	1959.85428688	[1, 1, 1, 1, 1, 1, 1, 1, 1, 1, 1, 1]
	438695	329317	139386	6	M	72	A		-1	1960.84748847	[1, 1, 1, 1, 1, 1, 1, 1, 1, 1, 1, 1]
	492688	332733	389121	6	M	98	A		-1	1961.26680393	[1, 1, 1, 1, 1, 1, 1, 1, 1, 1, 1, 1]
	410501	328161	374242	6	M	109	A		-1	1961.93094675	[1, 1, 1, 1, 1, 1, 1, 1, 1, 1, 1, 1]
	456890	330439	298850	6	M	56	A		-1	1962.05328432	[1, 1, 1, 1, 1, 1, 1, 1, 1, 1, 1, 1]
	415864	328576	358505	6	M	123	A		-1	1962.07661922	[1, 1, 1, 1, 1, 1, 1, 1, 1, 1, 1, 1]
	436112	329317	286390	6	M	56	A		-1	1962.6108211	[1, 1, 1, 1, 1, 1, 1, 1, 1, 1, 1, 1]
	476152	336452	376052	6	M	44	A		-1	1964.34031318	[1, 1, 1, 1, 1, 1, 1, 1, 1, 1, 1, 1]
	409430	327709	324891	6	M	22	A		-1	1964.82177185	[1, 1, 1, 1, 1, 1, 1, 1, 1, 1, 1, 0]
	469381	331416	295707	6	M	156	A		-1	1965.65823784	[1, 1, 1, 1, 1, 1, 1, 1, 1, 1, 1, 0]
	484108	332293	366220	6	M	99	A		-1	1966.06745907	[1, 1, 1, 1, 1, 1, 1, 1, 1, 1, 1, 1]
	474729	336452	297950	6	M	31	A		-1	1966.35350211	[1, 1, 1, 0, 1, 1, 1, 1, 1, 1, 1, 1]
	421481	328709	305833	6	M	174	A		-1	1966.4340222	[1, 1, 1, 1, 1, 1, 1, 1, 1, 1, 1, 1]
	433548	329305	349127	6	M	137	A		-1	1967.34794014	[1, 1, 1, 1, 1, 1, 1, 1, 1, 1, 1, 1]
	474818	336452	301701	6	M	190	A		-1	1967.39980231	[1, 1, 1, 1, 1, 1, 1, 1, 1, 1, 1, 1]
	491721	332733	272102	6	M	26	A		-1	1967.51158725	[1, 1, 1, 1, 1, 1, 1, 1, 1, 1, 1, 1]
	488682	332363	340846	6	M	109	A		-1	1970.2042134	[1, 1, 1, 1, 1, 1, 1, 1, 1, 1, 1, 1]
	491583	332733	318521	6	M	124	A		-1	1970.38000937	[1, 1, 1, 1, 1, 1, 1, 1, 1, 1, 1, 1]
	464539	331416	276319	6	M	115	A		-1	1970.58469704	[1, 1, 1, 1, 1, 1, 1, 1, 1, 1, 1, 1]
	398939	394398	151156	6	M	122	A		-1	1970.79803475	[1, 1, 1, 1, 1, 1, 1, 1, 1, 1, 1, 1]
	311021	225375	261220	5	M	175	A		-1	1970.90232054	[1, 1, 1, 1, 1, 1, 1, 1, 1, 1, 1, 1]
	479359	336452	302984	6	M	185	A		-1	1974.77446938	[1, 1, 1, 1, 1, 1, 1, 1, 1, 1, 1, 1]
	448406	329655	301386	6	M	18	A		-1	1975.05677636	[1, 1, 1, 1, 1, 1, 1, 1, 1, 1, 1, 1]
	415429	328576	325529	6	M	128	A		-1	1975.13132295	[1, 1, 1, 1, 1, 1, 1, 1, 1, 1, 1, 1]
	491050	332733	361981	6	M	77	A		-1	1976.30353031	[1, 1, 0, 1, 1, 1, 1, 1, 1, 1, 1, 1]
	403319	331939	381585	6	M	98	A		-1	1976.64266213	[1, 1, 1, 1, 1, 1, 1, 1, 1, 1, 1, 1]
	492568	332733	307229	6	M	112	A		-1	1977.35541133	[1, 1, 1, 1, 1, 1, 1, 1, 1, 1, 1, 1]
	434576	329317	347375	6	M	86	A		-1	1978.57147971	[1, 1, 1, 1, 1, 1, 1, 1, 1, 1, 1, 1]
	399380	394398	295077	6	M	98	A		-1	1978.64396542	[1, 1, 1, 1, 1, 1, 1, 1, 1, 1, 1, 1]
	491567	332733	267501	6	M	158	A		-1	1978.6901866	[1, 1, 1, 1, 1, 1, 1, 1, 1, 1, 1, 1]
	455335	330439	356505	6	M	156	A		-1	1978.98147168	[1, 1, 1, 1, 1, 1, 1, 1, 1, 1, 1, 1]
	406275	327709	388049	6	M	197	A		-1	1979.29157795	[1, 1, 1, 1, 1, 1, 1, 1, 1, 1, 1, 0]
	420165	328709	256621	6	M	149	A		-1	1981.03725386	[1, 1, 1, 1, 1, 1, 1, 1, 1, 1, 1, 1]
	412110	328161	357134	6	M	142	A		-1	1983.25531007	[1, 1, 1, 1, 1, 1, 1, 1, 1, 1, 1, 1]
	487171	332363	371994	6	M	165	A		-1	1983.93720309	[1, 1, 1, 1, 1, 1, 1, 1, 1, 1, 1, 1]
	405058	327709	368648	6	M	133	A		-1	1984.05227503	[1, 1, 1, 1, 1, 1, 1, 1, 1, 1, 1, 1]
	477908	336452	356577	6	M	184	A		-1	1984.05712274	[1, 1, 1, 1, 1, 1, 1, 1, 1, 1, 1, 1]
	432355	329305	245012	6	M	196	A		-1	1984.42886329	[1, 1, 1, 1, 1, 1, 1, 1, 1, 1, 1, 1]
	473949	332008	307593	6	M	165	A		-1	1984.74858062	[1, 1, 1, 1, 1, 1, 1, 1, 1, 1, 1, 1]
	444274	329334	326289	6	M	134	A		-1	1984.91806767	[1, 1, 1, 1, 1, 1, 1, 1, 1, 1, 1, 1]
	490823	332733	305427	6	M	185	A		-1	1985.14756719	[1, 1, 1, 1, 1, 1, 1, 1, 1, 1, 1, 1]
	462801	330752	326716	6	M	76	A		-1	1985.34977901	[1, 1, 1, 1, 1, 1, 1, 1, 1, 1, 1, 1]
	466912	331416	329120	6	M	49	A		-1	1985.51602749	[1, 1, 1, 1, 1, 1, 1, 1, 1, 1, 1, 0]
	438883	329317	300997	6	M	113	A		-1	1985.66651721	[1, 1, 1, 1, 1, 1, 1, 1, 1, 1, 1, 1]
	437530	329317	383270	6	M	157	A		-1	1991.04071252	[1, 1, 1, 1, 1, 1, 1, 1, 1, 1, 1, 1]
	426910	329041	340306	6	M	23	A		-1	1992.27615884	[1, 1, 1, 1, 1, 1, 1, 1, 1, 1, 1, 1]
	397444	394398	151704	6	M	75	A		-1	1992.45429309	[1, 1, 1, 1, 1, 1, 1, 1, 1, 1, 1, 0]
	444905	329655	352218	6	M	192	A		-1	1992.73946997	[1, 1, 1, 1, 1, 1, 1, 1, 1, 1, 1, 1]
	414101	328161	351726	6	M	10	A		-1	1995.51403057	[1, 1, 1, 1, 1, 1, 1, 1, 1, 1, 1, 1]
	450537	330431	389021	6	M	157	A		-1	1995.635014	[1, 1, 1, 1, 1, 1, 1, 1, 1, 1, 1, 1]
	466499	331416	279134	6	M	100	A		-1	1996.04597542	[1, 1, 1, 1, 1, 1, 1, 1, 1, 1, 1, 1]
	437960	329317	312233	6	M	53	A		-1	1997.4248865	[1, 1, 1, 1, 1, 1, 1, 1, 1, 1, 1, 1]
	476563	336452	294624	6	M	118	A		-1	1998.34847592	[1, 1, 1, 1, 1, 1, 1, 1, 1, 1, 1, 1]
	399404	394398	304229	6	M	117	A		-1	1999.30031286	[1, 1, 0, 1, 1, 1, 1, 1, 1, 1, 1, 1]
	459174	330439	335617	6	M	127	A		-1	2000.09486957	[1, 1, 1, 1, 1, 1, 1, 1, 1, 1, 1, 1]
	487453	332363	303100	6	M	16	A		-1	2000.20548174	[1, 1, 1, 1, 1, 1, 1, 1, 1, 1, 1, 1]
	397770	394398	376514	6	M	117	A		-1	2000.61379177	[1, 1, 1, 1, 1, 1, 1, 1, 1, 1, 1, 1]
	407758	327709	380719	6	M	103	A		-1	2001.07214804	[1, 1, 1, 1, 1, 1, 1, 1, 1, 1, 1, 1]
	436155	329317	300723	6	M	88	A		-1	2001.1282454	[1, 1, 1, 1, 1, 1, 1, 1, 1, 1, 1, 1]
	422296	328709	394244	6	M	37	A		-1	2002.92812047	[1, 1, 1, 1, 1, 1, 1, 1, 1, 1, 1, 1]
	411671	328161	368238	6	M	135	A		-1	2003.87995832	[1, 1, 1, 1, 1, 1, 1, 1, 1, 1, 1, 1]
	436580	329317	353794	6	M	156	A		-1	2005.40533616	[1, 1, 1, 1, 1, 1, 1, 1, 1, 1, 1, 1]
	431753	329305	298250	6	M	70	A		-1	2007.30717903	[1, 1, 1, 1, 1, 1, 1, 1, 1, 1, 1, 1]
	447966	329655	357973	6	M	29	A		-1	2009.46184249	[1, 1, 1, 1, 1, 1, 1, 1, 1, 1, 1, 1]
	475084	336452	330083	6	M	40	A		-1	2009.92748847	[1, 1, 1, 1, 1, 1, 1, 1, 1, 1, 1, 1]
	400482	331939	184664	6	M	160	A		-1	2013.52633781	[0, 1, 1, 1, 1, 1, 1, 1, 1, 1, 1, 1]
	454479	330439	344907	6	M	199	A		-1	2015.22486042	[1, 1, 1, 1, 1, 1, 1, 1, 1, 1, 1, 1]
	476293	336452	337552	6	M	107	A		-1	2015.32768372	[1, 1, 1, 1, 1, 1, 1, 1, 1, 1, 1, 1]
	480990	332293	387246	6	M	15	A		-1	2015.82225212	[1, 1, 1, 1, 1, 1, 1, 1, 1, 1, 1, 1]
	406157	327709	376365	6	M	101	A		-1	2021.69233568	[1, 1, 1, 1, 1, 1, 1, 1, 1, 1, 1, 0]
	404291	331939	387084	6	M	90	A		-1	2022.92953953	[1, 1, 1, 1, 1, 1, 1, 1, 1, 1, 1, 0]
	398094	394398	351472	6	M	36	A		-1	2024.58485051	[1, 1, 1, 1, 1, 1, 1, 1, 1, 1, 1, 1]
	492814	332733	297634	6	M	102	A		-1	2025.77289722	[1, 1, 1, 1, 1, 1, 1, 1, 1, 1, 1, 1]
	481316	332293	342803	6	M	199	A		-1	2025.80839968	[1, 1, 1, 1, 1, 1, 1, 1, 1, 1, 1, 1]
	469396	331416	364514	6	M	145	A		-1	2027.30743253	[1, 1, 1, 1, 1, 1, 1, 1, 1, 1, 1, 1]
	475772	336452	351611	6	M	137	A		-1	2027.8070877	[1, 1, 1, 1, 1, 1, 1, 1, 1, 1, 1, 1]
	397041	394398	330833	6	M	138	A		-1	2028.35980587	[1, 1, 1, 1, 1, 1, 1, 1, 1, 1, 1, 1]
	423356	328709	350274	6	M	87	A		-1	2028.38451382	[1, 1, 1, 1, 1, 1, 1, 1, 1, 1, 1, 1]
	493498	332733	338159	6	M	101	A		-1	2028.52951668	[1, 1, 1, 1, 1, 1, 1, 1, 1, 1, 1, 1]
	406620	327709	379819	6	M	6	A		-1	2028.5955886	[1, 1, 1, 1, 1, 1, 1, 1, 1, 1, 1, 1]
	415469	328576	233167	6	M	147	A		-1	2032.285177	[1, 1, 1, 1, 1, 1, 1, 1, 1, 1, 1, 1]
	476894	336452	208615	6	M	0	A		-1	2032.55233842	[1, 1, 1, 1, 1, 1, 1, 1, 1, 1, 1, 1]
	448157	329655	217062	6	M	24	A		-1	2032.70434623	[1, 1, 1, 1, 1, 1, 1, 1, 1, 1, 1, 1]
	399841	331939	326551	6	M	194	A		-1	2032.97052806	[1, 1, 1, 1, 1, 1, 1, 1, 1, 1, 1, 1]
	431695	329305	366256	6	M	45	A		-1	2033.89031834	[1, 1, 1, 1, 1, 1, 1, 1, 1, 1, 1, 1]
	460502	330752	363666	6	M	179	A		-1	2038.57488661	[1, 1, 1, 1, 1, 1, 1, 1, 1, 1, 1, 1]
	438305	329317	383716	6	M	141	A		-1	2040.00124889	[1, 1, 1, 1, 1, 1, 1, 1, 1, 1, 1, 1]
	407680	327709	329066	6	M	146	A		-1	2040.21032777	[1, 1, 1, 1, 1, 1, 1, 1, 1, 1, 1, 0]
	407077	327709	198007	6	M	5	A		-1	2041.07942443	[1, 1, 1, 1, 1, 1, 1, 1, 1, 1, 1, 1]
	470521	332008	356538	6	M	63	A		-1	2044.78731962	[1, 1, 1, 1, 1, 1, 1, 1, 1, 1, 1, 1]
	325952	225719	215358	5	M	72	A		-1	2045.15550507	[1, 1, 1, 1, 1, 1, 1, 1, 1, 1, 1, 1]
	487100	332363	313915	6	M	98	A		-1	2046.76002735	[1, 1, 1, 1, 1, 1, 1, 1, 1, 1, 1, 1]
	468097	331416	374177	6	M	7	A		-1	2047.20149935	[1, 1, 1, 1, 1, 1, 1, 1, 1, 1, 1, 1]
	312843	225375	272401	5	M	185	A		-1	2049.30279197	[1, 1, 1, 1, 1, 1, 1, 1, 1, 1, 1, 1]
	398343	394398	129682	6	M	186	A		-1	2051.56280101	[1, 1, 1, 1, 1, 1, 1, 1, 1, 1, 1, 1]
	434895	329317	387523	6	M	123	A		-1	2056.28372782	[1, 1, 1, 1, 1, 1, 1, 1, 1, 1, 1, 1]
	487366	332363	301513	6	M	158	A		-1	2057.46423458	[1, 1, 1, 1, 1, 1, 1, 1, 1, 1, 1, 1]
	473382	332008	300793	6	M	106	A		-1	2057.50738457	[1, 1, 1, 1, 1, 1, 1, 1, 1, 1, 1, 1]
	491438	332733	128722	6	M	187	A		-1	2057.96612807	[1, 1, 1, 1, 1, 1, 1, 1, 1, 1, 1, 1]
	488326	332363	340603	6	M	11	A		-1	2059.77744578	[1, 1, 1, 1, 1, 1, 1, 1, 1, 1, 1, 1]
	476722	336452	358995	6	M	63	A		-1	2063.93377141	[1, 1, 1, 1, 1, 1, 1, 1, 1, 1, 1, 1]
	452819	330431	345635	6	M	164	A		-1	2066.94651349	[1, 1, 1, 1, 1, 1, 1, 1, 1, 1, 1, 1]
	478195	336452	329020	6	M	129	A		-1	2067.91995523	[1, 1, 1, 1, 1, 1, 1, 1, 1, 1, 1, 0]
	492651	332733	355899	6	M	5	A		-1	2077.26483623	[1, 1, 1, 1, 1, 1, 1, 1, 1, 1, 1, 1]
	464109	330752	363219	6	M	41	A		-1	2078.8726916	[1, 1, 1, 1, 1, 1, 1, 1, 1, 1, 1, 1]
	487340	332363	355322	6	M	6	A		-1	2089.00338277	[1, 1, 1, 1, 1, 1, 1, 1, 1, 1, 1, 1]
	494311	332733	309493	6	M	45	A		-1	2095.29882304	[1, 1, 1, 1, 1, 1, 1, 1, 1, 1, 1, 1]
	441760	329334	360976	6	M	114	A		-1	2100.99339835	[1, 1, 1, 1, 1, 1, 1, 1, 1, 1, 1, 1]
	451930	330431	303093	6	M	125	A		-1	2103.87103829	[1, 1, 1, 1, 1, 1, 1, 1, 1, 1, 1, 1]
	411534	328161	343905	6	M	158	A		-1	2106.6184397	[1, 1, 1, 1, 1, 1, 1, 1, 1, 1, 1, 1]
	421538	328709	326229	6	M	180	A		-1	2114.17094497	[1, 1, 1, 1, 1, 1, 1, 1, 1, 1, 1, 1]
	423496	328709	388537	6	M	108	A		-1	2114.25829309	[1, 1, 1, 1, 1, 1, 1, 1, 1, 1, 1, 0]
	438564	329317	306797	6	M	86	A		-1	2121.51761955	[1, 1, 1, 1, 1, 1, 1, 1, 1, 1, 1, 1]
	434255	329305	385668	6	M	54	A		-1	2125.03144223	[1, 1, 1, 1, 1, 1, 1, 1, 1, 1, 1, 1]
	398337	394398	232185	6	M	62	A		-1	2125.49109613	[1, 1, 1, 1, 1, 1, 1, 1, 1, 1, 1, 1]
	468550	331416	346384	6	M	11	A		-1	2133.22092518	[1, 1, 1, 1, 1, 1, 1, 1, 1, 1, 1, 1]
	435105	329317	319026	6	M	113	A		-1	2135.46701973	[1, 1, 1, 1, 1, 1, 1, 1, 1, 1, 1, 1]
	427358	329041	380264	6	M	196	A		-1	2141.03577227	[1, 1, 1, 1, 1, 1, 1, 1, 1, 1, 1, 0]
	435278	329317	302634	6	M	17	A		-1	2149.23173043	[1, 1, 1, 1, 1, 1, 1, 1, 1, 1, 1, 1]
	478030	336452	297768	6	M	0	A		-1	2158.92312586	[1, 1, 1, 1, 1, 1, 1, 1, 1, 1, 1, 1]
	470938	332008	337823	6	M	149	A		-1	2161.81816697	[1, 1, 1, 1, 1, 1, 1, 1, 1, 1, 1, 1]
	407903	327709	342469	6	M	153	A		-1	2165.91644033	[1, 1, 1, 1, 1, 1, 1, 1, 1, 1, 1, 0]
	446756	329655	252847	6	M	58	A		-1	2180.23094383	[1, 1, 1, 1, 1, 1, 1, 1, 1, 1, 1, 1]
	426924	329041	347244	6	M	157	A		-1	2190.95945016	[1, 1, 1, 1, 1, 1, 1, 1, 1, 1, 1, 1]
	480936	332293	357867	6	M	80	A		-1	2206.05607009	[1, 1, 1, 1, 1, 1, 1, 1, 1, 1, 1, 1]
	403855	331939	298410	6	M	55	A		-1	2206.16883994	[1, 1, 1, 1, 1, 1, 1, 1, 1, 1, 1, 0]
	477427	336452	394351	6	M	0	A		-1	2227.04853496	[1, 1, 1, 1, 1, 1, 1, 1, 1, 1, 1, 1]
	412714	328161	336698	6	M	144	A		-1	2230.0315193	[1, 1, 1, 1, 1, 1, 1, 1, 1, 1, 1, 1]
	491664	332733	205867	6	M	43	A		-1	2298.16960929	[1, 1, 1, 1, 1, 1, 1, 1, 1, 1, 1, 1]
