animal	sire	dam	born	sex	herd	status	cause	died	TBV	recessives
	609588	570621	525493	8	M	81	A		-1	2866.64675647	[1, 1, 1, 1, 1, 1, 1, 1, 1, 1, 1, 1]
	653832	513735	449978	8	M	35	A		-1	2867.04107818	[1, 1, 1, 1, 1, 1, 1, 1, 1, 1, 1, 1]
	611122	579743	542860	8	M	78	A		-1	2867.09932891	[1, 1, 1, 1, 1, 1, 1, 1, 1, 1, 1, 1]
	603081	499951	552360	8	M	80	A		-1	2867.1921776	[1, 1, 1, 1, 1, 1, 1, 0, 1, 1, 1, 1]
	635028	592033	513541	8	M	60	A		-1	2867.27184088	[1, 1, 1, 1, 1, 1, 1, 1, 1, 1, 1, 1]
	671836	499951	519025	8	M	28	A		-1	2867.33299356	[1, 1, 1, 1, 1, 1, 1, 1, 1, 1, 1, 1]
	680097	555659	538770	8	M	35	A		-1	2867.71430344	[1, 1, 1, 1, 1, 1, 1, 1, 1, 1, 1, 1]
	606097	503084	546335	8	M	60	A		-1	2867.755589	[1, 1, 1, 1, 1, 1, 1, 1, 1, 1, 1, 1]
	595568	555659	501600	8	M	54	A		-1	2868.06489511	[1, 1, 1, 1, 1, 1, 1, 1, 1, 1, 1, 1]
	567095	474349	493196	7	M	53	A		-1	2868.33293813	[1, 1, 1, 1, 1, 1, 0, 1, 1, 1, 1, 1]
	621270	515574	429866	8	M	19	A		-1	2868.34601274	[1, 0, 1, 1, 1, 1, 1, 1, 1, 1, 1, 1]
	662550	519615	558787	8	M	93	A		-1	2868.59199231	[1, 1, 1, 1, 1, 1, 1, 0, 1, 1, 1, 1]
	599264	592033	495847	8	M	62	A		-1	2869.09007507	[1, 1, 1, 1, 1, 1, 1, 1, 1, 1, 1, 1]
	643070	590825	504419	8	M	10	A		-1	2869.20442394	[1, 1, 1, 1, 1, 1, 1, 1, 1, 1, 1, 1]
	628919	516432	546170	8	M	30	A		-1	2869.20782425	[1, 1, 1, 1, 1, 1, 1, 1, 1, 1, 1, 1]
	608923	528785	589114	8	M	26	A		-1	2869.21997792	[1, 1, 1, 1, 1, 1, 1, 1, 1, 1, 1, 1]
	664227	538908	456642	8	M	12	A		-1	2869.45461371	[1, 1, 1, 1, 1, 1, 1, 1, 1, 1, 1, 1]
	647071	513283	545344	8	M	35	A		-1	2869.68935636	[1, 1, 1, 0, 1, 1, 1, 1, 1, 1, 1, 1]
	641078	543635	570792	8	M	19	A		-1	2870.49689944	[1, 1, 1, 1, 1, 1, 1, 1, 1, 1, 1, 1]
	605208	519615	545481	8	M	2	A		-1	2870.63431547	[1, 1, 1, 1, 1, 1, 1, 1, 1, 1, 1, 1]
	677351	526560	588905	8	M	65	A		-1	2870.82702208	[1, 1, 1, 1, 1, 1, 1, 1, 1, 1, 1, 1]
	632948	588679	587346	8	M	100	A		-1	2871.13106618	[1, 1, 1, 1, 1, 1, 1, 1, 1, 1, 1, 1]
	634074	531708	461226	8	M	46	A		-1	2871.35794439	[1, 1, 0, 1, 1, 1, 1, 1, 1, 1, 1, 1]
	655148	507725	573202	8	M	0	A		-1	2871.43026942	[1, 1, 1, 1, 1, 1, 1, 1, 1, 1, 1, 1]
	625372	579743	482746	8	M	97	A		-1	2871.49807664	[1, 1, 1, 0, 1, 1, 1, 1, 1, 1, 1, 1]
	626188	580550	554119	8	M	14	A		-1	2871.66318367	[1, 1, 1, 0, 1, 1, 1, 1, 1, 1, 1, 1]
	605243	555659	547679	8	M	15	A		-1	2871.75178485	[1, 1, 1, 1, 1, 1, 0, 1, 1, 1, 1, 1]
	630143	591508	556042	8	M	35	A		-1	2871.98945207	[1, 1, 1, 1, 1, 1, 1, 1, 1, 1, 1, 1]
	619457	511280	496354	8	M	93	A		-1	2872.147607	[1, 1, 1, 1, 1, 1, 1, 1, 1, 1, 1, 1]
	617299	567095	579289	8	M	27	A		-1	2872.20481862	[1, 1, 1, 1, 1, 1, 0, 1, 1, 1, 1, 1]
	645858	499951	584020	8	M	66	A		-1	2872.28363735	[1, 1, 1, 1, 1, 1, 1, 1, 1, 1, 1, 1]
	595285	545899	556409	8	M	78	A		-1	2872.48534904	[1, 1, 1, 1, 1, 1, 1, 1, 1, 1, 1, 1]
	680254	513735	563929	8	M	33	A		-1	2872.65184653	[1, 1, 1, 1, 1, 1, 1, 1, 1, 1, 1, 1]
	655366	511280	577427	8	M	15	A		-1	2872.83478394	[1, 1, 1, 1, 1, 1, 1, 1, 1, 1, 1, 1]
	677516	509142	502103	8	M	79	A		-1	2872.92742148	[1, 1, 1, 1, 1, 1, 1, 1, 1, 1, 1, 1]
	606047	546821	568970	8	M	22	A		-1	2872.93181102	[1, 1, 1, 1, 1, 1, 1, 1, 1, 1, 1, 1]
	619518	590185	592205	8	M	33	A		-1	2872.9710365	[1, 1, 1, 1, 1, 1, 1, 1, 1, 1, 1, 1]
	686394	508181	500946	8	M	27	A		-1	2873.29442523	[1, 1, 1, 1, 1, 1, 1, 1, 1, 1, 1, 1]
	615606	586236	525836	8	M	73	A		-1	2873.40839439	[1, 1, 1, 1, 1, 1, 1, 1, 1, 1, 1, 1]
	643105	535805	478629	8	M	38	A		-1	2874.07075701	[1, 1, 1, 1, 1, 1, 1, 1, 1, 1, 1, 1]
	640748	531708	588934	8	M	21	A		-1	2874.1933511	[1, 1, 0, 1, 1, 1, 0, 1, 1, 1, 1, 1]
	657432	563958	580400	8	M	88	A		-1	2874.34606245	[1, 1, 1, 1, 1, 1, 1, 1, 1, 1, 1, 1]
	606400	543635	561963	8	M	43	A		-1	2874.38181365	[1, 1, 1, 1, 1, 1, 1, 1, 1, 1, 1, 1]
	599882	546821	538478	8	M	82	A		-1	2874.4010776	[1, 1, 1, 1, 1, 1, 1, 1, 1, 1, 1, 1]
	677184	580550	544113	8	M	50	A		-1	2874.43002939	[1, 1, 1, 1, 1, 1, 1, 1, 1, 1, 1, 1]
	642949	590382	525779	8	M	69	A		-1	2874.47605498	[1, 1, 1, 1, 1, 1, 1, 0, 1, 1, 1, 1]
	612762	563958	587912	8	M	70	A		-1	2874.59422553	[1, 1, 1, 1, 1, 1, 1, 1, 1, 1, 1, 1]
	635827	589711	515106	8	M	17	A		-1	2874.63435583	[1, 1, 1, 1, 1, 1, 1, 1, 1, 1, 1, 1]
	626974	588679	484380	8	M	28	A		-1	2874.86642368	[1, 1, 1, 1, 1, 1, 1, 1, 1, 1, 1, 1]
	601580	535805	586709	8	M	71	A		-1	2875.01205783	[1, 1, 1, 1, 1, 1, 1, 1, 1, 1, 1, 1]
	640041	505906	578672	8	M	58	A		-1	2875.02494056	[1, 1, 1, 1, 1, 1, 1, 1, 1, 1, 1, 1]
	620404	518754	556916	8	M	77	A		-1	2875.04391682	[1, 1, 1, 1, 1, 1, 0, 1, 1, 1, 1, 1]
	617963	592033	591938	8	M	70	A		-1	2875.20320196	[1, 1, 1, 1, 1, 1, 1, 1, 1, 1, 1, 0]
	658843	592816	502364	8	M	60	A		-1	2875.21467776	[1, 1, 1, 1, 1, 1, 1, 1, 1, 1, 1, 1]
	598489	592033	590153	8	M	83	A		-1	2875.77878589	[1, 1, 1, 1, 1, 1, 1, 1, 1, 1, 1, 1]
	663986	590185	566260	8	M	10	A		-1	2875.93759418	[1, 1, 1, 1, 1, 1, 1, 1, 1, 1, 1, 1]
	648040	503084	585517	8	M	80	A		-1	2875.95361505	[1, 1, 1, 1, 1, 0, 1, 1, 1, 1, 1, 1]
	645090	540854	489994	8	M	79	A		-1	2876.15711507	[1, 1, 1, 1, 1, 1, 1, 0, 1, 1, 1, 1]
	667592	531708	553210	8	M	58	A		-1	2876.4839465	[1, 1, 1, 1, 1, 1, 1, 1, 1, 1, 1, 1]
	596008	518754	430785	8	M	30	A		-1	2876.65750008	[1, 1, 1, 1, 1, 1, 1, 1, 1, 1, 1, 1]
	676024	531708	442230	8	M	100	A		-1	2877.20112709	[1, 1, 1, 1, 1, 1, 1, 0, 1, 1, 1, 1]
	624521	507725	547270	8	M	81	A		-1	2877.23501761	[1, 1, 1, 1, 1, 1, 1, 1, 1, 1, 1, 1]
	656668	507725	579428	8	M	95	A		-1	2878.12606023	[1, 1, 1, 1, 1, 1, 1, 1, 1, 1, 1, 1]
	614050	511280	405212	8	M	23	A		-1	2878.75791327	[1, 1, 1, 0, 1, 1, 1, 1, 1, 1, 1, 1]
	640674	567095	394189	8	M	1	A		-1	2878.941374	[1, 1, 1, 1, 1, 1, 1, 1, 1, 1, 1, 1]
	687688	580550	581047	8	M	65	A		-1	2879.10739718	[1, 1, 1, 1, 1, 1, 1, 1, 1, 1, 1, 1]
	589711	399069	492778	7	M	63	A		-1	2879.28104212	[1, 1, 1, 1, 1, 1, 1, 1, 1, 1, 1, 1]
	600269	579743	497122	8	M	35	A		-1	2879.33133184	[1, 1, 1, 1, 1, 1, 1, 1, 1, 1, 1, 1]
	686694	546821	532647	8	M	81	A		-1	2879.6140777	[1, 1, 1, 1, 1, 1, 1, 0, 1, 1, 1, 1]
	597859	540854	560679	8	M	12	A		-1	2879.7739275	[1, 1, 1, 1, 1, 1, 1, 1, 1, 1, 1, 1]
	641377	592816	504667	8	M	38	A		-1	2879.79884116	[1, 1, 1, 0, 1, 1, 1, 1, 1, 1, 1, 1]
	540854	446677	424984	7	M	52	A		-1	2879.88142773	[1, 1, 1, 1, 1, 1, 1, 0, 1, 1, 1, 1]
	613825	570621	508647	8	M	31	A		-1	2879.98164965	[1, 1, 1, 1, 1, 1, 1, 1, 1, 1, 1, 1]
	625459	499468	557423	8	M	99	A		-1	2880.34120408	[1, 1, 1, 1, 1, 1, 1, 1, 1, 1, 1, 1]
	662207	511876	580872	8	M	99	A		-1	2880.80472962	[1, 1, 1, 1, 1, 1, 1, 1, 1, 1, 1, 1]
	645972	513735	423335	8	M	67	A		-1	2881.01472682	[1, 1, 1, 1, 1, 1, 1, 1, 1, 1, 1, 1]
	597623	589711	590107	8	M	24	A		-1	2881.33075692	[1, 1, 1, 1, 1, 1, 1, 1, 1, 1, 1, 1]
	599037	511876	450794	8	M	97	A		-1	2881.6328985	[1, 1, 1, 1, 1, 1, 1, 1, 1, 1, 1, 1]
	687854	579743	494773	8	M	68	A		-1	2881.97896374	[1, 1, 1, 1, 1, 1, 1, 1, 1, 1, 1, 1]
	653655	563958	553604	8	M	95	A		-1	2882.08410893	[1, 1, 1, 1, 1, 1, 1, 1, 1, 1, 1, 1]
	678786	588195	567853	8	M	87	A		-1	2882.15857126	[1, 1, 1, 1, 1, 1, 1, 1, 1, 1, 1, 1]
	595610	588195	552501	8	M	64	A		-1	2882.25529764	[1, 1, 1, 1, 1, 1, 1, 1, 1, 1, 1, 1]
	675427	518754	542238	8	M	88	A		-1	2882.38425089	[1, 1, 1, 1, 1, 1, 0, 1, 1, 1, 1, 1]
	595868	588679	532565	8	M	44	A		-1	2882.43175086	[1, 1, 1, 1, 1, 1, 1, 1, 1, 1, 1, 1]
	675070	508181	529899	8	M	13	A		-1	2882.44580521	[1, 1, 1, 1, 1, 1, 1, 1, 1, 1, 1, 1]
	624732	574248	536712	8	M	1	A		-1	2883.37764543	[1, 1, 1, 1, 1, 1, 1, 1, 1, 1, 1, 1]
	625701	540854	463929	8	M	32	A		-1	2883.95028785	[1, 1, 1, 1, 1, 1, 1, 1, 1, 1, 1, 1]
	670105	570621	527276	8	M	7	A		-1	2884.01896761	[1, 1, 1, 1, 1, 1, 1, 1, 1, 1, 1, 1]
	644458	590382	456517	8	M	13	A		-1	2884.21921601	[1, 1, 1, 1, 1, 1, 1, 1, 1, 1, 1, 1]
	598224	543635	588303	8	M	7	A		-1	2884.26120377	[1, 1, 1, 1, 1, 1, 1, 1, 1, 1, 1, 1]
	640051	590185	528160	8	M	16	A		-1	2884.2804456	[1, 1, 1, 1, 1, 1, 1, 1, 1, 1, 1, 1]
	684109	561516	500629	8	M	8	A		-1	2884.54220387	[1, 1, 1, 1, 1, 1, 1, 1, 1, 1, 1, 1]
	611753	514790	530100	8	M	28	A		-1	2884.6728912	[1, 1, 1, 1, 1, 1, 1, 1, 1, 1, 1, 1]
	690316	503084	494571	8	M	38	A		-1	2885.71990924	[1, 0, 1, 1, 1, 1, 1, 1, 1, 1, 1, 1]
	656422	499452	424877	8	M	33	A		-1	2885.74178342	[1, 1, 1, 1, 1, 1, 1, 1, 1, 1, 1, 1]
	622005	588679	436838	8	M	99	A		-1	2886.05794829	[1, 1, 1, 1, 1, 1, 1, 1, 1, 1, 1, 1]
	691538	499468	566815	8	M	63	A		-1	2886.16453573	[1, 1, 1, 1, 1, 1, 0, 1, 1, 1, 1, 1]
	651605	528785	483910	8	M	67	A		-1	2886.50726094	[1, 1, 1, 1, 1, 1, 1, 1, 1, 1, 1, 1]
	599111	496051	394249	8	M	97	A		-1	2886.87389909	[0, 1, 1, 1, 1, 1, 1, 1, 1, 1, 1, 1]
	644681	588679	497174	8	M	7	A		-1	2887.97827021	[1, 1, 1, 1, 1, 1, 1, 1, 1, 1, 1, 1]
	636504	592816	561363	8	M	99	A		-1	2888.04201563	[1, 1, 1, 1, 1, 1, 1, 0, 1, 1, 1, 1]
	644144	543635	546757	8	M	91	A		-1	2888.3098059	[1, 1, 1, 1, 1, 1, 1, 1, 1, 1, 1, 1]
	606163	514790	528749	8	M	46	A		-1	2888.5000042	[1, 1, 1, 1, 1, 1, 1, 1, 1, 1, 1, 1]
	629475	505906	527478	8	M	38	A		-1	2888.76932563	[1, 1, 1, 1, 1, 1, 1, 1, 1, 1, 1, 1]
	687921	555659	511302	8	M	87	A		-1	2889.0380554	[1, 1, 1, 1, 1, 1, 1, 1, 1, 1, 1, 1]
	672158	546821	521138	8	M	3	A		-1	2889.05808366	[1, 1, 1, 1, 1, 1, 1, 1, 1, 1, 1, 1]
	636393	499452	543278	8	M	94	A		-1	2889.1723266	[1, 1, 1, 1, 1, 1, 1, 1, 1, 1, 1, 1]
	596771	507725	511762	8	M	51	A		-1	2889.24373108	[1, 1, 1, 1, 1, 1, 1, 1, 1, 1, 1, 1]
	675037	555659	556577	8	M	3	A		-1	2889.51561715	[1, 1, 1, 1, 1, 1, 1, 1, 1, 1, 1, 1]
	673758	545899	534989	8	M	87	A		-1	2889.71927187	[1, 1, 1, 1, 1, 1, 1, 1, 1, 1, 1, 1]
	656712	526560	546371	8	M	25	A		-1	2889.73756646	[1, 1, 1, 1, 1, 1, 1, 1, 1, 1, 1, 1]
	632044	592816	592857	8	M	2	A		-1	2890.19791997	[1, 0, 1, 1, 1, 1, 1, 1, 1, 1, 1, 1]
	601200	528785	512229	8	M	23	A		-1	2890.64730684	[1, 1, 1, 1, 1, 1, 1, 1, 1, 1, 1, 1]
	690717	589711	521071	8	M	63	A		-1	2890.68459639	[1, 1, 1, 1, 1, 1, 1, 1, 1, 1, 1, 1]
	643736	508181	576310	8	M	88	A		-1	2890.73669997	[1, 1, 1, 1, 1, 1, 1, 1, 1, 1, 1, 1]
	638548	514790	536000	8	M	92	A		-1	2890.87565171	[1, 1, 1, 1, 1, 1, 1, 1, 1, 1, 1, 1]
	599337	557760	395857	8	M	24	A		-1	2890.9418146	[1, 1, 1, 1, 1, 1, 1, 1, 1, 1, 1, 1]
	650045	586236	552144	8	M	96	A		-1	2891.19785638	[1, 1, 1, 1, 1, 1, 1, 1, 1, 1, 1, 1]
	628641	499452	466638	8	M	10	A		-1	2891.62343238	[1, 1, 1, 1, 1, 1, 1, 1, 1, 1, 1, 1]
	606012	540854	494995	8	M	70	A		-1	2891.66497188	[1, 1, 1, 1, 1, 0, 1, 1, 1, 1, 1, 1]
	687729	590825	561025	8	M	100	A		-1	2891.78622272	[1, 1, 1, 1, 1, 1, 1, 1, 1, 1, 1, 1]
	668266	511280	571456	8	M	45	A		-1	2892.01182145	[0, 1, 1, 1, 1, 1, 1, 1, 1, 1, 1, 1]
	675989	570621	498112	8	M	54	A		-1	2892.34563424	[1, 1, 1, 1, 1, 1, 1, 1, 1, 1, 1, 1]
	613563	496051	410978	8	M	16	A		-1	2892.55319689	[1, 1, 1, 1, 1, 1, 1, 1, 1, 1, 1, 1]
	625361	588679	499090	8	M	66	A		-1	2893.50916087	[1, 1, 1, 1, 1, 1, 1, 1, 1, 1, 1, 1]
	652959	592092	476195	8	M	36	A		-1	2893.59871513	[1, 1, 1, 1, 0, 1, 1, 1, 1, 1, 1, 1]
	557760	477001	477231	7	M	27	A		-1	2894.07244834	[1, 1, 1, 1, 1, 1, 1, 1, 1, 1, 1, 1]
	622135	503084	515991	8	M	3	A		-1	2894.22584154	[1, 1, 1, 1, 1, 1, 1, 1, 1, 1, 1, 1]
	596134	508181	590211	8	M	5	A		-1	2894.28249782	[1, 1, 1, 1, 1, 1, 1, 1, 1, 1, 1, 1]
	655393	499951	547950	8	M	7	A		-1	2894.43199757	[1, 1, 1, 1, 1, 1, 1, 1, 1, 1, 1, 1]
	655045	499468	559786	8	M	91	A		-1	2894.4900019	[1, 1, 1, 1, 1, 1, 1, 1, 1, 1, 1, 1]
	656806	580550	568354	8	M	68	A		-1	2894.62102282	[1, 1, 1, 1, 1, 1, 1, 1, 1, 1, 1, 1]
	640577	496051	527316	8	M	25	A		-1	2894.87800647	[1, 1, 1, 1, 1, 1, 1, 1, 1, 1, 1, 1]
	676025	505906	515622	8	M	41	A		-1	2895.54889334	[1, 1, 1, 0, 1, 1, 1, 1, 1, 1, 1, 1]
	657594	513283	516725	8	M	22	A		-1	2895.86125477	[1, 1, 1, 1, 1, 1, 1, 1, 1, 1, 1, 1]
	635945	496051	564271	8	M	0	A		-1	2896.48909105	[1, 1, 1, 1, 1, 1, 1, 1, 1, 1, 1, 1]
	690573	567095	549071	8	M	85	A		-1	2896.54263201	[1, 1, 1, 1, 1, 1, 1, 1, 1, 1, 1, 1]
	650695	516337	453570	8	M	64	A		-1	2896.81509466	[1, 1, 1, 0, 1, 1, 0, 1, 1, 1, 1, 1]
	636271	496051	497881	8	M	55	A		-1	2896.88127663	[1, 1, 1, 1, 1, 1, 1, 1, 1, 1, 1, 1]
	651012	515574	525578	8	M	52	A		-1	2897.13355001	[1, 0, 1, 1, 1, 1, 1, 1, 1, 1, 1, 1]
	667534	538846	536653	8	M	53	A		-1	2897.24980294	[1, 1, 1, 1, 1, 1, 1, 1, 1, 1, 1, 1]
	681098	507725	539187	8	M	83	A		-1	2897.75928438	[1, 1, 1, 1, 1, 1, 1, 1, 1, 1, 1, 1]
	603733	513735	587222	8	M	30	A		-1	2897.97452332	[1, 0, 1, 1, 1, 1, 1, 1, 1, 1, 1, 1]
	656694	590382	428604	8	M	1	A		-1	2898.25503246	[1, 1, 1, 1, 1, 1, 1, 1, 1, 1, 1, 1]
	671973	579743	583801	8	M	70	A		-1	2898.29106157	[1, 1, 1, 1, 1, 1, 1, 1, 1, 1, 1, 1]
	644474	590185	585422	8	M	14	A		-1	2898.56174979	[1, 1, 1, 1, 1, 1, 1, 1, 1, 1, 1, 0]
	652115	586236	579056	8	M	12	A		-1	2898.77970745	[1, 1, 1, 1, 1, 1, 1, 1, 1, 1, 1, 1]
	686937	499951	542973	8	M	34	A		-1	2899.18498818	[1, 1, 1, 1, 1, 1, 1, 1, 1, 1, 1, 1]
	595490	518754	559420	8	M	7	A		-1	2899.20275808	[1, 1, 1, 1, 1, 1, 0, 1, 1, 1, 1, 1]
	614248	509142	430084	8	M	50	A		-1	2899.28014403	[1, 1, 1, 1, 1, 1, 1, 1, 1, 1, 1, 1]
	597966	586236	550972	8	M	14	A		-1	2900.34816838	[1, 1, 1, 1, 1, 1, 1, 1, 1, 1, 1, 1]
	611645	590825	544794	8	M	95	A		-1	2900.58932378	[1, 1, 1, 1, 1, 1, 1, 1, 1, 1, 1, 1]
	644747	503084	406729	8	M	33	A		-1	2900.62261665	[1, 1, 1, 1, 1, 1, 1, 1, 1, 1, 1, 1]
	609172	563958	546795	8	M	98	A		-1	2900.80330107	[1, 1, 1, 1, 1, 1, 1, 1, 1, 1, 1, 1]
	693695	588195	541350	8	M	99	A		-1	2900.99743751	[1, 1, 1, 1, 1, 1, 1, 1, 1, 1, 1, 1]
	650220	508181	406527	8	M	58	A		-1	2901.67840261	[1, 1, 1, 1, 1, 1, 1, 1, 1, 1, 1, 1]
	622233	519615	571295	8	M	73	A		-1	2901.87629397	[1, 1, 1, 1, 1, 1, 1, 0, 1, 1, 1, 1]
	636311	588679	580295	8	M	57	A		-1	2902.76253912	[1, 1, 1, 1, 1, 1, 1, 1, 1, 1, 1, 1]
	620429	589711	504657	8	M	23	A		-1	2902.95672429	[1, 1, 1, 1, 1, 1, 1, 1, 1, 1, 1, 1]
	669741	519615	582231	8	M	75	A		-1	2903.15252379	[1, 1, 1, 1, 1, 1, 1, 1, 1, 1, 1, 1]
	666507	589711	498496	8	M	83	A		-1	2903.6397379	[1, 1, 1, 1, 1, 1, 1, 1, 1, 1, 1, 1]
	641657	590825	408099	8	M	20	A		-1	2903.76027723	[1, 1, 1, 1, 1, 1, 1, 1, 1, 1, 1, 1]
	689121	535805	543320	8	M	35	A		-1	2903.80226219	[1, 1, 1, 1, 1, 1, 1, 1, 1, 1, 1, 1]
	672425	592816	547794	8	M	37	A		-1	2903.86858656	[1, 1, 1, 0, 1, 1, 1, 1, 1, 1, 1, 1]
	653050	592033	573230	8	M	5	A		-1	2904.117726	[1, 1, 1, 1, 1, 1, 1, 1, 1, 1, 1, 1]
	599531	526560	400687	8	M	20	A		-1	2904.36058902	[1, 1, 1, 1, 1, 1, 1, 1, 1, 1, 1, 1]
	679208	538846	417008	8	M	80	A		-1	2904.4963225	[1, 1, 1, 1, 1, 1, 1, 1, 1, 1, 1, 1]
	675961	592033	526855	8	M	29	A		-1	2904.65071895	[1, 1, 1, 1, 1, 1, 1, 1, 1, 1, 1, 1]
	689451	574248	534884	8	M	16	A		-1	2905.07018709	[1, 1, 1, 1, 1, 1, 1, 1, 1, 1, 1, 1]
	652824	531708	542057	8	M	10	A		-1	2905.40626872	[1, 1, 0, 1, 1, 1, 0, 1, 1, 1, 1, 1]
	628280	511280	517748	8	M	49	A		-1	2906.08392685	[1, 1, 1, 1, 1, 1, 1, 1, 1, 1, 1, 1]
	669414	592033	583200	8	M	10	A		-1	2906.10055207	[1, 1, 1, 1, 1, 1, 1, 1, 1, 1, 1, 1]
	612774	499452	573597	8	M	61	A		-1	2907.72032556	[1, 1, 1, 1, 1, 1, 1, 1, 1, 1, 1, 1]
	653238	557760	544525	8	M	41	A		-1	2907.77572111	[1, 1, 1, 1, 1, 1, 1, 1, 1, 1, 1, 1]
	658377	592033	526772	8	M	36	A		-1	2907.84849701	[1, 1, 1, 0, 1, 1, 1, 1, 1, 1, 1, 1]
	656823	561516	514810	8	M	1	A		-1	2907.87169661	[1, 1, 1, 1, 1, 1, 1, 1, 1, 1, 1, 1]
	618324	526560	500768	8	M	61	A		-1	2908.66127045	[1, 1, 1, 1, 1, 1, 1, 1, 1, 1, 1, 1]
	682451	499468	403717	8	M	51	A		-1	2908.71277253	[1, 1, 1, 1, 1, 1, 1, 1, 1, 1, 1, 1]
	617261	545899	562627	8	M	21	A		-1	2908.81680043	[1, 1, 1, 1, 1, 1, 1, 1, 1, 1, 1, 1]
	654575	508181	515553	8	M	60	A		-1	2909.88977184	[1, 1, 1, 1, 1, 1, 1, 1, 1, 1, 1, 1]
	617029	588679	433873	8	M	60	A		-1	2909.89538821	[1, 1, 1, 1, 1, 1, 1, 1, 1, 1, 1, 1]
	642004	579743	509833	8	M	70	A		-1	2910.36567857	[1, 1, 1, 1, 1, 1, 1, 1, 1, 1, 1, 1]
	640918	579743	539912	8	M	1	A		-1	2910.47101916	[1, 1, 1, 1, 1, 1, 1, 0, 1, 1, 1, 1]
	624391	511280	432902	8	M	57	A		-1	2910.71896772	[1, 1, 1, 1, 1, 1, 1, 1, 1, 1, 1, 1]
	636003	590185	572261	8	M	95	A		-1	2910.78967246	[1, 1, 1, 1, 1, 1, 1, 1, 1, 1, 1, 1]
	679390	590382	444106	8	M	83	A		-1	2911.11323119	[1, 1, 1, 1, 1, 1, 1, 1, 1, 1, 1, 1]
	639570	509142	531027	8	M	49	A		-1	2911.23462384	[1, 1, 1, 1, 1, 1, 1, 1, 1, 1, 1, 1]
	640680	514790	546327	8	M	33	A		-1	2912.38564137	[1, 1, 1, 1, 1, 1, 1, 0, 1, 1, 1, 1]
	677691	499951	586695	8	M	31	A		-1	2912.52811744	[1, 1, 1, 1, 1, 1, 1, 1, 1, 1, 1, 1]
	607082	505906	568054	8	M	99	A		-1	2912.68790598	[1, 1, 1, 1, 1, 1, 1, 1, 1, 1, 1, 1]
	631126	528785	411701	8	M	85	A		-1	2912.7089907	[1, 1, 1, 1, 1, 1, 1, 1, 1, 1, 1, 1]
	646191	531708	313026	8	M	7	A		-1	2912.90140713	[1, 1, 0, 1, 1, 1, 1, 1, 1, 1, 1, 1]
	595558	580550	564357	8	M	38	A		-1	2912.91044277	[1, 1, 1, 1, 1, 1, 1, 1, 1, 1, 1, 1]
	659485	590825	430786	8	M	66	A		-1	2912.92267408	[1, 1, 1, 1, 1, 1, 1, 1, 1, 1, 1, 1]
	644559	538908	539539	8	M	44	A		-1	2914.15674662	[1, 1, 1, 1, 1, 1, 1, 1, 1, 1, 1, 1]
	657640	561516	587203	8	M	79	A		-1	2915.51501765	[1, 1, 1, 1, 1, 1, 1, 1, 1, 1, 1, 1]
	648171	513283	548405	8	M	25	A		-1	2915.57151991	[1, 1, 1, 1, 1, 1, 1, 1, 1, 1, 1, 1]
	682631	535805	544584	8	M	61	A		-1	2915.77612385	[1, 1, 1, 1, 1, 1, 1, 1, 1, 1, 1, 1]
	602988	561516	505745	8	M	72	A		-1	2915.97412532	[1, 1, 1, 1, 1, 1, 1, 1, 1, 1, 1, 1]
	619972	513735	522617	8	M	45	A		-1	2916.35020818	[1, 1, 1, 1, 1, 1, 1, 0, 1, 1, 1, 1]
	648470	555659	511097	8	M	57	A		-1	2916.48586842	[1, 1, 1, 1, 1, 1, 1, 1, 1, 1, 1, 1]
	656559	496051	483362	8	M	22	A		-1	2917.09512554	[1, 1, 1, 1, 1, 1, 1, 1, 1, 1, 1, 1]
	626083	574248	456272	8	M	6	A		-1	2917.63267976	[1, 1, 1, 1, 1, 1, 1, 1, 1, 1, 1, 1]
	651456	516432	568884	8	M	23	A		-1	2918.07216542	[1, 1, 1, 1, 1, 1, 1, 1, 1, 1, 1, 1]
	683413	563958	521594	8	M	12	A		-1	2918.0875517	[1, 1, 1, 1, 1, 1, 1, 1, 1, 1, 1, 1]
	670442	499889	582709	8	M	99	A		-1	2918.59521799	[1, 1, 1, 1, 1, 1, 1, 1, 1, 1, 1, 1]
	693073	563958	546791	8	M	68	A		-1	2919.25539186	[1, 1, 1, 1, 1, 1, 1, 1, 1, 1, 1, 1]
	633163	513735	571481	8	M	49	A		-1	2919.35067671	[1, 1, 1, 1, 1, 1, 1, 1, 1, 1, 1, 1]
	605327	567095	459363	8	M	91	A		-1	2919.72976341	[1, 1, 1, 1, 1, 1, 1, 1, 1, 1, 1, 1]
	639058	545899	545938	8	M	1	A		-1	2919.90359367	[1, 1, 1, 1, 1, 1, 1, 1, 1, 1, 1, 1]
	692438	499452	517630	8	M	59	A		-1	2920.25896637	[1, 1, 1, 1, 1, 1, 1, 1, 1, 1, 1, 1]
	606080	515574	565019	8	M	12	A		-1	2920.95754453	[1, 1, 1, 1, 1, 1, 1, 1, 1, 1, 1, 1]
	622567	592033	406619	8	M	33	A		-1	2921.44095136	[1, 1, 1, 1, 1, 1, 1, 1, 1, 1, 1, 1]
	678972	557760	521841	8	M	63	A		-1	2921.65843591	[1, 1, 1, 1, 1, 1, 1, 1, 1, 1, 1, 1]
	607196	588195	558654	8	M	11	A		-1	2921.79126382	[1, 1, 1, 1, 1, 1, 1, 1, 1, 1, 1, 1]
	674209	508181	571444	8	M	64	A		-1	2922.17727886	[1, 1, 1, 1, 1, 1, 1, 1, 1, 1, 1, 1]
	624344	574248	521346	8	M	84	A		-1	2922.58597256	[1, 1, 1, 1, 1, 1, 1, 1, 1, 1, 1, 1]
	632241	513735	498497	8	M	24	A		-1	2922.73996759	[1, 1, 1, 1, 1, 1, 1, 1, 1, 1, 1, 1]
	681191	503084	562028	8	M	21	A		-1	2923.00091365	[1, 1, 1, 1, 1, 1, 1, 1, 1, 1, 1, 0]
	678494	496051	507473	8	M	45	A		-1	2923.07275478	[1, 1, 1, 1, 1, 1, 1, 1, 1, 1, 1, 1]
	526560	411578	484882	7	M	14	A		-1	2923.72218987	[1, 1, 1, 1, 1, 1, 1, 1, 1, 1, 1, 1]
	621130	570621	559370	8	M	51	A		-1	2924.32425082	[1, 1, 1, 1, 1, 1, 1, 1, 1, 1, 1, 1]
	663167	535805	571442	8	M	15	A		-1	2925.47137311	[1, 1, 1, 1, 1, 1, 1, 1, 1, 1, 1, 1]
	661968	588195	494753	8	M	92	A		-1	2925.65551639	[1, 1, 1, 1, 1, 1, 1, 1, 1, 1, 1, 1]
	626967	518754	518113	8	M	87	A		-1	2925.73507754	[1, 1, 1, 1, 1, 1, 0, 1, 1, 1, 1, 1]
	660219	574248	504872	8	M	65	A		-1	2925.84128472	[1, 1, 1, 1, 1, 1, 1, 1, 1, 1, 1, 1]
	623420	592092	513309	8	M	65	A		-1	2926.08909392	[1, 1, 1, 1, 1, 1, 1, 1, 1, 1, 1, 1]
	646316	496051	534478	8	M	87	A		-1	2926.195669	[1, 1, 1, 1, 1, 1, 1, 1, 1, 1, 1, 0]
	662396	588195	534968	8	M	20	A		-1	2926.9220291	[1, 1, 1, 1, 1, 1, 1, 1, 1, 1, 1, 1]
	612281	545899	495080	8	M	58	A		-1	2926.95367977	[1, 1, 1, 0, 1, 1, 1, 1, 1, 1, 1, 1]
	595214	511876	585006	8	M	13	A		-1	2927.24449062	[1, 1, 1, 1, 1, 1, 1, 1, 1, 1, 1, 1]
	670476	505906	516597	8	M	18	A		-1	2927.35822517	[1, 1, 1, 1, 1, 1, 1, 1, 1, 1, 1, 1]
	594824	505906	582343	8	M	70	A		-1	2927.68584168	[1, 1, 1, 1, 1, 1, 1, 1, 1, 1, 1, 1]
	669925	531708	500839	8	M	36	A		-1	2928.14855648	[1, 1, 1, 1, 1, 1, 1, 1, 1, 1, 1, 1]
	651818	508181	590970	8	M	52	A		-1	2928.166977	[1, 1, 1, 1, 1, 1, 1, 1, 1, 1, 1, 1]
	657674	588195	554080	8	M	34	A		-1	2928.26344454	[1, 1, 1, 1, 1, 1, 1, 1, 1, 1, 1, 1]
	642461	540854	510224	8	M	40	A		-1	2928.56356687	[1, 1, 1, 1, 1, 1, 1, 1, 1, 1, 1, 1]
	634738	540854	450577	8	M	61	A		-1	2929.07387633	[1, 1, 1, 1, 1, 1, 1, 1, 1, 1, 1, 1]
	670112	592033	416449	8	M	69	A		-1	2929.09432468	[1, 1, 1, 1, 1, 1, 1, 1, 1, 1, 1, 1]
	647595	511876	549446	8	M	70	A		-1	2929.6253596	[1, 1, 1, 1, 1, 1, 0, 1, 1, 1, 1, 1]
	646877	516337	389219	8	M	30	A		-1	2930.11773651	[1, 1, 1, 1, 1, 1, 0, 1, 1, 1, 1, 0]
	673910	574248	589851	8	M	52	A		-1	2930.15914745	[1, 1, 1, 1, 1, 1, 1, 1, 1, 1, 1, 1]
	660142	528785	499015	8	M	93	A		-1	2930.24585657	[1, 1, 1, 1, 1, 1, 1, 1, 1, 1, 1, 1]
	674673	528785	545309	8	M	53	A		-1	2930.66997445	[1, 1, 1, 1, 1, 1, 1, 1, 1, 1, 1, 1]
	640330	555659	504383	8	M	26	A		-1	2930.82192143	[1, 1, 1, 1, 1, 1, 1, 1, 1, 1, 1, 1]
	601737	557760	513395	8	M	51	A		-1	2930.93593392	[1, 1, 1, 1, 1, 1, 0, 1, 1, 1, 1, 1]
	633340	590185	575190	8	M	70	A		-1	2931.12991258	[1, 1, 1, 1, 1, 1, 1, 1, 1, 1, 1, 1]
	611871	499452	529866	8	M	11	A		-1	2932.00047665	[1, 1, 1, 1, 1, 1, 1, 1, 1, 1, 1, 1]
	647962	590825	591550	8	M	86	A		-1	2932.99467135	[1, 1, 1, 1, 1, 1, 1, 1, 1, 1, 1, 1]
	693355	514790	384054	8	M	61	A		-1	2933.26585642	[1, 1, 1, 1, 1, 1, 1, 1, 1, 1, 1, 1]
	673020	538908	557617	8	M	89	A		-1	2933.56606954	[1, 1, 1, 1, 1, 1, 1, 1, 1, 1, 1, 1]
	624256	580550	523229	8	M	37	A		-1	2933.70003157	[1, 1, 1, 1, 1, 1, 1, 1, 1, 1, 1, 1]
	674212	580550	532220	8	M	50	A		-1	2934.20765724	[1, 1, 1, 1, 1, 1, 1, 1, 1, 1, 1, 1]
	691113	567095	531937	8	M	49	A		-1	2934.32497013	[1, 1, 1, 1, 1, 1, 1, 1, 1, 1, 1, 1]
	691428	505906	519176	8	M	11	A		-1	2934.91616471	[1, 1, 1, 1, 1, 1, 1, 1, 1, 1, 1, 1]
	594668	505906	584027	8	M	6	A		-1	2935.06929882	[1, 1, 1, 1, 1, 1, 1, 1, 1, 1, 1, 1]
	690626	511280	505983	8	M	80	A		-1	2935.08856734	[1, 1, 1, 1, 1, 1, 1, 1, 1, 1, 1, 1]
	648957	546821	573303	8	M	4	A		-1	2935.09181617	[1, 1, 1, 1, 1, 1, 1, 1, 1, 1, 1, 1]
	690410	531708	547293	8	M	96	A		-1	2935.36743023	[1, 1, 1, 0, 1, 1, 1, 1, 1, 1, 1, 1]
	630507	543635	571159	8	M	89	A		-1	2935.38581978	[1, 1, 1, 1, 1, 1, 1, 1, 1, 1, 1, 1]
	674242	526560	579147	8	M	76	A		-1	2935.8050712	[1, 1, 1, 1, 1, 1, 1, 1, 1, 1, 1, 1]
	633334	528785	593013	8	M	39	A		-1	2936.99567808	[1, 1, 1, 1, 1, 1, 1, 1, 1, 1, 1, 1]
	644713	588679	521692	8	M	40	A		-1	2937.11034215	[1, 1, 1, 1, 1, 1, 1, 1, 1, 1, 1, 1]
	632417	592033	512074	8	M	6	A		-1	2937.28311502	[1, 1, 1, 1, 1, 1, 1, 1, 1, 1, 1, 1]
	663173	528785	516407	8	M	22	A		-1	2937.40165138	[1, 1, 1, 1, 1, 1, 1, 1, 1, 1, 1, 1]
	644181	567095	593215	8	M	74	A		-1	2937.94006255	[1, 1, 1, 1, 1, 1, 1, 1, 1, 1, 1, 1]
	604996	591508	524023	8	M	96	A		-1	2937.99166506	[1, 1, 1, 1, 1, 1, 1, 1, 1, 1, 1, 1]
	634184	538846	569051	8	M	85	A		-1	2938.2025845	[1, 1, 1, 1, 0, 1, 1, 0, 1, 1, 1, 1]
	670540	509142	490917	8	M	57	A		-1	2938.88543378	[1, 1, 1, 1, 1, 1, 1, 1, 1, 1, 1, 1]
	649938	518754	572096	8	M	45	A		-1	2938.95210564	[1, 1, 1, 1, 1, 1, 1, 1, 1, 1, 1, 1]
	681550	513735	552975	8	M	54	A		-1	2939.07768438	[1, 1, 1, 1, 1, 1, 1, 1, 1, 1, 1, 1]
	649358	588195	588204	8	M	92	A		-1	2939.09262657	[1, 1, 1, 1, 1, 1, 1, 1, 1, 1, 1, 1]
	664958	543635	589812	8	M	14	A		-1	2939.1205954	[1, 1, 1, 1, 1, 1, 1, 1, 1, 1, 1, 1]
	604046	567095	556633	8	M	73	A		-1	2939.85459671	[1, 1, 1, 1, 1, 1, 0, 1, 1, 1, 1, 1]
	689669	590825	557278	8	M	87	A		-1	2940.00553171	[1, 1, 1, 1, 1, 1, 1, 1, 1, 1, 1, 1]
	670560	580550	494407	8	M	67	A		-1	2940.05475649	[1, 1, 1, 1, 1, 1, 1, 1, 1, 1, 1, 1]
	620602	546821	308094	8	M	46	A		-1	2940.15671221	[1, 1, 1, 1, 1, 1, 1, 1, 1, 1, 1, 1]
	598367	509142	501342	8	M	73	A		-1	2940.41332712	[1, 1, 1, 1, 1, 1, 1, 1, 1, 1, 1, 1]
	602446	531708	484192	8	M	16	A		-1	2940.41929745	[1, 1, 1, 1, 1, 1, 1, 1, 1, 1, 1, 1]
	658441	592033	516635	8	M	62	A		-1	2940.48165124	[1, 1, 1, 1, 1, 1, 1, 0, 1, 1, 1, 1]
	690468	531708	500274	8	M	16	A		-1	2940.84656491	[1, 1, 0, 1, 1, 1, 1, 1, 1, 1, 1, 1]
	652612	499468	498075	8	M	33	A		-1	2941.84009417	[1, 1, 1, 1, 1, 1, 0, 1, 1, 1, 1, 1]
	664814	567095	429823	8	M	13	A		-1	2941.99769449	[1, 0, 1, 1, 1, 1, 0, 1, 1, 1, 1, 1]
	666557	513735	497337	8	M	52	A		-1	2942.52194641	[1, 1, 1, 1, 1, 1, 1, 1, 1, 1, 1, 1]
	649135	567095	550445	8	M	88	A		-1	2943.49141741	[1, 1, 1, 1, 1, 1, 0, 1, 1, 1, 1, 1]
	662211	505906	554537	8	M	62	A		-1	2943.74504324	[1, 1, 1, 1, 1, 1, 1, 1, 1, 1, 1, 1]
	684226	590825	574050	8	M	6	A		-1	2944.38561149	[1, 1, 1, 1, 1, 1, 1, 1, 1, 1, 1, 1]
	663833	543635	309997	8	M	14	A		-1	2944.56611799	[1, 1, 1, 1, 1, 1, 1, 1, 1, 1, 1, 1]
	671552	580550	517750	8	M	2	A		-1	2944.60613093	[1, 1, 1, 1, 1, 1, 1, 1, 1, 1, 1, 1]
	609883	555659	498013	8	M	47	A		-1	2944.86186232	[1, 1, 1, 1, 1, 1, 1, 1, 1, 1, 1, 1]
	682550	508181	581572	8	M	76	A		-1	2945.5700588	[1, 1, 1, 0, 1, 1, 1, 1, 1, 1, 1, 1]
	508181	482391	334783	7	M	92	A		-1	2945.94960304	[1, 1, 1, 1, 1, 1, 1, 1, 1, 1, 1, 1]
	673225	508181	542041	8	M	73	A		-1	2946.31707454	[1, 1, 1, 1, 1, 1, 1, 1, 1, 1, 1, 1]
	651099	496051	518707	8	M	49	A		-1	2946.3373507	[1, 1, 1, 1, 1, 1, 1, 1, 1, 1, 1, 1]
	645891	515574	463021	8	M	30	A		-1	2946.72453124	[1, 0, 1, 1, 1, 1, 1, 1, 1, 1, 1, 1]
	649656	531708	544908	8	M	49	A		-1	2948.01443071	[1, 1, 1, 1, 1, 1, 1, 1, 1, 1, 1, 1]
	609949	579743	508407	8	M	90	A		-1	2949.47691556	[1, 1, 1, 1, 1, 0, 1, 1, 1, 1, 1, 1]
	601010	574248	495212	8	M	69	A		-1	2950.79545863	[1, 1, 1, 1, 1, 1, 1, 1, 1, 1, 1, 1]
	663451	592816	520615	8	M	26	A		-1	2950.81327296	[1, 1, 1, 0, 1, 1, 1, 1, 1, 1, 1, 1]
	654536	507725	502764	8	M	84	A		-1	2950.83531803	[1, 1, 1, 1, 1, 1, 1, 1, 1, 1, 1, 1]
	620282	528785	536716	8	M	96	A		-1	2951.01820404	[1, 1, 1, 1, 1, 1, 1, 1, 1, 1, 1, 1]
	652250	545899	535055	8	M	29	A		-1	2951.29000931	[1, 1, 1, 1, 1, 1, 1, 1, 1, 1, 1, 1]
	663087	574248	521405	8	M	20	A		-1	2951.97084652	[1, 1, 1, 1, 1, 1, 1, 1, 1, 1, 1, 1]
	670398	592033	515572	8	M	31	A		-1	2953.31188021	[1, 1, 1, 1, 1, 1, 1, 1, 1, 1, 1, 1]
	630722	591508	584390	8	M	8	A		-1	2954.30939749	[1, 1, 0, 1, 1, 1, 1, 1, 1, 1, 1, 1]
	676985	511280	555319	8	M	70	A		-1	2955.4265804	[1, 1, 1, 1, 0, 1, 0, 1, 1, 1, 1, 1]
	627263	545899	549298	8	M	0	A		-1	2955.5409763	[1, 1, 1, 1, 1, 1, 1, 1, 1, 1, 1, 1]
	596348	515574	486954	8	M	46	A		-1	2956.14242527	[1, 1, 1, 1, 1, 1, 1, 1, 1, 1, 1, 1]
	641101	557760	545356	8	M	56	A		-1	2956.20833085	[1, 1, 1, 1, 1, 1, 1, 1, 1, 1, 1, 1]
	625777	499452	587959	8	M	82	A		-1	2956.48222421	[1, 1, 1, 1, 1, 1, 1, 1, 1, 1, 1, 1]
	651249	540854	396454	8	M	40	A		-1	2958.19937616	[1, 1, 1, 1, 1, 1, 1, 0, 1, 1, 1, 1]
	618401	505906	507625	8	M	26	A		-1	2959.18445164	[1, 1, 1, 1, 1, 1, 1, 1, 1, 1, 1, 1]
	605180	499452	578102	8	M	53	A		-1	2959.58760618	[1, 1, 1, 1, 1, 1, 0, 1, 1, 1, 1, 1]
	595357	526560	543578	8	M	97	A		-1	2959.9302505	[1, 1, 1, 1, 1, 1, 1, 1, 1, 1, 1, 1]
	693378	588679	558616	8	M	58	A		-1	2960.45007388	[1, 1, 1, 1, 1, 1, 1, 1, 1, 1, 1, 1]
	689982	561516	586886	8	M	90	A		-1	2961.22928707	[1, 1, 1, 1, 1, 1, 1, 1, 1, 1, 1, 1]
	643582	591508	536673	8	M	4	A		-1	2961.47699515	[1, 1, 1, 1, 1, 1, 1, 1, 1, 1, 1, 1]
	668624	561516	534381	8	M	75	A		-1	2963.7077367	[1, 1, 1, 1, 1, 1, 1, 1, 1, 1, 1, 0]
	608858	567095	530708	8	M	35	A		-1	2964.10428111	[1, 1, 1, 1, 1, 1, 0, 1, 1, 1, 1, 1]
	555659	408190	394880	7	M	57	A		-1	2964.73678496	[1, 1, 1, 1, 1, 1, 1, 1, 1, 1, 1, 1]
	630658	516432	403339	8	M	86	A		-1	2964.81523284	[1, 1, 1, 1, 1, 1, 1, 1, 1, 1, 1, 1]
	678549	531708	565380	8	M	7	A		-1	2966.38324352	[1, 1, 0, 1, 1, 1, 1, 1, 1, 1, 1, 1]
	646455	511876	553598	8	M	18	A		-1	2966.74815897	[1, 1, 1, 1, 1, 1, 1, 1, 1, 1, 1, 1]
	644187	508181	527580	8	M	23	A		-1	2967.91288152	[1, 1, 1, 1, 1, 1, 1, 0, 1, 1, 1, 1]
	604379	499889	557971	8	M	39	A		-1	2968.5165969	[1, 1, 1, 1, 1, 1, 1, 1, 1, 1, 1, 1]
	652024	514790	410436	8	M	78	A		-1	2969.10035578	[1, 1, 1, 1, 1, 1, 1, 1, 1, 1, 1, 1]
	640628	496051	559844	8	M	25	A		-1	2969.25529976	[1, 1, 1, 1, 1, 1, 1, 1, 1, 1, 1, 1]
	650916	590825	590781	8	M	33	A		-1	2969.49685652	[1, 1, 1, 1, 1, 1, 1, 1, 1, 1, 1, 1]
	646127	515574	561353	8	M	36	A		-1	2971.19791898	[1, 1, 1, 1, 1, 1, 1, 1, 1, 1, 1, 1]
	622337	586236	577887	8	M	91	A		-1	2972.18594479	[1, 1, 1, 1, 1, 1, 1, 0, 1, 1, 1, 1]
	604774	503084	522982	8	M	87	A		-1	2972.5546881	[1, 1, 1, 1, 1, 1, 0, 1, 1, 1, 1, 1]
	644927	531708	502435	8	M	10	A		-1	2973.01559689	[1, 1, 1, 1, 1, 1, 1, 1, 1, 1, 1, 1]
	602757	518754	517537	8	M	91	A		-1	2974.65337671	[1, 1, 1, 1, 1, 1, 0, 1, 1, 1, 1, 1]
	689456	511280	530541	8	M	99	A		-1	2975.64997971	[1, 1, 1, 1, 1, 1, 1, 1, 1, 1, 1, 1]
	609713	508181	552591	8	M	86	A		-1	2976.0729735	[1, 1, 1, 1, 1, 1, 1, 1, 1, 1, 1, 1]
	657304	499452	567554	8	M	35	A		-1	2976.13959123	[1, 1, 1, 1, 1, 1, 1, 1, 1, 1, 1, 1]
	680712	528785	522599	8	M	33	A		-1	2976.78756891	[1, 1, 1, 1, 1, 1, 1, 1, 1, 1, 1, 1]
	678858	538846	574017	8	M	26	A		-1	2980.73815504	[1, 1, 1, 1, 1, 1, 1, 1, 1, 1, 1, 1]
	640800	531708	410790	8	M	70	A		-1	2980.91433375	[1, 1, 0, 1, 1, 1, 1, 1, 1, 1, 1, 1]
	678571	567095	540978	8	M	82	A		-1	2981.74379186	[1, 1, 1, 1, 1, 1, 1, 1, 1, 1, 1, 1]
	685386	557760	507316	8	M	51	A		-1	2981.82788061	[1, 1, 1, 1, 1, 1, 1, 1, 1, 1, 1, 1]
	642219	557760	505290	8	M	65	A		-1	2981.86029372	[1, 0, 1, 1, 1, 1, 1, 1, 1, 1, 1, 1]
	684133	511280	558807	8	M	64	A		-1	2982.22004986	[1, 1, 1, 1, 1, 1, 1, 1, 1, 1, 1, 1]
	609552	557760	508844	8	M	97	A		-1	2982.9363282	[1, 0, 1, 1, 1, 1, 1, 1, 1, 1, 1, 1]
	685903	567095	516958	8	M	94	A		-1	2983.3582413	[1, 1, 1, 1, 1, 1, 0, 1, 1, 1, 1, 1]
	647288	592816	580992	8	M	40	A		-1	2983.52895765	[1, 1, 1, 0, 1, 1, 1, 0, 1, 1, 1, 1]
	622406	567095	552152	8	M	75	A		-1	2983.55166546	[1, 1, 1, 1, 1, 1, 0, 1, 1, 1, 1, 1]
	612101	557760	511354	8	M	98	A		-1	2983.70319381	[1, 1, 1, 1, 1, 1, 1, 1, 1, 1, 1, 1]
	610421	592033	562198	8	M	20	A		-1	2985.01414396	[1, 1, 1, 1, 1, 1, 1, 1, 1, 1, 1, 1]
	652151	503084	504518	8	M	31	A		-1	2985.49232067	[1, 1, 1, 1, 1, 1, 1, 1, 1, 1, 1, 1]
	679129	528785	559687	8	M	94	A		-1	2986.46846529	[1, 1, 1, 1, 1, 1, 1, 1, 1, 1, 1, 1]
	658561	567095	503411	8	M	4	A		-1	2987.86609806	[1, 1, 1, 1, 1, 1, 0, 1, 1, 1, 1, 1]
	607609	531708	501766	8	M	5	A		-1	2987.90244989	[1, 1, 1, 1, 1, 1, 1, 1, 1, 1, 1, 1]
	673861	591508	402899	8	M	82	A		-1	2988.59328098	[1, 1, 1, 1, 1, 1, 1, 1, 1, 1, 1, 1]
	596998	592033	546367	8	M	36	A		-1	2989.39852825	[1, 1, 1, 1, 1, 1, 1, 1, 1, 1, 1, 1]
	642329	579743	545832	8	M	67	A		-1	2990.13537438	[1, 1, 1, 1, 1, 1, 1, 1, 1, 1, 1, 1]
	677652	592033	579903	8	M	47	A		-1	2990.23902734	[1, 1, 1, 1, 1, 1, 1, 1, 1, 1, 1, 1]
	616021	516337	538048	8	M	86	A		-1	2990.49778145	[1, 1, 1, 1, 1, 1, 0, 1, 1, 1, 1, 1]
	620271	499889	542232	8	M	55	A		-1	2990.49929951	[1, 1, 1, 1, 1, 1, 1, 1, 1, 1, 1, 1]
	602940	508181	540631	8	M	3	A		-1	2990.71442406	[1, 1, 1, 1, 1, 1, 1, 1, 1, 1, 1, 1]
	616166	505906	510252	8	M	94	A		-1	2992.06045709	[1, 0, 1, 1, 1, 1, 1, 1, 1, 1, 1, 1]
	668365	535805	297901	8	M	17	A		-1	2992.70537913	[1, 1, 1, 1, 1, 1, 1, 1, 1, 1, 1, 1]
	663133	561516	528094	8	M	24	A		-1	2992.76301711	[0, 1, 1, 1, 1, 1, 0, 1, 1, 1, 1, 0]
	655320	499889	517772	8	M	72	A		-1	2993.52571071	[1, 1, 1, 1, 1, 1, 1, 0, 1, 1, 1, 1]
	655815	511876	538823	8	M	94	A		-1	2993.81220062	[1, 1, 1, 1, 1, 1, 1, 1, 1, 1, 1, 1]
	671985	516432	321338	8	M	7	A		-1	2994.33094579	[1, 1, 1, 1, 1, 1, 1, 1, 1, 1, 1, 0]
	637169	531708	500403	8	M	2	A		-1	2994.54539702	[1, 1, 1, 1, 1, 1, 1, 1, 1, 1, 1, 1]
	612477	590382	576262	8	M	43	A		-1	2995.2414986	[1, 1, 1, 1, 1, 1, 1, 1, 1, 1, 1, 1]
	671596	588195	579840	8	M	79	A		-1	2995.66528045	[1, 1, 1, 1, 1, 1, 1, 1, 1, 1, 1, 1]
	633586	518754	586815	8	M	50	A		-1	2997.06186379	[1, 1, 1, 1, 1, 1, 1, 1, 1, 1, 1, 1]
	627447	526560	547542	8	M	81	A		-1	2997.56504417	[1, 1, 1, 1, 1, 1, 1, 1, 1, 1, 1, 1]
	671472	546821	503430	8	M	66	A		-1	3001.14478553	[1, 1, 1, 1, 1, 1, 1, 1, 1, 1, 1, 1]
	592033	479809	423409	7	M	48	A		-1	3002.20194114	[1, 1, 1, 1, 1, 1, 1, 1, 1, 1, 1, 1]
	655730	526560	552579	8	M	32	A		-1	3002.29224062	[1, 1, 1, 1, 1, 1, 1, 1, 1, 1, 1, 1]
	609845	588195	571315	8	M	36	A		-1	3003.57712805	[1, 1, 1, 0, 1, 1, 1, 1, 1, 1, 1, 1]
	641720	580550	533893	8	M	100	A		-1	3003.76254969	[1, 1, 1, 1, 1, 1, 1, 1, 1, 1, 1, 1]
	693183	499951	514331	8	M	85	A		-1	3003.88715962	[1, 1, 1, 1, 1, 1, 1, 1, 1, 1, 1, 1]
	619398	545899	470543	8	M	43	A		-1	3003.98812546	[1, 1, 0, 1, 1, 1, 1, 1, 1, 1, 1, 1]
	588679	462888	330494	7	M	59	A		-1	3004.80133647	[1, 1, 1, 1, 1, 1, 1, 1, 1, 1, 1, 1]
	675998	574248	559141	8	M	19	A		-1	3005.0539505	[1, 1, 1, 1, 1, 1, 1, 1, 1, 1, 1, 1]
	604308	555659	574687	8	M	40	A		-1	3005.15287778	[1, 1, 1, 1, 1, 1, 1, 1, 1, 1, 1, 1]
	674866	579743	321672	8	M	16	A		-1	3005.90659013	[1, 1, 1, 1, 1, 1, 1, 1, 1, 1, 1, 1]
	626167	592033	570386	8	M	6	A		-1	3006.2096258	[1, 1, 1, 1, 1, 1, 1, 1, 1, 1, 1, 1]
	635902	516337	555536	8	M	98	A		-1	3007.73401412	[1, 0, 1, 1, 1, 1, 1, 1, 1, 1, 1, 1]
	626080	496051	468002	8	M	1	A		-1	3008.32295741	[1, 1, 1, 0, 1, 1, 1, 1, 1, 1, 1, 1]
	661567	531708	540389	8	M	12	A		-1	3008.4350668	[1, 1, 1, 1, 1, 1, 0, 1, 1, 1, 1, 1]
	602449	557760	311373	8	M	72	A		-1	3008.91148098	[1, 1, 1, 1, 1, 1, 1, 1, 1, 1, 1, 1]
	602179	531708	588815	8	M	18	A		-1	3009.67921082	[1, 1, 0, 1, 1, 1, 1, 1, 1, 1, 1, 1]
	616649	511280	430877	8	M	97	A		-1	3009.98574558	[1, 1, 1, 1, 1, 1, 1, 1, 1, 1, 1, 1]
	660466	546821	431403	8	M	40	A		-1	3011.32649487	[1, 1, 1, 1, 1, 1, 1, 1, 1, 1, 1, 1]
	661524	592033	496883	8	M	84	A		-1	3011.70582893	[1, 1, 1, 1, 1, 1, 1, 1, 1, 1, 1, 1]
	630465	589711	507596	8	M	88	A		-1	3011.88296128	[1, 1, 1, 1, 1, 1, 1, 1, 1, 1, 1, 1]
	612445	563958	566936	8	M	65	A		-1	3012.11874278	[1, 1, 1, 1, 1, 1, 1, 1, 1, 1, 1, 1]
	614465	515574	468746	8	M	4	A		-1	3013.07239625	[1, 1, 1, 1, 1, 1, 1, 1, 1, 1, 1, 1]
	634889	592816	562514	8	M	97	A		-1	3014.51467426	[1, 1, 1, 0, 1, 1, 1, 1, 1, 1, 1, 1]
	594604	590825	499268	8	M	47	A		-1	3015.48060539	[1, 1, 1, 1, 1, 1, 1, 1, 1, 1, 1, 1]
	674193	579743	525124	8	M	56	A		-1	3015.84268892	[1, 1, 1, 1, 1, 1, 1, 1, 1, 1, 1, 1]
	604554	499452	530304	8	M	22	A		-1	3017.88042461	[1, 1, 1, 1, 1, 1, 1, 1, 1, 1, 1, 1]
	633536	503084	586855	8	M	39	A		-1	3018.12228363	[1, 1, 1, 1, 1, 1, 0, 1, 1, 1, 1, 1]
	619531	579743	535416	8	M	31	A		-1	3018.19987321	[1, 1, 1, 1, 1, 1, 1, 1, 1, 1, 1, 1]
	670347	526560	568265	8	M	14	A		-1	3018.65935856	[1, 1, 1, 1, 1, 1, 1, 1, 1, 1, 1, 1]
	670813	515574	557354	8	M	67	A		-1	3019.79632706	[1, 0, 1, 1, 1, 1, 1, 1, 1, 1, 1, 1]
	659345	570621	531351	8	M	55	A		-1	3019.96512306	[1, 1, 1, 1, 1, 1, 1, 0, 1, 1, 1, 1]
	685567	588195	499293	8	M	50	A		-1	3020.27188875	[1, 1, 1, 1, 1, 1, 0, 1, 1, 1, 1, 1]
	610264	580550	525122	8	M	22	A		-1	3020.63177456	[1, 1, 1, 1, 1, 1, 1, 1, 1, 1, 1, 1]
	665240	511280	517155	8	M	59	A		-1	3021.34407699	[1, 1, 1, 1, 1, 1, 1, 1, 1, 1, 1, 1]
	643791	509142	533374	8	M	29	A		-1	3022.13164681	[1, 1, 1, 1, 1, 1, 1, 1, 1, 1, 1, 1]
	618933	509142	563114	8	M	21	A		-1	3022.29044337	[1, 1, 1, 1, 1, 1, 1, 1, 1, 1, 1, 1]
	667823	511280	573185	8	M	73	A		-1	3022.51625044	[1, 1, 1, 1, 1, 1, 1, 1, 1, 1, 1, 1]
	648769	516432	545490	8	M	24	A		-1	3023.98489472	[1, 1, 1, 1, 1, 1, 1, 1, 1, 1, 1, 1]
	652342	586236	589553	8	M	14	A		-1	3024.93067026	[1, 1, 1, 1, 1, 1, 1, 1, 1, 1, 1, 1]
	641422	592033	553573	8	M	98	A		-1	3026.19125896	[1, 1, 1, 1, 1, 1, 1, 1, 1, 1, 1, 1]
	650139	511280	519293	8	M	2	A		-1	3026.65266345	[1, 1, 1, 1, 1, 1, 1, 1, 1, 1, 1, 1]
	684391	561516	546014	8	M	56	A		-1	3027.02176016	[1, 1, 1, 1, 1, 1, 1, 1, 1, 1, 1, 0]
	679762	588195	575212	8	M	54	A		-1	3028.70403081	[1, 1, 1, 1, 1, 1, 1, 0, 1, 1, 1, 1]
	629701	590185	540668	8	M	39	A		-1	3030.99309724	[1, 1, 1, 1, 1, 1, 1, 1, 1, 1, 1, 1]
	663854	507725	543678	8	M	45	A		-1	3032.3507132	[1, 1, 1, 1, 1, 1, 1, 1, 1, 1, 1, 1]
	598204	555659	515343	8	M	57	A		-1	3032.99169227	[1, 1, 1, 1, 1, 1, 1, 1, 1, 1, 1, 1]
	593743	567095	533575	8	M	69	A		-1	3033.95024614	[1, 1, 1, 1, 1, 1, 0, 1, 1, 1, 1, 1]
	665271	499889	553717	8	M	27	A		-1	3034.00710743	[1, 1, 1, 1, 1, 1, 1, 1, 1, 1, 1, 1]
	660250	588195	525929	8	M	43	A		-1	3034.13035936	[1, 1, 1, 1, 1, 1, 1, 1, 1, 1, 1, 1]
	669529	567095	525529	8	M	55	A		-1	3034.15798656	[1, 1, 1, 1, 1, 1, 0, 1, 1, 1, 1, 1]
	642259	531708	546422	8	M	79	A		-1	3040.45073263	[1, 1, 0, 1, 1, 1, 1, 1, 1, 1, 1, 1]
	627560	518754	549470	8	M	34	A		-1	3041.15719557	[1, 1, 1, 1, 1, 1, 1, 1, 1, 1, 1, 1]
	618547	528785	581978	8	M	55	A		-1	3044.19541892	[1, 1, 1, 1, 1, 1, 1, 1, 1, 1, 1, 1]
	662294	590825	506603	8	M	31	A		-1	3044.98406355	[0, 1, 1, 1, 1, 1, 0, 1, 1, 1, 1, 0]
	614326	590382	539985	8	M	18	A		-1	3046.33684347	[1, 1, 1, 1, 1, 1, 1, 1, 1, 1, 1, 1]
	693480	516432	590702	8	M	7	A		-1	3047.06855646	[1, 1, 1, 1, 1, 1, 1, 1, 1, 1, 1, 1]
	678463	588679	473143	8	M	31	A		-1	3048.60333851	[1, 1, 1, 1, 1, 1, 1, 1, 1, 1, 1, 1]
	624105	545899	555902	8	M	47	A		-1	3050.05590148	[1, 1, 1, 1, 1, 1, 1, 1, 1, 1, 1, 1]
	607091	516337	503136	8	M	57	A		-1	3050.14606931	[0, 1, 1, 1, 1, 1, 0, 1, 1, 1, 1, 1]
	630577	531708	562470	8	M	58	A		-1	3051.44441553	[1, 1, 1, 1, 1, 1, 1, 1, 1, 1, 1, 1]
	657740	540854	567010	8	M	40	A		-1	3051.67009569	[1, 1, 1, 1, 1, 1, 1, 0, 1, 1, 1, 1]
	655906	535805	567570	8	M	72	A		-1	3053.81914093	[1, 1, 1, 1, 1, 1, 1, 1, 1, 1, 1, 1]
	601634	538908	571024	8	M	23	A		-1	3055.83106523	[1, 1, 1, 1, 1, 1, 1, 1, 1, 1, 1, 1]
	620834	574248	501885	8	M	35	A		-1	3056.45528924	[1, 1, 1, 1, 1, 0, 1, 1, 1, 1, 1, 1]
	630794	588195	389573	8	M	19	A		-1	3059.40420688	[1, 1, 1, 1, 1, 1, 1, 1, 1, 1, 1, 1]
	601905	546821	553839	8	M	14	A		-1	3060.56329826	[1, 1, 1, 1, 1, 1, 1, 1, 1, 1, 1, 1]
	608806	528785	495484	8	M	6	A		-1	3060.89196517	[1, 1, 1, 1, 1, 1, 1, 1, 1, 1, 1, 1]
	613408	508181	554742	8	M	16	A		-1	3060.95930296	[0, 1, 1, 1, 1, 1, 0, 0, 1, 1, 1, 1]
	644915	561516	526280	8	M	53	A		-1	3061.41937308	[1, 1, 1, 1, 1, 1, 1, 1, 1, 1, 1, 0]
	687847	574248	469983	8	M	21	A		-1	3061.47655253	[1, 1, 1, 1, 1, 1, 1, 1, 1, 1, 1, 1]
	605186	563958	580089	8	M	16	A		-1	3062.23137119	[1, 1, 1, 1, 1, 1, 1, 1, 1, 1, 1, 1]
	614351	586236	542115	8	M	18	A		-1	3062.92956876	[1, 1, 1, 1, 1, 1, 0, 1, 1, 1, 1, 1]
	645541	586236	524464	8	M	68	A		-1	3065.12292997	[1, 1, 1, 1, 1, 1, 1, 1, 1, 1, 1, 1]
	605691	531708	585102	8	M	79	A		-1	3067.65675064	[1, 1, 0, 1, 1, 1, 1, 1, 1, 1, 1, 1]
	655183	588195	507479	8	M	77	A		-1	3068.09139298	[1, 1, 1, 1, 1, 1, 1, 1, 1, 1, 1, 1]
	634836	589711	534981	8	M	88	A		-1	3069.27047854	[1, 1, 1, 0, 1, 1, 1, 1, 1, 1, 1, 1]
	611368	535805	588820	8	M	55	A		-1	3071.03558425	[1, 1, 1, 1, 1, 1, 1, 1, 1, 1, 1, 1]
	531708	489004	484837	7	M	62	A		-1	3071.44517094	[1, 1, 0, 1, 1, 1, 1, 1, 1, 1, 1, 1]
	628697	543635	591771	8	M	16	A		-1	3073.0979824	[1, 1, 1, 1, 1, 1, 1, 1, 1, 1, 1, 1]
	634026	509142	569929	8	M	42	A		-1	3073.59548381	[1, 1, 1, 0, 1, 1, 1, 1, 1, 1, 1, 1]
	606149	588195	520540	8	M	29	A		-1	3075.28909437	[1, 1, 1, 1, 1, 1, 1, 1, 1, 1, 1, 1]
	622367	590825	470520	8	M	84	A		-1	3075.97886155	[1, 1, 1, 1, 1, 1, 1, 1, 1, 1, 1, 1]
	677163	516337	555739	8	M	37	A		-1	3075.99378622	[1, 1, 1, 1, 1, 1, 1, 1, 1, 1, 1, 1]
	511280	446677	404497	7	M	43	A		-1	3079.09470168	[1, 1, 1, 1, 1, 1, 1, 1, 1, 1, 1, 1]
	613754	496051	534692	8	M	66	A		-1	3079.52515778	[1, 1, 1, 0, 1, 1, 1, 1, 1, 1, 1, 1]
	595221	557760	530600	8	M	29	A		-1	3079.62384816	[1, 1, 1, 1, 1, 1, 1, 1, 1, 1, 1, 1]
	629458	580550	544956	8	M	77	A		-1	3080.03182715	[1, 1, 1, 1, 1, 1, 1, 1, 1, 1, 1, 1]
	644229	531708	551425	8	M	21	A		-1	3081.44443226	[1, 1, 1, 1, 1, 1, 1, 1, 1, 1, 1, 1]
	642669	591508	568745	8	M	21	A		-1	3083.60153849	[1, 1, 1, 1, 1, 1, 1, 1, 1, 1, 1, 1]
	608750	588195	582323	8	M	12	A		-1	3084.92096686	[1, 1, 1, 0, 1, 1, 1, 1, 1, 1, 1, 1]
	656516	499452	517854	8	M	75	A		-1	3085.55378478	[1, 1, 1, 1, 1, 1, 1, 1, 1, 1, 1, 1]
	686659	586236	504455	8	M	46	A		-1	3085.97650113	[1, 1, 1, 1, 1, 1, 1, 1, 1, 1, 1, 1]
	607816	509142	555972	8	M	30	A		-1	3090.67766423	[1, 1, 1, 1, 1, 1, 1, 1, 1, 1, 1, 1]
	632418	555659	591591	8	M	62	A		-1	3091.51124488	[1, 1, 1, 1, 1, 1, 1, 1, 1, 1, 1, 1]
	661786	507725	502003	8	M	93	A		-1	3091.51888509	[1, 1, 1, 1, 1, 1, 1, 1, 1, 1, 1, 1]
	642007	580550	548809	8	M	26	A		-1	3092.04037446	[1, 1, 1, 1, 1, 1, 1, 1, 1, 1, 1, 1]
	645630	590382	519879	8	M	97	A		-1	3092.9738485	[1, 1, 1, 1, 1, 1, 1, 0, 1, 1, 1, 1]
	669905	513735	535365	8	M	34	A		-1	3093.81274378	[1, 1, 1, 1, 1, 1, 1, 1, 1, 1, 1, 1]
	641538	499468	524922	8	M	64	A		-1	3106.8085434	[1, 1, 1, 1, 1, 1, 1, 1, 1, 1, 1, 1]
	689297	580550	451533	8	M	9	A		-1	3112.38449856	[1, 1, 1, 1, 1, 1, 1, 1, 1, 1, 1, 1]
	646035	591508	515467	8	M	36	A		-1	3114.55901439	[1, 1, 1, 1, 1, 1, 1, 0, 1, 1, 1, 1]
	654077	543635	585878	8	M	22	A		-1	3116.75394646	[1, 1, 1, 1, 1, 1, 1, 1, 1, 1, 1, 1]
	625291	592033	548826	8	M	15	A		-1	3116.89763573	[1, 1, 1, 1, 1, 1, 1, 1, 1, 1, 1, 1]
	594534	588679	513635	8	M	5	A		-1	3119.10263786	[1, 1, 1, 1, 1, 1, 1, 1, 1, 1, 1, 1]
	626089	563958	511394	8	M	91	A		-1	3121.10658058	[1, 1, 1, 1, 1, 1, 1, 1, 1, 1, 1, 1]
	683441	531708	572073	8	M	37	A		-1	3126.37751924	[1, 1, 1, 1, 1, 1, 1, 1, 1, 1, 1, 1]
	673236	555659	542184	8	M	63	A		-1	3131.32016384	[1, 1, 1, 1, 1, 1, 1, 1, 1, 1, 1, 1]
	634563	592033	510615	8	M	61	A		-1	3135.48666043	[1, 1, 1, 1, 1, 1, 1, 1, 1, 1, 1, 1]
	668444	515574	527787	8	M	79	A		-1	3140.48740357	[1, 0, 1, 1, 1, 1, 1, 1, 1, 1, 1, 1]
	594350	511280	515428	8	M	5	A		-1	3140.68947539	[1, 1, 1, 1, 1, 1, 1, 1, 1, 1, 1, 1]
	619447	546821	565888	8	M	10	A		-1	3141.55266037	[1, 1, 1, 1, 1, 1, 1, 1, 1, 1, 1, 1]
	613997	543635	494633	8	M	45	A		-1	3148.21677655	[1, 1, 1, 1, 1, 1, 1, 1, 1, 1, 1, 1]
	639790	592092	593621	8	M	46	A		-1	3168.30320828	[1, 1, 1, 1, 1, 1, 1, 1, 1, 1, 1, 1]
	691044	526560	574106	8	M	91	A		-1	3169.81599067	[1, 1, 1, 0, 1, 1, 1, 1, 1, 1, 1, 1]
	660243	561516	399070	8	M	3	A		-1	3174.08262609	[1, 1, 1, 1, 1, 1, 1, 1, 1, 1, 1, 1]
	669649	499889	517467	8	M	69	A		-1	3178.43673767	[1, 1, 1, 1, 1, 1, 1, 1, 1, 1, 1, 1]
	595780	592033	531306	8	M	6	A		-1	3186.32716435	[1, 1, 1, 1, 1, 1, 1, 1, 1, 1, 1, 1]
	646630	531708	525064	8	M	22	A		-1	3190.73519859	[1, 1, 0, 1, 1, 1, 1, 1, 1, 1, 1, 1]
	656609	561516	468013	8	M	32	A		-1	3198.06408646	[1, 1, 1, 1, 1, 1, 1, 1, 1, 1, 1, 0]
	672243	592092	413340	8	M	86	A		-1	3206.71650764	[1, 1, 1, 1, 1, 1, 1, 1, 1, 1, 1, 1]
	675581	513735	548094	8	M	91	A		-1	3209.22148026	[1, 1, 1, 1, 1, 1, 1, 1, 1, 1, 1, 1]
	622289	588195	495376	8	M	7	A		-1	3210.91212595	[1, 1, 1, 1, 1, 1, 1, 1, 1, 1, 1, 1]
	640911	508181	559181	8	M	0	A		-1	3219.32377449	[1, 1, 1, 1, 1, 1, 1, 1, 1, 1, 1, 1]
	693142	499951	522416	8	M	77	A		-1	3240.06089903	[1, 1, 1, 1, 1, 0, 1, 1, 1, 1, 1, 1]
	612959	563958	503953	8	M	0	A		-1	3242.99575459	[1, 1, 1, 1, 1, 1, 1, 1, 1, 1, 1, 1]
	668020	588679	532694	8	M	72	A		-1	3303.54913624	[1, 1, 1, 1, 1, 1, 1, 1, 1, 1, 1, 1]
	665254	511280	467279	8	M	74	A		-1	3308.65689209	[1, 1, 1, 0, 1, 1, 1, 1, 1, 1, 1, 1]
	615809	590825	559292	8	M	46	A		-1	3352.6770605	[1, 1, 1, 1, 1, 1, 1, 1, 1, 1, 1, 1]
