animal	sire	dam	born	sex	herd	status	cause	died	TBV	recessives
	1170487	1026025	1033562	13	M	93	A		-1	4305.73693335	[1, 1, 1, 1, 1, 1, 1, 1, 1, 1, 1, 1]
	1166306	1083785	1065841	13	M	33	A		-1	4305.86602682	[1, 1, 1, 1, 1, 1, 1, 1, 1, 1, 1, 1]
	1143280	1089666	1063028	13	M	24	A		-1	4306.03567228	[1, 1, 1, 1, 1, 1, 1, 1, 1, 1, 1, 1]
	1157780	1089666	1005748	13	M	65	A		-1	4306.28058503	[1, 1, 1, 1, 1, 1, 1, 1, 1, 1, 1, 1]
	1150124	999851	1019914	13	M	62	A		-1	4306.32382459	[1, 1, 1, 1, 1, 1, 1, 1, 1, 1, 1, 1]
	1179472	1032761	1014411	13	M	26	A		-1	4306.44341742	[1, 1, 0, 1, 1, 1, 1, 1, 1, 1, 1, 1]
	1103314	1065909	1076142	13	M	26	A		-1	4306.59999091	[1, 0, 1, 1, 1, 1, 1, 1, 1, 1, 1, 1]
	1108041	1019592	998026	13	M	19	A		-1	4306.62701156	[1, 1, 1, 1, 1, 1, 1, 0, 1, 1, 1, 1]
	1097385	1044991	1053628	13	M	55	A		-1	4307.1883825	[1, 1, 1, 1, 1, 1, 1, 1, 1, 1, 1, 1]
	1138682	1089270	956420	13	M	42	A		-1	4307.28926756	[1, 1, 1, 1, 1, 1, 1, 1, 1, 1, 1, 0]
	1163220	1032761	1062107	13	M	81	A		-1	4307.49452649	[0, 1, 1, 1, 1, 1, 1, 0, 1, 1, 1, 1]
	1177188	1019592	1048835	13	M	95	A		-1	4307.59961916	[1, 1, 0, 1, 1, 1, 1, 1, 1, 1, 1, 1]
	1095833	1044991	1046339	13	M	15	A		-1	4307.60410168	[1, 1, 1, 1, 1, 1, 1, 1, 1, 1, 1, 1]
	1167420	1058321	943955	13	M	10	A		-1	4307.69247496	[1, 1, 1, 1, 1, 1, 1, 1, 1, 1, 1, 1]
	1049775	975999	958765	12	M	80	A		-1	4308.1291317	[1, 1, 1, 1, 1, 1, 1, 1, 1, 1, 1, 1]
	1168396	1080632	1017914	13	M	18	A		-1	4308.23889324	[1, 1, 1, 1, 1, 1, 1, 0, 1, 1, 1, 1]
	1101153	1001197	1004980	13	M	25	A		-1	4308.41419969	[1, 1, 1, 1, 1, 1, 1, 1, 1, 1, 1, 1]
	1101612	1032132	1082782	13	M	72	A		-1	4308.42301246	[1, 1, 1, 1, 1, 1, 1, 1, 1, 1, 1, 1]
	1115521	950538	1049056	13	M	72	A		-1	4308.5276251	[1, 1, 1, 0, 1, 1, 1, 1, 1, 1, 1, 1]
	1158684	1022636	915879	13	M	37	A		-1	4308.53329576	[1, 1, 1, 1, 1, 1, 1, 1, 1, 1, 1, 1]
	1191720	1054709	1010354	13	M	32	A		-1	4308.85134081	[1, 1, 1, 1, 1, 1, 1, 1, 1, 1, 1, 1]
	1161025	1079132	1055335	13	M	55	A		-1	4308.85447773	[1, 1, 1, 1, 1, 1, 1, 1, 1, 1, 1, 1]
	1110159	1044991	1049398	13	M	62	A		-1	4309.3942351	[1, 1, 1, 1, 1, 1, 1, 1, 1, 1, 1, 1]
	1097625	1007372	1069715	13	M	9	A		-1	4309.64854207	[1, 1, 1, 1, 1, 1, 1, 1, 1, 1, 1, 1]
	1080632	912288	920148	12	M	72	A		-1	4309.65993012	[1, 1, 1, 1, 1, 1, 1, 0, 1, 1, 1, 1]
	1168218	1014216	995603	13	M	37	A		-1	4309.7376163	[1, 1, 1, 1, 1, 1, 1, 1, 1, 1, 1, 1]
	1101891	1029713	980501	13	M	81	A		-1	4310.042715	[1, 1, 1, 1, 1, 1, 1, 1, 1, 1, 1, 1]
	1132199	1025698	1073180	13	M	42	A		-1	4310.14509694	[1, 1, 1, 1, 1, 1, 1, 1, 1, 1, 1, 1]
	1176212	1054709	999883	13	M	59	A		-1	4310.2624491	[1, 1, 1, 1, 1, 1, 1, 1, 1, 1, 1, 1]
	1103799	1083785	1016938	13	M	23	A		-1	4310.31531492	[1, 1, 1, 1, 1, 1, 1, 1, 1, 1, 1, 1]
	1165121	1029713	1070539	13	M	80	A		-1	4310.65181628	[1, 1, 1, 1, 1, 1, 1, 1, 1, 1, 1, 1]
	1156882	1079132	1033852	13	M	6	A		-1	4311.29152329	[1, 1, 1, 1, 1, 1, 1, 1, 1, 1, 1, 1]
	1169525	1037928	806590	13	M	39	A		-1	4311.6472118	[1, 1, 1, 1, 1, 1, 1, 1, 1, 1, 1, 1]
	1108617	1054709	1028004	13	M	57	A		-1	4312.16701832	[1, 1, 1, 1, 1, 1, 1, 1, 1, 1, 1, 1]
	1114828	999851	1020936	13	M	30	A		-1	4312.52061484	[1, 1, 1, 1, 1, 1, 1, 1, 1, 1, 1, 1]
	1094258	1058321	996004	13	M	7	A		-1	4312.82978744	[1, 1, 1, 1, 1, 1, 1, 1, 1, 1, 1, 1]
	1111751	1042083	926609	13	M	14	A		-1	4312.8606634	[1, 1, 1, 1, 1, 1, 1, 1, 1, 1, 1, 1]
	1177981	1042083	973516	13	M	53	A		-1	4312.94162481	[1, 1, 1, 1, 1, 1, 1, 1, 1, 1, 1, 1]
	1110880	1089666	1044968	13	M	80	A		-1	4313.50606454	[1, 1, 1, 1, 1, 1, 1, 1, 1, 1, 1, 1]
	1114106	1022636	1084631	13	M	53	A		-1	4313.59192407	[1, 1, 1, 1, 1, 1, 1, 1, 1, 1, 1, 1]
	1175814	1049775	1042424	13	M	58	A		-1	4313.72815177	[1, 1, 1, 1, 1, 1, 1, 1, 1, 1, 1, 1]
	1133922	1037514	994274	13	M	71	A		-1	4314.15765025	[1, 1, 1, 1, 1, 0, 1, 1, 1, 1, 1, 1]
	1084229	911896	930764	12	M	47	A		-1	4314.47923457	[1, 1, 1, 1, 1, 1, 1, 1, 1, 1, 1, 1]
	1177449	1089270	1066236	13	M	60	A		-1	4314.51637547	[1, 1, 1, 0, 1, 1, 1, 1, 1, 1, 1, 1]
	1146118	950538	1068377	13	M	6	A		-1	4314.7540238	[1, 1, 1, 0, 1, 1, 1, 1, 1, 1, 1, 1]
	1187029	999851	1014137	13	M	16	A		-1	4314.82781723	[1, 1, 1, 1, 1, 1, 1, 1, 1, 1, 1, 1]
	1135762	1049775	1078939	13	M	35	A		-1	4314.88489658	[1, 1, 1, 1, 1, 1, 1, 1, 1, 1, 1, 1]
	1167683	1053463	1014737	13	M	47	A		-1	4314.96819855	[1, 1, 1, 1, 1, 1, 1, 1, 1, 1, 1, 1]
	1170053	1037514	902173	13	M	20	A		-1	4315.56727693	[1, 1, 1, 1, 1, 1, 1, 1, 1, 1, 1, 1]
	1118112	1019592	922582	13	M	42	A		-1	4315.64547284	[1, 1, 1, 1, 1, 1, 1, 1, 1, 1, 1, 1]
	1185583	999851	998553	13	M	41	A		-1	4315.8382526	[1, 1, 1, 1, 1, 1, 1, 1, 1, 1, 1, 1]
	1117845	1037514	1048734	13	M	14	A		-1	4315.91620548	[1, 1, 1, 1, 1, 1, 1, 1, 1, 1, 1, 1]
	1112937	950538	1063584	13	M	34	A		-1	4316.24712957	[1, 1, 1, 1, 1, 1, 1, 1, 1, 1, 1, 1]
	1134149	1026025	1046714	13	M	63	A		-1	4316.30285476	[1, 1, 1, 1, 1, 1, 1, 1, 1, 1, 1, 1]
	1125573	1084229	1045553	13	M	89	A		-1	4316.30707377	[1, 1, 1, 1, 1, 1, 1, 1, 1, 1, 1, 1]
	1158251	1030805	889944	13	M	39	A		-1	4316.31238811	[1, 1, 0, 1, 1, 1, 1, 1, 1, 1, 1, 1]
	1174144	1081514	1027203	13	M	87	A		-1	4316.37333931	[0, 1, 1, 1, 1, 1, 1, 1, 1, 1, 1, 1]
	1128051	1037928	1014101	13	M	66	A		-1	4316.42640123	[1, 1, 1, 1, 1, 1, 1, 1, 1, 1, 1, 1]
	1101784	1001197	1042945	13	M	71	A		-1	4316.4311879	[1, 1, 1, 1, 1, 1, 1, 1, 1, 1, 1, 1]
	1142390	1065937	1052555	13	M	68	A		-1	4316.5121799	[1, 1, 1, 1, 1, 1, 1, 1, 1, 1, 1, 1]
	1094886	1089270	1005161	13	M	37	A		-1	4316.57909882	[1, 1, 1, 1, 1, 1, 1, 1, 1, 1, 1, 1]
	1129580	1019592	1039898	13	M	11	A		-1	4316.64320327	[1, 1, 1, 1, 1, 1, 1, 1, 1, 1, 1, 1]
	1115179	1044993	959459	13	M	80	A		-1	4316.77632497	[1, 1, 1, 1, 1, 1, 1, 1, 1, 1, 1, 1]
	1184231	1020892	1003244	13	M	65	A		-1	4316.80705225	[1, 1, 1, 1, 1, 1, 1, 1, 1, 1, 1, 1]
	1157045	1084229	1070407	13	M	3	A		-1	4316.84423222	[1, 1, 1, 1, 1, 1, 1, 1, 1, 1, 1, 1]
	1189478	1037928	1020244	13	M	3	A		-1	4316.9646321	[1, 1, 1, 1, 1, 1, 1, 1, 1, 1, 1, 1]
	1172712	998404	1051231	13	M	64	A		-1	4317.69616109	[1, 1, 1, 1, 1, 1, 1, 1, 1, 1, 1, 1]
	1144986	1022636	1065032	13	M	74	A		-1	4317.98651827	[1, 1, 1, 1, 1, 1, 1, 1, 1, 1, 1, 1]
	1118848	1084229	962735	13	M	41	A		-1	4318.43638195	[1, 1, 1, 1, 1, 1, 1, 1, 1, 1, 1, 1]
	1139422	998404	1014170	13	M	62	A		-1	4318.58042346	[1, 1, 1, 0, 1, 1, 1, 1, 1, 1, 1, 1]
	1126676	1003121	1041472	13	M	78	A		-1	4318.82633736	[1, 0, 1, 1, 1, 1, 1, 1, 1, 1, 1, 1]
	1172452	1057642	995583	13	M	45	A		-1	4319.18674369	[1, 1, 1, 0, 1, 1, 1, 1, 1, 1, 1, 1]
	1144373	1001812	1010100	13	M	87	A		-1	4319.34458817	[1, 1, 1, 1, 1, 1, 1, 1, 1, 1, 1, 1]
	1111152	998404	977250	13	M	2	A		-1	4319.60496444	[1, 1, 1, 1, 1, 1, 1, 1, 1, 1, 1, 1]
	1100302	1042083	1060818	13	M	67	A		-1	4319.94106514	[1, 1, 1, 1, 1, 1, 1, 1, 1, 1, 1, 1]
	1111030	1024189	1058235	13	M	2	A		-1	4320.64803289	[1, 1, 1, 1, 1, 1, 1, 1, 1, 1, 1, 1]
	1103997	1081514	1015348	13	M	41	A		-1	4320.86965976	[1, 1, 1, 1, 1, 1, 1, 1, 1, 1, 1, 0]
	1145453	1019592	982580	13	M	100	A		-1	4320.87602174	[1, 0, 0, 1, 1, 1, 1, 1, 1, 1, 1, 1]
	1083785	911059	926932	12	M	64	A		-1	4321.466449	[1, 1, 1, 1, 1, 1, 1, 1, 1, 1, 1, 1]
	1140691	1092836	1074013	13	M	31	A		-1	4321.79551805	[0, 1, 1, 1, 1, 1, 1, 1, 1, 1, 1, 1]
	1130435	1020892	949262	13	M	79	A		-1	4321.87615544	[1, 1, 1, 1, 1, 1, 1, 1, 1, 1, 1, 1]
	1157752	1030805	976434	13	M	40	A		-1	4321.97321953	[1, 1, 1, 0, 1, 1, 1, 1, 1, 1, 1, 1]
	1157859	1003121	1026794	13	M	45	A		-1	4322.38707476	[1, 1, 1, 1, 1, 1, 1, 1, 1, 1, 1, 1]
	1134656	1049775	1012873	13	M	18	A		-1	4322.63347461	[1, 1, 1, 0, 1, 1, 1, 1, 1, 1, 1, 1]
	1100609	1065937	1048020	13	M	89	A		-1	4323.26793596	[1, 1, 1, 0, 1, 1, 1, 1, 1, 1, 1, 1]
	1103650	1084229	1087468	13	M	27	A		-1	4323.32892686	[1, 1, 1, 1, 1, 1, 1, 1, 1, 1, 1, 1]
	1001197	990177	918126	12	M	17	A		-1	4323.61276117	[1, 1, 1, 1, 1, 1, 1, 1, 1, 1, 1, 1]
	1142674	1064056	1021487	13	M	81	A		-1	4323.90247601	[1, 1, 1, 0, 1, 1, 1, 1, 1, 1, 1, 1]
	1117803	994859	1067621	13	M	83	A		-1	4324.15604174	[1, 1, 1, 1, 1, 1, 1, 1, 1, 1, 1, 1]
	1099406	1032761	1011098	13	M	63	A		-1	4324.45489467	[1, 1, 1, 1, 1, 1, 1, 1, 1, 1, 1, 1]
	1142882	1022513	1016831	13	M	60	A		-1	4325.12924015	[0, 1, 1, 1, 1, 1, 1, 0, 1, 1, 1, 1]
	1176880	1092836	1008766	13	M	66	A		-1	4325.14965511	[1, 1, 1, 1, 1, 1, 1, 1, 1, 1, 1, 1]
	1133766	1024189	1027676	13	M	74	A		-1	4325.27001687	[1, 1, 1, 1, 1, 1, 1, 1, 1, 1, 1, 1]
	1161224	1037514	1026498	13	M	27	A		-1	4325.54959247	[1, 1, 1, 1, 1, 1, 1, 1, 1, 1, 1, 1]
	1141249	1001197	1067787	13	M	5	A		-1	4325.57548082	[1, 1, 1, 1, 1, 1, 1, 1, 1, 1, 1, 1]
	1131914	998404	1070442	13	M	35	A		-1	4326.16557247	[1, 1, 1, 1, 1, 1, 1, 1, 1, 1, 1, 1]
	1114224	1032132	1012705	13	M	93	A		-1	4326.29415585	[1, 1, 1, 1, 1, 1, 1, 1, 1, 1, 1, 1]
	1153791	1023840	1075870	13	M	39	A		-1	4326.64933797	[1, 1, 1, 1, 1, 1, 1, 1, 1, 1, 1, 1]
	1111044	1026025	1056875	13	M	19	A		-1	4327.07164092	[1, 1, 1, 1, 1, 1, 1, 1, 1, 1, 1, 1]
	1107325	1092836	1036698	13	M	72	A		-1	4327.13620158	[1, 1, 1, 1, 1, 1, 1, 1, 1, 1, 1, 1]
	1187422	1024189	1080279	13	M	21	A		-1	4327.3005783	[1, 1, 1, 1, 1, 1, 1, 1, 1, 1, 1, 1]
	1107129	1044993	1066459	13	M	32	A		-1	4327.37859555	[1, 1, 1, 1, 1, 1, 1, 1, 1, 1, 1, 1]
	1109069	1037928	994688	13	M	29	A		-1	4327.88649018	[1, 1, 1, 1, 1, 1, 1, 1, 1, 1, 1, 1]
	1103194	1044993	1022570	13	M	89	A		-1	4328.12132704	[1, 1, 1, 0, 1, 1, 1, 1, 1, 1, 1, 1]
	1131363	1019592	1083232	13	M	48	A		-1	4328.38531084	[1, 1, 1, 1, 1, 1, 1, 1, 1, 1, 1, 1]
	1163003	1065909	1080436	13	M	62	A		-1	4328.45106208	[1, 1, 1, 1, 1, 1, 1, 1, 1, 1, 1, 1]
	1136676	1024189	1033025	13	M	37	A		-1	4328.65554423	[1, 1, 1, 1, 1, 1, 1, 1, 1, 1, 1, 1]
	1098642	1089666	1067459	13	M	37	A		-1	4329.00760649	[1, 1, 1, 1, 1, 1, 1, 1, 1, 1, 1, 1]
	1163908	1042083	1072591	13	M	75	A		-1	4329.08631865	[1, 1, 1, 1, 1, 1, 1, 1, 1, 1, 1, 1]
	1108051	1030805	1003902	13	M	39	A		-1	4329.17709413	[1, 1, 0, 1, 1, 1, 1, 1, 1, 1, 1, 1]
	1171657	1023840	1022058	13	M	3	A		-1	4329.29141425	[1, 1, 1, 1, 1, 1, 1, 1, 1, 1, 1, 1]
	1132374	1032132	1044179	13	M	88	A		-1	4329.4084009	[1, 1, 1, 1, 1, 1, 1, 1, 1, 1, 1, 1]
	1152155	1044991	1023678	13	M	84	A		-1	4329.5776227	[1, 1, 1, 1, 1, 1, 1, 1, 1, 1, 1, 1]
	1111008	1019994	1017552	13	M	1	A		-1	4329.82902868	[1, 1, 1, 1, 1, 1, 1, 1, 1, 1, 1, 1]
	1179080	1042083	1036779	13	M	60	A		-1	4330.06950532	[1, 1, 1, 1, 1, 1, 1, 1, 1, 1, 1, 1]
	1149109	1064056	1067627	13	M	63	A		-1	4330.07015413	[1, 1, 1, 0, 1, 1, 1, 1, 1, 1, 1, 1]
	1164933	1019994	1093630	13	M	74	A		-1	4330.40313755	[1, 1, 1, 1, 1, 1, 1, 1, 1, 1, 1, 1]
	1171133	1042083	1081613	13	M	50	A		-1	4330.66727675	[1, 1, 1, 1, 1, 1, 1, 1, 1, 1, 1, 1]
	1105107	1081514	1064365	13	M	94	A		-1	4330.78831246	[1, 1, 1, 1, 1, 1, 1, 1, 1, 1, 1, 1]
	1132071	1023840	917709	13	M	6	A		-1	4330.81562842	[0, 1, 1, 1, 1, 1, 1, 1, 1, 1, 1, 1]
	1126114	1079132	809605	13	M	46	A		-1	4330.91819888	[1, 1, 1, 1, 1, 1, 1, 1, 1, 1, 1, 1]
	1156037	1003121	1057580	13	M	95	A		-1	4331.20708272	[1, 1, 1, 1, 1, 1, 1, 1, 1, 1, 1, 1]
	1184797	1014216	1000688	13	M	75	A		-1	4331.50377738	[1, 1, 1, 1, 0, 1, 1, 1, 1, 1, 1, 1]
	1148484	1058321	1078654	13	M	56	A		-1	4331.6538985	[0, 1, 1, 1, 1, 1, 1, 1, 1, 1, 1, 1]
	1186377	1010988	1014039	13	M	52	A		-1	4332.73002607	[1, 1, 1, 1, 1, 1, 1, 1, 1, 1, 1, 1]
	1170027	1030805	1018664	13	M	42	A		-1	4332.78405534	[1, 1, 1, 0, 1, 1, 1, 1, 1, 1, 1, 1]
	1125217	1049775	1069696	13	M	44	A		-1	4333.55116392	[1, 1, 1, 1, 1, 1, 1, 0, 1, 1, 1, 1]
	1136120	1022636	958336	13	M	80	A		-1	4333.55880163	[1, 1, 1, 1, 1, 1, 1, 1, 1, 1, 1, 1]
	1192452	1058321	911375	13	M	0	A		-1	4333.63835884	[1, 1, 1, 1, 1, 1, 1, 1, 1, 1, 1, 1]
	1161077	1029713	1046648	13	M	7	A		-1	4333.88119933	[1, 1, 1, 1, 1, 1, 1, 1, 1, 1, 1, 1]
	1179524	1010988	1028687	13	M	93	A		-1	4334.18643595	[1, 1, 1, 1, 1, 1, 1, 0, 1, 1, 1, 1]
	1024189	971841	926987	12	M	59	A		-1	4334.97535445	[1, 1, 1, 1, 1, 1, 1, 1, 1, 1, 1, 1]
	1007864	950538	964399	12	M	43	A		-1	4335.16511218	[1, 1, 1, 0, 1, 1, 1, 1, 1, 1, 1, 1]
	1140160	1053467	1093665	13	M	79	A		-1	4335.17018896	[1, 1, 1, 1, 1, 1, 1, 1, 1, 1, 1, 1]
	1122040	1037928	906821	13	M	26	A		-1	4335.22217453	[1, 1, 1, 1, 1, 1, 1, 1, 1, 1, 1, 1]
	1146013	1080632	1058673	13	M	3	A		-1	4335.47957297	[1, 1, 1, 1, 1, 1, 1, 1, 1, 1, 1, 1]
	1122788	1019592	1032192	13	M	19	A		-1	4335.53141186	[1, 1, 1, 1, 1, 1, 1, 1, 1, 1, 1, 1]
	1177008	1020892	1073097	13	M	92	A		-1	4335.71876199	[1, 1, 1, 1, 1, 1, 1, 1, 1, 1, 1, 1]
	1122076	950538	1017766	13	M	72	A		-1	4335.71917145	[1, 1, 1, 1, 1, 1, 1, 1, 1, 1, 1, 1]
	1193039	1049775	1001257	13	M	34	A		-1	4336.07648291	[1, 1, 1, 1, 1, 1, 1, 1, 1, 1, 1, 1]
	1113390	1058321	1009120	13	M	56	A		-1	4336.63006793	[1, 1, 1, 1, 1, 1, 1, 1, 1, 1, 1, 1]
	1177728	1007864	1064455	13	M	94	A		-1	4336.63729334	[1, 1, 1, 0, 1, 1, 1, 1, 1, 1, 1, 1]
	1096138	1042083	1081612	13	M	20	A		-1	4336.7396307	[0, 1, 1, 1, 1, 1, 1, 1, 1, 1, 1, 1]
	1110972	1042083	1020841	13	M	8	A		-1	4336.88183095	[1, 1, 1, 1, 1, 1, 1, 1, 1, 1, 1, 1]
	1137872	1032761	1072697	13	M	31	A		-1	4337.32449881	[1, 1, 1, 1, 1, 1, 1, 1, 1, 1, 1, 1]
	1121429	1089270	1031789	13	M	97	A		-1	4337.33985929	[1, 1, 1, 1, 1, 1, 1, 0, 1, 1, 1, 1]
	1168505	1053463	1034693	13	M	55	A		-1	4337.39516459	[1, 1, 1, 1, 1, 1, 1, 1, 1, 1, 1, 1]
	1162219	999851	1015833	13	M	89	A		-1	4337.57709869	[1, 0, 1, 1, 1, 1, 1, 1, 1, 1, 1, 1]
	1115488	999851	974537	13	M	14	A		-1	4338.16628647	[1, 1, 1, 1, 1, 1, 1, 1, 1, 1, 1, 1]
	1116277	1049775	1080951	13	M	41	A		-1	4338.42423139	[1, 1, 1, 1, 1, 1, 1, 1, 1, 1, 1, 1]
	1177937	1080632	1049645	13	M	8	A		-1	4338.6030038	[1, 1, 1, 1, 1, 1, 1, 0, 1, 1, 1, 1]
	1167522	1037514	1079187	13	M	84	A		-1	4338.90776342	[1, 1, 1, 1, 1, 1, 1, 1, 1, 1, 1, 1]
	1147911	1019994	998091	13	M	11	A		-1	4338.93984998	[1, 1, 0, 1, 1, 1, 1, 1, 1, 1, 1, 1]
	1160118	1001197	1000374	13	M	59	A		-1	4340.1560233	[1, 1, 1, 1, 1, 1, 1, 1, 1, 1, 1, 1]
	1094683	1044993	1020106	13	M	7	A		-1	4340.18157263	[1, 1, 1, 0, 1, 1, 1, 1, 1, 1, 1, 1]
	1123613	1080632	1020227	13	M	57	A		-1	4340.43822847	[1, 1, 1, 1, 1, 1, 1, 0, 1, 1, 1, 1]
	1117081	1044991	1015792	13	M	44	A		-1	4340.46327038	[0, 1, 1, 1, 1, 1, 1, 1, 1, 1, 1, 1]
	1171631	1001812	1073013	13	M	46	A		-1	4340.88117942	[0, 1, 1, 1, 1, 1, 1, 1, 1, 1, 1, 1]
	1161459	1081514	993538	13	M	78	A		-1	4341.38895584	[1, 1, 1, 1, 1, 1, 1, 1, 1, 1, 1, 1]
	1109142	1044991	1019567	13	M	88	A		-1	4341.48388861	[1, 1, 1, 1, 1, 1, 1, 1, 1, 1, 1, 1]
	1125198	1007864	822087	13	M	75	A		-1	4341.48516434	[1, 1, 1, 0, 1, 1, 1, 1, 1, 1, 1, 1]
	1050912	950538	953146	12	M	35	A		-1	4341.52977769	[1, 1, 1, 0, 1, 1, 1, 1, 1, 1, 1, 1]
	1140405	1001812	1038795	13	M	38	A		-1	4341.55713077	[1, 1, 1, 1, 1, 1, 1, 1, 1, 1, 1, 1]
	1132171	1044991	1012829	13	M	79	A		-1	4341.59817185	[1, 1, 1, 1, 1, 1, 1, 1, 1, 1, 1, 1]
	1103053	1003121	1019890	13	M	70	A		-1	4341.83153704	[1, 1, 1, 1, 1, 1, 1, 1, 1, 1, 1, 1]
	1184998	1026979	1032117	13	M	9	A		-1	4342.00080925	[1, 1, 1, 1, 1, 1, 1, 0, 1, 1, 1, 1]
	1173896	1053463	1078572	13	M	11	A		-1	4342.09092483	[1, 1, 1, 1, 1, 1, 1, 1, 1, 1, 1, 1]
	1112706	1029713	1043774	13	M	44	A		-1	4342.43016368	[1, 1, 1, 1, 1, 1, 1, 1, 1, 1, 1, 1]
	1173390	1019592	1089988	13	M	77	A		-1	4343.06813215	[1, 1, 0, 1, 1, 1, 1, 1, 1, 1, 1, 1]
	1023840	963545	983531	12	M	65	A		-1	4343.37546519	[1, 1, 1, 1, 1, 1, 1, 1, 1, 1, 1, 1]
	1136981	1081514	1060514	13	M	29	A		-1	4344.08989803	[1, 1, 1, 1, 1, 1, 1, 1, 1, 1, 1, 1]
	1157307	1049775	1050197	13	M	32	A		-1	4344.60344693	[1, 1, 1, 1, 1, 1, 1, 1, 1, 1, 1, 1]
	1109754	950538	1011753	13	M	67	A		-1	4344.66839967	[1, 1, 0, 1, 1, 1, 1, 1, 1, 1, 1, 1]
	1110192	1084229	908597	13	M	41	A		-1	4344.77710147	[1, 1, 1, 1, 1, 1, 1, 1, 1, 1, 1, 1]
	1147799	1064056	963815	13	M	31	A		-1	4345.40333589	[1, 1, 1, 0, 1, 1, 1, 1, 1, 1, 1, 1]
	1136813	994859	1024279	13	M	14	A		-1	4345.42379753	[1, 1, 1, 0, 1, 1, 1, 0, 1, 1, 1, 1]
	1127828	1080632	1076740	13	M	61	A		-1	4345.54285968	[1, 1, 1, 1, 1, 1, 1, 1, 1, 1, 1, 1]
	1097640	1057642	1052279	13	M	7	A		-1	4345.69879987	[0, 1, 1, 1, 1, 1, 1, 1, 1, 1, 1, 1]
	1148594	1032761	977717	13	M	16	A		-1	4345.74485426	[1, 1, 1, 1, 1, 1, 1, 1, 1, 1, 1, 1]
	1097903	1054709	1051188	13	M	43	A		-1	4346.384319	[1, 1, 1, 1, 1, 1, 1, 1, 1, 1, 1, 1]
	1019592	913290	930123	12	M	29	A		-1	4346.76274077	[1, 1, 0, 1, 1, 1, 1, 1, 1, 1, 1, 1]
	1158559	998404	1000244	13	M	99	A		-1	4347.03099374	[1, 1, 1, 1, 1, 1, 1, 1, 1, 1, 1, 1]
	1143490	1080632	1090048	13	M	7	A		-1	4347.62589358	[1, 1, 1, 1, 1, 1, 1, 1, 1, 1, 1, 1]
	1116479	1020892	1048537	13	M	13	A		-1	4347.81253782	[1, 1, 1, 1, 1, 1, 1, 0, 1, 1, 1, 1]
	1112870	1030805	1060318	13	M	26	A		-1	4348.32747459	[1, 1, 0, 0, 1, 1, 1, 1, 1, 1, 1, 1]
	1101601	997170	1077242	13	M	29	A		-1	4348.80915186	[1, 1, 1, 1, 1, 1, 1, 1, 1, 1, 1, 1]
	1182183	1050912	808784	13	M	31	A		-1	4349.39678691	[1, 1, 1, 0, 1, 1, 1, 1, 1, 1, 1, 1]
	1135648	994859	900372	13	M	57	A		-1	4349.57668404	[0, 1, 1, 1, 1, 1, 1, 1, 1, 1, 1, 1]
	1145408	1023840	1029966	13	M	50	A		-1	4349.71075119	[1, 1, 1, 1, 1, 1, 1, 1, 1, 1, 1, 1]
	1155015	1037928	964450	13	M	87	A		-1	4350.00102641	[1, 1, 1, 1, 1, 1, 1, 1, 1, 1, 1, 1]
	1101124	1032132	1033755	13	M	18	A		-1	4350.01524209	[1, 1, 1, 1, 1, 1, 1, 0, 1, 1, 1, 1]
	1178810	1049775	1015880	13	M	32	A		-1	4350.26067756	[1, 1, 1, 1, 1, 1, 1, 1, 1, 1, 1, 1]
	1145586	1053467	998511	13	M	5	A		-1	4350.55684243	[1, 1, 1, 1, 1, 1, 1, 1, 1, 1, 1, 1]
	1152985	1010988	1012598	13	M	51	A		-1	4350.66542339	[1, 1, 1, 0, 1, 1, 1, 0, 1, 1, 1, 1]
	1178599	1053463	1008650	13	M	47	A		-1	4350.70253859	[1, 0, 1, 1, 1, 1, 1, 1, 1, 1, 1, 1]
	1101825	1032132	1017762	13	M	4	A		-1	4350.88942023	[1, 1, 1, 1, 1, 1, 1, 1, 1, 1, 1, 1]
	1119673	1053467	1017692	13	M	34	A		-1	4351.04865346	[1, 1, 1, 1, 1, 1, 1, 1, 1, 1, 1, 1]
	1179491	1019994	955135	13	M	49	A		-1	4351.19100879	[1, 1, 0, 1, 1, 1, 1, 1, 1, 1, 1, 1]
	1130437	1026979	1001883	13	M	55	A		-1	4351.33418597	[1, 1, 1, 1, 1, 1, 1, 0, 1, 1, 1, 1]
	1140417	1024189	1031333	13	M	67	A		-1	4351.60831383	[1, 1, 1, 1, 1, 1, 1, 1, 1, 1, 1, 1]
	1161042	1019994	1072880	13	M	93	A		-1	4352.15194298	[1, 1, 1, 1, 1, 1, 1, 1, 1, 1, 1, 1]
	1130255	1065937	1071187	13	M	77	A		-1	4352.44552653	[1, 1, 1, 0, 1, 1, 1, 1, 1, 1, 1, 0]
	1112193	1026013	1007238	13	M	36	A		-1	4352.48073193	[1, 1, 1, 1, 1, 1, 0, 1, 1, 1, 1, 1]
	1032761	912288	907415	12	M	59	A		-1	4352.75234059	[1, 1, 1, 1, 1, 1, 1, 0, 1, 1, 1, 1]
	1137422	1019994	1059905	13	M	23	A		-1	4354.07436625	[1, 1, 1, 1, 1, 1, 1, 1, 1, 1, 1, 1]
	1123411	1042083	1013156	13	M	28	A		-1	4354.18887626	[1, 1, 1, 1, 1, 1, 1, 1, 1, 1, 1, 1]
	1111272	1024189	818255	13	M	65	A		-1	4354.28772077	[1, 1, 1, 1, 1, 1, 1, 1, 1, 1, 1, 1]
	1170675	1032761	1061429	13	M	58	A		-1	4354.44685633	[1, 1, 1, 1, 1, 1, 1, 0, 1, 1, 1, 1]
	1112302	1092836	907359	13	M	75	A		-1	4354.74019093	[1, 1, 1, 1, 1, 1, 1, 1, 1, 1, 1, 1]
	1154590	994859	988860	13	M	69	A		-1	4354.92931961	[1, 1, 1, 1, 1, 1, 1, 1, 1, 1, 1, 1]
	1094852	998404	910943	13	M	17	A		-1	4355.37490595	[1, 1, 1, 1, 1, 1, 1, 1, 1, 1, 1, 1]
	1155287	1022513	1043184	13	M	22	A		-1	4355.82471866	[0, 1, 1, 1, 1, 1, 1, 0, 1, 1, 1, 1]
	1128347	1007372	1014463	13	M	33	A		-1	4356.16666691	[1, 1, 1, 1, 1, 1, 1, 1, 1, 1, 1, 1]
	1110461	1053463	1025853	13	M	17	A		-1	4356.39961194	[1, 1, 1, 1, 0, 1, 1, 1, 1, 1, 1, 1]
	1163209	1014216	1093643	13	M	30	A		-1	4356.49378605	[1, 1, 1, 1, 1, 1, 1, 1, 1, 1, 1, 1]
	1178280	1022513	1066895	13	M	75	A		-1	4356.54217743	[1, 1, 1, 1, 1, 1, 1, 0, 1, 1, 1, 1]
	1165530	1054709	1034312	13	M	7	A		-1	4356.62265444	[1, 1, 1, 1, 1, 1, 1, 1, 1, 1, 1, 1]
	1171732	1044993	1026297	13	M	69	A		-1	4356.70794128	[1, 1, 0, 0, 1, 1, 1, 1, 1, 1, 1, 1]
	1185109	1044993	1003743	13	M	91	A		-1	4357.32663849	[1, 1, 1, 0, 1, 1, 1, 0, 1, 1, 1, 1]
	1137365	1032761	1027198	13	M	60	A		-1	4358.24437917	[1, 1, 1, 1, 1, 1, 1, 0, 1, 1, 1, 1]
	1144913	1030805	1018816	13	M	66	A		-1	4358.46532581	[1, 1, 0, 0, 1, 1, 1, 1, 1, 1, 1, 1]
	1097207	1007864	1040978	13	M	95	A		-1	4358.98837155	[1, 1, 1, 1, 1, 1, 1, 1, 1, 1, 1, 1]
	1147134	1030805	996065	13	M	41	A		-1	4359.07503412	[1, 1, 1, 0, 1, 1, 1, 1, 1, 1, 1, 1]
	1030805	932186	944745	12	M	44	A		-1	4359.12216189	[1, 1, 0, 0, 1, 1, 1, 1, 1, 1, 1, 1]
	1169685	997170	996947	13	M	21	A		-1	4360.88545211	[1, 1, 1, 1, 1, 1, 1, 1, 1, 1, 1, 1]
	1150710	1030805	1079391	13	M	73	A		-1	4360.91748922	[1, 1, 0, 0, 1, 1, 1, 1, 1, 1, 1, 1]
	1094093	1057642	1031570	13	M	24	A		-1	4361.13243129	[1, 1, 1, 1, 1, 1, 1, 1, 1, 1, 1, 1]
	1134714	1057642	1042319	13	M	58	A		-1	4361.20677516	[1, 1, 1, 1, 1, 1, 1, 1, 1, 1, 1, 1]
	1190379	1058321	1077433	13	M	60	A		-1	4361.34809736	[1, 1, 0, 1, 1, 1, 1, 1, 1, 1, 1, 1]
	1166975	1010988	1032135	13	M	47	A		-1	4361.43041052	[1, 1, 1, 1, 1, 1, 1, 0, 1, 1, 1, 1]
	1121408	1089270	1008362	13	M	46	A		-1	4361.46962258	[1, 1, 1, 1, 1, 1, 1, 1, 1, 1, 1, 1]
	1139764	1084229	1021466	13	M	90	A		-1	4361.83495261	[1, 1, 1, 1, 1, 1, 1, 1, 1, 1, 1, 1]
	1146561	1024189	1060490	13	M	51	A		-1	4361.95105462	[1, 1, 1, 1, 1, 1, 1, 1, 1, 1, 1, 1]
	1131872	1029713	921146	13	M	27	A		-1	4362.32763828	[1, 1, 1, 1, 1, 1, 1, 1, 1, 1, 1, 1]
	1105500	1050912	1078093	13	M	83	A		-1	4362.7281128	[1, 1, 1, 1, 1, 1, 1, 1, 1, 1, 1, 1]
	1184535	1026025	1067045	13	M	30	A		-1	4362.91726233	[1, 1, 1, 1, 1, 1, 1, 1, 1, 1, 1, 1]
	1114065	1058321	1001353	13	M	15	A		-1	4363.37823192	[1, 1, 1, 1, 1, 1, 1, 1, 1, 1, 1, 0]
	1122787	997170	1036625	13	M	50	A		-1	4363.96403455	[1, 1, 1, 1, 1, 1, 1, 1, 1, 1, 1, 1]
	1103299	1083785	1017623	13	M	14	A		-1	4364.32481391	[0, 1, 1, 1, 1, 1, 1, 1, 1, 1, 1, 1]
	1142338	1010988	1035343	13	M	39	A		-1	4364.46448312	[1, 1, 1, 1, 1, 1, 1, 0, 1, 1, 1, 1]
	1098531	1053467	1025229	13	M	43	A		-1	4364.46992738	[1, 1, 1, 1, 1, 1, 1, 1, 1, 1, 1, 1]
	1171772	1083785	1083796	13	M	19	A		-1	4364.99598562	[1, 1, 1, 1, 1, 1, 1, 1, 1, 1, 1, 1]
	1165765	1042083	1067024	13	M	59	A		-1	4365.73801834	[1, 1, 1, 1, 1, 1, 1, 1, 1, 1, 1, 1]
	1120426	1029713	1086973	13	M	23	A		-1	4365.79090906	[1, 1, 1, 1, 1, 1, 1, 1, 1, 1, 1, 1]
	1141130	1023840	1084619	13	M	29	A		-1	4366.42878376	[1, 1, 1, 1, 1, 1, 1, 1, 1, 1, 1, 1]
	1140660	1019994	1047820	13	M	19	A		-1	4367.22679435	[1, 1, 1, 1, 1, 1, 1, 1, 1, 1, 1, 1]
	1097199	1057642	905224	13	M	79	A		-1	4367.45642916	[1, 1, 1, 1, 1, 1, 1, 1, 1, 1, 1, 1]
	1125340	1026979	922390	13	M	59	A		-1	4367.92674544	[1, 1, 1, 0, 1, 1, 1, 1, 1, 1, 1, 1]
	1165011	1057642	999357	13	M	54	A		-1	4368.01643645	[1, 1, 1, 1, 1, 1, 1, 1, 1, 1, 1, 1]
	1098595	1058321	1016464	13	M	20	A		-1	4368.37622435	[1, 1, 1, 1, 1, 1, 1, 1, 1, 1, 1, 1]
	1185545	1026013	1071920	13	M	32	A		-1	4368.66168315	[1, 1, 1, 1, 1, 1, 1, 1, 1, 1, 1, 1]
	1161178	1065937	1071174	13	M	42	A		-1	4368.86458737	[0, 1, 1, 1, 1, 1, 1, 1, 1, 1, 1, 1]
	1172442	1024189	1027853	13	M	52	A		-1	4368.92423654	[1, 1, 1, 1, 1, 1, 1, 1, 1, 1, 1, 1]
	1121047	997170	1028433	13	M	77	A		-1	4369.19823042	[1, 1, 1, 1, 1, 1, 1, 1, 1, 1, 1, 1]
	1176368	1029713	1057852	13	M	98	A		-1	4369.40464907	[1, 1, 1, 1, 1, 1, 1, 1, 1, 1, 1, 1]
	1191400	1053467	1015579	13	M	18	A		-1	4369.95473691	[1, 1, 1, 1, 1, 1, 1, 1, 1, 1, 1, 1]
	1137686	999851	1047834	13	M	63	A		-1	4369.96886371	[1, 1, 1, 1, 1, 1, 1, 1, 1, 1, 1, 1]
	1108698	1026025	1023209	13	M	10	A		-1	4371.9190503	[0, 1, 1, 1, 1, 1, 1, 1, 1, 1, 1, 1]
	1161772	1003121	1085527	13	M	27	A		-1	4372.16265145	[1, 1, 1, 1, 1, 1, 1, 1, 1, 1, 1, 1]
	1172395	1030805	971126	13	M	19	A		-1	4372.69362001	[1, 1, 1, 0, 1, 1, 1, 1, 1, 1, 1, 1]
	998404	933595	908380	12	M	76	A		-1	4372.85437556	[1, 1, 1, 1, 1, 1, 1, 1, 1, 1, 1, 1]
	1160939	1058321	1013416	13	M	52	A		-1	4373.39712731	[0, 1, 1, 1, 1, 1, 1, 1, 1, 1, 1, 1]
	1106118	1030805	1050243	13	M	59	A		-1	4374.17845766	[1, 1, 1, 0, 1, 1, 1, 1, 1, 1, 1, 1]
	1179312	1081514	1026987	13	M	75	A		-1	4374.53848589	[1, 1, 1, 1, 1, 1, 1, 1, 1, 1, 1, 1]
	1118951	1057642	1049863	13	M	63	A		-1	4374.55597822	[1, 1, 1, 1, 1, 1, 1, 1, 1, 1, 1, 1]
	1192663	997170	972415	13	M	71	A		-1	4374.70949789	[1, 1, 1, 1, 1, 1, 1, 1, 1, 1, 1, 1]
	1164466	1007372	936029	13	M	22	A		-1	4374.71178435	[1, 1, 1, 1, 1, 1, 1, 1, 1, 1, 1, 1]
	1109095	1001197	1075987	13	M	95	A		-1	4374.75105591	[1, 1, 1, 1, 1, 1, 1, 1, 1, 1, 1, 1]
	1177184	1050912	1039963	13	M	56	A		-1	4375.04705355	[1, 1, 1, 1, 1, 1, 1, 1, 1, 1, 1, 1]
	1171951	997170	1023579	13	M	49	A		-1	4376.8900899	[1, 1, 1, 1, 1, 1, 1, 1, 1, 1, 1, 1]
	1176767	1079132	1059675	13	M	2	A		-1	4378.41249997	[1, 1, 1, 1, 1, 1, 1, 1, 1, 1, 1, 1]
	1178731	950538	1083088	13	M	3	A		-1	4378.44171614	[1, 1, 1, 0, 1, 1, 1, 1, 1, 1, 1, 1]
	1169317	1026025	935750	13	M	41	A		-1	4378.71915546	[0, 1, 1, 1, 1, 1, 1, 1, 1, 1, 1, 1]
	1105357	1030805	1085004	13	M	24	A		-1	4378.75892468	[1, 1, 0, 0, 1, 1, 1, 1, 1, 1, 1, 1]
	1166270	1029713	1014782	13	M	31	A		-1	4379.76257923	[1, 1, 1, 1, 1, 1, 1, 1, 1, 1, 1, 1]
	1176769	1019592	1002292	13	M	12	A		-1	4380.01462897	[1, 1, 0, 1, 1, 1, 1, 1, 1, 1, 1, 1]
	1175167	1083785	1018604	13	M	45	A		-1	4380.48033262	[1, 1, 1, 1, 1, 1, 1, 1, 1, 1, 1, 1]
	1096861	1044991	1045256	13	M	53	A		-1	4381.55003228	[1, 1, 1, 1, 1, 1, 1, 1, 1, 1, 1, 1]
	1177676	1024189	994334	13	M	28	A		-1	4381.58904688	[1, 1, 1, 1, 1, 1, 1, 1, 1, 1, 1, 1]
	1184387	1032761	1076933	13	M	89	A		-1	4381.79946105	[1, 1, 1, 1, 1, 1, 1, 1, 1, 1, 1, 1]
	1144829	1003121	1037796	13	M	42	A		-1	4382.09247266	[1, 1, 1, 1, 1, 1, 1, 1, 1, 1, 1, 1]
	1099729	1079132	963360	13	M	90	A		-1	4382.43915517	[1, 1, 1, 1, 1, 1, 1, 1, 1, 1, 1, 1]
	1177625	1050912	1075414	13	M	25	A		-1	4382.70064366	[1, 0, 1, 0, 1, 1, 1, 0, 1, 1, 1, 1]
	1188254	1080632	1015893	13	M	20	A		-1	4382.84279414	[1, 1, 1, 1, 1, 1, 1, 1, 1, 1, 1, 1]
	1135434	1010988	925195	13	M	98	A		-1	4383.04448517	[1, 1, 1, 0, 1, 1, 1, 0, 1, 1, 1, 1]
	1104172	1032132	1060236	13	M	51	A		-1	4383.6585767	[1, 1, 1, 1, 1, 1, 1, 1, 1, 1, 1, 1]
	1165986	1003121	1047008	13	M	49	A		-1	4384.20675641	[1, 1, 1, 1, 1, 1, 1, 1, 1, 1, 1, 1]
	1171216	1037514	992890	13	M	34	A		-1	4385.13372542	[1, 1, 1, 1, 1, 1, 1, 1, 1, 1, 1, 1]
	1103845	1019994	1064201	13	M	45	A		-1	4385.82100234	[1, 1, 1, 1, 1, 1, 1, 1, 1, 1, 1, 1]
	1097631	1092836	1005224	13	M	99	A		-1	4386.6310736	[1, 1, 1, 1, 1, 1, 1, 1, 1, 1, 1, 1]
	1096165	1092836	1054407	13	M	11	A		-1	4387.4127968	[1, 1, 1, 1, 1, 1, 1, 1, 1, 1, 1, 1]
	1164061	1001812	1016431	13	M	51	A		-1	4387.45012737	[1, 1, 1, 1, 1, 1, 1, 1, 1, 1, 1, 1]
	1177551	1010988	1034089	13	M	7	A		-1	4387.56144841	[1, 1, 1, 0, 1, 1, 1, 0, 1, 1, 1, 1]
	1145500	1049775	1034243	13	M	4	A		-1	4388.3416988	[1, 1, 1, 1, 1, 1, 1, 0, 1, 1, 1, 1]
	1094936	1057642	1013342	13	M	82	A		-1	4388.41097672	[1, 1, 1, 1, 1, 1, 1, 1, 1, 1, 1, 1]
	1111772	1024189	1036533	13	M	8	A		-1	4388.58712501	[1, 1, 1, 1, 1, 1, 1, 1, 1, 1, 1, 1]
	1141133	1019592	1065041	13	M	7	A		-1	4388.82716953	[1, 1, 1, 1, 1, 1, 1, 1, 1, 1, 1, 1]
	1143880	1010988	1023389	13	M	3	A		-1	4388.96418842	[1, 1, 1, 1, 1, 1, 1, 0, 1, 1, 1, 1]
	1147356	1032132	1085717	13	M	31	A		-1	4389.11263553	[1, 1, 1, 1, 1, 1, 1, 1, 1, 1, 1, 1]
	1129523	1037928	1086946	13	M	80	A		-1	4389.21273064	[1, 1, 1, 1, 1, 1, 1, 1, 1, 1, 1, 0]
	1114558	1054709	1078671	13	M	61	A		-1	4389.33995405	[1, 1, 1, 1, 1, 1, 1, 0, 1, 1, 1, 1]
	1130188	1010988	989838	13	M	83	A		-1	4389.44797002	[1, 1, 1, 1, 1, 1, 1, 1, 1, 1, 1, 1]
	1174871	1079132	1041726	13	M	28	A		-1	4389.45748281	[1, 1, 1, 1, 1, 1, 1, 1, 1, 1, 1, 1]
	1154298	1026979	967593	13	M	2	A		-1	4390.59184306	[1, 1, 1, 1, 1, 1, 1, 1, 1, 1, 1, 1]
	1160900	1053463	1014135	13	M	45	A		-1	4390.69128576	[1, 1, 1, 1, 1, 1, 1, 1, 1, 1, 1, 1]
	1129185	1044991	1053598	13	M	83	A		-1	4391.48047138	[1, 1, 1, 1, 1, 1, 1, 1, 1, 1, 1, 1]
	1156456	1089666	997315	13	M	22	A		-1	4391.6269781	[1, 1, 1, 1, 1, 1, 1, 1, 1, 1, 1, 1]
	1167579	1003121	1050608	13	M	68	A		-1	4392.45783944	[1, 1, 1, 0, 1, 1, 1, 1, 1, 1, 1, 1]
	1095622	1001812	1091584	13	M	19	A		-1	4393.00876945	[1, 1, 1, 1, 1, 1, 1, 1, 1, 1, 1, 1]
	1105248	1026013	1078644	13	M	66	A		-1	4393.23256481	[1, 1, 1, 1, 1, 1, 1, 1, 1, 1, 1, 1]
	1095796	1079132	908113	13	M	17	A		-1	4393.68654584	[1, 1, 1, 0, 1, 1, 1, 1, 1, 1, 1, 1]
	1107766	999851	1062424	13	M	36	A		-1	4394.49729373	[1, 1, 1, 1, 1, 1, 1, 1, 1, 1, 1, 1]
	1148683	999851	1002691	13	M	58	A		-1	4394.56471838	[1, 1, 1, 1, 1, 1, 1, 1, 1, 1, 1, 1]
	1111871	1042083	1045129	13	M	98	A		-1	4394.58266652	[1, 1, 1, 1, 1, 1, 1, 1, 1, 1, 1, 1]
	1137616	1044991	1066075	13	M	11	A		-1	4395.16000204	[1, 1, 1, 1, 1, 1, 1, 1, 1, 1, 1, 1]
	1115153	1007864	1026345	13	M	75	A		-1	4395.43803914	[1, 1, 1, 0, 1, 1, 1, 1, 1, 1, 1, 1]
	1141677	997170	1088296	13	M	74	A		-1	4396.56975773	[1, 1, 1, 1, 1, 1, 1, 1, 1, 1, 1, 1]
	1190562	1042083	1046025	13	M	8	A		-1	4396.57185174	[1, 1, 1, 1, 1, 1, 1, 1, 1, 1, 1, 1]
	1097684	1023840	1062370	13	M	43	A		-1	4397.65946472	[1, 1, 1, 1, 1, 1, 1, 1, 1, 1, 1, 1]
	1163462	1050912	940782	13	M	67	A		-1	4397.99217018	[1, 1, 1, 0, 1, 1, 1, 1, 1, 1, 1, 1]
	1184815	1058321	1083904	13	M	36	A		-1	4398.14331598	[1, 1, 1, 1, 1, 1, 1, 1, 1, 1, 1, 1]
	1160022	1089270	1059450	13	M	93	A		-1	4398.37314654	[1, 0, 1, 1, 1, 1, 1, 1, 1, 1, 1, 1]
	1136137	1032132	1030339	13	M	50	A		-1	4398.74309117	[1, 1, 1, 1, 1, 1, 1, 1, 1, 1, 1, 1]
	1183579	1037928	1039875	13	M	45	A		-1	4399.0073087	[1, 1, 0, 1, 1, 1, 1, 1, 1, 1, 1, 1]
	1154854	1010988	1086316	13	M	75	A		-1	4399.30241883	[1, 1, 1, 0, 1, 1, 1, 0, 1, 1, 1, 1]
	1136162	1089270	1093652	13	M	97	A		-1	4400.55205922	[1, 1, 1, 1, 1, 1, 1, 1, 1, 1, 1, 1]
	1106444	1044991	1038072	13	M	26	A		-1	4401.73439401	[1, 1, 1, 1, 1, 1, 1, 1, 1, 1, 1, 1]
	1180677	1084229	1066924	13	M	31	A		-1	4401.97622329	[1, 1, 1, 1, 1, 1, 1, 1, 1, 1, 1, 1]
	1185143	950538	1044954	13	M	68	A		-1	4402.59595753	[1, 1, 1, 1, 1, 1, 1, 1, 1, 1, 1, 1]
	1170935	998404	1058095	13	M	41	A		-1	4402.72581398	[1, 1, 1, 1, 1, 1, 1, 1, 1, 1, 1, 1]
	1191800	1022513	1004708	13	M	41	A		-1	4403.34812088	[0, 1, 1, 1, 1, 1, 1, 1, 1, 1, 1, 1]
	1105547	998404	1011309	13	M	67	A		-1	4405.03792763	[1, 1, 1, 1, 1, 1, 1, 1, 1, 1, 1, 1]
	1109073	950538	1059334	13	M	55	A		-1	4405.15191368	[1, 1, 1, 0, 1, 1, 1, 1, 1, 1, 1, 1]
	1162660	1019994	1053045	13	M	52	A		-1	4406.02799184	[1, 1, 1, 1, 1, 1, 1, 1, 1, 1, 1, 1]
	1094807	1050912	1047074	13	M	67	A		-1	4406.04850478	[1, 1, 1, 1, 1, 1, 1, 1, 1, 1, 1, 1]
	1116118	1037514	1011019	13	M	58	A		-1	4406.71200912	[1, 1, 1, 1, 1, 1, 1, 1, 1, 1, 1, 1]
	1108345	1058321	1011985	13	M	39	A		-1	4407.32250765	[1, 1, 1, 1, 1, 1, 1, 0, 1, 1, 1, 1]
	1189336	1053467	1085996	13	M	90	A		-1	4409.08868826	[1, 1, 1, 1, 1, 1, 1, 1, 1, 1, 1, 1]
	1147792	1010988	1002483	13	M	17	A		-1	4409.78363293	[1, 1, 1, 0, 1, 1, 1, 0, 1, 1, 1, 1]
	1143177	1014216	1013698	13	M	54	A		-1	4410.0506203	[1, 1, 1, 1, 1, 1, 1, 1, 1, 1, 1, 1]
	1130843	950538	1092897	13	M	95	A		-1	4411.69653406	[1, 1, 1, 0, 1, 1, 1, 1, 1, 1, 1, 1]
	1176574	1081514	1045155	13	M	14	A		-1	4411.71221078	[1, 1, 1, 1, 1, 1, 1, 1, 1, 1, 1, 1]
	1161519	1050912	1008899	13	M	59	A		-1	4411.79724665	[1, 1, 1, 0, 1, 1, 1, 1, 1, 1, 1, 1]
	1157020	994859	1007428	13	M	14	A		-1	4412.5916703	[1, 1, 0, 1, 1, 1, 1, 1, 1, 1, 1, 1]
	1130078	1083785	1029400	13	M	4	A		-1	4413.2128055	[1, 1, 1, 1, 1, 1, 1, 1, 1, 1, 1, 1]
	1122667	1080632	1056460	13	M	38	A		-1	4414.09488236	[1, 1, 1, 1, 1, 1, 1, 0, 1, 1, 1, 1]
	1111575	1030805	909498	13	M	81	A		-1	4414.26899833	[1, 1, 1, 0, 1, 1, 1, 1, 1, 1, 1, 1]
	1169849	1058321	1047422	13	M	19	A		-1	4414.40959338	[1, 1, 1, 1, 1, 1, 1, 1, 1, 1, 1, 1]
	1119922	1049775	998066	13	M	73	A		-1	4414.4950399	[1, 1, 1, 1, 1, 1, 1, 1, 1, 1, 1, 1]
	1171686	997170	932508	13	M	3	A		-1	4414.73495802	[1, 1, 1, 1, 1, 1, 1, 1, 1, 1, 1, 1]
	1175988	1023840	995857	13	M	28	A		-1	4416.82682216	[1, 1, 1, 1, 1, 1, 1, 1, 1, 1, 1, 1]
	1176180	1001197	1079274	13	M	96	A		-1	4416.90248935	[1, 1, 1, 1, 1, 1, 1, 1, 1, 1, 1, 1]
	1153637	1053467	1059160	13	M	22	A		-1	4417.27647485	[1, 1, 1, 1, 1, 1, 1, 1, 1, 1, 1, 1]
	1107437	1020892	994914	13	M	34	A		-1	4417.90612358	[1, 1, 1, 1, 1, 1, 1, 1, 1, 1, 1, 1]
	1119512	1057642	1070833	13	M	53	A		-1	4418.51223633	[1, 1, 1, 1, 1, 1, 1, 1, 1, 1, 1, 1]
	1169850	1001812	1053613	13	M	91	A		-1	4419.48467622	[1, 1, 1, 1, 1, 1, 1, 1, 1, 1, 1, 1]
	1095721	1054709	1049773	13	M	2	A		-1	4419.58489175	[1, 1, 1, 1, 1, 1, 1, 1, 1, 1, 1, 1]
	1120790	1019592	1035533	13	M	6	A		-1	4421.11614408	[1, 1, 0, 1, 1, 1, 1, 1, 1, 1, 1, 1]
	1159696	1042083	1019859	13	M	24	A		-1	4421.70249831	[1, 1, 1, 1, 1, 1, 1, 1, 1, 1, 1, 1]
	1158897	1092836	996623	13	M	30	A		-1	4422.120869	[1, 1, 1, 1, 1, 1, 1, 1, 1, 1, 1, 1]
	1174039	1026013	1036080	13	M	89	A		-1	4422.82887378	[1, 1, 1, 1, 1, 1, 1, 1, 1, 1, 1, 1]
	1178653	1083785	1000737	13	M	29	A		-1	4423.55889756	[1, 1, 1, 1, 1, 1, 1, 1, 1, 1, 1, 1]
	1164137	950538	1057800	13	M	99	A		-1	4424.22146377	[1, 1, 0, 1, 1, 1, 1, 1, 1, 1, 1, 1]
	1126151	1032761	1048310	13	M	36	A		-1	4424.3695999	[1, 1, 1, 1, 1, 1, 1, 0, 1, 1, 1, 1]
	1157110	1032761	1036358	13	M	24	A		-1	4424.39501452	[1, 1, 1, 1, 1, 1, 1, 0, 1, 1, 1, 1]
	1121238	1044993	1088430	13	M	56	A		-1	4425.19384909	[1, 1, 1, 1, 1, 1, 1, 1, 1, 1, 1, 1]
	1140026	1089666	1050070	13	M	61	A		-1	4425.98789116	[1, 1, 1, 1, 1, 1, 1, 1, 1, 1, 1, 1]
	1191816	1042083	899306	13	M	32	A		-1	4426.26002875	[1, 1, 1, 1, 1, 1, 1, 1, 1, 1, 1, 1]
	1160479	1053463	1047470	13	M	82	A		-1	4428.15710392	[0, 1, 1, 1, 1, 1, 1, 1, 1, 1, 1, 1]
	1186217	1065909	1065543	13	M	92	A		-1	4429.86597629	[1, 1, 1, 1, 1, 1, 1, 1, 1, 1, 1, 1]
	1193385	1058321	1055861	13	M	54	A		-1	4430.06683036	[1, 1, 1, 1, 1, 1, 1, 1, 1, 1, 1, 1]
	1117567	999851	1026185	13	M	93	A		-1	4431.2163935	[1, 1, 1, 1, 1, 1, 1, 1, 1, 1, 1, 1]
	1187386	1089666	1055716	13	M	79	A		-1	4431.94967135	[1, 1, 1, 1, 1, 1, 1, 1, 1, 1, 1, 1]
	1141911	1044993	1090542	13	M	6	A		-1	4433.17898102	[1, 1, 1, 1, 1, 1, 1, 1, 1, 1, 1, 1]
	1094561	1022513	1006179	13	M	10	A		-1	4433.30375219	[1, 1, 1, 1, 1, 1, 1, 1, 1, 1, 1, 1]
	1161625	1020892	1036048	13	M	26	A		-1	4433.62607353	[1, 1, 1, 1, 1, 1, 1, 1, 1, 1, 1, 1]
	1179423	1019994	1023568	13	M	23	A		-1	4433.76427403	[1, 1, 1, 1, 1, 0, 1, 1, 1, 1, 1, 1]
	1113951	1010988	1056448	13	M	15	A		-1	4433.9466496	[1, 1, 1, 1, 1, 1, 1, 1, 1, 1, 1, 1]
	1176624	1054709	1055993	13	M	21	A		-1	4435.06251643	[1, 1, 1, 1, 1, 1, 1, 1, 1, 1, 1, 1]
	1185919	994859	1069856	13	M	4	A		-1	4435.56457048	[1, 1, 1, 1, 1, 1, 1, 1, 1, 1, 1, 1]
	1120081	1053467	1032796	13	M	50	A		-1	4436.55703158	[1, 1, 1, 1, 1, 1, 1, 1, 1, 1, 1, 1]
	1130102	1032761	1089026	13	M	46	A		-1	4437.12593763	[1, 1, 1, 1, 1, 1, 1, 0, 1, 1, 1, 1]
	1163921	1042083	999775	13	M	2	A		-1	4438.41300029	[1, 1, 1, 1, 1, 1, 1, 1, 1, 1, 1, 1]
	1115519	1084229	1034466	13	M	83	A		-1	4438.53809382	[1, 1, 1, 1, 1, 1, 1, 1, 1, 1, 1, 1]
	1160499	1024189	1080839	13	M	10	A		-1	4439.03865651	[1, 1, 1, 1, 1, 1, 1, 1, 1, 1, 1, 1]
	1108872	1032761	1027724	13	M	79	A		-1	4439.33342599	[1, 1, 1, 1, 1, 1, 1, 1, 1, 1, 1, 1]
	1042083	954904	925191	12	M	28	A		-1	4440.10397046	[1, 1, 1, 1, 1, 1, 1, 1, 1, 1, 1, 1]
	1145474	1044993	1091106	13	M	38	A		-1	4440.9082611	[1, 1, 1, 0, 1, 1, 1, 1, 1, 1, 1, 1]
	1188615	1001812	1064458	13	M	16	A		-1	4441.73205388	[1, 1, 1, 1, 1, 1, 1, 1, 1, 1, 1, 1]
	1173734	1065937	1038218	13	M	85	A		-1	4442.3523733	[0, 1, 1, 1, 1, 1, 1, 1, 1, 1, 1, 1]
	1140689	1058321	967209	13	M	1	A		-1	4443.17478389	[1, 1, 1, 1, 1, 1, 1, 1, 1, 1, 1, 1]
	1147669	1003121	1091035	13	M	15	A		-1	4443.55669778	[1, 1, 1, 1, 1, 1, 1, 1, 1, 1, 1, 1]
	1110243	1014216	1036866	13	M	90	A		-1	4445.98669378	[1, 1, 1, 1, 1, 1, 1, 1, 1, 1, 1, 1]
	1147133	1080632	1081778	13	M	96	A		-1	4446.29767514	[1, 1, 1, 1, 1, 1, 1, 1, 1, 1, 1, 1]
	1166503	1050912	1070485	13	M	37	A		-1	4446.36789526	[1, 1, 0, 0, 1, 1, 1, 1, 1, 1, 1, 1]
	1113062	1020892	1016605	13	M	50	A		-1	4446.91915528	[1, 1, 1, 1, 1, 1, 1, 1, 1, 1, 1, 1]
	1107208	1032761	1023888	13	M	0	A		-1	4447.23799459	[1, 1, 1, 1, 1, 1, 1, 1, 1, 1, 1, 1]
	1131262	1053467	1023497	13	M	60	A		-1	4448.68622499	[1, 1, 1, 0, 1, 1, 1, 1, 1, 1, 1, 1]
	1177019	1014216	1075842	13	M	83	A		-1	4448.69719083	[1, 1, 1, 1, 1, 1, 1, 1, 1, 1, 1, 1]
	1151727	1003121	1060922	13	M	55	A		-1	4450.32072896	[0, 1, 1, 1, 1, 1, 1, 1, 1, 1, 1, 1]
	1190031	1007372	1058799	13	M	47	A		-1	4450.34147944	[1, 1, 1, 1, 1, 1, 1, 1, 1, 1, 1, 1]
	1192972	1007864	1049335	13	M	60	A		-1	4451.33097706	[1, 1, 1, 0, 1, 1, 1, 1, 1, 1, 1, 1]
	1168094	1053467	1026443	13	M	45	A		-1	4452.84133941	[1, 1, 1, 1, 1, 1, 1, 1, 1, 1, 1, 1]
	1111413	1079132	1016523	13	M	12	A		-1	4455.44079819	[0, 1, 1, 1, 1, 1, 1, 1, 1, 1, 1, 1]
	1190626	1022636	1084823	13	M	19	A		-1	4456.10867287	[1, 1, 1, 1, 1, 1, 1, 1, 1, 1, 1, 1]
	1149970	1092836	1071640	13	M	80	A		-1	4456.6886498	[1, 1, 1, 1, 1, 1, 1, 1, 1, 1, 1, 1]
	1124157	1042083	1006638	13	M	64	A		-1	4457.28219491	[1, 1, 1, 1, 1, 1, 1, 1, 1, 1, 1, 1]
	1164782	1064056	1008636	13	M	25	A		-1	4458.81972503	[1, 1, 1, 1, 1, 1, 1, 1, 1, 1, 1, 1]
	1098515	1064056	1025188	13	M	73	A		-1	4460.39580643	[1, 1, 1, 1, 1, 1, 1, 1, 1, 1, 1, 1]
	1111381	1014216	1089557	13	M	36	A		-1	4460.93735176	[1, 1, 1, 1, 1, 1, 1, 1, 1, 1, 1, 1]
	1109343	1026025	1032468	13	M	86	A		-1	4462.06298133	[0, 1, 1, 1, 1, 1, 1, 1, 1, 1, 1, 1]
	1131077	1007864	1028292	13	M	62	A		-1	4464.18959923	[1, 1, 1, 0, 1, 1, 1, 1, 1, 1, 1, 1]
	1109890	1083785	1033510	13	M	62	A		-1	4465.84456008	[1, 1, 1, 1, 1, 1, 1, 1, 1, 1, 1, 1]
	1111329	1020892	1086183	13	M	52	A		-1	4466.55234675	[1, 1, 1, 1, 1, 1, 1, 1, 1, 1, 1, 1]
	1130026	1037928	1019659	13	M	25	A		-1	4468.27104507	[1, 1, 0, 1, 1, 1, 1, 1, 1, 1, 1, 1]
	1130230	1026013	998006	13	M	21	A		-1	4468.55654784	[1, 1, 1, 1, 1, 1, 1, 1, 1, 1, 1, 1]
	1107738	999851	1087478	13	M	43	A		-1	4468.631733	[1, 1, 1, 1, 1, 1, 1, 1, 1, 1, 1, 1]
	1102736	1053467	1089029	13	M	61	A		-1	4470.40413528	[1, 1, 1, 1, 1, 1, 1, 1, 1, 1, 1, 1]
	1128467	1065937	1026789	13	M	52	A		-1	4471.56270884	[1, 1, 1, 0, 1, 1, 1, 1, 1, 1, 1, 1]
	1145375	1019994	1010885	13	M	96	A		-1	4472.68285705	[1, 1, 1, 1, 1, 1, 1, 1, 1, 1, 1, 1]
	1155536	1025698	985665	13	M	9	A		-1	4473.56574824	[1, 1, 1, 1, 1, 1, 1, 1, 1, 1, 1, 1]
	1124912	1079132	1070204	13	M	90	A		-1	4475.5652314	[1, 0, 1, 1, 1, 1, 1, 1, 1, 1, 1, 1]
	1100761	994859	1006492	13	M	6	A		-1	4477.55652344	[1, 1, 1, 1, 1, 1, 1, 1, 1, 1, 1, 1]
	1170079	1050912	1022143	13	M	48	A		-1	4479.2264867	[1, 1, 1, 0, 1, 1, 1, 1, 1, 1, 1, 1]
	1145193	997170	969820	13	M	38	A		-1	4481.8593685	[1, 1, 1, 1, 1, 1, 1, 1, 1, 1, 1, 1]
	1144233	998404	1043561	13	M	20	A		-1	4481.94161968	[1, 1, 1, 1, 1, 1, 1, 1, 1, 1, 1, 1]
	1097474	1022513	1055605	13	M	64	A		-1	4482.26870868	[1, 1, 0, 1, 1, 1, 1, 1, 1, 1, 1, 1]
	1164352	1001197	1050462	13	M	20	A		-1	4482.51866223	[1, 1, 1, 0, 1, 1, 1, 1, 1, 1, 1, 1]
	1121787	1003121	995992	13	M	60	A		-1	4482.68129649	[0, 1, 1, 1, 1, 1, 1, 1, 1, 1, 1, 1]
	1143866	1025698	997015	13	M	97	A		-1	4486.04603331	[1, 1, 1, 1, 1, 1, 1, 1, 1, 1, 1, 1]
	1186781	1014216	1022162	13	M	56	A		-1	4486.39016178	[1, 1, 1, 0, 1, 1, 1, 1, 1, 1, 1, 1]
	1169519	999851	916310	13	M	10	A		-1	4486.78499021	[1, 1, 1, 1, 1, 1, 1, 1, 1, 1, 1, 1]
	1155010	1042083	919842	13	M	99	A		-1	4487.32559446	[1, 1, 1, 1, 1, 1, 1, 1, 1, 1, 1, 1]
	1174386	1030805	1040839	13	M	7	A		-1	4489.0380397	[1, 0, 1, 1, 1, 1, 1, 1, 1, 1, 1, 1]
	1121508	1019994	1047260	13	M	5	A		-1	4490.976455	[1, 1, 1, 1, 1, 1, 1, 1, 1, 1, 1, 1]
	1169215	1092836	1009591	13	M	89	A		-1	4491.86109563	[1, 1, 1, 1, 1, 1, 1, 1, 1, 1, 1, 1]
	1157835	1001197	1029556	13	M	47	A		-1	4492.79170723	[1, 1, 1, 1, 1, 1, 1, 1, 1, 1, 1, 1]
	1154808	1001812	1069544	13	M	73	A		-1	4494.47763276	[1, 1, 1, 1, 1, 1, 1, 1, 1, 1, 1, 1]
	1168301	1029713	1012207	13	M	56	A		-1	4495.76746068	[1, 1, 1, 1, 1, 1, 1, 1, 1, 1, 1, 1]
	1130361	1044991	1093543	13	M	1	A		-1	4499.64913242	[1, 1, 1, 1, 1, 1, 1, 1, 1, 1, 1, 1]
	1139432	1084229	1000111	13	M	72	A		-1	4500.60166614	[1, 1, 1, 1, 1, 1, 1, 1, 1, 1, 1, 1]
	1094286	997170	1091646	13	M	97	A		-1	4501.72956883	[1, 1, 1, 1, 1, 1, 1, 1, 1, 1, 1, 1]
	1176109	1044991	1004926	13	M	64	A		-1	4502.91690713	[1, 1, 1, 1, 1, 1, 1, 1, 1, 1, 1, 1]
	1152484	1007372	1028148	13	M	3	A		-1	4503.27062847	[1, 1, 1, 1, 1, 1, 1, 1, 1, 1, 1, 1]
	1161895	1050912	1073755	13	M	41	A		-1	4504.84463519	[1, 1, 1, 1, 1, 1, 1, 1, 1, 1, 1, 1]
	1113017	999851	1090603	13	M	95	A		-1	4505.03091057	[1, 1, 1, 1, 1, 1, 1, 1, 1, 1, 1, 1]
	1143903	1019994	1090446	13	M	21	A		-1	4507.70781711	[1, 1, 1, 0, 1, 1, 1, 1, 1, 1, 1, 1]
	1130231	1054709	1013105	13	M	14	A		-1	4508.66593981	[1, 1, 1, 1, 1, 1, 1, 1, 1, 1, 1, 1]
	1193003	1001812	1082699	13	M	55	A		-1	4514.70023692	[1, 1, 1, 1, 1, 1, 1, 1, 1, 1, 1, 1]
	1104846	1010988	871955	13	M	36	A		-1	4515.71124289	[1, 1, 1, 0, 1, 1, 1, 0, 1, 1, 1, 1]
	1177588	1023840	1037596	13	M	51	A		-1	4515.72667075	[1, 1, 1, 1, 1, 1, 1, 1, 1, 1, 1, 1]
	1177652	1058321	1052871	13	M	87	A		-1	4516.54568708	[1, 1, 1, 1, 1, 1, 1, 1, 1, 1, 1, 1]
	1126276	1042083	1022141	13	M	84	A		-1	4516.70736995	[1, 1, 1, 1, 1, 1, 1, 1, 1, 1, 1, 1]
	1166900	1019994	1066621	13	M	90	A		-1	4520.20902857	[1, 1, 1, 1, 1, 1, 1, 1, 1, 1, 1, 1]
	1119928	1014216	1028899	13	M	74	A		-1	4520.86948415	[1, 1, 1, 1, 1, 1, 1, 1, 1, 1, 1, 1]
	1165464	994859	1014318	13	M	5	A		-1	4522.30900903	[1, 1, 1, 1, 1, 1, 1, 1, 1, 1, 1, 1]
	1140786	994859	1092882	13	M	68	A		-1	4522.93376592	[1, 1, 1, 1, 1, 1, 1, 1, 1, 1, 1, 1]
	1123913	1023840	998593	13	M	57	A		-1	4522.93646787	[1, 1, 1, 1, 1, 1, 1, 1, 1, 1, 1, 1]
	1099251	1007864	1049354	13	M	19	A		-1	4523.97426305	[1, 1, 1, 0, 1, 1, 1, 1, 1, 1, 1, 1]
	1144962	999851	1004026	13	M	78	A		-1	4524.45087499	[1, 1, 1, 1, 1, 1, 1, 1, 1, 1, 1, 1]
	1113521	1058321	1049920	13	M	33	A		-1	4525.8829357	[1, 1, 1, 1, 1, 1, 1, 1, 1, 1, 1, 1]
	1147531	1050912	1034433	13	M	50	A		-1	4527.74811443	[1, 1, 1, 1, 1, 1, 1, 1, 1, 1, 1, 1]
	1132619	1019592	1080576	13	M	68	A		-1	4528.06498047	[0, 1, 1, 1, 1, 1, 1, 1, 1, 1, 1, 1]
	1141463	1084229	1061418	13	M	61	A		-1	4531.29618554	[1, 1, 1, 1, 1, 1, 1, 1, 1, 1, 1, 1]
	1113710	1023840	1082930	13	M	10	A		-1	4531.60959096	[1, 1, 1, 1, 1, 1, 1, 1, 1, 1, 1, 1]
	1119742	1053467	943612	13	M	19	A		-1	4532.14502543	[0, 1, 1, 1, 1, 1, 1, 1, 1, 1, 1, 1]
	1189416	1042083	959822	13	M	67	A		-1	4534.6686493	[1, 1, 1, 1, 1, 1, 0, 1, 1, 1, 1, 1]
	1174478	999851	904151	13	M	49	A		-1	4538.96324836	[1, 1, 1, 1, 1, 1, 1, 1, 1, 1, 1, 1]
	1160683	1026979	1000800	13	M	31	A		-1	4539.70559521	[1, 1, 1, 1, 1, 1, 1, 1, 1, 1, 1, 1]
	1159899	1007864	1004951	13	M	40	A		-1	4542.7675844	[1, 1, 1, 1, 1, 1, 1, 1, 1, 1, 1, 1]
	1125614	1022513	1052314	13	M	56	A		-1	4546.53539565	[1, 1, 0, 1, 1, 1, 1, 1, 1, 1, 1, 1]
	1107912	1065937	1061247	13	M	83	A		-1	4546.86332744	[1, 1, 1, 1, 1, 1, 1, 1, 1, 1, 1, 1]
	1123408	1026013	1079582	13	M	58	A		-1	4548.83365661	[1, 1, 1, 1, 1, 1, 1, 1, 1, 1, 1, 1]
	1186600	1030805	1049331	13	M	55	A		-1	4551.38508183	[1, 1, 1, 0, 1, 1, 1, 1, 1, 1, 1, 1]
	1131439	1023840	993111	13	M	54	A		-1	4551.73929373	[1, 1, 1, 1, 1, 1, 1, 1, 1, 1, 1, 1]
	1169150	1037514	1022948	13	M	5	A		-1	4552.06376186	[1, 1, 1, 1, 1, 1, 1, 1, 1, 1, 1, 1]
	1148237	1032761	1012883	13	M	62	A		-1	4553.77830415	[1, 1, 1, 1, 1, 1, 1, 1, 1, 1, 1, 1]
	1106468	1001197	899032	13	M	20	A		-1	4556.59804438	[1, 1, 1, 1, 1, 1, 1, 1, 1, 1, 1, 1]
	1130495	1019592	972745	13	M	80	A		-1	4560.26741317	[1, 1, 0, 1, 1, 1, 1, 1, 1, 1, 1, 1]
	1105175	1081514	961818	13	M	35	A		-1	4567.30179192	[1, 1, 1, 1, 1, 1, 1, 1, 1, 1, 1, 1]
	1116362	1026979	1025017	13	M	16	A		-1	4567.69990334	[1, 1, 1, 1, 1, 1, 1, 0, 1, 1, 1, 1]
	1168188	1053463	1082174	13	M	88	A		-1	4579.43808673	[1, 1, 1, 1, 1, 1, 1, 1, 1, 1, 1, 1]
	1155471	1022636	1060012	13	M	63	A		-1	4582.58800215	[1, 1, 1, 1, 1, 1, 1, 1, 1, 1, 1, 1]
	1179986	1019592	1075502	13	M	20	A		-1	4589.01399029	[1, 1, 0, 1, 1, 1, 1, 1, 1, 1, 1, 1]
	1103018	1058321	1056483	13	M	9	A		-1	4591.07507001	[1, 1, 1, 1, 1, 1, 1, 1, 1, 1, 1, 1]
	1155230	1049775	1026631	13	M	75	A		-1	4593.86074223	[1, 1, 1, 1, 1, 1, 1, 1, 1, 1, 1, 1]
	1124289	1084229	1011239	13	M	35	A		-1	4599.3440276	[1, 1, 1, 1, 1, 1, 1, 1, 1, 1, 1, 1]
	1157834	1030805	1085415	13	M	56	A		-1	4599.63833564	[1, 1, 0, 0, 1, 1, 1, 1, 1, 1, 1, 1]
	1180998	950538	1067707	13	M	83	A		-1	4607.79248048	[1, 1, 1, 1, 1, 1, 1, 1, 1, 1, 1, 1]
	1118042	1065909	1065865	13	M	55	A		-1	4609.84325085	[1, 1, 1, 1, 1, 1, 1, 1, 1, 1, 1, 1]
	1096301	997170	1083697	13	M	98	A		-1	4636.86742068	[1, 1, 1, 1, 1, 1, 1, 1, 1, 1, 1, 1]
	1136583	1032132	1033621	13	M	73	A		-1	4638.72691656	[1, 1, 1, 1, 1, 1, 1, 1, 1, 1, 1, 1]
	1186633	994859	1007825	13	M	96	A		-1	4645.38885899	[1, 1, 1, 1, 1, 1, 1, 1, 1, 1, 1, 1]
	1117175	1032761	1083072	13	M	3	A		-1	4665.15288417	[1, 1, 1, 1, 1, 1, 1, 0, 1, 1, 1, 1]
	1189480	1001812	925191	13	M	28	A		-1	4671.1600373	[1, 1, 1, 1, 1, 1, 1, 1, 1, 1, 1, 1]
	1112635	1054709	1057051	13	M	29	A		-1	4679.01938405	[1, 1, 1, 1, 1, 1, 1, 1, 1, 1, 1, 1]
	1167107	1081514	1037256	13	M	96	A		-1	4703.86484193	[1, 1, 1, 1, 1, 1, 1, 1, 1, 1, 1, 1]
	1185119	1089270	1005572	13	M	84	A		-1	4727.2790985	[1, 1, 1, 1, 1, 1, 1, 1, 1, 1, 1, 1]
	1116299	1001197	1021209	13	M	2	A		-1	4759.5630145	[1, 1, 1, 1, 1, 1, 1, 1, 1, 1, 1, 1]
	1157509	1044993	1024931	13	M	62	A		-1	4766.05793351	[1, 1, 1, 0, 1, 1, 1, 1, 1, 1, 1, 1]
