animal	sire	dam	born	sex	herd	status	cause	died	TBV	recessives
	1107929	1003890	1091436	13	M	54	A		-1	3366.51982049	[1, 1, 1, 1, 1, 1, 1, 1, 1, 1, 1, 1]
	1170074	904675	796474	13	M	11	A		-1	3366.99771253	[1, 1, 1, 1, 1, 1, 1, 1, 1, 1, 1, 1]
	1096078	1047036	1011249	13	M	94	A		-1	3367.74443851	[1, 1, 1, 1, 1, 1, 1, 1, 1, 1, 1, 1]
	1193855	996343	1071713	13	M	23	A		-1	3367.84906659	[1, 1, 1, 1, 1, 1, 1, 1, 1, 1, 1, 1]
	1175108	1006333	941550	13	M	62	A		-1	3368.42000459	[1, 1, 1, 1, 1, 1, 1, 1, 1, 1, 1, 1]
	1194089	1060872	947840	13	M	4	A		-1	3368.85688726	[1, 1, 1, 1, 1, 1, 1, 1, 1, 1, 1, 0]
	1122232	1055805	1068506	13	M	20	A		-1	3369.5559361	[1, 1, 1, 0, 1, 1, 1, 1, 1, 1, 1, 1]
	1155541	1087161	1078793	13	M	62	A		-1	3369.61504488	[1, 1, 1, 1, 1, 1, 1, 0, 1, 1, 1, 1]
	1147955	1072340	1025978	13	M	68	A		-1	3369.62530855	[1, 1, 1, 1, 1, 1, 1, 1, 1, 1, 1, 1]
	1162016	1092946	1043870	13	M	71	A		-1	3369.64228697	[1, 1, 1, 1, 1, 1, 1, 0, 1, 1, 1, 1]
	1112833	1011961	1030561	13	M	43	A		-1	3370.17121945	[1, 1, 1, 1, 1, 1, 1, 1, 1, 1, 1, 1]
	999806	907111	894969	12	M	91	A		-1	3370.87799648	[1, 1, 1, 0, 1, 1, 1, 1, 1, 1, 0, 1]
	1127484	1035664	1008740	13	M	26	A		-1	3371.70129304	[1, 1, 1, 1, 1, 1, 1, 1, 1, 1, 1, 1]
	1020787	833214	970436	12	M	10	A		-1	3371.74040249	[1, 1, 1, 1, 1, 1, 1, 1, 1, 1, 1, 1]
	1169286	1043530	991430	13	M	33	A		-1	3371.80229221	[1, 1, 1, 1, 1, 1, 1, 1, 1, 1, 1, 1]
	1190076	997968	1073700	13	M	84	A		-1	3372.27818834	[1, 1, 1, 1, 1, 1, 1, 1, 1, 1, 1, 1]
	1114331	996549	1003594	13	M	17	A		-1	3372.73682998	[1, 1, 1, 1, 1, 1, 1, 0, 1, 1, 1, 0]
	1178545	1059409	1077953	13	M	24	A		-1	3372.89757176	[1, 1, 1, 1, 1, 1, 1, 1, 1, 1, 1, 1]
	1096254	1055829	1015161	13	M	64	A		-1	3372.96199389	[1, 1, 1, 1, 1, 1, 1, 1, 1, 1, 1, 1]
	1147210	1066160	1000371	13	M	21	A		-1	3373.03431846	[1, 1, 1, 0, 1, 1, 1, 1, 1, 1, 1, 0]
	1110274	1000112	1032441	13	M	87	A		-1	3373.27149734	[1, 1, 1, 1, 1, 1, 1, 1, 1, 1, 1, 1]
	1167448	1013416	1065508	13	M	92	A		-1	3373.57897342	[1, 1, 1, 1, 1, 0, 1, 1, 1, 1, 1, 1]
	1184680	1053468	1073765	13	M	66	A		-1	3373.93543956	[1, 1, 1, 1, 1, 1, 1, 1, 1, 1, 1, 1]
	1102529	1080118	1014799	13	M	60	A		-1	3373.99562021	[1, 1, 1, 1, 1, 1, 1, 1, 1, 1, 1, 1]
	1096607	1004914	1027948	13	M	67	A		-1	3374.22205537	[0, 1, 1, 1, 1, 0, 1, 1, 1, 1, 1, 1]
	1109331	1055805	1009627	13	M	59	A		-1	3374.24935679	[1, 1, 1, 0, 1, 1, 1, 1, 1, 1, 1, 1]
	1173129	1069940	1091769	13	M	88	A		-1	3374.53321026	[1, 1, 1, 1, 1, 1, 1, 1, 1, 1, 1, 1]
	1111111	1067069	1006132	13	M	67	A		-1	3374.67045911	[1, 1, 1, 1, 1, 1, 1, 1, 1, 1, 1, 1]
	1193851	1056082	994513	13	M	90	A		-1	3374.84481806	[0, 1, 1, 1, 1, 1, 1, 1, 1, 1, 1, 1]
	1103101	1017850	1015428	13	M	80	A		-1	3374.91518428	[1, 1, 1, 1, 1, 1, 1, 1, 1, 1, 1, 1]
	1182577	1061294	981976	13	M	33	A		-1	3375.53702521	[1, 1, 1, 1, 1, 1, 1, 1, 1, 1, 1, 1]
	1114468	1053468	1022276	13	M	54	A		-1	3375.73711697	[1, 1, 1, 1, 1, 1, 1, 1, 1, 1, 1, 1]
	1097579	1061279	1078498	13	M	2	A		-1	3376.10396131	[1, 1, 1, 1, 1, 1, 1, 1, 1, 1, 0, 1]
	1129860	1080307	1072554	13	M	88	A		-1	3376.37011249	[1, 1, 1, 1, 1, 1, 1, 1, 1, 1, 1, 1]
	1146068	1071304	929088	13	M	36	A		-1	3376.42130345	[1, 1, 1, 1, 1, 1, 1, 1, 1, 1, 1, 1]
	1176837	1044140	1072111	13	M	34	A		-1	3376.47035331	[0, 1, 1, 1, 1, 1, 1, 1, 1, 1, 1, 1]
	1131197	1093573	1029881	13	M	63	A		-1	3376.70765461	[0, 1, 1, 1, 1, 1, 1, 1, 1, 1, 1, 1]
	1106930	1068163	1010794	13	M	38	A		-1	3376.71883035	[1, 1, 1, 1, 1, 1, 1, 1, 1, 1, 1, 1]
	1166071	1002842	1036382	13	M	87	A		-1	3377.72869757	[1, 1, 1, 1, 0, 1, 1, 1, 1, 1, 1, 1]
	1047036	937230	861237	12	M	70	A		-1	3377.87654394	[1, 1, 1, 1, 1, 1, 1, 1, 1, 1, 1, 0]
	1129216	1077677	1091846	13	M	60	A		-1	3378.07679956	[1, 1, 0, 1, 1, 1, 1, 1, 1, 1, 1, 1]
	1159588	1030483	1089095	13	M	93	A		-1	3378.3551848	[1, 1, 1, 1, 1, 1, 1, 1, 1, 1, 1, 1]
	1189922	1011724	1007386	13	M	56	A		-1	3378.38573217	[1, 1, 1, 1, 1, 0, 1, 1, 1, 1, 1, 1]
	1150527	1043038	920075	13	M	86	A		-1	3378.41734426	[1, 1, 1, 0, 1, 1, 1, 1, 1, 1, 1, 1]
	1153829	953854	786959	13	M	100	A		-1	3378.85637484	[1, 1, 0, 1, 1, 1, 1, 1, 1, 1, 1, 1]
	1167798	1011668	1047317	13	M	55	A		-1	3379.31739194	[1, 1, 1, 1, 1, 1, 1, 1, 1, 1, 1, 1]
	1183041	1081390	1062670	13	M	63	A		-1	3379.39049692	[0, 1, 1, 1, 1, 1, 1, 1, 1, 1, 1, 1]
	1153583	1035403	1087226	13	M	81	A		-1	3379.61395694	[1, 1, 1, 1, 1, 1, 1, 1, 1, 1, 1, 0]
	1144794	1004528	1075963	13	M	88	A		-1	3379.64874783	[1, 1, 1, 1, 1, 1, 1, 1, 1, 1, 1, 1]
	1114842	1060935	1044835	13	M	49	A		-1	3380.2182314	[1, 1, 1, 1, 1, 1, 1, 1, 1, 1, 1, 1]
	1163546	1012313	997160	13	M	54	A		-1	3380.31962093	[1, 1, 1, 1, 1, 1, 1, 1, 1, 1, 1, 1]
	1188961	1031102	1000782	13	M	91	A		-1	3380.50250116	[1, 1, 1, 1, 1, 1, 1, 1, 1, 1, 1, 1]
	1028048	953450	956060	12	M	14	A		-1	3380.73924291	[1, 1, 1, 1, 1, 1, 1, 1, 1, 1, 1, 1]
	1129938	1017000	854872	13	M	52	A		-1	3381.26487914	[1, 1, 1, 1, 1, 1, 1, 1, 1, 1, 1, 1]
	1146080	1038536	1027355	13	M	92	A		-1	3381.33151043	[1, 1, 1, 1, 0, 1, 1, 1, 1, 1, 1, 1]
	1162070	1087161	1019443	13	M	19	A		-1	3381.73424264	[1, 0, 1, 1, 1, 1, 1, 1, 1, 1, 1, 1]
	1114253	999742	995463	13	M	66	A		-1	3381.93231998	[1, 1, 1, 1, 1, 1, 1, 1, 1, 1, 1, 1]
	1177099	944158	930232	13	M	35	A		-1	3382.16083111	[1, 1, 1, 1, 1, 1, 1, 1, 1, 1, 1, 1]
	1174254	1078701	1018129	13	M	64	A		-1	3382.16892998	[1, 1, 1, 1, 1, 1, 1, 1, 1, 1, 1, 1]
	1107081	1080995	1090456	13	M	85	A		-1	3382.46920698	[1, 1, 1, 1, 1, 1, 1, 1, 1, 1, 1, 1]
	1166290	1012482	1025056	13	M	16	A		-1	3382.62822042	[1, 1, 1, 1, 1, 1, 1, 1, 1, 1, 1, 1]
	1116541	1005886	1065943	13	M	88	A		-1	3383.21783344	[1, 1, 1, 1, 1, 1, 1, 1, 1, 1, 1, 1]
	1156474	1078701	1052639	13	M	34	A		-1	3383.59897663	[1, 1, 1, 1, 1, 1, 1, 1, 1, 1, 1, 1]
	1158177	1028048	991339	13	M	59	A		-1	3383.64603784	[1, 1, 1, 1, 1, 1, 1, 1, 1, 1, 1, 1]
	1160139	923256	1002539	13	M	93	A		-1	3383.74709685	[1, 1, 1, 1, 1, 1, 1, 1, 1, 1, 1, 1]
	1139435	948925	912124	13	M	41	A		-1	3383.97419994	[1, 1, 1, 1, 1, 1, 1, 1, 1, 1, 1, 1]
	1174203	1078784	863234	13	M	93	A		-1	3384.60308038	[1, 1, 1, 1, 1, 1, 1, 1, 1, 1, 1, 1]
	1102053	997190	951623	13	M	72	A		-1	3384.82857694	[1, 1, 1, 1, 1, 1, 1, 1, 1, 1, 1, 1]
	1148150	1092384	1072430	13	M	48	A		-1	3385.02784216	[1, 1, 1, 1, 1, 1, 1, 1, 1, 1, 1, 1]
	1104862	1061151	1089108	13	M	24	A		-1	3385.14786283	[1, 1, 1, 1, 1, 1, 1, 1, 1, 1, 1, 1]
	1110180	1051937	947441	13	M	68	A		-1	3385.95721	[1, 1, 1, 1, 1, 1, 1, 1, 1, 1, 1, 1]
	1136564	1028048	1055841	13	M	61	A		-1	3386.01566644	[1, 1, 1, 1, 1, 1, 1, 1, 1, 1, 1, 1]
	1187979	1028048	1024822	13	M	80	A		-1	3386.31581168	[1, 1, 1, 1, 1, 1, 1, 1, 1, 1, 1, 1]
	1169266	999806	1003929	13	M	80	A		-1	3386.64481841	[1, 1, 1, 1, 1, 1, 1, 1, 1, 1, 1, 1]
	1192484	1042249	1004056	13	M	26	A		-1	3386.66394875	[1, 1, 1, 1, 1, 1, 1, 1, 1, 1, 1, 1]
	1131859	1091721	758445	13	M	13	A		-1	3386.73445034	[1, 1, 1, 1, 1, 1, 1, 1, 1, 1, 1, 1]
	1127624	1038741	1042938	13	M	4	A		-1	3387.23144598	[1, 1, 1, 1, 1, 1, 1, 1, 1, 1, 1, 0]
	1149277	1076030	1065889	13	M	4	A		-1	3387.78210003	[1, 1, 1, 1, 1, 1, 1, 1, 1, 1, 1, 1]
	1188494	1088908	1041322	13	M	77	A		-1	3388.01552956	[1, 1, 1, 1, 1, 1, 1, 1, 1, 1, 1, 1]
	1109618	1041558	1093465	13	M	69	A		-1	3388.25696566	[1, 1, 1, 1, 1, 1, 1, 1, 1, 0, 1, 1]
	1096782	1085617	1088708	13	M	10	A		-1	3388.37802111	[1, 1, 1, 1, 1, 1, 1, 1, 1, 1, 1, 1]
	1131030	1044178	1090106	13	M	35	A		-1	3388.47049126	[1, 1, 1, 1, 1, 1, 1, 1, 1, 1, 1, 1]
	1113748	1044546	1071857	13	M	81	A		-1	3388.49499853	[1, 1, 1, 1, 1, 1, 1, 1, 1, 1, 1, 1]
	1129256	1013528	1022353	13	M	37	A		-1	3388.66926173	[1, 1, 1, 1, 1, 1, 1, 1, 1, 1, 1, 1]
	1127079	1080118	1040561	13	M	63	A		-1	3388.7899451	[1, 1, 1, 1, 1, 1, 1, 1, 1, 1, 1, 1]
	1125241	1052438	1084381	13	M	55	A		-1	3388.82561556	[1, 1, 1, 1, 1, 1, 1, 1, 1, 1, 1, 1]
	1183989	1080918	1029993	13	M	99	A		-1	3389.04455135	[1, 1, 1, 1, 1, 1, 1, 1, 1, 1, 1, 1]
	1161677	1082895	1087096	13	M	26	A		-1	3389.06877717	[1, 1, 1, 1, 1, 1, 1, 1, 1, 1, 1, 1]
	1186975	1056867	1009155	13	M	74	A		-1	3389.42402757	[1, 1, 1, 1, 1, 1, 1, 1, 1, 1, 1, 1]
	995168	948925	970978	12	M	12	A		-1	3389.70016312	[1, 1, 1, 1, 1, 1, 1, 1, 1, 1, 1, 1]
	1130865	1008706	1046395	13	M	27	A		-1	3390.50644533	[1, 1, 1, 1, 1, 1, 1, 1, 1, 1, 1, 1]
	1175576	1067670	1039791	13	M	6	A		-1	3390.74166313	[1, 1, 1, 1, 1, 1, 1, 1, 1, 1, 1, 0]
	1134383	1092384	1082170	13	M	38	A		-1	3390.92430048	[1, 1, 1, 1, 1, 1, 1, 1, 1, 1, 1, 1]
	1168030	1073266	1032111	13	M	52	A		-1	3390.93952867	[0, 1, 1, 1, 1, 1, 1, 1, 1, 1, 1, 1]
	1162621	1082085	910275	13	M	93	A		-1	3391.24597519	[0, 1, 1, 1, 1, 1, 1, 1, 1, 1, 1, 1]
	1044140	901539	779803	12	M	26	A		-1	3391.28522942	[1, 1, 1, 0, 1, 1, 1, 1, 1, 1, 1, 1]
	1168621	1088100	1038522	13	M	32	A		-1	3391.42759875	[1, 1, 1, 1, 1, 1, 1, 1, 1, 1, 1, 1]
	1134683	1084212	906145	13	M	20	A		-1	3391.69647223	[1, 1, 1, 1, 1, 1, 1, 1, 1, 1, 1, 0]
	1100594	1066972	1048878	13	M	14	A		-1	3392.46853382	[1, 1, 1, 1, 1, 1, 1, 1, 1, 1, 1, 1]
	1179905	1056926	1073816	13	M	36	A		-1	3392.96567594	[1, 1, 1, 1, 1, 1, 1, 1, 1, 1, 1, 1]
	1172283	1045047	882467	13	M	0	A		-1	3393.12083643	[1, 0, 1, 1, 1, 1, 1, 1, 1, 1, 1, 1]
	1146537	1060935	893932	13	M	15	A		-1	3393.35587933	[1, 1, 1, 1, 1, 1, 1, 1, 1, 1, 1, 1]
	1171942	1084985	1042628	13	M	96	A		-1	3393.53880618	[0, 1, 1, 1, 1, 1, 1, 1, 1, 1, 1, 1]
	1180653	1033249	1091778	13	M	81	A		-1	3393.76409693	[1, 1, 1, 0, 1, 1, 1, 1, 1, 1, 1, 1]
	1116861	944158	1050897	13	M	30	A		-1	3393.77145588	[1, 1, 1, 1, 1, 1, 1, 1, 1, 1, 1, 0]
	1104023	1023315	1074678	13	M	20	A		-1	3394.08441721	[1, 1, 1, 1, 1, 1, 1, 1, 1, 1, 1, 1]
	1166343	1086864	1088072	13	M	57	A		-1	3394.10025513	[1, 1, 1, 1, 1, 1, 1, 1, 1, 1, 1, 1]
	1118955	1061904	1045892	13	M	71	A		-1	3394.34728842	[1, 1, 1, 1, 1, 1, 1, 1, 1, 1, 1, 1]
	1138052	1038536	1059868	13	M	1	A		-1	3394.66996582	[1, 1, 1, 1, 0, 1, 1, 1, 1, 1, 1, 1]
	1019487	932960	642357	12	M	90	A		-1	3394.97812705	[0, 1, 1, 0, 1, 1, 1, 1, 1, 1, 1, 1]
	1185836	1019975	919000	13	M	51	A		-1	3395.19960071	[1, 1, 1, 1, 1, 1, 1, 1, 1, 1, 1, 1]
	1192346	996549	1044522	13	M	70	A		-1	3395.33362569	[1, 1, 1, 1, 1, 1, 1, 1, 1, 1, 1, 1]
	1140087	995865	1047097	13	M	22	A		-1	3395.48489853	[1, 1, 1, 1, 1, 1, 1, 1, 1, 1, 1, 0]
	1114002	1030077	1060898	13	M	53	A		-1	3395.74508494	[1, 1, 1, 1, 1, 1, 1, 1, 1, 1, 1, 1]
	1179057	1070736	1013982	13	M	75	A		-1	3396.04259112	[1, 0, 1, 1, 1, 1, 1, 1, 1, 1, 1, 1]
	1118786	1056867	1028711	13	M	15	A		-1	3397.20863978	[1, 1, 1, 1, 1, 1, 1, 1, 1, 1, 1, 1]
	1101965	1065412	1009690	13	M	36	A		-1	3397.85041631	[1, 1, 1, 1, 1, 1, 1, 1, 1, 1, 1, 1]
	1146112	1091655	1045262	13	M	67	A		-1	3397.88798213	[1, 1, 1, 0, 1, 1, 1, 1, 1, 1, 1, 1]
	1155155	1021828	1003335	13	M	45	A		-1	3397.90529506	[1, 1, 1, 1, 1, 1, 1, 1, 1, 1, 1, 1]
	1104439	1074014	1043695	13	M	94	A		-1	3398.10187066	[1, 1, 1, 1, 1, 1, 1, 1, 1, 1, 1, 1]
	1130044	1033547	1008708	13	M	98	A		-1	3398.82379584	[1, 1, 1, 1, 1, 1, 1, 1, 1, 1, 1, 1]
	1158523	1034158	1030834	13	M	10	A		-1	3398.82665414	[1, 1, 1, 1, 1, 1, 1, 1, 1, 1, 1, 1]
	1183197	1092946	998853	13	M	72	A		-1	3399.1196654	[1, 1, 1, 1, 1, 1, 1, 0, 1, 1, 1, 1]
	1189810	1008706	1028413	13	M	2	A		-1	3399.18582624	[1, 1, 1, 1, 1, 1, 1, 1, 1, 1, 1, 1]
	1100965	1003544	1059625	13	M	26	A		-1	3399.20076296	[1, 1, 0, 1, 1, 1, 1, 1, 1, 1, 1, 1]
	1188575	1030050	1015737	13	M	53	A		-1	3399.74801502	[1, 1, 1, 0, 1, 1, 1, 1, 1, 1, 1, 1]
	1152830	1071547	972083	13	M	24	A		-1	3399.81759451	[1, 1, 1, 1, 1, 1, 1, 1, 1, 1, 1, 1]
	1157103	1086851	926316	13	M	20	A		-1	3399.85546954	[1, 1, 1, 1, 1, 1, 1, 1, 1, 1, 1, 1]
	1182048	1086205	1080575	13	M	82	A		-1	3399.86714429	[1, 1, 1, 1, 1, 1, 1, 1, 1, 1, 1, 1]
	1139807	1018162	1016247	13	M	52	A		-1	3400.16048697	[1, 1, 1, 1, 1, 1, 1, 1, 1, 1, 1, 1]
	1174623	1070736	1044675	13	M	30	A		-1	3400.20227966	[1, 1, 1, 1, 1, 1, 1, 1, 1, 1, 1, 1]
	1153163	1073191	842605	13	M	60	A		-1	3400.42366996	[1, 1, 1, 1, 1, 1, 1, 1, 1, 1, 1, 0]
	1036124	970616	982893	12	M	75	A		-1	3400.61453807	[1, 1, 1, 1, 1, 0, 1, 1, 1, 1, 1, 1]
	1116194	1056679	1063890	13	M	25	A		-1	3400.92403651	[1, 1, 1, 1, 1, 1, 1, 1, 1, 1, 1, 1]
	1100382	826170	1071562	13	M	69	A		-1	3401.11798013	[1, 1, 1, 1, 1, 1, 1, 1, 1, 1, 1, 1]
	1070496	948925	951066	12	M	66	A		-1	3401.25698104	[1, 1, 1, 1, 1, 1, 1, 1, 1, 1, 1, 1]
	1168746	1080995	1040109	13	M	48	A		-1	3401.31457858	[1, 1, 1, 1, 1, 1, 1, 1, 1, 1, 1, 1]
	1188254	1002434	1074380	13	M	87	A		-1	3401.42615738	[0, 1, 1, 1, 1, 1, 1, 1, 1, 1, 1, 1]
	1146634	1033540	1021591	13	M	51	A		-1	3402.23862745	[1, 1, 1, 1, 1, 1, 1, 1, 1, 1, 1, 1]
	1184460	1076069	1067976	13	M	7	A		-1	3402.33416161	[0, 1, 1, 1, 1, 1, 1, 1, 1, 1, 1, 1]
	1050758	948130	913099	12	M	27	A		-1	3402.39323147	[1, 1, 1, 1, 1, 1, 1, 1, 1, 1, 1, 1]
	1187938	1057258	1064757	13	M	87	A		-1	3402.51790691	[1, 1, 1, 1, 1, 1, 1, 1, 1, 1, 1, 1]
	1144602	1033249	1027689	13	M	54	A		-1	3402.52819287	[1, 1, 1, 1, 1, 1, 1, 1, 1, 1, 1, 1]
	1138539	996549	1059519	13	M	27	A		-1	3402.74113965	[1, 1, 1, 1, 1, 1, 1, 0, 1, 1, 1, 0]
	1152078	1066125	1038150	13	M	93	A		-1	3402.87692026	[1, 1, 1, 1, 1, 1, 1, 1, 1, 1, 1, 1]
	1192873	1067069	916589	13	M	42	A		-1	3402.91336159	[1, 1, 1, 1, 1, 1, 1, 1, 1, 1, 1, 1]
	1151506	1005906	1045441	13	M	93	A		-1	3402.95746274	[1, 1, 1, 1, 1, 1, 1, 1, 1, 1, 1, 1]
	1126560	1073266	932869	13	M	0	A		-1	3403.24203351	[1, 1, 1, 1, 1, 1, 0, 1, 1, 1, 1, 0]
	1120944	1059409	1073212	13	M	45	A		-1	3403.49682993	[1, 1, 1, 1, 1, 0, 1, 1, 1, 1, 1, 1]
	1119695	1070695	849000	13	M	51	A		-1	3403.54677458	[1, 1, 1, 1, 1, 1, 1, 1, 1, 1, 1, 1]
	1133462	1062498	1050193	13	M	93	A		-1	3404.14964206	[0, 1, 1, 1, 1, 1, 1, 1, 1, 1, 1, 1]
	1174758	1057648	1061345	13	M	99	A		-1	3404.17686	[1, 1, 1, 0, 1, 1, 1, 1, 1, 1, 1, 1]
	1103033	1029053	1093482	13	M	64	A		-1	3404.61039895	[1, 1, 1, 1, 1, 1, 1, 1, 1, 1, 1, 1]
	1073125	936128	970408	12	M	100	A		-1	3404.77362273	[1, 1, 1, 1, 1, 1, 1, 1, 1, 1, 1, 1]
	1135496	1002627	1008662	13	M	10	A		-1	3405.31076989	[1, 1, 1, 1, 1, 1, 1, 1, 1, 1, 1, 1]
	1103065	1031925	1023205	13	M	88	A		-1	3405.69287498	[1, 1, 1, 1, 1, 1, 1, 1, 1, 1, 1, 1]
	1188293	931780	901207	13	M	81	A		-1	3405.93245595	[0, 1, 1, 1, 1, 1, 1, 1, 1, 1, 1, 1]
	1128432	1017941	1056961	13	M	55	A		-1	3406.03006816	[1, 1, 1, 1, 1, 1, 1, 1, 1, 1, 1, 1]
	1145675	1076258	1068061	13	M	41	A		-1	3406.30639267	[1, 1, 0, 1, 1, 1, 1, 1, 1, 1, 1, 1]
	1184610	1012014	1017888	13	M	30	A		-1	3406.52756485	[1, 1, 1, 1, 1, 1, 1, 1, 1, 1, 1, 0]
	1187063	1038536	1053145	13	M	19	A		-1	3407.33692299	[1, 1, 1, 1, 0, 1, 1, 1, 1, 1, 1, 1]
	1172923	1060899	936688	13	M	91	A		-1	3407.72280626	[1, 1, 1, 1, 1, 1, 1, 1, 1, 1, 1, 1]
	1135821	1060935	895817	13	M	21	A		-1	3408.15743872	[1, 1, 0, 1, 1, 1, 1, 1, 1, 1, 1, 1]
	1167154	1049047	837216	13	M	10	A		-1	3408.28398228	[1, 1, 1, 1, 1, 1, 1, 1, 1, 1, 1, 1]
	1184497	1056867	1028702	13	M	18	A		-1	3408.48227332	[1, 1, 1, 1, 1, 1, 1, 1, 1, 1, 1, 1]
	1107130	1048163	1033779	13	M	97	A		-1	3408.4844534	[1, 1, 1, 1, 1, 1, 1, 1, 1, 1, 1, 1]
	1194356	1014495	969651	13	M	87	A		-1	3408.94855408	[1, 1, 1, 1, 1, 1, 1, 1, 1, 1, 1, 1]
	1191255	1038469	1027259	13	M	46	A		-1	3409.27698123	[1, 1, 0, 1, 1, 1, 1, 1, 1, 1, 1, 1]
	1122823	965483	1032500	13	M	72	A		-1	3409.66203727	[1, 1, 1, 1, 1, 0, 1, 1, 1, 1, 1, 1]
	1128153	1006308	1064210	13	M	100	A		-1	3410.04486072	[1, 1, 1, 1, 1, 1, 1, 1, 1, 1, 1, 0]
	1184555	1087161	947896	13	M	80	A		-1	3410.85841905	[1, 1, 1, 0, 1, 1, 1, 1, 1, 1, 1, 1]
	1166222	1048114	1082699	13	M	2	A		-1	3411.03750708	[1, 1, 1, 1, 1, 1, 1, 1, 1, 1, 1, 1]
	1185932	1069763	948985	13	M	67	A		-1	3411.15978687	[1, 1, 1, 1, 1, 1, 1, 1, 1, 1, 1, 1]
	1183874	1056867	879035	13	M	81	A		-1	3411.26187983	[1, 1, 1, 1, 1, 1, 1, 1, 1, 1, 1, 0]
	1177269	931780	1032332	13	M	59	A		-1	3411.55781637	[1, 1, 1, 1, 1, 1, 1, 1, 1, 1, 1, 1]
	1160344	1045424	1038584	13	M	43	A		-1	3411.93956529	[0, 1, 1, 1, 1, 1, 1, 1, 1, 1, 1, 1]
	1066972	933971	909477	12	M	100	A		-1	3411.96612593	[1, 1, 1, 1, 1, 1, 1, 1, 1, 1, 1, 1]
	1139808	1063870	1088829	13	M	26	A		-1	3412.65017974	[1, 1, 1, 1, 1, 1, 1, 1, 1, 1, 1, 1]
	1189889	1002920	1013071	13	M	7	A		-1	3412.80396254	[1, 1, 1, 1, 1, 1, 1, 1, 1, 1, 1, 1]
	1096774	1055829	1006455	13	M	93	A		-1	3412.8736618	[1, 1, 1, 1, 1, 0, 1, 1, 1, 1, 1, 1]
	1190668	1066160	1001004	13	M	19	A		-1	3412.98124353	[1, 1, 1, 0, 1, 1, 1, 1, 1, 1, 1, 0]
	1141210	1077897	1092053	13	M	29	A		-1	3413.17384805	[1, 1, 1, 1, 1, 1, 1, 1, 1, 1, 1, 1]
	1149771	1030342	1082924	13	M	58	A		-1	3413.97076932	[1, 1, 1, 1, 1, 1, 1, 1, 1, 1, 1, 1]
	1161828	1080918	1010872	13	M	1	A		-1	3414.09927785	[1, 1, 1, 1, 1, 1, 1, 1, 1, 1, 1, 1]
	1141707	1034615	951225	13	M	49	A		-1	3415.11024989	[1, 1, 1, 0, 1, 1, 1, 1, 1, 1, 1, 1]
	1103034	1018162	1022305	13	M	36	A		-1	3415.28218462	[1, 1, 1, 1, 1, 1, 1, 1, 1, 1, 1, 0]
	1107812	1056867	1018752	13	M	9	A		-1	3415.50668371	[1, 1, 1, 1, 1, 1, 1, 1, 1, 1, 1, 1]
	1047116	907049	896325	12	M	87	A		-1	3416.02588065	[1, 1, 1, 1, 1, 1, 1, 1, 1, 1, 1, 0]
	1107246	1086024	1059575	13	M	44	A		-1	3416.13242902	[1, 1, 1, 1, 1, 1, 1, 1, 1, 1, 1, 1]
	1184934	1019487	1024587	13	M	13	A		-1	3416.13887057	[0, 1, 1, 0, 1, 1, 1, 1, 1, 1, 1, 1]
	1188200	1065370	1026587	13	M	64	A		-1	3416.22869072	[1, 1, 1, 1, 1, 1, 1, 1, 1, 1, 1, 1]
	1139994	1022946	1080182	13	M	67	A		-1	3416.529679	[1, 0, 1, 0, 1, 1, 1, 1, 1, 1, 1, 1]
	1172804	1019487	1064029	13	M	37	A		-1	3416.79565858	[0, 1, 1, 0, 1, 1, 1, 1, 1, 1, 1, 1]
	1101377	1070496	656425	13	M	25	A		-1	3417.01459009	[1, 1, 1, 1, 1, 1, 1, 1, 1, 1, 1, 1]
	1100259	1059188	1092966	13	M	24	A		-1	3417.17297016	[1, 1, 1, 1, 1, 1, 1, 1, 1, 1, 1, 1]
	1100191	1044466	1016700	13	M	87	A		-1	3418.37062544	[1, 1, 1, 1, 1, 1, 1, 1, 1, 1, 1, 1]
	1137207	1014142	1055584	13	M	59	A		-1	3418.69456791	[1, 1, 1, 1, 1, 1, 1, 1, 1, 1, 1, 1]
	1127073	1002464	1094226	13	M	73	A		-1	3418.69914833	[1, 1, 1, 1, 1, 1, 1, 1, 1, 1, 1, 1]
	1057662	934261	994387	12	M	45	A		-1	3419.02848762	[1, 1, 1, 1, 1, 1, 1, 1, 1, 1, 1, 1]
	1159565	1088908	1078141	13	M	87	A		-1	3419.4191356	[1, 1, 1, 1, 1, 1, 1, 1, 1, 1, 1, 1]
	1163928	1003937	1087676	13	M	30	A		-1	3419.63163966	[1, 1, 1, 1, 1, 1, 1, 1, 1, 1, 1, 1]
	1112738	972049	1088834	13	M	62	A		-1	3419.95132336	[1, 1, 1, 1, 1, 1, 1, 1, 1, 1, 1, 1]
	1178556	1035949	1042197	13	M	94	A		-1	3420.1320515	[1, 1, 1, 1, 1, 1, 1, 1, 1, 1, 1, 1]
	1190359	1011668	1037792	13	M	14	A		-1	3420.31020019	[1, 1, 1, 1, 1, 1, 1, 1, 1, 1, 1, 1]
	1121969	1012090	951847	13	M	97	A		-1	3420.75555527	[1, 1, 1, 1, 1, 1, 1, 1, 1, 1, 1, 1]
	1100007	1059188	990992	13	M	36	A		-1	3420.79373673	[1, 1, 1, 1, 1, 1, 1, 1, 1, 1, 1, 1]
	1189296	1070002	1033954	13	M	23	A		-1	3421.11554812	[1, 1, 1, 1, 1, 1, 1, 1, 1, 1, 1, 1]
	1115010	999209	1044584	13	M	97	A		-1	3421.38281073	[1, 1, 1, 1, 1, 1, 1, 1, 1, 1, 1, 1]
	1137228	1026654	976634	13	M	76	A		-1	3421.41757171	[1, 1, 1, 1, 1, 1, 1, 1, 1, 1, 1, 1]
	1186626	1005605	814673	13	M	93	A		-1	3421.46210979	[1, 1, 1, 1, 1, 1, 1, 1, 1, 1, 1, 1]
	1006375	916887	883507	12	M	46	A		-1	3422.02996369	[1, 1, 1, 1, 1, 1, 1, 1, 1, 1, 1, 1]
	1178292	1013486	1015955	13	M	55	A		-1	3422.2582586	[1, 1, 0, 1, 1, 1, 1, 1, 1, 1, 1, 0]
	1145430	1047036	1021361	13	M	89	A		-1	3422.3502172	[1, 1, 1, 1, 1, 1, 1, 1, 1, 1, 1, 1]
	1109647	999742	905540	13	M	91	A		-1	3422.79896375	[1, 1, 1, 1, 1, 1, 1, 1, 1, 1, 1, 1]
	1157853	1029744	1055293	13	M	53	A		-1	3423.6913662	[1, 1, 1, 1, 1, 1, 1, 1, 1, 1, 1, 1]
	1153301	1043014	1041863	13	M	50	A		-1	3424.71843318	[1, 1, 1, 1, 1, 1, 1, 1, 1, 1, 1, 1]
	1142895	929338	1072072	13	M	20	A		-1	3424.7451908	[1, 0, 1, 0, 1, 1, 1, 1, 1, 1, 1, 1]
	1150264	997190	1009091	13	M	49	A		-1	3425.5236763	[1, 1, 1, 1, 1, 1, 1, 1, 1, 1, 1, 1]
	1194200	1056509	1085771	13	M	48	A		-1	3425.65803172	[1, 1, 1, 1, 1, 1, 1, 1, 1, 1, 1, 1]
	1082085	971547	994197	12	M	19	A		-1	3426.02742097	[0, 1, 1, 1, 1, 1, 1, 1, 1, 1, 1, 1]
	1134536	1027495	937090	13	M	52	A		-1	3426.21236043	[1, 1, 1, 1, 1, 1, 1, 1, 1, 1, 1, 1]
	1114781	997432	911092	13	M	83	A		-1	3427.20797979	[1, 1, 1, 1, 1, 1, 1, 1, 1, 1, 1, 1]
	1117736	1009625	1047742	13	M	2	A		-1	3427.63866889	[1, 1, 1, 1, 1, 0, 1, 1, 1, 1, 1, 1]
	1051937	921959	950521	12	M	1	A		-1	3427.92031157	[1, 1, 1, 1, 1, 1, 1, 1, 1, 1, 1, 1]
	1183643	1091102	1080831	13	M	56	A		-1	3428.08934661	[1, 1, 1, 1, 1, 1, 1, 1, 1, 1, 1, 0]
	1133395	1086024	1038913	13	M	99	A		-1	3428.34486832	[1, 1, 1, 1, 1, 1, 1, 1, 1, 1, 1, 1]
	1187217	946945	908252	13	M	69	A		-1	3429.00240755	[1, 1, 1, 1, 1, 1, 1, 1, 1, 1, 1, 1]
	1130902	1035354	1083172	13	M	42	A		-1	3429.32546916	[1, 1, 1, 1, 1, 1, 1, 1, 1, 1, 1, 1]
	1184337	1060064	1073351	13	M	44	A		-1	3429.68555242	[1, 1, 1, 1, 1, 1, 1, 1, 1, 1, 1, 1]
	1096237	1011886	1051264	13	M	20	A		-1	3429.77718957	[1, 1, 1, 1, 1, 1, 1, 1, 1, 1, 1, 0]
	1177213	1002434	1084213	13	M	33	A		-1	3430.17325066	[1, 1, 1, 1, 1, 1, 1, 1, 1, 1, 1, 1]
	1126780	1029525	1057202	13	M	21	A		-1	3430.66601504	[1, 1, 1, 1, 1, 1, 1, 1, 1, 1, 1, 1]
	1142342	1052438	1009456	13	M	94	A		-1	3431.06027907	[1, 1, 1, 1, 1, 1, 1, 1, 1, 1, 1, 1]
	1163746	1061294	1027369	13	M	42	A		-1	3431.06035448	[1, 1, 1, 1, 1, 1, 1, 1, 1, 1, 1, 1]
	1181487	1007123	1003536	13	M	30	A		-1	3431.17666495	[1, 1, 1, 1, 1, 1, 1, 1, 1, 1, 1, 1]
	1125338	1075708	941253	13	M	50	A		-1	3431.25900708	[1, 1, 1, 1, 1, 1, 1, 1, 1, 1, 1, 1]
	1142571	1085731	915330	13	M	9	A		-1	3431.63928714	[1, 1, 1, 1, 1, 1, 1, 1, 1, 1, 1, 1]
	1099879	1026990	1073919	13	M	65	A		-1	3432.47917942	[1, 1, 1, 1, 1, 1, 1, 1, 1, 1, 1, 1]
	1149862	1058823	1094549	13	M	61	A		-1	3432.82648193	[1, 1, 1, 1, 1, 1, 1, 1, 1, 1, 1, 1]
	1190399	952402	1031439	13	M	68	A		-1	3433.00453938	[1, 1, 1, 1, 1, 1, 1, 1, 1, 1, 1, 1]
	1144125	1017850	911158	13	M	70	A		-1	3433.0465454	[1, 1, 1, 1, 1, 1, 1, 1, 1, 1, 1, 1]
	1189335	1010190	1076315	13	M	34	A		-1	3434.74041747	[1, 1, 1, 1, 1, 1, 1, 1, 1, 1, 1, 1]
	1153416	1069022	1079149	13	M	25	A		-1	3435.22805086	[1, 1, 1, 1, 1, 1, 1, 1, 1, 1, 1, 1]
	1108969	1057648	1028215	13	M	1	A		-1	3435.75416368	[1, 1, 1, 1, 1, 1, 1, 1, 1, 1, 1, 1]
	1189170	1068163	1093471	13	M	33	A		-1	3436.07287915	[1, 1, 1, 1, 1, 1, 1, 1, 1, 1, 1, 1]
	1169594	1080380	1011509	13	M	86	A		-1	3436.55566502	[1, 1, 1, 0, 1, 1, 1, 1, 1, 1, 1, 1]
	1117516	1028494	1022408	13	M	13	A		-1	3437.12010447	[0, 1, 1, 1, 1, 1, 1, 1, 1, 1, 1, 0]
	1188191	1093906	1050497	13	M	37	A		-1	3437.55404157	[1, 1, 0, 1, 1, 1, 1, 1, 1, 1, 1, 1]
	1109809	1092916	961156	13	M	34	A		-1	3438.49077922	[1, 1, 1, 1, 1, 1, 1, 1, 1, 1, 1, 1]
	1107142	1041426	1080056	13	M	97	A		-1	3438.7270091	[1, 1, 1, 1, 1, 1, 1, 1, 1, 1, 1, 1]
	1130290	1091129	945945	13	M	72	A		-1	3438.76052312	[1, 1, 1, 1, 1, 1, 1, 0, 1, 1, 1, 1]
	1181409	1007630	1008637	13	M	16	A		-1	3438.83552321	[1, 1, 1, 1, 1, 1, 1, 1, 1, 1, 1, 1]
	1183172	1007188	958522	13	M	95	A		-1	3438.84096854	[1, 1, 1, 1, 1, 1, 1, 1, 1, 1, 1, 1]
	1132263	1030342	1061492	13	M	59	A		-1	3439.34995624	[1, 1, 1, 1, 1, 1, 1, 1, 1, 1, 1, 1]
	1175992	1060064	990182	13	M	9	A		-1	3439.46860862	[1, 1, 1, 1, 1, 1, 1, 1, 1, 1, 1, 0]
	1129465	1043992	927329	13	M	14	A		-1	3439.57259664	[1, 1, 1, 1, 1, 1, 1, 1, 1, 1, 1, 1]
	1099280	1073266	906347	13	M	12	A		-1	3439.6547771	[1, 1, 1, 1, 1, 1, 1, 1, 1, 1, 1, 1]
	1160700	1005605	1037528	13	M	87	A		-1	3439.68435708	[1, 1, 1, 0, 1, 1, 1, 1, 1, 1, 1, 1]
	1164958	1087186	961518	13	M	42	A		-1	3440.44713125	[1, 1, 1, 1, 1, 1, 1, 1, 1, 1, 1, 1]
	1156880	1044178	1055978	13	M	92	A		-1	3441.28114392	[1, 1, 1, 1, 1, 1, 1, 1, 1, 1, 1, 1]
	1131633	1088908	1042940	13	M	28	A		-1	3441.82041437	[1, 1, 1, 1, 1, 1, 1, 1, 1, 1, 1, 1]
	1151742	1091102	1061023	13	M	63	A		-1	3441.88313272	[1, 1, 1, 1, 1, 1, 1, 1, 1, 1, 1, 1]
	1096922	1075073	1052824	13	M	60	A		-1	3442.15517976	[1, 1, 1, 1, 1, 1, 1, 1, 1, 1, 1, 1]
	1116368	985948	1055401	13	M	96	A		-1	3442.24392502	[1, 1, 1, 1, 1, 1, 1, 1, 1, 1, 1, 1]
	1135589	1077452	1048639	13	M	79	A		-1	3442.44519161	[1, 1, 1, 1, 1, 1, 1, 1, 1, 1, 1, 1]
	1110885	952402	1061721	13	M	25	A		-1	3442.59580554	[1, 1, 1, 1, 1, 1, 1, 1, 1, 1, 1, 1]
	1110699	1066972	1053834	13	M	59	A		-1	3443.57175276	[1, 1, 1, 1, 1, 1, 1, 1, 1, 1, 1, 1]
	1118746	1082895	915492	13	M	38	A		-1	3444.65743369	[1, 1, 1, 1, 1, 1, 1, 1, 1, 1, 1, 1]
	1139072	1008943	1090576	13	M	21	A		-1	3445.04286937	[1, 1, 1, 1, 1, 1, 1, 1, 1, 1, 1, 1]
	1163220	1063593	954580	13	M	55	A		-1	3445.09726221	[1, 1, 0, 1, 1, 1, 1, 1, 1, 1, 1, 1]
	1108427	1013528	1036893	13	M	10	A		-1	3445.16716378	[1, 1, 1, 1, 1, 1, 1, 1, 1, 1, 1, 1]
	1181859	1049047	910568	13	M	65	A		-1	3445.35859237	[1, 0, 1, 1, 1, 1, 1, 1, 1, 1, 1, 1]
	1178713	1078115	1028914	13	M	27	A		-1	3445.46381203	[1, 1, 1, 1, 1, 1, 1, 1, 1, 1, 1, 1]
	1108749	1042249	1043116	13	M	22	A		-1	3445.67902032	[1, 1, 1, 1, 1, 1, 1, 1, 1, 1, 1, 1]
	1102076	1062498	1024750	13	M	15	A		-1	3447.51452305	[1, 1, 1, 1, 1, 1, 1, 1, 1, 1, 1, 1]
	1183466	1041558	910230	13	M	89	A		-1	3447.7486697	[1, 1, 1, 1, 1, 1, 1, 1, 1, 1, 1, 1]
	1112064	1060899	1026073	13	M	26	A		-1	3447.86808166	[1, 1, 1, 1, 1, 1, 1, 1, 1, 1, 1, 1]
	1132459	1035400	1091843	13	M	82	A		-1	3448.11305253	[1, 1, 1, 1, 1, 1, 1, 1, 1, 1, 1, 0]
	1176733	1068163	1088705	13	M	13	A		-1	3448.18949669	[1, 1, 1, 1, 1, 1, 1, 1, 1, 1, 1, 1]
	1135739	1053523	1084300	13	M	28	A		-1	3449.4516625	[1, 1, 1, 0, 1, 1, 1, 1, 1, 1, 1, 1]
	1065412	895965	856757	12	M	61	A		-1	3449.95656436	[1, 1, 1, 1, 1, 1, 1, 1, 1, 1, 1, 0]
	1022019	987919	848696	12	M	32	A		-1	3449.97505713	[1, 1, 1, 1, 1, 1, 1, 1, 1, 1, 1, 1]
	1128818	1092946	1069479	13	M	84	A		-1	3450.11059572	[1, 1, 1, 1, 1, 1, 1, 1, 1, 1, 1, 1]
	1159982	1027495	997942	13	M	97	A		-1	3450.20554776	[1, 1, 1, 1, 1, 1, 1, 1, 1, 1, 1, 1]
	1148339	999740	1060088	13	M	82	A		-1	3450.45419965	[1, 1, 1, 1, 1, 1, 1, 1, 1, 1, 1, 1]
	1113824	1007630	1073425	13	M	3	A		-1	3450.86004194	[1, 1, 1, 1, 1, 1, 1, 1, 1, 1, 1, 1]
	1157028	1066972	1059328	13	M	4	A		-1	3450.93524983	[1, 1, 1, 1, 1, 1, 1, 1, 1, 1, 1, 1]
	1144277	1011961	1028050	13	M	45	A		-1	3451.0562724	[1, 1, 1, 1, 1, 1, 1, 1, 1, 1, 1, 0]
	1161395	1006891	1022074	13	M	57	A		-1	3451.18519832	[1, 1, 1, 1, 1, 1, 1, 1, 1, 1, 1, 1]
	1179638	1005074	1010986	13	M	95	A		-1	3452.44534669	[1, 1, 1, 1, 1, 1, 1, 1, 1, 1, 1, 1]
	1158976	1027372	1058355	13	M	53	A		-1	3452.5932339	[1, 1, 1, 1, 1, 1, 1, 1, 1, 1, 1, 1]
	1029896	915340	951200	12	M	66	A		-1	3453.03951755	[1, 1, 1, 1, 1, 0, 1, 1, 1, 1, 1, 1]
	1119882	1000254	1029290	13	M	86	A		-1	3453.29374453	[1, 1, 1, 0, 1, 1, 1, 1, 1, 1, 1, 1]
	1111639	1044178	1017303	13	M	59	A		-1	3453.53974768	[1, 1, 1, 1, 1, 1, 1, 1, 1, 1, 1, 1]
	1172889	1050758	1076221	13	M	59	A		-1	3453.74849548	[1, 1, 1, 1, 1, 1, 1, 0, 1, 1, 1, 1]
	1111085	1035400	934724	13	M	98	A		-1	3454.1043194	[1, 1, 1, 1, 1, 1, 1, 1, 1, 1, 1, 0]
	1112179	1004948	1006673	13	M	42	A		-1	3454.89459052	[0, 1, 1, 1, 1, 1, 1, 1, 1, 1, 1, 1]
	1139419	1063495	1053572	13	M	29	A		-1	3455.08940372	[1, 1, 1, 1, 1, 1, 1, 1, 1, 1, 1, 1]
	1193478	1029896	1053135	13	M	55	A		-1	3455.21031498	[1, 1, 1, 1, 1, 0, 1, 1, 1, 1, 1, 1]
	1096645	1081930	1084997	13	M	90	A		-1	3455.30156462	[1, 1, 1, 1, 1, 1, 1, 1, 1, 1, 1, 1]
	1101666	1081930	1082036	13	M	47	A		-1	3455.70196022	[1, 1, 1, 1, 1, 1, 1, 1, 1, 1, 1, 1]
	1175130	1006891	1077271	13	M	96	A		-1	3456.44806454	[1, 1, 1, 1, 1, 1, 1, 1, 1, 1, 1, 1]
	1180966	1042249	1057157	13	M	93	A		-1	3456.72802564	[1, 1, 1, 1, 1, 1, 1, 1, 1, 1, 1, 1]
	1142982	1013567	1014180	13	M	67	A		-1	3457.27696639	[1, 1, 1, 1, 1, 1, 1, 1, 1, 1, 1, 1]
	1098852	1011055	969612	13	M	65	A		-1	3457.89213897	[0, 1, 1, 1, 1, 1, 1, 1, 1, 1, 1, 1]
	1101806	1002434	1071810	13	M	23	A		-1	3458.25992867	[1, 1, 1, 1, 1, 1, 1, 1, 1, 1, 1, 1]
	1166379	1035403	1082156	13	M	67	A		-1	3459.297845	[1, 1, 1, 1, 1, 1, 1, 1, 1, 1, 1, 1]
	1062498	956052	809760	12	M	17	A		-1	3459.49451373	[1, 1, 1, 1, 1, 1, 1, 1, 1, 1, 1, 1]
	1044178	992922	943076	12	M	35	A		-1	3459.57601261	[1, 1, 1, 1, 1, 1, 1, 1, 1, 1, 1, 1]
	1191405	1072380	1087307	13	M	10	A		-1	3459.84577629	[1, 1, 1, 1, 1, 1, 1, 1, 1, 1, 1, 1]
	1117950	1029896	1007130	13	M	3	A		-1	3459.97742939	[1, 1, 1, 1, 1, 1, 1, 1, 1, 1, 1, 1]
	1007630	979946	989020	12	M	47	A		-1	3460.72609089	[1, 1, 1, 1, 1, 1, 1, 1, 1, 1, 1, 1]
	1164198	1044546	1039973	13	M	92	A		-1	3460.89419395	[1, 1, 1, 1, 1, 1, 1, 1, 1, 1, 1, 1]
	1154521	1011055	1089312	13	M	78	A		-1	3460.91449221	[0, 1, 1, 1, 1, 1, 1, 1, 1, 1, 1, 1]
	1113693	1019200	1049779	13	M	54	A		-1	3461.3093837	[1, 1, 1, 1, 1, 1, 1, 1, 1, 1, 1, 1]
	1138278	1063495	1043458	13	M	67	A		-1	3461.46620965	[1, 1, 1, 1, 1, 1, 1, 1, 1, 1, 1, 1]
	1151191	1019200	1047143	13	M	5	A		-1	3462.72303023	[1, 1, 1, 1, 1, 1, 1, 1, 1, 1, 1, 1]
	1186510	1070496	1074706	13	M	15	A		-1	3463.25875712	[1, 1, 1, 1, 1, 1, 1, 1, 1, 1, 1, 1]
	1134524	1091129	1091695	13	M	80	A		-1	3463.29930799	[1, 1, 1, 1, 1, 1, 1, 1, 1, 1, 1, 1]
	1126152	1071304	1087278	13	M	34	A		-1	3463.86448628	[1, 1, 1, 0, 1, 1, 1, 1, 1, 1, 1, 0]
	1191886	1072927	916466	13	M	74	A		-1	3465.22534551	[1, 1, 1, 1, 1, 1, 1, 1, 1, 1, 1, 1]
	1063495	905394	958664	12	M	4	A		-1	3465.75395884	[1, 1, 1, 1, 1, 1, 1, 1, 1, 1, 1, 1]
	1161721	1088100	1045360	13	M	55	A		-1	3465.8056374	[1, 1, 1, 1, 1, 1, 1, 1, 1, 1, 1, 1]
	1038536	913953	956014	12	M	27	A		-1	3466.05624394	[1, 1, 1, 1, 0, 1, 1, 1, 1, 1, 1, 1]
	1190259	1030342	1023945	13	M	65	A		-1	3466.62338336	[1, 1, 1, 1, 1, 1, 1, 1, 1, 1, 1, 1]
	1116557	1042097	1041289	13	M	22	A		-1	3466.82306275	[1, 1, 1, 1, 1, 1, 1, 1, 1, 1, 1, 1]
	1150062	1068456	1013705	13	M	36	A		-1	3466.84640704	[1, 1, 1, 1, 1, 1, 1, 1, 1, 1, 1, 0]
	1114904	998750	1092990	13	M	82	A		-1	3466.90618816	[1, 1, 1, 1, 1, 1, 1, 1, 1, 1, 1, 1]
	1095554	1084985	1052710	13	M	59	A		-1	3467.30484466	[1, 1, 1, 1, 1, 1, 1, 1, 1, 1, 1, 1]
	1101663	1047116	1050988	13	M	66	A		-1	3467.82668025	[1, 1, 1, 1, 1, 1, 1, 1, 1, 1, 1, 1]
	1170739	1060064	956519	13	M	31	A		-1	3468.3765874	[1, 1, 1, 1, 1, 1, 1, 1, 1, 1, 1, 1]
	1095034	997190	1004682	13	M	36	A		-1	3468.7253398	[1, 1, 1, 1, 1, 1, 1, 1, 1, 1, 1, 1]
	1087186	913953	950459	12	M	51	A		-1	3469.3650488	[1, 1, 1, 1, 1, 1, 1, 1, 1, 1, 1, 1]
	1095786	1028048	1065732	13	M	88	A		-1	3470.39414522	[1, 1, 1, 1, 1, 1, 1, 1, 1, 1, 1, 1]
	1133162	1076258	1073845	13	M	5	A		-1	3470.95554272	[1, 1, 1, 1, 1, 1, 1, 1, 1, 1, 1, 1]
	1194024	1066160	999388	13	M	29	A		-1	3471.17239688	[1, 1, 1, 1, 1, 1, 1, 1, 1, 1, 1, 1]
	1129202	1006891	1048038	13	M	22	A		-1	3471.31655827	[1, 1, 1, 1, 1, 1, 1, 1, 1, 1, 1, 1]
	1163569	995865	1072778	13	M	47	A		-1	3471.6224523	[1, 1, 1, 1, 1, 1, 1, 1, 1, 1, 1, 0]
	1100152	1038536	1004482	13	M	69	A		-1	3472.65600138	[1, 1, 1, 1, 0, 1, 1, 1, 1, 1, 1, 0]
	1150388	1060892	1056635	13	M	28	A		-1	3472.67022243	[1, 1, 1, 1, 1, 1, 1, 1, 1, 1, 1, 1]
	1163559	1088908	1020675	13	M	89	A		-1	3473.35592006	[1, 1, 1, 1, 1, 1, 1, 1, 1, 1, 1, 1]
	1191185	1093573	1052312	13	M	70	A		-1	3474.4594792	[1, 1, 1, 1, 1, 1, 1, 1, 1, 1, 1, 1]
	1131644	1013567	1071669	13	M	60	A		-1	3475.60225537	[1, 1, 1, 1, 1, 1, 1, 1, 1, 1, 1, 1]
	1157293	1087161	1057038	13	M	99	A		-1	3476.5939974	[1, 1, 1, 1, 1, 1, 1, 1, 1, 1, 1, 1]
	1117070	1029744	1092210	13	M	26	A		-1	3477.28809938	[1, 1, 1, 1, 1, 1, 1, 1, 1, 1, 1, 1]
	1113918	1025835	1049822	13	M	33	A		-1	3477.30260637	[1, 1, 1, 1, 1, 1, 1, 1, 1, 1, 1, 1]
	1135326	1073149	1012158	13	M	34	A		-1	3477.75527784	[1, 1, 1, 1, 1, 1, 1, 1, 1, 1, 1, 1]
	1178295	996343	1067127	13	M	59	A		-1	3477.86915021	[1, 1, 0, 1, 1, 1, 1, 1, 1, 1, 1, 1]
	1133920	1006891	1031650	13	M	1	A		-1	3477.90413918	[1, 1, 1, 1, 1, 0, 1, 1, 1, 1, 1, 1]
	1099157	1063495	934225	13	M	50	A		-1	3478.65241396	[1, 1, 1, 1, 1, 1, 1, 1, 1, 1, 1, 1]
	1125211	1020787	1039310	13	M	61	A		-1	3478.82645065	[1, 1, 1, 1, 1, 1, 1, 1, 1, 1, 1, 1]
	1147022	1074331	1036439	13	M	21	A		-1	3479.43706647	[1, 1, 1, 1, 1, 1, 1, 1, 1, 1, 1, 0]
	1188266	1088758	1012731	13	M	0	A		-1	3480.0349252	[1, 1, 1, 1, 1, 1, 1, 1, 1, 1, 1, 1]
	1124406	921959	1009738	13	M	47	A		-1	3480.30282529	[1, 1, 1, 1, 1, 1, 1, 1, 1, 1, 1, 0]
	1123922	1041558	992858	13	M	51	A		-1	3481.18541094	[1, 1, 1, 1, 1, 1, 1, 1, 1, 1, 1, 1]
	1135346	1060064	1090401	13	M	50	A		-1	3481.71685822	[1, 1, 1, 1, 1, 1, 1, 1, 1, 1, 1, 1]
	1159009	1006375	1086682	13	M	63	A		-1	3482.26013348	[1, 1, 1, 1, 1, 1, 1, 1, 1, 1, 1, 1]
	1139250	1082085	1042546	13	M	30	A		-1	3482.56101273	[0, 1, 1, 1, 1, 1, 1, 1, 1, 1, 1, 1]
	1165225	1029118	1085548	13	M	90	A		-1	3483.00607772	[1, 1, 1, 1, 1, 1, 1, 1, 1, 1, 1, 1]
	1162273	1006375	1006497	13	M	91	A		-1	3483.29250055	[1, 1, 1, 1, 1, 1, 1, 1, 1, 1, 1, 1]
	1194601	1046086	802725	13	M	39	A		-1	3483.48683977	[1, 0, 1, 1, 1, 1, 1, 1, 1, 1, 1, 1]
	1151041	1044466	1090634	13	M	21	A		-1	3483.51038374	[1, 1, 1, 1, 1, 1, 1, 1, 1, 1, 1, 1]
	1110186	1060179	1041682	13	M	66	A		-1	3483.52583885	[1, 1, 1, 1, 1, 1, 1, 1, 1, 1, 1, 1]
	1112134	1044178	1034211	13	M	1	A		-1	3484.23363537	[1, 1, 1, 1, 1, 1, 1, 1, 1, 1, 1, 1]
	1140331	1030077	999005	13	M	57	A		-1	3484.83682611	[1, 1, 1, 1, 1, 1, 1, 1, 1, 1, 1, 1]
	1169370	1025248	1044433	13	M	91	A		-1	3485.30758627	[1, 1, 1, 1, 1, 1, 1, 1, 1, 1, 1, 1]
	1182398	1059188	1033197	13	M	40	A		-1	3485.48874765	[1, 1, 1, 1, 1, 1, 1, 1, 1, 1, 1, 1]
	1116531	998131	1028321	13	M	41	A		-1	3486.83230555	[1, 1, 1, 1, 1, 1, 1, 1, 1, 1, 1, 1]
	1160415	999227	1064463	13	M	73	A		-1	3487.32861732	[1, 1, 1, 1, 1, 1, 1, 1, 1, 1, 1, 1]
	1172378	997968	1060294	13	M	50	A		-1	3488.44996219	[1, 1, 1, 1, 1, 1, 1, 1, 1, 1, 1, 1]
	1149236	1019487	940490	13	M	20	A		-1	3488.7683611	[0, 1, 1, 1, 1, 1, 1, 1, 1, 1, 1, 0]
	1168004	904675	938552	13	M	53	A		-1	3488.85644838	[1, 1, 1, 1, 1, 1, 1, 1, 1, 1, 1, 0]
	1141637	1092916	1071479	13	M	46	A		-1	3489.38038707	[1, 1, 1, 1, 1, 1, 1, 1, 1, 1, 1, 0]
	1108695	1007345	1033707	13	M	49	A		-1	3489.80658258	[1, 1, 1, 1, 1, 1, 1, 1, 1, 1, 1, 1]
	1145790	1004948	1009749	13	M	19	A		-1	3490.47124971	[0, 1, 1, 1, 1, 1, 1, 1, 1, 1, 1, 1]
	1189165	895965	924538	13	M	59	A		-1	3490.96654015	[1, 1, 1, 0, 1, 1, 1, 1, 1, 1, 1, 1]
	1118583	960994	987128	13	M	87	A		-1	3491.03052233	[1, 1, 1, 1, 1, 1, 1, 1, 1, 1, 1, 1]
	1099987	1086024	999846	13	M	56	A		-1	3491.07027191	[1, 1, 1, 1, 1, 1, 1, 1, 1, 1, 1, 1]
	1150786	1041558	923033	13	M	81	A		-1	3491.08588272	[1, 1, 1, 1, 1, 1, 1, 1, 1, 1, 1, 1]
	1114260	1058385	1065202	13	M	80	A		-1	3491.24861237	[1, 1, 1, 1, 1, 1, 1, 1, 1, 1, 1, 1]
	1188230	1065066	1035527	13	M	26	A		-1	3492.37158086	[1, 1, 1, 1, 1, 1, 1, 1, 1, 1, 1, 1]
	1155338	1077452	1046128	13	M	7	A		-1	3492.58045705	[1, 1, 1, 0, 1, 1, 1, 1, 1, 1, 1, 0]
	1105097	1059583	1018684	13	M	62	A		-1	3493.31302189	[1, 1, 1, 1, 1, 1, 1, 1, 1, 1, 1, 1]
	1157158	1013273	1016923	13	M	4	A		-1	3493.54841211	[1, 1, 1, 1, 1, 1, 1, 1, 1, 1, 1, 1]
	1119870	1022090	1003209	13	M	39	A		-1	3494.5280518	[1, 1, 1, 1, 1, 1, 1, 1, 1, 1, 1, 1]
	1145937	1044178	1081341	13	M	91	A		-1	3494.64117523	[1, 1, 1, 1, 1, 0, 1, 1, 1, 1, 1, 1]
	1144149	1061294	985584	13	M	28	A		-1	3494.81171294	[1, 0, 1, 1, 1, 1, 1, 1, 1, 1, 1, 1]
	1041558	941678	893932	12	M	15	A		-1	3495.25945697	[1, 1, 1, 1, 1, 1, 1, 1, 1, 1, 1, 1]
	1127899	1084177	1029179	13	M	15	A		-1	3495.58068614	[1, 1, 1, 1, 1, 1, 1, 1, 1, 1, 1, 1]
	1101927	997968	1083200	13	M	90	A		-1	3496.93098718	[1, 1, 1, 1, 1, 1, 1, 1, 1, 1, 1, 1]
	1183683	1043014	1050609	13	M	70	A		-1	3496.98926782	[1, 1, 1, 1, 1, 1, 1, 1, 1, 1, 1, 1]
	1188451	1067670	1004962	13	M	56	A		-1	3497.25292818	[1, 1, 1, 0, 1, 1, 1, 1, 1, 1, 1, 1]
	1151984	1073078	984570	13	M	17	A		-1	3498.39459286	[1, 1, 1, 1, 1, 1, 1, 1, 1, 1, 1, 1]
	1121098	1000122	1057058	13	M	56	A		-1	3499.64055959	[1, 1, 1, 1, 1, 1, 1, 1, 1, 1, 1, 1]
	1140101	1044140	1005857	13	M	22	A		-1	3500.9463775	[1, 1, 1, 0, 1, 1, 1, 1, 1, 1, 1, 1]
	1056509	922065	861748	12	M	93	A		-1	3502.08569351	[1, 1, 1, 1, 1, 1, 1, 1, 1, 1, 1, 1]
	1117350	1002627	1002413	13	M	47	A		-1	3502.35876845	[1, 1, 1, 1, 1, 1, 1, 1, 1, 1, 1, 1]
	1117524	1021754	1049479	13	M	6	A		-1	3502.89950359	[1, 1, 1, 1, 1, 1, 1, 1, 1, 1, 1, 0]
	1153741	1015534	956812	13	M	62	A		-1	3503.70577028	[1, 1, 1, 1, 1, 1, 1, 1, 1, 1, 1, 1]
	1111809	1041558	1049267	13	M	19	A		-1	3505.5321514	[1, 1, 1, 1, 1, 1, 1, 1, 1, 1, 1, 1]
	1042249	972049	978218	12	M	11	A		-1	3505.58126446	[1, 1, 1, 1, 1, 1, 1, 1, 1, 1, 1, 1]
	1142252	1040967	1015792	13	M	52	A		-1	3508.89158127	[1, 1, 1, 1, 1, 1, 1, 1, 1, 1, 1, 1]
	1145094	1084212	1073601	13	M	35	A		-1	3509.95929569	[1, 1, 1, 1, 1, 1, 1, 1, 1, 1, 1, 1]
	1011668	971701	897330	12	M	29	A		-1	3509.96696307	[1, 1, 1, 1, 1, 1, 1, 1, 1, 1, 1, 1]
	1172307	913953	962375	13	M	34	A		-1	3510.55668536	[1, 1, 1, 0, 1, 1, 1, 1, 1, 1, 1, 1]
	1185684	1028048	963499	13	M	29	A		-1	3511.43860502	[1, 1, 1, 1, 1, 1, 1, 1, 1, 1, 1, 1]
	1147876	1072581	1064394	13	M	44	A		-1	3511.52356055	[1, 1, 1, 1, 1, 1, 1, 1, 1, 1, 1, 0]
	1103330	1083016	1069439	13	M	29	A		-1	3511.83504589	[1, 1, 1, 1, 1, 1, 1, 1, 1, 1, 1, 1]
	1175390	1054225	864319	13	M	78	A		-1	3511.90353202	[1, 1, 1, 1, 1, 1, 1, 1, 1, 1, 1, 1]
	1167662	1065370	1030542	13	M	50	A		-1	3512.95008875	[1, 1, 1, 1, 1, 1, 1, 1, 1, 1, 1, 1]
	1134595	992807	1044807	13	M	71	A		-1	3513.24127758	[1, 1, 1, 1, 1, 1, 1, 1, 1, 1, 1, 1]
	1096249	1035354	987759	13	M	40	A		-1	3513.37881111	[1, 1, 1, 1, 1, 1, 1, 1, 1, 1, 1, 1]
	1126298	1052630	1023479	13	M	30	A		-1	3515.75230184	[1, 1, 1, 1, 1, 1, 1, 1, 1, 1, 1, 1]
	1175910	1006375	1075030	13	M	18	A		-1	3515.84452741	[1, 1, 1, 1, 1, 1, 1, 1, 1, 1, 1, 1]
	1164748	1044140	1011171	13	M	86	A		-1	3516.29780681	[1, 1, 1, 0, 1, 1, 1, 1, 1, 1, 1, 1]
	1116248	1033916	999597	13	M	35	A		-1	3519.38372252	[1, 1, 1, 1, 1, 1, 1, 1, 1, 1, 1, 1]
	1157310	1050758	877506	13	M	5	A		-1	3519.54843977	[1, 1, 1, 1, 1, 1, 1, 1, 1, 1, 1, 1]
	1163697	1060363	1017705	13	M	12	A		-1	3521.18205343	[1, 1, 1, 1, 1, 1, 1, 1, 1, 1, 1, 1]
	1136300	997968	1069000	13	M	16	A		-1	3522.78549008	[1, 1, 1, 1, 1, 1, 1, 1, 1, 1, 1, 1]
	1130602	1034928	1018357	13	M	48	A		-1	3522.88634831	[1, 1, 1, 1, 1, 1, 1, 1, 1, 1, 1, 1]
	1161871	1073448	967528	13	M	63	A		-1	3522.98309506	[1, 1, 1, 1, 1, 1, 1, 1, 1, 1, 1, 1]
	1156862	1011668	1059558	13	M	69	A		-1	3525.0788815	[1, 1, 1, 1, 1, 1, 1, 1, 1, 1, 1, 1]
	1135238	1060872	1080616	13	M	46	A		-1	3526.07193344	[1, 1, 1, 1, 1, 1, 1, 1, 1, 1, 1, 0]
	1186584	1073125	1042103	13	M	8	A		-1	3527.1532512	[1, 1, 1, 1, 1, 1, 1, 1, 1, 1, 1, 0]
	1134867	995653	999812	13	M	12	A		-1	3528.26663533	[1, 1, 1, 1, 1, 0, 1, 1, 1, 1, 1, 1]
	1120283	1062498	981152	13	M	13	A		-1	3529.07626278	[1, 1, 1, 1, 1, 1, 1, 1, 1, 1, 1, 1]
	1126537	1087186	1060625	13	M	70	A		-1	3529.13647302	[1, 1, 1, 1, 1, 1, 1, 1, 1, 1, 1, 1]
	1181231	1042097	1054176	13	M	57	A		-1	3529.47893365	[1, 1, 1, 1, 1, 1, 1, 1, 1, 1, 1, 1]
	1187153	1058904	949251	13	M	64	A		-1	3529.54050727	[1, 1, 1, 1, 1, 1, 1, 1, 1, 1, 1, 0]
	1171682	1046884	1000264	13	M	40	A		-1	3532.21362216	[1, 1, 1, 1, 1, 1, 1, 1, 1, 1, 1, 1]
	1098099	1035400	1065134	13	M	9	A		-1	3536.35266237	[1, 1, 1, 0, 1, 1, 1, 1, 1, 1, 1, 1]
	1108186	1068476	1036839	13	M	2	A		-1	3537.50587676	[1, 1, 1, 0, 1, 1, 1, 1, 1, 1, 1, 1]
	1148130	972049	1016877	13	M	60	A		-1	3539.27213693	[1, 1, 1, 1, 1, 1, 1, 1, 1, 1, 1, 0]
	1149079	1058904	1053632	13	M	0	A		-1	3544.34505363	[1, 1, 1, 1, 1, 1, 1, 1, 1, 1, 1, 1]
	1174072	1029744	998247	13	M	0	A		-1	3544.56884424	[1, 0, 1, 1, 1, 1, 1, 1, 1, 1, 1, 1]
	1124464	1068163	925385	13	M	8	A		-1	3544.80865197	[1, 1, 1, 1, 1, 1, 1, 0, 1, 1, 1, 1]
	1137655	1073191	1009509	13	M	7	A		-1	3545.76968124	[1, 1, 1, 1, 1, 1, 1, 1, 1, 1, 1, 1]
	1154006	1060064	999363	13	M	94	A		-1	3545.85945781	[1, 1, 1, 1, 1, 1, 1, 1, 1, 1, 1, 1]
	1186968	1073626	1047838	13	M	35	A		-1	3548.48093936	[1, 1, 1, 1, 1, 1, 1, 1, 1, 1, 1, 1]
	1096481	1045952	1087054	13	M	85	A		-1	3552.74028207	[1, 1, 1, 0, 1, 1, 1, 1, 1, 1, 1, 1]
	1152712	1059409	1009694	13	M	56	A		-1	3552.74596656	[1, 1, 1, 1, 1, 0, 1, 1, 1, 1, 1, 0]
	1120301	1088927	1009900	13	M	27	A		-1	3557.77175491	[1, 1, 0, 1, 1, 1, 1, 1, 1, 1, 1, 1]
	1154295	1013416	1044243	13	M	68	A		-1	3558.93856345	[1, 1, 1, 1, 1, 0, 1, 1, 1, 1, 1, 1]
	1151585	1017850	1057097	13	M	21	A		-1	3560.90915084	[1, 1, 1, 1, 1, 1, 1, 1, 1, 1, 1, 1]
	1011055	993740	910898	12	M	12	A		-1	3561.23444474	[0, 1, 1, 1, 1, 1, 1, 1, 1, 1, 1, 1]
	1114876	1074938	1093840	13	M	83	A		-1	3561.48728438	[1, 1, 1, 1, 1, 1, 1, 1, 1, 1, 1, 1]
	1168505	1056509	1085493	13	M	65	A		-1	3561.99563645	[1, 1, 1, 1, 1, 1, 1, 1, 1, 1, 1, 1]
	1098225	1077888	1090488	13	M	63	A		-1	3563.26956947	[1, 1, 1, 1, 1, 1, 1, 1, 1, 1, 1, 1]
	1145397	1060064	1085255	13	M	99	A		-1	3565.05652175	[1, 1, 1, 1, 1, 1, 1, 1, 1, 1, 1, 1]
	1118415	1023315	1043987	13	M	94	A		-1	3567.36986605	[1, 1, 1, 1, 1, 1, 1, 1, 1, 1, 1, 1]
	1096121	1060064	1055542	13	M	90	A		-1	3567.94784107	[1, 1, 1, 1, 1, 1, 1, 1, 1, 1, 1, 1]
	1017850	965483	922347	12	M	38	A		-1	3568.41997785	[1, 1, 1, 1, 1, 1, 1, 1, 1, 1, 1, 1]
	1186748	1029744	1018580	13	M	70	A		-1	3569.81395038	[1, 1, 1, 1, 1, 1, 1, 1, 1, 1, 1, 1]
	1110810	999707	1069500	13	M	28	A		-1	3569.88611109	[1, 1, 1, 1, 1, 1, 1, 1, 1, 1, 1, 1]
	1187122	1090480	1043635	13	M	16	A		-1	3569.94369591	[1, 1, 1, 1, 1, 1, 1, 1, 1, 1, 1, 1]
	1154984	1066160	1006888	13	M	19	A		-1	3572.47563876	[1, 1, 1, 0, 1, 1, 1, 1, 1, 1, 1, 0]
	1147358	1033540	1084441	13	M	77	A		-1	3572.53457093	[1, 1, 1, 0, 1, 1, 1, 1, 1, 1, 1, 0]
	1171843	1007188	1012047	13	M	11	A		-1	3573.19360207	[1, 1, 1, 1, 1, 1, 1, 1, 1, 1, 1, 1]
	1156995	1065412	897653	13	M	72	A		-1	3573.27852603	[1, 1, 1, 1, 1, 1, 1, 1, 1, 1, 1, 1]
	1096577	1011055	1052600	13	M	10	A		-1	3573.78017607	[1, 1, 1, 1, 1, 1, 1, 1, 1, 1, 1, 1]
	1160336	1006308	719590	13	M	50	A		-1	3575.58660864	[1, 1, 1, 1, 1, 1, 1, 0, 1, 1, 1, 0]
	1159611	1051855	1070732	13	M	74	A		-1	3578.06727276	[1, 0, 1, 1, 1, 1, 1, 1, 1, 1, 1, 1]
	1127443	1042249	968324	13	M	38	A		-1	3578.36989421	[1, 1, 1, 1, 1, 1, 1, 1, 1, 1, 1, 1]
	1114855	998957	1087310	13	M	46	A		-1	3579.60729205	[1, 1, 1, 1, 1, 1, 1, 1, 1, 1, 1, 1]
	1177226	931476	997508	13	M	89	A		-1	3583.37354489	[1, 1, 1, 1, 1, 1, 1, 1, 1, 1, 1, 0]
	1143243	1087225	936934	13	M	47	A		-1	3584.90135047	[1, 1, 1, 1, 1, 1, 1, 1, 1, 1, 1, 1]
	1150152	1001066	1059018	13	M	86	A		-1	3589.51244924	[1, 1, 1, 0, 1, 1, 1, 1, 1, 1, 1, 1]
	1110649	999707	1037921	13	M	88	A		-1	3591.02046835	[1, 1, 1, 1, 1, 1, 1, 1, 1, 1, 1, 0]
	1113106	998131	969102	13	M	69	A		-1	3592.37969727	[1, 1, 1, 1, 1, 1, 1, 1, 1, 1, 1, 1]
	1155272	1066972	974651	13	M	92	A		-1	3593.67897019	[1, 1, 1, 1, 1, 1, 1, 1, 1, 1, 1, 1]
	1193241	1019487	1014310	13	M	3	A		-1	3596.28500725	[1, 1, 1, 1, 1, 1, 1, 1, 1, 1, 1, 1]
	1116192	1072301	840763	13	M	78	A		-1	3597.41518883	[1, 1, 1, 1, 1, 1, 1, 1, 1, 1, 1, 1]
	1154192	1004528	1062369	13	M	65	A		-1	3605.23086007	[1, 1, 1, 1, 1, 1, 1, 1, 1, 1, 1, 1]
	1100115	894166	1053551	13	M	84	A		-1	3608.38227938	[1, 1, 1, 1, 1, 1, 1, 1, 1, 1, 1, 1]
	1106521	1005074	1009348	13	M	10	A		-1	3608.51762753	[1, 1, 1, 1, 1, 0, 1, 1, 1, 1, 1, 1]
	1100671	1074938	1052358	13	M	20	A		-1	3615.06823866	[1, 1, 1, 1, 1, 1, 1, 1, 1, 1, 1, 1]
	1140073	998131	845934	13	M	49	A		-1	3619.0907977	[1, 1, 1, 1, 1, 1, 1, 1, 1, 1, 1, 1]
	1115238	1080307	1012908	13	M	96	A		-1	3621.21832326	[1, 1, 1, 1, 1, 1, 1, 1, 1, 1, 1, 1]
	1190547	913953	996573	13	M	24	A		-1	3621.99765389	[1, 1, 1, 0, 1, 1, 1, 1, 1, 1, 1, 0]
	1149340	1022423	1015101	13	M	76	A		-1	3623.94908522	[1, 1, 1, 1, 1, 1, 1, 1, 1, 1, 1, 1]
	1169759	1019487	1008704	13	M	36	A		-1	3629.05874702	[0, 1, 1, 0, 1, 1, 1, 1, 1, 1, 1, 1]
	1060064	901738	956566	12	M	86	A		-1	3629.59142481	[1, 1, 1, 1, 1, 1, 1, 1, 1, 1, 1, 1]
	1178798	1053881	1068968	13	M	53	A		-1	3630.24089369	[1, 1, 1, 1, 1, 1, 1, 1, 1, 1, 1, 1]
	1176559	1007737	848587	13	M	56	A		-1	3638.67442919	[1, 1, 1, 1, 1, 1, 1, 1, 1, 1, 1, 1]
	1154435	1006375	1025757	13	M	59	A		-1	3639.88801198	[1, 1, 1, 1, 1, 1, 1, 1, 1, 1, 1, 1]
	1107590	998750	1010334	13	M	94	A		-1	3648.81319722	[1, 1, 1, 1, 1, 1, 1, 1, 1, 1, 1, 1]
	1108264	1091674	1042745	13	M	4	A		-1	3659.0960392	[1, 1, 1, 1, 1, 1, 1, 1, 1, 1, 1, 1]
	1123959	1057662	1071957	13	M	33	A		-1	3662.13849576	[1, 1, 1, 1, 1, 1, 1, 1, 1, 1, 1, 1]
	1151773	1042097	1021180	13	M	78	A		-1	3662.23520164	[1, 1, 1, 1, 1, 1, 1, 1, 1, 1, 1, 1]
	1166864	1074870	1056755	13	M	47	A		-1	3671.40543086	[1, 1, 1, 0, 1, 1, 1, 1, 1, 1, 1, 1]
	1101480	1061294	1030541	13	M	20	A		-1	3671.42278393	[1, 1, 0, 1, 1, 1, 1, 1, 1, 1, 1, 1]
	1066160	929194	977246	12	M	55	A		-1	3677.28666674	[1, 1, 1, 0, 1, 1, 1, 1, 1, 1, 1, 0]
	1095241	1088758	1082660	13	M	72	A		-1	3696.372036	[1, 1, 1, 1, 1, 1, 1, 1, 1, 1, 1, 1]
	1126007	1048114	1000756	13	M	37	A		-1	3705.14423938	[1, 1, 0, 1, 1, 1, 1, 1, 1, 1, 1, 1]
	1116095	1056628	1059121	13	M	38	A		-1	3706.92192263	[1, 1, 1, 1, 1, 1, 1, 1, 1, 1, 1, 1]
	1153389	1074258	991393	13	M	24	A		-1	3729.02720707	[1, 1, 1, 1, 1, 1, 1, 1, 1, 1, 1, 1]
	1169235	977914	1059714	13	M	18	A		-1	3739.10105462	[1, 1, 1, 1, 1, 1, 1, 1, 1, 1, 1, 1]
	1179820	1067760	1063882	13	M	62	A		-1	3764.97037517	[1, 1, 1, 1, 1, 1, 1, 1, 1, 1, 1, 1]
	1183245	1091721	1025042	13	M	33	A		-1	3843.20982108	[1, 1, 1, 1, 1, 1, 1, 1, 1, 1, 0, 1]
	1186501	1066160	1008146	13	M	59	A		-1	3950.66584771	[1, 1, 1, 0, 1, 1, 1, 1, 1, 1, 1, 1]
