animal	sire	dam	born	sex	herd	status	cause	died	TBV	recessives
	1769307	1619791	1614328	19	M	116	A		-1	4690.4281645	[1, 1, 1, 1, 1, 1, 1, 1, 1, 1, 1, 1]
	1748148	1618252	1672637	19	M	41	A		-1	4690.68880044	[1, 1, 1, 1, 1, 1, 1, 1, 1, 1, 1, 1]
	1695531	1694354	1656933	19	M	24	A		-1	4690.9677203	[1, 1, 1, 1, 1, 1, 1, 1, 1, 1, 1, 1]
	1731649	1616781	1623219	19	M	131	A		-1	4691.05156159	[1, 1, 1, 1, 1, 1, 1, 1, 1, 1, 1, 1]
	1794195	1620498	1518358	19	M	121	A		-1	4691.08420119	[1, 1, 1, 1, 1, 1, 1, 1, 1, 1, 1, 1]
	1600934	1525631	1511932	18	M	92	A		-1	4691.10181952	[1, 1, 1, 1, 1, 1, 1, 1, 1, 1, 1, 1]
	1697800	1694354	1597831	19	M	27	A		-1	4691.13458717	[1, 1, 1, 1, 1, 1, 1, 1, 1, 1, 1, 1]
	1786605	1620274	1621442	19	M	198	A		-1	4691.29429346	[1, 1, 1, 1, 1, 1, 1, 1, 1, 1, 1, 1]
	1735413	1616795	1600255	19	M	173	A		-1	4691.3841722	[1, 1, 1, 1, 1, 1, 1, 1, 1, 1, 1, 1]
	1733673	1616781	1636187	19	M	77	A		-1	4691.40991787	[1, 1, 1, 1, 1, 1, 1, 1, 1, 1, 1, 1]
	1727022	1616498	1691077	19	M	154	A		-1	4691.57504792	[1, 1, 1, 1, 1, 1, 1, 1, 1, 1, 1, 1]
	1738861	1616795	1639483	19	M	162	A		-1	4691.58196839	[1, 1, 1, 1, 1, 1, 1, 1, 1, 1, 1, 1]
	1793599	1620498	1679938	19	M	76	A		-1	4691.64919745	[1, 1, 1, 1, 1, 1, 1, 1, 1, 1, 1, 1]
	1787572	1620274	1595352	19	M	166	A		-1	4691.66401562	[1, 1, 1, 1, 1, 1, 1, 1, 1, 1, 1, 1]
	1694884	1694354	1641021	19	M	166	A		-1	4691.71355944	[1, 1, 1, 1, 1, 1, 1, 1, 1, 1, 1, 1]
	1664513	1525251	1507882	18	M	40	A		-1	4691.73491693	[1, 1, 1, 1, 1, 1, 1, 1, 1, 1, 1, 1]
	1745082	1618252	1611566	19	M	123	A		-1	4691.79864134	[1, 1, 1, 1, 1, 1, 1, 1, 1, 1, 1, 1]
	1783894	1620244	1693290	19	M	27	A		-1	4691.88323077	[1, 1, 1, 1, 1, 1, 1, 1, 1, 1, 1, 1]
	1723276	1616497	1628855	19	M	8	A		-1	4691.93787145	[1, 1, 1, 1, 1, 1, 1, 1, 1, 1, 1, 1]
	1757826	1619572	1474354	19	M	194	A		-1	4691.9673849	[1, 1, 1, 1, 1, 1, 1, 1, 1, 1, 1, 1]
	1648363	1524439	1401690	18	M	62	A		-1	4692.11665767	[1, 1, 1, 1, 1, 1, 1, 1, 1, 1, 1, 1]
	1694782	1694354	1608773	19	M	98	A		-1	4692.41671662	[1, 1, 1, 1, 1, 1, 1, 1, 1, 1, 1, 1]
	1778744	1623178	1681136	19	M	173	A		-1	4692.47441708	[1, 1, 1, 1, 1, 1, 1, 1, 1, 1, 1, 1]
	1695862	1694354	1663792	19	M	73	A		-1	4692.56852542	[1, 1, 1, 1, 1, 1, 1, 1, 1, 1, 1, 1]
	1703759	1620007	1613195	19	M	44	A		-1	4692.77221782	[1, 1, 1, 1, 1, 1, 1, 1, 1, 1, 1, 1]
	1743645	1616970	1635406	19	M	21	A		-1	4692.81946903	[1, 1, 1, 1, 1, 1, 1, 1, 1, 1, 1, 1]
	1784039	1620244	1581537	19	M	116	A		-1	4692.92279354	[1, 1, 1, 1, 1, 1, 1, 1, 1, 1, 1, 1]
	1735739	1616795	1646002	19	M	87	A		-1	4692.9838765	[1, 1, 1, 1, 1, 1, 1, 1, 1, 1, 1, 1]
	1650734	1524627	1563907	18	M	22	A		-1	4693.01167889	[1, 1, 1, 1, 1, 1, 1, 1, 1, 1, 1, 1]
	1740232	1616970	1645080	19	M	27	A		-1	4693.45610465	[1, 1, 1, 1, 1, 1, 1, 1, 1, 1, 1, 1]
	1774163	1620216	1663005	19	M	79	A		-1	4693.55033965	[1, 1, 1, 1, 1, 1, 1, 1, 1, 1, 1, 1]
	1735214	1616795	1673121	19	M	50	A		-1	4694.175379	[1, 1, 1, 1, 1, 1, 1, 1, 1, 1, 1, 1]
	1706618	1614804	1660668	19	M	99	A		-1	4694.83239617	[1, 1, 1, 1, 1, 1, 1, 1, 1, 1, 1, 1]
	1628467	1523456	1553136	18	M	108	A		-1	4695.04770294	[1, 1, 1, 1, 1, 1, 1, 1, 1, 1, 1, 1]
	1713652	1615595	1515293	19	M	29	A		-1	4695.39077871	[1, 1, 1, 1, 1, 1, 1, 1, 1, 1, 1, 1]
	1724754	1616498	1667305	19	M	59	A		-1	4695.60902625	[1, 1, 1, 1, 1, 1, 1, 1, 1, 1, 1, 1]
	1697862	1694354	1551661	19	M	84	A		-1	4695.69460105	[1, 1, 1, 1, 1, 1, 1, 1, 1, 1, 1, 1]
	1772663	1620216	1521256	19	M	200	A		-1	4695.69561481	[1, 1, 1, 1, 1, 1, 1, 1, 1, 1, 1, 1]
	1685736	1526905	1509585	18	M	145	A		-1	4695.71108383	[1, 1, 1, 1, 1, 1, 1, 1, 1, 1, 1, 1]
	1708590	1614804	1693129	19	M	74	A		-1	4695.77541752	[1, 1, 1, 1, 1, 1, 1, 1, 1, 1, 1, 1]
	1792080	1620498	1680053	19	M	150	A		-1	4696.476838	[1, 1, 1, 1, 1, 1, 1, 1, 1, 1, 1, 1]
	1756524	1619572	1687049	19	M	6	A		-1	4696.5282189	[1, 1, 1, 1, 1, 1, 1, 1, 1, 1, 1, 1]
	1728744	1616498	1648534	19	M	175	A		-1	4696.5722018	[1, 1, 1, 1, 1, 1, 1, 1, 1, 1, 1, 1]
	1777283	1623178	1634812	19	M	151	A		-1	4696.67275296	[1, 1, 1, 1, 1, 1, 1, 1, 1, 1, 1, 1]
	1702620	1620007	1524833	19	M	172	A		-1	4697.00865048	[1, 1, 1, 1, 1, 1, 1, 1, 1, 1, 1, 1]
	1784518	1620274	1600435	19	M	177	A		-1	4697.49284381	[1, 1, 1, 1, 1, 1, 1, 1, 1, 1, 1, 1]
	1761267	1619574	1613182	19	M	162	A		-1	4697.85177062	[1, 1, 1, 1, 1, 1, 1, 1, 1, 1, 1, 1]
	1770346	1620216	1620401	19	M	83	A		-1	4697.92041297	[1, 1, 1, 1, 1, 1, 1, 1, 1, 1, 1, 1]
	1696604	1694354	1691689	19	M	29	A		-1	4697.94759294	[1, 1, 1, 1, 1, 1, 1, 1, 1, 1, 1, 1]
	1608019	1522905	1433913	18	M	186	A		-1	4697.95133672	[1, 1, 1, 1, 1, 1, 1, 1, 1, 1, 1, 1]
	1692098	1526983	1523087	18	M	0	A		-1	4698.12535896	[1, 1, 1, 1, 1, 1, 1, 1, 1, 1, 1, 1]
	1767041	1619791	1522970	19	M	112	A		-1	4698.16206831	[1, 1, 1, 1, 1, 1, 1, 1, 1, 1, 1, 1]
	1780060	1620244	1680878	19	M	188	A		-1	4698.56810792	[1, 1, 1, 1, 1, 1, 1, 1, 1, 1, 1, 1]
	1710256	1615595	1689834	19	M	74	A		-1	4698.67603499	[1, 1, 1, 1, 1, 1, 1, 1, 1, 1, 1, 1]
	1700652	1620007	1687310	19	M	195	A		-1	4699.29521996	[1, 1, 1, 1, 1, 1, 1, 1, 1, 1, 1, 1]
	1720151	1616497	1501360	19	M	172	A		-1	4699.52141781	[1, 1, 1, 1, 1, 1, 1, 1, 1, 1, 1, 1]
	1700055	1620007	1674411	19	M	3	A		-1	4699.64787648	[1, 1, 1, 1, 1, 1, 1, 1, 1, 1, 1, 1]
	1714640	1616137	1628834	19	M	70	A		-1	4699.86153784	[1, 1, 1, 1, 1, 1, 1, 1, 1, 1, 1, 1]
	1757449	1619572	1497443	19	M	27	A		-1	4700.25708881	[1, 1, 1, 1, 1, 1, 1, 1, 1, 1, 1, 1]
	1738278	1616795	1608258	19	M	26	A		-1	4700.49278871	[1, 1, 1, 1, 1, 1, 1, 1, 1, 1, 1, 1]
	1642864	1524058	1461825	18	M	153	A		-1	4701.42351713	[1, 1, 1, 1, 1, 1, 1, 1, 1, 1, 1, 1]
	1742627	1616970	1413195	19	M	44	A		-1	4701.54361347	[1, 1, 1, 1, 1, 1, 1, 1, 1, 1, 1, 1]
	1696398	1694354	1622298	19	M	12	A		-1	4701.65049954	[1, 1, 1, 1, 1, 1, 1, 1, 1, 1, 1, 1]
	1715271	1616137	1669546	19	M	43	A		-1	4701.74355017	[1, 1, 1, 1, 1, 1, 1, 1, 1, 1, 1, 1]
	1752904	1618767	1642420	19	M	43	A		-1	4701.84871505	[1, 1, 1, 1, 1, 1, 1, 1, 1, 1, 1, 1]
	1738592	1616795	1594923	19	M	117	A		-1	4701.85301522	[1, 1, 1, 1, 1, 1, 1, 1, 1, 1, 1, 1]
	1703852	1620007	1654000	19	M	120	A		-1	4702.08319321	[1, 1, 1, 1, 1, 1, 1, 1, 1, 1, 1, 1]
	1773206	1620216	1639873	19	M	99	A		-1	4702.52920618	[1, 1, 1, 1, 1, 1, 1, 1, 1, 1, 1, 1]
	1731621	1616781	1415392	19	M	60	A		-1	4702.62944927	[1, 1, 1, 1, 1, 1, 1, 1, 1, 1, 1, 1]
	1774223	1620216	1659623	19	M	95	A		-1	4702.6748677	[1, 1, 1, 1, 1, 1, 1, 1, 1, 1, 1, 1]
	1763298	1619574	1209537	19	M	59	A		-1	4702.72468078	[1, 1, 1, 1, 1, 1, 1, 1, 1, 1, 1, 1]
	1601091	1525631	1414012	18	M	38	A		-1	4702.8628603	[1, 1, 1, 1, 1, 1, 1, 1, 1, 1, 1, 1]
	1760443	1619574	1559691	19	M	24	A		-1	4703.1352765	[1, 1, 1, 1, 1, 1, 1, 1, 1, 1, 1, 1]
	1738319	1616795	1502340	19	M	83	A		-1	4703.24147068	[1, 1, 1, 1, 1, 1, 1, 1, 1, 1, 1, 1]
	1737763	1616795	1660860	19	M	126	A		-1	4703.24649733	[1, 1, 1, 1, 1, 1, 1, 1, 1, 1, 1, 1]
	1764879	1619791	1513971	19	M	39	A		-1	4703.58998951	[1, 1, 1, 1, 1, 1, 1, 1, 1, 1, 1, 1]
	1791313	1620498	1645385	19	M	187	A		-1	4703.84857579	[1, 0, 1, 1, 1, 1, 1, 1, 1, 1, 1, 1]
	1737572	1616795	1507138	19	M	150	A		-1	4704.6432348	[1, 1, 1, 1, 1, 1, 1, 1, 1, 1, 1, 1]
	1745719	1618252	1628585	19	M	108	A		-1	4704.75318937	[1, 1, 1, 1, 1, 1, 1, 1, 1, 1, 1, 1]
	1675185	1529965	1546683	18	M	0	A		-1	4704.76886438	[1, 1, 1, 1, 1, 1, 1, 1, 1, 1, 1, 1]
	1767752	1619791	1596478	19	M	4	A		-1	4705.21014886	[1, 1, 1, 1, 1, 1, 1, 1, 1, 1, 1, 1]
	1749965	1618767	1685241	19	M	49	A		-1	4705.39178044	[1, 1, 1, 1, 1, 1, 1, 1, 1, 1, 1, 1]
	1782671	1620244	1648653	19	M	129	A		-1	4705.45271551	[1, 1, 1, 1, 1, 1, 1, 1, 1, 1, 1, 1]
	1694769	1694354	1636547	19	M	109	A		-1	4705.47368531	[1, 1, 1, 1, 1, 1, 1, 1, 1, 1, 1, 1]
	1545993	1420013	1420663	17	M	126	A		-1	4705.5465455	[1, 1, 1, 1, 1, 1, 1, 1, 1, 1, 1, 1]
	1785265	1620274	1660332	19	M	77	A		-1	4705.68363094	[1, 1, 1, 1, 1, 1, 1, 1, 1, 1, 1, 1]
	1601172	1525631	1553130	18	M	146	A		-1	4705.72823028	[1, 1, 1, 1, 1, 1, 1, 1, 1, 1, 1, 1]
	1748027	1618252	1691334	19	M	155	A		-1	4705.74539157	[1, 1, 1, 1, 1, 1, 1, 1, 1, 1, 1, 1]
	1766622	1619791	1691114	19	M	69	A		-1	4705.89086458	[1, 1, 1, 1, 1, 1, 1, 1, 1, 1, 1, 1]
	1778973	1623178	1619039	19	M	157	A		-1	4706.7926371	[1, 1, 1, 1, 1, 1, 1, 1, 1, 1, 1, 1]
	1697808	1694354	1652434	19	M	84	A		-1	4707.60059313	[1, 1, 1, 1, 1, 1, 1, 1, 1, 1, 1, 1]
	1748401	1618252	1503615	19	M	70	A		-1	4707.6255045	[1, 1, 1, 1, 1, 1, 1, 1, 1, 1, 1, 1]
	1772401	1620216	1644681	19	M	139	A		-1	4708.15847278	[1, 1, 1, 1, 1, 1, 1, 1, 1, 1, 1, 1]
	1751407	1618767	1512355	19	M	10	A		-1	4708.46730053	[1, 1, 1, 1, 1, 1, 1, 1, 1, 1, 1, 1]
	1719964	1616497	1626167	19	M	167	A		-1	4708.57218704	[1, 1, 1, 1, 1, 1, 1, 1, 1, 1, 1, 1]
	1793175	1620498	1689693	19	M	38	A		-1	4708.69224544	[1, 0, 1, 1, 1, 1, 1, 1, 1, 1, 1, 1]
	1702767	1620007	1680525	19	M	30	A		-1	4708.81844539	[1, 1, 1, 1, 1, 1, 1, 1, 1, 1, 1, 1]
	1771946	1620216	1646459	19	M	48	A		-1	4708.83628901	[1, 1, 1, 1, 1, 1, 1, 1, 1, 1, 1, 1]
	1772805	1620216	1641715	19	M	143	A		-1	4708.91709179	[1, 1, 1, 1, 1, 1, 1, 1, 1, 1, 1, 1]
	1729701	1616781	1528327	19	M	22	A		-1	4708.96713619	[1, 1, 1, 1, 1, 1, 1, 1, 1, 1, 1, 1]
	1789188	1620274	1646074	19	M	176	A		-1	4709.00291583	[1, 1, 1, 1, 1, 1, 1, 1, 1, 1, 1, 1]
	1725544	1616498	1632320	19	M	42	A		-1	4709.56087809	[1, 1, 1, 1, 1, 1, 1, 1, 1, 1, 1, 1]
	1768156	1619791	1479642	19	M	184	A		-1	4709.95118552	[1, 1, 1, 1, 1, 1, 1, 1, 1, 1, 1, 1]
	1717358	1616137	1624991	19	M	148	A		-1	4710.40734077	[1, 1, 1, 1, 1, 1, 1, 0, 1, 1, 1, 1]
	1785168	1620274	1631923	19	M	70	A		-1	4710.63393231	[1, 1, 1, 1, 1, 1, 1, 1, 1, 1, 1, 1]
	1737936	1616795	1554039	19	M	89	A		-1	4711.28109374	[1, 1, 1, 1, 1, 1, 1, 1, 1, 1, 1, 1]
	1719079	1616137	1640865	19	M	150	A		-1	4711.52655156	[1, 1, 1, 1, 1, 1, 1, 1, 1, 1, 1, 1]
	1762917	1619574	1672841	19	M	126	A		-1	4712.37382234	[1, 1, 1, 1, 1, 1, 1, 1, 1, 1, 1, 1]
	1735916	1616795	1643393	19	M	94	A		-1	4712.82280673	[1, 1, 1, 1, 1, 1, 1, 1, 1, 1, 1, 1]
	1722474	1616497	1673959	19	M	95	A		-1	4714.15026147	[1, 1, 1, 1, 1, 1, 1, 1, 1, 1, 1, 1]
	1722064	1616497	1642455	19	M	97	A		-1	4714.30922788	[1, 1, 1, 1, 1, 1, 1, 1, 1, 1, 1, 1]
	1767100	1619791	1643971	19	M	189	A		-1	4714.53881051	[1, 1, 1, 1, 1, 1, 1, 1, 1, 1, 1, 1]
	1767405	1619791	1668733	19	M	121	A		-1	4714.79480089	[1, 1, 1, 1, 1, 1, 1, 1, 1, 1, 1, 1]
	1661121	1525065	1546801	18	M	117	A		-1	4714.79552782	[1, 1, 1, 1, 1, 1, 1, 1, 1, 1, 1, 1]
	1792136	1620498	1328106	19	M	179	A		-1	4714.94631433	[1, 0, 1, 1, 1, 1, 1, 1, 1, 1, 1, 1]
	1791481	1620498	1665902	19	M	172	A		-1	4715.15015243	[1, 1, 1, 1, 1, 1, 1, 1, 1, 1, 1, 1]
	1769165	1619791	1502829	19	M	190	A		-1	4715.32625021	[1, 1, 1, 1, 1, 1, 1, 1, 1, 1, 1, 1]
	1705632	1614804	1645201	19	M	76	A		-1	4715.65874049	[1, 1, 1, 1, 1, 1, 1, 1, 1, 1, 1, 1]
	1709632	1615595	1600240	19	M	166	A		-1	4715.65926662	[1, 1, 1, 1, 1, 1, 1, 1, 1, 1, 1, 1]
	1708375	1614804	1616691	19	M	149	A		-1	4715.89152492	[1, 1, 1, 1, 1, 1, 1, 1, 1, 1, 1, 1]
	1768329	1619791	1607236	19	M	45	A		-1	4716.21098446	[1, 1, 1, 1, 1, 1, 1, 1, 1, 1, 1, 1]
	1602120	1525631	1527836	18	M	142	A		-1	4716.32761554	[1, 1, 1, 1, 1, 1, 1, 1, 1, 1, 1, 1]
	1631174	1523618	1424306	18	M	124	A		-1	4716.83923055	[1, 1, 1, 1, 1, 1, 1, 1, 1, 1, 1, 1]
	1758367	1619572	1522587	19	M	199	A		-1	4717.00568141	[1, 1, 1, 1, 1, 1, 1, 1, 1, 1, 1, 1]
	1744977	1618252	1636166	19	M	196	A		-1	4717.06589496	[1, 1, 1, 1, 1, 1, 1, 1, 1, 1, 1, 1]
	1787596	1620274	1591762	19	M	65	A		-1	4717.50655485	[1, 1, 1, 1, 1, 1, 1, 1, 1, 1, 1, 1]
	1731095	1616781	1645841	19	M	129	A		-1	4718.5326771	[1, 1, 1, 1, 1, 1, 1, 1, 1, 1, 1, 1]
	1783993	1620244	1652170	19	M	46	A		-1	4719.03835228	[1, 1, 1, 1, 1, 1, 1, 1, 1, 1, 1, 1]
	1761031	1619574	1611818	19	M	121	A		-1	4719.17853079	[1, 1, 1, 1, 1, 1, 1, 1, 1, 1, 1, 1]
	1788092	1620274	1536842	19	M	161	A		-1	4719.69143996	[1, 1, 1, 1, 1, 1, 1, 1, 1, 1, 1, 1]
	1706793	1614804	1662136	19	M	134	A		-1	4719.86032276	[1, 1, 1, 1, 1, 1, 1, 1, 1, 1, 1, 1]
	1628920	1523456	1525666	18	M	110	A		-1	4719.93771237	[1, 1, 1, 1, 1, 1, 1, 1, 1, 1, 1, 1]
	1771477	1620216	1689444	19	M	196	A		-1	4720.07598487	[1, 1, 1, 1, 1, 1, 1, 1, 1, 1, 1, 1]
	1751913	1618767	1614257	19	M	57	A		-1	4720.63749825	[1, 1, 1, 1, 1, 1, 1, 1, 1, 1, 1, 1]
	1698594	1694354	1602244	19	M	127	A		-1	4720.72009572	[1, 1, 1, 1, 1, 1, 1, 1, 1, 1, 1, 1]
	1792157	1620498	1656039	19	M	123	A		-1	4720.95558783	[1, 1, 1, 1, 1, 1, 1, 1, 1, 1, 1, 1]
	1710687	1615595	1599436	19	M	2	A		-1	4721.13707116	[1, 1, 1, 1, 1, 1, 1, 1, 1, 1, 1, 1]
	1695679	1694354	1578059	19	M	14	A		-1	4721.19605461	[1, 1, 1, 1, 1, 1, 1, 1, 1, 1, 1, 1]
	1624963	1523456	1536763	18	M	58	A		-1	4721.64550916	[1, 1, 1, 1, 1, 1, 1, 1, 1, 1, 1, 1]
	1601378	1525631	1569240	18	M	177	A		-1	4721.69069714	[1, 1, 1, 1, 1, 1, 1, 1, 1, 1, 1, 1]
	1727870	1616498	1615005	19	M	26	A		-1	4722.20167145	[1, 1, 1, 1, 1, 1, 1, 1, 1, 1, 1, 1]
	1766185	1619791	1645474	19	M	40	A		-1	4723.35233461	[1, 1, 1, 1, 1, 1, 1, 1, 1, 1, 1, 1]
	1614759	1523163	1539355	18	M	131	A		-1	4723.48023222	[1, 1, 1, 1, 1, 1, 1, 1, 1, 1, 1, 1]
	1770152	1620216	1438630	19	M	22	A		-1	4723.80585962	[1, 1, 1, 1, 1, 1, 1, 1, 1, 1, 1, 1]
	1719515	1616497	1666269	19	M	47	A		-1	4723.81370003	[1, 1, 1, 1, 1, 1, 1, 1, 1, 1, 1, 1]
	1713098	1615595	1640943	19	M	85	A		-1	4723.81477713	[1, 1, 1, 1, 1, 1, 1, 1, 1, 1, 1, 1]
	1696626	1694354	1691941	19	M	175	A		-1	4724.07332799	[1, 1, 1, 1, 1, 1, 1, 1, 1, 1, 1, 1]
	1720955	1616497	1636413	19	M	137	A		-1	4724.31750623	[1, 1, 1, 1, 1, 1, 1, 1, 1, 1, 1, 1]
	1602221	1525631	1500742	18	M	124	A		-1	4724.71940465	[1, 1, 1, 1, 1, 1, 1, 1, 1, 1, 1, 1]
	1732147	1616781	1667834	19	M	51	A		-1	4724.84320073	[1, 1, 1, 1, 1, 1, 1, 1, 1, 1, 1, 1]
	1718017	1616137	1521880	19	M	78	A		-1	4725.25800727	[1, 1, 1, 1, 1, 1, 1, 1, 1, 1, 1, 1]
	1753187	1618767	1647372	19	M	82	A		-1	4725.78563623	[1, 1, 1, 1, 1, 1, 1, 1, 1, 1, 1, 1]
	1769835	1620216	1352010	19	M	178	A		-1	4726.06700936	[1, 1, 1, 1, 1, 1, 1, 1, 1, 1, 1, 1]
	1705022	1614804	1670583	19	M	97	A		-1	4726.12374287	[1, 1, 1, 1, 1, 1, 1, 1, 1, 1, 1, 1]
	1787200	1620274	1637673	19	M	15	A		-1	4726.49791171	[1, 1, 1, 1, 1, 1, 1, 1, 1, 1, 1, 1]
	1745447	1618252	1614337	19	M	120	A		-1	4726.52375441	[1, 1, 1, 1, 1, 1, 1, 1, 1, 1, 1, 1]
	1712033	1615595	1643211	19	M	58	A		-1	4726.99108034	[1, 1, 1, 1, 1, 1, 1, 1, 1, 1, 1, 1]
	1719478	1616497	1538151	19	M	169	A		-1	4727.10925362	[1, 1, 1, 1, 1, 1, 1, 1, 1, 1, 1, 1]
	1712761	1615595	1568874	19	M	175	A		-1	4728.21963434	[1, 1, 1, 1, 1, 1, 1, 1, 1, 1, 1, 1]
	1752222	1618767	1672322	19	M	100	A		-1	4728.96564436	[1, 1, 1, 1, 1, 1, 1, 1, 1, 1, 1, 1]
	1733923	1616781	1629449	19	M	20	A		-1	4729.21283194	[1, 1, 1, 1, 1, 1, 1, 1, 1, 1, 1, 1]
	1765738	1619791	1670220	19	M	44	A		-1	4729.29265627	[1, 1, 1, 1, 1, 1, 1, 1, 1, 1, 1, 1]
	1695360	1694354	1617261	19	M	136	A		-1	4729.31310137	[1, 1, 1, 1, 1, 1, 1, 1, 1, 1, 1, 1]
	1750963	1618767	1601515	19	M	82	A		-1	4729.65232856	[1, 1, 1, 1, 1, 1, 1, 1, 1, 1, 1, 1]
	1739439	1616795	1601372	19	M	124	A		-1	4730.04001707	[1, 1, 1, 1, 1, 1, 1, 1, 1, 1, 1, 1]
	1768919	1619791	1527344	19	M	194	A		-1	4731.58489365	[1, 1, 1, 1, 1, 1, 1, 1, 1, 1, 1, 1]
	1765435	1619791	1603505	19	M	40	A		-1	4731.9536164	[1, 1, 1, 1, 1, 1, 1, 1, 1, 1, 1, 1]
	1734624	1616795	1664707	19	M	6	A		-1	4732.32033103	[1, 1, 1, 1, 1, 1, 1, 1, 1, 1, 1, 1]
	1792262	1620498	1531863	19	M	119	A		-1	4732.37570601	[1, 0, 1, 1, 1, 1, 1, 1, 1, 1, 1, 1]
	1767542	1619791	1671397	19	M	47	A		-1	4732.48461099	[1, 1, 1, 1, 1, 1, 1, 1, 1, 1, 1, 1]
	1764025	1619574	1694334	19	M	2	A		-1	4732.94445031	[1, 1, 1, 1, 1, 1, 1, 1, 1, 1, 1, 1]
	1686139	1526905	1528611	18	M	200	A		-1	4733.18743721	[1, 1, 1, 1, 1, 1, 1, 1, 1, 1, 1, 1]
	1749462	1618767	1643088	19	M	87	A		-1	4733.22345863	[1, 1, 1, 1, 1, 1, 1, 1, 1, 1, 1, 1]
	1748258	1618252	1680661	19	M	178	A		-1	4733.80655512	[1, 1, 1, 1, 1, 1, 1, 1, 1, 1, 1, 1]
	1766894	1619791	1631170	19	M	48	A		-1	4733.95291501	[1, 1, 1, 1, 1, 1, 1, 1, 1, 1, 1, 1]
	1724574	1616498	1439059	19	M	175	A		-1	4734.14873195	[1, 1, 1, 1, 1, 1, 1, 1, 1, 1, 1, 1]
	1767797	1619791	1667680	19	M	137	A		-1	4735.15755398	[1, 1, 1, 1, 1, 1, 1, 1, 1, 1, 1, 1]
	1745402	1618252	1682543	19	M	165	A		-1	4735.24528468	[1, 1, 1, 1, 1, 1, 1, 1, 1, 1, 1, 1]
	1710609	1615595	1516774	19	M	175	A		-1	4735.57572051	[1, 1, 1, 1, 1, 1, 1, 1, 1, 1, 1, 1]
	1749830	1618767	1567584	19	M	92	A		-1	4735.73161506	[1, 1, 1, 1, 1, 1, 1, 1, 1, 1, 1, 1]
	1792421	1620498	1572470	19	M	21	A		-1	4735.80288337	[1, 1, 1, 1, 1, 1, 1, 1, 1, 1, 1, 1]
	1735101	1616795	1645643	19	M	180	A		-1	4735.95950468	[1, 1, 1, 1, 1, 1, 1, 1, 1, 1, 1, 1]
	1738726	1616795	1679051	19	M	35	A		-1	4736.08089945	[1, 1, 1, 1, 1, 1, 1, 1, 1, 1, 1, 1]
	1546443	1420013	1424807	17	M	153	A		-1	4737.34076492	[1, 1, 1, 1, 1, 1, 1, 1, 1, 1, 1, 1]
	1737819	1616795	1627154	19	M	74	A		-1	4737.63316467	[1, 1, 1, 1, 1, 1, 1, 1, 1, 1, 1, 1]
	1722738	1616497	1621755	19	M	55	A		-1	4738.0280742	[1, 1, 1, 1, 1, 1, 1, 1, 1, 1, 1, 1]
	1730932	1616781	1599933	19	M	5	A		-1	4738.53020757	[1, 1, 1, 1, 1, 1, 1, 1, 1, 1, 1, 1]
	1625045	1523456	1547069	18	M	34	A		-1	4738.83873637	[1, 1, 1, 1, 1, 1, 1, 1, 1, 1, 1, 1]
	1767744	1619791	1616636	19	M	67	A		-1	4739.23109013	[1, 1, 1, 1, 1, 1, 1, 1, 1, 1, 1, 1]
	1772305	1620216	1645919	19	M	158	A		-1	4739.23180828	[1, 1, 1, 1, 1, 1, 1, 1, 1, 1, 1, 1]
	1792649	1620498	1520287	19	M	113	A		-1	4739.31747768	[1, 0, 1, 1, 1, 1, 1, 1, 1, 1, 1, 1]
	1749433	1618252	1600593	19	M	32	A		-1	4739.71289079	[1, 1, 1, 1, 1, 1, 1, 1, 1, 1, 1, 1]
	1702538	1620007	1623756	19	M	124	A		-1	4740.02371131	[1, 1, 1, 1, 1, 1, 1, 1, 1, 1, 1, 1]
	1773962	1620216	1689840	19	M	156	A		-1	4740.41338969	[1, 1, 1, 1, 1, 1, 1, 1, 1, 1, 1, 1]
	1784436	1620244	1620640	19	M	149	A		-1	4740.59493879	[1, 1, 1, 1, 1, 1, 1, 1, 1, 1, 1, 1]
	1723692	1616497	1681989	19	M	170	A		-1	4740.76678647	[1, 1, 1, 1, 1, 1, 1, 1, 1, 1, 1, 1]
	1787348	1620274	1584634	19	M	107	A		-1	4740.85506855	[1, 1, 1, 1, 1, 1, 1, 1, 1, 1, 1, 1]
	1774558	1623178	1596708	19	M	71	A		-1	4740.99000168	[1, 1, 1, 1, 1, 1, 1, 1, 1, 1, 1, 1]
	1793703	1620498	1621310	19	M	58	A		-1	4741.1222616	[1, 1, 1, 1, 1, 1, 1, 1, 1, 1, 1, 1]
	1734837	1616795	1665517	19	M	136	A		-1	4741.50644299	[1, 1, 1, 1, 1, 1, 1, 1, 1, 1, 1, 1]
	1779869	1620244	1569731	19	M	196	A		-1	4742.05676337	[1, 1, 1, 1, 1, 1, 1, 1, 1, 1, 1, 1]
	1746143	1618252	1669671	19	M	145	A		-1	4742.15946517	[1, 1, 1, 1, 1, 1, 1, 1, 1, 1, 1, 1]
	1711513	1615595	1687884	19	M	4	A		-1	4742.42100351	[1, 1, 1, 1, 1, 1, 1, 1, 1, 1, 1, 1]
	1788252	1620274	1630079	19	M	48	A		-1	4742.52351856	[1, 1, 1, 1, 1, 1, 1, 1, 1, 1, 1, 1]
	1676569	1529965	1551482	18	M	49	A		-1	4742.73588031	[1, 1, 1, 1, 1, 1, 1, 1, 1, 1, 1, 1]
	1727532	1616498	1589017	19	M	5	A		-1	4742.8299432	[1, 1, 1, 1, 1, 1, 1, 1, 1, 1, 1, 1]
	1721569	1616497	1612090	19	M	173	A		-1	4742.8489197	[1, 1, 1, 1, 1, 1, 1, 1, 1, 1, 1, 1]
	1753669	1618767	1628685	19	M	162	A		-1	4743.73770728	[1, 1, 1, 1, 1, 1, 1, 1, 1, 1, 1, 1]
	1747793	1618252	1659563	19	M	51	A		-1	4743.89216977	[1, 1, 1, 1, 1, 1, 1, 1, 1, 1, 1, 1]
	1669631	1526047	1529856	18	M	95	A		-1	4744.59672086	[1, 1, 1, 1, 1, 1, 1, 1, 1, 1, 1, 1]
	1771824	1620216	1631212	19	M	77	A		-1	4745.43487504	[1, 1, 1, 1, 1, 1, 1, 1, 1, 1, 1, 1]
	1764647	1619791	1656819	19	M	153	A		-1	4745.79011346	[1, 1, 1, 1, 1, 1, 1, 1, 1, 1, 1, 1]
	1759161	1619572	1690099	19	M	74	A		-1	4745.80692373	[1, 1, 1, 1, 1, 1, 1, 1, 1, 1, 1, 1]
	1695080	1694354	1612983	19	M	192	A		-1	4746.47391358	[1, 1, 1, 1, 1, 1, 1, 1, 1, 1, 1, 1]
	1694966	1694354	1632448	19	M	170	A		-1	4746.79234166	[1, 1, 1, 1, 1, 1, 1, 1, 1, 1, 1, 1]
	1752955	1618767	1693127	19	M	73	A		-1	4746.80650954	[1, 1, 1, 1, 1, 1, 1, 1, 1, 1, 1, 1]
	1770295	1620216	1622932	19	M	80	A		-1	4747.07310695	[1, 1, 1, 1, 1, 1, 1, 1, 1, 1, 1, 1]
	1752433	1618767	1650114	19	M	94	A		-1	4747.39643484	[1, 1, 1, 1, 1, 1, 1, 1, 1, 1, 1, 1]
	1777113	1623178	1666332	19	M	127	A		-1	4747.40170635	[1, 1, 1, 1, 1, 1, 1, 1, 1, 1, 1, 1]
	1772465	1620216	1601492	19	M	82	A		-1	4747.61254407	[1, 1, 1, 1, 1, 1, 1, 1, 1, 1, 1, 1]
	1775524	1623178	1601430	19	M	51	A		-1	4748.03177475	[1, 1, 1, 1, 1, 1, 1, 1, 1, 1, 1, 1]
	1702169	1620007	1561198	19	M	154	A		-1	4748.06796214	[1, 1, 1, 1, 1, 1, 1, 1, 1, 1, 1, 1]
	1747262	1618252	1575965	19	M	132	A		-1	4748.43817921	[1, 1, 1, 1, 1, 1, 1, 1, 1, 1, 1, 1]
	1793548	1620498	1526774	19	M	82	A		-1	4749.4557667	[1, 1, 1, 1, 1, 1, 1, 1, 1, 1, 1, 1]
	1662852	1525065	1537608	18	M	128	A		-1	4750.20148777	[1, 1, 1, 1, 1, 1, 1, 1, 1, 1, 1, 1]
	1696116	1694354	1632572	19	M	180	A		-1	4750.40597825	[1, 1, 1, 1, 1, 1, 1, 1, 1, 1, 1, 1]
	1785086	1620274	1664458	19	M	156	A		-1	4750.75292438	[1, 1, 1, 1, 1, 1, 1, 1, 1, 1, 1, 1]
	1761273	1619574	1658627	19	M	13	A		-1	4751.37242461	[1, 1, 1, 1, 1, 1, 1, 1, 1, 1, 1, 1]
	1712426	1615595	1594746	19	M	127	A		-1	4751.51460071	[1, 1, 1, 1, 1, 1, 1, 1, 1, 1, 1, 1]
	1781005	1620244	1539564	19	M	49	A		-1	4751.64090875	[1, 1, 1, 1, 1, 1, 1, 1, 1, 1, 1, 1]
	1702221	1620007	1512131	19	M	178	A		-1	4751.93046243	[1, 1, 1, 1, 1, 1, 1, 1, 1, 1, 1, 1]
	1723649	1616497	1506534	19	M	178	A		-1	4751.97210655	[1, 1, 1, 1, 1, 1, 1, 1, 1, 1, 1, 1]
	1769462	1620216	1677392	19	M	102	A		-1	4752.40292568	[1, 1, 1, 1, 1, 1, 1, 1, 1, 1, 1, 1]
	1732744	1616781	1654104	19	M	165	A		-1	4753.48667667	[1, 1, 1, 1, 1, 1, 1, 1, 1, 1, 1, 1]
	1738112	1616795	1503858	19	M	78	A		-1	4753.73185014	[1, 1, 1, 1, 1, 1, 1, 1, 1, 1, 1, 1]
	1758319	1619572	1416510	19	M	82	A		-1	4754.27287448	[1, 1, 1, 1, 1, 1, 1, 1, 1, 1, 1, 1]
	1771150	1620216	1609333	19	M	108	A		-1	4754.4057507	[1, 1, 1, 1, 1, 1, 1, 1, 1, 1, 1, 1]
	1769089	1619791	1599722	19	M	188	A		-1	4754.84810611	[1, 1, 1, 1, 1, 1, 1, 1, 1, 1, 1, 1]
	1735345	1616795	1674876	19	M	84	A		-1	4755.00664185	[1, 1, 1, 1, 1, 1, 1, 1, 1, 1, 1, 1]
	1775785	1623178	1685981	19	M	174	A		-1	4755.36217361	[1, 1, 1, 1, 1, 1, 1, 1, 1, 1, 1, 1]
	1760653	1619574	1653273	19	M	171	A		-1	4755.39721805	[1, 1, 1, 1, 1, 1, 1, 1, 1, 1, 1, 1]
	1712516	1615595	1629624	19	M	94	A		-1	4755.53943922	[1, 1, 1, 1, 1, 1, 1, 1, 1, 1, 1, 1]
	1770022	1620216	1553620	19	M	44	A		-1	4755.80356219	[1, 1, 1, 1, 1, 1, 1, 1, 1, 1, 1, 1]
	1740668	1616970	1663135	19	M	43	A		-1	4756.27606052	[1, 1, 1, 1, 1, 1, 1, 1, 1, 1, 1, 1]
	1762936	1619574	1642249	19	M	55	A		-1	4756.58132909	[1, 1, 1, 1, 1, 1, 1, 1, 1, 1, 1, 1]
	1735694	1616795	1626867	19	M	144	A		-1	4756.73132543	[1, 1, 1, 1, 1, 1, 1, 1, 1, 1, 1, 1]
	1738877	1616795	1595321	19	M	20	A		-1	4757.0790037	[1, 1, 1, 1, 1, 1, 1, 1, 1, 1, 1, 1]
	1717721	1616137	1619293	19	M	35	A		-1	4757.30393876	[1, 1, 1, 1, 1, 1, 1, 1, 1, 1, 1, 1]
	1698849	1694354	1641381	19	M	194	A		-1	4757.60547026	[1, 1, 1, 1, 1, 1, 1, 1, 1, 1, 1, 1]
	1768376	1619791	1661530	19	M	83	A		-1	4758.34891907	[1, 1, 1, 1, 1, 1, 1, 1, 1, 1, 1, 1]
	1748852	1618252	1623588	19	M	97	A		-1	4758.4089789	[1, 1, 1, 1, 1, 1, 1, 1, 1, 1, 1, 1]
	1682759	1526221	1524624	18	M	84	A		-1	4758.57935783	[1, 1, 1, 1, 1, 1, 1, 1, 1, 1, 1, 1]
	1696376	1694354	1603676	19	M	81	A		-1	4758.7837611	[1, 1, 1, 1, 1, 1, 1, 1, 1, 1, 1, 1]
	1773797	1620216	1674166	19	M	29	A		-1	4758.83366166	[1, 1, 1, 1, 1, 1, 1, 1, 1, 1, 1, 1]
	1788607	1620274	1506163	19	M	32	A		-1	4758.92013942	[1, 1, 1, 1, 1, 1, 1, 1, 1, 1, 1, 1]
	1703742	1620007	1654158	19	M	155	A		-1	4759.53007277	[1, 1, 1, 1, 1, 1, 1, 1, 1, 1, 1, 1]
	1699167	1694354	1608533	19	M	133	A		-1	4759.57795014	[1, 1, 1, 1, 1, 1, 1, 1, 1, 1, 1, 1]
	1789893	1620498	1683581	19	M	153	A		-1	4759.89022754	[1, 0, 1, 1, 1, 1, 1, 1, 1, 1, 1, 1]
	1769162	1619791	1601021	19	M	91	A		-1	4760.74616395	[1, 1, 1, 1, 1, 1, 1, 1, 1, 1, 1, 1]
	1738144	1616795	1652615	19	M	123	A		-1	4761.14270023	[1, 1, 1, 1, 1, 1, 1, 1, 1, 1, 1, 1]
	1788760	1620274	1529999	19	M	21	A		-1	4762.00149462	[1, 1, 1, 1, 1, 1, 1, 1, 1, 1, 1, 1]
	1778155	1623178	1647192	19	M	10	A		-1	4762.31380614	[1, 1, 1, 1, 1, 1, 1, 1, 1, 1, 1, 1]
	1736172	1616795	1644386	19	M	137	A		-1	4762.4027709	[1, 1, 1, 1, 1, 1, 1, 1, 1, 1, 1, 1]
	1770077	1620216	1642734	19	M	95	A		-1	4762.88711023	[1, 1, 1, 1, 1, 1, 1, 1, 1, 1, 1, 1]
	1760711	1619574	1632198	19	M	82	A		-1	4762.89384487	[1, 1, 1, 1, 1, 1, 1, 1, 1, 1, 1, 1]
	1695887	1694354	1670991	19	M	81	A		-1	4763.09524017	[1, 1, 1, 1, 1, 1, 1, 1, 1, 1, 1, 1]
	1752670	1618767	1622346	19	M	142	A		-1	4763.16232552	[1, 1, 1, 1, 1, 1, 1, 1, 1, 1, 1, 1]
	1748576	1618252	1548149	19	M	41	A		-1	4763.42115697	[1, 1, 1, 1, 1, 1, 1, 1, 1, 1, 1, 1]
	1771887	1620216	1599879	19	M	143	A		-1	4763.71327378	[1, 1, 1, 1, 1, 1, 1, 1, 1, 1, 1, 1]
	1696950	1694354	1610870	19	M	173	A		-1	4764.25030268	[1, 1, 1, 1, 1, 1, 1, 1, 1, 1, 1, 1]
	1624957	1523456	1457612	18	M	136	A		-1	4764.73313059	[1, 1, 1, 1, 1, 1, 1, 1, 1, 1, 1, 1]
	1737068	1616795	1665023	19	M	162	A		-1	4764.90377339	[1, 1, 1, 1, 1, 1, 1, 1, 1, 1, 1, 1]
	1763833	1619574	1604185	19	M	61	A		-1	4766.08888951	[1, 1, 1, 1, 1, 1, 1, 1, 1, 1, 1, 1]
	1770806	1620216	1664083	19	M	27	A		-1	4766.61437283	[1, 1, 1, 1, 1, 1, 1, 1, 1, 1, 1, 1]
	1790181	1620498	1420641	19	M	5	A		-1	4766.63987136	[1, 0, 1, 1, 1, 1, 1, 1, 1, 1, 1, 1]
	1724332	1616497	1679174	19	M	94	A		-1	4766.69964504	[1, 1, 1, 1, 1, 1, 1, 1, 1, 1, 1, 1]
	1752729	1618767	1603478	19	M	191	A		-1	4767.09621983	[1, 1, 1, 1, 1, 1, 1, 1, 1, 1, 1, 1]
	1767947	1619791	1684110	19	M	9	A		-1	4767.27351555	[1, 1, 1, 1, 1, 1, 1, 1, 1, 1, 1, 1]
	1749619	1618767	1624699	19	M	99	A		-1	4768.27576169	[1, 1, 1, 1, 1, 1, 1, 1, 1, 1, 1, 1]
	1760552	1619574	1610832	19	M	190	A		-1	4768.76676321	[1, 1, 1, 1, 1, 1, 1, 1, 1, 1, 1, 1]
	1774968	1623178	1680674	19	M	108	A		-1	4769.03711292	[1, 1, 1, 1, 1, 1, 1, 1, 1, 1, 1, 1]
	1772368	1620216	1612197	19	M	114	A		-1	4769.64921329	[1, 1, 1, 1, 1, 1, 1, 1, 1, 1, 1, 1]
	1723144	1616497	1652371	19	M	114	A		-1	4770.2725679	[1, 1, 1, 1, 1, 1, 1, 1, 1, 1, 1, 1]
	1745764	1618252	1685912	19	M	123	A		-1	4770.48773968	[1, 1, 1, 1, 1, 1, 1, 1, 1, 1, 1, 1]
	1786917	1620274	1678791	19	M	110	A		-1	4771.2556789	[1, 1, 1, 1, 1, 1, 1, 1, 1, 1, 1, 1]
	1749744	1618767	1633842	19	M	120	A		-1	4771.28163765	[1, 1, 1, 1, 1, 1, 1, 1, 1, 1, 1, 1]
	1778739	1623178	1692785	19	M	19	A		-1	4772.00043374	[1, 1, 1, 1, 1, 1, 1, 1, 1, 1, 1, 1]
	1606357	1522905	1537973	18	M	52	A		-1	4772.08252092	[1, 1, 1, 1, 1, 1, 1, 1, 1, 1, 1, 1]
	1698169	1694354	1663368	19	M	16	A		-1	4772.37597727	[1, 1, 1, 1, 1, 1, 1, 1, 1, 1, 1, 1]
	1743287	1616970	1603354	19	M	113	A		-1	4773.25115203	[1, 1, 1, 1, 1, 1, 1, 1, 1, 1, 1, 1]
	1724840	1616498	1634475	19	M	165	A		-1	4773.49599056	[1, 1, 1, 1, 1, 1, 1, 1, 1, 1, 1, 1]
	1659817	1525065	1584248	18	M	18	A		-1	4773.68819571	[1, 1, 1, 1, 1, 1, 1, 1, 1, 1, 1, 1]
	1766759	1619791	1663096	19	M	142	A		-1	4774.23806849	[1, 1, 1, 1, 1, 1, 1, 1, 1, 1, 1, 1]
	1784460	1620274	1689377	19	M	63	A		-1	4774.31011042	[1, 1, 1, 1, 1, 1, 1, 1, 1, 1, 1, 1]
	1724381	1616497	1664522	19	M	150	A		-1	4775.26539869	[1, 1, 1, 1, 1, 1, 1, 1, 1, 1, 1, 1]
	1695216	1694354	1426244	19	M	26	A		-1	4775.91230032	[1, 1, 1, 1, 1, 1, 1, 1, 1, 1, 1, 1]
	1696558	1694354	1643175	19	M	157	A		-1	4776.57287176	[1, 1, 1, 1, 1, 1, 1, 1, 1, 1, 1, 1]
	1737478	1616795	1638283	19	M	126	A		-1	4776.87473019	[1, 1, 1, 1, 1, 1, 1, 1, 1, 1, 1, 1]
	1741686	1616970	1644942	19	M	85	A		-1	4776.98129895	[1, 1, 1, 1, 1, 1, 1, 1, 1, 1, 1, 1]
	1777466	1623178	1597166	19	M	113	A		-1	4777.94598188	[1, 1, 1, 1, 1, 1, 1, 1, 1, 1, 1, 1]
	1741621	1616970	1619510	19	M	55	A		-1	4779.81057765	[1, 1, 1, 1, 1, 1, 1, 1, 1, 1, 1, 1]
	1735043	1616795	1671642	19	M	160	A		-1	4780.37533035	[1, 1, 1, 1, 1, 1, 1, 1, 1, 1, 1, 1]
	1759779	1619574	1661412	19	M	55	A		-1	4781.84192148	[1, 1, 1, 1, 1, 1, 1, 1, 1, 1, 1, 1]
	1736504	1616795	1687236	19	M	22	A		-1	4782.1405913	[1, 1, 1, 1, 1, 1, 1, 1, 1, 1, 1, 1]
	1695659	1694354	1621144	19	M	19	A		-1	4782.53854732	[1, 1, 1, 1, 1, 1, 1, 1, 1, 1, 1, 1]
	1737194	1616795	1598472	19	M	64	A		-1	4782.56878356	[1, 1, 1, 1, 1, 1, 1, 1, 1, 1, 1, 1]
	1718103	1616137	1612266	19	M	0	A		-1	4783.46234726	[1, 1, 1, 1, 1, 1, 1, 1, 1, 1, 1, 1]
	1693312	1526983	1456220	18	M	153	A		-1	4784.558492	[1, 1, 1, 1, 1, 1, 1, 1, 1, 1, 1, 1]
	1717793	1616137	1687488	19	M	191	A		-1	4785.55534183	[1, 1, 1, 1, 1, 1, 1, 1, 1, 1, 1, 1]
	1724216	1616497	1605488	19	M	126	A		-1	4786.21924575	[1, 1, 1, 1, 1, 1, 1, 1, 1, 1, 1, 1]
	1709531	1615595	1669873	19	M	81	A		-1	4786.24037726	[1, 1, 1, 1, 1, 1, 1, 1, 1, 1, 1, 1]
	1722948	1616497	1639736	19	M	146	A		-1	4786.83509275	[1, 1, 1, 1, 1, 1, 1, 1, 1, 1, 1, 1]
	1677302	1529965	1591393	18	M	93	A		-1	4786.8882794	[1, 1, 1, 1, 1, 1, 1, 1, 1, 1, 1, 1]
	1695863	1694354	1598150	19	M	50	A		-1	4787.63243233	[1, 1, 1, 1, 1, 1, 1, 1, 1, 1, 1, 1]
	1792293	1620498	1685824	19	M	40	A		-1	4787.64316194	[1, 1, 1, 1, 1, 1, 1, 1, 1, 1, 1, 1]
	1685485	1526905	1507066	18	M	33	A		-1	4787.87306625	[1, 1, 1, 1, 1, 1, 1, 1, 1, 1, 1, 1]
	1603059	1525631	1501061	18	M	112	A		-1	4788.66996239	[1, 1, 1, 1, 1, 1, 1, 1, 1, 1, 1, 1]
	1654649	1524964	1321681	18	M	157	A		-1	4789.07525995	[1, 1, 1, 1, 1, 1, 1, 1, 1, 1, 1, 1]
	1753027	1618767	1599902	19	M	166	A		-1	4789.59486991	[1, 1, 1, 1, 1, 1, 1, 1, 1, 1, 1, 1]
	1787661	1620274	1633166	19	M	151	A		-1	4789.89718992	[1, 1, 1, 1, 1, 1, 1, 1, 1, 1, 1, 1]
	1731406	1616781	1650101	19	M	44	A		-1	4790.04061683	[1, 1, 1, 1, 1, 1, 1, 1, 1, 1, 1, 1]
	1690181	1526983	1577621	18	M	58	A		-1	4790.7639602	[1, 1, 1, 1, 1, 1, 1, 1, 1, 1, 1, 1]
	1714944	1616137	1513668	19	M	50	A		-1	4791.10897696	[1, 1, 1, 1, 1, 1, 1, 1, 1, 1, 1, 1]
	1703537	1620007	1687285	19	M	182	A		-1	4791.41331831	[1, 1, 1, 1, 1, 1, 1, 1, 1, 1, 1, 1]
	1771837	1620216	1511704	19	M	9	A		-1	4791.8912843	[1, 1, 1, 1, 1, 1, 1, 1, 1, 1, 1, 1]
	1696300	1694354	1680712	19	M	81	A		-1	4792.4723133	[1, 1, 1, 1, 1, 1, 1, 1, 1, 1, 1, 1]
	1711209	1615595	1638725	19	M	145	A		-1	4792.68948922	[1, 1, 1, 1, 1, 1, 1, 1, 1, 1, 1, 1]
	1714259	1615595	1619977	19	M	180	A		-1	4792.81948676	[1, 1, 1, 1, 1, 1, 1, 1, 1, 1, 1, 1]
	1782336	1620244	1661722	19	M	32	A		-1	4793.42423756	[1, 1, 1, 1, 1, 1, 1, 1, 1, 1, 1, 1]
	1761465	1619574	1422599	19	M	158	A		-1	4793.66540915	[1, 1, 1, 1, 1, 1, 1, 1, 1, 1, 1, 1]
	1778033	1623178	1566980	19	M	123	A		-1	4793.67527242	[1, 1, 1, 1, 1, 1, 1, 1, 1, 1, 1, 1]
	1772727	1620216	1692574	19	M	48	A		-1	4794.22988546	[1, 1, 1, 1, 1, 1, 1, 1, 1, 1, 1, 1]
	1713568	1615595	1612117	19	M	188	A		-1	4794.86121076	[1, 1, 1, 1, 1, 1, 1, 1, 1, 1, 1, 1]
	1713483	1615595	1616577	19	M	63	A		-1	4794.92348277	[1, 1, 1, 1, 1, 1, 1, 1, 1, 1, 1, 1]
	1779840	1620244	1661871	19	M	112	A		-1	4796.69029423	[1, 1, 1, 1, 1, 1, 1, 1, 1, 1, 1, 1]
	1723757	1616497	1658376	19	M	85	A		-1	4797.53265421	[1, 1, 1, 1, 1, 1, 1, 1, 1, 1, 1, 1]
	1668676	1525251	1498829	18	M	107	A		-1	4798.88560115	[1, 1, 1, 1, 1, 1, 1, 1, 1, 1, 1, 1]
	1788834	1620274	1644836	19	M	57	A		-1	4799.8780212	[1, 1, 1, 1, 1, 1, 1, 1, 1, 1, 1, 1]
	1790160	1620498	1627520	19	M	175	A		-1	4800.82888205	[1, 1, 1, 1, 1, 1, 1, 1, 1, 1, 1, 1]
	1748045	1618252	1678347	19	M	142	A		-1	4801.09622175	[1, 1, 1, 1, 1, 1, 1, 1, 1, 1, 1, 1]
	1736951	1616795	1670364	19	M	146	A		-1	4802.35025398	[1, 1, 1, 1, 1, 1, 1, 1, 1, 1, 1, 1]
	1746441	1618252	1646049	19	M	102	A		-1	4803.66394945	[1, 1, 1, 1, 1, 1, 1, 1, 1, 1, 1, 1]
	1730066	1616781	1603727	19	M	70	A		-1	4803.78959001	[1, 1, 1, 1, 1, 1, 1, 1, 1, 1, 1, 1]
	1711171	1615595	1547207	19	M	156	A		-1	4803.91203813	[1, 1, 1, 1, 1, 1, 1, 1, 1, 1, 1, 1]
	1740512	1616970	1693224	19	M	195	A		-1	4804.85873238	[1, 1, 1, 1, 1, 1, 1, 1, 1, 1, 1, 1]
	1714668	1616137	1649799	19	M	191	A		-1	4804.91147973	[1, 1, 1, 1, 1, 1, 1, 1, 1, 1, 1, 1]
	1736949	1616795	1559908	19	M	54	A		-1	4807.06884069	[1, 1, 1, 1, 1, 1, 1, 1, 1, 1, 1, 1]
	1695418	1694354	1623365	19	M	64	A		-1	4807.24751504	[1, 1, 1, 1, 1, 1, 1, 1, 1, 1, 1, 1]
	1706890	1614804	1690375	19	M	1	A		-1	4807.24979391	[1, 1, 1, 1, 1, 1, 1, 1, 1, 1, 1, 1]
	1735915	1616795	1641338	19	M	139	A		-1	4807.45894116	[1, 1, 1, 1, 1, 1, 1, 1, 1, 1, 1, 1]
	1721611	1616497	1639983	19	M	35	A		-1	4808.54855347	[1, 1, 1, 1, 1, 1, 1, 1, 1, 1, 1, 1]
	1662474	1525065	1511672	18	M	159	A		-1	4808.81641105	[1, 1, 1, 1, 1, 1, 1, 1, 1, 1, 1, 1]
	1781611	1620244	1633964	19	M	104	A		-1	4809.60676551	[1, 1, 1, 1, 1, 1, 1, 1, 1, 1, 1, 1]
	1713901	1615595	1652719	19	M	114	A		-1	4811.15599761	[1, 1, 1, 1, 1, 1, 1, 1, 1, 1, 1, 1]
	1709088	1614804	1627469	19	M	102	A		-1	4812.74889327	[1, 1, 1, 1, 1, 1, 1, 1, 1, 1, 1, 1]
	1762798	1619574	1623794	19	M	121	A		-1	4812.95528499	[1, 1, 1, 1, 1, 1, 1, 1, 1, 1, 1, 1]
	1783116	1620244	1637299	19	M	25	A		-1	4813.66180697	[1, 1, 1, 1, 1, 1, 1, 1, 1, 1, 1, 1]
	1744163	1616970	1508661	19	M	35	A		-1	4813.75517135	[1, 1, 1, 1, 1, 1, 1, 1, 1, 1, 1, 1]
	1745494	1618252	1499642	19	M	195	A		-1	4813.89308866	[1, 1, 1, 1, 1, 1, 1, 1, 1, 1, 1, 1]
	1770505	1620216	1683849	19	M	197	A		-1	4814.28940556	[1, 1, 1, 1, 1, 1, 1, 1, 1, 1, 1, 1]
	1699917	1620007	1611096	19	M	80	A		-1	4814.5311439	[1, 1, 1, 1, 1, 1, 1, 1, 1, 1, 1, 1]
	1694921	1694354	1548395	19	M	26	A		-1	4815.12837007	[1, 1, 1, 1, 1, 1, 1, 1, 1, 1, 1, 1]
	1789181	1620274	1557852	19	M	162	A		-1	4815.1401101	[1, 1, 1, 1, 1, 1, 1, 1, 1, 1, 1, 1]
	1752844	1618767	1612819	19	M	180	A		-1	4815.15422955	[1, 1, 1, 1, 1, 1, 1, 1, 1, 1, 1, 1]
	1736857	1616795	1598491	19	M	71	A		-1	4815.83730435	[1, 1, 1, 1, 1, 1, 1, 1, 1, 1, 1, 1]
	1738772	1616795	1657004	19	M	88	A		-1	4816.43158301	[1, 1, 1, 1, 1, 1, 1, 1, 1, 1, 1, 1]
	1705106	1614804	1656708	19	M	63	A		-1	4818.00230908	[1, 1, 1, 1, 1, 1, 1, 1, 1, 1, 1, 1]
	1705618	1614804	1680078	19	M	66	A		-1	4818.29658877	[1, 1, 1, 1, 1, 1, 1, 1, 1, 1, 1, 1]
	1786230	1620274	1593318	19	M	79	A		-1	4818.44653874	[1, 1, 1, 1, 1, 1, 1, 1, 1, 1, 1, 1]
	1769762	1620216	1673164	19	M	98	A		-1	4820.11350427	[1, 1, 1, 1, 1, 1, 1, 1, 1, 1, 1, 1]
	1742113	1616970	1544807	19	M	138	A		-1	4820.45738874	[1, 1, 1, 1, 1, 1, 1, 1, 1, 1, 1, 1]
	1710108	1615595	1404636	19	M	144	A		-1	4820.54075239	[1, 1, 1, 1, 1, 1, 1, 1, 1, 1, 1, 1]
	1752087	1618767	1678648	19	M	26	A		-1	4820.5798625	[1, 1, 1, 1, 1, 1, 1, 1, 1, 1, 1, 1]
	1787535	1620274	1687644	19	M	195	A		-1	4823.6802892	[1, 1, 1, 1, 1, 1, 1, 1, 1, 1, 1, 1]
	1695043	1694354	1621449	19	M	80	A		-1	4824.96427264	[1, 1, 1, 1, 1, 1, 1, 1, 1, 1, 1, 1]
	1735482	1616795	1628010	19	M	4	A		-1	4826.98025497	[1, 1, 1, 1, 1, 1, 1, 1, 1, 1, 1, 1]
	1735018	1616795	1661788	19	M	41	A		-1	4827.42997315	[1, 1, 1, 1, 1, 1, 1, 1, 1, 1, 1, 1]
	1750331	1618767	1603318	19	M	114	A		-1	4827.92254236	[1, 1, 1, 1, 1, 1, 1, 1, 1, 1, 1, 1]
	1750454	1618767	1689072	19	M	112	A		-1	4827.929735	[1, 1, 1, 1, 1, 1, 1, 1, 1, 1, 1, 1]
	1736079	1616795	1548652	19	M	10	A		-1	4828.73620455	[1, 1, 1, 1, 1, 1, 1, 1, 1, 1, 1, 1]
	1737175	1616795	1536399	19	M	78	A		-1	4830.0924795	[1, 1, 1, 1, 1, 1, 1, 1, 1, 1, 1, 1]
	1767110	1619791	1659466	19	M	43	A		-1	4830.9697822	[1, 1, 1, 1, 1, 1, 1, 1, 1, 1, 1, 1]
	1715504	1616137	1594485	19	M	31	A		-1	4831.77323209	[1, 1, 1, 1, 1, 1, 1, 1, 1, 1, 1, 1]
	1747815	1618252	1613084	19	M	197	A		-1	4832.13313362	[1, 1, 1, 1, 1, 1, 1, 1, 1, 1, 1, 1]
	1629317	1523456	1406242	18	M	32	A		-1	4832.28874087	[1, 1, 1, 1, 1, 1, 1, 1, 1, 1, 1, 1]
	1773478	1620216	1611518	19	M	51	A		-1	4832.57784608	[1, 1, 1, 1, 1, 1, 1, 1, 1, 1, 1, 1]
	1773541	1620216	1618734	19	M	200	A		-1	4833.07738378	[1, 1, 1, 1, 1, 1, 1, 1, 1, 1, 1, 1]
	1767600	1619791	1641968	19	M	105	A		-1	4834.04996618	[1, 1, 1, 1, 1, 1, 1, 1, 1, 1, 1, 1]
	1751864	1618767	1433849	19	M	96	A		-1	4834.11536692	[1, 1, 1, 1, 1, 1, 1, 1, 1, 1, 1, 1]
	1628178	1523456	1544472	18	M	117	A		-1	4835.50915078	[1, 1, 1, 1, 1, 1, 1, 1, 1, 1, 1, 1]
	1707472	1614804	1685262	19	M	65	A		-1	4837.01044113	[1, 1, 1, 1, 1, 1, 1, 1, 1, 1, 1, 1]
	1747917	1618252	1597851	19	M	200	A		-1	4837.26980513	[1, 1, 1, 1, 1, 1, 1, 1, 1, 1, 1, 1]
	1764589	1619791	1611054	19	M	150	A		-1	4837.47521339	[1, 1, 1, 1, 1, 1, 1, 1, 1, 1, 1, 1]
	1754396	1618767	1676031	19	M	88	A		-1	4838.25652053	[1, 1, 1, 1, 1, 1, 1, 1, 1, 1, 1, 1]
	1743289	1616970	1670193	19	M	156	A		-1	4839.28078244	[1, 1, 1, 1, 1, 1, 1, 1, 1, 1, 1, 1]
	1743702	1616970	1621191	19	M	38	A		-1	4840.05219753	[1, 1, 1, 1, 1, 1, 1, 1, 1, 1, 1, 1]
	1770592	1620216	1629569	19	M	17	A		-1	4840.3117574	[1, 1, 1, 1, 1, 1, 1, 1, 1, 1, 1, 1]
	1710837	1615595	1635843	19	M	38	A		-1	4842.44716267	[1, 1, 1, 1, 1, 1, 1, 1, 1, 1, 1, 1]
	1694651	1694354	1623055	19	M	110	A		-1	4842.45407677	[1, 1, 1, 1, 1, 1, 1, 1, 1, 1, 1, 1]
	1791802	1620498	1681218	19	M	129	A		-1	4842.74376764	[1, 1, 1, 1, 1, 1, 1, 1, 1, 1, 1, 1]
	1745742	1618252	1606544	19	M	155	A		-1	4844.2546969	[1, 1, 1, 1, 1, 1, 1, 1, 1, 1, 1, 1]
	1771480	1620216	1434632	19	M	67	A		-1	4844.64103072	[1, 1, 1, 1, 1, 1, 1, 1, 1, 1, 1, 1]
	1776573	1623178	1562080	19	M	128	A		-1	4845.47053303	[1, 1, 1, 1, 1, 1, 1, 1, 1, 1, 1, 1]
	1717293	1616137	1646313	19	M	2	A		-1	4846.28518959	[1, 1, 1, 1, 1, 1, 1, 1, 1, 1, 1, 1]
	1774339	1620216	1658117	19	M	136	A		-1	4846.50213091	[1, 1, 1, 1, 1, 1, 1, 1, 1, 1, 1, 1]
	1793018	1620498	1621690	19	M	119	A		-1	4848.19158857	[1, 0, 1, 1, 1, 1, 1, 1, 1, 1, 1, 1]
	1787824	1620274	1533055	19	M	49	A		-1	4848.85132159	[1, 1, 1, 1, 1, 1, 1, 1, 1, 1, 1, 1]
	1713431	1615595	1627331	19	M	159	A		-1	4849.36230182	[1, 1, 1, 1, 1, 1, 1, 1, 1, 1, 1, 1]
	1750652	1618767	1664346	19	M	95	A		-1	4850.17302768	[1, 1, 1, 1, 1, 1, 1, 1, 1, 1, 1, 1]
	1772284	1620216	1614828	19	M	34	A		-1	4850.1751376	[1, 1, 1, 1, 1, 1, 1, 1, 1, 1, 1, 1]
	1741125	1616970	1603499	19	M	156	A		-1	4850.23204647	[1, 1, 1, 1, 1, 1, 1, 1, 1, 1, 1, 1]
	1759647	1619574	1670924	19	M	30	A		-1	4850.7038481	[1, 1, 1, 1, 1, 1, 1, 1, 1, 1, 1, 1]
	1749856	1618767	1642756	19	M	153	A		-1	4851.27168171	[1, 1, 1, 1, 1, 1, 1, 1, 1, 1, 1, 1]
	1789600	1620498	1654195	19	M	85	A		-1	4851.48751018	[1, 0, 1, 1, 1, 1, 1, 1, 1, 1, 1, 1]
	1712125	1615595	1615922	19	M	124	A		-1	4852.90573054	[1, 1, 1, 1, 1, 1, 1, 1, 1, 1, 1, 1]
	1736662	1616795	1599292	19	M	86	A		-1	4853.02623502	[1, 1, 1, 1, 1, 1, 1, 1, 1, 1, 1, 1]
	1730907	1616781	1425084	19	M	150	A		-1	4853.27091945	[1, 1, 1, 1, 1, 1, 1, 1, 1, 1, 1, 1]
	1753933	1618767	1680675	19	M	35	A		-1	4854.11288842	[1, 1, 1, 1, 1, 1, 1, 1, 1, 1, 1, 1]
	1740549	1616970	1664369	19	M	147	A		-1	4854.98584707	[1, 1, 1, 1, 1, 1, 1, 1, 1, 1, 1, 1]
	1735300	1616795	1686579	19	M	189	A		-1	4856.69481176	[1, 1, 1, 1, 1, 1, 1, 1, 1, 1, 1, 1]
	1739793	1616970	1687796	19	M	168	A		-1	4857.73451291	[1, 1, 1, 1, 1, 1, 1, 1, 1, 1, 1, 1]
	1739873	1616970	1615886	19	M	75	A		-1	4859.38634996	[1, 1, 1, 1, 1, 1, 1, 1, 1, 1, 1, 1]
	1731110	1616781	1572190	19	M	90	A		-1	4860.56067071	[1, 1, 1, 1, 1, 1, 1, 1, 1, 1, 1, 1]
	1730730	1616781	1593560	19	M	161	A		-1	4862.45941421	[1, 1, 1, 1, 1, 1, 1, 1, 1, 1, 1, 1]
	1773517	1620216	1617078	19	M	91	A		-1	4865.46326953	[1, 1, 1, 1, 1, 1, 1, 1, 1, 1, 1, 1]
	1703822	1620007	1606946	19	M	136	A		-1	4865.58316815	[1, 1, 1, 1, 1, 1, 1, 1, 1, 1, 1, 1]
	1736326	1616795	1587059	19	M	183	A		-1	4865.9585998	[1, 1, 1, 1, 1, 1, 1, 1, 1, 1, 1, 1]
	1695955	1694354	1663010	19	M	171	A		-1	4867.30954173	[1, 1, 1, 1, 1, 1, 1, 1, 1, 1, 1, 1]
	1697788	1694354	1656901	19	M	124	A		-1	4867.32658027	[1, 1, 1, 1, 1, 1, 1, 1, 1, 1, 1, 1]
	1734985	1616795	1628844	19	M	69	A		-1	4867.51246461	[1, 1, 1, 1, 1, 1, 1, 1, 1, 1, 1, 1]
	1763109	1619574	1627083	19	M	94	A		-1	4869.96589348	[1, 1, 1, 1, 1, 1, 1, 1, 1, 1, 1, 1]
	1769027	1619791	1650746	19	M	173	A		-1	4872.27754875	[1, 1, 1, 1, 1, 1, 1, 1, 1, 1, 1, 1]
	1784685	1620274	1567972	19	M	63	A		-1	4872.62144385	[1, 1, 1, 1, 1, 1, 1, 1, 1, 1, 1, 1]
	1738249	1616795	1571472	19	M	21	A		-1	4873.13348942	[1, 1, 1, 1, 1, 1, 1, 1, 1, 1, 1, 0]
	1778979	1623178	1687385	19	M	90	A		-1	4873.24802384	[1, 1, 1, 1, 1, 1, 1, 1, 1, 1, 1, 1]
	1789657	1620498	1692710	19	M	1	A		-1	4873.37217668	[1, 0, 1, 1, 1, 1, 1, 1, 1, 1, 1, 1]
	1793528	1620498	1662823	19	M	146	A		-1	4874.12648475	[1, 0, 1, 1, 1, 1, 1, 1, 1, 1, 1, 1]
	1763004	1619574	1503418	19	M	35	A		-1	4876.47346628	[1, 1, 1, 1, 1, 1, 1, 1, 1, 1, 1, 1]
	1702891	1620007	1674917	19	M	83	A		-1	4878.05000853	[1, 1, 1, 1, 1, 1, 1, 1, 1, 1, 1, 1]
	1743010	1616970	1517799	19	M	113	A		-1	4879.23182057	[1, 1, 1, 1, 1, 1, 1, 1, 1, 1, 1, 1]
	1718834	1616137	1687805	19	M	183	A		-1	4880.55232695	[1, 1, 1, 1, 1, 1, 1, 1, 1, 1, 1, 1]
	1791067	1620498	1612011	19	M	76	A		-1	4881.95845229	[1, 1, 1, 1, 1, 1, 1, 1, 1, 1, 1, 1]
	1613726	1523001	1534738	18	M	31	A		-1	4884.85989029	[1, 1, 1, 1, 1, 1, 1, 1, 1, 1, 1, 1]
	1723949	1616497	1665896	19	M	49	A		-1	4886.47094575	[1, 1, 1, 1, 1, 1, 1, 1, 1, 1, 1, 1]
	1713750	1615595	1624216	19	M	45	A		-1	4887.23897914	[1, 1, 1, 1, 1, 1, 1, 1, 1, 1, 1, 1]
	1709822	1615595	1601564	19	M	131	A		-1	4887.42883046	[1, 1, 1, 1, 1, 1, 1, 1, 1, 1, 1, 1]
	1712944	1615595	1653919	19	M	9	A		-1	4887.88477886	[1, 1, 1, 1, 1, 1, 1, 1, 1, 1, 1, 1]
	1750767	1618767	1629039	19	M	1	A		-1	4888.12798693	[1, 1, 1, 1, 1, 1, 1, 1, 1, 1, 1, 1]
	1737586	1616795	1642737	19	M	130	A		-1	4889.84223297	[1, 1, 1, 1, 1, 1, 1, 1, 1, 1, 1, 1]
	1696986	1694354	1619427	19	M	65	A		-1	4890.24837792	[1, 1, 1, 1, 1, 1, 1, 1, 1, 1, 1, 1]
	1713237	1615595	1600425	19	M	101	A		-1	4898.46317488	[1, 1, 1, 1, 1, 1, 1, 1, 1, 1, 1, 1]
	1762674	1619574	1649343	19	M	131	A		-1	4899.45132678	[1, 1, 1, 1, 1, 1, 1, 1, 1, 1, 1, 1]
	1707956	1614804	1669672	19	M	94	A		-1	4899.5474816	[1, 1, 1, 1, 1, 1, 1, 1, 1, 1, 1, 1]
	1728023	1616498	1691426	19	M	16	A		-1	4899.60194301	[1, 1, 1, 1, 1, 1, 1, 1, 1, 1, 1, 1]
	1635781	1523870	1573046	18	M	88	A		-1	4902.73055689	[1, 1, 1, 1, 1, 1, 1, 1, 1, 1, 1, 1]
	1789256	1620274	1678364	19	M	29	A		-1	4903.31916366	[1, 1, 1, 1, 1, 1, 1, 1, 1, 1, 1, 1]
	1740215	1616970	1644464	19	M	132	A		-1	4907.34989547	[1, 1, 1, 1, 1, 1, 1, 1, 1, 1, 1, 1]
	1722057	1616497	1634022	19	M	133	A		-1	4908.81449543	[1, 1, 1, 1, 1, 1, 1, 1, 1, 1, 1, 1]
	1788674	1620274	1595919	19	M	80	A		-1	4910.99207975	[1, 1, 1, 1, 1, 1, 1, 1, 1, 1, 1, 1]
	1791966	1620498	1546017	19	M	83	A		-1	4911.59649483	[1, 0, 1, 1, 1, 1, 1, 1, 1, 1, 1, 1]
	1752244	1618767	1610290	19	M	75	A		-1	4912.3617298	[1, 1, 1, 1, 1, 1, 1, 1, 1, 1, 1, 1]
	1771088	1620216	1619337	19	M	83	A		-1	4918.39255961	[1, 1, 1, 1, 1, 1, 1, 1, 1, 1, 1, 1]
	1730328	1616781	1636281	19	M	25	A		-1	4920.29770622	[1, 1, 1, 1, 1, 1, 1, 1, 1, 1, 1, 1]
	1787666	1620274	1601528	19	M	49	A		-1	4925.03520741	[1, 1, 1, 1, 1, 1, 1, 1, 1, 1, 1, 1]
	1699074	1694354	1668553	19	M	170	A		-1	4926.90631973	[1, 1, 1, 1, 1, 1, 1, 1, 1, 1, 1, 1]
	1749872	1618767	1692084	19	M	5	A		-1	4931.07578473	[1, 1, 1, 1, 1, 1, 1, 1, 1, 1, 1, 1]
	1772880	1620216	1693948	19	M	59	A		-1	4932.59660061	[1, 1, 1, 1, 1, 1, 1, 1, 1, 1, 1, 1]
	1733716	1616781	1655834	19	M	98	A		-1	4933.17602181	[1, 1, 1, 1, 1, 1, 1, 1, 1, 1, 1, 1]
	1762599	1619574	1641421	19	M	49	A		-1	4934.87464397	[1, 1, 1, 1, 1, 1, 1, 1, 1, 1, 1, 1]
	1769782	1620216	1596092	19	M	99	A		-1	4935.63891825	[1, 1, 1, 1, 1, 1, 1, 1, 1, 1, 1, 1]
	1758796	1619572	1556970	19	M	157	A		-1	4936.49092914	[1, 1, 1, 1, 1, 1, 1, 1, 1, 1, 1, 1]
	1780193	1620244	1665926	19	M	6	A		-1	4937.19226258	[1, 1, 1, 1, 1, 1, 1, 1, 1, 1, 1, 1]
	1733900	1616781	1667328	19	M	109	A		-1	4943.12284846	[1, 1, 1, 1, 1, 1, 1, 1, 1, 1, 1, 1]
	1763557	1619574	1689683	19	M	180	A		-1	4946.87790654	[1, 1, 1, 1, 1, 1, 1, 1, 1, 1, 1, 1]
	1772941	1620216	1662688	19	M	156	A		-1	4947.86531702	[1, 1, 1, 1, 1, 1, 1, 1, 1, 1, 1, 1]
	1756651	1619572	1653628	19	M	13	A		-1	4949.27778024	[1, 1, 1, 1, 1, 1, 1, 1, 1, 1, 1, 1]
	1744177	1616970	1673426	19	M	164	A		-1	4949.28000064	[1, 1, 1, 1, 1, 1, 1, 1, 1, 1, 1, 1]
	1766398	1619791	1687999	19	M	54	A		-1	4950.90772698	[1, 1, 1, 1, 1, 1, 1, 1, 1, 1, 1, 1]
	1734594	1616795	1538812	19	M	185	A		-1	4953.15189028	[1, 1, 1, 1, 1, 1, 1, 1, 1, 1, 1, 1]
	1784815	1620274	1618610	19	M	52	A		-1	4954.12650659	[1, 1, 1, 1, 1, 1, 1, 1, 1, 1, 1, 1]
	1753388	1618767	1648287	19	M	164	A		-1	4954.47674719	[1, 1, 1, 1, 1, 1, 1, 1, 1, 1, 1, 1]
	1726821	1616498	1629209	19	M	76	A		-1	4956.135521	[1, 1, 1, 1, 1, 1, 1, 1, 1, 1, 1, 1]
	1735228	1616795	1660355	19	M	91	A		-1	4967.49993042	[1, 1, 1, 1, 1, 1, 1, 1, 1, 1, 1, 1]
	1750775	1618767	1669753	19	M	178	A		-1	4974.08486807	[1, 1, 1, 1, 1, 1, 1, 1, 1, 1, 1, 1]
	1788573	1620274	1596264	19	M	117	A		-1	4975.36623509	[1, 1, 1, 1, 1, 1, 1, 1, 1, 1, 1, 1]
	1696310	1694354	1601457	19	M	199	A		-1	4981.23354376	[1, 1, 1, 1, 1, 1, 1, 1, 1, 1, 1, 1]
	1719680	1616497	1681259	19	M	197	A		-1	4981.42667038	[1, 1, 1, 1, 1, 1, 1, 1, 1, 1, 1, 1]
	1706808	1614804	1600358	19	M	96	A		-1	4983.69472783	[1, 1, 1, 1, 1, 1, 1, 1, 1, 1, 1, 1]
	1725328	1616498	1622017	19	M	198	A		-1	4989.52036162	[1, 1, 1, 1, 1, 1, 1, 1, 1, 1, 1, 1]
	1766835	1619791	1600412	19	M	148	A		-1	5003.25859591	[1, 1, 1, 1, 1, 1, 1, 1, 1, 1, 1, 1]
	1739226	1616795	1687469	19	M	141	A		-1	5007.38795402	[1, 1, 1, 1, 1, 1, 1, 1, 1, 1, 1, 1]
	1767528	1619791	1602806	19	M	0	A		-1	5021.16112721	[1, 1, 1, 1, 1, 1, 1, 1, 1, 1, 1, 1]
	1724097	1616497	1691286	19	M	89	A		-1	5028.66569731	[1, 1, 1, 1, 1, 1, 1, 1, 1, 1, 1, 1]
	1765736	1619791	1654236	19	M	151	A		-1	5038.24933583	[1, 1, 1, 1, 1, 1, 1, 1, 1, 1, 1, 1]
	1721849	1616497	1665072	19	M	108	A		-1	5047.39525949	[1, 1, 1, 1, 1, 1, 1, 1, 1, 1, 1, 1]
	1741084	1616970	1678276	19	M	169	A		-1	5055.06990253	[1, 1, 1, 1, 1, 1, 1, 1, 1, 1, 1, 1]
	1782540	1620244	1633472	19	M	39	A		-1	5072.69364379	[1, 1, 1, 1, 1, 1, 1, 1, 1, 1, 1, 1]
	1694729	1694354	1600204	19	M	51	A		-1	5088.29133084	[1, 1, 1, 1, 1, 1, 1, 1, 1, 1, 1, 1]
	1768436	1619791	1675869	19	M	117	A		-1	5115.27875082	[1, 1, 1, 1, 1, 1, 1, 1, 1, 1, 1, 1]
	1750912	1618767	1692135	19	M	164	A		-1	5198.73482224	[1, 1, 1, 1, 1, 1, 1, 1, 1, 1, 1, 1]
