animal	sire	dam	born	sex	herd	status	cause	died	TBV	recessives
	542031	426158	474247	7	M	32	A		-1	2010.29221576	[1, 1, 1, 1, 1, 1, 1, 1, 1, 1, 1, 1]
	554686	426292	391528	7	M	129	A		-1	2010.30777466	[1, 1, 1, 1, 1, 1, 1, 1, 1, 1, 1, 1]
	542416	426158	454476	7	M	131	A		-1	2010.49067673	[1, 1, 1, 1, 1, 1, 1, 1, 1, 1, 1, 1]
	564557	426511	453961	7	M	45	A		-1	2010.49809643	[1, 1, 1, 1, 1, 1, 1, 1, 1, 1, 1, 1]
	583073	426914	305687	7	M	0	A		-1	2010.69269093	[1, 1, 1, 1, 1, 1, 1, 1, 1, 1, 1, 1]
	497902	494439	377713	7	M	194	A		-1	2010.99212524	[1, 1, 1, 1, 1, 1, 1, 1, 1, 1, 1, 0]
	537366	426098	485450	7	M	144	A		-1	2011.71499191	[1, 1, 1, 1, 1, 1, 1, 1, 1, 1, 1, 1]
	523468	425817	481836	7	M	200	A		-1	2011.77445981	[1, 1, 1, 1, 1, 1, 1, 1, 1, 1, 1, 1]
	501511	426760	482274	7	M	159	A		-1	2011.82168487	[1, 1, 1, 1, 1, 1, 1, 1, 1, 1, 1, 1]
	510690	425527	442772	7	M	166	A		-1	2011.87044312	[1, 1, 1, 1, 1, 1, 1, 1, 1, 1, 1, 1]
	572911	426812	359217	7	M	3	A		-1	2011.95885239	[1, 1, 1, 1, 1, 1, 1, 1, 1, 1, 1, 0]
	574030	426812	482397	7	M	3	A		-1	2012.17531592	[1, 1, 0, 1, 1, 1, 1, 1, 1, 1, 1, 1]
	578117	429569	397218	7	M	161	A		-1	2012.68375551	[1, 1, 1, 1, 1, 1, 1, 1, 1, 1, 1, 1]
	554961	426397	381178	7	M	0	A		-1	2013.03605125	[1, 1, 1, 1, 1, 1, 1, 1, 1, 1, 1, 1]
	522647	425817	436663	7	M	125	A		-1	2013.0564901	[1, 1, 1, 1, 1, 1, 1, 1, 1, 1, 1, 1]
	563868	426511	439718	7	M	175	A		-1	2013.10228439	[1, 1, 1, 1, 1, 1, 1, 1, 1, 1, 1, 1]
	551522	426292	461643	7	M	147	A		-1	2013.42133667	[1, 1, 1, 1, 1, 1, 1, 1, 1, 1, 1, 1]
	482638	318538	324996	6	M	164	A		-1	2013.51706101	[1, 1, 1, 1, 1, 1, 1, 1, 1, 1, 1, 1]
	586667	427083	287751	7	M	58	A		-1	2013.55049165	[1, 1, 1, 1, 1, 1, 1, 1, 1, 1, 1, 1]
	572807	426812	451402	7	M	62	A		-1	2013.80692297	[0, 1, 0, 1, 1, 1, 1, 1, 1, 1, 1, 1]
	510927	425527	430698	7	M	16	A		-1	2014.05024945	[1, 1, 1, 1, 1, 1, 1, 1, 1, 1, 1, 1]
	510120	425527	432630	7	M	112	A		-1	2014.05225876	[1, 1, 1, 1, 1, 1, 1, 0, 1, 1, 1, 1]
	577810	429569	331461	7	M	90	A		-1	2014.36713268	[1, 1, 1, 1, 1, 1, 1, 1, 1, 1, 1, 1]
	530397	426036	440257	7	M	82	A		-1	2015.101666	[1, 1, 1, 1, 1, 1, 1, 1, 1, 1, 1, 1]
	571772	426812	445247	7	M	143	A		-1	2015.10597695	[1, 1, 0, 1, 1, 1, 1, 1, 1, 1, 1, 1]
	506917	425479	432197	7	M	87	A		-1	2015.67720879	[1, 1, 1, 1, 1, 1, 1, 1, 1, 1, 1, 1]
	542500	426158	408497	7	M	125	A		-1	2016.38422847	[1, 1, 1, 1, 1, 1, 1, 1, 1, 1, 1, 1]
	501329	426760	424773	7	M	186	A		-1	2016.60283179	[1, 1, 1, 1, 1, 1, 1, 1, 1, 1, 1, 1]
	535682	426098	481033	7	M	62	A		-1	2016.74149716	[1, 1, 1, 0, 1, 1, 1, 1, 1, 1, 1, 1]
	562003	426511	317484	7	M	51	A		-1	2016.74153905	[1, 1, 1, 1, 1, 1, 1, 1, 1, 1, 1, 1]
	560944	426511	480950	7	M	134	A		-1	2016.78012343	[1, 1, 1, 0, 1, 1, 1, 1, 1, 1, 1, 1]
	540862	426158	315183	7	M	143	A		-1	2016.90599155	[1, 1, 1, 1, 1, 1, 1, 1, 1, 1, 1, 1]
	501413	426760	434081	7	M	120	A		-1	2016.93292349	[1, 1, 1, 1, 1, 1, 1, 1, 1, 1, 1, 1]
	564865	426600	305295	7	M	151	A		-1	2017.0227059	[1, 1, 1, 1, 1, 1, 1, 1, 1, 1, 1, 1]
	568028	426600	487671	7	M	152	A		-1	2017.09233848	[1, 1, 1, 1, 1, 1, 1, 1, 1, 1, 1, 0]
	480366	318538	321730	6	M	197	A		-1	2017.1826348	[1, 1, 1, 0, 1, 1, 1, 1, 1, 1, 1, 1]
	522516	425817	304200	7	M	160	A		-1	2017.72397007	[1, 1, 1, 1, 1, 1, 1, 1, 1, 1, 1, 1]
	523085	425817	428840	7	M	169	A		-1	2017.74541578	[1, 1, 1, 1, 1, 1, 1, 1, 1, 1, 1, 1]
	538954	426098	341138	7	M	114	A		-1	2017.80975398	[1, 1, 1, 0, 1, 1, 1, 1, 1, 1, 1, 1]
	524678	425817	423160	7	M	88	A		-1	2017.98599641	[1, 1, 1, 1, 1, 1, 1, 1, 1, 1, 1, 1]
	555361	426397	199506	7	M	122	A		-1	2017.99425305	[1, 1, 1, 1, 1, 1, 1, 1, 1, 1, 1, 1]
	554006	426292	493574	7	M	39	A		-1	2018.01569821	[1, 1, 0, 1, 1, 1, 1, 1, 1, 1, 1, 1]
	508903	425479	449864	7	M	25	A		-1	2018.18646027	[1, 1, 1, 1, 1, 1, 1, 1, 1, 1, 1, 1]
	570914	426812	494212	7	M	155	A		-1	2018.1999305	[1, 1, 0, 1, 1, 1, 1, 1, 1, 1, 1, 1]
	586307	427083	472468	7	M	196	A		-1	2018.24285358	[1, 1, 1, 1, 1, 1, 1, 1, 1, 1, 1, 1]
	514330	425527	466514	7	M	81	A		-1	2018.31165164	[1, 1, 1, 1, 1, 1, 1, 1, 1, 1, 1, 1]
	502086	426760	484062	7	M	197	A		-1	2018.55764227	[1, 1, 1, 1, 1, 1, 1, 1, 1, 1, 1, 0]
	589314	427083	395649	7	M	17	A		-1	2018.57132672	[1, 1, 1, 1, 1, 1, 1, 1, 1, 1, 1, 1]
	503333	426760	276026	7	M	73	A		-1	2018.76097226	[1, 1, 1, 1, 1, 1, 1, 1, 1, 1, 1, 1]
	474210	318425	360983	6	M	174	A		-1	2018.93678473	[1, 1, 1, 1, 1, 1, 1, 1, 1, 1, 1, 1]
	512771	425527	470221	7	M	152	A		-1	2019.01995084	[1, 1, 1, 1, 1, 1, 1, 1, 1, 1, 1, 1]
	501490	426760	477956	7	M	111	A		-1	2019.10049217	[1, 1, 1, 1, 1, 1, 1, 1, 1, 1, 1, 1]
	544504	426158	341843	7	M	181	A		-1	2019.16131724	[1, 1, 1, 1, 1, 1, 1, 1, 1, 1, 1, 1]
	551534	426292	322557	7	M	90	A		-1	2019.3943763	[1, 1, 1, 1, 1, 1, 1, 1, 1, 1, 1, 0]
	527013	425980	454597	7	M	3	A		-1	2019.45054784	[1, 1, 1, 1, 1, 1, 1, 1, 1, 1, 1, 1]
	552825	426292	430464	7	M	3	A		-1	2019.76771906	[1, 1, 1, 1, 1, 1, 1, 1, 1, 1, 1, 1]
	541292	426158	480545	7	M	194	A		-1	2019.87871036	[1, 1, 1, 1, 1, 1, 1, 1, 1, 1, 1, 1]
	556976	426397	301490	7	M	163	A		-1	2020.06610066	[1, 0, 1, 1, 1, 1, 1, 1, 1, 1, 1, 0]
	594144	427364	460356	7	M	109	A		-1	2020.33541279	[1, 1, 1, 1, 1, 1, 1, 1, 1, 1, 1, 1]
	514593	425527	480550	7	M	103	A		-1	2020.91441223	[1, 1, 1, 0, 1, 1, 1, 1, 1, 1, 1, 1]
	579922	426914	409443	7	M	195	A		-1	2020.92799451	[1, 1, 1, 1, 1, 1, 1, 1, 1, 1, 1, 0]
	530247	426036	218349	7	M	185	A		-1	2021.22852386	[1, 1, 1, 1, 1, 1, 1, 1, 1, 1, 1, 1]
	566035	426600	443879	7	M	6	A		-1	2021.26432874	[1, 1, 1, 1, 1, 1, 1, 1, 1, 1, 1, 1]
	532921	426036	358558	7	M	26	A		-1	2021.34503428	[1, 1, 1, 1, 1, 1, 1, 1, 1, 1, 1, 1]
	552195	426292	396919	7	M	115	A		-1	2021.6939526	[1, 1, 0, 1, 1, 1, 1, 1, 1, 1, 1, 1]
	551279	426292	428651	7	M	169	A		-1	2021.99089746	[1, 1, 1, 1, 1, 1, 1, 1, 1, 1, 1, 1]
	556780	426397	441421	7	M	160	A		-1	2022.72415499	[1, 1, 1, 1, 1, 1, 1, 1, 1, 1, 1, 1]
	576119	429569	324076	7	M	146	A		-1	2023.01739989	[1, 1, 1, 1, 1, 1, 1, 1, 1, 1, 1, 1]
	556739	426397	426751	7	M	57	A		-1	2023.09206994	[1, 1, 1, 1, 1, 1, 1, 1, 1, 1, 1, 1]
	484258	318538	374314	6	M	44	A		-1	2023.25404828	[1, 1, 1, 0, 1, 1, 1, 1, 1, 1, 1, 1]
	564558	426511	489807	7	M	9	A		-1	2023.48152922	[1, 1, 1, 1, 1, 1, 1, 1, 1, 1, 1, 1]
	520792	425817	402061	7	M	105	A		-1	2023.54445228	[1, 1, 1, 1, 1, 1, 1, 1, 1, 1, 1, 1]
	553529	426292	459444	7	M	60	A		-1	2023.81177831	[1, 1, 1, 1, 1, 1, 1, 1, 1, 1, 1, 1]
	535994	426098	476308	7	M	19	A		-1	2023.84846872	[1, 0, 1, 1, 1, 1, 1, 1, 1, 1, 1, 1]
	509593	425479	248961	7	M	178	A		-1	2023.97388857	[1, 1, 1, 1, 1, 1, 1, 1, 1, 1, 1, 1]
	582507	426914	429398	7	M	98	A		-1	2024.13558505	[1, 1, 1, 1, 1, 1, 1, 1, 1, 1, 1, 1]
	533835	426036	443204	7	M	109	A		-1	2024.2300802	[1, 1, 1, 1, 1, 1, 1, 1, 1, 1, 1, 1]
	550559	426292	199143	7	M	40	A		-1	2024.3431241	[1, 1, 1, 1, 1, 1, 1, 1, 1, 1, 1, 0]
	509145	425479	465175	7	M	178	A		-1	2024.39349582	[1, 1, 1, 1, 1, 1, 1, 1, 1, 1, 1, 1]
	533745	426036	485488	7	M	44	A		-1	2024.40487814	[1, 1, 1, 1, 1, 1, 1, 1, 1, 1, 1, 1]
	522429	425817	417774	7	M	172	A		-1	2024.74251372	[1, 1, 1, 1, 1, 1, 1, 1, 1, 1, 1, 1]
	512440	425527	473271	7	M	87	A		-1	2024.9361354	[1, 1, 1, 1, 1, 1, 1, 1, 1, 1, 1, 1]
	569331	426600	429080	7	M	101	A		-1	2025.32900838	[1, 1, 1, 1, 1, 1, 1, 1, 1, 1, 1, 1]
	521920	425817	492579	7	M	199	A		-1	2025.61394992	[1, 1, 1, 1, 1, 1, 1, 1, 1, 1, 1, 1]
	501513	426760	400697	7	M	51	A		-1	2025.74405796	[1, 1, 1, 1, 1, 1, 1, 1, 1, 1, 1, 1]
	519516	425533	173845	7	M	146	A		-1	2025.77447404	[1, 1, 1, 1, 1, 1, 1, 1, 1, 1, 1, 0]
	421709	315139	351888	6	M	49	A		-1	2025.97924132	[1, 1, 1, 1, 1, 1, 1, 1, 1, 1, 1, 1]
	438198	315606	300213	6	M	167	A		-1	2026.38083304	[1, 1, 1, 1, 1, 1, 1, 1, 1, 1, 1, 0]
	589603	427083	486587	7	M	66	A		-1	2026.59128175	[1, 1, 1, 1, 1, 1, 1, 1, 1, 1, 1, 1]
	541975	426158	396959	7	M	173	A		-1	2026.66600353	[1, 1, 1, 1, 1, 1, 1, 1, 1, 1, 1, 1]
	470496	318425	337505	6	M	88	A		-1	2027.05420092	[1, 1, 1, 1, 1, 1, 1, 1, 1, 1, 1, 1]
	553376	426292	481211	7	M	61	A		-1	2027.44318418	[1, 1, 1, 0, 1, 1, 1, 1, 1, 1, 1, 1]
	566568	426600	448163	7	M	84	A		-1	2027.44514257	[1, 1, 1, 1, 1, 1, 1, 1, 1, 1, 1, 1]
	505781	425479	492280	7	M	116	A		-1	2027.59710594	[1, 1, 0, 1, 1, 1, 1, 1, 1, 1, 1, 1]
	576502	429569	420171	7	M	83	A		-1	2027.61251339	[1, 1, 1, 1, 1, 1, 1, 1, 1, 1, 1, 1]
	559695	426397	425878	7	M	162	A		-1	2027.92101862	[1, 1, 1, 1, 1, 1, 1, 1, 1, 1, 1, 1]
	566209	426600	389529	7	M	102	A		-1	2028.00521385	[1, 1, 1, 1, 1, 1, 1, 1, 1, 1, 1, 0]
	572948	426812	438319	7	M	187	A		-1	2028.0546416	[1, 1, 0, 1, 1, 1, 1, 1, 1, 1, 1, 1]
	550394	426292	439868	7	M	77	A		-1	2028.12640357	[1, 1, 1, 1, 1, 1, 1, 1, 1, 1, 1, 1]
	534749	426036	487839	7	M	126	A		-1	2028.2983076	[1, 1, 1, 1, 1, 1, 1, 1, 1, 1, 1, 1]
	427973	315278	331802	6	M	122	A		-1	2028.48333389	[1, 1, 1, 1, 1, 1, 1, 1, 1, 1, 1, 0]
	566219	426600	370617	7	M	163	A		-1	2028.56252938	[1, 1, 1, 1, 1, 1, 1, 1, 1, 1, 1, 1]
	409735	314182	356153	6	M	16	A		-1	2028.62650374	[1, 1, 1, 1, 1, 0, 1, 1, 1, 1, 1, 1]
	526000	425980	463860	7	M	4	A		-1	2028.64415096	[1, 1, 1, 1, 1, 1, 1, 1, 1, 1, 1, 0]
	543442	426158	378036	7	M	184	A		-1	2029.17957432	[1, 1, 1, 1, 1, 1, 1, 1, 1, 1, 1, 1]
	565079	426600	420224	7	M	176	A		-1	2029.23292795	[1, 1, 1, 1, 1, 1, 1, 1, 1, 1, 1, 1]
	542816	426158	470735	7	M	53	A		-1	2029.6292884	[1, 1, 1, 1, 1, 1, 1, 1, 1, 1, 1, 1]
	559052	426397	475438	7	M	63	A		-1	2029.62963807	[1, 1, 1, 1, 1, 1, 1, 1, 1, 1, 1, 1]
	525112	425980	408314	7	M	190	A		-1	2029.70545378	[1, 1, 1, 1, 1, 1, 1, 1, 1, 1, 1, 1]
	501249	426760	427253	7	M	93	A		-1	2029.85407281	[1, 1, 1, 1, 1, 1, 1, 1, 1, 1, 1, 1]
	540212	426158	445857	7	M	97	A		-1	2029.98766489	[1, 1, 1, 1, 1, 1, 1, 1, 1, 1, 1, 1]
	432775	315464	391554	6	M	114	A		-1	2030.42891983	[1, 1, 1, 1, 1, 1, 1, 1, 1, 1, 1, 0]
	575422	429569	426758	7	M	157	A		-1	2030.80788185	[1, 1, 1, 1, 1, 1, 1, 1, 1, 1, 1, 1]
	537908	426098	490301	7	M	50	A		-1	2031.28950652	[1, 1, 1, 1, 1, 1, 1, 1, 1, 1, 1, 1]
	543718	426158	375832	7	M	160	A		-1	2031.29538771	[1, 1, 1, 1, 1, 1, 1, 1, 1, 1, 1, 1]
	517234	425533	356349	7	M	94	A		-1	2031.89314558	[1, 1, 1, 1, 1, 1, 1, 1, 1, 1, 1, 1]
	541996	426158	307243	7	M	53	A		-1	2032.10297922	[1, 1, 1, 1, 1, 1, 1, 1, 1, 1, 1, 1]
	406912	314182	234165	6	M	69	A		-1	2032.15328166	[1, 1, 1, 1, 1, 1, 1, 1, 1, 1, 1, 1]
	578475	429569	335186	7	M	14	A		-1	2032.69882954	[1, 1, 1, 1, 1, 1, 1, 1, 1, 1, 1, 1]
	557431	426397	412573	7	M	157	A		-1	2032.91712544	[1, 0, 1, 1, 1, 1, 1, 1, 1, 1, 1, 1]
	527649	425980	444639	7	M	175	A		-1	2032.96481579	[1, 1, 1, 1, 1, 1, 1, 1, 1, 1, 1, 1]
	577208	429569	441280	7	M	107	A		-1	2033.11857598	[1, 1, 1, 1, 1, 1, 1, 1, 1, 1, 1, 0]
	558942	426397	400435	7	M	188	A		-1	2033.20617365	[1, 1, 1, 1, 1, 1, 1, 1, 1, 1, 1, 1]
	577341	429569	366060	7	M	93	A		-1	2033.39557679	[1, 1, 1, 1, 1, 1, 1, 1, 1, 1, 1, 1]
	559764	426397	438757	7	M	126	A		-1	2033.43766822	[1, 1, 1, 1, 1, 1, 1, 1, 1, 1, 1, 1]
	519626	425533	493890	7	M	34	A		-1	2033.57068152	[1, 1, 1, 1, 1, 1, 1, 1, 1, 1, 1, 1]
	531025	426036	396578	7	M	47	A		-1	2033.75540796	[1, 1, 0, 1, 1, 1, 1, 1, 1, 1, 1, 1]
	414624	314428	338748	6	M	174	A		-1	2034.26564198	[1, 0, 1, 1, 1, 1, 1, 1, 1, 1, 1, 1]
	399106	394491	344620	6	M	36	A		-1	2034.54945943	[1, 1, 1, 1, 1, 1, 1, 1, 1, 1, 1, 1]
	558089	426397	397303	7	M	45	A		-1	2034.65323934	[1, 1, 1, 1, 1, 1, 1, 1, 1, 1, 1, 1]
	511265	425527	475929	7	M	74	A		-1	2034.80162466	[1, 1, 1, 1, 1, 1, 1, 1, 1, 1, 1, 1]
	549379	426263	478696	7	M	65	A		-1	2035.05195077	[1, 1, 1, 1, 1, 1, 1, 1, 1, 1, 1, 1]
	578800	429569	444365	7	M	174	A		-1	2035.27596479	[1, 1, 1, 1, 1, 1, 1, 1, 1, 1, 1, 1]
	575929	429569	370638	7	M	26	A		-1	2035.27829445	[1, 1, 1, 1, 1, 1, 1, 1, 1, 1, 1, 1]
	590230	427364	472089	7	M	97	A		-1	2035.40730397	[1, 1, 1, 1, 1, 1, 1, 1, 1, 1, 1, 1]
	497031	494439	405696	7	M	192	A		-1	2035.6588089	[1, 1, 1, 1, 1, 1, 1, 1, 1, 1, 1, 1]
	590621	427364	458659	7	M	57	A		-1	2036.18552058	[1, 1, 1, 1, 1, 1, 1, 1, 1, 1, 1, 1]
	522340	425817	426337	7	M	24	A		-1	2036.36457621	[1, 1, 1, 1, 1, 1, 1, 1, 1, 1, 1, 1]
	545333	426263	374205	7	M	92	A		-1	2036.48471456	[1, 1, 1, 1, 1, 1, 1, 1, 1, 1, 1, 1]
	550518	426292	409704	7	M	22	A		-1	2036.55918687	[1, 1, 1, 1, 1, 1, 1, 1, 1, 1, 1, 1]
	586821	427083	472592	7	M	36	A		-1	2036.63500995	[1, 1, 1, 1, 1, 1, 1, 1, 1, 1, 1, 1]
	579372	429569	374249	7	M	6	A		-1	2037.38639518	[1, 1, 1, 1, 1, 1, 1, 1, 1, 1, 1, 0]
	549857	426292	441311	7	M	5	A		-1	2037.64577574	[1, 1, 1, 1, 1, 1, 1, 1, 1, 1, 1, 1]
	525287	425980	299830	7	M	154	A		-1	2037.82431546	[1, 1, 1, 1, 1, 1, 1, 1, 1, 1, 1, 1]
	589978	427364	447776	7	M	35	A		-1	2037.98675436	[1, 1, 1, 1, 1, 1, 1, 1, 1, 1, 1, 1]
	506153	425479	448152	7	M	140	A		-1	2038.50477245	[1, 1, 1, 1, 1, 1, 1, 1, 1, 1, 1, 1]
	511178	425527	450219	7	M	87	A		-1	2039.03903052	[1, 1, 1, 1, 1, 1, 1, 1, 1, 1, 1, 1]
	523806	425817	469254	7	M	164	A		-1	2039.0987116	[1, 1, 1, 1, 1, 1, 1, 1, 1, 1, 1, 1]
	513438	425527	387901	7	M	122	A		-1	2039.8158781	[1, 1, 1, 1, 1, 1, 1, 1, 1, 1, 1, 1]
	426397	315278	353002	6	M	107	A		-1	2040.22418801	[1, 1, 1, 1, 1, 1, 1, 1, 1, 1, 1, 1]
	578265	429569	466401	7	M	5	A		-1	2040.2298236	[1, 1, 1, 1, 1, 1, 1, 1, 1, 1, 1, 1]
	514195	425527	493067	7	M	150	A		-1	2040.29581494	[1, 1, 1, 1, 1, 1, 1, 1, 1, 1, 1, 1]
	531258	426036	415786	7	M	40	A		-1	2040.47779627	[1, 1, 0, 1, 1, 1, 1, 1, 1, 1, 1, 1]
	532956	426036	361780	7	M	144	A		-1	2040.72599945	[1, 1, 1, 1, 1, 1, 1, 1, 1, 1, 1, 1]
	564893	426600	470797	7	M	182	A		-1	2040.76462199	[1, 1, 1, 1, 1, 1, 1, 1, 1, 1, 1, 1]
	522673	425817	379165	7	M	36	A		-1	2040.85405421	[1, 1, 1, 1, 1, 1, 1, 1, 1, 1, 1, 1]
	534492	426036	406768	7	M	114	A		-1	2040.9203532	[1, 1, 1, 1, 1, 1, 1, 1, 1, 1, 1, 1]
	533718	426036	395593	7	M	63	A		-1	2041.0336149	[1, 1, 1, 1, 1, 1, 1, 1, 1, 1, 1, 1]
	544048	426158	301473	7	M	191	A		-1	2041.08101089	[1, 1, 1, 1, 1, 1, 1, 1, 1, 1, 1, 1]
	505314	425479	445277	7	M	42	A		-1	2041.48336139	[1, 1, 1, 1, 1, 1, 1, 1, 1, 1, 1, 1]
	541440	426158	316619	7	M	175	A		-1	2041.53503951	[1, 1, 1, 1, 1, 1, 1, 1, 1, 1, 1, 1]
	543648	426158	410370	7	M	126	A		-1	2041.948601	[1, 1, 1, 1, 1, 1, 1, 1, 1, 1, 1, 1]
	562184	426511	427814	7	M	59	A		-1	2042.01133297	[1, 1, 1, 1, 1, 1, 1, 1, 1, 1, 1, 1]
	512285	425527	408002	7	M	59	A		-1	2042.43142634	[1, 1, 1, 1, 1, 1, 1, 1, 1, 1, 1, 1]
	529625	425980	377196	7	M	195	A		-1	2042.6014057	[1, 1, 1, 1, 1, 1, 1, 1, 1, 1, 1, 1]
	589514	427083	483417	7	M	133	A		-1	2043.36390243	[1, 1, 1, 1, 1, 1, 1, 1, 1, 1, 1, 1]
	555665	426397	405132	7	M	78	A		-1	2043.38548639	[1, 1, 1, 1, 1, 1, 1, 1, 1, 1, 1, 0]
	495916	494439	417037	7	M	81	A		-1	2043.39059242	[1, 1, 1, 1, 1, 1, 1, 1, 1, 1, 1, 1]
	577725	429569	343122	7	M	138	A		-1	2044.5639465	[1, 1, 1, 1, 1, 1, 1, 1, 1, 1, 1, 1]
	536499	426098	419959	7	M	33	A		-1	2044.59789306	[1, 1, 1, 1, 1, 1, 1, 1, 1, 1, 1, 1]
	495702	494439	486067	7	M	196	A		-1	2045.14726797	[1, 1, 1, 0, 1, 1, 1, 1, 1, 1, 1, 1]
	585157	427083	446492	7	M	4	A		-1	2045.22045734	[1, 1, 1, 1, 1, 1, 1, 1, 1, 1, 1, 1]
	558291	426397	452863	7	M	135	A		-1	2045.36872634	[1, 1, 1, 1, 1, 1, 1, 1, 1, 1, 1, 0]
	512140	425527	434185	7	M	39	A		-1	2045.45354342	[1, 1, 1, 1, 1, 1, 1, 1, 1, 1, 1, 1]
	570324	426812	460019	7	M	1	A		-1	2045.67140695	[1, 1, 1, 1, 1, 1, 1, 1, 1, 1, 1, 1]
	508502	425479	408815	7	M	31	A		-1	2045.72722822	[1, 1, 1, 1, 1, 1, 1, 1, 1, 1, 1, 1]
	530569	426036	484078	7	M	123	A		-1	2045.92626095	[1, 1, 1, 1, 1, 1, 1, 1, 1, 1, 1, 1]
	590343	427364	458375	7	M	195	A		-1	2045.94027632	[1, 1, 1, 1, 1, 1, 1, 1, 1, 1, 1, 1]
	534934	426098	315773	7	M	190	A		-1	2046.24645233	[1, 1, 1, 1, 1, 1, 1, 1, 1, 1, 1, 1]
	566892	426600	472799	7	M	25	A		-1	2047.16414082	[1, 0, 1, 1, 1, 1, 1, 1, 1, 1, 1, 1]
	515302	425533	458989	7	M	19	A		-1	2047.34773355	[1, 1, 1, 0, 1, 1, 1, 1, 1, 1, 1, 1]
	503411	426760	491764	7	M	84	A		-1	2047.40753867	[1, 1, 1, 1, 1, 1, 1, 1, 1, 1, 1, 1]
	562298	426511	427267	7	M	39	A		-1	2047.68436809	[1, 1, 1, 1, 1, 1, 1, 1, 1, 1, 1, 1]
	530244	426036	494143	7	M	21	A		-1	2047.7930661	[1, 1, 0, 1, 1, 1, 1, 1, 1, 1, 1, 1]
	548045	426263	417545	7	M	33	A		-1	2048.09992251	[1, 1, 1, 1, 1, 1, 1, 1, 1, 1, 1, 1]
	542149	426158	414816	7	M	140	A		-1	2048.1194743	[1, 1, 1, 1, 1, 1, 1, 1, 1, 1, 1, 1]
	585530	427083	437329	7	M	146	A		-1	2048.12704474	[1, 1, 1, 1, 1, 1, 1, 1, 1, 1, 1, 1]
	558705	426397	468358	7	M	180	A		-1	2048.21384157	[1, 1, 1, 1, 1, 1, 1, 1, 1, 1, 1, 1]
	541835	426158	421306	7	M	68	A		-1	2048.46654748	[1, 1, 1, 1, 1, 1, 1, 1, 1, 1, 1, 1]
	520117	425817	416290	7	M	25	A		-1	2048.75419877	[1, 1, 1, 1, 1, 1, 1, 1, 1, 1, 1, 1]
	536531	426098	424595	7	M	158	A		-1	2049.03675424	[1, 1, 1, 1, 1, 1, 1, 1, 1, 1, 1, 1]
	527509	425980	461415	7	M	193	A		-1	2049.23950371	[1, 1, 1, 1, 1, 1, 1, 1, 1, 1, 1, 1]
	562941	426511	259480	7	M	108	A		-1	2049.36297304	[1, 1, 1, 1, 1, 1, 1, 1, 1, 1, 1, 1]
	513132	425527	484703	7	M	142	A		-1	2049.57293598	[1, 1, 1, 1, 1, 1, 1, 1, 1, 1, 1, 1]
	527335	425980	364211	7	M	116	A		-1	2049.99471378	[1, 1, 1, 1, 1, 1, 1, 1, 1, 1, 1, 1]
	534563	426036	441064	7	M	161	A		-1	2050.37386962	[1, 1, 1, 1, 1, 1, 1, 1, 1, 1, 1, 1]
	565518	426600	456365	7	M	50	A		-1	2051.28128975	[1, 1, 1, 1, 1, 1, 1, 1, 1, 1, 1, 1]
	544801	426263	467268	7	M	61	A		-1	2051.64423496	[1, 1, 1, 1, 1, 1, 1, 1, 1, 1, 1, 1]
	580508	426914	328653	7	M	38	A		-1	2052.55208373	[1, 1, 1, 1, 1, 1, 1, 1, 1, 1, 1, 1]
	545078	426263	434630	7	M	105	A		-1	2053.2682116	[1, 1, 1, 1, 1, 1, 1, 1, 1, 1, 1, 1]
	528439	425980	492588	7	M	105	A		-1	2053.65322389	[1, 1, 1, 1, 1, 1, 1, 1, 1, 1, 1, 1]
	540220	426158	493106	7	M	25	A		-1	2053.75961058	[1, 1, 1, 1, 1, 1, 1, 1, 1, 1, 1, 1]
	580032	426914	466394	7	M	139	A		-1	2053.82589775	[1, 1, 1, 1, 1, 1, 1, 1, 1, 1, 1, 1]
	410933	314428	382291	6	M	187	A		-1	2054.15952925	[1, 0, 1, 1, 1, 1, 1, 1, 1, 1, 1, 1]
	536237	426098	333199	7	M	0	A		-1	2054.18999895	[1, 1, 1, 1, 1, 1, 1, 1, 1, 1, 1, 1]
	579751	429569	484417	7	M	9	A		-1	2054.27132313	[1, 1, 1, 0, 1, 1, 1, 1, 1, 1, 1, 1]
	495995	494439	435344	7	M	9	A		-1	2054.67932733	[1, 1, 1, 1, 1, 1, 1, 1, 1, 1, 1, 1]
	509698	425479	483885	7	M	43	A		-1	2055.48684949	[1, 1, 1, 1, 1, 1, 1, 1, 1, 1, 1, 1]
	567645	426600	478226	7	M	85	A		-1	2055.86167835	[1, 1, 1, 1, 1, 1, 1, 1, 1, 1, 1, 1]
	501192	426760	406559	7	M	183	A		-1	2056.06917244	[1, 1, 1, 1, 1, 1, 1, 1, 1, 1, 1, 1]
	541280	426158	340883	7	M	170	A		-1	2056.93807589	[1, 1, 1, 1, 1, 1, 1, 1, 1, 1, 1, 1]
	579614	429569	460884	7	M	180	A		-1	2057.19290475	[1, 1, 1, 1, 1, 1, 1, 1, 1, 1, 1, 1]
	520660	425817	493699	7	M	58	A		-1	2057.37042786	[1, 1, 0, 1, 1, 1, 1, 1, 1, 1, 1, 1]
	582174	426914	395424	7	M	101	A		-1	2057.5792584	[1, 1, 1, 1, 1, 1, 1, 1, 1, 1, 1, 1]
	566726	426600	407505	7	M	144	A		-1	2057.86428535	[1, 1, 1, 1, 1, 1, 1, 1, 1, 1, 1, 1]
	568433	426600	445719	7	M	1	A		-1	2058.14336828	[1, 0, 1, 1, 1, 1, 1, 1, 1, 1, 1, 1]
	522983	425817	468640	7	M	121	A		-1	2058.95173485	[1, 1, 1, 1, 1, 1, 1, 1, 1, 1, 1, 1]
	550161	426292	454288	7	M	35	A		-1	2059.15312432	[1, 1, 1, 1, 1, 1, 1, 1, 1, 1, 1, 1]
	556882	426397	214731	7	M	86	A		-1	2059.49201238	[1, 1, 1, 1, 1, 1, 1, 1, 1, 1, 1, 1]
	544662	426158	415655	7	M	164	A		-1	2060.52498758	[1, 1, 1, 1, 1, 1, 1, 1, 1, 1, 1, 1]
	496192	494439	493134	7	M	104	A		-1	2061.07445284	[1, 1, 1, 1, 1, 1, 1, 1, 1, 1, 1, 1]
	538939	426098	423903	7	M	164	A		-1	2061.28114576	[1, 1, 1, 1, 1, 1, 1, 1, 1, 1, 1, 1]
	522236	425817	401888	7	M	4	A		-1	2061.34198305	[1, 1, 1, 1, 1, 1, 1, 1, 1, 1, 1, 1]
	553915	426292	465569	7	M	180	A		-1	2061.35429465	[1, 1, 1, 1, 1, 1, 1, 1, 1, 1, 1, 1]
	510581	425527	451677	7	M	194	A		-1	2062.21892513	[1, 1, 1, 1, 1, 1, 1, 1, 1, 1, 1, 1]
	569340	426600	401363	7	M	65	A		-1	2062.28132047	[1, 1, 1, 1, 1, 1, 1, 1, 1, 1, 1, 1]
	570516	426812	472917	7	M	198	A		-1	2062.30980753	[1, 1, 1, 1, 1, 1, 1, 1, 1, 1, 1, 1]
	561592	426511	421039	7	M	116	A		-1	2062.7977829	[1, 1, 1, 1, 1, 1, 1, 1, 1, 1, 1, 1]
	566888	426600	468552	7	M	134	A		-1	2063.94248978	[1, 1, 1, 1, 1, 1, 1, 1, 1, 1, 1, 1]
	564563	426511	465142	7	M	29	A		-1	2064.31328769	[1, 1, 1, 1, 1, 1, 1, 1, 1, 1, 1, 1]
	542728	426158	396849	7	M	103	A		-1	2065.17911854	[1, 1, 1, 1, 1, 1, 1, 1, 1, 1, 1, 1]
	511699	425527	494764	7	M	3	A		-1	2065.82549548	[1, 1, 1, 1, 1, 1, 1, 1, 1, 1, 1, 1]
	594369	427364	437692	7	M	74	A		-1	2066.2114024	[1, 1, 1, 1, 1, 1, 1, 1, 1, 1, 1, 1]
	524635	425817	302368	7	M	133	A		-1	2067.39050361	[1, 1, 1, 1, 1, 1, 1, 1, 1, 1, 1, 1]
	575217	429569	307369	7	M	147	A		-1	2067.78527595	[1, 1, 1, 1, 1, 1, 1, 1, 1, 1, 1, 1]
	593776	427364	460799	7	M	178	A		-1	2068.03354354	[1, 1, 1, 1, 1, 1, 1, 1, 1, 1, 1, 1]
	576217	429569	456027	7	M	87	A		-1	2068.0702742	[1, 1, 1, 1, 1, 1, 1, 1, 1, 1, 1, 1]
	579088	429569	350910	7	M	22	A		-1	2068.07469479	[1, 1, 1, 1, 1, 1, 1, 1, 1, 1, 1, 1]
	513864	425527	441813	7	M	20	A		-1	2068.23247118	[1, 1, 1, 1, 1, 1, 1, 1, 1, 1, 1, 0]
	536500	426098	396766	7	M	76	A		-1	2068.28292555	[1, 1, 0, 1, 1, 1, 1, 1, 1, 1, 1, 1]
	510737	425527	419931	7	M	48	A		-1	2068.34200865	[1, 1, 1, 1, 1, 1, 1, 1, 1, 1, 1, 1]
	540106	426158	399147	7	M	121	A		-1	2068.50901664	[1, 1, 0, 1, 1, 1, 1, 1, 1, 1, 1, 1]
	556654	426397	361256	7	M	166	A		-1	2068.71593393	[1, 1, 1, 1, 1, 1, 1, 1, 1, 1, 1, 1]
	544704	426158	399403	7	M	144	A		-1	2069.14802657	[1, 1, 1, 1, 1, 1, 1, 1, 1, 1, 1, 1]
	580280	426914	313003	7	M	72	A		-1	2069.28651297	[1, 0, 1, 1, 1, 1, 1, 1, 1, 1, 1, 1]
	574933	429569	484140	7	M	61	A		-1	2069.61989752	[1, 1, 1, 1, 1, 1, 1, 1, 1, 1, 1, 1]
	573482	426812	485060	7	M	116	A		-1	2070.27029149	[1, 1, 1, 0, 1, 1, 1, 1, 1, 1, 1, 1]
	522669	425817	455823	7	M	179	A		-1	2070.3579896	[1, 1, 1, 1, 1, 1, 1, 1, 1, 1, 1, 1]
	578402	429569	436288	7	M	150	A		-1	2070.65519333	[1, 1, 1, 1, 1, 1, 1, 1, 1, 1, 1, 0]
	517296	425533	350038	7	M	144	A		-1	2070.66714137	[1, 1, 1, 1, 1, 1, 1, 1, 1, 1, 1, 1]
	526817	425980	491019	7	M	79	A		-1	2070.75642392	[1, 1, 1, 1, 1, 1, 1, 1, 1, 1, 1, 1]
	556148	426397	394761	7	M	21	A		-1	2071.20630775	[1, 1, 1, 1, 1, 1, 1, 1, 1, 1, 1, 0]
	552921	426292	447874	7	M	103	A		-1	2071.70204887	[1, 1, 1, 1, 1, 1, 1, 1, 1, 1, 1, 1]
	579881	426914	417889	7	M	30	A		-1	2071.82791165	[1, 1, 1, 1, 1, 1, 1, 1, 1, 1, 1, 1]
	554101	426292	416305	7	M	38	A		-1	2071.95569925	[1, 1, 1, 1, 1, 1, 1, 1, 1, 1, 1, 1]
	542470	426158	341013	7	M	127	A		-1	2072.82527822	[1, 1, 1, 1, 1, 1, 1, 1, 1, 1, 1, 1]
	557280	426397	425984	7	M	173	A		-1	2074.15273245	[1, 1, 1, 1, 1, 1, 1, 1, 1, 1, 1, 1]
	520780	425817	481298	7	M	7	A		-1	2074.25251102	[1, 1, 1, 1, 1, 1, 1, 1, 1, 1, 1, 1]
	524392	425817	455142	7	M	162	A		-1	2074.40295503	[1, 1, 1, 1, 1, 1, 1, 1, 1, 1, 1, 1]
	552309	426292	485870	7	M	70	A		-1	2074.44832985	[1, 1, 1, 1, 1, 1, 1, 1, 1, 1, 1, 0]
	375016	234749	266001	5	M	19	A		-1	2074.77203462	[1, 1, 1, 1, 1, 1, 1, 1, 1, 1, 1, 1]
	537506	426098	431531	7	M	152	A		-1	2075.39469876	[1, 1, 1, 1, 1, 1, 1, 1, 1, 1, 1, 1]
	509269	425479	450069	7	M	135	A		-1	2075.64612449	[1, 1, 1, 1, 1, 1, 1, 1, 1, 1, 1, 1]
	567881	426600	395620	7	M	46	A		-1	2075.83619682	[1, 1, 1, 1, 1, 1, 1, 1, 1, 1, 1, 1]
	540347	426158	459481	7	M	11	A		-1	2075.91854141	[1, 1, 1, 1, 1, 1, 1, 1, 1, 1, 1, 1]
	531875	426036	488128	7	M	127	A		-1	2076.36530679	[1, 1, 1, 0, 1, 1, 1, 1, 1, 1, 1, 1]
	557553	426397	301779	7	M	195	A		-1	2076.4277172	[1, 1, 1, 1, 1, 1, 1, 1, 1, 1, 1, 1]
	578410	429569	160439	7	M	184	A		-1	2076.94488911	[1, 1, 1, 1, 1, 1, 1, 1, 1, 1, 1, 1]
	512671	425527	306641	7	M	45	A		-1	2077.90630642	[1, 1, 1, 1, 1, 1, 1, 1, 1, 1, 1, 1]
	515595	425533	378044	7	M	181	A		-1	2078.39193543	[1, 1, 1, 1, 1, 1, 1, 1, 1, 1, 1, 1]
	565679	426600	473025	7	M	176	A		-1	2078.40786847	[1, 1, 1, 1, 1, 1, 1, 1, 1, 1, 1, 0]
	565119	426600	438595	7	M	40	A		-1	2078.61618999	[1, 0, 1, 1, 1, 1, 1, 1, 1, 1, 1, 1]
	500615	426760	454892	7	M	74	A		-1	2078.64354944	[1, 1, 1, 1, 1, 1, 1, 1, 1, 1, 1, 1]
	504454	426760	451984	7	M	160	A		-1	2079.10127087	[1, 1, 1, 1, 1, 1, 1, 1, 1, 1, 1, 0]
	556160	426397	447449	7	M	12	A		-1	2080.3030955	[1, 1, 1, 1, 1, 1, 1, 1, 1, 1, 1, 1]
	516689	425533	218792	7	M	123	A		-1	2080.49016905	[1, 1, 1, 1, 1, 1, 1, 1, 1, 1, 1, 1]
	542755	426158	473096	7	M	119	A		-1	2080.88525228	[1, 1, 1, 1, 1, 1, 1, 1, 1, 1, 1, 1]
	524555	425817	459724	7	M	71	A		-1	2081.40305045	[1, 1, 1, 1, 1, 1, 1, 1, 1, 1, 1, 1]
	529763	425980	392032	7	M	158	A		-1	2081.46910171	[1, 1, 1, 1, 1, 1, 1, 1, 1, 1, 1, 1]
	576047	429569	335673	7	M	110	A		-1	2081.59468897	[1, 1, 1, 1, 1, 1, 1, 1, 1, 1, 1, 1]
	568549	426600	432565	7	M	121	A		-1	2081.61635192	[1, 1, 1, 1, 1, 1, 1, 1, 1, 1, 1, 1]
	522915	425817	353782	7	M	111	A		-1	2081.7736987	[1, 1, 1, 1, 1, 1, 1, 1, 1, 1, 1, 1]
	515631	425533	482626	7	M	41	A		-1	2082.26067762	[1, 1, 1, 1, 1, 1, 1, 1, 1, 1, 1, 1]
	544062	426158	444728	7	M	86	A		-1	2082.31006307	[1, 1, 1, 1, 1, 1, 1, 1, 1, 1, 1, 0]
	547294	426263	454213	7	M	114	A		-1	2082.58732023	[1, 1, 1, 1, 1, 1, 1, 1, 1, 1, 1, 1]
	589703	427083	488834	7	M	124	A		-1	2082.63791391	[1, 1, 1, 1, 1, 1, 1, 1, 1, 1, 1, 1]
	402248	318239	295602	6	M	69	A		-1	2082.69939951	[1, 1, 1, 1, 1, 1, 1, 1, 1, 1, 1, 1]
	498683	494439	484338	7	M	122	A		-1	2082.98035379	[1, 1, 1, 0, 1, 1, 1, 1, 1, 1, 1, 0]
	541956	426158	416050	7	M	70	A		-1	2083.24955213	[1, 1, 1, 1, 1, 1, 1, 1, 1, 1, 1, 1]
	497806	494439	399928	7	M	113	A		-1	2083.58069144	[1, 1, 1, 1, 1, 1, 1, 1, 1, 1, 1, 1]
	575176	429569	428897	7	M	132	A		-1	2084.01126114	[1, 1, 1, 1, 1, 1, 1, 1, 1, 1, 1, 1]
	579056	429569	424027	7	M	115	A		-1	2084.20577495	[1, 1, 1, 1, 1, 1, 1, 1, 1, 1, 1, 1]
	513601	425527	476101	7	M	17	A		-1	2085.29930197	[1, 1, 1, 1, 1, 1, 1, 1, 1, 1, 1, 1]
	569591	426600	436171	7	M	68	A		-1	2085.58827894	[1, 1, 1, 1, 1, 1, 1, 1, 1, 1, 1, 1]
	510395	425527	312903	7	M	75	A		-1	2086.31755855	[1, 1, 1, 1, 1, 1, 1, 1, 1, 1, 1, 1]
	565772	426600	407578	7	M	151	A		-1	2086.98232431	[1, 1, 1, 1, 1, 1, 1, 1, 1, 1, 1, 1]
	571368	426812	410032	7	M	9	A		-1	2087.68329727	[1, 1, 0, 1, 1, 1, 1, 1, 1, 1, 1, 1]
	429127	315278	297551	6	M	121	A		-1	2087.90287957	[1, 1, 1, 1, 1, 1, 1, 1, 1, 1, 1, 1]
	574898	429569	373354	7	M	67	A		-1	2087.97558656	[1, 1, 1, 1, 1, 1, 1, 1, 1, 1, 1, 1]
	549261	426263	381241	7	M	169	A		-1	2088.79520416	[1, 1, 1, 1, 1, 1, 1, 1, 1, 1, 1, 1]
	553832	426292	490972	7	M	81	A		-1	2088.80374209	[1, 1, 1, 1, 1, 1, 1, 1, 1, 1, 1, 1]
	533228	426036	329510	7	M	40	A		-1	2089.21848729	[1, 1, 1, 1, 1, 1, 1, 1, 1, 1, 1, 1]
	591210	427364	436793	7	M	183	A		-1	2089.53659735	[1, 1, 1, 1, 1, 1, 1, 1, 1, 1, 1, 1]
	441306	315659	289764	6	M	188	A		-1	2089.72321455	[1, 1, 1, 1, 1, 1, 1, 1, 1, 1, 1, 1]
	554599	426292	450980	7	M	32	A		-1	2090.07259268	[1, 1, 1, 1, 1, 1, 1, 1, 1, 1, 1, 1]
	412822	314428	361706	6	M	18	A		-1	2090.59544553	[1, 1, 1, 1, 1, 1, 1, 1, 1, 1, 1, 1]
	530446	426036	457933	7	M	86	A		-1	2091.23675377	[1, 1, 1, 1, 1, 1, 1, 1, 1, 1, 1, 1]
	498489	494439	435568	7	M	18	A		-1	2091.80723311	[1, 1, 1, 1, 1, 1, 1, 1, 1, 1, 1, 1]
	560479	426511	303418	7	M	92	A		-1	2092.1609528	[1, 0, 1, 1, 1, 1, 1, 0, 1, 1, 1, 1]
	462985	317317	345797	6	M	88	A		-1	2092.51997375	[1, 1, 1, 1, 1, 1, 1, 1, 1, 1, 1, 1]
	588243	427083	431307	7	M	38	A		-1	2093.4841646	[1, 1, 1, 1, 1, 1, 1, 1, 1, 1, 1, 0]
	555937	426397	442186	7	M	60	A		-1	2094.14222438	[1, 1, 1, 1, 1, 1, 1, 1, 1, 1, 1, 0]
	514612	425527	342998	7	M	15	A		-1	2094.38554967	[1, 1, 1, 1, 1, 1, 1, 1, 1, 1, 1, 1]
	511314	425527	438701	7	M	18	A		-1	2095.17442432	[1, 1, 1, 1, 1, 1, 1, 1, 1, 1, 1, 1]
	554110	426292	371086	7	M	177	A		-1	2095.30770791	[1, 1, 1, 1, 1, 1, 1, 1, 1, 1, 1, 1]
	541553	426158	396162	7	M	150	A		-1	2095.61527058	[1, 0, 1, 1, 1, 1, 1, 1, 1, 1, 1, 0]
	543339	426158	304936	7	M	6	A		-1	2095.76991193	[1, 1, 1, 1, 1, 1, 1, 1, 1, 1, 1, 1]
	544109	426158	426614	7	M	122	A		-1	2096.26296485	[1, 1, 1, 1, 1, 1, 1, 1, 1, 1, 1, 1]
	560729	426511	205208	7	M	133	A		-1	2096.91723831	[1, 1, 1, 1, 1, 1, 1, 1, 1, 1, 1, 1]
	513567	425527	417407	7	M	30	A		-1	2096.9792038	[1, 1, 1, 1, 1, 1, 1, 1, 1, 1, 1, 1]
	547792	426263	455915	7	M	193	A		-1	2097.00806247	[1, 1, 1, 1, 1, 1, 1, 1, 1, 1, 1, 1]
	558809	426397	477054	7	M	84	A		-1	2099.27955871	[1, 1, 1, 1, 1, 1, 1, 1, 1, 1, 1, 1]
	524112	425817	460507	7	M	140	A		-1	2100.99378965	[1, 1, 1, 1, 1, 1, 1, 1, 1, 1, 1, 1]
	553656	426292	469293	7	M	97	A		-1	2101.76392492	[1, 1, 1, 1, 1, 1, 1, 1, 1, 1, 1, 0]
	502794	426760	449402	7	M	116	A		-1	2101.88333986	[1, 1, 1, 1, 1, 1, 1, 1, 1, 1, 1, 1]
	551628	426292	424112	7	M	176	A		-1	2102.12760242	[1, 1, 1, 1, 1, 1, 1, 1, 1, 1, 1, 1]
	554523	426292	444101	7	M	119	A		-1	2102.32424832	[1, 1, 1, 1, 1, 1, 1, 1, 1, 1, 1, 1]
	593322	427364	493207	7	M	10	A		-1	2102.51370993	[1, 1, 1, 1, 1, 1, 1, 1, 1, 1, 1, 1]
	589762	427083	481317	7	M	172	A		-1	2102.93292974	[1, 1, 1, 1, 1, 1, 1, 1, 1, 1, 1, 1]
	554584	426292	476470	7	M	190	A		-1	2103.30554361	[1, 1, 1, 1, 1, 1, 1, 1, 1, 1, 1, 1]
	560447	426511	405544	7	M	75	A		-1	2104.55420267	[1, 1, 1, 1, 1, 1, 1, 1, 1, 1, 1, 1]
	579739	429569	414359	7	M	80	A		-1	2104.76443695	[1, 1, 1, 1, 1, 1, 1, 1, 1, 1, 1, 1]
	503291	426760	436808	7	M	58	A		-1	2105.54988583	[1, 1, 1, 1, 1, 1, 1, 1, 1, 1, 1, 1]
	556818	426397	244353	7	M	131	A		-1	2106.65082909	[1, 1, 1, 1, 1, 1, 1, 1, 1, 1, 1, 1]
	538439	426098	467940	7	M	59	A		-1	2106.81557139	[1, 1, 1, 0, 1, 1, 1, 1, 1, 1, 1, 1]
	592839	427364	489581	7	M	44	A		-1	2106.99693084	[1, 1, 1, 0, 1, 1, 1, 1, 1, 1, 1, 1]
	522001	425817	333351	7	M	48	A		-1	2107.09222808	[1, 1, 1, 1, 1, 1, 1, 1, 1, 1, 1, 1]
	523316	425817	426823	7	M	74	A		-1	2107.76894514	[1, 1, 1, 1, 1, 1, 1, 1, 1, 1, 1, 1]
	573187	426812	433517	7	M	22	A		-1	2109.01687265	[1, 1, 0, 1, 1, 1, 1, 1, 1, 1, 1, 1]
	575959	429569	407954	7	M	7	A		-1	2109.45256808	[1, 1, 1, 1, 0, 1, 1, 1, 1, 1, 1, 1]
	516165	425533	350922	7	M	170	A		-1	2110.22468967	[1, 1, 1, 1, 1, 1, 1, 1, 1, 1, 1, 1]
	587688	427083	434805	7	M	26	A		-1	2110.34055965	[1, 1, 1, 1, 1, 1, 1, 1, 1, 1, 1, 1]
	496288	494439	374577	7	M	35	A		-1	2110.74147579	[1, 1, 1, 1, 1, 1, 1, 1, 1, 1, 1, 1]
	499207	494439	469788	7	M	69	A		-1	2112.56794902	[1, 1, 1, 1, 1, 1, 1, 1, 1, 1, 1, 1]
	578317	429569	485727	7	M	149	A		-1	2113.5091664	[1, 1, 1, 1, 1, 1, 1, 1, 1, 1, 1, 1]
	541466	426158	409439	7	M	82	A		-1	2114.18345723	[1, 1, 1, 1, 1, 1, 1, 1, 1, 1, 1, 1]
	585111	427083	388521	7	M	16	A		-1	2114.39033713	[1, 1, 1, 1, 1, 1, 1, 1, 1, 1, 1, 1]
	473900	318425	375851	6	M	92	A		-1	2116.13421197	[1, 1, 1, 1, 1, 1, 1, 1, 1, 1, 1, 1]
	503856	426760	440214	7	M	162	A		-1	2116.45439577	[1, 1, 1, 1, 1, 1, 1, 1, 1, 1, 1, 1]
	559137	426397	428808	7	M	40	A		-1	2116.65492233	[1, 1, 1, 1, 1, 1, 1, 1, 1, 1, 1, 1]
	590073	427364	399223	7	M	130	A		-1	2116.89446413	[1, 1, 1, 1, 1, 1, 1, 1, 1, 1, 1, 1]
	522691	425817	458361	7	M	170	A		-1	2116.91739465	[1, 1, 1, 1, 1, 1, 1, 1, 1, 1, 1, 1]
	575061	429569	347727	7	M	194	A		-1	2117.86679791	[1, 1, 1, 1, 1, 1, 1, 1, 1, 1, 1, 1]
	514333	425527	352084	7	M	2	A		-1	2117.99385441	[1, 1, 1, 1, 1, 1, 1, 1, 1, 1, 1, 1]
	547662	426263	360798	7	M	62	A		-1	2118.70780427	[1, 1, 1, 1, 1, 1, 1, 1, 1, 1, 1, 1]
	544202	426158	441854	7	M	72	A		-1	2119.69394277	[1, 1, 1, 1, 1, 1, 1, 1, 1, 1, 1, 1]
	556614	426397	493397	7	M	171	A		-1	2120.37046252	[1, 1, 1, 1, 1, 1, 1, 1, 1, 1, 1, 1]
	497612	494439	403069	7	M	138	A		-1	2120.40337814	[1, 0, 1, 1, 1, 1, 1, 1, 1, 1, 1, 1]
	541407	426158	295509	7	M	61	A		-1	2120.78232047	[1, 1, 1, 1, 1, 1, 1, 1, 1, 1, 1, 1]
	590910	427364	302781	7	M	5	A		-1	2121.04695388	[1, 1, 1, 1, 1, 1, 1, 1, 1, 1, 1, 1]
	555093	426397	452893	7	M	161	A		-1	2121.27375255	[1, 1, 1, 1, 1, 1, 1, 1, 1, 1, 1, 1]
	591653	427364	439121	7	M	2	A		-1	2121.64809368	[1, 1, 1, 1, 1, 1, 1, 1, 1, 1, 1, 1]
	523675	425817	337161	7	M	51	A		-1	2121.93125872	[1, 1, 1, 1, 1, 1, 1, 1, 1, 1, 1, 1]
	535465	426098	427167	7	M	55	A		-1	2122.75637993	[1, 1, 1, 1, 1, 1, 1, 1, 1, 1, 1, 1]
	498350	494439	435885	7	M	98	A		-1	2123.56777739	[1, 1, 1, 1, 1, 1, 1, 1, 1, 1, 1, 1]
	494022	318601	375997	6	M	45	A		-1	2123.62281128	[1, 1, 1, 1, 1, 1, 1, 1, 1, 1, 1, 1]
	543909	426158	480362	7	M	101	A		-1	2123.65257066	[1, 1, 1, 0, 1, 1, 1, 1, 1, 1, 1, 1]
	593471	427364	305435	7	M	166	A		-1	2123.84653461	[1, 1, 1, 1, 1, 1, 1, 1, 1, 1, 1, 1]
	535744	426098	491987	7	M	38	A		-1	2126.32044213	[1, 1, 1, 1, 1, 1, 1, 1, 1, 1, 1, 0]
	575165	429569	195944	7	M	10	A		-1	2126.5771822	[1, 1, 1, 1, 1, 1, 1, 1, 1, 1, 1, 1]
	559317	426397	421801	7	M	167	A		-1	2128.17032492	[1, 1, 1, 1, 1, 1, 1, 1, 1, 1, 1, 1]
	592045	427364	462555	7	M	74	A		-1	2128.53172285	[1, 1, 1, 1, 1, 1, 1, 1, 1, 1, 1, 1]
	543698	426158	453466	7	M	38	A		-1	2129.39457168	[1, 1, 1, 1, 1, 1, 1, 1, 1, 1, 1, 1]
	586612	427083	380509	7	M	24	A		-1	2129.51858037	[1, 1, 1, 1, 1, 1, 1, 1, 1, 1, 1, 1]
	517812	425533	456057	7	M	41	A		-1	2130.66181858	[1, 1, 1, 1, 1, 1, 1, 1, 1, 1, 1, 1]
	535048	426098	389720	7	M	132	A		-1	2131.85722206	[1, 1, 1, 1, 1, 1, 1, 1, 1, 1, 1, 1]
	518081	425533	489705	7	M	39	A		-1	2132.77016008	[1, 1, 1, 1, 1, 1, 1, 1, 1, 1, 1, 1]
	511348	425527	402461	7	M	22	A		-1	2132.83215538	[1, 1, 1, 1, 1, 1, 1, 1, 1, 1, 1, 1]
	523912	425817	491557	7	M	104	A		-1	2133.8725799	[1, 1, 0, 1, 1, 1, 1, 1, 1, 1, 1, 1]
	504577	426760	487074	7	M	67	A		-1	2136.94015211	[1, 1, 1, 1, 1, 1, 1, 1, 1, 1, 1, 1]
	587589	427083	492442	7	M	109	A		-1	2138.23869208	[1, 1, 1, 1, 1, 1, 1, 1, 1, 1, 1, 1]
	540708	426158	300272	7	M	191	A		-1	2138.69699657	[1, 1, 1, 1, 1, 1, 1, 1, 1, 1, 1, 1]
	530290	426036	425210	7	M	127	A		-1	2138.70664682	[1, 1, 1, 1, 1, 1, 1, 1, 1, 1, 1, 1]
	543773	426158	417066	7	M	164	A		-1	2138.95431573	[1, 1, 1, 1, 1, 1, 1, 1, 1, 1, 1, 1]
	556737	426397	414301	7	M	85	A		-1	2139.11411036	[1, 0, 1, 1, 1, 1, 1, 1, 1, 1, 1, 1]
	556258	426397	454817	7	M	171	A		-1	2139.33892647	[1, 1, 1, 1, 1, 1, 1, 1, 1, 1, 1, 1]
	534626	426036	478632	7	M	180	A		-1	2139.3530001	[1, 1, 1, 1, 1, 1, 1, 1, 1, 1, 1, 1]
	556371	426397	345877	7	M	187	A		-1	2139.38536479	[1, 1, 1, 1, 1, 1, 1, 1, 1, 1, 1, 1]
	544339	426158	379115	7	M	76	A		-1	2139.43304334	[1, 1, 1, 1, 1, 1, 1, 1, 1, 1, 1, 1]
	559492	426397	450172	7	M	117	A		-1	2139.58874194	[1, 1, 1, 1, 1, 1, 1, 1, 1, 1, 1, 1]
	553209	426292	452807	7	M	110	A		-1	2139.98779652	[1, 1, 1, 1, 1, 1, 1, 1, 1, 1, 1, 1]
	557725	426397	402978	7	M	200	A		-1	2140.65657558	[1, 1, 1, 1, 1, 1, 1, 1, 1, 1, 1, 1]
	521439	425817	436948	7	M	39	A		-1	2141.28530199	[1, 1, 1, 1, 1, 1, 1, 1, 1, 1, 1, 1]
	530713	426036	407214	7	M	176	A		-1	2142.05546681	[1, 0, 1, 1, 1, 1, 1, 1, 1, 1, 1, 1]
	553598	426292	483312	7	M	39	A		-1	2143.22073043	[1, 1, 1, 1, 1, 1, 1, 1, 1, 1, 1, 1]
	584124	426914	244962	7	M	61	A		-1	2143.99877912	[1, 1, 1, 1, 1, 1, 1, 1, 1, 1, 1, 1]
	521498	425817	489747	7	M	125	A		-1	2146.20310156	[1, 1, 1, 1, 1, 1, 1, 1, 1, 1, 1, 1]
	566949	426600	387069	7	M	23	A		-1	2146.57435497	[1, 1, 1, 1, 1, 1, 1, 1, 1, 1, 1, 1]
	495981	494439	475521	7	M	83	A		-1	2146.8719237	[1, 1, 1, 1, 1, 1, 1, 1, 1, 1, 1, 1]
	525797	425980	413791	7	M	194	A		-1	2146.90168692	[1, 0, 1, 1, 1, 1, 1, 1, 1, 1, 1, 1]
	564913	426600	445456	7	M	4	A		-1	2147.1922483	[1, 1, 1, 1, 1, 1, 1, 1, 1, 1, 1, 1]
	521019	425817	482199	7	M	88	A		-1	2147.97371757	[1, 1, 1, 1, 1, 1, 1, 1, 1, 1, 1, 1]
	520798	425817	403904	7	M	111	A		-1	2148.8455611	[1, 1, 1, 1, 1, 1, 1, 1, 1, 1, 1, 1]
	556885	426397	468345	7	M	36	A		-1	2149.55658251	[1, 1, 1, 1, 1, 1, 1, 1, 1, 1, 1, 1]
	546814	426263	469834	7	M	94	A		-1	2149.74820849	[1, 1, 1, 1, 1, 1, 1, 1, 1, 1, 1, 1]
	523205	425817	323567	7	M	32	A		-1	2149.8326498	[1, 1, 1, 1, 1, 1, 1, 1, 1, 1, 1, 1]
	533508	426036	425111	7	M	81	A		-1	2150.09559362	[1, 1, 1, 1, 1, 1, 1, 1, 1, 1, 1, 1]
	566746	426600	466961	7	M	21	A		-1	2150.61621834	[1, 1, 1, 1, 1, 1, 1, 1, 1, 1, 1, 1]
	550467	426292	422412	7	M	77	A		-1	2150.65738033	[1, 1, 1, 1, 1, 1, 1, 1, 1, 1, 1, 1]
	574829	429569	404951	7	M	0	A		-1	2151.43516802	[1, 1, 1, 0, 1, 1, 1, 1, 1, 1, 1, 1]
	542666	426158	453155	7	M	116	A		-1	2151.59004434	[1, 1, 1, 1, 1, 1, 1, 1, 1, 1, 1, 1]
	553199	426292	454565	7	M	84	A		-1	2154.82533111	[1, 1, 1, 1, 1, 1, 1, 1, 1, 1, 1, 1]
	555788	426397	455182	7	M	170	A		-1	2155.51352944	[1, 1, 1, 1, 1, 1, 1, 1, 1, 1, 1, 1]
	579074	429569	454012	7	M	84	A		-1	2156.02718647	[1, 1, 1, 1, 1, 1, 1, 1, 1, 1, 1, 1]
	567043	426600	452148	7	M	117	A		-1	2156.42401766	[1, 0, 1, 1, 1, 1, 1, 1, 1, 1, 1, 1]
	549788	426292	421345	7	M	108	A		-1	2156.44820819	[1, 1, 1, 1, 1, 1, 1, 1, 1, 1, 1, 1]
	577562	429569	401203	7	M	155	A		-1	2156.59521451	[1, 1, 1, 1, 1, 1, 1, 1, 1, 1, 1, 1]
	526122	425980	467295	7	M	18	A		-1	2157.14413712	[1, 1, 1, 0, 1, 1, 1, 1, 1, 1, 1, 1]
	538709	426098	441749	7	M	84	A		-1	2157.46768927	[1, 1, 1, 1, 1, 1, 1, 1, 1, 1, 1, 1]
	540949	426158	323173	7	M	40	A		-1	2158.56825699	[1, 1, 1, 1, 1, 1, 1, 1, 1, 1, 1, 1]
	517914	425533	447532	7	M	183	A		-1	2160.98667049	[1, 1, 1, 1, 1, 1, 1, 1, 1, 1, 1, 1]
	586141	427083	429530	7	M	70	A		-1	2162.1167453	[1, 1, 1, 1, 1, 1, 1, 1, 1, 1, 1, 1]
	530886	426036	298311	7	M	134	A		-1	2162.32357792	[1, 1, 1, 1, 1, 1, 1, 1, 1, 1, 1, 0]
	574707	426812	396073	7	M	12	A		-1	2163.24309018	[1, 1, 1, 1, 1, 1, 1, 1, 1, 1, 1, 1]
	555891	426397	407969	7	M	162	A		-1	2163.44433126	[1, 1, 1, 1, 1, 1, 1, 1, 1, 1, 1, 1]
	553404	426292	443831	7	M	136	A		-1	2163.67694853	[1, 1, 1, 1, 1, 1, 1, 1, 1, 1, 1, 1]
	540531	426158	301616	7	M	56	A		-1	2165.59841539	[1, 1, 1, 1, 1, 1, 1, 1, 1, 1, 1, 0]
	583086	426914	450453	7	M	4	A		-1	2165.65080891	[1, 1, 1, 1, 1, 1, 1, 1, 1, 1, 1, 1]
	554022	426292	403029	7	M	123	A		-1	2165.85056354	[1, 1, 1, 1, 1, 1, 1, 1, 1, 1, 1, 1]
	429650	315278	384522	6	M	158	A		-1	2170.2074296	[1, 1, 1, 1, 1, 1, 1, 1, 1, 1, 1, 1]
	435861	315606	319741	6	M	85	A		-1	2171.38734915	[1, 1, 1, 1, 1, 1, 1, 1, 1, 1, 1, 1]
	460126	317317	304429	6	M	199	A		-1	2171.84250499	[1, 0, 1, 1, 1, 1, 1, 1, 1, 1, 1, 1]
	521746	425817	403708	7	M	197	A		-1	2172.3358584	[1, 1, 1, 1, 1, 1, 1, 1, 1, 1, 1, 1]
	523878	425817	332512	7	M	11	A		-1	2173.00123043	[1, 1, 1, 1, 1, 1, 1, 1, 1, 1, 1, 1]
	549545	426263	306381	7	M	136	A		-1	2173.22348966	[1, 1, 1, 1, 1, 1, 1, 1, 1, 1, 1, 1]
	511310	425527	477589	7	M	69	A		-1	2174.9897124	[1, 1, 1, 1, 1, 1, 1, 1, 1, 1, 1, 1]
	499659	494439	470185	7	M	52	A		-1	2176.25844697	[1, 1, 1, 1, 1, 1, 1, 1, 1, 1, 1, 1]
	511065	425527	475186	7	M	110	A		-1	2178.11450504	[1, 1, 1, 1, 1, 1, 1, 1, 1, 1, 1, 1]
	562333	426511	448119	7	M	190	A		-1	2178.1352925	[1, 1, 1, 1, 1, 1, 1, 1, 1, 1, 1, 1]
	543563	426158	399345	7	M	62	A		-1	2179.63512299	[1, 1, 1, 1, 1, 1, 1, 1, 1, 1, 1, 1]
	502498	426760	457325	7	M	81	A		-1	2179.70563472	[1, 1, 1, 1, 1, 1, 1, 1, 1, 1, 1, 1]
	507135	425479	312759	7	M	196	A		-1	2179.74882139	[1, 1, 1, 1, 1, 1, 1, 0, 1, 1, 1, 1]
	519357	425533	420027	7	M	48	A		-1	2181.40533771	[1, 1, 1, 1, 1, 1, 1, 1, 1, 1, 1, 1]
	590917	427364	277945	7	M	166	A		-1	2183.7355251	[1, 1, 1, 1, 1, 1, 1, 1, 1, 1, 1, 1]
	529894	426036	399781	7	M	73	A		-1	2184.10525262	[1, 1, 1, 1, 1, 1, 1, 1, 1, 1, 1, 1]
	578890	429569	453271	7	M	124	A		-1	2184.13848601	[1, 1, 1, 1, 1, 1, 1, 1, 1, 1, 1, 1]
	561210	426511	323060	7	M	160	A		-1	2184.67440685	[1, 1, 1, 1, 1, 1, 1, 1, 1, 1, 1, 1]
	569371	426600	300394	7	M	44	A		-1	2187.74021801	[1, 1, 1, 1, 1, 1, 1, 1, 1, 1, 1, 1]
	589488	427083	481383	7	M	49	A		-1	2189.62097366	[1, 1, 1, 1, 1, 1, 1, 1, 1, 1, 1, 1]
	556442	426397	456836	7	M	104	A		-1	2189.87222901	[1, 1, 1, 1, 1, 1, 1, 1, 1, 1, 1, 1]
	576158	429569	436048	7	M	28	A		-1	2190.6963742	[1, 1, 1, 1, 1, 1, 1, 1, 1, 1, 1, 1]
	562203	426511	339462	7	M	121	A		-1	2191.95877209	[1, 1, 1, 1, 1, 1, 1, 1, 1, 1, 1, 1]
	508238	425479	437726	7	M	42	A		-1	2193.16724081	[1, 1, 1, 1, 1, 1, 1, 1, 1, 1, 1, 1]
	564309	426511	317388	7	M	2	A		-1	2195.07342711	[1, 1, 1, 1, 1, 1, 1, 1, 1, 1, 1, 1]
	503125	426760	428301	7	M	172	A		-1	2195.11635943	[1, 1, 1, 1, 1, 1, 1, 1, 1, 1, 1, 1]
	515742	425533	486509	7	M	184	A		-1	2197.37330779	[1, 1, 1, 1, 1, 1, 1, 1, 1, 1, 1, 1]
	521608	425817	405417	7	M	82	A		-1	2201.75682464	[1, 1, 1, 1, 1, 1, 1, 1, 1, 1, 1, 1]
	515588	425533	395910	7	M	10	A		-1	2202.89873546	[1, 1, 1, 1, 1, 1, 1, 1, 1, 1, 1, 1]
	555194	426397	446594	7	M	75	A		-1	2204.19921316	[1, 1, 1, 1, 1, 1, 1, 1, 1, 1, 1, 1]
	556663	426397	468535	7	M	41	A		-1	2204.47468337	[1, 1, 1, 0, 1, 1, 1, 1, 1, 1, 1, 1]
	557831	426397	471713	7	M	192	A		-1	2205.19734031	[1, 1, 1, 1, 1, 1, 1, 1, 1, 1, 1, 1]
	556202	426397	446708	7	M	190	A		-1	2205.67412983	[1, 1, 1, 1, 1, 1, 1, 1, 1, 1, 1, 1]
	535340	426098	489937	7	M	87	A		-1	2211.6123946	[1, 1, 1, 1, 1, 1, 1, 1, 1, 1, 1, 0]
	523539	425817	473424	7	M	187	A		-1	2218.69009876	[1, 1, 1, 1, 1, 1, 1, 1, 1, 1, 1, 0]
	575562	429569	306016	7	M	85	A		-1	2220.45228476	[1, 1, 1, 1, 1, 1, 1, 1, 1, 1, 1, 1]
	513135	425527	485368	7	M	167	A		-1	2222.0307787	[1, 1, 1, 1, 1, 1, 1, 1, 1, 1, 1, 1]
	558719	426397	433784	7	M	57	A		-1	2228.85159353	[1, 1, 1, 1, 1, 1, 1, 1, 1, 1, 1, 1]
	576181	429569	439277	7	M	163	A		-1	2229.79615735	[1, 1, 1, 1, 1, 1, 1, 1, 1, 1, 1, 1]
	543730	426158	406201	7	M	70	A		-1	2231.06263044	[1, 1, 1, 1, 1, 1, 1, 1, 1, 1, 1, 1]
	517738	425533	493754	7	M	65	A		-1	2231.80437906	[1, 1, 1, 1, 1, 1, 1, 1, 1, 1, 1, 1]
	516212	425533	313757	7	M	57	A		-1	2232.3881355	[1, 1, 1, 1, 1, 1, 1, 1, 1, 1, 1, 1]
	535798	426098	395605	7	M	200	A		-1	2234.36822856	[1, 1, 1, 1, 1, 1, 1, 1, 1, 1, 1, 1]
	555518	426397	382569	7	M	40	A		-1	2234.48911532	[1, 1, 1, 1, 1, 1, 1, 1, 1, 1, 1, 1]
	546524	426263	454638	7	M	14	A		-1	2240.7857105	[1, 1, 1, 1, 1, 1, 1, 1, 1, 1, 1, 1]
	509279	425479	463868	7	M	8	A		-1	2246.07684122	[1, 1, 1, 1, 1, 1, 1, 1, 1, 1, 1, 1]
	574876	429569	449648	7	M	31	A		-1	2246.97957964	[1, 1, 1, 1, 1, 1, 1, 1, 1, 1, 1, 1]
	516964	425533	436198	7	M	181	A		-1	2248.30495468	[1, 1, 1, 1, 1, 1, 1, 1, 1, 1, 1, 1]
	517390	425533	480816	7	M	128	A		-1	2260.41626004	[1, 1, 1, 1, 1, 1, 1, 1, 1, 1, 1, 1]
	559722	426397	427497	7	M	60	A		-1	2263.91221112	[1, 1, 1, 1, 1, 1, 1, 1, 1, 1, 1, 1]
	561358	426511	474110	7	M	9	A		-1	2275.3070984	[1, 1, 1, 1, 1, 1, 1, 1, 1, 1, 1, 1]
	467983	317623	334801	6	M	33	A		-1	2276.63566785	[1, 0, 1, 1, 1, 1, 1, 1, 1, 1, 1, 1]
	460127	317317	363868	6	M	176	A		-1	2280.16812005	[1, 1, 1, 1, 1, 1, 1, 1, 1, 1, 1, 1]
	540471	426158	328741	7	M	21	A		-1	2280.77046537	[1, 1, 1, 1, 1, 1, 1, 1, 1, 1, 1, 1]
	547050	426263	448185	7	M	62	A		-1	2286.23292738	[1, 1, 1, 1, 1, 1, 1, 1, 1, 1, 1, 1]
	585750	427083	473094	7	M	192	A		-1	2286.72784515	[1, 1, 1, 1, 1, 1, 1, 1, 1, 1, 1, 1]
	569402	426600	454433	7	M	167	A		-1	2293.90062837	[1, 1, 1, 1, 1, 1, 1, 1, 1, 1, 1, 1]
	523246	425817	436533	7	M	164	A		-1	2302.2784905	[1, 1, 1, 1, 1, 1, 1, 1, 1, 1, 1, 1]
	540639	426158	432391	7	M	129	A		-1	2302.50823879	[1, 1, 1, 1, 1, 1, 1, 1, 1, 1, 1, 1]
	567959	426600	366129	7	M	116	A		-1	2303.6528769	[1, 1, 1, 1, 1, 1, 1, 1, 1, 1, 1, 0]
	541156	426158	408804	7	M	115	A		-1	2310.34904158	[1, 1, 1, 1, 1, 1, 1, 1, 1, 1, 1, 1]
	508958	425479	435972	7	M	199	A		-1	2310.63601015	[1, 1, 1, 1, 1, 1, 1, 1, 1, 1, 1, 1]
	578570	429569	319687	7	M	25	A		-1	2318.7677113	[1, 1, 1, 1, 1, 1, 1, 1, 1, 1, 1, 1]
	554035	426292	429585	7	M	74	A		-1	2340.35639998	[1, 1, 1, 1, 1, 1, 1, 1, 1, 1, 1, 1]
	557625	426397	469950	7	M	160	A		-1	2380.37427189	[1, 1, 1, 1, 1, 1, 1, 1, 1, 1, 1, 0]
	542225	426158	425835	7	M	134	A		-1	2386.38067503	[1, 0, 1, 1, 1, 1, 1, 1, 1, 1, 1, 1]
	567755	426600	438646	7	M	134	A		-1	2406.50972586	[1, 1, 1, 1, 1, 1, 1, 1, 1, 1, 1, 1]
	533571	426036	347231	7	M	88	A		-1	2412.7046786	[1, 1, 1, 1, 1, 1, 1, 1, 1, 1, 1, 1]
	512909	425527	475690	7	M	141	A		-1	2413.81047262	[1, 1, 1, 1, 1, 1, 1, 1, 1, 1, 1, 1]
	516353	425533	428008	7	M	101	A		-1	2490.94715155	[1, 1, 1, 1, 1, 1, 1, 1, 1, 1, 1, 1]
	568398	426600	476561	7	M	4	A		-1	2502.95907776	[1, 1, 1, 1, 1, 1, 1, 1, 1, 1, 1, 1]
