animal	sire	dam	born	sex	herd	status	cause	died	TBV	recessives
	140988	81948	87811	3	M	51	A		-1	1124.38723331	[1, 1, 1, 1, 1, 1, 1, 1, 1, 1, 1, 1]
	137137	81866	73336	3	M	106	A		-1	1124.43017798	[1, 1, 1, 1, 1, 1, 1, 1, 1, 1, 1, 0]
	183984	82886	74488	3	M	196	A		-1	1124.51385375	[1, 1, 1, 1, 1, 1, 1, 1, 1, 1, 1, 1]
	165224	82704	10303	3	M	36	A		-1	1124.98053298	[1, 1, 1, 1, 1, 1, 1, 1, 1, 1, 1, 1]
	173083	82851	84342	3	M	178	A		-1	1125.29544166	[1, 1, 1, 1, 1, 1, 1, 1, 1, 1, 1, 0]
	147023	82037	82158	3	M	12	A		-1	1125.64282085	[1, 1, 1, 1, 1, 1, 1, 1, 1, 1, 1, 1]
	148671	82186	57581	3	M	43	A		-1	1125.7848632	[1, 1, 1, 1, 1, 1, 1, 1, 1, 1, 1, 1]
	167538	82704	70716	3	M	135	A		-1	1125.82963676	[1, 1, 1, 1, 1, 1, 1, 1, 1, 1, 1, 1]
	166205	82704	105698	3	M	94	A		-1	1126.18475872	[1, 1, 1, 1, 1, 1, 1, 1, 1, 1, 0, 0]
	165827	82704	89149	3	M	124	A		-1	1126.59047826	[1, 1, 1, 1, 1, 1, 1, 1, 1, 1, 1, 1]
	151427	82186	17692	3	M	129	A		-1	1126.61734634	[1, 1, 1, 1, 1, 1, 1, 1, 1, 1, 1, 1]
	192714	82930	2087	3	M	9	A		-1	1126.77861737	[1, 1, 0, 1, 1, 1, 1, 1, 1, 1, 1, 1]
	150180	82186	112712	3	M	7	A		-1	1126.78733277	[1, 1, 1, 1, 1, 1, 1, 1, 1, 1, 1, 1]
	136198	81866	117547	3	M	200	A		-1	1126.8638721	[1, 0, 1, 1, 1, 1, 1, 1, 1, 1, 1, 0]
	127535	122758	97489	3	M	170	A		-1	1126.95862824	[1, 1, 1, 1, 1, 1, 1, 1, 1, 1, 1, 1]
	166132	82704	113213	3	M	4	A		-1	1126.98548793	[1, 1, 1, 1, 1, 1, 1, 1, 1, 1, 1, 1]
	167203	82704	106273	3	M	162	A		-1	1127.26943095	[1, 1, 1, 1, 1, 1, 1, 1, 1, 1, 0, 1]
	165844	82704	99991	3	M	180	A		-1	1127.60650013	[1, 1, 1, 1, 1, 1, 1, 1, 1, 1, 1, 1]
	146546	82037	38015	3	M	184	A		-1	1127.81924088	[1, 1, 1, 1, 1, 1, 1, 1, 1, 1, 1, 1]
	182620	82875	108967	3	M	182	A		-1	1127.91827992	[1, 1, 1, 0, 1, 1, 1, 1, 1, 1, 1, 1]
	174956	82851	47734	3	M	48	A		-1	1128.01551923	[1, 1, 1, 1, 1, 1, 1, 1, 1, 1, 1, 0]
	131548	83120	108853	3	M	166	A		-1	1128.13871986	[1, 1, 1, 1, 1, 1, 1, 1, 1, 1, 1, 1]
	64816	35115	29466	1	M	65	A		-1	1128.85695524	[1, 1, 1, 1, 1, 1, 1, 1, 1, 1, 1, 1]
	64291	35115	28941	1	M	189	A		-1	1128.92753021	[1, 1, 1, 1, 1, 1, 1, 1, 1, 1, 1, 1]
	152014	82186	43777	3	M	160	A		-1	1129.15798042	[1, 1, 1, 1, 1, 1, 1, 1, 1, 1, 1, 1]
	152159	82186	118206	3	M	179	A		-1	1129.16633873	[1, 1, 1, 1, 1, 1, 1, 1, 1, 1, 1, 1]
	168463	82723	101212	3	M	134	A		-1	1129.40327364	[1, 0, 1, 1, 1, 1, 1, 1, 1, 1, 1, 1]
	151326	82186	48041	3	M	48	A		-1	1129.43996035	[1, 1, 1, 1, 1, 1, 1, 1, 1, 1, 1, 1]
	180696	82875	115072	3	M	188	A		-1	1129.44467647	[1, 1, 1, 0, 1, 1, 1, 1, 1, 1, 1, 0]
	157489	82327	64106	3	M	161	A		-1	1129.76539567	[1, 1, 1, 1, 1, 1, 1, 1, 1, 1, 1, 1]
	130393	83120	46404	3	M	167	A		-1	1129.87826331	[1, 1, 1, 1, 1, 1, 1, 1, 1, 1, 1, 1]
	129866	83120	24969	3	M	81	A		-1	1129.94848804	[1, 1, 1, 1, 1, 1, 1, 1, 1, 1, 1, 1]
	133901	81866	74600	3	M	198	A		-1	1130.296801	[1, 1, 1, 1, 1, 0, 1, 1, 1, 1, 1, 1]
	185494	82886	122415	3	M	28	A		-1	1130.46351992	[1, 1, 1, 1, 1, 1, 1, 1, 1, 1, 1, 1]
	163779	82704	45115	3	M	96	A		-1	1130.55313699	[1, 1, 1, 1, 1, 1, 1, 1, 1, 1, 1, 1]
	190626	82930	70259	3	M	154	A		-1	1130.56842866	[1, 1, 1, 1, 1, 1, 1, 1, 1, 1, 1, 1]
	74942	69982	47466	2	M	15	A		-1	1130.81917365	[1, 1, 1, 1, 1, 1, 1, 1, 1, 1, 1, 1]
	129481	83120	98237	3	M	165	A		-1	1130.82236746	[1, 1, 1, 1, 1, 1, 1, 1, 1, 1, 1, 1]
	177000	82851	60851	3	M	75	A		-1	1130.83268247	[1, 1, 1, 1, 1, 1, 1, 1, 1, 1, 1, 1]
	128931	83120	104329	3	M	192	A		-1	1130.88265379	[1, 1, 1, 1, 1, 1, 1, 1, 1, 1, 1, 1]
	162813	82704	68318	3	M	54	A		-1	1130.93977458	[1, 1, 1, 1, 1, 1, 1, 1, 1, 1, 1, 1]
	184030	82886	94092	3	M	177	A		-1	1130.99448162	[1, 1, 1, 1, 1, 1, 1, 1, 1, 1, 1, 1]
	131028	83120	90652	3	M	114	A		-1	1131.0022514	[1, 1, 1, 1, 1, 1, 1, 1, 1, 1, 1, 1]
	160818	82588	109612	3	M	132	A		-1	1131.15787882	[1, 1, 1, 1, 1, 1, 1, 1, 1, 1, 1, 1]
	151454	82186	92459	3	M	93	A		-1	1131.16028481	[1, 1, 1, 1, 1, 1, 1, 1, 1, 1, 1, 1]
	177161	82851	116085	3	M	192	A		-1	1131.4691293	[1, 1, 1, 1, 1, 1, 1, 1, 1, 1, 1, 0]
	182919	82886	38509	3	M	5	A		-1	1132.18437614	[1, 1, 1, 1, 1, 1, 1, 1, 1, 1, 1, 1]
	148823	82186	92404	3	M	113	A		-1	1132.43885404	[1, 1, 1, 1, 1, 1, 1, 1, 1, 1, 1, 0]
	148961	82186	86968	3	M	149	A		-1	1132.50046451	[1, 1, 1, 1, 1, 1, 1, 1, 1, 1, 1, 1]
	127276	122758	48103	3	M	26	A		-1	1133.17344856	[1, 1, 1, 1, 1, 1, 1, 1, 1, 1, 1, 1]
	148197	82186	49385	3	M	165	A		-1	1133.37188408	[1, 1, 1, 1, 1, 1, 1, 1, 1, 1, 1, 1]
	194432	83050	45769	3	M	95	A		-1	1133.57060396	[1, 1, 1, 1, 1, 1, 1, 1, 1, 1, 1, 1]
	151221	82186	95783	3	M	73	A		-1	1133.86460481	[1, 1, 1, 1, 1, 1, 1, 1, 1, 1, 1, 1]
	154242	82327	116977	3	M	5	A		-1	1134.15255491	[1, 1, 1, 1, 1, 1, 1, 1, 1, 1, 1, 1]
	152678	82186	115300	3	M	149	A		-1	1134.23020449	[1, 1, 1, 1, 1, 1, 1, 1, 1, 1, 1, 1]
	169691	82723	103258	3	M	156	A		-1	1134.30432987	[1, 1, 1, 1, 1, 1, 1, 1, 1, 1, 1, 1]
	188636	82930	67871	3	M	182	A		-1	1135.11507514	[1, 1, 1, 1, 1, 1, 1, 1, 1, 1, 1, 1]
	149633	82186	74277	3	M	5	A		-1	1135.51762457	[1, 1, 1, 1, 1, 1, 1, 1, 1, 1, 1, 1]
	128631	83120	80454	3	M	146	A		-1	1135.66794453	[1, 1, 1, 1, 1, 1, 1, 1, 1, 1, 1, 1]
	174055	82851	89705	3	M	67	A		-1	1135.89883708	[1, 1, 1, 1, 1, 1, 1, 1, 1, 1, 1, 1]
	126890	122758	35390	3	M	184	A		-1	1136.15944554	[1, 1, 1, 1, 1, 1, 1, 1, 1, 1, 1, 1]
	152219	82186	63211	3	M	149	A		-1	1136.30300968	[1, 1, 1, 1, 1, 1, 1, 1, 1, 1, 1, 1]
	128414	83120	85578	3	M	100	A		-1	1136.43341584	[1, 1, 1, 1, 1, 1, 1, 1, 1, 1, 1, 1]
	152059	82186	122526	3	M	81	A		-1	1136.52610085	[1, 1, 1, 1, 1, 1, 1, 1, 1, 1, 1, 1]
	134020	81866	89700	3	M	157	A		-1	1137.2392243	[1, 1, 1, 1, 1, 1, 1, 1, 1, 1, 1, 1]
	147998	82186	39491	3	M	51	A		-1	1137.48149649	[1, 1, 1, 1, 1, 1, 1, 1, 1, 1, 1, 1]
	152620	82186	108035	3	M	175	A		-1	1137.73901076	[1, 1, 1, 1, 1, 1, 1, 1, 1, 1, 1, 1]
	182009	82875	8768	3	M	39	A		-1	1137.74589352	[1, 1, 1, 0, 1, 1, 1, 1, 1, 1, 1, 1]
	150191	82186	77717	3	M	16	A		-1	1137.95367322	[1, 1, 1, 1, 1, 1, 1, 1, 1, 1, 1, 1]
	134634	81866	101906	3	M	126	A		-1	1138.00761084	[1, 1, 1, 1, 1, 1, 1, 1, 1, 1, 1, 0]
	160523	82588	119403	3	M	132	A		-1	1138.01981425	[1, 1, 1, 1, 1, 1, 1, 1, 1, 1, 1, 1]
	150253	82186	39368	3	M	76	A		-1	1138.15029584	[1, 1, 1, 1, 1, 1, 1, 1, 1, 1, 1, 1]
	170069	82723	106546	3	M	119	A		-1	1138.34046433	[1, 1, 1, 1, 1, 1, 1, 1, 1, 1, 1, 1]
	151254	82186	25303	3	M	110	A		-1	1138.70638192	[1, 1, 1, 1, 1, 1, 1, 1, 1, 1, 1, 1]
	136558	81866	17646	3	M	150	A		-1	1138.72598019	[1, 1, 1, 1, 1, 1, 1, 1, 1, 1, 1, 0]
	147800	82186	119436	3	M	116	A		-1	1138.7463093	[1, 1, 1, 1, 1, 1, 1, 1, 1, 1, 1, 1]
	147962	82186	36423	3	M	82	A		-1	1138.92201067	[1, 1, 1, 1, 1, 1, 1, 1, 1, 1, 1, 0]
	137220	81866	29786	3	M	100	A		-1	1139.05176243	[1, 1, 1, 1, 1, 1, 1, 1, 1, 1, 1, 0]
	151393	82186	102918	3	M	13	A		-1	1139.21559124	[1, 1, 1, 1, 1, 1, 1, 1, 1, 1, 1, 1]
	151803	82186	46657	3	M	166	A		-1	1139.29023305	[1, 1, 1, 1, 1, 1, 1, 1, 1, 1, 1, 1]
	151882	82186	113524	3	M	175	A		-1	1140.57421901	[1, 1, 1, 1, 1, 1, 1, 1, 1, 1, 1, 1]
	164841	82704	85193	3	M	13	A		-1	1140.71894859	[1, 1, 1, 1, 1, 1, 1, 1, 1, 1, 1, 1]
	134592	81866	70443	3	M	106	A		-1	1140.85614323	[1, 1, 1, 1, 1, 1, 1, 1, 1, 1, 1, 0]
	150731	82186	71880	3	M	95	A		-1	1140.9580114	[1, 1, 1, 1, 1, 1, 1, 1, 1, 1, 1, 1]
	141963	81948	87392	3	M	179	A		-1	1141.67834184	[1, 1, 1, 1, 1, 1, 1, 1, 1, 1, 1, 1]
	162911	82704	75108	3	M	48	A		-1	1141.87303147	[1, 1, 1, 1, 1, 1, 1, 1, 1, 1, 1, 1]
	193316	83050	111435	3	M	176	A		-1	1142.4943215	[1, 1, 1, 1, 1, 1, 1, 1, 1, 1, 1, 1]
	148265	82186	48648	3	M	117	A		-1	1142.99405796	[1, 1, 1, 1, 1, 1, 1, 1, 1, 1, 1, 1]
	186532	82886	114572	3	M	36	A		-1	1143.0966301	[1, 1, 1, 1, 1, 1, 1, 1, 1, 1, 1, 1]
	152542	82186	99873	3	M	55	A		-1	1143.23276017	[1, 1, 1, 1, 1, 1, 1, 1, 1, 1, 1, 1]
	129031	83120	63480	3	M	127	A		-1	1143.28774582	[1, 1, 1, 1, 1, 1, 1, 1, 1, 1, 1, 1]
	149285	82186	97146	3	M	168	A		-1	1143.58827817	[1, 1, 1, 1, 1, 1, 1, 1, 1, 1, 1, 1]
	135509	81866	63968	3	M	87	A		-1	1143.65033425	[1, 1, 1, 1, 1, 1, 1, 1, 1, 1, 1, 1]
	182958	82886	115943	3	M	27	A		-1	1143.90448767	[1, 1, 1, 1, 1, 1, 1, 1, 1, 1, 1, 1]
	184101	82886	72543	3	M	44	A		-1	1144.02494223	[1, 1, 1, 1, 1, 1, 1, 1, 1, 1, 1, 1]
	162838	82704	49636	3	M	163	A		-1	1144.39886474	[1, 1, 1, 1, 1, 1, 1, 1, 1, 1, 1, 1]
	148986	82186	114432	3	M	121	A		-1	1144.46159339	[1, 1, 1, 1, 1, 1, 1, 1, 1, 1, 1, 1]
	135221	81866	93497	3	M	156	A		-1	1144.68161148	[1, 1, 1, 1, 1, 1, 1, 1, 1, 1, 1, 0]
	152525	82186	50158	3	M	128	A		-1	1144.86495482	[1, 1, 1, 1, 1, 1, 1, 1, 1, 1, 1, 1]
	124828	122758	99640	3	M	64	A		-1	1145.48998669	[1, 1, 1, 0, 1, 1, 1, 1, 1, 1, 1, 1]
	147875	82186	109023	3	M	83	A		-1	1145.58224301	[1, 1, 1, 1, 1, 1, 1, 1, 1, 1, 1, 1]
	150245	82186	112224	3	M	70	A		-1	1145.78780357	[1, 1, 1, 1, 1, 1, 1, 1, 1, 1, 1, 1]
	147906	82186	86289	3	M	28	A		-1	1145.90793854	[1, 1, 1, 1, 1, 1, 1, 1, 1, 1, 1, 1]
	152354	82186	51789	3	M	194	A		-1	1146.09076771	[1, 1, 1, 1, 1, 1, 1, 1, 1, 1, 1, 1]
	148675	82186	77286	3	M	183	A		-1	1146.10082134	[1, 1, 1, 1, 1, 1, 1, 1, 1, 1, 1, 1]
	138218	81948	76725	3	M	125	A		-1	1146.1463434	[1, 1, 1, 1, 1, 1, 1, 1, 1, 1, 1, 1]
	152061	82186	71348	3	M	94	A		-1	1146.21979391	[1, 1, 1, 1, 1, 1, 1, 1, 1, 1, 1, 1]
	166398	82704	115980	3	M	100	A		-1	1146.67844712	[1, 1, 1, 1, 1, 1, 1, 1, 1, 1, 1, 1]
	132615	83120	89981	3	M	188	A		-1	1146.72243825	[1, 1, 1, 1, 1, 1, 1, 1, 1, 1, 1, 1]
	152074	82186	95605	3	M	145	A		-1	1147.05898614	[1, 1, 1, 1, 1, 1, 1, 1, 1, 1, 1, 1]
	159236	82588	71555	3	M	188	A		-1	1147.07263236	[1, 1, 1, 1, 1, 1, 1, 1, 1, 1, 1, 1]
	130667	83120	113727	3	M	150	A		-1	1147.41011824	[1, 1, 1, 1, 1, 1, 1, 1, 1, 1, 1, 1]
	160340	82588	75344	3	M	200	A		-1	1147.46816531	[1, 1, 1, 1, 1, 1, 1, 1, 1, 1, 1, 1]
	156575	82327	117907	3	M	63	A		-1	1147.47225022	[1, 1, 1, 1, 1, 1, 1, 1, 1, 1, 1, 1]
	123989	122758	113678	3	M	39	A		-1	1147.53204553	[1, 1, 1, 1, 1, 1, 1, 1, 1, 1, 1, 1]
	185809	82886	82097	3	M	29	A		-1	1147.67557922	[1, 1, 1, 1, 1, 1, 1, 1, 1, 1, 1, 1]
	140673	81948	98966	3	M	87	A		-1	1147.94084417	[1, 1, 1, 1, 1, 1, 1, 1, 1, 1, 1, 1]
	178583	82875	48124	3	M	125	A		-1	1148.17359656	[1, 1, 1, 0, 1, 1, 1, 1, 1, 1, 1, 1]
	159695	82588	86063	3	M	95	A		-1	1148.49728782	[1, 1, 1, 1, 1, 1, 1, 1, 1, 1, 1, 1]
	146429	82037	76001	3	M	28	A		-1	1148.82596736	[1, 1, 1, 1, 1, 1, 1, 1, 1, 1, 1, 1]
	143058	82037	113318	3	M	97	A		-1	1149.73811393	[1, 1, 1, 1, 1, 1, 1, 1, 1, 1, 1, 1]
	147873	82186	59659	3	M	173	A		-1	1150.21323073	[1, 1, 0, 1, 1, 1, 1, 1, 1, 1, 1, 1]
	154018	82327	81947	3	M	198	A		-1	1150.53098184	[1, 1, 1, 1, 1, 1, 1, 1, 1, 1, 1, 1]
	177432	82851	92848	3	M	67	A		-1	1150.94942058	[1, 1, 1, 0, 1, 1, 1, 1, 1, 1, 1, 1]
	125984	122758	74476	3	M	153	A		-1	1151.24612346	[1, 1, 1, 1, 1, 1, 1, 1, 1, 1, 1, 1]
	133555	81866	68236	3	M	146	A		-1	1151.44220537	[1, 1, 1, 1, 1, 1, 1, 1, 1, 1, 0, 1]
	156754	82327	112513	3	M	159	A		-1	1151.57905719	[0, 1, 1, 1, 1, 1, 1, 1, 1, 1, 1, 1]
	180543	82875	110734	3	M	120	A		-1	1151.64288862	[1, 1, 1, 1, 1, 1, 1, 1, 1, 1, 1, 1]
	139591	81948	78797	3	M	61	A		-1	1152.0789487	[1, 1, 1, 1, 1, 1, 1, 1, 1, 1, 1, 1]
	176138	82851	118275	3	M	26	A		-1	1152.80145695	[1, 1, 1, 1, 1, 1, 1, 1, 1, 1, 1, 1]
	149095	82186	121161	3	M	56	A		-1	1153.14061605	[1, 1, 1, 1, 1, 1, 1, 1, 1, 1, 1, 1]
	74531	69982	29128	2	M	128	A		-1	1153.20062679	[1, 1, 1, 1, 1, 1, 1, 1, 1, 1, 1, 1]
	173897	82851	106323	3	M	77	A		-1	1153.29452388	[1, 1, 1, 1, 1, 1, 1, 1, 1, 1, 1, 0]
	148423	82186	38143	3	M	36	A		-1	1153.52639443	[1, 1, 1, 1, 1, 1, 1, 1, 1, 1, 1, 1]
	182751	82875	99140	3	M	5	A		-1	1153.52866022	[1, 1, 1, 0, 1, 1, 1, 1, 1, 1, 1, 1]
	184005	82886	46248	3	M	75	A		-1	1153.60959297	[1, 1, 1, 1, 1, 1, 1, 1, 1, 1, 1, 1]
	161009	82588	103233	3	M	124	A		-1	1153.61933565	[1, 1, 1, 1, 1, 1, 1, 1, 1, 1, 1, 1]
	177004	82851	64369	3	M	168	A		-1	1153.96767294	[1, 1, 1, 1, 1, 1, 1, 1, 1, 1, 1, 1]
	136240	81866	36257	3	M	53	A		-1	1154.07557205	[1, 1, 1, 1, 1, 1, 1, 1, 1, 1, 1, 0]
	167048	82704	79134	3	M	11	A		-1	1154.44012786	[1, 1, 1, 1, 1, 1, 1, 1, 1, 1, 1, 1]
	138805	81948	97930	3	M	195	A		-1	1154.51158059	[1, 1, 1, 0, 1, 1, 1, 1, 1, 1, 1, 1]
	143084	82037	49478	3	M	124	A		-1	1154.54112578	[1, 1, 1, 1, 1, 1, 1, 1, 1, 1, 1, 1]
	136740	81866	71024	3	M	41	A		-1	1154.59846439	[1, 1, 1, 1, 1, 1, 1, 1, 1, 1, 1, 1]
	170953	82723	53607	3	M	125	A		-1	1154.82128916	[1, 1, 1, 1, 1, 1, 1, 1, 1, 1, 1, 1]
	189305	82930	90829	3	M	3	A		-1	1154.87123641	[1, 1, 1, 1, 1, 1, 1, 1, 1, 1, 1, 1]
	190762	82930	29365	3	M	192	A		-1	1155.34879502	[1, 1, 1, 1, 1, 1, 1, 1, 1, 1, 1, 1]
	148245	82186	105530	3	M	146	A		-1	1155.36999736	[1, 1, 1, 1, 1, 1, 1, 1, 1, 1, 1, 1]
	149586	82186	35493	3	M	165	A		-1	1155.75618745	[1, 1, 1, 1, 1, 1, 1, 1, 1, 1, 1, 1]
	149129	82186	117151	3	M	155	A		-1	1156.35780061	[1, 1, 1, 1, 1, 1, 1, 1, 1, 1, 1, 1]
	166550	82704	102030	3	M	14	A		-1	1156.79762268	[1, 1, 1, 1, 1, 1, 1, 1, 1, 1, 1, 1]
	173384	82851	93110	3	M	50	A		-1	1156.80114443	[1, 1, 1, 1, 1, 1, 1, 1, 1, 1, 1, 0]
	127945	83120	75534	3	M	87	A		-1	1157.2967584	[1, 1, 1, 1, 1, 1, 1, 1, 1, 1, 1, 0]
	148444	82186	46886	3	M	66	A		-1	1157.65242621	[1, 1, 1, 1, 1, 1, 1, 1, 1, 1, 1, 1]
	181265	82875	101827	3	M	160	A		-1	1157.66918547	[1, 1, 1, 1, 1, 1, 1, 1, 1, 1, 1, 1]
	148095	82186	11347	3	M	35	A		-1	1157.68120703	[1, 1, 1, 1, 1, 1, 1, 1, 1, 1, 1, 1]
	129780	83120	81221	3	M	147	A		-1	1157.77167922	[1, 1, 1, 1, 1, 1, 1, 1, 1, 1, 1, 1]
	153337	82327	51632	3	M	160	A		-1	1158.27984669	[1, 1, 1, 1, 1, 1, 1, 1, 1, 1, 1, 1]
	192909	83050	96782	3	M	185	A		-1	1158.28342348	[1, 1, 1, 0, 1, 1, 1, 1, 1, 1, 1, 1]
	160909	82588	73297	3	M	45	A		-1	1158.41813311	[1, 1, 1, 1, 1, 1, 1, 1, 1, 1, 1, 1]
	150359	82186	103920	3	M	192	A		-1	1158.93267367	[1, 1, 1, 1, 1, 1, 1, 1, 1, 1, 1, 1]
	160292	82588	87979	3	M	191	A		-1	1159.27084685	[1, 1, 1, 1, 1, 1, 1, 1, 1, 1, 1, 1]
	135726	81866	71015	3	M	125	A		-1	1159.27729699	[1, 1, 1, 1, 1, 1, 1, 1, 1, 1, 1, 1]
	141513	81948	111262	3	M	49	A		-1	1159.92884074	[1, 1, 1, 1, 1, 1, 1, 1, 1, 1, 1, 1]
	182574	82875	43258	3	M	175	A		-1	1160.06297771	[1, 1, 1, 0, 1, 1, 1, 1, 1, 1, 1, 1]
	141604	81948	116008	3	M	72	A		-1	1160.58618659	[1, 1, 1, 1, 1, 1, 1, 1, 1, 1, 1, 1]
	194094	83050	102798	3	M	23	A		-1	1161.2879994	[1, 1, 1, 1, 1, 1, 1, 1, 1, 1, 1, 1]
	124591	122758	108172	3	M	175	A		-1	1161.3488119	[1, 1, 1, 1, 1, 1, 1, 1, 1, 1, 1, 1]
	148813	82186	54477	3	M	118	A		-1	1161.56204004	[1, 1, 1, 1, 1, 1, 1, 1, 1, 1, 1, 0]
	161088	82588	109587	3	M	188	A		-1	1162.37496901	[1, 1, 1, 1, 1, 1, 1, 1, 1, 1, 1, 1]
	160352	82588	80468	3	M	99	A		-1	1162.39971424	[1, 1, 1, 1, 1, 1, 1, 1, 1, 1, 1, 1]
	164291	82704	65364	3	M	82	A		-1	1162.49535713	[1, 1, 1, 1, 1, 1, 1, 1, 1, 1, 1, 1]
	166161	82704	120108	3	M	62	A		-1	1162.63102412	[1, 1, 1, 1, 1, 1, 1, 1, 1, 1, 1, 1]
	151345	82186	82108	3	M	38	A		-1	1162.80102094	[1, 1, 1, 1, 1, 1, 1, 1, 1, 1, 1, 1]
	181531	82875	89376	3	M	110	A		-1	1163.43085702	[1, 1, 1, 1, 1, 1, 1, 1, 1, 1, 1, 1]
	175301	82851	2894	3	M	92	A		-1	1163.80648766	[1, 1, 1, 1, 1, 1, 1, 1, 1, 1, 1, 0]
	148788	82186	74483	3	M	180	A		-1	1163.86693539	[1, 1, 1, 1, 1, 1, 1, 1, 1, 1, 1, 1]
	165479	82704	100910	3	M	168	A		-1	1164.11800944	[1, 1, 1, 1, 1, 1, 1, 1, 1, 1, 1, 1]
	177374	82851	114938	3	M	36	A		-1	1164.13729293	[1, 1, 1, 1, 1, 1, 1, 1, 1, 1, 1, 0]
	152265	82186	113628	3	M	4	A		-1	1164.17485619	[1, 1, 1, 1, 1, 1, 1, 1, 1, 1, 1, 1]
	162914	82704	117235	3	M	87	A		-1	1164.4681454	[1, 1, 1, 1, 1, 1, 1, 1, 1, 1, 1, 1]
	194403	83050	114381	3	M	21	A		-1	1164.79397375	[1, 1, 1, 1, 1, 1, 1, 1, 1, 1, 1, 1]
	154157	82327	45728	3	M	103	A		-1	1165.18557965	[1, 1, 1, 1, 1, 1, 1, 1, 1, 1, 1, 1]
	137811	81948	98250	3	M	39	A		-1	1165.26544055	[1, 1, 1, 1, 1, 1, 1, 1, 1, 1, 1, 1]
	149684	82186	65371	3	M	106	A		-1	1165.28019215	[1, 1, 1, 1, 1, 1, 1, 1, 1, 1, 1, 1]
	176333	82851	62718	3	M	186	A		-1	1165.46144468	[1, 1, 0, 1, 1, 1, 1, 1, 1, 1, 1, 0]
	163732	82704	106369	3	M	15	A		-1	1165.63785092	[1, 1, 1, 1, 1, 1, 1, 1, 1, 1, 1, 1]
	140326	81948	100281	3	M	0	A		-1	1165.75671315	[1, 1, 1, 0, 1, 1, 1, 1, 1, 1, 1, 1]
	150713	82186	112555	3	M	174	A		-1	1166.39928196	[1, 1, 1, 1, 1, 1, 1, 1, 1, 1, 1, 1]
	151001	82186	34570	3	M	6	A		-1	1167.04342642	[1, 1, 1, 1, 1, 1, 1, 1, 1, 1, 1, 1]
	138740	81948	119628	3	M	10	A		-1	1167.06121853	[1, 1, 1, 1, 1, 1, 1, 1, 1, 1, 1, 1]
	140712	81948	121689	3	M	14	A		-1	1167.22376948	[1, 1, 1, 1, 1, 1, 1, 1, 1, 1, 1, 1]
	184723	82886	102019	3	M	60	A		-1	1167.29218714	[1, 1, 1, 1, 1, 1, 1, 1, 1, 1, 1, 1]
	148608	82186	79000	3	M	77	A		-1	1167.60956421	[1, 1, 1, 1, 1, 1, 1, 1, 1, 1, 1, 1]
	160413	82588	101596	3	M	146	A		-1	1167.90487929	[1, 1, 1, 1, 1, 1, 1, 1, 1, 1, 1, 1]
	149176	82186	1928	3	M	37	A		-1	1167.99011599	[1, 0, 1, 1, 1, 1, 1, 1, 1, 1, 1, 1]
	137011	81866	77600	3	M	9	A		-1	1168.37969852	[1, 1, 1, 1, 1, 1, 1, 1, 1, 1, 1, 1]
	167390	82704	109280	3	M	94	A		-1	1168.74234946	[1, 1, 1, 1, 1, 1, 1, 1, 1, 1, 1, 1]
	150619	82186	98766	3	M	127	A		-1	1169.14135256	[1, 1, 1, 0, 1, 1, 1, 1, 1, 1, 1, 1]
	182601	82875	106749	3	M	159	A		-1	1169.54329921	[1, 1, 1, 1, 1, 1, 1, 1, 1, 1, 1, 1]
	150878	82186	109918	3	M	94	A		-1	1169.80714963	[1, 1, 1, 1, 1, 1, 1, 1, 1, 1, 1, 1]
	187469	82886	100085	3	M	98	A		-1	1169.9373652	[1, 1, 1, 1, 1, 1, 1, 1, 1, 1, 1, 1]
	131612	83120	14391	3	M	187	A		-1	1170.13103588	[1, 1, 1, 1, 1, 1, 1, 1, 1, 1, 1, 1]
	157693	82327	94791	3	M	83	A		-1	1170.23849648	[1, 1, 1, 1, 1, 1, 1, 1, 1, 1, 1, 1]
	87993	41797	32517	2	M	33	A		-1	1170.32547392	[1, 1, 1, 1, 1, 1, 1, 1, 1, 1, 1, 1]
	185437	82886	92966	3	M	177	A		-1	1171.09431193	[1, 1, 1, 1, 1, 1, 1, 1, 1, 1, 1, 0]
	134094	81866	117574	3	M	87	A		-1	1171.98482611	[1, 1, 1, 1, 1, 1, 1, 1, 1, 1, 1, 1]
	132125	83120	121324	3	M	39	A		-1	1172.41758572	[1, 1, 1, 1, 1, 1, 1, 1, 1, 1, 1, 1]
	132782	83120	114239	3	M	119	A		-1	1172.63164667	[1, 1, 1, 1, 1, 1, 1, 1, 1, 1, 1, 1]
	129684	83120	87957	3	M	68	A		-1	1172.77168224	[1, 1, 1, 1, 1, 1, 1, 1, 1, 1, 1, 1]
	130526	83120	40875	3	M	70	A		-1	1173.09382834	[1, 1, 1, 1, 1, 1, 1, 1, 1, 1, 1, 1]
	137453	81866	88994	3	M	10	A		-1	1173.56005075	[1, 1, 1, 1, 1, 1, 1, 1, 1, 1, 1, 0]
	158245	82588	120430	3	M	88	A		-1	1173.68495661	[1, 1, 1, 1, 1, 1, 1, 1, 1, 1, 1, 1]
	134738	81866	19549	3	M	134	A		-1	1173.71130608	[1, 1, 1, 1, 1, 1, 1, 1, 1, 1, 1, 1]
	130481	83120	101665	3	M	130	A		-1	1173.80916717	[1, 1, 1, 1, 1, 1, 1, 1, 1, 1, 1, 1]
	72938	69982	3499	2	M	161	A		-1	1174.41967145	[1, 1, 1, 1, 1, 1, 1, 1, 1, 1, 1, 1]
	131642	83120	79489	3	M	113	A		-1	1174.45477837	[1, 1, 1, 1, 1, 1, 1, 1, 1, 1, 1, 1]
	149708	82186	75351	3	M	19	A		-1	1174.55230984	[1, 1, 1, 1, 1, 1, 1, 1, 1, 1, 1, 1]
	179557	82875	116573	3	M	28	A		-1	1174.78466641	[1, 1, 1, 0, 1, 1, 1, 1, 1, 1, 1, 1]
	162206	82588	97007	3	M	83	A		-1	1175.03990939	[1, 1, 1, 1, 1, 1, 1, 1, 1, 1, 1, 1]
	129986	83120	90948	3	M	83	A		-1	1175.7157849	[1, 1, 1, 0, 1, 1, 1, 1, 1, 1, 1, 1]
	136714	81866	86853	3	M	183	A		-1	1175.94665275	[1, 1, 1, 1, 1, 1, 1, 1, 1, 1, 1, 1]
	151795	82186	72739	3	M	124	A		-1	1176.08890873	[1, 1, 1, 1, 1, 1, 1, 1, 1, 1, 1, 1]
	140200	81948	81218	3	M	84	A		-1	1176.75809801	[1, 1, 1, 1, 1, 1, 1, 1, 1, 1, 1, 1]
	134907	81866	72781	3	M	6	A		-1	1177.2588265	[1, 1, 1, 0, 1, 1, 1, 1, 1, 1, 1, 1]
	133652	81866	119487	3	M	162	A		-1	1177.64566503	[1, 1, 1, 1, 1, 1, 1, 1, 1, 1, 1, 0]
	127387	122758	89141	3	M	154	A		-1	1178.62233323	[1, 1, 1, 1, 1, 1, 1, 1, 1, 1, 1, 1]
	130625	83120	100453	3	M	153	A		-1	1179.04350902	[1, 1, 1, 1, 1, 1, 1, 1, 1, 1, 1, 1]
	151391	82186	106929	3	M	135	A		-1	1179.09417276	[1, 1, 1, 1, 1, 1, 1, 1, 1, 1, 1, 1]
	135249	81866	22330	3	M	34	A		-1	1179.13255147	[1, 1, 1, 1, 1, 1, 1, 0, 1, 1, 1, 0]
	165156	82704	46750	3	M	17	A		-1	1179.24400883	[1, 1, 1, 1, 1, 1, 1, 1, 1, 1, 1, 1]
	150475	82186	99123	3	M	48	A		-1	1179.71969114	[1, 1, 1, 1, 1, 1, 1, 1, 1, 1, 1, 1]
	89989	41797	31988	2	M	2	A		-1	1180.28932239	[1, 1, 1, 1, 1, 1, 1, 1, 1, 1, 1, 1]
	175754	82851	73222	3	M	9	A		-1	1180.7098323	[1, 1, 1, 1, 1, 1, 1, 1, 1, 1, 1, 1]
	191448	82930	70648	3	M	12	A		-1	1180.71470063	[1, 1, 1, 1, 1, 1, 1, 1, 1, 1, 1, 1]
	129816	83120	120534	3	M	95	A		-1	1181.79275066	[1, 1, 1, 1, 1, 1, 1, 1, 1, 1, 1, 1]
	139012	81948	107755	3	M	87	A		-1	1182.15977379	[1, 1, 1, 1, 1, 1, 1, 1, 1, 1, 1, 1]
	177058	82851	81499	3	M	27	A		-1	1182.20696559	[1, 1, 1, 1, 1, 1, 1, 1, 1, 1, 1, 1]
	187429	82886	70433	3	M	183	A		-1	1182.45379781	[1, 1, 1, 1, 1, 1, 1, 1, 1, 1, 1, 1]
	167226	82704	77689	3	M	134	A		-1	1182.71389459	[1, 1, 1, 1, 1, 1, 1, 1, 1, 1, 1, 1]
	150270	82186	102363	3	M	47	A		-1	1182.93457052	[0, 1, 1, 1, 1, 1, 1, 1, 1, 1, 1, 1]
	149921	82186	13522	3	M	44	A		-1	1183.2939178	[1, 1, 1, 1, 1, 1, 1, 1, 1, 1, 1, 1]
	133611	81866	73583	3	M	78	A		-1	1183.54298504	[1, 1, 1, 1, 1, 1, 1, 1, 1, 1, 1, 0]
	149017	82186	44140	3	M	105	A		-1	1183.66836739	[1, 1, 1, 1, 1, 1, 1, 1, 1, 1, 1, 1]
	141459	81948	78047	3	M	87	A		-1	1183.88565572	[1, 1, 1, 1, 1, 1, 1, 1, 1, 1, 1, 1]
	130535	83120	83638	3	M	145	A		-1	1184.49617129	[1, 1, 1, 1, 1, 1, 1, 1, 1, 1, 1, 1]
	165897	82704	55133	3	M	156	A		-1	1184.59269422	[1, 1, 1, 1, 1, 1, 1, 1, 1, 1, 1, 1]
	159935	82588	113652	3	M	163	A		-1	1184.87486516	[1, 1, 1, 1, 1, 1, 1, 1, 1, 1, 1, 1]
	150675	82186	117793	3	M	16	A		-1	1185.2980106	[1, 1, 1, 1, 1, 1, 1, 1, 1, 1, 1, 0]
	148089	82186	72322	3	M	52	A		-1	1185.7665642	[1, 1, 1, 1, 1, 1, 1, 1, 1, 1, 1, 1]
	128529	83120	93023	3	M	58	A		-1	1186.32336237	[1, 1, 1, 1, 1, 1, 1, 1, 1, 1, 1, 0]
	157583	82327	99407	3	M	20	A		-1	1186.41924673	[1, 1, 1, 1, 1, 1, 1, 1, 1, 1, 1, 1]
	148009	82186	84956	3	M	71	A		-1	1186.43858534	[1, 1, 1, 1, 1, 1, 1, 1, 1, 1, 1, 1]
	136086	81866	49159	3	M	119	A		-1	1187.1101355	[1, 1, 1, 1, 1, 1, 1, 1, 1, 1, 1, 1]
	178828	82875	70710	3	M	102	A		-1	1187.12956684	[1, 1, 1, 0, 1, 1, 1, 1, 1, 1, 1, 1]
	185338	82886	44888	3	M	110	A		-1	1187.33923893	[1, 1, 1, 1, 1, 1, 1, 1, 1, 1, 1, 1]
	158663	82588	119868	3	M	152	A		-1	1188.94762005	[1, 1, 1, 1, 1, 1, 1, 1, 1, 1, 1, 1]
	128579	83120	106905	3	M	48	A		-1	1189.45158371	[1, 1, 1, 1, 1, 1, 1, 1, 1, 1, 1, 1]
	175244	82851	37768	3	M	26	A		-1	1189.58523555	[1, 1, 1, 1, 1, 1, 1, 1, 1, 1, 1, 1]
	137116	81866	117588	3	M	29	A		-1	1189.99336757	[1, 1, 1, 1, 1, 1, 1, 1, 1, 1, 1, 0]
	175884	82851	62263	3	M	36	A		-1	1190.02903957	[1, 1, 1, 1, 1, 1, 1, 1, 1, 1, 1, 0]
	133779	81866	98358	3	M	5	A		-1	1190.17702545	[1, 1, 1, 1, 1, 1, 1, 1, 1, 1, 1, 0]
	132161	83120	80842	3	M	21	A		-1	1190.79890102	[1, 1, 1, 1, 1, 1, 1, 1, 1, 1, 1, 1]
	131807	83120	11589	3	M	45	A		-1	1190.83544217	[1, 1, 1, 1, 1, 1, 1, 1, 1, 0, 1, 1]
	129575	83120	76907	3	M	77	A		-1	1191.65837239	[1, 1, 1, 1, 1, 1, 1, 1, 1, 1, 1, 1]
	149277	82186	118577	3	M	113	A		-1	1192.03245799	[1, 1, 1, 1, 1, 1, 1, 1, 1, 1, 1, 1]
	153865	82327	6720	3	M	3	A		-1	1192.54722232	[1, 1, 1, 1, 1, 1, 1, 1, 1, 1, 1, 1]
	130245	83120	92099	3	M	182	A		-1	1192.62885207	[0, 1, 1, 1, 1, 1, 1, 1, 1, 1, 1, 0]
	151464	82186	46200	3	M	29	A		-1	1192.94484225	[1, 1, 1, 1, 1, 1, 1, 1, 1, 1, 1, 1]
	148382	82186	67595	3	M	145	A		-1	1193.41166418	[1, 1, 1, 1, 1, 1, 1, 1, 1, 1, 1, 1]
	140991	81948	49114	3	M	93	A		-1	1194.13196116	[1, 1, 1, 1, 1, 1, 1, 1, 1, 1, 1, 1]
	132788	81866	48920	3	M	4	A		-1	1194.26428004	[1, 1, 1, 1, 1, 1, 1, 1, 1, 1, 1, 1]
	129326	83120	78127	3	M	145	A		-1	1194.53802209	[1, 1, 1, 1, 1, 1, 1, 1, 1, 1, 1, 1]
	141688	81948	115653	3	M	142	A		-1	1194.88555318	[1, 1, 1, 1, 1, 1, 1, 1, 1, 1, 1, 1]
	129408	83120	38141	3	M	90	A		-1	1195.2597328	[1, 1, 1, 1, 1, 1, 1, 1, 1, 1, 1, 1]
	173468	82851	119171	3	M	72	A		-1	1196.79856487	[1, 1, 1, 1, 1, 1, 1, 1, 1, 1, 1, 1]
	143459	82037	91874	3	M	147	A		-1	1197.11871778	[1, 1, 1, 1, 1, 1, 1, 1, 1, 1, 1, 1]
	164756	82704	70988	3	M	102	A		-1	1197.55013638	[1, 1, 1, 1, 1, 1, 1, 1, 1, 1, 1, 1]
	161825	82588	92559	3	M	50	A		-1	1199.4526252	[1, 1, 1, 1, 1, 1, 1, 1, 1, 1, 1, 1]
	150325	82186	19491	3	M	107	A		-1	1199.56718801	[1, 1, 1, 1, 1, 1, 1, 1, 1, 1, 1, 1]
	118158	42694	42021	2	M	6	A		-1	1199.90537634	[1, 1, 1, 1, 1, 1, 1, 1, 1, 1, 1, 1]
	150230	82186	109049	3	M	173	A		-1	1200.09663208	[1, 1, 1, 1, 1, 1, 1, 1, 1, 1, 1, 1]
	141494	81948	20312	3	M	175	A		-1	1200.21299438	[1, 1, 1, 1, 1, 1, 1, 1, 1, 1, 1, 1]
	161570	82588	81823	3	M	79	A		-1	1201.07997729	[1, 1, 1, 1, 1, 1, 1, 1, 1, 1, 1, 1]
	164549	82704	115961	3	M	86	A		-1	1201.34000065	[1, 1, 1, 1, 1, 1, 1, 1, 1, 1, 1, 1]
	105023	42391	63484	2	M	100	A		-1	1201.61425351	[1, 1, 1, 1, 1, 1, 1, 1, 1, 1, 1, 1]
	150082	82186	115417	3	M	38	A		-1	1201.89378727	[1, 1, 1, 1, 1, 1, 1, 1, 1, 1, 1, 1]
	150910	82186	23917	3	M	20	A		-1	1202.69105068	[1, 1, 1, 1, 1, 1, 1, 1, 1, 1, 1, 1]
	152092	82186	89609	3	M	85	A		-1	1203.35857316	[1, 1, 1, 1, 1, 1, 1, 1, 1, 1, 1, 1]
	184603	82886	106750	3	M	124	A		-1	1203.38349183	[1, 1, 1, 1, 1, 1, 1, 1, 1, 1, 1, 1]
	149628	82186	80443	3	M	54	A		-1	1204.17145983	[1, 1, 1, 1, 1, 1, 1, 1, 1, 1, 1, 1]
	163791	82704	22438	3	M	85	A		-1	1204.43562503	[1, 1, 1, 1, 1, 1, 1, 1, 1, 1, 1, 1]
	143994	82037	28883	3	M	86	A		-1	1204.54392525	[1, 1, 1, 1, 1, 1, 1, 1, 1, 1, 1, 1]
	129972	83120	101543	3	M	123	A		-1	1204.54655254	[1, 1, 1, 1, 1, 1, 1, 1, 1, 1, 1, 1]
	188582	82930	113045	3	M	156	A		-1	1204.75521627	[1, 1, 1, 1, 1, 1, 1, 1, 1, 1, 1, 1]
	141023	81948	100659	3	M	60	A		-1	1205.03493733	[1, 1, 1, 1, 1, 1, 1, 1, 1, 1, 1, 0]
	141804	81948	117291	3	M	179	A		-1	1205.23036621	[1, 1, 1, 1, 1, 1, 1, 1, 1, 1, 1, 1]
	151471	82186	79857	3	M	40	A		-1	1205.51485746	[1, 1, 1, 1, 1, 1, 1, 1, 1, 1, 1, 1]
	151208	82186	93714	3	M	77	A		-1	1206.7384117	[1, 1, 1, 1, 1, 1, 1, 1, 1, 1, 1, 0]
	133965	81866	73826	3	M	81	A		-1	1208.16128837	[1, 1, 1, 1, 1, 1, 1, 1, 1, 1, 1, 0]
	152135	82186	85581	3	M	83	A		-1	1208.61908605	[1, 1, 1, 1, 1, 1, 1, 1, 1, 1, 1, 1]
	150015	82186	90751	3	M	166	A		-1	1209.48415085	[1, 1, 1, 1, 1, 1, 1, 1, 1, 1, 1, 0]
	151249	82186	36251	3	M	119	A		-1	1210.35436687	[1, 1, 1, 1, 1, 1, 1, 1, 1, 1, 1, 1]
	150743	82186	71508	3	M	31	A		-1	1210.51476277	[1, 1, 1, 1, 1, 1, 1, 1, 1, 1, 1, 1]
	136354	81866	118738	3	M	188	A		-1	1210.54943421	[1, 1, 1, 1, 1, 1, 1, 1, 1, 1, 1, 1]
	152594	82186	36685	3	M	93	A		-1	1210.76150845	[1, 1, 1, 1, 1, 1, 1, 1, 1, 1, 1, 1]
	173514	82851	102389	3	M	167	A		-1	1210.76551637	[1, 1, 1, 1, 1, 1, 1, 1, 1, 1, 1, 1]
	150127	82186	107372	3	M	122	A		-1	1211.32572933	[1, 1, 1, 1, 1, 1, 1, 1, 1, 1, 1, 1]
	129564	83120	87368	3	M	32	A		-1	1211.34495413	[1, 1, 1, 1, 1, 1, 1, 1, 1, 1, 1, 1]
	139567	81948	35651	3	M	195	A		-1	1211.71437611	[1, 1, 1, 1, 1, 1, 1, 1, 1, 1, 1, 1]
	166310	82704	11565	3	M	194	A		-1	1211.84226192	[1, 1, 1, 1, 1, 1, 1, 1, 1, 1, 1, 1]
	126164	122758	121299	3	M	187	A		-1	1211.99995708	[1, 1, 1, 1, 1, 1, 1, 1, 1, 1, 1, 1]
	133118	81866	48494	3	M	44	A		-1	1212.42168166	[1, 1, 1, 1, 1, 1, 1, 1, 1, 1, 1, 0]
	148640	82186	27395	3	M	61	A		-1	1212.72634334	[1, 1, 1, 1, 1, 1, 1, 1, 1, 1, 1, 1]
	187091	82886	102657	3	M	130	A		-1	1213.28259661	[1, 1, 1, 1, 1, 1, 1, 1, 1, 1, 1, 1]
	164823	82704	99333	3	M	42	A		-1	1213.38399455	[1, 1, 1, 1, 1, 1, 1, 1, 1, 1, 1, 1]
	139585	81948	71067	3	M	175	A		-1	1216.29936977	[1, 0, 1, 1, 1, 1, 1, 1, 1, 1, 1, 1]
	136601	81866	105024	3	M	128	A		-1	1216.39042621	[1, 1, 1, 1, 1, 1, 1, 1, 1, 1, 1, 1]
	182536	82875	71441	3	M	197	A		-1	1216.59281558	[1, 1, 1, 0, 1, 1, 1, 1, 1, 1, 1, 1]
	150023	82186	66569	3	M	10	A		-1	1217.58642874	[1, 1, 0, 1, 1, 1, 1, 1, 1, 1, 1, 1]
	138707	81948	104933	3	M	177	A		-1	1218.27593964	[1, 1, 1, 1, 1, 1, 1, 1, 1, 1, 1, 1]
	129721	83120	75818	3	M	116	A		-1	1219.13211203	[1, 1, 1, 1, 1, 1, 1, 1, 1, 1, 1, 1]
	148219	82186	120439	3	M	47	A		-1	1219.2231601	[1, 1, 1, 1, 1, 1, 1, 1, 1, 1, 1, 1]
	138219	81948	97451	3	M	12	A		-1	1219.26285931	[1, 1, 1, 1, 1, 1, 1, 1, 1, 1, 1, 1]
	191754	82930	99411	3	M	185	A		-1	1219.37634924	[1, 1, 1, 1, 1, 1, 1, 1, 1, 1, 1, 1]
	148437	82186	72746	3	M	17	A		-1	1220.03892718	[1, 1, 1, 1, 1, 1, 1, 1, 1, 1, 1, 1]
	185927	82886	91280	3	M	133	A		-1	1220.94880145	[1, 1, 1, 1, 1, 1, 1, 1, 1, 1, 1, 1]
	129814	83120	117283	3	M	122	A		-1	1221.18755893	[1, 1, 1, 1, 1, 1, 1, 1, 1, 1, 1, 1]
	151293	82186	70448	3	M	56	A		-1	1221.26353512	[1, 1, 1, 1, 1, 1, 1, 1, 1, 1, 1, 1]
	125907	122758	40763	3	M	142	A		-1	1221.54100216	[1, 1, 1, 1, 1, 1, 1, 1, 1, 1, 1, 1]
	135725	81866	28393	3	M	20	A		-1	1221.94243778	[1, 1, 1, 1, 1, 1, 1, 1, 1, 1, 1, 1]
	179020	82875	105509	3	M	148	A		-1	1222.17320987	[1, 1, 1, 0, 1, 1, 1, 1, 1, 1, 1, 1]
	183131	82886	81320	3	M	110	A		-1	1222.20000207	[1, 1, 1, 1, 1, 1, 1, 1, 1, 1, 1, 1]
	147808	82186	45080	3	M	145	A		-1	1223.53836421	[1, 1, 1, 1, 1, 1, 1, 1, 1, 1, 1, 1]
	189058	82930	91332	3	M	28	A		-1	1223.75238315	[1, 1, 1, 1, 1, 1, 1, 1, 1, 1, 1, 0]
	174770	82851	111319	3	M	1	A		-1	1224.16758336	[1, 1, 1, 1, 1, 1, 1, 1, 1, 1, 1, 1]
	147994	82186	41965	3	M	75	A		-1	1224.77147586	[1, 1, 1, 1, 1, 1, 1, 1, 1, 1, 1, 1]
	125613	122758	104887	3	M	119	A		-1	1224.84243918	[1, 1, 1, 1, 1, 1, 1, 1, 1, 1, 1, 1]
	173911	82851	74190	3	M	5	A		-1	1225.54535198	[1, 1, 1, 1, 1, 1, 1, 1, 1, 1, 1, 0]
	191781	82930	44266	3	M	35	A		-1	1227.4460342	[1, 1, 1, 1, 1, 1, 1, 1, 1, 1, 1, 1]
	166006	82704	49760	3	M	65	A		-1	1228.81777376	[1, 1, 1, 0, 1, 1, 1, 1, 1, 1, 1, 1]
	132473	83120	106692	3	M	64	A		-1	1230.23177218	[1, 1, 1, 1, 1, 1, 1, 1, 1, 1, 1, 1]
	131569	83120	73228	3	M	30	A		-1	1231.08470476	[1, 1, 1, 1, 1, 1, 1, 1, 1, 1, 1, 1]
	136142	81866	109549	3	M	154	A		-1	1231.48564375	[1, 1, 1, 1, 1, 1, 1, 1, 1, 1, 1, 1]
	177392	82851	105395	3	M	163	A		-1	1232.35204376	[1, 1, 1, 1, 1, 1, 1, 1, 1, 1, 1, 1]
	178172	82875	80244	3	M	122	A		-1	1232.5241223	[1, 1, 1, 0, 1, 1, 1, 1, 1, 1, 1, 1]
	141652	81948	113371	3	M	34	A		-1	1232.71399355	[1, 1, 1, 1, 1, 1, 1, 1, 1, 1, 1, 1]
	179444	82875	39464	3	M	184	A		-1	1233.40165798	[1, 1, 1, 1, 1, 1, 1, 1, 1, 1, 1, 1]
	137278	81866	2890	3	M	33	A		-1	1233.58454831	[1, 1, 1, 1, 1, 1, 1, 1, 1, 1, 1, 1]
	152013	82186	99547	3	M	153	A		-1	1233.58525931	[1, 1, 1, 1, 1, 1, 1, 1, 1, 1, 1, 1]
	182436	82875	84335	3	M	186	A		-1	1234.09053392	[1, 1, 1, 0, 1, 1, 1, 1, 1, 1, 1, 1]
	186738	82886	121423	3	M	40	A		-1	1234.14762928	[1, 1, 1, 1, 1, 1, 1, 1, 1, 1, 1, 1]
	185491	82886	118913	3	M	12	A		-1	1234.75141445	[1, 1, 1, 1, 1, 1, 1, 1, 1, 1, 1, 1]
	184904	82886	74894	3	M	141	A		-1	1235.12840238	[1, 1, 1, 1, 1, 1, 1, 1, 1, 1, 1, 1]
	148905	82186	118943	3	M	77	A		-1	1236.23938754	[1, 1, 1, 1, 1, 1, 1, 1, 1, 1, 1, 1]
	150666	82186	8481	3	M	135	A		-1	1236.40888761	[0, 1, 1, 1, 1, 1, 1, 1, 1, 1, 1, 1]
	174582	82851	83261	3	M	173	A		-1	1236.67069431	[1, 1, 1, 1, 1, 1, 1, 1, 1, 1, 1, 1]
	142715	81948	91837	3	M	30	A		-1	1237.46851856	[1, 1, 1, 1, 1, 1, 1, 1, 1, 1, 1, 1]
	148463	82186	122358	3	M	192	A		-1	1237.57279926	[1, 1, 1, 1, 1, 1, 1, 1, 1, 1, 1, 1]
	158744	82588	121386	3	M	54	A		-1	1238.51118904	[1, 1, 1, 1, 1, 1, 1, 1, 1, 1, 1, 1]
	149115	82186	5072	3	M	80	A		-1	1238.67349838	[1, 1, 1, 1, 1, 1, 1, 1, 1, 1, 1, 1]
	189798	82930	99452	3	M	24	A		-1	1239.94369226	[1, 1, 1, 1, 1, 1, 1, 1, 1, 1, 1, 0]
	175472	82851	118597	3	M	176	A		-1	1240.45285098	[0, 1, 1, 1, 1, 1, 1, 1, 1, 1, 1, 1]
	141989	81948	27862	3	M	19	A		-1	1241.12877372	[1, 0, 1, 1, 1, 1, 1, 1, 1, 1, 1, 1]
	136725	81866	95080	3	M	106	A		-1	1241.31349524	[1, 1, 1, 1, 1, 1, 1, 1, 1, 1, 1, 1]
	133758	81866	114637	3	M	134	A		-1	1241.82491824	[1, 1, 1, 1, 1, 1, 1, 1, 1, 1, 1, 1]
	127838	83120	73553	3	M	152	A		-1	1244.31583032	[1, 1, 1, 1, 1, 1, 1, 1, 1, 1, 1, 1]
	150770	82186	87377	3	M	194	A		-1	1244.84268528	[1, 1, 1, 1, 1, 1, 1, 1, 1, 1, 1, 1]
	151231	82186	80395	3	M	29	A		-1	1245.17321331	[1, 1, 1, 1, 1, 1, 1, 1, 1, 1, 1, 1]
	151638	82186	116712	3	M	78	A		-1	1245.98776958	[1, 1, 1, 0, 1, 1, 1, 1, 1, 1, 1, 1]
	149364	82186	14014	3	M	60	A		-1	1246.92545123	[1, 1, 1, 1, 1, 1, 1, 1, 1, 1, 1, 1]
	131011	83120	118703	3	M	114	A		-1	1247.16683013	[1, 1, 1, 1, 1, 1, 1, 1, 1, 1, 1, 1]
	151890	82186	44551	3	M	120	A		-1	1247.8204096	[1, 1, 1, 1, 1, 1, 1, 1, 1, 1, 1, 0]
	130269	83120	121682	3	M	180	A		-1	1247.87819108	[1, 1, 1, 1, 1, 1, 1, 1, 1, 1, 1, 1]
	154125	82327	77422	3	M	79	A		-1	1248.21089104	[1, 1, 1, 1, 1, 1, 1, 1, 1, 1, 1, 1]
	190750	82930	63860	3	M	126	A		-1	1248.6356229	[1, 1, 1, 1, 1, 1, 1, 1, 1, 1, 1, 1]
	141148	81948	114514	3	M	137	A		-1	1250.09830016	[1, 1, 1, 1, 1, 1, 1, 1, 1, 1, 1, 1]
	159505	82588	50979	3	M	105	A		-1	1250.3363417	[1, 1, 1, 1, 1, 1, 1, 1, 1, 1, 1, 1]
	133449	81866	47043	3	M	95	A		-1	1250.39901258	[1, 1, 1, 1, 1, 1, 1, 1, 1, 1, 1, 0]
	138703	81948	95328	3	M	142	A		-1	1251.2353025	[1, 1, 1, 1, 1, 1, 1, 1, 1, 1, 1, 0]
	181629	82875	108403	3	M	82	A		-1	1251.94965356	[1, 1, 1, 0, 1, 1, 1, 1, 1, 1, 1, 1]
	189643	82930	86587	3	M	5	A		-1	1252.78000756	[1, 1, 1, 1, 1, 1, 1, 1, 1, 1, 1, 1]
	149460	82186	111099	3	M	166	A		-1	1253.24621026	[1, 1, 1, 1, 1, 1, 1, 1, 1, 1, 1, 1]
	152943	82327	37232	3	M	68	A		-1	1253.95358868	[1, 1, 1, 1, 1, 1, 1, 1, 1, 1, 1, 1]
	125222	122758	90484	3	M	127	A		-1	1257.42721817	[1, 1, 1, 0, 1, 1, 1, 1, 1, 1, 1, 1]
	125259	122758	78868	3	M	82	A		-1	1257.80696291	[1, 1, 1, 1, 1, 1, 1, 1, 1, 1, 1, 1]
	150351	82186	2260	3	M	159	A		-1	1258.58870118	[1, 1, 1, 1, 1, 1, 1, 1, 1, 1, 1, 1]
	186283	82886	98954	3	M	143	A		-1	1258.99057324	[1, 1, 1, 1, 1, 1, 1, 1, 1, 1, 1, 1]
	131783	83120	84313	3	M	30	A		-1	1259.14377935	[1, 1, 1, 1, 1, 1, 1, 1, 1, 1, 1, 1]
	172097	82723	95910	3	M	148	A		-1	1259.66920004	[1, 1, 1, 1, 1, 1, 1, 1, 1, 1, 1, 1]
	151060	82186	93303	3	M	135	A		-1	1259.70353892	[1, 1, 1, 1, 1, 1, 1, 1, 1, 1, 1, 0]
	148231	82186	67016	3	M	45	A		-1	1261.12829509	[1, 1, 1, 1, 1, 1, 1, 1, 1, 1, 1, 1]
	163875	82704	65192	3	M	30	A		-1	1262.08433346	[1, 1, 1, 1, 1, 1, 1, 1, 1, 1, 1, 1]
	150210	82186	51852	3	M	93	A		-1	1262.39781741	[1, 1, 1, 1, 1, 1, 1, 1, 1, 1, 1, 1]
	167443	82704	86751	3	M	138	A		-1	1262.40243155	[1, 1, 1, 1, 1, 1, 1, 1, 1, 1, 1, 1]
	176438	82851	60944	3	M	7	A		-1	1263.5792345	[1, 1, 1, 1, 1, 1, 1, 1, 1, 1, 1, 1]
	150465	82186	97689	3	M	151	A		-1	1264.34189658	[1, 1, 1, 1, 1, 1, 1, 1, 1, 1, 1, 1]
	189358	82930	79470	3	M	192	A		-1	1265.06593112	[1, 1, 1, 1, 1, 1, 1, 1, 1, 1, 1, 1]
	185949	82886	85302	3	M	85	A		-1	1265.37766676	[1, 1, 1, 1, 1, 1, 1, 1, 1, 1, 1, 1]
	148881	82186	43655	3	M	25	A		-1	1266.34532251	[1, 1, 1, 1, 1, 1, 1, 1, 1, 1, 1, 1]
	152708	82186	99069	3	M	27	A		-1	1266.97399014	[1, 1, 1, 1, 1, 1, 1, 1, 1, 1, 1, 1]
	148145	82186	1821	3	M	26	A		-1	1268.60732146	[1, 1, 1, 1, 1, 1, 1, 1, 1, 1, 1, 1]
	128532	83120	96593	3	M	106	A		-1	1269.20109297	[1, 1, 1, 0, 1, 1, 1, 1, 1, 1, 1, 1]
	141706	81948	76444	3	M	171	A		-1	1269.52256966	[1, 1, 1, 1, 1, 1, 1, 1, 1, 1, 1, 1]
	132466	83120	84051	3	M	169	A		-1	1269.59854897	[1, 1, 1, 1, 1, 1, 1, 1, 1, 1, 1, 1]
	142195	81948	86072	3	M	180	A		-1	1269.81510345	[1, 1, 1, 1, 1, 1, 1, 1, 1, 1, 1, 1]
	147918	82186	93409	3	M	200	A		-1	1270.04902232	[1, 1, 1, 1, 1, 0, 1, 1, 1, 1, 1, 1]
	152782	82186	112914	3	M	183	A		-1	1270.50176762	[1, 1, 1, 1, 1, 1, 1, 1, 1, 1, 1, 1]
	186665	82886	91164	3	M	139	A		-1	1272.06954272	[1, 1, 1, 1, 1, 1, 1, 1, 1, 1, 1, 1]
	130037	83120	92458	3	M	41	A		-1	1272.43494998	[1, 1, 1, 1, 1, 1, 1, 1, 1, 1, 1, 0]
	128970	83120	40011	3	M	33	A		-1	1272.5391511	[1, 1, 1, 1, 1, 1, 1, 1, 1, 1, 1, 1]
	130105	83120	114015	3	M	41	A		-1	1273.37347308	[1, 1, 1, 1, 1, 1, 1, 1, 1, 1, 1, 1]
	142992	82037	121488	3	M	162	A		-1	1274.63649552	[1, 1, 1, 1, 1, 1, 1, 1, 1, 1, 1, 1]
	156842	82327	97153	3	M	49	A		-1	1277.07481114	[1, 1, 1, 1, 1, 1, 1, 1, 1, 1, 1, 1]
	150434	82186	26515	3	M	129	A		-1	1277.83091532	[1, 1, 1, 1, 1, 1, 1, 1, 1, 1, 1, 1]
	175392	82851	117655	3	M	40	A		-1	1278.75800202	[1, 1, 1, 1, 1, 1, 1, 1, 1, 1, 1, 1]
	163868	82704	98693	3	M	80	A		-1	1279.69908291	[1, 1, 1, 1, 1, 1, 1, 1, 1, 1, 1, 1]
	183933	82886	97333	3	M	129	A		-1	1279.82623768	[1, 1, 1, 1, 1, 1, 1, 1, 1, 1, 1, 1]
	149166	82186	62256	3	M	0	A		-1	1281.52522801	[1, 1, 1, 1, 1, 1, 1, 1, 1, 1, 1, 1]
	150523	82186	82335	3	M	178	A		-1	1281.56567174	[1, 1, 1, 1, 1, 1, 1, 1, 1, 1, 1, 1]
	173491	82851	90344	3	M	107	A		-1	1281.67503986	[1, 1, 1, 1, 1, 1, 1, 1, 1, 1, 1, 0]
	154063	82327	74718	3	M	45	A		-1	1282.70659929	[1, 1, 1, 1, 1, 1, 1, 1, 1, 1, 1, 1]
	151828	82186	80770	3	M	34	A		-1	1283.35442387	[1, 1, 1, 1, 1, 1, 1, 1, 1, 1, 1, 1]
	148927	82186	114719	3	M	106	A		-1	1284.56372898	[1, 1, 1, 1, 1, 1, 1, 1, 1, 1, 1, 1]
	151703	82186	93789	3	M	108	A		-1	1284.71809913	[1, 1, 1, 1, 1, 1, 1, 1, 1, 1, 1, 1]
	148122	82186	116280	3	M	125	A		-1	1285.24768299	[1, 1, 1, 1, 1, 1, 1, 1, 1, 1, 1, 1]
	141763	81948	74495	3	M	90	A		-1	1285.66594403	[1, 1, 1, 1, 1, 1, 1, 1, 0, 1, 1, 1]
	128504	83120	15545	3	M	24	A		-1	1285.71357868	[1, 1, 1, 1, 1, 1, 1, 1, 1, 1, 1, 1]
	150422	82186	102038	3	M	154	A		-1	1285.98227887	[1, 1, 1, 1, 1, 1, 1, 1, 1, 1, 1, 1]
	174729	82851	119751	3	M	156	A		-1	1286.15307629	[1, 1, 1, 1, 1, 1, 1, 1, 1, 1, 1, 1]
	149323	82186	108884	3	M	132	A		-1	1287.19414576	[1, 1, 1, 1, 1, 1, 1, 1, 1, 1, 1, 1]
	151240	82186	93279	3	M	12	A		-1	1288.99832716	[1, 1, 1, 1, 1, 1, 1, 1, 1, 1, 1, 1]
	151383	82186	95782	3	M	39	A		-1	1291.12596411	[1, 1, 1, 1, 1, 1, 1, 1, 1, 1, 1, 1]
	150564	82186	78959	3	M	22	A		-1	1291.45133309	[1, 1, 1, 1, 1, 1, 1, 1, 1, 1, 1, 1]
	176675	82851	37527	3	M	87	A		-1	1293.48124709	[1, 1, 1, 1, 1, 1, 1, 1, 1, 1, 1, 1]
	130239	83120	84576	3	M	125	A		-1	1296.64358678	[1, 1, 1, 1, 1, 1, 1, 1, 1, 1, 1, 1]
	175126	82851	105294	3	M	8	A		-1	1296.6728656	[1, 1, 1, 1, 1, 1, 1, 1, 1, 1, 1, 1]
	82186	41729	67911	2	M	102	A		-1	1298.17410709	[1, 1, 1, 1, 1, 1, 1, 1, 1, 1, 1, 1]
	140973	81948	120453	3	M	79	A		-1	1301.57631657	[1, 1, 1, 1, 1, 1, 1, 1, 1, 1, 1, 1]
	130379	83120	78349	3	M	112	A		-1	1304.04475732	[1, 1, 1, 1, 1, 1, 1, 1, 1, 1, 1, 1]
	148068	82186	70440	3	M	81	A		-1	1307.29380408	[1, 1, 1, 1, 1, 1, 1, 1, 1, 1, 1, 1]
	158965	82588	86717	3	M	56	A		-1	1310.31569472	[1, 1, 1, 1, 1, 1, 1, 1, 1, 1, 1, 1]
	157626	82327	92811	3	M	31	A		-1	1312.16467111	[1, 1, 1, 1, 1, 1, 1, 0, 1, 1, 1, 1]
	171562	82723	37720	3	M	137	A		-1	1312.80866162	[1, 1, 1, 1, 1, 1, 1, 1, 1, 1, 1, 1]
	142404	81948	113489	3	M	70	A		-1	1312.84963095	[1, 1, 1, 1, 1, 1, 1, 1, 1, 1, 1, 1]
	131285	83120	89456	3	M	87	A		-1	1313.05686989	[1, 1, 1, 1, 1, 1, 1, 1, 1, 1, 1, 1]
	172733	82723	89310	3	M	61	A		-1	1313.9184852	[1, 1, 1, 0, 1, 1, 1, 1, 1, 1, 1, 1]
	150628	82186	78471	3	M	154	A		-1	1315.32105716	[1, 1, 1, 1, 1, 1, 1, 1, 1, 1, 1, 1]
	128602	83120	85738	3	M	141	A		-1	1319.94308883	[1, 1, 1, 1, 1, 1, 1, 1, 1, 1, 1, 1]
	176856	82851	61263	3	M	118	A		-1	1320.19023311	[1, 1, 1, 1, 1, 1, 1, 1, 1, 1, 1, 0]
	165840	82704	78769	3	M	159	A		-1	1320.93911204	[1, 1, 1, 1, 1, 1, 1, 1, 1, 1, 1, 1]
	151344	82186	103432	3	M	8	A		-1	1323.42607516	[1, 1, 1, 1, 1, 1, 1, 1, 1, 1, 1, 1]
	152316	82186	71354	3	M	41	A		-1	1326.29828002	[1, 1, 1, 1, 1, 1, 1, 1, 1, 1, 1, 1]
	147792	82186	38777	3	M	141	A		-1	1327.22116816	[1, 1, 1, 1, 1, 1, 1, 1, 1, 1, 1, 1]
	164164	82704	76899	3	M	159	A		-1	1327.64035728	[1, 1, 1, 1, 1, 1, 1, 1, 1, 1, 1, 1]
	191845	82930	86275	3	M	179	A		-1	1328.8844992	[1, 1, 1, 1, 1, 1, 1, 1, 1, 1, 1, 1]
	139523	81948	88925	3	M	4	A		-1	1333.47335624	[1, 1, 1, 1, 1, 1, 1, 1, 1, 1, 1, 1]
	132803	81866	75713	3	M	118	A		-1	1334.00997907	[1, 1, 1, 1, 1, 1, 1, 1, 1, 1, 1, 0]
	146665	82037	12461	3	M	54	A		-1	1334.24689161	[1, 1, 1, 1, 1, 1, 1, 1, 1, 1, 1, 1]
	191195	82930	77296	3	M	123	A		-1	1335.62246245	[1, 1, 1, 1, 1, 1, 1, 1, 1, 1, 1, 1]
	148175	82186	115356	3	M	75	A		-1	1340.79197556	[1, 1, 1, 1, 1, 1, 1, 1, 1, 1, 1, 1]
	149417	82186	72988	3	M	67	A		-1	1341.90352786	[1, 1, 1, 1, 1, 1, 1, 1, 1, 1, 1, 1]
	155104	82327	87275	3	M	180	A		-1	1343.31868077	[1, 1, 1, 1, 1, 1, 1, 1, 1, 1, 1, 1]
	180339	82875	36039	3	M	53	A		-1	1344.66512708	[1, 1, 1, 1, 1, 1, 1, 1, 1, 1, 1, 1]
	137165	81866	79409	3	M	138	A		-1	1344.83988401	[1, 1, 1, 1, 1, 1, 1, 1, 1, 1, 1, 1]
	136418	81866	119999	3	M	102	A		-1	1346.43564523	[1, 1, 1, 1, 1, 1, 1, 1, 1, 1, 1, 0]
	145643	82037	111130	3	M	28	A		-1	1351.38401273	[1, 1, 1, 1, 1, 1, 1, 1, 1, 1, 1, 1]
	127501	122758	109813	3	M	160	A		-1	1351.40322004	[1, 1, 1, 1, 1, 1, 1, 1, 1, 1, 1, 1]
	149114	82186	86959	3	M	159	A		-1	1352.89222736	[1, 1, 1, 1, 1, 1, 1, 1, 1, 1, 1, 1]
	149843	82186	86477	3	M	126	A		-1	1352.99653677	[1, 1, 1, 1, 1, 1, 1, 1, 1, 1, 1, 1]
	194208	83050	75049	3	M	194	A		-1	1354.45934423	[1, 1, 1, 1, 1, 1, 1, 1, 1, 1, 1, 1]
	176363	82851	77354	3	M	142	A		-1	1357.75412478	[1, 1, 1, 1, 1, 1, 1, 1, 1, 1, 1, 0]
	175044	82851	91664	3	M	106	A		-1	1358.32441048	[1, 1, 1, 1, 1, 1, 1, 1, 1, 1, 1, 0]
	151323	82186	86259	3	M	175	A		-1	1364.48422326	[1, 1, 1, 1, 1, 1, 1, 1, 1, 1, 1, 1]
	148272	82186	41676	3	M	132	A		-1	1365.09036004	[1, 1, 1, 1, 1, 1, 1, 1, 1, 1, 1, 1]
	131416	83120	102159	3	M	118	A		-1	1367.91722069	[1, 1, 1, 1, 1, 1, 1, 1, 1, 1, 1, 1]
	180314	82875	97197	3	M	41	A		-1	1369.71179698	[1, 1, 1, 1, 1, 1, 1, 1, 1, 1, 1, 0]
	149230	82186	107494	3	M	83	A		-1	1373.36111677	[1, 1, 1, 1, 1, 1, 1, 1, 1, 1, 1, 1]
	152089	82186	111331	3	M	43	A		-1	1375.79537947	[1, 1, 1, 1, 1, 1, 1, 1, 1, 1, 1, 1]
	148318	82186	90597	3	M	178	A		-1	1377.65793551	[1, 1, 1, 1, 1, 1, 1, 1, 1, 1, 1, 1]
	150018	82186	46883	3	M	58	A		-1	1378.14380373	[1, 1, 1, 0, 1, 1, 1, 1, 1, 1, 1, 1]
	142105	81948	122061	3	M	16	A		-1	1380.8562318	[1, 1, 1, 1, 1, 1, 1, 1, 1, 1, 1, 1]
	177782	82851	46136	3	M	118	A		-1	1397.97344084	[0, 1, 1, 1, 1, 1, 1, 1, 1, 1, 1, 0]
	183608	82886	85779	3	M	156	A		-1	1405.57016083	[1, 1, 1, 1, 1, 1, 1, 1, 1, 1, 1, 1]
	151954	82186	116208	3	M	54	A		-1	1423.18185479	[1, 1, 1, 1, 1, 1, 1, 1, 1, 1, 1, 1]
	164748	82704	87284	3	M	128	A		-1	1427.56200996	[1, 1, 1, 1, 1, 1, 1, 1, 1, 1, 1, 1]
	152076	82186	104554	3	M	74	A		-1	1439.83111735	[0, 1, 1, 1, 1, 1, 1, 1, 1, 1, 1, 1]
	148217	82186	48530	3	M	136	A		-1	1441.50983489	[1, 1, 1, 1, 1, 1, 1, 1, 1, 1, 1, 1]
	148325	82186	74520	3	M	10	A		-1	1442.31006153	[1, 1, 1, 1, 1, 1, 1, 1, 1, 1, 1, 1]
	151799	82186	77546	3	M	56	A		-1	1446.58336151	[1, 1, 1, 1, 1, 1, 1, 1, 1, 1, 1, 1]
	133386	81866	27828	3	M	134	A		-1	1457.80450177	[1, 1, 1, 1, 1, 1, 1, 1, 1, 1, 1, 0]
	141172	81948	87031	3	M	179	A		-1	1470.55113625	[1, 1, 1, 1, 1, 1, 1, 1, 1, 1, 1, 1]
	184870	82886	84747	3	M	35	A		-1	1477.67778231	[1, 1, 1, 1, 1, 1, 1, 1, 1, 1, 1, 1]
	152153	82186	108603	3	M	18	A		-1	1481.43831509	[1, 1, 1, 1, 1, 1, 1, 1, 1, 1, 1, 1]
	127622	122758	90801	3	M	31	A		-1	1482.55964094	[1, 1, 1, 1, 1, 1, 1, 1, 1, 1, 1, 1]
	150728	82186	87190	3	M	13	A		-1	1492.65168528	[1, 1, 1, 1, 1, 1, 1, 1, 1, 1, 1, 1]
	149907	82186	105052	3	M	165	A		-1	1493.11105447	[1, 1, 1, 1, 1, 1, 1, 1, 1, 1, 1, 1]
	151868	82186	120392	3	M	158	A		-1	1500.29044966	[1, 1, 1, 1, 1, 1, 1, 1, 1, 1, 1, 1]
	136136	81866	78454	3	M	97	A		-1	1518.34151331	[1, 1, 1, 1, 1, 1, 1, 1, 1, 1, 1, 1]
	151835	82186	39763	3	M	102	A		-1	1532.75100434	[1, 1, 1, 1, 1, 1, 1, 1, 1, 1, 1, 1]
	164117	82704	93084	3	M	195	A		-1	1561.86133168	[1, 1, 1, 1, 1, 1, 1, 1, 1, 1, 1, 1]
