animal	sire	dam	born	sex	herd	status	cause	died	TBV	recessives
	1464623	1367721	1379308	16	M	62	A		-1	5155.58965962	[1, 1, 1, 1, 1, 1, 1, 1, 1, 1, 1, 1]
	1397319	1379578	1341247	16	M	89	A		-1	5155.68752589	[1, 1, 1, 1, 1, 1, 1, 1, 1, 1, 1, 1]
	1430909	1342439	1381024	16	M	53	A		-1	5155.78159933	[1, 1, 1, 1, 1, 1, 1, 1, 1, 1, 1, 1]
	1460126	1372906	1382346	16	M	10	A		-1	5155.86134039	[1, 1, 0, 1, 1, 1, 1, 1, 1, 1, 1, 1]
	1440128	1372906	1331815	16	M	1	A		-1	5156.13702036	[1, 1, 0, 1, 1, 1, 1, 1, 1, 1, 1, 1]
	1431836	1295188	1270865	16	M	90	A		-1	5156.54119448	[1, 1, 1, 1, 1, 1, 1, 1, 1, 1, 1, 1]
	1485148	1324461	1235482	16	M	84	A		-1	5156.6297842	[1, 1, 1, 1, 1, 1, 1, 1, 1, 1, 1, 1]
	1449452	1373282	1383692	16	M	93	A		-1	5156.74976428	[1, 1, 1, 1, 1, 1, 1, 1, 1, 1, 1, 1]
	1438341	1336864	1220597	16	M	88	A		-1	5156.85399517	[1, 1, 1, 1, 1, 1, 1, 1, 1, 1, 1, 1]
	1396729	1295550	1315809	16	M	70	A		-1	5157.2151398	[1, 1, 1, 1, 1, 1, 1, 1, 1, 1, 1, 1]
	1418196	1357930	1310812	16	M	6	A		-1	5157.48037536	[1, 1, 1, 1, 1, 1, 1, 1, 1, 1, 1, 1]
	1408989	1320508	1228779	16	M	30	A		-1	5157.6642352	[1, 1, 1, 1, 1, 1, 1, 1, 1, 1, 1, 1]
	1424953	1332775	1348791	16	M	68	A		-1	5157.82499963	[1, 1, 1, 1, 1, 1, 1, 1, 1, 1, 1, 1]
	1492636	1370055	1229095	16	M	1	A		-1	5158.05731216	[1, 1, 1, 1, 1, 1, 1, 1, 1, 1, 1, 1]
	1426328	1364971	1306803	16	M	75	A		-1	5158.55165609	[1, 1, 1, 1, 1, 1, 1, 1, 1, 1, 1, 1]
	1413881	1324461	1385846	16	M	22	A		-1	5158.95152768	[1, 1, 1, 1, 1, 1, 1, 1, 1, 1, 1, 1]
	1466818	1372906	1354208	16	M	19	A		-1	5158.98599719	[1, 1, 1, 1, 1, 1, 1, 1, 1, 1, 1, 1]
	1480800	1365061	1309187	16	M	2	A		-1	5159.55670501	[1, 1, 1, 1, 1, 1, 1, 1, 1, 1, 1, 1]
	1462187	1390325	1353946	16	M	71	A		-1	5159.95929512	[1, 1, 1, 0, 1, 1, 1, 1, 1, 1, 1, 1]
	1403078	1334544	1337495	16	M	36	A		-1	5159.97019195	[1, 1, 1, 1, 1, 1, 1, 1, 1, 1, 1, 1]
	1410439	1381096	1369501	16	M	54	A		-1	5160.05041462	[1, 1, 1, 1, 1, 1, 1, 1, 1, 1, 1, 1]
	1423791	1303999	1369393	16	M	73	A		-1	5160.06761153	[1, 1, 1, 1, 1, 1, 1, 1, 1, 1, 1, 1]
	1396150	1357930	1311711	16	M	53	A		-1	5160.07101205	[1, 1, 1, 1, 1, 1, 1, 0, 1, 1, 1, 1]
	1471074	1342439	1328341	16	M	98	A		-1	5160.22275859	[1, 1, 1, 1, 1, 1, 1, 1, 1, 1, 1, 1]
	1490670	1371336	1326518	16	M	29	A		-1	5160.32294168	[1, 1, 1, 1, 1, 1, 1, 1, 1, 1, 1, 1]
	1465737	1336348	1299992	16	M	93	A		-1	5160.40648549	[1, 1, 1, 1, 1, 1, 1, 1, 1, 1, 1, 1]
	1478512	1347530	1319516	16	M	39	A		-1	5160.62287204	[1, 1, 1, 1, 1, 1, 1, 1, 1, 1, 1, 1]
	1474829	1320508	1384345	16	M	13	A		-1	5160.63146684	[1, 1, 1, 1, 1, 1, 1, 1, 1, 1, 1, 1]
	1461457	1327236	1327286	16	M	9	A		-1	5160.78304918	[1, 1, 1, 1, 1, 1, 1, 1, 1, 1, 1, 1]
	1405131	1313918	1327102	16	M	90	A		-1	5161.0114867	[1, 1, 1, 1, 1, 1, 1, 1, 1, 1, 1, 1]
	1370055	1286841	1174337	15	M	25	A		-1	5161.14231165	[1, 1, 1, 1, 1, 1, 1, 1, 1, 1, 1, 1]
	1409118	1309422	1243348	16	M	65	A		-1	5161.27179331	[1, 1, 1, 1, 1, 1, 1, 1, 1, 1, 1, 1]
	1405389	1390325	1362221	16	M	53	A		-1	5161.31041581	[1, 1, 1, 1, 1, 1, 1, 1, 1, 1, 1, 1]
	1452971	1332328	1260883	16	M	66	A		-1	5161.49742759	[1, 1, 1, 1, 1, 1, 1, 1, 1, 1, 1, 1]
	1431849	1342439	1356686	16	M	20	A		-1	5162.02814153	[1, 1, 1, 1, 1, 1, 1, 1, 1, 1, 1, 1]
	1478397	1332775	1265704	16	M	96	A		-1	5162.28467343	[1, 1, 1, 1, 1, 1, 1, 1, 1, 1, 1, 1]
	1469409	1336348	1311028	16	M	54	A		-1	5162.45002556	[1, 1, 1, 1, 1, 1, 1, 1, 1, 1, 1, 1]
	1430705	1380887	1371046	16	M	51	A		-1	5162.513814	[1, 1, 1, 1, 1, 1, 1, 1, 1, 1, 1, 1]
	1451383	1381096	1352031	16	M	49	A		-1	5162.67304286	[1, 1, 1, 1, 1, 1, 1, 1, 1, 1, 1, 1]
	1412680	1328268	1367260	16	M	31	A		-1	5162.72769215	[0, 1, 1, 1, 1, 1, 1, 1, 1, 1, 1, 1]
	1451717	1305648	1334616	16	M	44	A		-1	5162.77476425	[1, 1, 1, 1, 1, 1, 1, 1, 1, 1, 1, 1]
	1456046	1313918	1369729	16	M	71	A		-1	5163.28665985	[1, 1, 1, 1, 1, 1, 1, 1, 1, 1, 1, 1]
	1458773	1343212	1374106	16	M	42	A		-1	5163.35537727	[1, 1, 1, 1, 1, 1, 1, 1, 1, 1, 1, 1]
	1454163	1370055	1306009	16	M	21	A		-1	5163.94646122	[1, 1, 1, 1, 1, 1, 1, 1, 1, 1, 1, 1]
	1405185	1303999	1294410	16	M	15	A		-1	5163.99539161	[1, 1, 1, 0, 1, 1, 1, 1, 1, 1, 1, 1]
	1428299	1336864	1330289	16	M	72	A		-1	5164.14282654	[1, 1, 1, 0, 1, 1, 1, 1, 1, 1, 1, 1]
	1452714	1309776	1340799	16	M	59	A		-1	5164.31622862	[1, 1, 1, 1, 1, 1, 1, 1, 1, 1, 1, 1]
	1432227	1334544	1313285	16	M	16	A		-1	5164.81138994	[1, 1, 1, 1, 1, 1, 1, 1, 1, 1, 1, 1]
	1477785	1343506	1110121	16	M	47	A		-1	5165.09772179	[1, 1, 1, 1, 1, 1, 1, 1, 1, 1, 1, 1]
	1426544	1334544	1343472	16	M	63	A		-1	5165.16087384	[1, 1, 1, 1, 1, 1, 1, 1, 1, 1, 1, 1]
	1439164	1344287	1340205	16	M	63	A		-1	5165.20737952	[1, 1, 1, 1, 1, 1, 1, 1, 1, 1, 1, 1]
	1432192	1371336	1348043	16	M	52	A		-1	5165.30626343	[1, 1, 1, 1, 1, 1, 1, 1, 1, 1, 1, 1]
	1431350	1372906	1391255	16	M	50	A		-1	5165.46800442	[1, 1, 1, 1, 1, 1, 1, 1, 1, 1, 1, 1]
	1479203	1332328	1361549	16	M	21	A		-1	5165.75543308	[1, 1, 1, 1, 1, 1, 1, 1, 1, 1, 1, 1]
	1431788	1332328	1297319	16	M	93	A		-1	5165.79781297	[1, 1, 1, 1, 1, 1, 1, 1, 1, 1, 1, 1]
	1447037	1309422	1387944	16	M	32	A		-1	5166.34895153	[1, 1, 1, 1, 1, 1, 1, 1, 1, 1, 1, 1]
	1401372	1306148	1319187	16	M	28	A		-1	5166.53050385	[1, 1, 1, 1, 1, 1, 1, 0, 1, 1, 1, 1]
	1458814	1357930	1340376	16	M	24	A		-1	5166.80041708	[1, 1, 1, 1, 1, 1, 1, 1, 1, 1, 1, 1]
	1419659	1336864	1347146	16	M	78	A		-1	5167.04320074	[1, 1, 1, 1, 1, 1, 1, 1, 1, 1, 1, 1]
	1489790	1295550	1372418	16	M	80	A		-1	5167.0651972	[1, 1, 0, 1, 1, 1, 1, 1, 1, 1, 1, 1]
	1425945	1343212	1260069	16	M	9	A		-1	5167.44146173	[1, 1, 1, 1, 1, 1, 1, 1, 1, 1, 1, 0]
	1477538	1332328	1332663	16	M	50	A		-1	5167.5153005	[1, 1, 1, 1, 1, 1, 1, 1, 1, 1, 1, 1]
	1407764	1295188	1306484	16	M	63	A		-1	5167.91792151	[1, 1, 1, 1, 1, 1, 1, 1, 1, 1, 1, 1]
	1429065	1320508	1226006	16	M	83	A		-1	5168.37324267	[1, 1, 1, 1, 1, 1, 1, 1, 1, 1, 1, 1]
	1446049	1364610	1365969	16	M	47	A		-1	5168.5734189	[1, 1, 1, 1, 1, 1, 1, 1, 1, 1, 1, 1]
	1427928	1307648	1314945	16	M	54	A		-1	5168.6617178	[1, 1, 1, 1, 1, 1, 1, 1, 1, 1, 1, 1]
	1402308	1365061	1342813	16	M	49	A		-1	5168.99742559	[1, 1, 1, 1, 1, 1, 1, 1, 1, 1, 1, 1]
	1394694	1380887	1324568	16	M	82	A		-1	5169.00550191	[1, 1, 1, 1, 1, 1, 1, 1, 1, 1, 1, 1]
	1471157	1306035	1320937	16	M	19	A		-1	5169.27309186	[1, 1, 1, 1, 1, 1, 1, 1, 1, 1, 1, 1]
	1464245	1366875	1300961	16	M	29	A		-1	5169.40551874	[1, 1, 1, 1, 1, 1, 1, 1, 1, 1, 1, 1]
	1450246	1372906	1293908	16	M	61	A		-1	5169.55506095	[1, 1, 1, 1, 1, 1, 1, 1, 1, 1, 1, 1]
	1492251	1370055	1391222	16	M	99	A		-1	5169.88492122	[1, 1, 1, 1, 1, 1, 1, 1, 1, 1, 1, 1]
	1452273	1367721	1329333	16	M	66	A		-1	5169.9940467	[1, 1, 1, 0, 1, 1, 1, 1, 1, 1, 1, 1]
	1459838	1327236	1222254	16	M	83	A		-1	5170.27027145	[1, 1, 1, 1, 1, 1, 1, 1, 1, 1, 1, 1]
	1393901	1336864	1307283	16	M	82	A		-1	5170.57364882	[1, 1, 1, 1, 1, 1, 1, 1, 1, 1, 1, 1]
	1327236	1216482	1272931	15	M	81	A		-1	5170.96035706	[1, 1, 1, 1, 1, 1, 1, 1, 1, 0, 1, 1]
	1396119	1303999	1342953	16	M	7	A		-1	5171.00381703	[1, 1, 1, 1, 1, 1, 1, 1, 1, 1, 1, 1]
	1462885	1364610	1239816	16	M	36	A		-1	5171.02397834	[1, 1, 1, 1, 1, 1, 1, 1, 1, 1, 1, 1]
	1445273	1388394	1169018	16	M	2	A		-1	5172.22046616	[1, 1, 1, 1, 1, 1, 1, 1, 1, 1, 1, 1]
	1427136	1380887	1324569	16	M	40	A		-1	5172.52573852	[1, 1, 1, 1, 1, 1, 1, 1, 1, 1, 1, 1]
	1449147	1327236	1392493	16	M	45	A		-1	5172.63059789	[1, 1, 1, 1, 1, 1, 1, 1, 1, 1, 1, 1]
	1486076	1324461	1311750	16	M	27	A		-1	5172.70984052	[1, 1, 1, 1, 1, 1, 1, 1, 1, 1, 1, 1]
	1430224	1387671	1331456	16	M	90	A		-1	5173.0776475	[1, 1, 1, 1, 1, 1, 1, 1, 1, 1, 1, 1]
	1421930	1328268	1382384	16	M	76	A		-1	5173.18905692	[0, 1, 1, 1, 1, 1, 1, 1, 1, 1, 1, 1]
	1476239	1363320	1221646	16	M	78	A		-1	5173.3971317	[1, 1, 1, 1, 1, 1, 1, 1, 1, 1, 1, 1]
	1420331	1332328	1317924	16	M	60	A		-1	5173.62244661	[1, 1, 1, 1, 1, 1, 1, 1, 1, 1, 1, 1]
	1393774	1366875	1227583	16	M	80	A		-1	5174.27508029	[1, 1, 1, 0, 1, 1, 1, 1, 1, 1, 1, 1]
	1468696	1328268	1334283	16	M	37	A		-1	5175.60080253	[0, 1, 1, 1, 1, 1, 1, 1, 1, 1, 1, 0]
	1460280	1321238	1371610	16	M	31	A		-1	5175.63348315	[1, 1, 1, 1, 1, 1, 1, 1, 1, 1, 1, 1]
	1432747	1390325	1377045	16	M	19	A		-1	5175.77993506	[1, 1, 1, 0, 1, 1, 1, 1, 1, 1, 1, 1]
	1437083	1367721	1297995	16	M	90	A		-1	5176.06463284	[1, 1, 1, 0, 1, 1, 1, 1, 1, 1, 1, 1]
	1470807	1309422	1362325	16	M	5	A		-1	5176.21451858	[1, 1, 1, 1, 1, 1, 1, 1, 1, 1, 1, 1]
	1401706	1364610	1246472	16	M	5	A		-1	5176.50715296	[1, 1, 1, 1, 1, 1, 1, 1, 1, 1, 1, 1]
	1403929	1366875	1355049	16	M	84	A		-1	5176.51808709	[1, 1, 1, 1, 1, 1, 1, 1, 1, 1, 1, 1]
	1467902	1343212	1304702	16	M	61	A		-1	5176.78844539	[1, 1, 1, 1, 1, 1, 1, 1, 1, 1, 1, 1]
	1379578	1235322	1232598	15	M	49	A		-1	5176.79599328	[1, 1, 1, 1, 1, 1, 1, 1, 1, 1, 1, 1]
	1430133	1309776	1380082	16	M	25	A		-1	5176.86305919	[1, 1, 1, 1, 1, 1, 1, 1, 1, 1, 1, 1]
	1394110	1332328	1315051	16	M	54	A		-1	5177.63931645	[1, 1, 1, 1, 1, 1, 1, 1, 1, 1, 1, 1]
	1482161	1303999	1235835	16	M	79	A		-1	5178.18448041	[1, 1, 1, 1, 1, 1, 1, 1, 1, 1, 1, 1]
	1456950	1343506	1301999	16	M	85	A		-1	5178.77887017	[1, 1, 1, 1, 1, 1, 1, 1, 1, 1, 1, 1]
	1415946	1388394	1260840	16	M	4	A		-1	5179.02885692	[0, 1, 1, 1, 1, 1, 1, 1, 1, 1, 1, 1]
	1482609	1387671	1331300	16	M	49	A		-1	5179.12365398	[1, 1, 1, 1, 1, 1, 1, 1, 1, 1, 1, 1]
	1402472	1306035	1145881	16	M	38	A		-1	5179.14687351	[1, 1, 1, 1, 1, 1, 1, 0, 1, 1, 1, 1]
	1441436	1366875	1346622	16	M	50	A		-1	5179.24702445	[1, 1, 1, 1, 1, 1, 1, 1, 1, 1, 1, 1]
	1399163	1367721	1324383	16	M	47	A		-1	5179.56842513	[1, 1, 1, 0, 1, 1, 1, 1, 1, 1, 1, 1]
	1409811	1388394	1337410	16	M	79	A		-1	5179.80521318	[0, 1, 1, 1, 1, 1, 1, 1, 1, 1, 1, 1]
	1413470	1343274	1295265	16	M	1	A		-1	5179.81752099	[1, 1, 1, 1, 1, 1, 1, 1, 1, 1, 1, 1]
	1430676	1295558	1369002	16	M	54	A		-1	5180.01988834	[1, 1, 1, 1, 1, 1, 1, 1, 1, 1, 1, 1]
	1435634	1309776	1218833	16	M	80	A		-1	5180.16821477	[1, 1, 1, 1, 1, 1, 1, 1, 1, 1, 1, 1]
	1437929	1357930	1285529	16	M	89	A		-1	5180.55701195	[1, 1, 1, 1, 1, 1, 1, 1, 1, 1, 1, 1]
	1479307	1379578	1369810	16	M	43	A		-1	5180.96141627	[1, 1, 1, 1, 1, 1, 1, 1, 1, 1, 1, 1]
	1393904	1343274	1309239	16	M	36	A		-1	5181.77975801	[1, 1, 1, 1, 1, 1, 1, 1, 1, 1, 1, 1]
	1429542	1390325	1212685	16	M	40	A		-1	5181.78433418	[1, 1, 1, 1, 1, 1, 1, 1, 1, 1, 1, 1]
	1417887	1309776	1378848	16	M	71	A		-1	5181.80536157	[1, 1, 1, 1, 1, 1, 1, 1, 1, 1, 1, 1]
	1458021	1367721	1314883	16	M	90	A		-1	5182.12546918	[1, 1, 1, 1, 1, 1, 1, 1, 1, 1, 1, 1]
	1478939	1371658	1360856	16	M	41	A		-1	5182.33363529	[1, 1, 1, 1, 1, 1, 1, 1, 1, 1, 1, 1]
	1452184	1371658	1321065	16	M	97	A		-1	5182.36476228	[1, 1, 0, 1, 1, 1, 1, 1, 1, 1, 1, 1]
	1467442	1362749	1324449	16	M	3	A		-1	5182.41350258	[1, 1, 1, 1, 1, 1, 1, 1, 1, 1, 1, 1]
	1398961	1370055	1367500	16	M	31	A		-1	5182.60044333	[1, 1, 1, 1, 1, 1, 1, 1, 1, 1, 1, 1]
	1409098	1373282	1322057	16	M	65	A		-1	5182.83946614	[1, 1, 1, 1, 1, 1, 1, 1, 1, 1, 1, 1]
	1480546	1343274	1211993	16	M	16	A		-1	5182.90791021	[1, 1, 1, 1, 1, 1, 1, 1, 1, 1, 1, 1]
	1421653	1336348	1315247	16	M	6	A		-1	5182.96024619	[0, 1, 1, 1, 1, 1, 1, 1, 1, 1, 1, 1]
	1414343	1390325	1348282	16	M	1	A		-1	5183.08296505	[1, 1, 1, 0, 1, 1, 1, 1, 1, 1, 1, 1]
	1425972	1371658	1354500	16	M	43	A		-1	5183.12144152	[1, 1, 1, 0, 1, 1, 1, 1, 1, 1, 1, 1]
	1405670	1371336	1321292	16	M	83	A		-1	5183.23911278	[1, 1, 1, 1, 1, 1, 1, 1, 1, 1, 1, 1]
	1432669	1332775	1199535	16	M	96	A		-1	5183.38673932	[1, 1, 1, 1, 1, 1, 1, 1, 1, 1, 1, 1]
	1426283	1365061	1245157	16	M	23	A		-1	5183.77384512	[1, 1, 1, 1, 1, 1, 1, 1, 1, 1, 1, 1]
	1486902	1328268	1363396	16	M	57	A		-1	5183.98459163	[1, 1, 1, 1, 1, 1, 1, 1, 1, 1, 1, 1]
	1449513	1364971	1256579	16	M	100	A		-1	5184.17625342	[1, 1, 1, 1, 1, 1, 1, 1, 1, 1, 1, 1]
	1395749	1363320	1333490	16	M	2	A		-1	5184.9779635	[1, 1, 0, 1, 1, 1, 1, 1, 1, 1, 1, 1]
	1485936	1305648	1380412	16	M	25	A		-1	5185.73347019	[1, 1, 1, 1, 1, 1, 1, 1, 1, 1, 1, 1]
	1437392	1295550	1381499	16	M	36	A		-1	5186.86309499	[1, 1, 1, 1, 1, 1, 1, 1, 1, 1, 1, 1]
	1401205	1321238	1332092	16	M	35	A		-1	5187.38539543	[1, 1, 1, 1, 1, 1, 0, 1, 1, 1, 1, 1]
	1451266	1334544	1354082	16	M	34	A		-1	5187.61916066	[1, 1, 1, 1, 1, 1, 1, 1, 1, 1, 1, 1]
	1332328	1266922	1246768	15	M	72	A		-1	5187.80623415	[1, 1, 1, 1, 1, 1, 1, 1, 1, 1, 1, 1]
	1471785	1336348	1339987	16	M	15	A		-1	5187.89625909	[1, 1, 1, 1, 1, 1, 1, 1, 1, 1, 1, 1]
	1455555	1366875	1269819	16	M	60	A		-1	5188.10609971	[1, 1, 1, 1, 1, 1, 1, 1, 1, 1, 1, 1]
	1401042	1390325	1280246	16	M	55	A		-1	5188.93787708	[1, 1, 1, 0, 1, 1, 1, 0, 1, 1, 1, 1]
	1445942	1343274	1310879	16	M	19	A		-1	5188.95833722	[1, 1, 1, 1, 1, 1, 1, 1, 1, 1, 1, 1]
	1306148	1269199	1265897	15	M	74	A		-1	5189.40018201	[1, 1, 1, 1, 1, 1, 1, 0, 1, 1, 1, 1]
	1456095	1370055	1354007	16	M	85	A		-1	5189.46556718	[1, 1, 1, 1, 1, 1, 1, 1, 1, 1, 1, 1]
	1465884	1364971	1348510	16	M	13	A		-1	5189.7007789	[1, 1, 1, 1, 1, 1, 1, 1, 1, 1, 1, 1]
	1401164	1336348	1328580	16	M	36	A		-1	5189.82265854	[1, 1, 1, 1, 1, 1, 1, 1, 1, 1, 1, 1]
	1445315	1321238	1317271	16	M	47	A		-1	5189.83784828	[1, 1, 1, 1, 1, 1, 1, 1, 1, 1, 1, 1]
	1446496	1336864	1375028	16	M	61	A		-1	5189.94827327	[1, 1, 1, 0, 1, 1, 1, 1, 1, 1, 1, 1]
	1458941	1390325	1333560	16	M	39	A		-1	5190.29296791	[1, 1, 1, 0, 1, 1, 1, 1, 1, 1, 1, 1]
	1475718	1343212	1330367	16	M	70	A		-1	5190.54943704	[1, 1, 1, 0, 1, 1, 1, 1, 1, 1, 1, 1]
	1475690	1343506	1326366	16	M	60	A		-1	5190.58881787	[1, 1, 1, 1, 1, 1, 1, 1, 1, 1, 1, 1]
	1407683	1306035	1329802	16	M	76	A		-1	5190.68047944	[1, 1, 1, 1, 1, 1, 1, 1, 1, 1, 1, 1]
	1440822	1380887	1371730	16	M	91	A		-1	5190.84164064	[1, 1, 1, 1, 1, 1, 1, 1, 1, 1, 1, 1]
	1458504	1386455	1384307	16	M	23	A		-1	5190.95441092	[1, 1, 1, 1, 1, 1, 1, 1, 1, 1, 1, 1]
	1442435	1309776	1369341	16	M	75	A		-1	5191.04100899	[1, 1, 1, 1, 1, 1, 1, 1, 1, 1, 1, 1]
	1479124	1320508	1268097	16	M	59	A		-1	5191.51609698	[1, 1, 1, 1, 1, 1, 1, 1, 1, 1, 1, 1]
	1440898	1332328	1195656	16	M	82	A		-1	5191.91687896	[1, 1, 1, 1, 1, 1, 1, 1, 1, 1, 1, 1]
	1460858	1332328	1352486	16	M	61	A		-1	5191.92111834	[1, 1, 1, 1, 1, 1, 1, 1, 1, 1, 1, 1]
	1426981	1371658	1307339	16	M	85	A		-1	5192.07421585	[1, 1, 1, 1, 1, 1, 1, 1, 1, 1, 1, 1]
	1442990	1303999	1389901	16	M	24	A		-1	5192.16524139	[0, 1, 1, 1, 1, 1, 1, 1, 1, 1, 1, 1]
	1458751	1332328	1360662	16	M	49	A		-1	5192.18910255	[1, 1, 1, 1, 1, 1, 1, 1, 1, 1, 1, 1]
	1454798	1343506	1308154	16	M	40	A		-1	5192.41606216	[1, 1, 1, 1, 1, 1, 1, 1, 1, 1, 1, 1]
	1478091	1390325	1322053	16	M	66	A		-1	5192.75933388	[1, 1, 1, 1, 1, 1, 1, 1, 1, 1, 1, 1]
	1343212	1216482	1293636	15	M	26	A		-1	5192.80689536	[1, 1, 1, 1, 1, 1, 1, 1, 1, 1, 1, 1]
	1357930	1271795	1234386	15	M	53	A		-1	5193.65485162	[1, 1, 1, 1, 1, 1, 1, 1, 1, 1, 1, 1]
	1414324	1344287	1383792	16	M	14	A		-1	5194.27270604	[1, 1, 1, 1, 1, 1, 1, 1, 1, 1, 1, 1]
	1441025	1362749	1345388	16	M	25	A		-1	5194.64488673	[0, 1, 1, 1, 1, 1, 1, 1, 1, 1, 1, 1]
	1437576	1379578	1384680	16	M	54	A		-1	5194.80932454	[1, 1, 1, 1, 1, 1, 1, 1, 1, 1, 1, 1]
	1455054	1357930	1378363	16	M	28	A		-1	5195.79142926	[1, 1, 1, 1, 1, 1, 1, 1, 1, 1, 1, 1]
	1473620	1303999	1321360	16	M	31	A		-1	5195.96560676	[1, 1, 1, 1, 1, 1, 1, 1, 1, 1, 1, 1]
	1412613	1332775	1374747	16	M	2	A		-1	5196.62847262	[1, 1, 1, 1, 1, 1, 1, 1, 1, 1, 1, 1]
	1432499	1371336	1370442	16	M	52	A		-1	5196.75952394	[1, 1, 1, 1, 1, 1, 1, 1, 1, 1, 1, 1]
	1425275	1347530	1360387	16	M	88	A		-1	5196.92339931	[1, 1, 1, 1, 1, 1, 1, 1, 1, 1, 1, 1]
	1398113	1324461	1289874	16	M	21	A		-1	5197.07322071	[1, 1, 1, 1, 1, 1, 1, 1, 1, 1, 1, 1]
	1418658	1367721	1365626	16	M	17	A		-1	5197.41819253	[1, 1, 1, 1, 1, 1, 1, 1, 1, 1, 1, 1]
	1437525	1320508	1366734	16	M	4	A		-1	5197.60213853	[1, 1, 1, 1, 1, 1, 1, 1, 1, 1, 1, 1]
	1450922	1320508	1379410	16	M	24	A		-1	5197.79999807	[1, 1, 1, 1, 1, 1, 1, 1, 1, 1, 1, 1]
	1460892	1363320	1272254	16	M	59	A		-1	5198.16284655	[1, 1, 1, 1, 1, 1, 1, 1, 1, 1, 1, 1]
	1448870	1332328	1390984	16	M	7	A		-1	5198.28615544	[1, 1, 1, 1, 1, 1, 1, 1, 1, 1, 1, 1]
	1461053	1380887	1373649	16	M	92	A		-1	5198.54240155	[1, 1, 1, 1, 1, 1, 1, 1, 1, 1, 1, 1]
	1454834	1370055	1218876	16	M	68	A		-1	5199.83229488	[1, 1, 1, 1, 1, 1, 1, 1, 1, 1, 1, 1]
	1443338	1328268	1346788	16	M	33	A		-1	5200.12584221	[1, 1, 1, 1, 1, 1, 1, 1, 1, 1, 1, 1]
	1471130	1336864	1340508	16	M	43	A		-1	5200.33662805	[1, 1, 1, 1, 1, 1, 1, 1, 1, 1, 1, 1]
	1479017	1343212	1299468	16	M	10	A		-1	5200.37600365	[1, 1, 1, 1, 1, 1, 1, 1, 1, 1, 1, 1]
	1481713	1320508	1363124	16	M	86	A		-1	5200.87039522	[1, 1, 1, 1, 1, 1, 1, 1, 1, 1, 1, 1]
	1429812	1369484	1376600	16	M	93	A		-1	5201.21580888	[1, 1, 1, 1, 1, 1, 1, 1, 1, 1, 1, 1]
	1309776	1282989	1196076	15	M	83	A		-1	5201.2652017	[1, 1, 1, 1, 1, 1, 1, 1, 1, 1, 1, 1]
	1471632	1309422	1326285	16	M	10	A		-1	5202.04442628	[0, 1, 1, 1, 1, 1, 1, 1, 1, 1, 1, 1]
	1481759	1303999	1366746	16	M	99	A		-1	5202.13285084	[1, 1, 1, 1, 1, 1, 1, 0, 1, 1, 1, 1]
	1446198	1343212	1315844	16	M	14	A		-1	5202.46279115	[1, 1, 1, 1, 1, 1, 1, 1, 1, 1, 1, 1]
	1420749	1344203	1313839	16	M	34	A		-1	5202.71886897	[1, 1, 1, 1, 1, 1, 1, 1, 1, 1, 1, 1]
	1487881	1344287	1319681	16	M	79	A		-1	5203.52620678	[1, 1, 1, 1, 1, 1, 1, 1, 1, 1, 1, 1]
	1470170	1390325	1371285	16	M	13	A		-1	5203.91048774	[1, 1, 1, 0, 1, 1, 1, 1, 1, 1, 1, 1]
	1413859	1332775	1329048	16	M	36	A		-1	5203.99736133	[1, 1, 1, 1, 1, 1, 1, 1, 1, 1, 1, 1]
	1437544	1307648	1376218	16	M	70	A		-1	5204.08284472	[1, 1, 1, 1, 1, 1, 1, 1, 1, 1, 1, 1]
	1466736	1357930	1373764	16	M	81	A		-1	5204.54749311	[1, 1, 1, 1, 1, 1, 1, 1, 1, 1, 1, 1]
	1487526	1388394	1213472	16	M	68	A		-1	5205.44884325	[1, 1, 1, 1, 1, 1, 0, 1, 1, 1, 1, 1]
	1422070	1343274	1332349	16	M	54	A		-1	5206.7685278	[1, 1, 1, 1, 1, 1, 1, 1, 1, 1, 1, 1]
	1454283	1344203	1294775	16	M	19	A		-1	5207.18217937	[1, 1, 1, 1, 1, 1, 1, 1, 1, 1, 1, 1]
	1445365	1388394	1368054	16	M	27	A		-1	5207.34628133	[0, 1, 1, 1, 1, 1, 1, 1, 1, 1, 1, 1]
	1466177	1328268	1315859	16	M	50	A		-1	5207.58429368	[1, 1, 1, 1, 1, 1, 1, 1, 1, 1, 1, 1]
	1470182	1344287	1393654	16	M	38	A		-1	5208.14473462	[1, 1, 1, 1, 1, 1, 1, 1, 1, 1, 1, 1]
	1399475	1367721	1249965	16	M	17	A		-1	5208.24177741	[1, 1, 1, 0, 1, 1, 1, 1, 1, 1, 1, 1]
	1420168	1307648	1319531	16	M	76	A		-1	5208.45099788	[1, 1, 1, 1, 1, 1, 1, 1, 1, 1, 1, 1]
	1420274	1303999	1342814	16	M	63	A		-1	5208.78768555	[0, 1, 1, 1, 1, 1, 1, 1, 1, 1, 1, 1]
	1402251	1244077	1380731	16	M	97	A		-1	5208.80645336	[1, 1, 1, 1, 1, 1, 1, 1, 1, 1, 1, 1]
	1421798	1295188	1261417	16	M	15	A		-1	5209.079502	[1, 1, 1, 1, 1, 1, 1, 1, 1, 1, 1, 1]
	1461460	1366875	1378498	16	M	67	A		-1	5209.18064449	[1, 1, 1, 1, 1, 1, 1, 1, 1, 1, 1, 1]
	1423740	1336864	1335152	16	M	90	A		-1	5209.51717055	[1, 1, 1, 1, 1, 1, 1, 1, 1, 1, 1, 1]
	1415713	1324461	1330967	16	M	52	A		-1	5209.72680015	[1, 1, 1, 1, 1, 1, 1, 1, 1, 1, 1, 1]
	1486631	1309776	1212846	16	M	3	A		-1	5209.90699455	[1, 1, 0, 1, 1, 1, 1, 1, 1, 1, 1, 1]
	1471857	1364971	1301103	16	M	66	A		-1	5209.94539005	[1, 1, 1, 0, 1, 1, 1, 1, 1, 1, 1, 1]
	1437943	1390325	1305639	16	M	36	A		-1	5213.49970754	[1, 1, 1, 0, 1, 1, 1, 1, 1, 1, 1, 1]
	1404365	1344287	1373499	16	M	15	A		-1	5213.53291186	[1, 1, 1, 1, 1, 1, 1, 1, 1, 1, 1, 1]
	1409904	1344287	1238480	16	M	93	A		-1	5214.99308798	[1, 1, 1, 1, 1, 1, 1, 1, 1, 1, 1, 1]
	1417148	1379578	1365592	16	M	57	A		-1	5215.84151281	[1, 1, 1, 1, 1, 1, 1, 1, 1, 1, 1, 1]
	1408561	1365061	1392928	16	M	68	A		-1	5216.10418444	[1, 1, 1, 1, 1, 1, 1, 1, 1, 1, 1, 1]
	1489998	1244077	1287050	16	M	18	A		-1	5216.34206616	[1, 1, 1, 1, 1, 1, 1, 1, 1, 1, 1, 1]
	1408078	1390325	1367426	16	M	30	A		-1	5216.43900711	[1, 1, 1, 0, 1, 1, 1, 1, 1, 1, 1, 1]
	1420294	1306148	1343587	16	M	76	A		-1	5216.74225983	[1, 1, 1, 1, 1, 1, 1, 0, 1, 1, 1, 1]
	1406955	1306035	1299143	16	M	63	A		-1	5216.7755513	[1, 1, 1, 1, 1, 1, 1, 1, 1, 1, 1, 1]
	1428875	1344287	1391633	16	M	63	A		-1	5216.81587166	[1, 1, 1, 1, 1, 1, 1, 1, 1, 1, 1, 1]
	1400159	1370055	1340775	16	M	99	A		-1	5217.41639392	[1, 1, 1, 1, 1, 1, 1, 0, 1, 1, 1, 1]
	1449071	1347530	1355564	16	M	41	A		-1	5217.44306759	[1, 1, 0, 1, 1, 1, 1, 1, 1, 1, 1, 1]
	1474072	1336864	1351227	16	M	58	A		-1	5217.61238244	[1, 1, 1, 1, 1, 1, 1, 1, 1, 1, 1, 1]
	1444119	1366875	1284858	16	M	100	A		-1	5218.07129708	[1, 1, 1, 1, 1, 1, 1, 1, 1, 1, 1, 1]
	1416300	1366875	1299323	16	M	2	A		-1	5218.52519521	[1, 1, 1, 1, 1, 1, 1, 1, 1, 1, 1, 1]
	1409352	1371336	1344978	16	M	21	A		-1	5218.72832158	[1, 1, 1, 1, 1, 1, 1, 1, 1, 1, 1, 1]
	1451066	1306035	1365285	16	M	11	A		-1	5219.07396757	[1, 1, 1, 1, 1, 1, 1, 1, 1, 1, 1, 1]
	1404759	1371658	1334387	16	M	75	A		-1	5219.34857628	[1, 1, 1, 1, 1, 1, 1, 1, 1, 1, 1, 1]
	1434603	1328268	1377919	16	M	31	A		-1	5219.49848852	[0, 1, 1, 1, 1, 1, 1, 1, 1, 1, 1, 1]
	1426168	1372906	1295065	16	M	4	A		-1	5219.53294354	[1, 1, 0, 1, 1, 1, 1, 1, 1, 1, 1, 1]
	1477877	1321238	1339786	16	M	29	A		-1	5219.59462488	[1, 1, 1, 1, 1, 1, 1, 1, 1, 1, 1, 1]
	1485924	1347530	1359610	16	M	31	A		-1	5219.66147926	[1, 1, 1, 1, 1, 1, 1, 1, 1, 1, 1, 1]
	1435740	1327236	1368401	16	M	43	A		-1	5219.67303008	[1, 1, 1, 1, 1, 1, 1, 1, 1, 0, 1, 1]
	1454646	1365061	1317650	16	M	39	A		-1	5219.68740989	[1, 1, 1, 1, 1, 1, 1, 1, 1, 1, 1, 1]
	1419607	1344287	1309984	16	M	54	A		-1	5220.22847896	[1, 1, 1, 1, 1, 1, 1, 1, 1, 1, 1, 1]
	1427157	1369484	1299062	16	M	19	A		-1	5220.24850512	[1, 1, 1, 1, 1, 1, 1, 1, 1, 1, 1, 1]
	1419193	1371658	1300865	16	M	14	A		-1	5220.7030153	[1, 1, 1, 1, 1, 1, 1, 1, 1, 1, 1, 1]
	1461650	1343212	1387987	16	M	45	A		-1	5220.84235398	[1, 1, 1, 1, 1, 1, 1, 1, 1, 1, 1, 1]
	1411205	1379578	1319372	16	M	54	A		-1	5221.44833831	[1, 1, 1, 1, 1, 1, 1, 1, 1, 1, 1, 1]
	1458701	1370055	1389862	16	M	19	A		-1	5221.49111453	[1, 1, 1, 1, 1, 1, 1, 1, 1, 1, 1, 1]
	1451711	1327236	1379167	16	M	92	A		-1	5221.63381587	[1, 1, 1, 1, 1, 1, 1, 1, 1, 0, 1, 1]
	1328268	1214980	1200645	15	M	35	A		-1	5222.31407403	[0, 1, 1, 1, 1, 1, 1, 1, 1, 1, 1, 1]
	1431175	1303999	1323392	16	M	22	A		-1	5222.58038433	[0, 1, 1, 1, 1, 1, 1, 1, 1, 1, 1, 1]
	1493351	1332775	1337203	16	M	5	A		-1	5223.27035559	[1, 1, 1, 1, 1, 1, 1, 0, 1, 1, 1, 1]
	1407884	1336348	1331782	16	M	40	A		-1	5223.32543424	[0, 1, 1, 1, 1, 1, 1, 1, 1, 1, 1, 1]
	1478899	1371336	1295679	16	M	29	A		-1	5224.01655497	[1, 1, 1, 1, 1, 1, 1, 1, 1, 1, 1, 1]
	1430756	1366875	1372151	16	M	76	A		-1	5224.25446893	[1, 1, 1, 1, 1, 1, 1, 1, 1, 1, 1, 1]
	1433258	1295558	1336692	16	M	70	A		-1	5224.46060733	[1, 1, 1, 1, 1, 1, 1, 1, 1, 1, 1, 1]
	1421312	1365061	1349869	16	M	53	A		-1	5225.1030663	[1, 1, 1, 1, 1, 1, 1, 1, 1, 1, 1, 1]
	1472375	1309776	1349574	16	M	24	A		-1	5225.71937937	[1, 1, 0, 1, 1, 1, 1, 1, 1, 1, 1, 1]
	1432694	1371336	1238026	16	M	79	A		-1	5225.79118881	[1, 1, 1, 1, 1, 1, 1, 1, 1, 1, 1, 1]
	1430666	1344287	1315057	16	M	48	A		-1	5227.4061472	[1, 1, 1, 1, 1, 1, 1, 1, 1, 1, 1, 1]
	1455282	1379578	1378282	16	M	76	A		-1	5227.41807494	[1, 1, 1, 1, 1, 1, 1, 1, 1, 1, 1, 1]
	1448962	1309776	1289464	16	M	58	A		-1	5228.88322462	[0, 1, 1, 1, 1, 1, 1, 1, 1, 1, 1, 1]
	1484701	1362749	1374808	16	M	68	A		-1	5229.0791369	[0, 1, 1, 1, 1, 1, 1, 1, 1, 1, 1, 1]
	1403299	1344203	1337353	16	M	53	A		-1	5229.17666149	[1, 1, 1, 1, 1, 1, 1, 1, 1, 1, 1, 1]
	1416012	1336864	1375860	16	M	3	A		-1	5229.21155335	[1, 1, 1, 1, 1, 1, 1, 1, 1, 1, 1, 1]
	1425254	1334544	1364301	16	M	19	A		-1	5229.95091547	[1, 1, 1, 1, 1, 1, 1, 1, 1, 1, 1, 1]
	1431217	1387671	1352114	16	M	25	A		-1	5230.71585535	[1, 1, 0, 1, 1, 1, 1, 1, 1, 1, 1, 1]
	1434140	1327236	1334075	16	M	68	A		-1	5230.85055427	[1, 1, 1, 1, 1, 1, 1, 1, 1, 0, 1, 1]
	1481307	1364610	1292889	16	M	65	A		-1	5231.13140637	[1, 1, 1, 1, 1, 1, 1, 0, 1, 1, 1, 1]
	1394521	1372906	1355288	16	M	21	A		-1	5231.42464527	[1, 1, 1, 1, 1, 1, 1, 1, 1, 1, 1, 1]
	1453492	1332328	1052128	16	M	12	A		-1	5232.15916651	[1, 1, 1, 1, 1, 1, 1, 1, 1, 1, 1, 1]
	1454592	1328268	1354479	16	M	57	A		-1	5232.21362216	[1, 1, 1, 1, 1, 1, 1, 1, 1, 1, 1, 1]
	1426622	1372906	1330891	16	M	65	A		-1	5232.93339224	[1, 1, 0, 1, 1, 1, 1, 1, 1, 1, 1, 1]
	1478364	1365061	1359938	16	M	76	A		-1	5233.87640168	[1, 1, 1, 0, 1, 1, 1, 1, 1, 1, 1, 1]
	1457301	1244077	1309438	16	M	3	A		-1	5233.89329527	[1, 1, 1, 1, 1, 1, 1, 1, 1, 1, 1, 1]
	1424580	1343506	1358478	16	M	1	A		-1	5234.17416784	[1, 1, 0, 1, 1, 1, 1, 1, 1, 1, 1, 1]
	1486925	1370055	1306918	16	M	15	A		-1	5234.29560572	[1, 1, 1, 1, 1, 1, 1, 1, 1, 1, 1, 1]
	1474686	1320508	1373358	16	M	15	A		-1	5234.81504585	[1, 1, 1, 1, 1, 1, 1, 1, 1, 1, 1, 1]
	1453996	1381096	1190661	16	M	87	A		-1	5234.97234142	[1, 1, 1, 1, 1, 1, 1, 1, 1, 1, 1, 1]
	1455602	1343506	1363861	16	M	77	A		-1	5236.10152913	[1, 1, 0, 1, 1, 1, 1, 1, 1, 1, 1, 1]
	1437791	1336348	1383825	16	M	55	A		-1	5236.90456237	[1, 1, 1, 1, 1, 1, 1, 1, 1, 1, 1, 1]
	1492813	1344203	1226005	16	M	40	A		-1	5237.53833228	[1, 1, 1, 1, 1, 1, 1, 1, 1, 1, 1, 1]
	1417901	1357930	1341932	16	M	48	A		-1	5237.65940368	[1, 1, 1, 1, 1, 1, 1, 1, 1, 1, 1, 1]
	1461710	1336348	1377173	16	M	32	A		-1	5238.39238352	[0, 1, 1, 1, 1, 1, 1, 1, 1, 1, 1, 1]
	1428213	1306035	1352826	16	M	51	A		-1	5238.80735848	[1, 1, 1, 1, 1, 1, 1, 1, 1, 1, 1, 1]
	1484369	1372906	1336975	16	M	1	A		-1	5239.29302684	[1, 1, 0, 1, 1, 1, 1, 1, 1, 1, 1, 1]
	1407180	1313918	1349458	16	M	11	A		-1	5240.17322663	[1, 1, 1, 1, 1, 1, 1, 1, 1, 1, 1, 1]
	1465219	1342439	1313862	16	M	28	A		-1	5240.90268498	[1, 1, 1, 1, 1, 1, 1, 1, 1, 1, 1, 1]
	1397508	1370055	1322385	16	M	5	A		-1	5241.1240341	[1, 1, 1, 1, 1, 1, 1, 1, 1, 1, 1, 1]
	1422687	1332328	1384215	16	M	44	A		-1	5241.25551223	[1, 1, 1, 1, 1, 1, 1, 1, 1, 1, 1, 1]
	1470502	1344287	1328798	16	M	54	A		-1	5241.35700947	[1, 1, 1, 1, 1, 1, 1, 1, 1, 1, 1, 1]
	1411369	1321238	1333931	16	M	29	A		-1	5241.4832076	[1, 1, 1, 1, 1, 1, 0, 1, 1, 1, 1, 1]
	1488050	1344203	1383212	16	M	13	A		-1	5243.02411357	[1, 1, 1, 1, 1, 1, 1, 1, 1, 1, 1, 1]
	1471980	1371336	1323540	16	M	99	A		-1	5243.18598418	[1, 1, 1, 1, 1, 1, 1, 1, 1, 1, 1, 1]
	1444278	1343212	1378866	16	M	96	A		-1	5243.27118209	[1, 1, 1, 1, 1, 1, 1, 1, 1, 1, 1, 1]
	1417696	1357930	1347089	16	M	96	A		-1	5243.62456792	[1, 1, 1, 1, 1, 1, 1, 1, 1, 1, 1, 1]
	1414065	1309776	1336260	16	M	61	A		-1	5244.35476794	[1, 1, 1, 1, 1, 1, 1, 1, 1, 1, 1, 1]
	1454366	1370055	1326479	16	M	19	A		-1	5244.41203645	[1, 1, 1, 1, 1, 1, 1, 1, 1, 1, 1, 1]
	1409838	1324461	1392517	16	M	54	A		-1	5245.12127958	[1, 1, 1, 1, 1, 1, 1, 1, 1, 1, 1, 1]
	1467780	1366875	1274695	16	M	6	A		-1	5245.53143743	[1, 1, 1, 1, 1, 1, 1, 1, 1, 1, 1, 1]
	1435375	1295558	1328070	16	M	14	A		-1	5246.43694634	[1, 1, 1, 1, 1, 1, 1, 1, 1, 1, 1, 1]
	1410840	1363320	1352045	16	M	0	A		-1	5246.45331578	[1, 1, 1, 1, 1, 1, 1, 1, 1, 1, 1, 1]
	1397704	1379578	1239665	16	M	15	A		-1	5246.49648213	[1, 1, 1, 1, 1, 1, 1, 1, 1, 1, 1, 1]
	1451464	1343506	1305675	16	M	48	A		-1	5246.84283085	[1, 1, 1, 1, 1, 1, 1, 1, 1, 1, 1, 1]
	1483144	1362749	1345509	16	M	18	A		-1	5247.24734711	[1, 1, 0, 1, 1, 1, 1, 1, 1, 1, 1, 1]
	1416131	1309422	1380565	16	M	6	A		-1	5247.48449846	[1, 1, 1, 1, 1, 1, 1, 1, 1, 1, 1, 1]
	1467830	1390325	1362240	16	M	17	A		-1	5247.90791394	[1, 1, 1, 0, 1, 1, 1, 1, 1, 1, 1, 1]
	1442778	1343274	1384411	16	M	100	A		-1	5247.95506299	[1, 1, 0, 1, 1, 1, 1, 1, 1, 1, 1, 1]
	1448102	1371658	1347157	16	M	78	A		-1	5248.09852606	[1, 1, 1, 1, 1, 0, 1, 1, 1, 1, 1, 1]
	1452720	1295188	1342898	16	M	47	A		-1	5248.28484961	[1, 1, 1, 1, 1, 1, 1, 1, 1, 1, 1, 1]
	1450836	1347530	1316374	16	M	64	A		-1	5248.3067589	[1, 1, 1, 1, 1, 1, 1, 1, 1, 1, 1, 1]
	1396132	1295558	1329793	16	M	31	A		-1	5248.30994485	[1, 1, 1, 1, 1, 1, 1, 1, 1, 1, 1, 1]
	1470171	1309422	1337628	16	M	49	A		-1	5248.60646069	[1, 1, 1, 1, 1, 1, 1, 1, 1, 1, 1, 1]
	1471247	1371336	1341183	16	M	6	A		-1	5248.80326283	[1, 1, 1, 1, 1, 1, 1, 1, 1, 1, 1, 1]
	1485249	1342439	1236082	16	M	19	A		-1	5249.09481386	[1, 1, 0, 1, 1, 1, 1, 1, 1, 1, 1, 1]
	1482869	1303999	1340654	16	M	77	A		-1	5249.36440118	[0, 1, 1, 0, 1, 1, 1, 1, 1, 1, 1, 1]
	1456417	1362749	1365773	16	M	18	A		-1	5249.59494153	[1, 1, 1, 1, 1, 1, 1, 1, 1, 1, 1, 1]
	1460935	1390325	1326294	16	M	2	A		-1	5250.38804806	[1, 1, 1, 0, 1, 1, 1, 1, 1, 1, 1, 1]
	1405947	1309776	1385051	16	M	58	A		-1	5251.21251034	[1, 1, 1, 1, 1, 1, 1, 1, 1, 1, 1, 1]
	1487103	1320508	1337822	16	M	14	A		-1	5251.61313111	[1, 1, 1, 1, 1, 1, 1, 1, 1, 1, 1, 1]
	1493467	1306148	1385252	16	M	87	A		-1	5252.32429789	[1, 1, 1, 1, 1, 1, 1, 1, 1, 1, 1, 1]
	1436217	1328268	1332079	16	M	59	A		-1	5252.70652706	[0, 1, 1, 1, 1, 1, 1, 1, 1, 1, 1, 1]
	1417350	1295188	1356966	16	M	36	A		-1	5254.32044006	[1, 1, 1, 1, 1, 1, 1, 1, 1, 1, 1, 1]
	1408474	1357930	1241448	16	M	68	A		-1	5254.73715075	[1, 1, 1, 1, 1, 1, 0, 1, 1, 1, 1, 1]
	1429745	1387671	1289353	16	M	65	A		-1	5254.9747711	[1, 1, 1, 1, 1, 1, 1, 1, 1, 1, 1, 1]
	1429714	1244077	1319799	16	M	8	A		-1	5255.10146718	[1, 1, 1, 1, 1, 1, 1, 1, 1, 1, 1, 1]
	1466866	1328268	1218078	16	M	39	A		-1	5255.19416977	[0, 1, 1, 1, 1, 1, 1, 1, 1, 1, 1, 1]
	1474742	1321238	1381640	16	M	2	A		-1	5255.46725073	[1, 1, 1, 1, 1, 1, 1, 1, 1, 1, 1, 1]
	1492472	1306148	1308715	16	M	49	A		-1	5255.87501238	[1, 1, 1, 1, 1, 1, 1, 1, 1, 1, 1, 1]
	1415512	1388394	1364949	16	M	97	A		-1	5256.09812947	[0, 1, 1, 1, 1, 1, 1, 1, 1, 1, 1, 1]
	1404053	1369484	1359032	16	M	65	A		-1	5256.3061927	[1, 1, 1, 1, 1, 1, 1, 1, 1, 1, 1, 1]
	1443347	1334544	1318008	16	M	18	A		-1	5256.3702779	[1, 1, 1, 1, 1, 1, 1, 1, 1, 1, 1, 1]
	1454224	1387671	1350734	16	M	35	A		-1	5257.09443144	[1, 1, 1, 1, 1, 1, 1, 1, 1, 1, 1, 1]
	1481186	1336864	1343238	16	M	63	A		-1	5258.96618326	[1, 1, 1, 1, 1, 1, 1, 1, 1, 1, 1, 1]
	1445013	1379578	1373708	16	M	34	A		-1	5259.68576815	[1, 1, 1, 1, 1, 1, 1, 1, 1, 1, 1, 1]
	1444380	1343212	1355728	16	M	57	A		-1	5260.02884487	[1, 1, 1, 1, 1, 1, 1, 1, 1, 1, 1, 1]
	1408991	1357930	1202931	16	M	59	A		-1	5262.05932654	[1, 1, 1, 1, 1, 1, 1, 1, 1, 1, 1, 1]
	1398031	1387671	1308528	16	M	61	A		-1	5262.27554132	[1, 1, 0, 1, 1, 1, 1, 1, 1, 1, 1, 1]
	1477200	1305648	1299712	16	M	98	A		-1	5262.32639201	[1, 1, 1, 1, 1, 1, 1, 1, 1, 1, 1, 1]
	1449293	1366875	1335331	16	M	47	A		-1	5263.56797238	[1, 1, 1, 1, 1, 1, 1, 1, 1, 1, 1, 1]
	1486377	1362749	1371794	16	M	35	A		-1	5264.65997461	[0, 1, 1, 1, 1, 1, 1, 1, 1, 1, 1, 1]
	1465119	1390325	1339911	16	M	18	A		-1	5264.67385109	[1, 1, 1, 1, 1, 1, 1, 1, 1, 1, 1, 1]
	1413038	1343274	1366882	16	M	10	A		-1	5264.71625539	[1, 1, 0, 1, 1, 1, 1, 1, 1, 1, 1, 1]
	1453166	1334544	1380088	16	M	28	A		-1	5265.00565431	[1, 1, 1, 0, 1, 1, 1, 1, 1, 1, 1, 1]
	1474986	1343506	1357006	16	M	9	A		-1	5265.72144945	[1, 1, 1, 1, 1, 1, 1, 1, 1, 1, 1, 1]
	1424413	1295550	1375538	16	M	45	A		-1	5266.16436371	[1, 1, 1, 1, 1, 1, 1, 1, 1, 1, 1, 1]
	1396630	1303999	1300868	16	M	93	A		-1	5266.41582897	[0, 1, 1, 1, 1, 1, 1, 1, 1, 1, 1, 1]
	1438125	1320508	1287895	16	M	39	A		-1	5266.4350346	[1, 1, 1, 1, 1, 1, 1, 1, 1, 1, 1, 1]
	1461931	1313918	1366551	16	M	92	A		-1	5266.53619595	[1, 1, 1, 1, 1, 1, 1, 1, 1, 1, 1, 1]
	1471695	1357930	1315812	16	M	15	A		-1	5266.79814917	[1, 1, 1, 1, 1, 1, 1, 1, 1, 1, 1, 1]
	1444001	1365061	1324574	16	M	0	A		-1	5266.83715395	[1, 1, 1, 1, 1, 1, 1, 1, 1, 1, 1, 1]
	1320508	1273475	1263542	15	M	66	A		-1	5266.90403228	[1, 1, 1, 1, 1, 1, 1, 1, 1, 1, 1, 1]
	1447759	1343274	1246478	16	M	7	A		-1	5267.20043538	[1, 1, 1, 1, 1, 1, 1, 1, 1, 1, 1, 1]
	1397376	1357930	1365228	16	M	78	A		-1	5267.53813929	[1, 1, 1, 1, 1, 1, 1, 1, 1, 1, 1, 1]
	1487399	1357930	1343650	16	M	66	A		-1	5268.01267609	[1, 1, 1, 1, 1, 1, 1, 1, 1, 1, 1, 1]
	1344287	1218933	1224253	15	M	10	A		-1	5268.17145159	[1, 1, 1, 1, 1, 1, 1, 1, 1, 1, 1, 1]
	1436840	1313918	1379487	16	M	87	A		-1	5268.22223731	[1, 1, 1, 1, 1, 1, 1, 0, 1, 1, 1, 1]
	1475295	1313918	1339499	16	M	10	A		-1	5268.4118939	[1, 1, 0, 1, 1, 1, 1, 1, 1, 1, 1, 1]
	1396445	1364971	1325913	16	M	16	A		-1	5268.49078824	[1, 1, 1, 1, 1, 1, 1, 1, 1, 1, 1, 1]
	1465371	1364610	1322730	16	M	14	A		-1	5270.43520648	[1, 1, 1, 1, 1, 1, 1, 1, 1, 1, 1, 1]
	1481511	1342439	1353537	16	M	41	A		-1	5271.08253712	[1, 1, 1, 1, 1, 1, 1, 1, 1, 1, 1, 1]
	1443444	1344203	1370224	16	M	58	A		-1	5271.67513539	[1, 1, 1, 1, 1, 1, 1, 1, 1, 1, 1, 1]
	1468320	1357930	1331990	16	M	15	A		-1	5273.87516322	[1, 1, 1, 1, 1, 1, 1, 1, 1, 1, 1, 1]
	1421064	1344287	1380842	16	M	48	A		-1	5275.38451764	[1, 1, 1, 1, 1, 1, 1, 1, 1, 1, 1, 1]
	1402935	1295558	1312592	16	M	35	A		-1	5275.5126678	[1, 1, 1, 1, 1, 1, 1, 1, 1, 1, 1, 1]
	1474367	1386455	1392478	16	M	31	A		-1	5276.45804522	[1, 1, 1, 1, 1, 1, 1, 1, 1, 1, 1, 1]
	1413889	1366875	1373784	16	M	87	A		-1	5276.76363364	[1, 1, 1, 1, 1, 1, 1, 1, 1, 1, 1, 1]
	1432287	1334544	1312478	16	M	49	A		-1	5277.66345073	[1, 1, 1, 1, 1, 1, 1, 1, 1, 1, 1, 1]
	1480855	1386455	1349426	16	M	6	A		-1	5278.40412908	[1, 1, 1, 1, 1, 1, 1, 0, 1, 1, 1, 1]
	1400874	1363320	1381028	16	M	67	A		-1	5279.43056278	[1, 1, 1, 1, 1, 1, 1, 1, 1, 1, 1, 1]
	1485829	1379578	1307083	16	M	9	A		-1	5280.17878842	[1, 1, 1, 1, 1, 1, 1, 0, 1, 1, 1, 1]
	1471620	1303999	1364479	16	M	56	A		-1	5280.22621222	[0, 1, 1, 1, 1, 1, 1, 1, 1, 1, 1, 1]
	1475892	1327236	1324514	16	M	32	A		-1	5280.70417156	[1, 1, 1, 0, 1, 1, 1, 1, 1, 0, 1, 1]
	1443386	1320508	1294200	16	M	46	A		-1	5281.2894659	[1, 1, 1, 1, 1, 1, 1, 1, 1, 1, 1, 1]
	1480577	1363320	1318281	16	M	75	A		-1	5282.04953233	[1, 1, 1, 1, 1, 1, 1, 1, 1, 1, 1, 1]
	1493485	1369484	1383738	16	M	26	A		-1	5284.39114528	[1, 1, 1, 1, 1, 1, 1, 1, 1, 1, 1, 1]
	1491370	1332328	1336609	16	M	26	A		-1	5284.42720385	[1, 1, 1, 1, 1, 1, 1, 1, 1, 1, 1, 1]
	1488659	1379578	1295897	16	M	29	A		-1	5284.50868119	[1, 1, 1, 1, 1, 1, 1, 1, 1, 1, 1, 1]
	1425070	1309776	1384221	16	M	96	A		-1	5284.91141457	[1, 1, 1, 1, 1, 1, 1, 1, 1, 1, 1, 1]
	1479304	1327236	1385237	16	M	33	A		-1	5285.35187059	[1, 1, 1, 1, 1, 1, 1, 1, 1, 1, 1, 1]
	1417253	1344203	1387205	16	M	66	A		-1	5285.50324867	[1, 1, 1, 1, 1, 1, 1, 1, 1, 1, 1, 1]
	1478664	1370055	1372664	16	M	23	A		-1	5286.79441439	[1, 1, 1, 1, 1, 1, 1, 1, 1, 1, 1, 1]
	1480069	1388394	1201577	16	M	61	A		-1	5287.22435404	[0, 1, 1, 1, 1, 1, 1, 1, 1, 1, 1, 1]
	1465293	1306035	1392831	16	M	46	A		-1	5288.32638143	[1, 1, 1, 1, 1, 1, 1, 1, 1, 1, 1, 1]
	1432647	1390325	1265587	16	M	31	A		-1	5288.65065998	[1, 1, 1, 0, 1, 1, 1, 1, 1, 1, 1, 1]
	1450754	1320508	1329821	16	M	69	A		-1	5288.68764146	[1, 1, 1, 1, 1, 1, 1, 1, 1, 1, 1, 1]
	1470580	1357930	1336740	16	M	47	A		-1	5289.25440744	[1, 1, 1, 0, 1, 1, 1, 1, 1, 1, 1, 1]
	1390325	1273268	1222471	15	M	42	A		-1	5289.63192657	[1, 1, 1, 0, 1, 1, 1, 1, 1, 1, 1, 1]
	1432857	1387671	1380826	16	M	11	A		-1	5289.74889761	[1, 1, 1, 1, 1, 1, 1, 1, 1, 1, 1, 1]
	1395833	1343212	1319112	16	M	64	A		-1	5289.86590257	[1, 1, 1, 1, 1, 1, 1, 1, 1, 1, 1, 1]
	1422575	1327236	1324572	16	M	39	A		-1	5290.36127092	[1, 1, 1, 1, 1, 1, 1, 1, 1, 0, 1, 1]
	1474898	1332328	1293636	16	M	26	A		-1	5291.01013018	[1, 1, 1, 1, 1, 1, 1, 1, 1, 1, 1, 1]
	1461139	1344287	1349885	16	M	62	A		-1	5294.46900081	[1, 1, 1, 0, 1, 1, 1, 1, 1, 1, 1, 1]
	1419668	1365061	1345212	16	M	36	A		-1	5294.84210766	[1, 1, 1, 1, 1, 1, 1, 1, 1, 1, 1, 1]
	1410128	1366875	1300838	16	M	31	A		-1	5297.55138737	[1, 1, 1, 1, 1, 1, 1, 1, 1, 1, 1, 1]
	1479264	1365061	1367532	16	M	60	A		-1	5297.55998769	[1, 1, 1, 1, 1, 1, 1, 1, 1, 1, 1, 1]
	1410831	1309776	1391904	16	M	16	A		-1	5297.98677222	[1, 1, 1, 1, 1, 1, 1, 1, 1, 1, 1, 1]
	1400450	1387671	1380405	16	M	70	A		-1	5298.09233503	[1, 1, 1, 1, 1, 1, 1, 1, 1, 1, 1, 1]
	1444920	1305648	1361603	16	M	66	A		-1	5298.23785165	[1, 1, 1, 1, 1, 1, 1, 1, 1, 1, 1, 1]
	1410051	1295558	1199110	16	M	54	A		-1	5298.56003855	[1, 1, 1, 1, 1, 1, 1, 1, 1, 1, 1, 1]
	1488027	1332775	1374710	16	M	0	A		-1	5299.60328635	[1, 1, 1, 0, 1, 1, 1, 1, 1, 1, 1, 1]
	1490098	1328268	1362058	16	M	16	A		-1	5299.68894417	[1, 1, 1, 1, 1, 1, 1, 1, 1, 1, 1, 1]
	1409321	1336864	1346592	16	M	32	A		-1	5300.17272616	[1, 1, 1, 1, 1, 1, 1, 1, 1, 1, 1, 1]
	1461492	1388394	1325779	16	M	72	A		-1	5302.37761513	[1, 1, 1, 1, 1, 1, 1, 1, 1, 1, 1, 1]
	1456147	1370055	1388381	16	M	4	A		-1	5302.9937861	[1, 1, 1, 1, 1, 1, 1, 1, 1, 1, 1, 1]
	1491932	1381096	1329123	16	M	41	A		-1	5303.35833945	[1, 1, 1, 1, 1, 1, 1, 1, 1, 1, 1, 1]
	1463883	1344287	1263511	16	M	11	A		-1	5303.51534462	[1, 1, 1, 1, 1, 1, 1, 0, 1, 1, 1, 1]
	1468735	1386455	1364313	16	M	65	A		-1	5303.98354337	[1, 1, 1, 1, 1, 1, 1, 1, 1, 1, 1, 1]
	1443378	1362749	1297092	16	M	73	A		-1	5304.34424034	[0, 1, 1, 1, 1, 1, 1, 1, 1, 1, 1, 1]
	1492006	1343212	1366173	16	M	52	A		-1	5305.8239024	[1, 1, 1, 1, 1, 1, 1, 1, 1, 1, 1, 1]
	1434204	1357930	1206724	16	M	33	A		-1	5307.44477142	[1, 1, 1, 1, 1, 1, 1, 1, 1, 1, 1, 1]
	1482905	1328268	1326960	16	M	23	A		-1	5307.54755671	[1, 1, 1, 1, 1, 1, 1, 1, 1, 1, 1, 1]
	1423309	1390325	1369919	16	M	66	A		-1	5307.67687654	[1, 1, 1, 0, 1, 1, 1, 1, 1, 1, 1, 1]
	1491732	1369484	1352825	16	M	24	A		-1	5307.98737005	[1, 1, 1, 1, 1, 1, 1, 1, 1, 1, 1, 1]
	1484692	1373282	1375445	16	M	67	A		-1	5307.99746473	[1, 1, 1, 1, 1, 1, 1, 0, 1, 1, 1, 1]
	1438817	1321238	1107713	16	M	88	A		-1	5308.49690125	[1, 0, 1, 1, 1, 1, 1, 1, 1, 1, 1, 1]
	1483695	1343274	1345718	16	M	90	A		-1	5308.72598348	[1, 1, 1, 1, 1, 1, 1, 1, 1, 1, 1, 1]
	1417430	1328268	1340249	16	M	17	A		-1	5309.52526867	[1, 1, 1, 1, 1, 1, 1, 1, 1, 1, 1, 1]
	1403385	1327236	1392722	16	M	71	A		-1	5311.84570138	[1, 1, 1, 1, 1, 1, 1, 1, 1, 1, 1, 1]
	1430898	1295188	1333440	16	M	21	A		-1	5312.97745227	[1, 1, 1, 1, 1, 1, 1, 1, 1, 1, 1, 1]
	1415725	1390325	1305944	16	M	72	A		-1	5314.33553073	[1, 1, 1, 1, 1, 1, 1, 1, 1, 1, 1, 1]
	1476624	1343274	1340795	16	M	12	A		-1	5315.66447277	[1, 1, 1, 1, 1, 1, 1, 1, 1, 1, 1, 1]
	1433551	1306035	1368326	16	M	57	A		-1	5316.07742777	[1, 1, 1, 1, 1, 1, 1, 1, 1, 1, 1, 1]
	1429862	1343274	1377792	16	M	52	A		-1	5316.2533977	[1, 1, 1, 1, 1, 1, 1, 1, 1, 1, 1, 1]
	1414731	1303999	1304185	16	M	24	A		-1	5316.37197469	[0, 1, 1, 1, 1, 1, 1, 1, 1, 1, 1, 1]
	1397643	1336348	1297891	16	M	78	A		-1	5316.63877033	[0, 1, 1, 1, 1, 1, 1, 1, 1, 1, 1, 1]
	1429288	1321238	1203706	16	M	94	A		-1	5316.73197889	[1, 1, 1, 1, 1, 1, 1, 1, 1, 1, 1, 1]
	1485547	1357930	1362676	16	M	58	A		-1	5318.29299409	[1, 1, 1, 1, 1, 1, 1, 1, 1, 1, 1, 1]
	1485542	1327236	1209630	16	M	82	A		-1	5319.24372332	[1, 1, 1, 0, 1, 1, 1, 1, 1, 1, 1, 1]
	1399984	1295188	1337110	16	M	23	A		-1	5323.2104714	[1, 1, 1, 0, 1, 1, 1, 1, 1, 1, 1, 1]
	1438728	1328268	1388984	16	M	42	A		-1	5323.43069274	[1, 1, 1, 1, 1, 1, 1, 1, 1, 1, 1, 1]
	1481971	1343506	1337067	16	M	40	A		-1	5323.56505624	[1, 1, 1, 1, 1, 1, 1, 1, 1, 1, 1, 1]
	1447229	1309776	1326273	16	M	8	A		-1	5324.71465288	[1, 1, 1, 1, 1, 1, 1, 1, 1, 1, 1, 1]
	1412692	1295550	1349719	16	M	73	A		-1	5324.83741077	[1, 1, 1, 1, 1, 1, 1, 1, 1, 1, 1, 1]
	1411159	1387671	1339083	16	M	44	A		-1	5325.24403941	[1, 1, 1, 1, 1, 1, 1, 1, 1, 1, 1, 1]
	1427524	1303999	1261945	16	M	29	A		-1	5325.38986488	[0, 1, 1, 1, 1, 1, 1, 1, 1, 1, 1, 1]
	1436869	1371336	1327372	16	M	41	A		-1	5325.62400046	[1, 1, 0, 1, 1, 1, 1, 1, 1, 1, 1, 1]
	1436989	1321238	1304846	16	M	9	A		-1	5325.68966496	[1, 1, 1, 1, 1, 1, 1, 1, 1, 1, 1, 1]
	1409304	1295188	1390076	16	M	36	A		-1	5326.30521767	[1, 1, 1, 1, 1, 1, 1, 1, 1, 1, 1, 1]
	1435557	1332328	1287745	16	M	3	A		-1	5328.3204024	[1, 1, 1, 1, 1, 1, 1, 1, 1, 1, 1, 1]
	1491159	1370055	1300355	16	M	96	A		-1	5332.32864256	[1, 1, 1, 1, 1, 1, 1, 1, 1, 1, 1, 1]
	1435828	1367721	1295376	16	M	19	A		-1	5332.48236436	[1, 1, 1, 1, 1, 1, 1, 1, 1, 1, 1, 1]
	1464159	1306035	1364434	16	M	9	A		-1	5332.64229983	[1, 1, 1, 1, 1, 1, 1, 1, 1, 1, 1, 1]
	1440143	1244077	1338861	16	M	20	A		-1	5333.89610547	[1, 1, 1, 1, 1, 1, 1, 1, 1, 1, 1, 1]
	1471377	1334544	1296473	16	M	67	A		-1	5334.8409966	[1, 1, 1, 1, 1, 1, 1, 1, 1, 1, 1, 1]
	1423257	1343506	1386657	16	M	10	A		-1	5335.0813023	[1, 1, 1, 1, 1, 1, 1, 1, 1, 1, 1, 1]
	1474088	1386455	1308447	16	M	77	A		-1	5336.67389699	[1, 1, 1, 1, 1, 1, 1, 1, 1, 1, 1, 1]
	1421486	1366875	1358923	16	M	69	A		-1	5339.54789859	[1, 1, 1, 1, 1, 1, 1, 1, 1, 1, 1, 1]
	1457300	1373282	1231992	16	M	20	A		-1	5342.18020374	[1, 1, 1, 1, 1, 1, 1, 1, 1, 1, 1, 1]
	1410756	1343212	1380267	16	M	83	A		-1	5342.41882671	[1, 1, 1, 1, 1, 1, 1, 1, 1, 1, 1, 1]
	1405022	1370055	1328905	16	M	67	A		-1	5343.95908955	[1, 1, 1, 1, 1, 1, 1, 1, 1, 1, 1, 1]
	1402362	1347530	1303761	16	M	38	A		-1	5345.18132963	[1, 1, 1, 1, 1, 1, 1, 1, 1, 1, 1, 1]
	1417954	1332328	1305637	16	M	88	A		-1	5349.91044335	[1, 1, 1, 1, 1, 1, 1, 1, 1, 1, 1, 1]
	1412470	1306035	1372746	16	M	19	A		-1	5350.23090529	[1, 1, 1, 1, 1, 1, 1, 1, 1, 1, 1, 1]
	1420490	1364971	1340714	16	M	36	A		-1	5352.23017072	[1, 1, 1, 1, 1, 1, 1, 1, 1, 1, 1, 1]
	1474814	1390325	1363844	16	M	1	A		-1	5352.42295721	[0, 1, 1, 1, 1, 1, 1, 1, 1, 1, 1, 1]
	1430044	1303999	1200198	16	M	79	A		-1	5352.56597156	[0, 1, 1, 1, 1, 1, 1, 1, 1, 1, 1, 1]
	1407300	1390325	1346730	16	M	46	A		-1	5354.07645299	[1, 1, 1, 1, 1, 1, 1, 1, 1, 1, 1, 1]
	1479613	1295558	1306959	16	M	59	A		-1	5354.46767211	[1, 1, 1, 1, 1, 1, 1, 1, 1, 1, 1, 1]
	1421600	1332328	1324150	16	M	41	A		-1	5355.53481219	[1, 1, 1, 1, 1, 1, 1, 1, 1, 1, 1, 1]
	1407073	1309776	1316292	16	M	10	A		-1	5357.47723118	[1, 1, 1, 1, 1, 1, 1, 1, 1, 1, 1, 1]
	1465164	1303999	1336773	16	M	66	A		-1	5359.14041897	[0, 1, 1, 1, 1, 1, 1, 1, 1, 1, 1, 1]
	1430680	1386455	1351960	16	M	56	A		-1	5359.2498649	[1, 1, 1, 1, 1, 1, 1, 1, 1, 1, 1, 1]
	1490197	1390325	1348108	16	M	34	A		-1	5359.89970722	[1, 1, 1, 1, 1, 1, 1, 0, 1, 1, 1, 1]
	1432774	1388394	1341207	16	M	18	A		-1	5360.03118787	[0, 1, 1, 1, 1, 1, 1, 1, 1, 1, 1, 1]
	1413230	1364971	1310618	16	M	88	A		-1	5361.16010369	[1, 1, 1, 1, 1, 1, 1, 1, 1, 1, 1, 1]
	1435118	1386455	1365845	16	M	48	A		-1	5367.32526083	[1, 1, 1, 1, 1, 1, 1, 1, 1, 1, 1, 1]
	1426872	1295558	1326199	16	M	8	A		-1	5367.88754327	[1, 1, 1, 1, 1, 1, 1, 1, 1, 1, 1, 1]
	1407591	1387671	1303786	16	M	6	A		-1	5367.96805496	[1, 1, 1, 1, 1, 1, 1, 1, 1, 1, 1, 1]
	1480730	1343274	1332750	16	M	35	A		-1	5368.04603218	[1, 1, 0, 1, 1, 1, 1, 1, 1, 1, 1, 1]
	1406327	1336864	1304106	16	M	11	A		-1	5368.62084783	[1, 1, 1, 0, 1, 1, 1, 1, 1, 1, 1, 1]
	1456859	1336348	1379881	16	M	17	A		-1	5370.09786835	[1, 1, 1, 1, 1, 1, 1, 1, 1, 1, 1, 1]
	1428958	1365061	1392327	16	M	100	A		-1	5370.41645095	[1, 1, 1, 1, 1, 1, 1, 1, 1, 1, 1, 1]
	1427748	1334544	1329108	16	M	44	A		-1	5375.51595415	[1, 1, 1, 0, 1, 1, 1, 1, 1, 1, 1, 1]
	1451620	1244077	1361126	16	M	17	A		-1	5377.13309817	[1, 1, 1, 1, 1, 1, 1, 1, 1, 1, 1, 1]
	1413570	1327236	1328320	16	M	41	A		-1	5378.79011428	[1, 1, 1, 1, 1, 1, 1, 1, 1, 0, 1, 1]
	1401297	1343274	1352896	16	M	53	A		-1	5383.13116366	[1, 1, 1, 1, 1, 1, 1, 1, 1, 1, 1, 1]
	1431318	1334544	1360687	16	M	31	A		-1	5386.15435555	[1, 1, 1, 1, 1, 1, 1, 0, 1, 1, 1, 1]
	1477243	1390325	1375464	16	M	41	A		-1	5399.08287222	[1, 1, 1, 0, 1, 1, 1, 1, 1, 1, 1, 1]
	1406501	1379578	1308923	16	M	14	A		-1	5405.51583439	[1, 1, 1, 1, 1, 1, 1, 1, 1, 1, 1, 1]
	1441432	1343274	1364784	16	M	66	A		-1	5410.08911276	[1, 1, 1, 1, 1, 1, 1, 1, 1, 1, 1, 1]
	1466867	1380887	1374249	16	M	87	A		-1	5410.40358262	[1, 1, 1, 1, 1, 1, 1, 1, 1, 1, 1, 1]
	1406733	1324461	1335557	16	M	20	A		-1	5411.58649532	[1, 1, 1, 1, 1, 1, 1, 1, 1, 1, 1, 1]
	1415676	1305648	1329191	16	M	3	A		-1	5411.64179689	[1, 1, 0, 1, 1, 1, 1, 1, 1, 1, 1, 1]
	1408717	1344287	1386282	16	M	67	A		-1	5415.61834536	[1, 1, 1, 1, 1, 1, 1, 1, 1, 1, 1, 1]
	1412737	1306148	1310077	16	M	95	A		-1	5422.57947652	[1, 1, 1, 1, 1, 1, 1, 1, 1, 1, 1, 1]
	1446301	1320508	1335648	16	M	79	A		-1	5425.66082043	[1, 1, 1, 1, 1, 1, 1, 1, 1, 1, 1, 1]
	1438013	1306148	1339583	16	M	35	A		-1	5430.70826981	[0, 1, 1, 1, 1, 1, 1, 1, 1, 1, 1, 1]
	1466921	1388394	1345513	16	M	36	A		-1	5435.4321851	[0, 1, 1, 1, 1, 1, 1, 1, 1, 1, 1, 1]
	1464082	1295558	1355359	16	M	66	A		-1	5437.3934498	[1, 1, 1, 1, 1, 1, 1, 1, 1, 1, 1, 1]
	1412535	1307648	1313347	16	M	48	A		-1	5441.15783842	[1, 1, 1, 1, 1, 1, 1, 1, 1, 1, 1, 1]
	1415560	1328268	1310686	16	M	24	A		-1	5441.69885086	[1, 1, 1, 1, 1, 1, 1, 1, 1, 1, 1, 1]
	1490806	1244077	1338035	16	M	68	A		-1	5442.25403272	[1, 1, 1, 1, 1, 1, 1, 1, 1, 1, 1, 1]
	1452791	1366875	1325280	16	M	91	A		-1	5442.56510096	[1, 1, 1, 1, 1, 1, 1, 1, 1, 1, 1, 1]
	1422379	1244077	1359710	16	M	50	A		-1	5449.48453669	[1, 1, 1, 1, 1, 1, 1, 1, 1, 1, 1, 1]
	1480474	1366875	1372066	16	M	0	A		-1	5452.50048114	[1, 1, 1, 1, 1, 1, 1, 1, 1, 1, 1, 1]
	1458147	1320508	1363342	16	M	79	A		-1	5462.69088816	[1, 1, 1, 1, 1, 1, 1, 1, 1, 1, 1, 1]
	1432519	1365061	1258521	16	M	34	A		-1	5468.46332893	[1, 1, 1, 1, 1, 1, 1, 1, 1, 1, 1, 1]
	1453696	1387671	1379299	16	M	59	A		-1	5471.10699505	[1, 1, 1, 1, 1, 1, 1, 1, 1, 1, 1, 1]
	1471326	1320508	1363251	16	M	52	A		-1	5472.74570102	[1, 1, 1, 1, 1, 1, 1, 1, 1, 1, 1, 1]
	1396197	1347530	1349792	16	M	3	A		-1	5476.41616182	[0, 1, 1, 1, 1, 1, 1, 1, 1, 1, 1, 1]
	1407096	1303999	1387316	16	M	29	A		-1	5483.8260714	[0, 1, 1, 1, 1, 1, 1, 1, 1, 1, 1, 1]
	1435198	1379578	1373012	16	M	58	A		-1	5494.89720563	[1, 1, 1, 1, 1, 1, 1, 1, 1, 1, 1, 1]
	1415320	1332328	1308508	16	M	17	A		-1	5500.61107218	[1, 1, 1, 0, 1, 1, 1, 1, 1, 1, 1, 1]
	1492227	1357930	1333894	16	M	59	A		-1	5502.22808018	[1, 1, 1, 1, 1, 1, 1, 1, 1, 1, 1, 1]
	1456735	1320508	1307637	16	M	35	A		-1	5509.34086746	[1, 1, 1, 1, 1, 1, 1, 1, 1, 1, 1, 1]
	1475107	1336348	1302986	16	M	54	A		-1	5529.48249723	[1, 1, 1, 1, 1, 1, 1, 1, 1, 1, 1, 1]
	1422335	1343506	1298927	16	M	62	A		-1	5588.40861344	[1, 1, 1, 1, 1, 1, 1, 1, 1, 1, 1, 1]
	1403650	1357930	1302160	16	M	44	A		-1	5699.24238389	[1, 1, 1, 1, 1, 1, 1, 1, 1, 1, 1, 1]
