animal	sire	dam	born	sex	herd	status	cause	died	TBV	recessives
	426104	387127	372930	6	M	79	A		-1	2284.97535998	[1, 1, 1, 1, 1, 1, 1, 1, 1, 1, 1, 1]
	453587	364177	340979	6	M	41	A		-1	2285.45804985	[1, 1, 1, 0, 1, 1, 1, 1, 1, 1, 1, 1]
	310929	266872	288659	5	M	41	A		-1	2285.71295733	[1, 1, 1, 1, 1, 1, 1, 1, 1, 1, 1, 1]
	476997	369781	276317	6	M	23	A		-1	2285.94769176	[1, 1, 1, 1, 1, 1, 1, 1, 1, 1, 1, 1]
	469028	338822	371751	6	M	5	A		-1	2286.28085879	[1, 1, 1, 1, 1, 1, 1, 1, 1, 1, 1, 1]
	489939	372052	346911	6	M	89	A		-1	2286.52251068	[1, 1, 1, 1, 1, 1, 1, 1, 1, 1, 1, 1]
	402152	381898	365865	6	M	85	A		-1	2286.69540757	[1, 1, 1, 1, 1, 1, 1, 0, 1, 1, 1, 1]
	424900	308833	360738	6	M	92	A		-1	2286.9453213	[1, 1, 1, 1, 1, 1, 1, 1, 1, 1, 1, 1]
	461335	365067	265122	6	M	75	A		-1	2286.97515394	[1, 1, 1, 1, 1, 1, 1, 1, 1, 1, 1, 1]
	410264	387127	257154	6	M	94	A		-1	2287.40115139	[1, 1, 1, 1, 1, 1, 1, 1, 1, 1, 1, 1]
	440938	362463	334749	6	M	24	A		-1	2287.51857941	[1, 1, 0, 1, 1, 1, 1, 1, 1, 1, 1, 1]
	464709	317899	356525	6	M	21	A		-1	2287.69907607	[1, 1, 1, 1, 1, 1, 1, 1, 1, 1, 1, 1]
	416037	308233	334828	6	M	54	A		-1	2287.72688936	[1, 1, 1, 1, 1, 1, 1, 1, 1, 1, 1, 1]
	441849	310929	299404	6	M	61	A		-1	2288.45431761	[1, 1, 1, 1, 1, 1, 1, 1, 1, 1, 1, 1]
	369643	290655	210547	5	M	92	A		-1	2289.27881339	[1, 1, 1, 1, 1, 1, 1, 1, 1, 1, 1, 1]
	438534	373295	363864	6	M	22	A		-1	2289.69496989	[1, 1, 1, 1, 0, 1, 1, 1, 1, 1, 1, 1]
	452646	344118	195953	6	M	72	A		-1	2290.04983674	[1, 1, 1, 1, 1, 1, 1, 1, 1, 1, 1, 1]
	419107	364177	266156	6	M	6	A		-1	2290.1629848	[1, 1, 1, 1, 1, 1, 1, 1, 1, 1, 1, 1]
	436091	369643	314216	6	M	27	A		-1	2290.54271478	[1, 1, 1, 1, 1, 1, 1, 1, 1, 1, 1, 1]
	413011	317142	370120	6	M	92	A		-1	2290.63585535	[1, 1, 1, 0, 1, 1, 1, 1, 1, 1, 1, 1]
	487556	387127	389862	6	M	8	A		-1	2290.97128948	[1, 1, 1, 1, 1, 1, 1, 1, 1, 1, 1, 1]
	428171	350204	383620	6	M	81	A		-1	2291.39907407	[1, 1, 1, 1, 1, 1, 1, 1, 1, 1, 1, 1]
	418905	310929	330010	6	M	33	A		-1	2291.71675182	[1, 1, 1, 1, 1, 1, 1, 1, 1, 1, 1, 1]
	397861	383792	305907	6	M	51	A		-1	2291.78747751	[1, 1, 1, 1, 1, 1, 1, 1, 1, 1, 1, 1]
	406906	323802	360168	6	M	7	A		-1	2291.80242998	[1, 1, 1, 1, 1, 1, 1, 1, 1, 1, 1, 1]
	441289	372873	240400	6	M	25	A		-1	2291.97632201	[1, 1, 1, 1, 1, 1, 1, 1, 1, 1, 1, 0]
	446513	365067	338051	6	M	9	A		-1	2292.19900284	[1, 1, 1, 1, 1, 1, 1, 1, 1, 1, 1, 1]
	457060	319059	203631	6	M	41	A		-1	2292.72995267	[1, 0, 1, 1, 1, 1, 1, 1, 1, 1, 1, 1]
	449774	296087	232288	6	M	71	A		-1	2292.77530566	[1, 1, 1, 1, 1, 1, 1, 1, 1, 1, 1, 1]
	493303	338743	380193	6	M	99	A		-1	2292.82133952	[1, 1, 1, 1, 1, 1, 1, 1, 1, 1, 1, 1]
	425164	355741	364883	6	M	7	A		-1	2292.87843211	[1, 1, 1, 1, 1, 1, 1, 0, 1, 1, 1, 1]
	434751	305636	351955	6	M	34	A		-1	2293.11537373	[1, 1, 1, 1, 1, 1, 1, 1, 1, 1, 1, 1]
	348234	195243	216854	5	M	32	A		-1	2293.13333924	[1, 1, 1, 1, 1, 1, 1, 1, 1, 1, 1, 1]
	486611	384420	357211	6	M	48	A		-1	2293.69368301	[1, 1, 1, 1, 1, 1, 1, 1, 1, 1, 1, 1]
	476167	384420	384802	6	M	28	A		-1	2293.99886058	[1, 1, 1, 1, 1, 1, 1, 1, 1, 1, 1, 1]
	491379	382343	320272	6	M	54	A		-1	2294.3162132	[1, 1, 1, 1, 1, 1, 1, 0, 1, 1, 1, 1]
	463118	319059	353599	6	M	81	A		-1	2294.66344586	[1, 0, 1, 1, 1, 1, 1, 1, 1, 1, 1, 1]
	429139	354400	140336	6	M	84	A		-1	2294.95677019	[1, 1, 1, 1, 1, 1, 1, 1, 1, 1, 1, 1]
	464471	298641	335184	6	M	62	A		-1	2295.43179416	[1, 1, 1, 1, 1, 0, 1, 1, 1, 1, 1, 1]
	407584	355741	342264	6	M	56	A		-1	2295.51396837	[1, 1, 1, 1, 1, 1, 1, 1, 1, 1, 1, 1]
	433879	384420	309283	6	M	66	A		-1	2295.52892379	[1, 1, 1, 1, 1, 1, 1, 1, 1, 1, 1, 1]
	449489	348234	317371	6	M	24	A		-1	2295.59384124	[1, 1, 1, 1, 1, 1, 1, 1, 1, 1, 1, 1]
	485634	369781	336388	6	M	69	A		-1	2295.64265625	[0, 1, 1, 1, 1, 1, 1, 1, 1, 1, 1, 1]
	436150	298641	333780	6	M	97	A		-1	2295.74926424	[1, 1, 1, 1, 1, 1, 1, 1, 1, 1, 1, 1]
	441751	357821	338766	6	M	27	A		-1	2296.57938592	[1, 1, 1, 1, 1, 1, 1, 1, 1, 1, 1, 1]
	408916	319059	378206	6	M	42	A		-1	2296.63151254	[1, 1, 1, 1, 1, 1, 1, 1, 1, 1, 1, 1]
	454853	348234	351682	6	M	35	A		-1	2296.83183421	[1, 1, 1, 1, 1, 1, 1, 1, 1, 1, 1, 1]
	446477	336458	352594	6	M	92	A		-1	2296.96077775	[1, 1, 1, 1, 1, 1, 0, 1, 1, 1, 1, 1]
	453230	298641	350219	6	M	21	A		-1	2297.02828196	[1, 1, 1, 1, 1, 1, 1, 1, 1, 1, 1, 1]
	466622	382027	311079	6	M	90	A		-1	2297.17908989	[1, 1, 1, 1, 1, 1, 1, 1, 1, 1, 1, 1]
	404716	323802	308485	6	M	46	A		-1	2297.63908655	[1, 1, 1, 1, 1, 1, 1, 1, 1, 1, 1, 1]
	478270	319059	322262	6	M	52	A		-1	2297.81271504	[1, 1, 1, 1, 1, 1, 1, 1, 1, 1, 1, 1]
	454768	364177	271337	6	M	83	A		-1	2297.85991702	[1, 1, 1, 1, 1, 1, 1, 1, 1, 1, 1, 1]
	398545	357821	326648	6	M	1	A		-1	2298.05229726	[1, 1, 1, 1, 1, 1, 1, 1, 1, 1, 1, 1]
	482234	354400	359573	6	M	97	A		-1	2298.23649625	[1, 1, 1, 1, 1, 1, 1, 1, 1, 1, 1, 1]
	481202	354400	369145	6	M	1	A		-1	2298.73209274	[1, 1, 1, 1, 1, 1, 1, 1, 1, 1, 1, 1]
	470630	368714	341838	6	M	5	A		-1	2298.83451074	[1, 1, 1, 1, 1, 1, 1, 1, 1, 1, 1, 1]
	466926	385344	374710	6	M	76	A		-1	2298.92381618	[1, 1, 1, 1, 1, 1, 1, 1, 1, 1, 1, 1]
	461102	317899	199506	6	M	37	A		-1	2299.10573529	[1, 1, 1, 1, 1, 1, 1, 1, 1, 1, 1, 1]
	439842	369643	343296	6	M	38	A		-1	2299.16033862	[1, 1, 1, 1, 1, 1, 1, 0, 1, 1, 1, 1]
	444413	385344	362922	6	M	38	A		-1	2299.30620863	[1, 1, 1, 1, 1, 1, 1, 1, 1, 1, 1, 1]
	481464	387127	385354	6	M	36	A		-1	2299.55146651	[1, 1, 1, 1, 1, 1, 1, 1, 1, 1, 1, 1]
	447605	368714	382566	6	M	31	A		-1	2299.67482403	[1, 1, 1, 1, 1, 1, 1, 1, 1, 1, 1, 1]
	430485	368714	291003	6	M	41	A		-1	2299.74739061	[1, 1, 1, 1, 1, 1, 1, 1, 1, 1, 1, 1]
	364177	251662	211155	5	M	49	A		-1	2299.94764621	[1, 1, 1, 1, 1, 1, 1, 1, 1, 1, 1, 1]
	455430	319059	355662	6	M	76	A		-1	2300.02929256	[1, 0, 1, 1, 1, 1, 1, 1, 1, 1, 1, 1]
	393940	317899	247856	6	M	90	A		-1	2300.10467899	[1, 1, 1, 1, 1, 1, 1, 1, 1, 1, 1, 1]
	493487	319059	360409	6	M	20	A		-1	2300.39592778	[1, 0, 1, 1, 1, 1, 1, 1, 1, 1, 1, 1]
	432538	373295	307022	6	M	84	A		-1	2300.80438397	[1, 1, 1, 1, 1, 1, 1, 1, 1, 1, 1, 1]
	452114	369643	393459	6	M	9	A		-1	2301.02227346	[1, 1, 1, 1, 1, 1, 1, 0, 1, 1, 1, 1]
	421085	308233	382210	6	M	63	A		-1	2301.1100098	[1, 1, 1, 1, 1, 1, 1, 1, 1, 1, 1, 1]
	469786	387127	387592	6	M	46	A		-1	2303.12106926	[1, 1, 1, 1, 1, 1, 1, 1, 1, 1, 1, 1]
	466808	305636	297812	6	M	6	A		-1	2303.16443554	[1, 1, 1, 1, 1, 1, 1, 1, 1, 1, 1, 1]
	454833	369781	382745	6	M	32	A		-1	2303.17416917	[1, 1, 1, 1, 1, 1, 1, 1, 1, 1, 1, 1]
	383887	246087	200756	5	M	83	A		-1	2303.64597009	[1, 1, 1, 1, 1, 1, 1, 1, 1, 1, 1, 1]
	415809	379987	277828	6	M	88	A		-1	2304.30713515	[1, 1, 1, 1, 1, 1, 1, 1, 1, 1, 1, 1]
	451407	369781	366099	6	M	62	A		-1	2304.59380085	[1, 1, 1, 1, 1, 1, 1, 1, 1, 1, 1, 1]
	402079	382027	315361	6	M	75	A		-1	2304.95575341	[1, 1, 1, 1, 1, 0, 1, 1, 1, 1, 1, 1]
	462202	338063	361497	6	M	67	A		-1	2305.39116401	[1, 1, 1, 1, 1, 1, 0, 1, 1, 1, 1, 1]
	446922	383887	331048	6	M	40	A		-1	2305.50192344	[1, 1, 1, 1, 1, 1, 1, 1, 1, 1, 1, 1]
	426315	296087	291022	6	M	97	A		-1	2305.76427729	[1, 1, 1, 1, 1, 1, 1, 1, 1, 1, 1, 1]
	486347	382027	335926	6	M	40	A		-1	2306.06867357	[1, 1, 1, 1, 1, 1, 1, 1, 1, 1, 1, 1]
	457467	308233	304334	6	M	100	A		-1	2306.1161848	[1, 1, 1, 1, 1, 1, 1, 1, 1, 1, 1, 1]
	489043	338743	271847	6	M	90	A		-1	2306.93309059	[1, 1, 1, 1, 1, 1, 1, 1, 1, 1, 1, 0]
	369781	244829	210131	5	M	24	A		-1	2307.66680315	[1, 1, 1, 1, 1, 1, 1, 1, 1, 1, 1, 1]
	428840	373295	376047	6	M	84	A		-1	2308.50402654	[1, 1, 1, 1, 0, 1, 1, 1, 1, 1, 1, 1]
	471472	369643	278526	6	M	89	A		-1	2308.53656259	[1, 1, 1, 1, 1, 1, 1, 1, 1, 1, 1, 1]
	399923	354400	328223	6	M	83	A		-1	2308.61791408	[1, 1, 1, 1, 1, 1, 1, 1, 1, 1, 1, 1]
	423165	306388	328429	6	M	48	A		-1	2308.8626549	[1, 1, 1, 1, 1, 1, 1, 1, 1, 1, 1, 1]
	466759	344118	357560	6	M	89	A		-1	2309.06694922	[0, 1, 1, 1, 1, 1, 1, 1, 1, 1, 1, 0]
	474740	370488	335348	6	M	68	A		-1	2309.15598536	[1, 1, 1, 1, 1, 1, 1, 1, 1, 1, 1, 1]
	394973	382027	323253	6	M	61	A		-1	2309.33758014	[1, 1, 1, 1, 1, 1, 1, 1, 1, 1, 1, 1]
	455118	306388	351860	6	M	57	A		-1	2309.63490608	[1, 1, 1, 1, 1, 1, 1, 1, 1, 1, 1, 1]
	395696	338743	333491	6	M	24	A		-1	2309.69031935	[1, 1, 1, 1, 1, 1, 1, 0, 1, 1, 1, 1]
	404407	383792	359787	6	M	93	A		-1	2310.07789725	[1, 1, 1, 1, 1, 1, 1, 1, 1, 1, 1, 1]
	382027	226764	217160	5	M	69	A		-1	2310.08340862	[1, 1, 1, 1, 1, 1, 1, 1, 1, 1, 1, 1]
	415499	344118	371898	6	M	58	A		-1	2310.38665036	[1, 1, 1, 1, 1, 1, 1, 1, 1, 1, 1, 1]
	443622	389683	303035	6	M	82	A		-1	2310.52992774	[1, 1, 1, 1, 1, 1, 1, 1, 1, 1, 1, 1]
	417973	344118	375688	6	M	5	A		-1	2310.69580744	[1, 1, 1, 1, 1, 1, 1, 1, 1, 1, 1, 1]
	459357	387127	298472	6	M	46	A		-1	2311.2257524	[1, 1, 1, 1, 1, 1, 1, 1, 1, 1, 1, 1]
	430685	370488	297544	6	M	41	A		-1	2311.66060284	[1, 1, 1, 1, 1, 1, 1, 0, 1, 1, 1, 1]
	414060	308233	367279	6	M	24	A		-1	2311.91341337	[1, 1, 1, 1, 1, 1, 1, 1, 1, 1, 1, 1]
	415495	336458	369367	6	M	100	A		-1	2312.41442522	[1, 1, 1, 1, 1, 1, 0, 1, 1, 1, 1, 1]
	461563	350204	317281	6	M	40	A		-1	2312.65281938	[1, 1, 1, 1, 1, 1, 1, 1, 1, 1, 1, 1]
	479680	336458	256221	6	M	60	A		-1	2313.2809009	[1, 1, 1, 1, 1, 1, 1, 1, 1, 1, 1, 1]
	485696	337924	168396	6	M	82	A		-1	2313.30715202	[1, 1, 1, 1, 1, 1, 1, 0, 1, 1, 1, 1]
	476528	384420	388036	6	M	15	A		-1	2313.39979397	[1, 1, 1, 1, 1, 1, 1, 1, 1, 1, 1, 1]
	338822	200012	200134	5	M	56	A		-1	2313.51741046	[1, 1, 1, 1, 1, 1, 1, 1, 1, 1, 1, 1]
	396163	338822	304833	6	M	49	A		-1	2313.56788307	[1, 1, 1, 1, 1, 1, 1, 1, 1, 1, 1, 1]
	396570	308833	293053	6	M	88	A		-1	2313.56940617	[1, 1, 1, 1, 1, 1, 1, 1, 1, 1, 1, 1]
	410255	347692	382509	6	M	23	A		-1	2313.82486665	[1, 1, 1, 1, 1, 1, 1, 0, 1, 1, 1, 0]
	451949	338063	210190	6	M	70	A		-1	2313.85076839	[1, 1, 1, 1, 1, 1, 1, 1, 1, 1, 1, 0]
	473813	308233	204579	6	M	97	A		-1	2314.56674763	[1, 1, 1, 1, 1, 1, 1, 1, 1, 1, 1, 1]
	486872	383887	306476	6	M	99	A		-1	2314.78314081	[1, 1, 1, 1, 1, 1, 1, 1, 1, 1, 1, 1]
	488533	370488	242486	6	M	17	A		-1	2314.82234068	[1, 1, 1, 0, 1, 1, 1, 1, 1, 1, 1, 1]
	411240	299795	345858	6	M	6	A		-1	2314.90141236	[1, 1, 1, 1, 1, 1, 1, 1, 1, 1, 1, 1]
	433914	317142	316971	6	M	74	A		-1	2315.35082845	[1, 1, 1, 1, 1, 1, 1, 1, 1, 1, 1, 1]
	484404	344118	358975	6	M	32	A		-1	2316.06398849	[0, 1, 1, 1, 1, 1, 1, 1, 1, 1, 1, 1]
	413378	348234	295915	6	M	68	A		-1	2316.12947352	[1, 1, 1, 1, 1, 1, 1, 1, 1, 1, 1, 1]
	418183	319059	357381	6	M	57	A		-1	2316.16908184	[1, 0, 1, 1, 1, 1, 1, 1, 1, 1, 1, 1]
	438091	323802	357188	6	M	7	A		-1	2316.40812452	[1, 1, 1, 1, 1, 1, 1, 1, 1, 1, 1, 1]
	433421	372052	303916	6	M	33	A		-1	2316.70321922	[1, 0, 1, 1, 1, 1, 1, 1, 1, 1, 1, 1]
	395715	305636	301075	6	M	33	A		-1	2317.16373595	[1, 1, 1, 1, 1, 1, 1, 1, 1, 1, 1, 1]
	465305	387127	343367	6	M	86	A		-1	2317.51332924	[1, 1, 1, 1, 1, 1, 1, 1, 1, 1, 1, 1]
	414976	383887	381156	6	M	90	A		-1	2317.56102034	[1, 1, 1, 1, 1, 1, 1, 1, 1, 1, 1, 1]
	485949	369781	303095	6	M	70	A		-1	2318.12514754	[1, 1, 1, 1, 1, 1, 1, 1, 1, 1, 1, 1]
	457327	387127	313074	6	M	91	A		-1	2318.4368153	[1, 1, 1, 1, 1, 1, 1, 1, 1, 1, 1, 1]
	336458	208512	269754	5	M	27	A		-1	2318.6623629	[1, 1, 1, 1, 1, 1, 0, 1, 1, 1, 1, 1]
	387127	194907	265674	5	M	59	A		-1	2318.95737088	[1, 1, 1, 1, 1, 1, 1, 1, 1, 1, 1, 1]
	485168	384420	357232	6	M	52	A		-1	2318.96644303	[1, 0, 1, 1, 1, 1, 1, 1, 1, 1, 1, 1]
	488146	372052	299132	6	M	78	A		-1	2319.39146591	[1, 0, 1, 1, 1, 1, 1, 1, 1, 1, 0, 1]
	419286	372873	346438	6	M	50	A		-1	2319.76643205	[1, 1, 1, 1, 1, 1, 1, 1, 1, 1, 1, 1]
	479578	369781	133645	6	M	94	A		-1	2319.82929825	[1, 1, 1, 1, 1, 1, 1, 1, 1, 1, 1, 1]
	438767	370488	384900	6	M	43	A		-1	2320.06484607	[1, 1, 1, 1, 1, 1, 1, 1, 1, 1, 1, 1]
	365067	232253	290762	5	M	51	A		-1	2320.16292878	[1, 1, 1, 1, 1, 1, 1, 1, 1, 1, 1, 1]
	458554	382027	338022	6	M	75	A		-1	2320.46894811	[1, 1, 1, 1, 1, 1, 1, 1, 1, 1, 1, 1]
	406339	382343	297089	6	M	60	A		-1	2320.62505376	[1, 1, 1, 1, 1, 1, 1, 1, 1, 1, 1, 1]
	447547	317899	365693	6	M	39	A		-1	2320.84729232	[1, 1, 1, 1, 1, 1, 1, 1, 1, 1, 1, 1]
	483745	306388	367853	6	M	14	A		-1	2320.89714803	[1, 1, 1, 1, 1, 1, 1, 1, 1, 1, 1, 1]
	433795	347692	300225	6	M	61	A		-1	2321.12177077	[1, 1, 1, 1, 0, 1, 1, 1, 1, 1, 1, 1]
	461177	357821	313031	6	M	15	A		-1	2322.21273676	[1, 1, 1, 1, 1, 1, 1, 1, 1, 1, 1, 1]
	489499	384420	339433	6	M	46	A		-1	2322.57139753	[1, 1, 1, 1, 1, 1, 1, 1, 1, 1, 1, 1]
	486950	355741	374191	6	M	97	A		-1	2322.72667929	[1, 1, 1, 1, 1, 1, 1, 0, 1, 1, 1, 1]
	448552	379987	362067	6	M	91	A		-1	2322.85795684	[1, 1, 1, 1, 1, 1, 1, 1, 1, 1, 1, 1]
	420423	338743	341766	6	M	93	A		-1	2322.89857959	[1, 1, 1, 1, 1, 1, 1, 1, 1, 1, 1, 1]
	456845	389683	345693	6	M	78	A		-1	2322.90843538	[1, 1, 1, 1, 1, 1, 1, 1, 1, 1, 1, 1]
	412480	338743	301973	6	M	72	A		-1	2322.94676494	[1, 1, 1, 1, 1, 1, 1, 1, 1, 1, 1, 1]
	454258	373295	237265	6	M	58	A		-1	2323.42886684	[1, 1, 1, 1, 1, 1, 1, 1, 1, 1, 1, 1]
	441524	337924	382010	6	M	2	A		-1	2323.87702725	[1, 1, 1, 1, 1, 1, 1, 1, 1, 1, 1, 1]
	422791	369781	198506	6	M	64	A		-1	2324.05292609	[1, 1, 1, 1, 1, 1, 1, 1, 1, 1, 1, 1]
	460460	306388	373947	6	M	31	A		-1	2324.38167936	[1, 1, 1, 1, 1, 1, 1, 1, 1, 1, 1, 1]
	479280	347692	312990	6	M	33	A		-1	2324.46954248	[1, 1, 1, 1, 1, 1, 1, 1, 1, 1, 1, 0]
	483266	296087	349626	6	M	41	A		-1	2324.54222816	[1, 1, 1, 1, 1, 1, 1, 1, 1, 1, 1, 1]
	419225	362463	302575	6	M	31	A		-1	2324.59530005	[1, 1, 1, 1, 1, 1, 1, 1, 1, 1, 1, 1]
	416112	354400	243827	6	M	43	A		-1	2324.89178255	[1, 1, 1, 1, 1, 1, 1, 1, 1, 1, 1, 1]
	485976	347692	303016	6	M	95	A		-1	2325.01645935	[1, 1, 1, 0, 1, 1, 1, 0, 1, 1, 1, 0]
	414045	310929	327204	6	M	61	A		-1	2326.15171476	[1, 1, 1, 1, 1, 1, 1, 1, 1, 1, 1, 1]
	395398	384420	352362	6	M	94	A		-1	2326.38715233	[1, 1, 1, 1, 1, 1, 1, 1, 1, 1, 1, 1]
	472722	308233	387915	6	M	87	A		-1	2326.89237957	[1, 1, 1, 1, 1, 1, 1, 1, 1, 1, 1, 1]
	398285	384420	348871	6	M	41	A		-1	2326.92657239	[1, 1, 1, 0, 1, 1, 1, 1, 1, 1, 1, 1]
	419014	350204	299776	6	M	57	A		-1	2327.06246652	[1, 1, 1, 1, 1, 1, 1, 1, 1, 1, 1, 1]
	473213	296087	366808	6	M	99	A		-1	2327.10215435	[1, 1, 1, 1, 1, 1, 1, 1, 1, 1, 1, 1]
	393914	317373	223174	6	M	72	A		-1	2327.56879724	[1, 1, 1, 1, 1, 1, 1, 1, 1, 1, 1, 1]
	398182	306388	270348	6	M	80	A		-1	2329.07821583	[1, 1, 1, 1, 1, 1, 1, 1, 1, 1, 1, 1]
	459315	317142	327268	6	M	29	A		-1	2329.63147246	[1, 1, 1, 1, 1, 1, 1, 1, 1, 1, 1, 1]
	461800	377755	370992	6	M	75	A		-1	2329.91488115	[1, 1, 1, 0, 1, 1, 1, 1, 1, 1, 1, 1]
	434757	385344	379861	6	M	25	A		-1	2330.22980156	[1, 1, 1, 1, 1, 1, 1, 1, 1, 1, 1, 1]
	485108	354400	344380	6	M	23	A		-1	2330.3956193	[1, 1, 1, 1, 1, 1, 1, 1, 1, 1, 1, 1]
	486908	308833	303112	6	M	15	A		-1	2330.47683057	[1, 1, 1, 1, 1, 1, 1, 1, 1, 1, 1, 1]
	412662	338743	390140	6	M	41	A		-1	2330.50462167	[1, 1, 1, 1, 1, 1, 1, 1, 1, 1, 1, 1]
	452254	366969	358649	6	M	76	A		-1	2330.54563536	[0, 1, 1, 1, 1, 1, 1, 1, 1, 1, 1, 0]
	472937	350204	388367	6	M	98	A		-1	2330.62927411	[1, 1, 1, 1, 1, 1, 1, 1, 1, 1, 1, 1]
	478593	382343	334198	6	M	33	A		-1	2330.84665566	[1, 1, 1, 1, 1, 1, 1, 1, 1, 1, 1, 1]
	399084	382027	354566	6	M	94	A		-1	2331.2823747	[1, 1, 1, 1, 1, 1, 1, 1, 1, 1, 1, 1]
	475971	347692	385171	6	M	23	A		-1	2331.64646942	[1, 1, 1, 1, 0, 1, 1, 0, 1, 1, 1, 0]
	440132	338743	320406	6	M	92	A		-1	2332.43079643	[1, 1, 1, 1, 1, 1, 1, 1, 1, 1, 1, 1]
	398087	383792	354239	6	M	57	A		-1	2332.52078595	[1, 1, 1, 1, 1, 1, 1, 1, 1, 1, 1, 1]
	420639	317142	221629	6	M	69	A		-1	2332.52600182	[1, 1, 1, 1, 1, 1, 1, 1, 1, 1, 1, 1]
	457233	357821	359865	6	M	95	A		-1	2333.47502431	[1, 1, 1, 1, 1, 1, 1, 1, 1, 1, 1, 0]
	399572	338743	317515	6	M	51	A		-1	2334.3409633	[1, 1, 1, 1, 1, 1, 1, 1, 1, 1, 1, 1]
	479218	366969	383193	6	M	91	A		-1	2334.87195575	[1, 1, 1, 1, 1, 1, 1, 1, 1, 1, 1, 1]
	401019	319059	393232	6	M	51	A		-1	2335.02053374	[1, 1, 1, 1, 1, 1, 1, 1, 1, 1, 0, 1]
	449752	383792	362423	6	M	7	A		-1	2335.2903692	[1, 1, 1, 1, 1, 1, 1, 1, 1, 1, 1, 1]
	431782	365067	310980	6	M	13	A		-1	2335.70833788	[1, 1, 1, 1, 1, 1, 1, 1, 1, 1, 1, 1]
	414492	366969	349128	6	M	97	A		-1	2336.75041656	[1, 1, 1, 1, 1, 1, 1, 1, 1, 1, 1, 1]
	441618	299795	315894	6	M	59	A		-1	2336.9194465	[1, 1, 1, 1, 1, 1, 1, 1, 1, 1, 1, 1]
	444425	319760	232619	6	M	45	A		-1	2336.92444248	[1, 1, 1, 1, 1, 1, 1, 1, 1, 1, 1, 1]
	456977	382343	361988	6	M	98	A		-1	2337.11155897	[1, 1, 1, 1, 1, 1, 1, 1, 1, 1, 1, 1]
	411258	310929	329393	6	M	92	A		-1	2337.2879094	[1, 1, 1, 1, 1, 1, 1, 1, 1, 1, 1, 1]
	462036	387127	208166	6	M	49	A		-1	2337.33731302	[1, 1, 1, 1, 1, 1, 1, 1, 1, 1, 1, 1]
	489705	370488	360671	6	M	67	A		-1	2337.91336215	[1, 1, 1, 0, 1, 1, 1, 1, 1, 1, 1, 1]
	440894	354400	347346	6	M	63	A		-1	2338.40655062	[1, 1, 1, 1, 1, 1, 1, 1, 1, 1, 1, 1]
	420150	308233	331696	6	M	40	A		-1	2339.79951098	[1, 1, 1, 1, 1, 1, 1, 1, 1, 1, 1, 1]
	447774	387127	316323	6	M	14	A		-1	2340.00368807	[1, 1, 1, 1, 1, 1, 1, 1, 1, 1, 1, 1]
	483586	310929	300098	6	M	60	A		-1	2340.32867987	[1, 1, 1, 1, 1, 1, 1, 1, 1, 1, 1, 1]
	338743	232599	227584	5	M	2	A		-1	2340.99216001	[1, 1, 1, 1, 1, 1, 1, 1, 1, 1, 1, 1]
	396532	377755	354191	6	M	32	A		-1	2341.24409535	[1, 1, 1, 1, 1, 1, 1, 1, 1, 1, 1, 1]
	443143	350204	337249	6	M	16	A		-1	2341.88408835	[1, 1, 1, 1, 1, 1, 1, 1, 1, 1, 1, 1]
	491678	344118	352051	6	M	20	A		-1	2342.05117224	[1, 1, 1, 1, 1, 1, 1, 1, 1, 1, 1, 1]
	404306	308233	335518	6	M	74	A		-1	2342.23631386	[1, 1, 1, 1, 1, 1, 1, 1, 1, 1, 1, 1]
	454202	370488	357002	6	M	94	A		-1	2342.50600294	[1, 1, 1, 1, 1, 1, 1, 1, 1, 1, 1, 1]
	451780	306388	207085	6	M	72	A		-1	2342.87951234	[1, 1, 1, 1, 1, 1, 1, 1, 1, 1, 1, 1]
	414428	343087	332085	6	M	50	A		-1	2343.02221048	[1, 1, 1, 0, 1, 1, 1, 1, 1, 1, 1, 1]
	490271	299795	195646	6	M	58	A		-1	2343.73976203	[1, 1, 1, 1, 1, 1, 1, 1, 1, 1, 1, 1]
	445561	305636	295316	6	M	0	A		-1	2344.3187583	[1, 1, 1, 1, 1, 1, 1, 1, 1, 1, 1, 1]
	399332	362463	352735	6	M	13	A		-1	2345.09098747	[1, 1, 1, 1, 1, 1, 1, 1, 1, 1, 1, 1]
	432521	347692	386617	6	M	80	A		-1	2345.27513066	[1, 1, 1, 1, 0, 1, 1, 0, 1, 1, 1, 0]
	461937	382027	301134	6	M	54	A		-1	2345.27942245	[1, 1, 1, 1, 1, 1, 1, 1, 1, 1, 1, 1]
	443188	305636	367858	6	M	99	A		-1	2345.42721599	[1, 1, 1, 1, 1, 1, 1, 1, 1, 1, 1, 1]
	460778	357821	213970	6	M	82	A		-1	2345.54657567	[1, 1, 1, 0, 1, 1, 1, 1, 1, 1, 1, 1]
	482050	369781	343118	6	M	72	A		-1	2345.91342236	[1, 1, 1, 1, 1, 1, 1, 1, 1, 1, 1, 1]
	403450	369781	368999	6	M	100	A		-1	2346.01495956	[1, 1, 1, 1, 1, 1, 1, 1, 1, 1, 1, 1]
	420358	337924	318149	6	M	11	A		-1	2346.06896565	[1, 1, 1, 1, 1, 1, 1, 1, 1, 1, 1, 1]
	412648	319059	273698	6	M	55	A		-1	2346.66728554	[1, 1, 1, 1, 1, 1, 1, 1, 1, 1, 1, 1]
	421830	379987	370873	6	M	54	A		-1	2346.89963258	[1, 1, 1, 1, 1, 1, 1, 1, 1, 1, 1, 1]
	440729	385344	211162	6	M	89	A		-1	2347.10268165	[1, 1, 1, 1, 1, 1, 1, 1, 1, 1, 1, 1]
	410557	338063	316308	6	M	34	A		-1	2347.90651616	[1, 1, 1, 1, 1, 1, 0, 1, 1, 1, 1, 1]
	418852	377755	388263	6	M	25	A		-1	2348.14569869	[1, 1, 1, 0, 1, 1, 1, 1, 1, 1, 1, 1]
	467790	369781	385524	6	M	90	A		-1	2348.24653481	[1, 1, 1, 1, 1, 1, 1, 1, 1, 1, 1, 1]
	490268	384420	350754	6	M	73	A		-1	2349.91797103	[1, 1, 1, 1, 1, 1, 1, 1, 1, 1, 1, 1]
	434733	310929	281531	6	M	10	A		-1	2349.92767069	[1, 1, 1, 1, 1, 1, 1, 1, 1, 1, 1, 1]
	443875	364177	243038	6	M	3	A		-1	2350.15937044	[1, 1, 1, 1, 1, 1, 1, 1, 1, 1, 1, 1]
	484324	298641	203755	6	M	89	A		-1	2350.66310614	[1, 1, 0, 1, 1, 1, 1, 1, 1, 1, 1, 1]
	478497	319059	293121	6	M	46	A		-1	2350.6719949	[1, 0, 1, 1, 1, 1, 1, 1, 1, 1, 1, 1]
	429189	382343	304218	6	M	87	A		-1	2350.81298588	[1, 1, 1, 1, 1, 1, 1, 0, 1, 1, 1, 1]
	397449	387127	249547	6	M	37	A		-1	2351.72499622	[1, 0, 1, 1, 1, 1, 1, 1, 1, 1, 1, 1]
	411525	336458	366487	6	M	1	A		-1	2351.80985052	[1, 1, 1, 1, 1, 1, 1, 1, 1, 1, 1, 1]
	455562	338822	216511	6	M	73	A		-1	2351.84656156	[1, 1, 1, 1, 1, 1, 1, 1, 1, 1, 1, 1]
	475299	370488	310826	6	M	3	A		-1	2351.93246748	[1, 1, 1, 0, 1, 1, 1, 1, 1, 1, 1, 1]
	440431	348234	380037	6	M	90	A		-1	2353.3971468	[1, 1, 1, 1, 1, 1, 1, 1, 1, 1, 1, 1]
	475107	296087	362673	6	M	70	A		-1	2355.55831981	[1, 1, 1, 1, 1, 1, 1, 1, 1, 1, 1, 1]
	416606	350204	369628	6	M	40	A		-1	2355.97078876	[1, 1, 1, 1, 1, 1, 1, 1, 1, 1, 1, 1]
	405141	294726	328806	6	M	12	A		-1	2357.41312801	[1, 1, 1, 1, 1, 1, 1, 1, 1, 1, 1, 1]
	425945	296087	314656	6	M	93	A		-1	2357.58442057	[1, 1, 1, 1, 1, 1, 1, 1, 1, 1, 1, 1]
	400962	299795	346068	6	M	93	A		-1	2357.75141486	[1, 1, 1, 1, 1, 1, 1, 1, 1, 1, 1, 1]
	431004	294726	318414	6	M	70	A		-1	2358.01586593	[1, 1, 1, 1, 1, 1, 1, 1, 1, 1, 1, 1]
	475064	377755	349539	6	M	66	A		-1	2358.04886079	[1, 1, 1, 1, 1, 1, 1, 1, 1, 1, 1, 1]
	406253	354400	339561	6	M	13	A		-1	2358.10697874	[1, 1, 1, 1, 1, 1, 1, 1, 1, 1, 1, 1]
	439448	370488	298747	6	M	67	A		-1	2358.23574566	[1, 1, 1, 0, 1, 1, 1, 1, 1, 1, 1, 1]
	448121	317373	320208	6	M	14	A		-1	2359.18624228	[1, 1, 1, 1, 1, 1, 1, 1, 1, 1, 1, 1]
	437575	319059	297653	6	M	17	A		-1	2359.24080149	[1, 0, 1, 1, 1, 1, 1, 1, 1, 1, 1, 1]
	418784	382027	230232	6	M	80	A		-1	2359.31309864	[1, 1, 1, 1, 1, 1, 1, 1, 1, 1, 1, 1]
	489420	344118	390741	6	M	33	A		-1	2359.63154184	[1, 1, 1, 1, 1, 1, 1, 1, 1, 1, 1, 1]
	462606	354400	332265	6	M	62	A		-1	2359.65801806	[1, 1, 1, 1, 1, 1, 1, 1, 1, 1, 1, 1]
	401501	308833	369486	6	M	78	A		-1	2360.48291994	[1, 1, 1, 1, 1, 1, 1, 1, 1, 1, 1, 1]
	412936	389683	325818	6	M	75	A		-1	2360.89234892	[1, 1, 1, 0, 1, 1, 1, 1, 1, 1, 1, 1]
	418005	308833	299720	6	M	54	A		-1	2361.25980808	[1, 1, 1, 1, 1, 1, 1, 1, 1, 1, 1, 1]
	421297	336458	340056	6	M	44	A		-1	2361.51346769	[1, 1, 1, 1, 1, 1, 0, 1, 1, 1, 1, 1]
	466628	368714	386590	6	M	100	A		-1	2361.53391927	[1, 1, 1, 1, 1, 1, 1, 1, 1, 1, 1, 1]
	431280	348234	300105	6	M	8	A		-1	2361.67003911	[1, 1, 1, 1, 1, 1, 1, 1, 1, 1, 1, 1]
	400743	384420	352591	6	M	17	A		-1	2362.31449685	[1, 1, 1, 1, 1, 1, 1, 1, 1, 1, 1, 1]
	454371	319760	297284	6	M	10	A		-1	2362.37439472	[1, 1, 1, 1, 1, 1, 1, 1, 1, 1, 1, 1]
	420501	369781	383495	6	M	22	A		-1	2362.41458245	[1, 1, 1, 1, 1, 1, 1, 1, 1, 1, 1, 1]
	435171	308833	383870	6	M	35	A		-1	2363.27779265	[1, 1, 1, 1, 1, 1, 1, 1, 1, 1, 1, 1]
	468136	383887	365922	6	M	82	A		-1	2363.95854279	[1, 1, 1, 1, 1, 1, 1, 1, 1, 1, 1, 1]
	433392	308833	222427	6	M	53	A		-1	2364.12670525	[1, 1, 1, 1, 1, 1, 1, 1, 1, 1, 1, 1]
	478691	310929	339013	6	M	26	A		-1	2364.89712017	[1, 1, 1, 1, 1, 1, 1, 1, 1, 1, 1, 1]
	437776	354400	343037	6	M	49	A		-1	2365.78790993	[1, 1, 1, 1, 1, 1, 1, 1, 1, 1, 1, 0]
	425386	369781	385378	6	M	5	A		-1	2366.36028449	[1, 1, 1, 1, 1, 1, 1, 1, 1, 1, 1, 1]
	430239	357821	333876	6	M	47	A		-1	2366.38721674	[1, 1, 1, 1, 1, 1, 1, 1, 1, 1, 1, 1]
	454546	323802	323075	6	M	84	A		-1	2366.40060232	[0, 1, 1, 1, 1, 1, 1, 1, 1, 1, 1, 1]
	492088	365067	325979	6	M	13	A		-1	2366.46643666	[1, 1, 1, 1, 1, 1, 1, 1, 1, 1, 1, 1]
	456346	362463	296719	6	M	83	A		-1	2366.98951266	[1, 1, 1, 0, 1, 1, 1, 1, 1, 1, 1, 1]
	403912	370488	347780	6	M	87	A		-1	2368.38335355	[1, 1, 1, 1, 1, 1, 1, 1, 1, 1, 1, 1]
	427011	336458	301365	6	M	85	A		-1	2368.42874851	[1, 1, 1, 1, 1, 1, 1, 1, 1, 1, 1, 1]
	479792	317373	301794	6	M	27	A		-1	2368.54860684	[1, 1, 1, 1, 1, 1, 1, 0, 1, 1, 1, 1]
	404000	355741	302055	6	M	75	A		-1	2368.58205236	[1, 1, 1, 1, 1, 1, 1, 0, 1, 1, 1, 1]
	462467	372052	352448	6	M	71	A		-1	2368.66779291	[1, 1, 1, 1, 1, 1, 1, 1, 1, 1, 1, 1]
	455783	372052	359946	6	M	89	A		-1	2368.97627424	[1, 1, 1, 1, 1, 1, 1, 1, 1, 1, 1, 1]
	394375	369643	201114	6	M	95	A		-1	2369.01736299	[1, 1, 1, 1, 1, 1, 1, 1, 1, 1, 1, 1]
	428508	306388	324607	6	M	38	A		-1	2369.2817165	[1, 1, 1, 1, 1, 1, 1, 1, 1, 1, 1, 1]
	443461	383887	351157	6	M	54	A		-1	2369.91662661	[1, 1, 1, 1, 1, 1, 1, 1, 1, 1, 1, 1]
	477195	338743	330246	6	M	23	A		-1	2370.07449998	[1, 1, 1, 1, 1, 1, 1, 1, 1, 1, 1, 1]
	422544	383792	314368	6	M	86	A		-1	2370.32207493	[1, 1, 1, 1, 1, 1, 1, 1, 1, 1, 1, 1]
	418388	344118	329847	6	M	53	A		-1	2370.42661137	[0, 1, 1, 1, 1, 0, 1, 1, 1, 1, 1, 1]
	454597	298641	378315	6	M	64	A		-1	2370.57159577	[1, 1, 0, 1, 1, 1, 1, 1, 1, 1, 1, 1]
	415462	362463	294574	6	M	0	A		-1	2371.97827957	[1, 1, 1, 1, 1, 1, 1, 1, 1, 1, 1, 0]
	447599	299795	358140	6	M	18	A		-1	2372.87341023	[1, 1, 1, 1, 1, 1, 1, 1, 1, 1, 1, 1]
	491636	338822	370913	6	M	75	A		-1	2373.29621937	[1, 1, 1, 1, 1, 1, 1, 1, 1, 1, 1, 1]
	370488	271449	214249	5	M	54	A		-1	2374.99012134	[1, 1, 1, 0, 1, 1, 1, 1, 1, 1, 1, 1]
	492866	350204	371306	6	M	83	A		-1	2375.4635108	[1, 1, 1, 1, 1, 1, 1, 1, 1, 1, 1, 1]
	421231	336458	362245	6	M	66	A		-1	2375.55650135	[1, 1, 1, 1, 1, 1, 1, 1, 1, 1, 1, 1]
	408635	319760	340305	6	M	59	A		-1	2375.59710614	[1, 1, 1, 1, 1, 1, 1, 1, 1, 1, 1, 1]
	491793	308833	374038	6	M	8	A		-1	2376.30891498	[1, 1, 1, 1, 1, 1, 1, 1, 1, 1, 1, 1]
	462846	317899	323378	6	M	89	A		-1	2376.88991319	[1, 1, 1, 1, 1, 1, 1, 1, 1, 1, 1, 1]
	401175	379987	369335	6	M	29	A		-1	2376.91813829	[1, 1, 1, 1, 1, 1, 1, 1, 1, 1, 1, 1]
	405084	338063	320588	6	M	71	A		-1	2377.02905213	[1, 1, 1, 1, 1, 1, 0, 1, 1, 1, 1, 1]
	415051	347692	329890	6	M	57	A		-1	2377.84032163	[1, 1, 1, 1, 1, 1, 1, 0, 1, 1, 1, 0]
	405474	347692	328406	6	M	93	A		-1	2379.2427157	[1, 1, 1, 1, 1, 1, 1, 0, 1, 1, 1, 0]
	439605	355741	275821	6	M	75	A		-1	2380.70692867	[1, 1, 1, 1, 1, 0, 1, 0, 1, 1, 1, 1]
	463655	382027	317337	6	M	27	A		-1	2380.88915089	[1, 1, 1, 1, 1, 1, 1, 1, 1, 1, 1, 1]
	470988	294726	303483	6	M	29	A		-1	2381.96069773	[1, 1, 1, 1, 1, 1, 1, 1, 1, 1, 1, 1]
	399557	364177	329276	6	M	34	A		-1	2382.09193555	[1, 1, 1, 1, 1, 1, 1, 1, 1, 1, 1, 1]
	409614	323802	368087	6	M	37	A		-1	2382.18344896	[1, 1, 1, 1, 1, 1, 1, 1, 1, 1, 1, 1]
	492995	372052	364312	6	M	96	A		-1	2382.28774223	[1, 0, 1, 1, 1, 1, 1, 1, 1, 1, 1, 1]
	400623	370488	369389	6	M	60	A		-1	2382.74473359	[1, 1, 1, 1, 1, 1, 1, 1, 1, 1, 1, 1]
	487099	305636	306611	6	M	52	A		-1	2382.87687943	[1, 1, 1, 1, 1, 1, 1, 1, 1, 1, 1, 1]
	478174	319059	281475	6	M	82	A		-1	2382.88797379	[1, 1, 1, 1, 1, 0, 1, 1, 1, 1, 1, 1]
	424969	384420	381456	6	M	63	A		-1	2382.90053441	[1, 1, 1, 1, 1, 1, 1, 1, 1, 1, 1, 1]
	417391	379987	376522	6	M	22	A		-1	2383.20005808	[1, 1, 1, 1, 1, 1, 1, 1, 1, 1, 1, 1]
	439453	319059	392323	6	M	76	A		-1	2383.23273886	[1, 1, 1, 1, 1, 1, 1, 1, 1, 1, 1, 1]
	460457	308233	247438	6	M	38	A		-1	2383.31502255	[1, 1, 1, 1, 1, 1, 1, 1, 1, 1, 1, 1]
	410316	372873	324255	6	M	69	A		-1	2383.65513334	[1, 1, 1, 1, 1, 1, 1, 1, 1, 1, 1, 1]
	406398	354400	355410	6	M	37	A		-1	2383.87353895	[1, 1, 1, 1, 1, 1, 1, 1, 1, 1, 1, 1]
	480093	298641	355371	6	M	29	A		-1	2383.99341833	[1, 1, 0, 0, 1, 1, 1, 1, 1, 1, 1, 1]
	448763	384420	199983	6	M	40	A		-1	2384.72722867	[1, 1, 1, 1, 1, 1, 1, 1, 1, 1, 1, 1]
	403554	372052	301284	6	M	1	A		-1	2385.25981774	[1, 1, 1, 1, 1, 1, 1, 1, 1, 1, 1, 1]
	487802	350204	295038	6	M	91	A		-1	2385.88706806	[1, 1, 1, 1, 1, 1, 1, 1, 1, 1, 1, 1]
	408994	377755	372835	6	M	26	A		-1	2385.89515075	[1, 1, 1, 0, 1, 1, 1, 1, 1, 1, 1, 1]
	446443	319760	358701	6	M	20	A		-1	2387.68305603	[1, 1, 1, 1, 1, 1, 1, 1, 1, 1, 1, 1]
	457032	305636	390604	6	M	72	A		-1	2388.26532364	[1, 1, 1, 1, 1, 1, 1, 1, 1, 1, 1, 1]
	488007	372052	341221	6	M	95	A		-1	2388.82901254	[1, 0, 1, 0, 1, 1, 1, 1, 1, 1, 1, 1]
	415834	362463	303463	6	M	2	A		-1	2389.3277203	[0, 1, 1, 1, 1, 1, 1, 1, 1, 1, 1, 1]
	449304	338822	340677	6	M	100	A		-1	2389.41814112	[1, 1, 1, 1, 1, 1, 1, 1, 1, 1, 1, 1]
	442802	338822	259891	6	M	36	A		-1	2390.04782699	[1, 1, 1, 1, 1, 1, 1, 1, 1, 1, 1, 1]
	476290	372873	359484	6	M	19	A		-1	2390.34399177	[1, 1, 1, 1, 1, 1, 1, 1, 1, 1, 1, 1]
	443795	305636	358173	6	M	18	A		-1	2390.8462764	[1, 1, 1, 1, 1, 1, 1, 1, 1, 1, 1, 1]
	479494	323802	328131	6	M	40	A		-1	2391.18447596	[1, 1, 1, 1, 1, 1, 1, 1, 1, 1, 1, 1]
	463595	344118	357991	6	M	32	A		-1	2391.84965375	[1, 1, 1, 1, 1, 1, 1, 1, 1, 1, 1, 1]
	448486	308833	345093	6	M	32	A		-1	2391.95040475	[1, 1, 1, 1, 1, 1, 1, 1, 1, 1, 1, 1]
	474505	385344	308529	6	M	50	A		-1	2392.78608699	[0, 1, 1, 1, 1, 1, 1, 1, 1, 1, 1, 1]
	425914	362463	357772	6	M	1	A		-1	2393.16868299	[1, 1, 1, 1, 1, 1, 1, 1, 1, 1, 1, 1]
	444932	317899	391465	6	M	19	A		-1	2393.82973891	[0, 1, 1, 1, 1, 1, 1, 1, 1, 1, 1, 1]
	421792	299795	237934	6	M	8	A		-1	2394.6561507	[1, 1, 1, 1, 1, 1, 1, 1, 1, 1, 1, 1]
	430306	306388	259698	6	M	51	A		-1	2395.59847796	[1, 1, 1, 1, 1, 1, 1, 1, 1, 1, 1, 1]
	492107	305636	324334	6	M	82	A		-1	2395.8576325	[1, 1, 1, 1, 1, 1, 0, 1, 1, 1, 1, 1]
	409275	354400	298417	6	M	47	A		-1	2396.22813433	[1, 1, 1, 1, 1, 1, 1, 1, 1, 1, 1, 1]
	475030	372873	356986	6	M	66	A		-1	2396.36249098	[1, 1, 1, 1, 1, 1, 1, 1, 1, 1, 1, 1]
	427276	387127	371503	6	M	5	A		-1	2396.96456746	[1, 1, 1, 1, 1, 1, 1, 1, 1, 1, 1, 1]
	491285	369643	199946	6	M	41	A		-1	2397.40240108	[1, 1, 1, 1, 1, 1, 1, 1, 1, 1, 1, 1]
	440898	354400	344499	6	M	23	A		-1	2398.06047159	[1, 1, 1, 1, 1, 1, 1, 1, 1, 1, 1, 1]
	472826	298641	356783	6	M	10	A		-1	2398.28424595	[1, 1, 0, 1, 1, 1, 1, 1, 1, 1, 1, 1]
	404905	357821	297196	6	M	25	A		-1	2398.70137406	[1, 1, 1, 1, 1, 1, 1, 1, 1, 1, 1, 1]
	431370	365067	311803	6	M	76	A		-1	2400.62285479	[1, 1, 1, 1, 1, 1, 1, 1, 1, 1, 1, 1]
	459240	379987	355714	6	M	65	A		-1	2401.06832668	[1, 1, 1, 1, 1, 1, 1, 1, 1, 1, 1, 1]
	457994	381898	347180	6	M	73	A		-1	2401.17690637	[1, 1, 1, 1, 1, 1, 1, 0, 1, 1, 1, 1]
	423342	382343	239243	6	M	84	A		-1	2401.33749725	[1, 1, 1, 1, 1, 1, 1, 0, 1, 1, 1, 1]
	476515	306388	302558	6	M	2	A		-1	2401.89893312	[1, 1, 1, 1, 1, 1, 1, 1, 1, 1, 0, 1]
	447366	319059	341436	6	M	55	A		-1	2402.82140437	[1, 1, 1, 1, 1, 1, 1, 1, 1, 1, 1, 1]
	432341	354400	351032	6	M	97	A		-1	2403.49230336	[1, 1, 1, 1, 1, 1, 1, 0, 1, 1, 1, 1]
	407631	379987	310224	6	M	6	A		-1	2403.59114183	[1, 1, 1, 1, 1, 1, 1, 1, 1, 1, 1, 1]
	444772	385344	381974	6	M	2	A		-1	2403.82557954	[1, 1, 1, 1, 1, 1, 1, 1, 1, 1, 1, 1]
	456635	306388	341871	6	M	81	A		-1	2404.007873	[1, 1, 1, 1, 1, 1, 1, 1, 1, 1, 1, 1]
	483779	354400	344883	6	M	33	A		-1	2404.03086589	[1, 1, 1, 1, 1, 1, 1, 1, 1, 1, 1, 1]
	477554	382027	294425	6	M	77	A		-1	2404.34999772	[1, 1, 1, 1, 1, 1, 1, 1, 1, 1, 1, 1]
	459504	379987	316733	6	M	78	A		-1	2405.30200146	[1, 1, 1, 1, 1, 1, 1, 1, 1, 1, 1, 1]
	403337	298641	259211	6	M	64	A		-1	2405.67119177	[1, 1, 1, 1, 1, 1, 1, 1, 1, 1, 1, 1]
	487609	338743	371196	6	M	53	A		-1	2405.80921584	[1, 0, 1, 1, 1, 1, 1, 1, 1, 1, 1, 1]
	435243	383887	324531	6	M	74	A		-1	2406.01020734	[1, 1, 1, 1, 1, 1, 1, 1, 1, 1, 1, 1]
	437198	381898	196348	6	M	29	A		-1	2406.03449703	[1, 1, 1, 1, 1, 1, 1, 0, 1, 1, 1, 1]
	429040	319760	351959	6	M	31	A		-1	2407.25905364	[1, 1, 1, 1, 1, 1, 1, 1, 1, 1, 1, 1]
	470145	306388	346722	6	M	20	A		-1	2408.00442963	[1, 1, 1, 1, 1, 1, 1, 1, 1, 1, 1, 1]
	475578	296087	302240	6	M	91	A		-1	2408.27775827	[1, 1, 1, 1, 1, 1, 1, 1, 1, 1, 1, 1]
	459209	347692	359601	6	M	75	A		-1	2408.85465808	[1, 1, 1, 1, 1, 1, 1, 0, 1, 1, 1, 0]
	426542	387127	337090	6	M	55	A		-1	2409.72572566	[1, 1, 1, 1, 1, 1, 1, 1, 1, 1, 0, 1]
	422368	348234	230238	6	M	54	A		-1	2410.09000723	[1, 0, 1, 1, 1, 1, 1, 1, 1, 1, 1, 1]
	474242	382343	360303	6	M	91	A		-1	2411.31816296	[1, 1, 1, 1, 1, 1, 1, 1, 1, 1, 1, 1]
	430576	344118	370231	6	M	38	A		-1	2411.36665281	[1, 1, 1, 1, 1, 1, 1, 1, 1, 1, 1, 1]
	440954	347692	343919	6	M	52	A		-1	2411.760235	[1, 1, 1, 1, 0, 1, 1, 1, 1, 1, 1, 0]
	384420	217414	212126	5	M	62	A		-1	2411.95990686	[1, 1, 1, 1, 1, 1, 1, 1, 1, 1, 1, 1]
	487997	355741	339126	6	M	24	A		-1	2412.33470262	[1, 1, 1, 1, 1, 1, 1, 0, 1, 1, 1, 1]
	482738	354400	270647	6	M	38	A		-1	2412.51687091	[1, 1, 1, 1, 1, 1, 1, 1, 1, 1, 1, 1]
	446595	382343	265397	6	M	100	A		-1	2412.79064637	[1, 1, 1, 1, 1, 1, 1, 0, 1, 1, 1, 1]
	412792	354400	340461	6	M	94	A		-1	2413.576869	[1, 1, 1, 1, 1, 1, 1, 1, 1, 1, 1, 1]
	416457	366969	383947	6	M	29	A		-1	2414.8311614	[1, 1, 1, 1, 1, 1, 1, 1, 1, 1, 1, 0]
	445371	387127	376482	6	M	27	A		-1	2415.36998068	[1, 1, 1, 1, 1, 1, 1, 1, 1, 1, 1, 1]
	405906	372052	338788	6	M	33	A		-1	2415.66580659	[0, 0, 1, 1, 1, 1, 1, 1, 1, 1, 1, 1]
	417344	308833	345545	6	M	57	A		-1	2417.49849083	[1, 1, 1, 1, 1, 1, 1, 1, 1, 1, 1, 1]
	433569	369643	315592	6	M	63	A		-1	2417.97160065	[1, 1, 1, 1, 1, 1, 1, 1, 1, 1, 1, 1]
	456153	384420	342622	6	M	0	A		-1	2418.08675561	[1, 1, 1, 1, 1, 1, 1, 1, 1, 1, 1, 1]
	422424	385344	315288	6	M	35	A		-1	2418.51975359	[1, 1, 1, 1, 1, 1, 1, 1, 1, 1, 1, 1]
	433792	319760	324541	6	M	65	A		-1	2419.94855763	[1, 1, 1, 1, 1, 1, 1, 1, 1, 1, 1, 1]
	457767	382027	303448	6	M	78	A		-1	2419.98309044	[1, 1, 1, 1, 1, 1, 1, 1, 1, 1, 1, 1]
	467623	364177	207686	6	M	82	A		-1	2420.2161477	[1, 1, 1, 1, 1, 1, 1, 1, 1, 1, 1, 1]
	444119	348234	317574	6	M	11	A		-1	2420.93356484	[1, 1, 1, 1, 1, 1, 1, 1, 1, 1, 1, 1]
	420320	372873	313293	6	M	95	A		-1	2421.29065472	[1, 1, 1, 1, 1, 1, 1, 1, 1, 1, 1, 1]
	479260	383887	226245	6	M	56	A		-1	2421.76147785	[1, 1, 1, 1, 1, 1, 0, 1, 1, 1, 1, 1]
	492743	317373	308921	6	M	16	A		-1	2422.27617873	[1, 1, 1, 1, 1, 1, 1, 1, 1, 1, 1, 1]
	437542	382343	261748	6	M	22	A		-1	2423.63242926	[1, 1, 1, 1, 1, 1, 1, 0, 1, 1, 1, 1]
	394282	369781	324170	6	M	52	A		-1	2423.99197996	[1, 1, 1, 1, 1, 1, 1, 1, 1, 1, 1, 1]
	459498	317373	327849	6	M	55	A		-1	2425.59314482	[1, 1, 1, 1, 1, 1, 1, 1, 1, 1, 1, 1]
	452945	317373	373236	6	M	32	A		-1	2426.00624484	[1, 1, 1, 1, 1, 1, 1, 1, 1, 1, 1, 1]
	402607	350204	315162	6	M	60	A		-1	2426.43198035	[1, 1, 1, 1, 1, 1, 1, 1, 1, 1, 1, 1]
	492011	369643	293912	6	M	25	A		-1	2427.34847057	[1, 1, 1, 1, 0, 1, 1, 1, 1, 1, 1, 1]
	435706	354400	317381	6	M	58	A		-1	2430.01859388	[1, 1, 1, 1, 1, 1, 1, 1, 1, 1, 1, 1]
	354400	208512	210017	5	M	9	A		-1	2430.2004229	[1, 1, 1, 1, 1, 1, 1, 1, 1, 1, 1, 1]
	441743	379987	380550	6	M	100	A		-1	2430.76169496	[1, 1, 1, 1, 1, 0, 1, 1, 1, 1, 1, 1]
	464828	344118	210002	6	M	9	A		-1	2431.75254484	[0, 1, 1, 1, 1, 1, 1, 1, 1, 1, 1, 1]
	472229	357821	345569	6	M	8	A		-1	2432.01803003	[1, 1, 1, 1, 1, 1, 1, 1, 1, 1, 1, 1]
	478526	317899	313202	6	M	4	A		-1	2432.02016698	[1, 1, 1, 1, 1, 1, 1, 1, 1, 1, 1, 1]
	482618	382027	351477	6	M	47	A		-1	2432.57447107	[1, 1, 1, 1, 1, 1, 1, 0, 1, 1, 1, 1]
	491083	384420	306109	6	M	66	A		-1	2433.73982272	[1, 1, 1, 1, 1, 1, 1, 1, 1, 1, 1, 1]
	460361	308833	328904	6	M	88	A		-1	2435.45845954	[1, 1, 1, 1, 1, 1, 1, 1, 1, 1, 1, 1]
	449670	347692	357630	6	M	46	A		-1	2436.18518407	[1, 1, 1, 1, 0, 1, 1, 0, 1, 1, 1, 1]
	486306	310929	244112	6	M	45	A		-1	2436.91647601	[1, 1, 1, 1, 1, 1, 1, 1, 1, 1, 1, 1]
	442672	354400	213105	6	M	15	A		-1	2437.24426066	[1, 1, 1, 1, 1, 1, 1, 1, 1, 1, 1, 1]
	422650	354400	334946	6	M	93	A		-1	2437.26042286	[1, 1, 1, 1, 1, 1, 1, 1, 1, 1, 1, 1]
	474981	317373	374766	6	M	33	A		-1	2437.37691643	[1, 1, 1, 1, 1, 1, 1, 1, 1, 1, 1, 1]
	400790	377755	367126	6	M	62	A		-1	2437.77670453	[1, 1, 1, 1, 1, 1, 1, 1, 1, 1, 1, 1]
	421350	387127	220002	6	M	93	A		-1	2438.525975	[1, 1, 1, 1, 1, 1, 1, 1, 1, 1, 1, 0]
	447039	377755	356460	6	M	61	A		-1	2439.71859514	[1, 1, 1, 0, 1, 1, 1, 1, 1, 1, 1, 1]
	474314	387127	341218	6	M	72	A		-1	2439.82788219	[1, 1, 1, 1, 1, 1, 1, 1, 1, 1, 1, 1]
	412973	385344	320804	6	M	47	A		-1	2440.55100859	[1, 1, 1, 1, 1, 1, 1, 1, 1, 1, 1, 1]
	466446	319059	365467	6	M	42	A		-1	2441.19114974	[1, 0, 1, 1, 1, 1, 1, 1, 1, 1, 1, 1]
	448807	364177	381944	6	M	99	A		-1	2441.78137918	[1, 1, 1, 1, 1, 1, 1, 1, 1, 1, 1, 1]
	488947	347692	146182	6	M	23	A		-1	2441.99604239	[1, 1, 1, 1, 0, 1, 1, 0, 1, 1, 1, 0]
	405432	383887	305660	6	M	10	A		-1	2445.48381018	[1, 1, 1, 1, 1, 1, 1, 1, 1, 1, 1, 1]
	395770	348234	329767	6	M	65	A		-1	2445.59124771	[1, 1, 1, 1, 1, 1, 1, 1, 1, 1, 1, 1]
	403615	370488	321551	6	M	6	A		-1	2445.82156129	[1, 1, 1, 0, 1, 1, 1, 1, 1, 1, 1, 1]
	433202	357821	315167	6	M	21	A		-1	2446.38392974	[1, 1, 1, 1, 1, 1, 1, 1, 1, 1, 1, 1]
	457584	389683	300208	6	M	15	A		-1	2446.61753272	[1, 1, 1, 1, 1, 1, 1, 1, 1, 1, 1, 1]
	471831	354400	221149	6	M	21	A		-1	2449.95184272	[1, 1, 1, 1, 1, 1, 1, 1, 1, 1, 1, 1]
	428069	377755	382845	6	M	1	A		-1	2450.22324739	[1, 1, 1, 0, 0, 1, 1, 1, 1, 1, 1, 1]
	463622	383887	350878	6	M	40	A		-1	2450.55385596	[1, 1, 1, 1, 1, 1, 1, 1, 1, 1, 1, 1]
	414332	372052	195952	6	M	85	A		-1	2452.12921737	[1, 0, 1, 1, 1, 1, 1, 1, 1, 1, 1, 1]
	439250	369643	350587	6	M	63	A		-1	2452.42452114	[1, 1, 1, 1, 1, 1, 1, 1, 1, 1, 1, 1]
	319059	225374	225161	5	M	78	A		-1	2452.92317124	[1, 0, 1, 1, 1, 1, 1, 1, 1, 1, 1, 1]
	450698	319760	370214	6	M	3	A		-1	2453.48676899	[1, 1, 1, 1, 1, 1, 1, 1, 1, 1, 1, 1]
	452615	319760	326217	6	M	2	A		-1	2453.54905582	[1, 1, 1, 1, 1, 1, 0, 1, 1, 1, 1, 1]
	461821	389683	324544	6	M	58	A		-1	2453.60364823	[1, 1, 1, 1, 1, 1, 1, 1, 1, 1, 1, 1]
	420784	373295	313329	6	M	47	A		-1	2455.09237737	[1, 1, 1, 1, 0, 1, 1, 1, 1, 1, 1, 1]
	454408	362463	348385	6	M	18	A		-1	2455.99588968	[1, 1, 1, 1, 1, 1, 1, 1, 1, 1, 1, 1]
	480370	369781	364947	6	M	94	A		-1	2456.61141485	[1, 1, 1, 1, 1, 1, 1, 1, 1, 1, 1, 1]
	483486	336458	318325	6	M	17	A		-1	2456.72086209	[1, 1, 1, 1, 1, 1, 1, 1, 1, 1, 1, 1]
	472010	370488	331205	6	M	22	A		-1	2457.18249155	[1, 1, 1, 0, 1, 1, 1, 1, 1, 1, 1, 1]
	394091	366969	358218	6	M	19	A		-1	2457.52678309	[1, 1, 1, 1, 1, 1, 1, 1, 1, 1, 1, 1]
	416021	383792	346334	6	M	12	A		-1	2459.69864064	[1, 1, 1, 1, 1, 1, 1, 1, 1, 1, 1, 1]
	452200	336458	308285	6	M	69	A		-1	2460.04885681	[1, 1, 1, 1, 1, 1, 1, 1, 1, 1, 1, 1]
	414282	317373	388167	6	M	22	A		-1	2462.46912026	[1, 1, 1, 1, 1, 1, 1, 1, 1, 1, 1, 1]
	445252	338743	386363	6	M	60	A		-1	2462.88638119	[1, 1, 1, 1, 1, 1, 1, 1, 1, 1, 1, 1]
	458946	294726	371485	6	M	0	A		-1	2463.01164885	[1, 1, 1, 1, 1, 1, 1, 1, 1, 1, 1, 1]
	474124	368714	359894	6	M	51	A		-1	2463.02562484	[1, 1, 1, 1, 1, 1, 1, 1, 1, 1, 1, 1]
	414673	317142	300799	6	M	51	A		-1	2464.49281905	[1, 1, 1, 1, 1, 1, 1, 1, 1, 1, 1, 1]
	429992	336458	358562	6	M	47	A		-1	2464.59364617	[1, 1, 1, 1, 1, 1, 1, 1, 1, 1, 1, 1]
	442293	354400	337331	6	M	5	A		-1	2465.3405843	[1, 1, 1, 1, 1, 1, 1, 1, 1, 1, 1, 1]
	480390	383887	389964	6	M	42	A		-1	2466.81443633	[1, 1, 1, 1, 1, 1, 1, 0, 1, 1, 1, 1]
	411678	354400	374458	6	M	99	A		-1	2468.15562736	[1, 1, 1, 0, 1, 1, 1, 1, 1, 1, 1, 1]
	468748	338822	352729	6	M	63	A		-1	2469.39895956	[1, 1, 1, 1, 1, 1, 1, 1, 1, 1, 1, 1]
	423408	299795	392485	6	M	6	A		-1	2470.2772142	[1, 1, 1, 1, 1, 1, 1, 1, 1, 1, 1, 1]
	414036	369643	388173	6	M	14	A		-1	2471.00797341	[1, 1, 1, 1, 1, 1, 1, 1, 1, 1, 1, 1]
	436789	384420	301891	6	M	89	A		-1	2473.54151056	[1, 1, 1, 1, 1, 1, 1, 1, 1, 1, 1, 1]
	422487	338822	333044	6	M	70	A		-1	2473.59369577	[1, 1, 1, 1, 1, 0, 1, 1, 1, 1, 1, 1]
	429773	369781	295714	6	M	76	A		-1	2474.09698139	[1, 1, 1, 1, 1, 1, 1, 1, 1, 1, 1, 1]
	434273	308833	354431	6	M	25	A		-1	2477.00883348	[1, 1, 1, 1, 1, 1, 1, 1, 1, 1, 1, 1]
	487225	387127	367507	6	M	39	A		-1	2477.69918559	[1, 1, 1, 1, 1, 1, 1, 1, 1, 1, 1, 1]
	409437	305636	315705	6	M	10	A		-1	2478.3423969	[1, 1, 1, 1, 1, 1, 1, 1, 1, 1, 1, 1]
	415406	365067	392351	6	M	69	A		-1	2478.93273705	[1, 1, 1, 1, 1, 1, 1, 1, 1, 1, 1, 1]
	467642	354400	332037	6	M	6	A		-1	2480.75383563	[1, 1, 1, 1, 1, 1, 0, 1, 1, 1, 1, 1]
	488216	372873	331512	6	M	7	A		-1	2481.51508396	[1, 1, 1, 1, 1, 1, 1, 1, 1, 1, 1, 1]
	406663	368714	345783	6	M	3	A		-1	2481.82452715	[1, 1, 1, 1, 1, 1, 1, 1, 1, 1, 1, 1]
	460337	343087	371403	6	M	85	A		-1	2484.79310955	[1, 1, 1, 1, 1, 1, 1, 1, 1, 1, 1, 1]
	395832	387127	358983	6	M	98	A		-1	2485.82564057	[1, 1, 1, 1, 1, 1, 1, 1, 1, 1, 1, 1]
	447649	354400	340859	6	M	77	A		-1	2491.88618985	[1, 1, 1, 1, 1, 1, 1, 1, 1, 1, 1, 1]
	465581	365067	344991	6	M	32	A		-1	2492.15841217	[1, 1, 1, 1, 1, 1, 1, 1, 1, 1, 1, 1]
	422590	384420	325599	6	M	72	A		-1	2494.15349128	[0, 1, 1, 1, 1, 1, 1, 1, 1, 1, 1, 1]
	477001	319059	200179	6	M	19	A		-1	2495.67446181	[1, 1, 1, 1, 1, 1, 1, 1, 1, 1, 1, 1]
	457740	299795	358673	6	M	92	A		-1	2501.30336036	[1, 1, 1, 1, 1, 1, 1, 1, 1, 1, 1, 1]
	422206	369781	303206	6	M	24	A		-1	2501.92619296	[1, 1, 1, 1, 1, 1, 1, 1, 1, 1, 1, 1]
	397319	382343	330963	6	M	98	A		-1	2505.91819817	[1, 1, 1, 1, 1, 1, 1, 0, 1, 1, 1, 1]
	408190	377755	353525	6	M	5	A		-1	2505.99144534	[1, 1, 1, 0, 1, 1, 1, 1, 1, 1, 1, 1]
	474349	344118	374335	6	M	8	A		-1	2506.00968144	[0, 1, 1, 1, 1, 1, 0, 1, 1, 1, 1, 1]
	397867	338743	390710	6	M	68	A		-1	2508.19561746	[1, 1, 1, 1, 1, 1, 1, 1, 1, 1, 1, 1]
	446657	370488	361769	6	M	41	A		-1	2515.99173854	[1, 1, 1, 1, 1, 1, 1, 1, 1, 1, 1, 1]
	437446	370488	368882	6	M	80	A		-1	2518.57805941	[1, 1, 1, 0, 1, 1, 1, 1, 1, 1, 1, 1]
	417103	379987	369624	6	M	84	A		-1	2519.51103725	[1, 1, 1, 1, 1, 1, 1, 1, 1, 1, 1, 1]
	440270	308233	385991	6	M	18	A		-1	2521.03749601	[1, 1, 1, 1, 1, 1, 1, 1, 1, 1, 1, 1]
	475157	338743	346518	6	M	80	A		-1	2522.2180451	[1, 1, 1, 1, 1, 1, 1, 1, 1, 1, 1, 1]
	396659	370488	384306	6	M	70	A		-1	2528.50537981	[1, 1, 1, 1, 1, 1, 1, 1, 1, 1, 1, 1]
	401828	305636	317384	6	M	45	A		-1	2530.65367396	[1, 1, 1, 1, 1, 1, 1, 1, 1, 1, 1, 1]
	476078	379987	348650	6	M	3	A		-1	2532.85923914	[1, 1, 1, 1, 1, 1, 1, 1, 1, 1, 1, 1]
	462888	296087	379653	6	M	45	A		-1	2533.2219841	[1, 1, 1, 1, 1, 1, 1, 1, 1, 1, 1, 1]
	473091	387127	326997	6	M	65	A		-1	2534.17213453	[1, 1, 1, 1, 1, 1, 1, 1, 1, 1, 1, 1]
	431436	348234	294350	6	M	57	A		-1	2537.16963223	[1, 1, 1, 1, 1, 1, 1, 1, 1, 1, 1, 1]
	449203	381898	319631	6	M	2	A		-1	2537.32393036	[1, 1, 1, 1, 1, 1, 1, 0, 1, 1, 1, 1]
	418869	365067	347155	6	M	90	A		-1	2539.26181423	[1, 1, 1, 1, 1, 1, 1, 1, 1, 1, 1, 1]
	446677	373295	295446	6	M	11	A		-1	2542.55424497	[1, 1, 1, 1, 1, 1, 0, 0, 1, 1, 1, 1]
	482391	296087	383634	6	M	30	A		-1	2544.90028217	[1, 1, 1, 1, 1, 1, 1, 1, 1, 1, 1, 1]
	394133	319059	351763	6	M	90	A		-1	2550.08511414	[1, 0, 1, 1, 1, 1, 1, 1, 1, 1, 1, 1]
	432131	366969	294580	6	M	55	A		-1	2550.70948299	[1, 1, 1, 1, 1, 1, 1, 1, 1, 1, 1, 1]
	411578	319059	324102	6	M	75	A		-1	2556.03432765	[1, 1, 1, 1, 1, 1, 1, 1, 1, 1, 1, 1]
	486159	317373	371636	6	M	75	A		-1	2558.3020681	[1, 1, 1, 1, 1, 1, 1, 1, 1, 1, 1, 1]
	418827	384420	305437	6	M	41	A		-1	2560.71921938	[1, 1, 1, 1, 1, 1, 1, 1, 1, 1, 1, 1]
	479809	362463	327387	6	M	58	A		-1	2566.63471301	[1, 1, 1, 1, 1, 1, 1, 1, 1, 1, 1, 1]
	486542	338063	334783	6	M	92	A		-1	2570.68164083	[1, 1, 1, 1, 1, 1, 0, 1, 1, 1, 1, 1]
	399069	336458	302093	6	M	44	A		-1	2570.7363715	[1, 1, 1, 1, 1, 1, 0, 1, 1, 1, 1, 1]
	425778	383792	369916	6	M	52	A		-1	2578.32959396	[1, 1, 1, 1, 1, 1, 1, 0, 1, 1, 1, 1]
	409691	365067	344868	6	M	86	A		-1	2579.94290953	[1, 1, 1, 1, 1, 1, 1, 1, 1, 1, 1, 1]
	395653	382027	343237	6	M	54	A		-1	2582.79867393	[1, 1, 1, 1, 1, 1, 1, 1, 1, 1, 1, 1]
	432214	319059	315183	6	M	24	A		-1	2595.55144409	[1, 1, 1, 1, 1, 1, 0, 1, 1, 1, 1, 1]
	439780	370488	313395	6	M	39	A		-1	2600.87484003	[1, 1, 1, 0, 1, 1, 1, 1, 1, 1, 1, 1]
	409301	317373	247880	6	M	7	A		-1	2603.67305162	[1, 1, 1, 1, 1, 1, 1, 1, 1, 1, 1, 1]
	442890	369781	389277	6	M	63	A		-1	2606.67783727	[1, 1, 1, 1, 1, 1, 1, 1, 1, 1, 1, 1]
	442469	382343	344928	6	M	64	A		-1	2610.99468993	[1, 1, 1, 1, 1, 1, 1, 0, 1, 1, 1, 1]
	397600	387127	308752	6	M	20	A		-1	2626.56314015	[1, 1, 1, 1, 1, 1, 1, 1, 1, 1, 1, 1]
	480760	387127	307335	6	M	12	A		-1	2632.91888385	[1, 1, 1, 1, 1, 1, 1, 1, 1, 1, 1, 1]
	445741	308833	326655	6	M	50	A		-1	2633.23461322	[1, 1, 1, 1, 1, 1, 1, 0, 1, 1, 1, 1]
	490968	382027	333033	6	M	92	A		-1	2676.63334746	[1, 1, 1, 1, 1, 1, 1, 1, 1, 1, 1, 1]
	489004	383887	324354	6	M	43	A		-1	2688.06752891	[1, 1, 1, 1, 1, 1, 1, 1, 1, 1, 1, 1]
	457399	364177	301183	6	M	87	A		-1	2692.52300069	[1, 1, 1, 1, 1, 1, 1, 1, 1, 1, 1, 1]
	489081	384420	369723	6	M	16	A		-1	2706.05137638	[1, 1, 1, 1, 1, 1, 1, 1, 1, 1, 1, 1]
