animal	sire	dam	born	sex	herd	status	cause	died	TBV	recessives
	264149	143319	70374	4	M	26	A		-1	1699.21793439	[1, 1, 1, 1, 1, 1, 1, 1, 1, 1, 1, 1]
	205060	149178	185339	4	M	49	A		-1	1699.38611181	[1, 0, 1, 1, 1, 1, 1, 1, 1, 1, 1, 1]
	280827	135414	143153	4	M	18	A		-1	1699.48759236	[0, 1, 1, 1, 1, 1, 1, 1, 1, 1, 1, 1]
	206710	171433	94966	4	M	98	A		-1	1699.74993735	[1, 1, 1, 1, 1, 1, 1, 1, 1, 1, 1, 1]
	279738	166360	182724	4	M	17	A		-1	1699.96808595	[1, 1, 1, 0, 1, 1, 1, 1, 1, 1, 1, 1]
	234889	159076	161804	4	M	20	A		-1	1700.11961739	[1, 1, 1, 1, 1, 1, 1, 1, 1, 1, 1, 1]
	226537	172054	146992	4	M	20	A		-1	1700.37392978	[1, 1, 1, 1, 1, 1, 0, 1, 1, 1, 1, 1]
	194222	172026	120489	4	M	38	A		-1	1700.46070007	[1, 1, 1, 1, 1, 1, 1, 1, 1, 1, 1, 1]
	198626	149178	140697	4	M	41	A		-1	1700.64233059	[1, 0, 1, 1, 1, 1, 1, 1, 1, 1, 1, 1]
	290447	169270	134466	4	M	47	A		-1	1700.86914511	[1, 1, 1, 1, 1, 1, 1, 1, 1, 1, 1, 0]
	286091	150278	134568	4	M	6	A		-1	1701.27045523	[0, 1, 1, 1, 1, 1, 1, 1, 1, 1, 1, 1]
	282944	169036	130198	4	M	73	A		-1	1701.28803303	[1, 0, 1, 1, 1, 1, 1, 1, 1, 1, 1, 1]
	282397	163967	193100	4	M	15	A		-1	1701.66687095	[1, 1, 1, 1, 1, 1, 1, 1, 1, 1, 1, 1]
	275228	172054	61748	4	M	34	A		-1	1701.89486645	[1, 1, 1, 1, 1, 1, 1, 1, 1, 1, 1, 1]
	232120	152500	157517	4	M	28	A		-1	1702.06428505	[1, 1, 1, 1, 1, 1, 1, 1, 1, 1, 1, 1]
	229003	172054	161280	4	M	45	A		-1	1702.08975647	[1, 1, 1, 1, 1, 1, 1, 1, 1, 1, 1, 1]
	234054	144798	130804	4	M	21	A		-1	1702.09371574	[1, 1, 1, 1, 1, 1, 1, 1, 1, 1, 1, 1]
	226281	168580	176115	4	M	77	A		-1	1702.60458689	[1, 1, 1, 1, 1, 0, 1, 1, 1, 1, 1, 1]
	245580	172054	87108	4	M	65	A		-1	1702.90577591	[1, 1, 1, 1, 1, 1, 1, 1, 1, 1, 1, 1]
	196747	159479	149157	4	M	45	A		-1	1702.9306613	[1, 0, 1, 1, 1, 1, 1, 1, 1, 1, 1, 1]
	265914	158882	168710	4	M	33	A		-1	1703.01638151	[1, 1, 1, 1, 1, 1, 1, 1, 1, 1, 1, 1]
	259741	168548	153531	4	M	10	A		-1	1703.28092243	[1, 1, 1, 1, 1, 1, 1, 1, 1, 1, 1, 1]
	287709	182286	84039	4	M	56	A		-1	1703.40042431	[1, 1, 1, 0, 1, 1, 1, 1, 1, 1, 1, 1]
	214443	166360	96141	4	M	27	A		-1	1703.59830463	[1, 1, 1, 0, 1, 1, 1, 1, 1, 1, 1, 1]
	233375	128744	144782	4	M	6	A		-1	1703.70227063	[1, 1, 1, 1, 1, 1, 1, 1, 1, 1, 1, 1]
	240134	143319	161631	4	M	21	A		-1	1703.77166984	[1, 1, 1, 1, 1, 1, 1, 1, 1, 1, 1, 1]
	227292	159479	112660	4	M	41	A		-1	1703.77457522	[1, 1, 1, 1, 1, 1, 1, 1, 1, 1, 1, 1]
	197020	163967	176352	4	M	37	A		-1	1704.07777463	[1, 1, 1, 1, 1, 1, 1, 1, 1, 1, 1, 1]
	168580	118605	118651	3	M	28	A		-1	1704.25993497	[1, 1, 1, 1, 0, 0, 1, 1, 1, 1, 1, 1]
	287156	181549	83764	4	M	78	A		-1	1704.30395177	[1, 1, 1, 1, 1, 1, 1, 1, 1, 1, 1, 1]
	194135	175786	156574	4	M	41	A		-1	1704.77532155	[1, 1, 1, 1, 1, 1, 1, 1, 1, 1, 1, 1]
	258513	127344	169437	4	M	28	A		-1	1705.28249747	[1, 1, 1, 1, 1, 1, 1, 1, 1, 1, 1, 1]
	223964	143319	156510	4	M	14	A		-1	1705.31692415	[1, 1, 1, 1, 1, 1, 1, 1, 1, 1, 1, 1]
	254771	172054	188453	4	M	57	A		-1	1705.31917331	[1, 1, 1, 1, 1, 1, 1, 1, 1, 1, 1, 1]
	287392	169943	163672	4	M	34	A		-1	1705.96792876	[1, 1, 1, 1, 1, 1, 1, 1, 1, 1, 1, 1]
	274125	167797	171577	4	M	0	A		-1	1706.36171242	[1, 1, 1, 1, 1, 1, 1, 1, 1, 1, 1, 1]
	275508	153513	143613	4	M	72	A		-1	1706.42680319	[1, 1, 1, 1, 1, 1, 1, 1, 1, 1, 1, 1]
	281003	159076	182759	4	M	63	A		-1	1706.52267675	[1, 1, 1, 1, 1, 1, 1, 1, 1, 1, 1, 1]
	265382	152500	160014	4	M	66	A		-1	1706.7176136	[1, 1, 1, 1, 1, 1, 1, 1, 1, 1, 1, 1]
	259568	193066	73908	4	M	0	A		-1	1706.89607711	[1, 1, 1, 1, 1, 1, 1, 1, 1, 1, 1, 1]
	281170	158882	162070	4	M	36	A		-1	1707.09503208	[1, 1, 1, 1, 1, 1, 1, 1, 1, 1, 1, 1]
	208137	166360	187477	4	M	76	A		-1	1707.29960276	[1, 1, 1, 1, 1, 1, 1, 1, 1, 1, 1, 1]
	243993	128719	156277	4	M	40	A		-1	1707.45280592	[1, 1, 1, 1, 1, 1, 1, 1, 1, 1, 1, 1]
	247558	185814	184877	4	M	56	A		-1	1707.60083274	[1, 1, 1, 1, 1, 1, 1, 1, 1, 1, 1, 1]
	284238	150278	153334	4	M	75	A		-1	1707.88486836	[1, 1, 1, 1, 1, 1, 1, 1, 1, 1, 1, 1]
	236331	134983	177989	4	M	71	A		-1	1708.01191378	[1, 1, 1, 1, 1, 1, 1, 1, 1, 1, 1, 1]
	269400	184240	125222	4	M	74	A		-1	1708.10349862	[1, 1, 1, 1, 1, 1, 1, 1, 1, 1, 1, 1]
	200057	127344	103758	4	M	35	A		-1	1708.16832951	[1, 1, 1, 1, 1, 1, 1, 1, 1, 1, 1, 1]
	269489	143319	150540	4	M	39	A		-1	1708.26886757	[1, 1, 1, 1, 1, 1, 1, 1, 1, 1, 1, 1]
	277897	172527	165032	4	M	44	A		-1	1708.32957439	[1, 1, 1, 1, 1, 1, 1, 1, 1, 1, 1, 1]
	255743	169270	75133	4	M	32	A		-1	1708.67210166	[1, 1, 1, 1, 1, 1, 1, 1, 1, 1, 1, 0]
	275830	134983	178378	4	M	16	A		-1	1708.7811886	[1, 1, 1, 1, 1, 1, 1, 1, 1, 1, 1, 1]
	247034	184240	90120	4	M	80	A		-1	1708.81575461	[1, 1, 1, 1, 1, 1, 1, 1, 1, 1, 1, 1]
	274983	177042	146851	4	M	77	A		-1	1709.05399184	[1, 1, 1, 1, 1, 1, 1, 1, 1, 1, 1, 1]
	228974	177483	153277	4	M	82	A		-1	1709.18439413	[1, 1, 1, 1, 1, 1, 1, 1, 1, 1, 1, 1]
	195287	124981	191649	4	M	56	A		-1	1709.26146478	[1, 1, 1, 0, 1, 1, 1, 1, 1, 1, 1, 1]
	272946	128719	179879	4	M	17	A		-1	1709.2921127	[1, 1, 1, 1, 1, 1, 1, 1, 1, 1, 1, 1]
	263276	135414	181527	4	M	46	A		-1	1709.40934695	[1, 1, 1, 1, 1, 1, 1, 1, 1, 1, 1, 1]
	268793	152991	149014	4	M	73	A		-1	1709.57087547	[1, 1, 1, 1, 1, 1, 0, 1, 1, 1, 1, 1]
	245629	168579	100709	4	M	92	A		-1	1710.22904665	[1, 1, 1, 1, 1, 1, 1, 1, 1, 1, 1, 1]
	197304	172026	80922	4	M	42	A		-1	1710.42454242	[1, 1, 1, 1, 0, 1, 1, 1, 1, 1, 1, 1]
	268660	180844	145902	4	M	80	A		-1	1710.58081709	[1, 1, 1, 1, 1, 1, 1, 1, 1, 1, 1, 1]
	227725	163967	137507	4	M	80	A		-1	1710.58343454	[1, 1, 0, 1, 1, 1, 1, 1, 1, 1, 1, 1]
	221683	166044	150078	4	M	87	A		-1	1710.58347668	[1, 1, 1, 1, 1, 1, 1, 1, 1, 1, 1, 1]
	243104	166044	144925	4	M	25	A		-1	1711.32094242	[1, 1, 1, 1, 1, 1, 1, 1, 1, 1, 1, 1]
	209933	171433	122713	4	M	74	A		-1	1711.38370722	[1, 1, 1, 1, 1, 1, 1, 1, 1, 1, 1, 1]
	270573	168579	155522	4	M	40	A		-1	1711.46521086	[1, 1, 1, 1, 1, 1, 1, 1, 1, 1, 1, 1]
	252909	172054	157018	4	M	18	A		-1	1711.74089982	[1, 1, 1, 1, 1, 1, 1, 1, 1, 1, 1, 1]
	273788	123065	172525	4	M	3	A		-1	1711.95417467	[1, 1, 1, 1, 1, 1, 1, 1, 1, 1, 1, 1]
	211924	124981	140482	4	M	84	A		-1	1712.23933895	[1, 1, 1, 0, 1, 1, 1, 1, 1, 1, 1, 1]
	206853	166044	166354	4	M	43	A		-1	1712.24138021	[1, 1, 1, 1, 1, 1, 1, 1, 1, 1, 0, 1]
	194505	168248	178428	4	M	66	A		-1	1712.53618469	[1, 1, 1, 1, 1, 1, 1, 1, 1, 1, 1, 1]
	271824	172879	165268	4	M	68	A		-1	1712.99688444	[1, 0, 1, 1, 1, 1, 1, 1, 1, 1, 1, 1]
	242426	150278	134375	4	M	94	A		-1	1713.15399982	[1, 1, 1, 1, 1, 1, 0, 1, 1, 1, 1, 1]
	264324	169036	181281	4	M	100	A		-1	1713.342262	[1, 0, 1, 1, 1, 1, 1, 1, 1, 1, 1, 1]
	253684	168548	122531	4	M	4	A		-1	1713.66180018	[1, 1, 1, 1, 1, 1, 1, 1, 1, 1, 1, 1]
	210565	184240	182253	4	M	54	A		-1	1713.86656696	[1, 1, 1, 1, 0, 1, 1, 1, 1, 1, 1, 1]
	279066	124261	37549	4	M	42	A		-1	1713.86714025	[1, 1, 1, 1, 1, 1, 1, 1, 1, 1, 1, 1]
	240842	168579	132188	4	M	76	A		-1	1714.24835037	[1, 1, 1, 1, 1, 1, 1, 1, 1, 1, 1, 1]
	250319	168548	127251	4	M	18	A		-1	1714.53429846	[1, 1, 1, 1, 1, 1, 1, 1, 1, 1, 1, 0]
	195004	193066	138992	4	M	32	A		-1	1714.64721681	[1, 1, 1, 1, 1, 1, 1, 1, 1, 1, 1, 1]
	208162	172026	142256	4	M	6	A		-1	1714.7387715	[1, 1, 1, 1, 0, 1, 1, 1, 1, 1, 1, 1]
	230178	169943	177115	4	M	86	A		-1	1714.78526759	[1, 1, 1, 1, 1, 1, 0, 1, 1, 1, 1, 1]
	194406	172798	183854	4	M	32	A		-1	1714.78836792	[1, 1, 1, 1, 1, 1, 1, 1, 1, 1, 1, 1]
	241966	182286	132168	4	M	77	A		-1	1715.18630323	[1, 1, 1, 0, 1, 1, 1, 0, 1, 1, 1, 1]
	239019	180844	72381	4	M	45	A		-1	1715.42124053	[1, 1, 1, 1, 1, 1, 1, 0, 1, 1, 1, 1]
	241425	185814	142491	4	M	3	A		-1	1716.36089983	[1, 1, 1, 1, 1, 0, 1, 1, 1, 1, 1, 1]
	227838	175786	137646	4	M	29	A		-1	1716.44278635	[1, 1, 1, 1, 1, 1, 0, 1, 1, 1, 1, 1]
	274120	182286	106542	4	M	87	A		-1	1716.91240146	[1, 1, 1, 1, 1, 1, 1, 1, 1, 1, 1, 1]
	210958	182286	121222	4	M	34	A		-1	1716.96751968	[1, 1, 1, 1, 1, 1, 1, 1, 1, 1, 1, 1]
	207789	172527	101026	4	M	76	A		-1	1717.26010564	[1, 1, 1, 1, 1, 1, 1, 1, 1, 1, 1, 1]
	293068	152500	154615	4	M	0	A		-1	1717.4486901	[1, 1, 1, 1, 1, 1, 1, 1, 1, 1, 1, 1]
	234998	172527	191837	4	M	30	A		-1	1717.82226998	[1, 1, 1, 1, 1, 1, 1, 1, 1, 1, 1, 1]
	213175	134983	157005	4	M	30	A		-1	1717.85790378	[1, 1, 1, 1, 1, 1, 1, 1, 1, 1, 1, 1]
	213291	159076	135855	4	M	51	A		-1	1717.9254157	[1, 1, 1, 1, 1, 1, 1, 1, 1, 1, 1, 1]
	269160	123065	190188	4	M	36	A		-1	1718.114355	[1, 1, 1, 1, 1, 1, 1, 1, 1, 1, 1, 1]
	244506	152500	148938	4	M	59	A		-1	1718.62707547	[1, 1, 1, 1, 1, 1, 1, 1, 1, 1, 1, 1]
	287017	184240	148589	4	M	7	A		-1	1718.81865932	[1, 1, 1, 1, 1, 1, 1, 1, 1, 1, 1, 1]
	216296	192147	146626	4	M	40	A		-1	1719.04604289	[1, 1, 1, 1, 1, 1, 1, 1, 1, 1, 1, 1]
	290112	172879	153870	4	M	92	A		-1	1719.90394253	[1, 1, 1, 1, 1, 1, 1, 1, 1, 1, 1, 1]
	226047	152500	160249	4	M	12	A		-1	1720.44202009	[1, 1, 1, 1, 1, 1, 1, 1, 1, 1, 1, 1]
	232679	168580	192151	4	M	94	A		-1	1720.49133141	[1, 1, 1, 1, 1, 1, 1, 1, 1, 1, 1, 1]
	244690	185814	166435	4	M	32	A		-1	1720.49437746	[1, 1, 1, 1, 1, 1, 1, 1, 1, 1, 1, 1]
	227116	167797	192530	4	M	48	A		-1	1720.60303367	[1, 1, 1, 1, 1, 1, 1, 1, 1, 1, 1, 1]
	232869	166360	192173	4	M	37	A		-1	1720.83014947	[1, 1, 1, 0, 1, 1, 1, 0, 1, 1, 1, 1]
	222505	168548	179963	4	M	47	A		-1	1720.91361713	[1, 1, 1, 1, 1, 1, 1, 1, 1, 1, 1, 1]
	254035	169036	133066	4	M	34	A		-1	1721.19639469	[1, 0, 1, 1, 1, 1, 1, 1, 1, 1, 1, 1]
	198575	149178	139706	4	M	55	A		-1	1721.28714694	[1, 1, 1, 1, 1, 1, 1, 1, 1, 1, 1, 1]
	292149	153513	167308	4	M	42	A		-1	1721.96421681	[1, 1, 1, 1, 1, 1, 1, 1, 1, 1, 1, 1]
	252410	169036	189058	4	M	62	A		-1	1722.29217756	[1, 0, 1, 1, 1, 1, 1, 1, 1, 1, 1, 1]
	212609	171433	74953	4	M	14	A		-1	1722.42770334	[1, 1, 1, 1, 1, 1, 1, 1, 1, 1, 1, 1]
	266151	172054	122594	4	M	42	A		-1	1722.48592297	[1, 1, 1, 1, 1, 1, 1, 1, 1, 1, 1, 1]
	233018	149178	178511	4	M	3	A		-1	1722.77561338	[1, 1, 1, 1, 1, 1, 1, 1, 1, 1, 1, 1]
	221343	181549	158839	4	M	42	A		-1	1722.88132132	[1, 1, 1, 1, 1, 1, 1, 1, 1, 1, 1, 1]
	217127	184240	133452	4	M	93	A		-1	1722.93115118	[1, 1, 1, 1, 1, 1, 1, 1, 1, 1, 1, 1]
	268431	167797	191238	4	M	51	A		-1	1723.13342171	[1, 1, 1, 1, 0, 1, 1, 1, 1, 1, 1, 1]
	280762	168579	146879	4	M	29	A		-1	1723.29887547	[1, 1, 1, 1, 1, 1, 1, 1, 1, 1, 1, 1]
	293468	153513	156019	4	M	85	A		-1	1723.54974789	[1, 1, 1, 1, 1, 1, 1, 1, 1, 1, 1, 1]
	241368	184240	160324	4	M	42	A		-1	1723.87462883	[1, 1, 1, 1, 1, 1, 0, 1, 1, 1, 1, 1]
	247846	128719	173965	4	M	75	A		-1	1724.10266086	[1, 1, 1, 1, 1, 1, 1, 1, 1, 1, 1, 1]
	253682	159076	155257	4	M	73	A		-1	1725.01232924	[1, 1, 1, 1, 1, 1, 1, 1, 1, 1, 1, 0]
	213776	168548	189434	4	M	85	A		-1	1725.04138814	[1, 1, 1, 1, 1, 1, 1, 1, 1, 1, 1, 1]
	275645	168580	160357	4	M	5	A		-1	1725.25766343	[1, 1, 1, 1, 1, 1, 1, 1, 1, 1, 1, 1]
	242954	185814	154045	4	M	13	A		-1	1725.38880904	[1, 1, 1, 1, 1, 1, 1, 1, 1, 1, 1, 1]
	212094	158882	166324	4	M	75	A		-1	1725.62704267	[1, 1, 1, 1, 1, 1, 1, 1, 1, 1, 1, 1]
	277243	163967	181667	4	M	79	A		-1	1725.94772485	[1, 1, 1, 1, 1, 1, 1, 1, 1, 1, 1, 1]
	196523	182286	178845	4	M	80	A		-1	1726.18598719	[1, 1, 1, 1, 1, 1, 1, 1, 1, 1, 1, 1]
	200608	192147	145241	4	M	69	A		-1	1726.35103416	[1, 1, 0, 1, 1, 1, 1, 1, 1, 1, 1, 1]
	215947	168579	118439	4	M	90	A		-1	1726.36255627	[1, 1, 1, 1, 1, 1, 1, 1, 1, 1, 1, 1]
	220767	168248	166981	4	M	63	A		-1	1726.61265517	[1, 1, 1, 1, 1, 1, 1, 1, 1, 1, 1, 1]
	221964	168548	175454	4	M	4	A		-1	1726.6681945	[1, 1, 1, 1, 1, 1, 0, 1, 1, 1, 1, 1]
	255884	177483	182124	4	M	45	A		-1	1727.13027448	[0, 1, 1, 1, 1, 1, 1, 1, 1, 1, 1, 1]
	196390	180844	147073	4	M	56	A		-1	1727.42318542	[1, 1, 1, 1, 1, 1, 1, 1, 1, 1, 1, 1]
	214375	135414	172887	4	M	8	A		-1	1727.7722154	[1, 1, 1, 1, 1, 1, 1, 1, 1, 1, 1, 1]
	226595	169270	148719	4	M	54	A		-1	1728.67070052	[1, 1, 1, 1, 1, 1, 1, 1, 1, 1, 1, 0]
	291605	153513	187644	4	M	43	A		-1	1729.08150305	[1, 1, 1, 1, 1, 1, 1, 1, 1, 1, 1, 1]
	246127	128719	128121	4	M	85	A		-1	1729.34048776	[1, 1, 1, 1, 1, 1, 1, 1, 1, 1, 1, 1]
	211341	185814	126225	4	M	37	A		-1	1729.47303975	[1, 1, 1, 1, 1, 1, 1, 1, 1, 1, 1, 1]
	224906	124261	138564	4	M	64	A		-1	1729.50130005	[1, 1, 1, 1, 1, 1, 1, 1, 1, 1, 1, 1]
	240194	123065	183142	4	M	48	A		-1	1729.84031619	[1, 0, 1, 1, 1, 1, 1, 1, 1, 1, 1, 0]
	214801	185814	139675	4	M	38	A		-1	1730.31695267	[1, 1, 1, 1, 1, 1, 1, 1, 1, 1, 1, 1]
	237456	163967	127262	4	M	95	A		-1	1730.84566168	[1, 1, 1, 1, 1, 1, 1, 1, 1, 1, 1, 1]
	241292	144798	188785	4	M	84	A		-1	1731.08951085	[1, 1, 1, 1, 1, 1, 1, 1, 1, 1, 1, 1]
	272485	173700	108538	4	M	6	A		-1	1731.18212477	[1, 1, 1, 1, 1, 1, 1, 0, 1, 1, 1, 1]
	228832	185814	180980	4	M	63	A		-1	1731.96409323	[1, 1, 1, 1, 1, 1, 1, 1, 1, 1, 1, 1]
	285988	166044	110468	4	M	3	A		-1	1732.16936519	[1, 1, 1, 1, 1, 1, 1, 1, 1, 1, 1, 1]
	237958	184240	83968	4	M	34	A		-1	1732.19403728	[1, 1, 1, 1, 1, 1, 1, 0, 1, 1, 1, 1]
	272840	172798	189706	4	M	39	A		-1	1732.35452977	[1, 1, 1, 1, 0, 1, 1, 1, 1, 1, 1, 1]
	236869	135414	161035	4	M	49	A		-1	1732.62069778	[1, 1, 1, 1, 1, 1, 1, 1, 1, 1, 1, 1]
	255937	193066	178049	4	M	45	A		-1	1732.88171955	[1, 1, 1, 1, 1, 1, 1, 1, 1, 1, 1, 1]
	270154	166044	135727	4	M	92	A		-1	1733.14672854	[1, 1, 1, 1, 1, 1, 1, 1, 1, 1, 0, 1]
	267067	168579	158303	4	M	22	A		-1	1733.47097835	[1, 1, 1, 1, 1, 1, 1, 1, 1, 1, 1, 1]
	267792	127344	166731	4	M	28	A		-1	1733.92708431	[1, 1, 1, 1, 1, 1, 1, 1, 1, 1, 1, 0]
	293354	168248	162174	4	M	74	A		-1	1734.01216336	[1, 1, 1, 1, 1, 1, 1, 1, 1, 1, 1, 1]
	273401	153513	192081	4	M	74	A		-1	1734.09251627	[1, 1, 1, 1, 1, 1, 1, 1, 1, 1, 1, 1]
	222998	171433	150993	4	M	97	A		-1	1734.16245058	[1, 1, 1, 1, 1, 1, 1, 1, 1, 1, 1, 1]
	209743	153513	76919	4	M	45	A		-1	1734.38485946	[1, 1, 1, 1, 1, 1, 1, 1, 1, 1, 1, 1]
	234216	192147	164912	4	M	100	A		-1	1734.67731579	[1, 1, 1, 1, 1, 1, 1, 1, 1, 1, 1, 1]
	264491	128744	78030	4	M	64	A		-1	1734.69325483	[1, 1, 1, 1, 1, 1, 1, 1, 1, 1, 1, 1]
	236151	185814	152378	4	M	35	A		-1	1735.287023	[1, 1, 1, 1, 1, 1, 1, 1, 1, 1, 1, 1]
	248399	172026	95011	4	M	42	A		-1	1735.8118793	[1, 1, 1, 1, 0, 1, 1, 1, 1, 1, 1, 1]
	268624	172879	178991	4	M	12	A		-1	1736.07403656	[1, 1, 1, 1, 1, 1, 1, 1, 1, 1, 1, 1]
	261973	153513	158775	4	M	24	A		-1	1736.6521459	[1, 1, 1, 1, 1, 1, 1, 1, 1, 1, 1, 1]
	198947	178788	147184	4	M	85	A		-1	1736.69586979	[1, 1, 1, 1, 1, 1, 1, 1, 1, 1, 1, 1]
	233845	172054	179051	4	M	6	A		-1	1736.88226316	[1, 1, 1, 1, 1, 0, 1, 1, 1, 1, 1, 1]
	219489	128845	143680	4	M	93	A		-1	1737.04981589	[1, 1, 1, 1, 1, 0, 1, 1, 1, 1, 1, 1]
	207474	168579	162824	4	M	48	A		-1	1737.06865477	[1, 1, 1, 1, 0, 1, 1, 1, 1, 1, 1, 1]
	255473	159479	79495	4	M	11	A		-1	1737.5391599	[1, 1, 1, 1, 1, 1, 1, 1, 1, 1, 1, 1]
	231455	166044	180719	4	M	47	A		-1	1737.72967845	[1, 1, 1, 1, 1, 1, 1, 1, 1, 1, 1, 1]
	251145	178788	151894	4	M	23	A		-1	1737.80324402	[1, 1, 1, 1, 1, 1, 1, 1, 1, 1, 1, 0]
	209094	172879	157685	4	M	54	A		-1	1738.17305615	[1, 1, 1, 1, 1, 1, 1, 1, 1, 1, 1, 1]
	244902	172527	125198	4	M	15	A		-1	1738.20554104	[1, 1, 1, 1, 1, 1, 1, 1, 1, 1, 1, 1]
	203006	185814	187603	4	M	75	A		-1	1738.62100556	[1, 1, 1, 1, 1, 1, 1, 1, 1, 1, 1, 1]
	218816	159076	134086	4	M	68	A		-1	1738.73009748	[1, 1, 1, 1, 1, 1, 1, 1, 1, 1, 1, 0]
	204076	172798	173846	4	M	96	A		-1	1738.92898184	[1, 1, 1, 1, 1, 1, 1, 1, 1, 1, 1, 1]
	241682	192147	192004	4	M	82	A		-1	1739.28607381	[1, 1, 1, 1, 1, 1, 1, 1, 1, 1, 1, 1]
	288962	169036	132928	4	M	23	A		-1	1739.85833217	[1, 1, 1, 1, 1, 1, 1, 1, 1, 1, 1, 1]
	211287	172879	145372	4	M	12	A		-1	1740.14612831	[1, 1, 1, 1, 1, 1, 1, 1, 1, 1, 1, 1]
	235804	159076	152612	4	M	83	A		-1	1740.14977353	[1, 1, 1, 1, 1, 1, 1, 1, 1, 1, 1, 0]
	226788	158882	181566	4	M	39	A		-1	1740.31671189	[1, 1, 1, 1, 1, 1, 1, 1, 1, 1, 1, 1]
	261654	166044	170265	4	M	4	A		-1	1740.39066451	[1, 1, 1, 1, 1, 1, 1, 1, 1, 1, 0, 1]
	276297	172026	141229	4	M	64	A		-1	1740.39733163	[1, 1, 1, 1, 1, 1, 1, 1, 1, 1, 1, 1]
	199060	159479	74508	4	M	15	A		-1	1740.53343128	[1, 1, 1, 1, 1, 1, 1, 1, 1, 1, 1, 1]
	278449	160857	175279	4	M	19	A		-1	1740.54410904	[1, 1, 1, 0, 1, 1, 1, 1, 1, 1, 1, 0]
	250699	158882	154769	4	M	44	A		-1	1740.70495566	[1, 1, 1, 1, 1, 0, 1, 1, 1, 1, 1, 1]
	235271	172527	100387	4	M	37	A		-1	1740.71175795	[1, 1, 1, 1, 1, 1, 1, 1, 1, 1, 1, 1]
	270049	169036	60982	4	M	76	A		-1	1740.86319986	[1, 0, 0, 1, 1, 1, 1, 1, 1, 1, 1, 1]
	203146	134983	150840	4	M	61	A		-1	1740.91171448	[0, 1, 1, 1, 1, 1, 1, 1, 1, 1, 1, 1]
	274830	160857	124106	4	M	92	A		-1	1741.25499618	[1, 1, 1, 1, 1, 1, 1, 1, 1, 1, 1, 0]
	257976	184240	96291	4	M	84	A		-1	1741.25654851	[1, 1, 1, 1, 1, 1, 1, 1, 1, 1, 1, 1]
	227067	168580	168180	4	M	2	A		-1	1741.43365762	[1, 1, 1, 1, 1, 0, 1, 1, 1, 1, 1, 1]
	196317	182286	173768	4	M	38	A		-1	1741.69990561	[1, 1, 1, 1, 1, 1, 1, 1, 1, 1, 1, 1]
	292331	168580	122666	4	M	2	A		-1	1741.9648982	[1, 1, 1, 1, 0, 1, 1, 1, 1, 1, 1, 1]
	241620	153513	171904	4	M	30	A		-1	1742.02139616	[1, 1, 1, 1, 1, 1, 1, 1, 1, 1, 1, 1]
	255807	168580	82824	4	M	66	A		-1	1742.24120452	[1, 1, 1, 1, 1, 0, 1, 1, 1, 1, 1, 1]
	214606	169943	191795	4	M	23	A		-1	1742.27528341	[1, 1, 1, 1, 1, 1, 1, 0, 1, 1, 1, 1]
	274963	128719	143404	4	M	69	A		-1	1742.36504401	[1, 1, 1, 1, 1, 1, 1, 1, 1, 1, 1, 1]
	222969	172054	116743	4	M	24	A		-1	1742.92742064	[1, 1, 1, 1, 1, 1, 1, 1, 1, 1, 1, 1]
	218314	134983	178617	4	M	59	A		-1	1743.151297	[1, 1, 1, 1, 1, 1, 1, 1, 1, 1, 1, 1]
	281168	184240	146478	4	M	29	A		-1	1743.34352146	[1, 1, 1, 1, 1, 1, 1, 1, 1, 1, 1, 1]
	285260	172054	152016	4	M	93	A		-1	1743.51218802	[1, 1, 1, 1, 1, 1, 1, 1, 1, 1, 1, 1]
	218790	124261	171548	4	M	15	A		-1	1743.63368294	[1, 1, 1, 1, 1, 1, 1, 1, 1, 1, 1, 1]
	268403	172026	190081	4	M	68	A		-1	1743.76903823	[1, 1, 1, 1, 0, 1, 1, 1, 1, 1, 1, 1]
	236210	177483	162901	4	M	69	A		-1	1744.43822087	[1, 1, 1, 1, 1, 1, 1, 1, 1, 1, 1, 1]
	264772	158882	181646	4	M	31	A		-1	1744.83322304	[1, 1, 1, 1, 1, 1, 1, 1, 1, 1, 1, 1]
	197989	184240	134043	4	M	5	A		-1	1745.01938163	[1, 1, 1, 1, 1, 1, 1, 1, 1, 1, 1, 1]
	152500	112750	106217	3	M	91	A		-1	1745.52151968	[1, 1, 1, 1, 1, 1, 1, 1, 1, 1, 1, 1]
	246039	128845	153092	4	M	60	A		-1	1745.68646357	[1, 1, 1, 0, 1, 1, 1, 1, 1, 1, 1, 1]
	280747	169036	118264	4	M	54	A		-1	1745.79573801	[1, 1, 0, 1, 1, 1, 1, 1, 1, 1, 1, 1]
	272320	159076	128237	4	M	51	A		-1	1746.03980954	[1, 1, 1, 1, 1, 1, 1, 1, 1, 1, 1, 0]
	279438	153513	134240	4	M	85	A		-1	1746.37198997	[1, 1, 1, 1, 1, 1, 1, 1, 1, 1, 1, 1]
	274323	143319	133352	4	M	88	A		-1	1746.54845892	[1, 1, 1, 1, 1, 1, 1, 1, 1, 1, 1, 1]
	254049	169270	188311	4	M	3	A		-1	1746.93493151	[1, 1, 1, 1, 1, 1, 1, 1, 1, 1, 1, 1]
	231933	175786	79981	4	M	71	A		-1	1747.67210769	[1, 1, 1, 1, 1, 1, 0, 1, 1, 1, 1, 1]
	217384	182286	124384	4	M	44	A		-1	1748.52386222	[1, 1, 1, 1, 1, 1, 1, 1, 1, 1, 1, 1]
	283588	169943	141445	4	M	33	A		-1	1748.6848448	[1, 1, 1, 1, 1, 1, 0, 0, 1, 1, 1, 1]
	241161	159479	173728	4	M	46	A		-1	1750.03063698	[1, 1, 1, 1, 1, 1, 1, 1, 1, 1, 1, 1]
	255720	168580	149679	4	M	77	A		-1	1751.23793182	[1, 1, 1, 1, 1, 1, 1, 1, 1, 1, 1, 1]
	273581	192147	162654	4	M	40	A		-1	1751.61728607	[1, 1, 1, 1, 1, 1, 1, 1, 1, 1, 1, 1]
	286976	172879	141189	4	M	55	A		-1	1751.89975424	[1, 1, 1, 1, 1, 1, 1, 1, 1, 1, 1, 1]
	204985	128719	165221	4	M	71	A		-1	1751.94881079	[1, 1, 1, 1, 1, 1, 1, 1, 1, 1, 1, 1]
	225355	185814	156402	4	M	88	A		-1	1752.09008772	[1, 1, 1, 1, 1, 1, 1, 1, 1, 1, 1, 1]
	281710	177483	188463	4	M	31	A		-1	1752.58728679	[1, 1, 1, 1, 0, 1, 1, 1, 1, 1, 1, 1]
	246421	134983	157649	4	M	13	A		-1	1752.62561842	[1, 1, 1, 1, 1, 1, 1, 1, 1, 1, 0, 1]
	230715	128744	178825	4	M	5	A		-1	1752.8825961	[1, 1, 1, 1, 1, 1, 1, 1, 1, 1, 1, 1]
	286056	184240	178552	4	M	36	A		-1	1753.26847089	[1, 1, 1, 1, 1, 0, 1, 1, 1, 1, 1, 1]
	249784	152991	131324	4	M	57	A		-1	1754.58394248	[1, 1, 1, 1, 1, 1, 1, 1, 1, 1, 1, 1]
	292010	135414	177742	4	M	62	A		-1	1754.74129799	[1, 1, 1, 1, 1, 1, 1, 1, 1, 1, 1, 1]
	250669	172026	167033	4	M	72	A		-1	1755.37299448	[1, 1, 1, 1, 1, 1, 1, 1, 1, 1, 1, 1]
	289420	124981	113447	4	M	47	A		-1	1755.4151002	[1, 1, 1, 1, 1, 1, 1, 1, 1, 1, 1, 1]
	275215	167797	158032	4	M	27	A		-1	1755.41676622	[1, 1, 1, 1, 1, 1, 1, 1, 1, 1, 1, 1]
	257333	172054	149581	4	M	93	A		-1	1756.35218233	[1, 1, 1, 1, 1, 1, 1, 1, 1, 1, 1, 1]
	194539	193066	162614	4	M	71	A		-1	1757.25297276	[1, 1, 1, 1, 1, 1, 0, 1, 1, 1, 1, 1]
	213197	172879	103113	4	M	19	A		-1	1757.56674662	[1, 1, 1, 1, 1, 1, 1, 1, 1, 1, 1, 1]
	259383	123065	182005	4	M	17	A		-1	1757.59324035	[1, 1, 1, 1, 1, 1, 1, 1, 1, 1, 1, 1]
	218081	128744	189583	4	M	27	A		-1	1757.82570414	[1, 1, 1, 1, 1, 1, 1, 1, 1, 1, 1, 1]
	290539	127344	85876	4	M	67	A		-1	1757.92620967	[1, 1, 1, 1, 1, 1, 1, 1, 1, 1, 1, 0]
	242041	169943	157271	4	M	48	A		-1	1758.02233418	[1, 1, 1, 1, 1, 1, 1, 1, 1, 1, 1, 1]
	219658	178788	90300	4	M	53	A		-1	1758.40402023	[1, 1, 1, 1, 1, 1, 1, 1, 1, 1, 1, 1]
	262307	172527	146599	4	M	94	A		-1	1759.48922952	[1, 1, 1, 1, 1, 1, 1, 1, 1, 1, 1, 1]
	270073	173700	186242	4	M	3	A		-1	1759.52568452	[1, 1, 1, 1, 1, 1, 1, 0, 1, 1, 1, 1]
	215230	168580	181577	4	M	93	A		-1	1759.68314897	[1, 1, 1, 1, 0, 0, 1, 1, 1, 1, 1, 1]
	275861	163967	130951	4	M	68	A		-1	1760.72966297	[1, 1, 1, 1, 1, 0, 1, 1, 1, 1, 1, 1]
	195447	124981	180597	4	M	59	A		-1	1761.16751021	[1, 1, 1, 1, 1, 1, 1, 1, 1, 1, 1, 1]
	215476	172054	139842	4	M	61	A		-1	1761.34403764	[1, 1, 1, 1, 1, 1, 1, 1, 1, 1, 1, 1]
	204384	172054	187890	4	M	91	A		-1	1761.42442382	[1, 1, 1, 1, 1, 1, 1, 1, 1, 1, 1, 1]
	214626	168248	133464	4	M	48	A		-1	1761.81894661	[1, 1, 1, 1, 1, 1, 1, 1, 1, 1, 1, 1]
	220301	172798	72836	4	M	35	A		-1	1762.90141069	[1, 1, 1, 1, 1, 1, 1, 1, 1, 1, 1, 1]
	282644	177483	146676	4	M	29	A		-1	1763.27208229	[1, 1, 1, 1, 1, 1, 1, 1, 1, 1, 1, 1]
	266819	128744	180765	4	M	44	A		-1	1763.45542946	[1, 1, 1, 1, 1, 1, 1, 1, 1, 1, 1, 1]
	225480	172026	152092	4	M	63	A		-1	1765.86414948	[1, 1, 1, 1, 1, 1, 1, 1, 1, 1, 1, 1]
	247882	135414	133282	4	M	4	A		-1	1766.19856906	[1, 1, 1, 0, 1, 1, 1, 1, 1, 1, 1, 1]
	211105	177483	86101	4	M	25	A		-1	1766.34073135	[1, 1, 1, 0, 1, 1, 1, 1, 1, 1, 1, 1]
	276231	172879	101280	4	M	52	A		-1	1766.4715866	[1, 1, 1, 1, 1, 1, 1, 1, 1, 1, 1, 1]
	232986	135414	170997	4	M	30	A		-1	1766.58175954	[1, 1, 1, 1, 1, 1, 1, 1, 1, 1, 1, 1]
	220335	124981	137979	4	M	71	A		-1	1766.92688804	[1, 1, 1, 0, 1, 1, 1, 1, 1, 1, 1, 1]
	228769	128719	184464	4	M	62	A		-1	1767.14269762	[1, 1, 1, 1, 1, 1, 1, 1, 1, 1, 1, 1]
	264622	173700	143553	4	M	61	A		-1	1767.8270821	[1, 1, 1, 1, 1, 1, 1, 1, 1, 1, 1, 1]
	278081	169036	137804	4	M	65	A		-1	1768.0772253	[1, 1, 1, 1, 1, 1, 1, 1, 1, 1, 1, 1]
	268232	166044	181560	4	M	98	A		-1	1768.20832343	[1, 1, 1, 1, 1, 1, 1, 1, 1, 1, 1, 1]
	198164	185814	148007	4	M	73	A		-1	1768.44041262	[1, 1, 1, 1, 1, 1, 1, 1, 1, 1, 1, 1]
	233700	185814	140139	4	M	91	A		-1	1769.12841008	[1, 1, 1, 1, 1, 1, 1, 1, 1, 1, 1, 1]
	221831	166360	136322	4	M	26	A		-1	1769.30106848	[1, 1, 1, 1, 1, 1, 1, 1, 1, 1, 1, 1]
	277672	172054	139846	4	M	54	A		-1	1770.00868819	[1, 1, 1, 1, 1, 1, 1, 1, 1, 1, 1, 1]
	280237	168579	142224	4	M	46	A		-1	1771.1467096	[1, 1, 1, 1, 1, 1, 1, 1, 1, 1, 1, 1]
	278980	168579	146116	4	M	49	A		-1	1771.27231189	[1, 1, 1, 1, 1, 1, 1, 1, 1, 1, 1, 1]
	194741	144798	96048	4	M	2	A		-1	1771.41370998	[1, 1, 1, 1, 1, 1, 1, 1, 1, 1, 1, 1]
	263563	172054	145246	4	M	98	A		-1	1771.60228566	[1, 1, 1, 1, 1, 1, 1, 1, 1, 1, 1, 1]
	277931	172054	153606	4	M	55	A		-1	1771.68477844	[1, 1, 1, 1, 1, 1, 1, 1, 1, 1, 1, 1]
	221006	172054	116038	4	M	1	A		-1	1772.49115042	[1, 1, 1, 1, 1, 1, 1, 1, 1, 1, 1, 1]
	229561	158882	193603	4	M	60	A		-1	1772.76526447	[1, 1, 1, 1, 1, 1, 1, 1, 1, 1, 1, 1]
	209687	146625	129429	4	M	74	A		-1	1773.32681418	[1, 1, 1, 1, 1, 0, 1, 1, 1, 1, 1, 1]
	206975	172798	162903	4	M	53	A		-1	1773.75330651	[1, 1, 1, 0, 1, 1, 1, 1, 1, 1, 1, 1]
	224021	135414	153148	4	M	73	A		-1	1774.45690935	[1, 1, 1, 1, 1, 1, 1, 1, 1, 1, 1, 1]
	254061	124981	149363	4	M	53	A		-1	1774.88463505	[1, 1, 1, 1, 1, 1, 1, 1, 1, 1, 1, 1]
	270916	168548	101468	4	M	86	A		-1	1774.89480888	[1, 1, 1, 1, 1, 1, 1, 1, 1, 1, 1, 1]
	205886	168580	160696	4	M	68	A		-1	1774.94805927	[1, 1, 1, 1, 0, 0, 1, 1, 1, 1, 1, 1]
	236692	123065	191862	4	M	3	A		-1	1775.80171809	[1, 1, 1, 1, 1, 1, 1, 1, 1, 1, 1, 1]
	229062	123065	124882	4	M	91	A		-1	1776.32949435	[1, 1, 1, 1, 1, 1, 1, 1, 1, 1, 1, 1]
	234217	172054	182454	4	M	7	A		-1	1776.36725891	[1, 1, 1, 1, 1, 1, 1, 1, 1, 1, 1, 1]
	264086	169270	192210	4	M	72	A		-1	1777.09974684	[1, 1, 1, 1, 1, 1, 1, 1, 1, 1, 1, 1]
	245856	124981	137695	4	M	55	A		-1	1777.51294983	[1, 1, 1, 1, 1, 1, 1, 1, 1, 1, 1, 1]
	222295	158882	74413	4	M	21	A		-1	1778.51108556	[1, 1, 1, 1, 1, 1, 1, 1, 1, 1, 1, 1]
	223865	169943	132746	4	M	86	A		-1	1778.54382185	[1, 1, 1, 1, 1, 1, 1, 0, 1, 1, 1, 1]
	224681	169036	185689	4	M	42	A		-1	1778.86312918	[1, 0, 0, 1, 1, 1, 1, 1, 1, 1, 1, 1]
	282701	168580	135720	4	M	77	A		-1	1779.12026887	[1, 1, 1, 1, 1, 1, 1, 1, 1, 1, 1, 1]
	241323	166360	124553	4	M	84	A		-1	1780.2109286	[1, 1, 1, 0, 1, 1, 1, 1, 1, 1, 1, 1]
	197392	175786	129335	4	M	71	A		-1	1780.32110461	[1, 1, 1, 1, 1, 1, 0, 1, 1, 1, 1, 1]
	254769	171433	140992	4	M	92	A		-1	1780.5431128	[1, 1, 1, 1, 1, 1, 1, 1, 1, 1, 1, 1]
	214840	181549	149779	4	M	76	A		-1	1780.70258896	[1, 1, 1, 1, 1, 1, 1, 1, 1, 1, 1, 1]
	244656	160857	111636	4	M	84	A		-1	1780.97916713	[1, 1, 1, 1, 1, 1, 1, 1, 1, 1, 1, 1]
	266979	172054	150645	4	M	16	A		-1	1781.60656109	[1, 1, 1, 1, 1, 1, 1, 1, 1, 1, 1, 1]
	275942	134983	98671	4	M	59	A		-1	1782.57143042	[1, 1, 1, 1, 1, 1, 1, 0, 1, 1, 1, 1]
	240161	172026	144451	4	M	53	A		-1	1782.72247035	[1, 1, 1, 1, 0, 1, 1, 1, 1, 1, 1, 1]
	205137	124261	150754	4	M	81	A		-1	1782.84198035	[1, 1, 1, 1, 1, 1, 1, 1, 1, 1, 1, 1]
	246715	128845	156011	4	M	50	A		-1	1782.88232172	[1, 1, 1, 1, 1, 1, 1, 1, 1, 1, 1, 1]
	278892	150278	183608	4	M	88	A		-1	1783.36406966	[1, 1, 1, 1, 1, 1, 1, 1, 1, 1, 1, 1]
	199101	152500	123518	4	M	65	A		-1	1783.40786104	[1, 1, 1, 1, 1, 1, 1, 0, 1, 1, 1, 1]
	229721	124261	160148	4	M	100	A		-1	1784.36835894	[1, 1, 1, 1, 1, 1, 1, 1, 1, 1, 1, 1]
	168579	85431	112752	3	M	74	A		-1	1784.69284606	[1, 1, 1, 1, 1, 1, 1, 1, 1, 1, 1, 1]
	247920	182286	153089	4	M	11	A		-1	1784.78010603	[1, 1, 1, 1, 1, 1, 1, 1, 1, 1, 1, 1]
	221034	158882	176012	4	M	66	A		-1	1784.971688	[1, 1, 1, 1, 1, 1, 1, 1, 1, 1, 1, 1]
	271907	166360	131884	4	M	94	A		-1	1785.21895042	[1, 0, 1, 1, 1, 1, 1, 1, 1, 1, 1, 1]
	262794	168579	164719	4	M	22	A		-1	1785.27387574	[1, 1, 1, 1, 1, 1, 1, 1, 1, 1, 1, 1]
	197310	169943	150090	4	M	77	A		-1	1785.69263917	[1, 1, 1, 1, 1, 1, 0, 1, 1, 1, 1, 1]
	263587	152500	59067	4	M	32	A		-1	1785.91842064	[1, 1, 1, 1, 1, 1, 1, 1, 1, 1, 1, 1]
	246093	163967	117546	4	M	89	A		-1	1786.20447014	[1, 1, 1, 1, 1, 1, 1, 1, 1, 1, 1, 1]
	246504	149178	123625	4	M	82	A		-1	1786.73950385	[1, 0, 1, 1, 1, 1, 1, 1, 1, 1, 1, 1]
	276392	152991	189288	4	M	75	A		-1	1787.0250795	[1, 1, 1, 1, 1, 1, 1, 1, 1, 1, 1, 0]
	211555	128744	190753	4	M	11	A		-1	1788.58019473	[1, 1, 1, 1, 1, 1, 1, 1, 1, 1, 1, 0]
	267280	128719	141554	4	M	40	A		-1	1789.00865655	[1, 1, 1, 1, 1, 1, 1, 1, 1, 1, 1, 1]
	274856	169036	168561	4	M	52	A		-1	1789.07850182	[1, 1, 0, 1, 1, 1, 1, 1, 1, 1, 1, 1]
	268930	169036	187736	4	M	46	A		-1	1789.08888778	[1, 0, 1, 1, 1, 1, 1, 1, 1, 1, 1, 1]
	223169	163967	127068	4	M	46	A		-1	1789.1519142	[1, 1, 1, 1, 1, 1, 1, 1, 1, 1, 1, 1]
	292666	128744	165757	4	M	49	A		-1	1790.53608468	[1, 1, 1, 1, 1, 1, 1, 1, 1, 1, 1, 1]
	197952	177042	74613	4	M	89	A		-1	1791.86726802	[1, 1, 1, 1, 1, 1, 1, 1, 1, 1, 1, 1]
	217910	169270	125159	4	M	89	A		-1	1792.78071838	[1, 1, 1, 1, 1, 1, 1, 1, 1, 1, 1, 0]
	248986	135414	110225	4	M	74	A		-1	1793.26982595	[1, 1, 1, 1, 1, 1, 1, 1, 1, 1, 1, 1]
	204856	124261	153702	4	M	54	A		-1	1793.60213998	[1, 1, 1, 1, 1, 1, 1, 1, 1, 1, 1, 1]
	271911	158882	118732	4	M	39	A		-1	1793.96963315	[1, 1, 1, 1, 1, 1, 1, 1, 1, 1, 1, 1]
	242016	123065	184570	4	M	14	A		-1	1794.04659515	[1, 1, 1, 1, 0, 1, 1, 1, 1, 1, 1, 1]
	220419	124261	97297	4	M	85	A		-1	1794.08865739	[1, 1, 1, 1, 1, 1, 1, 1, 1, 1, 1, 1]
	278636	167797	125904	4	M	20	A		-1	1795.32388058	[1, 1, 1, 1, 1, 1, 1, 1, 1, 1, 1, 1]
	277851	168579	156353	4	M	69	A		-1	1795.44002087	[1, 1, 1, 1, 1, 1, 1, 1, 1, 1, 1, 1]
	243096	172026	183961	4	M	66	A		-1	1795.56008596	[1, 1, 1, 1, 0, 1, 1, 1, 1, 1, 1, 1]
	202579	168580	181716	4	M	23	A		-1	1795.64262397	[1, 1, 1, 1, 0, 1, 1, 1, 1, 1, 1, 1]
	287787	168579	184650	4	M	60	A		-1	1796.40269028	[1, 1, 0, 0, 1, 1, 1, 1, 1, 1, 1, 1]
	208294	143319	137223	4	M	43	A		-1	1796.72409641	[1, 0, 1, 1, 1, 1, 1, 1, 1, 1, 1, 1]
	220862	172054	151396	4	M	73	A		-1	1797.14054054	[1, 1, 1, 1, 1, 1, 1, 1, 1, 1, 1, 1]
	286452	124261	101044	4	M	83	A		-1	1797.15147594	[1, 1, 1, 1, 1, 1, 1, 1, 1, 1, 1, 1]
	247841	124261	183505	4	M	26	A		-1	1797.15444481	[1, 1, 1, 1, 1, 1, 1, 1, 1, 1, 1, 1]
	234487	144798	191151	4	M	30	A		-1	1798.58472229	[1, 1, 1, 1, 1, 1, 1, 1, 1, 1, 1, 1]
	250674	128845	165053	4	M	36	A		-1	1798.59392058	[1, 1, 1, 1, 1, 1, 1, 1, 1, 1, 1, 1]
	280458	159076	167423	4	M	92	A		-1	1798.92377392	[1, 1, 1, 1, 1, 1, 1, 1, 1, 1, 1, 1]
	267300	168548	188121	4	M	3	A		-1	1799.28137562	[1, 1, 1, 1, 1, 1, 1, 1, 1, 1, 1, 0]
	227264	172054	139273	4	M	85	A		-1	1799.4833417	[1, 1, 1, 1, 1, 1, 1, 1, 1, 1, 1, 1]
	262535	168580	185942	4	M	95	A		-1	1800.35252489	[1, 1, 1, 1, 1, 1, 1, 1, 1, 1, 1, 1]
	226117	169270	144778	4	M	73	A		-1	1800.4797424	[1, 1, 1, 1, 1, 1, 1, 1, 1, 1, 1, 0]
	242179	168580	132563	4	M	40	A		-1	1800.9976096	[1, 1, 1, 1, 1, 0, 1, 1, 1, 1, 1, 1]
	203776	168580	179712	4	M	77	A		-1	1802.13390922	[1, 1, 1, 1, 0, 1, 1, 1, 1, 1, 1, 1]
	200366	124261	135011	4	M	73	A		-1	1802.39442815	[1, 1, 1, 1, 1, 1, 1, 1, 1, 1, 1, 1]
	251399	168580	88153	4	M	52	A		-1	1804.46678573	[1, 1, 1, 1, 0, 1, 1, 1, 1, 1, 1, 1]
	230750	193066	186640	4	M	24	A		-1	1805.09382686	[1, 1, 1, 1, 1, 1, 1, 1, 1, 1, 1, 1]
	270189	172054	162743	4	M	28	A		-1	1805.51262714	[1, 1, 1, 1, 1, 1, 1, 1, 1, 1, 1, 1]
	274514	168579	194068	4	M	17	A		-1	1805.71033497	[1, 1, 1, 1, 1, 1, 1, 1, 1, 1, 1, 1]
	283279	172527	157443	4	M	26	A		-1	1805.80229588	[1, 1, 1, 1, 1, 1, 0, 1, 1, 1, 1, 1]
	240102	127344	164663	4	M	1	A		-1	1806.11343197	[1, 1, 1, 1, 1, 1, 1, 1, 1, 1, 1, 1]
	216993	128744	186750	4	M	86	A		-1	1806.2455016	[1, 1, 1, 1, 1, 1, 1, 1, 1, 1, 1, 1]
	226695	168579	134096	4	M	33	A		-1	1807.34472999	[1, 0, 1, 1, 1, 1, 1, 1, 1, 1, 1, 1]
	233933	172026	184417	4	M	33	A		-1	1807.3652848	[1, 1, 1, 1, 1, 1, 1, 1, 1, 1, 1, 1]
	172054	93537	95296	3	M	93	A		-1	1807.59239003	[1, 1, 1, 1, 1, 1, 1, 1, 1, 1, 1, 1]
	230112	124981	181628	4	M	9	A		-1	1808.19881658	[1, 1, 1, 0, 1, 1, 1, 1, 1, 1, 1, 1]
	248245	168579	190333	4	M	47	A		-1	1808.21911708	[1, 1, 1, 1, 1, 1, 1, 1, 1, 1, 1, 1]
	218738	172798	152011	4	M	66	A		-1	1808.24011796	[1, 1, 1, 1, 1, 1, 1, 1, 1, 1, 1, 1]
	196262	150278	128069	4	M	5	A		-1	1808.90661739	[1, 1, 1, 1, 1, 1, 1, 1, 1, 1, 1, 1]
	235005	128719	94695	4	M	16	A		-1	1809.02077085	[1, 1, 1, 1, 1, 1, 1, 1, 1, 1, 1, 1]
	252006	127344	127130	4	M	9	A		-1	1809.59874063	[1, 1, 1, 1, 1, 1, 1, 1, 1, 1, 1, 1]
	248357	128845	124480	4	M	24	A		-1	1809.93230263	[1, 1, 1, 1, 1, 0, 1, 1, 1, 1, 1, 1]
	261904	177042	144809	4	M	95	A		-1	1810.22358309	[1, 1, 1, 1, 1, 1, 1, 1, 1, 1, 1, 1]
	230143	180844	147007	4	M	22	A		-1	1810.22887125	[1, 1, 1, 1, 1, 1, 1, 1, 1, 1, 1, 1]
	219247	172054	141579	4	M	7	A		-1	1810.56197033	[1, 1, 1, 1, 1, 1, 1, 1, 1, 1, 1, 1]
	201205	167797	83528	4	M	5	A		-1	1810.72512035	[1, 1, 1, 0, 1, 1, 1, 1, 1, 1, 1, 1]
	286743	169943	165271	4	M	41	A		-1	1811.13659855	[1, 1, 1, 1, 1, 1, 0, 1, 1, 1, 1, 1]
	203821	152500	176873	4	M	2	A		-1	1811.37844689	[1, 1, 1, 1, 1, 1, 1, 1, 1, 1, 1, 1]
	218470	185814	149501	4	M	59	A		-1	1811.84483221	[1, 1, 1, 1, 1, 1, 1, 1, 1, 1, 1, 1]
	263183	169270	148437	4	M	18	A		-1	1811.97235974	[0, 1, 1, 1, 1, 1, 1, 1, 1, 1, 1, 0]
	286456	168579	162784	4	M	8	A		-1	1812.03615068	[1, 1, 1, 1, 1, 1, 1, 1, 1, 1, 1, 1]
	270136	178788	154157	4	M	1	A		-1	1812.44685748	[1, 1, 1, 0, 1, 1, 1, 1, 1, 1, 1, 1]
	214964	124261	83246	4	M	33	A		-1	1813.13765001	[1, 1, 1, 1, 1, 1, 1, 1, 1, 1, 1, 1]
	259512	172026	112571	4	M	79	A		-1	1813.37862053	[1, 1, 1, 1, 1, 1, 1, 1, 1, 1, 1, 1]
	208614	172026	127987	4	M	4	A		-1	1815.68396282	[1, 1, 1, 1, 0, 1, 1, 1, 1, 1, 1, 1]
	277224	168548	106481	4	M	92	A		-1	1816.08822972	[1, 1, 1, 1, 1, 1, 1, 1, 1, 1, 1, 1]
	202315	163967	188697	4	M	65	A		-1	1816.66517529	[1, 1, 1, 1, 1, 1, 1, 1, 1, 1, 1, 1]
	205758	181549	157194	4	M	76	A		-1	1818.89522469	[1, 1, 1, 1, 1, 1, 1, 1, 1, 1, 1, 1]
	283362	178788	141081	4	M	35	A		-1	1819.77860676	[1, 1, 1, 1, 1, 1, 1, 1, 1, 1, 1, 1]
	227150	167797	129454	4	M	16	A		-1	1820.43228768	[1, 1, 1, 1, 1, 1, 1, 1, 1, 1, 1, 1]
	201409	166360	181896	4	M	78	A		-1	1820.91428294	[1, 1, 1, 1, 1, 1, 1, 1, 1, 1, 1, 1]
	220329	166044	128194	4	M	38	A		-1	1821.75431632	[1, 1, 1, 1, 1, 1, 1, 1, 1, 1, 1, 1]
	277080	128719	183084	4	M	86	A		-1	1821.9327607	[1, 1, 1, 1, 1, 1, 1, 0, 1, 1, 1, 1]
	252684	168548	159001	4	M	4	A		-1	1823.08205595	[1, 1, 1, 1, 1, 1, 1, 1, 1, 1, 1, 1]
	292588	182286	151468	4	M	51	A		-1	1824.03657161	[1, 1, 1, 0, 1, 1, 1, 1, 1, 1, 1, 1]
	258344	128744	190768	4	M	13	A		-1	1824.52124674	[1, 1, 1, 1, 1, 0, 1, 1, 1, 1, 1, 1]
	240150	158882	126075	4	M	96	A		-1	1825.4034531	[1, 1, 1, 1, 1, 1, 1, 1, 1, 1, 1, 1]
	274152	192147	44357	4	M	52	A		-1	1825.64033105	[1, 1, 1, 1, 0, 1, 1, 1, 1, 1, 1, 1]
	264837	168580	129038	4	M	80	A		-1	1825.71337434	[1, 1, 1, 1, 1, 1, 1, 1, 1, 1, 1, 1]
	236082	168579	135457	4	M	48	A		-1	1826.07190912	[1, 1, 1, 1, 1, 0, 1, 1, 1, 1, 1, 1]
	196494	185814	123447	4	M	29	A		-1	1827.50724823	[1, 1, 1, 1, 1, 1, 1, 1, 1, 1, 1, 1]
	205523	172527	51591	4	M	64	A		-1	1827.86561741	[1, 1, 1, 1, 1, 1, 1, 1, 1, 1, 1, 1]
	219049	181549	187392	4	M	41	A		-1	1828.29735308	[1, 1, 1, 1, 1, 1, 1, 0, 1, 1, 1, 1]
	263070	123065	191176	4	M	62	A		-1	1828.99994171	[1, 0, 1, 1, 1, 1, 1, 1, 1, 1, 1, 0]
	255847	172054	150064	4	M	47	A		-1	1829.43806105	[1, 1, 1, 1, 1, 1, 1, 1, 1, 1, 1, 1]
	213153	134983	134377	4	M	79	A		-1	1831.06389523	[1, 1, 1, 1, 1, 1, 1, 1, 1, 1, 1, 1]
	208660	168580	84078	4	M	37	A		-1	1831.15837296	[1, 1, 1, 1, 0, 1, 1, 1, 1, 1, 1, 1]
	261063	135414	186960	4	M	100	A		-1	1831.55877603	[1, 1, 1, 1, 1, 1, 1, 1, 1, 1, 1, 1]
	245968	158882	132161	4	M	64	A		-1	1832.93894145	[1, 1, 1, 1, 1, 1, 1, 1, 1, 1, 1, 1]
	216429	163967	135269	4	M	5	A		-1	1833.05594883	[1, 1, 1, 1, 1, 1, 1, 1, 1, 1, 1, 1]
	217962	168579	167935	4	M	32	A		-1	1834.21441877	[1, 1, 1, 1, 1, 1, 1, 1, 1, 1, 1, 1]
	230879	123065	126718	4	M	52	A		-1	1834.27395412	[1, 1, 1, 1, 1, 1, 1, 1, 1, 1, 1, 1]
	290360	172054	156649	4	M	62	A		-1	1834.39420544	[1, 1, 1, 1, 1, 1, 1, 1, 1, 1, 1, 1]
	241149	168579	185727	4	M	17	A		-1	1834.48684275	[1, 1, 1, 1, 1, 1, 1, 1, 1, 1, 1, 0]
	216667	178788	144125	4	M	59	A		-1	1835.12415121	[1, 1, 1, 1, 1, 1, 1, 1, 1, 1, 1, 1]
	232633	152500	155572	4	M	78	A		-1	1835.37305162	[1, 1, 1, 1, 1, 1, 1, 1, 1, 1, 1, 1]
	264817	177483	179896	4	M	69	A		-1	1835.9646116	[0, 1, 1, 1, 1, 1, 1, 1, 1, 1, 1, 1]
	234606	168579	129674	4	M	86	A		-1	1836.27366693	[1, 1, 1, 1, 1, 1, 1, 1, 1, 1, 1, 1]
	242957	159479	175149	4	M	77	A		-1	1837.649019	[1, 1, 1, 1, 1, 1, 1, 1, 1, 1, 1, 1]
	253912	143319	146088	4	M	71	A		-1	1838.03985817	[1, 1, 1, 1, 1, 1, 1, 1, 1, 1, 1, 1]
	276061	192147	193468	4	M	18	A		-1	1838.30196188	[1, 1, 1, 1, 1, 1, 1, 1, 1, 1, 1, 1]
	283896	185814	115164	4	M	37	A		-1	1838.92530913	[1, 1, 1, 1, 1, 1, 1, 1, 1, 1, 1, 1]
	199022	146625	131735	4	M	5	A		-1	1839.77147644	[1, 1, 1, 1, 1, 1, 1, 0, 1, 1, 1, 1]
	279161	181549	171882	4	M	98	A		-1	1840.42308652	[1, 1, 1, 1, 1, 1, 1, 0, 1, 1, 1, 0]
	259180	172054	179069	4	M	28	A		-1	1841.44720371	[1, 1, 1, 1, 1, 1, 1, 1, 1, 1, 1, 1]
	292825	172798	145619	4	M	76	A		-1	1841.69082334	[1, 1, 1, 1, 1, 1, 1, 1, 1, 1, 1, 1]
	227839	168248	134207	4	M	61	A		-1	1842.76749833	[1, 1, 1, 1, 1, 1, 1, 1, 1, 1, 1, 1]
	197773	124261	190408	4	M	96	A		-1	1845.54913188	[1, 1, 1, 1, 1, 1, 1, 1, 1, 1, 1, 1]
	243162	134983	165388	4	M	29	A		-1	1845.84833618	[1, 1, 1, 1, 1, 1, 1, 1, 1, 1, 1, 0]
	222199	128719	141746	4	M	21	A		-1	1846.74998967	[1, 1, 1, 1, 1, 1, 1, 1, 1, 1, 1, 1]
	233244	168579	176779	4	M	56	A		-1	1847.43347187	[0, 1, 1, 1, 1, 1, 1, 1, 1, 1, 1, 1]
	236031	159076	132272	4	M	92	A		-1	1848.34995879	[1, 1, 1, 1, 1, 1, 1, 1, 1, 1, 1, 1]
	265367	159076	159904	4	M	54	A		-1	1850.38554339	[1, 1, 1, 1, 1, 1, 1, 1, 1, 1, 1, 1]
	200378	150278	123620	4	M	36	A		-1	1853.20526198	[1, 1, 1, 1, 1, 1, 1, 1, 1, 1, 1, 1]
	282684	173700	187531	4	M	32	A		-1	1853.68552721	[1, 1, 1, 1, 1, 1, 1, 1, 1, 1, 1, 1]
	228151	135414	161177	4	M	74	A		-1	1853.71534757	[1, 1, 1, 1, 1, 1, 1, 1, 1, 1, 1, 1]
	240184	181549	124015	4	M	11	A		-1	1855.02181649	[1, 1, 1, 1, 1, 1, 1, 0, 1, 1, 1, 0]
	235633	182286	185452	4	M	40	A		-1	1855.29794139	[1, 1, 1, 0, 1, 1, 1, 1, 1, 1, 1, 1]
	255003	158882	165055	4	M	1	A		-1	1855.41637621	[1, 1, 1, 1, 1, 1, 1, 1, 1, 1, 1, 1]
	250851	169036	174268	4	M	4	A		-1	1855.98547648	[1, 1, 0, 1, 1, 1, 1, 1, 1, 1, 1, 1]
	242584	172798	157586	4	M	56	A		-1	1856.93859488	[1, 1, 1, 1, 1, 1, 1, 1, 1, 1, 1, 1]
	206089	150278	166259	4	M	55	A		-1	1857.50089707	[1, 1, 1, 1, 1, 1, 1, 1, 1, 1, 1, 1]
	230051	169943	174656	4	M	9	A		-1	1857.63279632	[1, 1, 1, 1, 1, 1, 1, 0, 1, 1, 1, 1]
	222097	153513	125832	4	M	14	A		-1	1859.01955772	[1, 1, 1, 1, 1, 1, 1, 1, 1, 1, 1, 1]
	198671	166360	151190	4	M	88	A		-1	1859.4810892	[1, 1, 1, 1, 1, 1, 0, 1, 1, 1, 1, 1]
	227703	193066	163099	4	M	35	A		-1	1860.27138853	[1, 1, 1, 1, 1, 1, 1, 1, 1, 1, 1, 1]
	257391	150278	141425	4	M	27	A		-1	1861.00335286	[1, 1, 1, 1, 1, 1, 1, 1, 1, 1, 1, 1]
	228709	150278	152032	4	M	0	A		-1	1862.68011505	[1, 1, 1, 1, 1, 1, 1, 1, 1, 1, 1, 1]
	222987	171433	190525	4	M	46	A		-1	1862.8591003	[1, 1, 1, 1, 1, 1, 1, 1, 1, 1, 1, 1]
	237516	159076	185513	4	M	81	A		-1	1862.99571753	[1, 1, 1, 1, 1, 1, 1, 0, 1, 1, 1, 0]
	239239	159076	192148	4	M	46	A		-1	1866.78190762	[1, 1, 1, 1, 1, 1, 1, 1, 1, 1, 1, 1]
	201898	168580	144138	4	M	4	A		-1	1869.90534456	[1, 1, 1, 1, 1, 0, 1, 1, 1, 1, 1, 0]
	245521	181549	153936	4	M	43	A		-1	1874.62546156	[1, 1, 1, 1, 1, 1, 1, 0, 1, 1, 1, 1]
	282675	123065	138726	4	M	3	A		-1	1875.52288554	[1, 1, 1, 1, 1, 1, 1, 1, 1, 1, 1, 1]
	253832	159479	180002	4	M	50	A		-1	1876.9436517	[1, 1, 1, 1, 1, 1, 1, 1, 1, 1, 1, 1]
	276185	166360	170276	4	M	1	A		-1	1878.05571265	[1, 1, 1, 0, 1, 1, 1, 1, 1, 1, 1, 1]
	279879	152991	169958	4	M	82	A		-1	1880.16322095	[1, 1, 1, 1, 1, 1, 1, 1, 1, 1, 1, 1]
	228430	171433	192569	4	M	65	A		-1	1880.68552462	[1, 1, 1, 1, 1, 1, 1, 1, 1, 1, 1, 1]
	275573	172026	156933	4	M	100	A		-1	1881.48782411	[1, 1, 1, 1, 1, 1, 1, 1, 1, 1, 1, 1]
	219014	153513	170967	4	M	11	A		-1	1882.65377122	[1, 1, 1, 1, 1, 1, 0, 1, 1, 1, 1, 1]
	248100	128744	179766	4	M	75	A		-1	1883.3770236	[1, 1, 1, 1, 1, 1, 1, 1, 1, 1, 1, 1]
	281449	169943	155492	4	M	86	A		-1	1885.69982698	[1, 1, 1, 1, 1, 1, 0, 0, 1, 1, 1, 0]
	223119	150278	166348	4	M	41	A		-1	1885.78745245	[1, 1, 1, 1, 1, 1, 1, 1, 1, 1, 1, 1]
	279908	168579	192548	4	M	33	A		-1	1887.22773085	[1, 1, 1, 1, 1, 1, 1, 1, 1, 1, 1, 1]
	195243	175786	110310	4	M	41	A		-1	1889.86593618	[1, 1, 1, 1, 1, 1, 1, 1, 1, 1, 1, 1]
	225374	153513	138165	4	M	68	A		-1	1889.90514199	[1, 0, 1, 1, 1, 1, 1, 1, 1, 1, 1, 1]
	228210	171433	149033	4	M	90	A		-1	1891.52285761	[1, 1, 1, 1, 1, 1, 1, 1, 1, 1, 1, 1]
	283716	172879	128444	4	M	77	A		-1	1891.84922261	[1, 1, 1, 1, 1, 1, 1, 1, 1, 1, 1, 1]
	200012	168580	152825	4	M	58	A		-1	1893.62975105	[1, 1, 1, 1, 1, 1, 1, 1, 1, 1, 1, 1]
	256214	169036	143182	4	M	3	A		-1	1894.2533015	[1, 1, 1, 1, 1, 1, 1, 1, 1, 1, 1, 1]
	226764	185814	106021	4	M	69	A		-1	1896.20259351	[1, 1, 1, 1, 1, 1, 1, 1, 1, 1, 1, 1]
	250767	158882	144680	4	M	45	A		-1	1897.13180074	[1, 1, 1, 1, 1, 1, 1, 1, 1, 1, 1, 1]
	271701	159479	170929	4	M	23	A		-1	1900.79328362	[1, 1, 1, 1, 1, 1, 1, 1, 1, 1, 1, 1]
	214492	168548	137312	4	M	19	A		-1	1901.18495838	[1, 1, 1, 1, 1, 1, 1, 1, 1, 1, 1, 1]
	194907	124261	188090	4	M	1	A		-1	1901.35541804	[1, 1, 1, 1, 1, 1, 1, 1, 1, 1, 1, 1]
	196858	128719	154807	4	M	11	A		-1	1903.50627981	[1, 1, 1, 1, 1, 1, 1, 1, 1, 1, 1, 1]
	264286	172026	140604	4	M	72	A		-1	1904.32915142	[1, 1, 1, 1, 0, 1, 1, 1, 1, 1, 1, 1]
	201719	163967	137622	4	M	6	A		-1	1904.42684855	[1, 1, 1, 1, 1, 1, 1, 1, 1, 1, 1, 1]
	287586	178788	150002	4	M	37	A		-1	1906.54664359	[1, 1, 1, 1, 1, 1, 1, 1, 1, 1, 1, 1]
	285325	163967	152098	4	M	75	A		-1	1908.5520158	[1, 1, 1, 1, 1, 1, 1, 1, 1, 1, 1, 1]
	239076	192147	140647	4	M	90	A		-1	1908.74773151	[1, 1, 1, 1, 1, 1, 1, 1, 1, 1, 1, 1]
	232599	184240	178950	4	M	82	A		-1	1911.12011124	[1, 1, 1, 1, 1, 1, 1, 1, 1, 1, 1, 1]
	228885	181549	86280	4	M	82	A		-1	1916.36948861	[1, 1, 1, 1, 1, 1, 1, 0, 1, 1, 1, 1]
	213962	152500	186747	4	M	33	A		-1	1917.06643277	[1, 1, 1, 1, 1, 1, 1, 1, 1, 1, 1, 1]
	217414	166044	179639	4	M	68	A		-1	1920.21220312	[1, 1, 1, 1, 1, 1, 1, 1, 1, 1, 1, 1]
	225195	128845	166954	4	M	26	A		-1	1928.28628365	[0, 1, 1, 1, 1, 1, 1, 1, 1, 1, 1, 1]
	216236	152500	150440	4	M	50	A		-1	1928.9695445	[1, 1, 1, 1, 1, 1, 1, 1, 1, 1, 1, 1]
	272825	124981	182503	4	M	25	A		-1	1929.45831887	[1, 1, 1, 1, 1, 1, 1, 1, 1, 1, 1, 1]
	233493	152500	161270	4	M	61	A		-1	1932.70865805	[1, 1, 1, 1, 1, 1, 1, 1, 1, 1, 1, 1]
	248120	178788	129230	4	M	16	A		-1	1933.02800716	[1, 1, 1, 1, 1, 1, 1, 1, 1, 1, 1, 1]
	242325	172054	192162	4	M	18	A		-1	1933.15412081	[1, 1, 1, 1, 0, 1, 1, 1, 1, 1, 1, 1]
	244829	172798	163467	4	M	63	A		-1	1938.73371542	[1, 1, 1, 1, 1, 1, 1, 1, 1, 1, 1, 1]
	199665	168579	184572	4	M	41	A		-1	1950.62610866	[1, 1, 1, 1, 1, 1, 1, 1, 1, 1, 1, 1]
	258931	168548	174745	4	M	35	A		-1	1951.24334766	[1, 1, 1, 1, 1, 1, 1, 1, 1, 1, 1, 1]
	246087	128845	156267	4	M	12	A		-1	1954.5645944	[1, 1, 1, 1, 1, 1, 1, 1, 1, 1, 1, 1]
	277995	192147	147514	4	M	80	A		-1	1958.11341672	[1, 1, 1, 1, 1, 1, 1, 1, 1, 1, 1, 1]
	276491	168548	146199	4	M	75	A		-1	1960.02827796	[1, 1, 1, 1, 1, 1, 0, 1, 1, 1, 1, 1]
	232757	172527	176570	4	M	65	A		-1	1961.99792978	[1, 1, 1, 1, 1, 1, 1, 1, 1, 1, 1, 1]
	290655	143319	166120	4	M	24	A		-1	1963.29398513	[1, 1, 1, 1, 1, 1, 1, 1, 1, 1, 1, 1]
	208512	166044	109966	4	M	5	A		-1	1967.82683314	[1, 1, 1, 1, 1, 1, 1, 1, 1, 1, 1, 1]
	269311	124981	154532	4	M	61	A		-1	1979.36770749	[1, 1, 1, 0, 1, 1, 1, 1, 1, 1, 1, 1]
	271449	124981	172516	4	M	1	A		-1	1980.73098108	[1, 1, 1, 0, 1, 1, 1, 1, 1, 1, 1, 1]
	263430	150278	162796	4	M	80	A		-1	1986.78537917	[1, 1, 1, 1, 1, 1, 1, 1, 1, 1, 1, 1]
	254462	152500	160521	4	M	85	A		-1	1986.79463587	[1, 1, 1, 1, 1, 1, 1, 1, 1, 1, 1, 1]
	217582	168248	128212	4	M	69	A		-1	1988.43938166	[1, 1, 1, 1, 1, 1, 1, 1, 1, 1, 1, 1]
	229361	135414	141531	4	M	97	A		-1	1994.84106132	[1, 1, 1, 1, 1, 1, 1, 1, 1, 1, 1, 1]
	266872	169270	161699	4	M	97	A		-1	2008.25061198	[1, 1, 1, 1, 1, 1, 1, 1, 1, 1, 1, 1]
	232253	172527	173578	4	M	67	A		-1	2008.81188118	[1, 1, 1, 1, 1, 1, 1, 1, 1, 1, 1, 1]
	248540	185814	188102	4	M	75	A		-1	2029.10540347	[1, 1, 1, 1, 1, 1, 1, 0, 1, 1, 1, 1]
	251662	172054	174953	4	M	58	A		-1	2031.05611244	[1, 1, 1, 1, 1, 1, 1, 1, 1, 1, 1, 1]
	259561	158882	174423	4	M	81	A		-1	2051.14290909	[1, 1, 1, 1, 1, 1, 1, 1, 1, 1, 1, 1]
	268029	182286	163335	4	M	6	A		-1	2060.94316776	[0, 1, 1, 0, 1, 1, 1, 1, 1, 1, 1, 1]
	286849	184240	125527	4	M	14	A		-1	2076.51043083	[1, 1, 1, 1, 1, 1, 1, 1, 1, 1, 1, 1]
	239303	152991	189729	4	M	58	A		-1	2087.09899178	[1, 1, 1, 1, 1, 1, 1, 1, 1, 1, 1, 1]
