animal	sire	dam	born	sex	herd	status	cause	died	TBV	recessives
	1499715	1435198	1482665	17	M	66	A		-1	5440.11405315	[1, 1, 1, 1, 1, 1, 1, 1, 1, 1, 1, 1]
	1574974	1466867	1468301	17	M	61	A		-1	5440.17746714	[1, 1, 1, 1, 1, 1, 1, 1, 1, 1, 1, 1]
	1499971	1403650	1447625	17	M	14	A		-1	5440.20117461	[1, 1, 1, 1, 1, 1, 1, 1, 1, 1, 1, 1]
	1412535	1307648	1313347	16	M	48	A		-1	5441.15783842	[1, 1, 1, 1, 1, 1, 1, 1, 1, 1, 1, 1]
	1415560	1328268	1310686	16	M	24	A		-1	5441.69885086	[1, 1, 1, 1, 1, 1, 1, 1, 1, 1, 1, 1]
	1539800	1490806	1388491	17	M	62	A		-1	5441.76974713	[1, 1, 1, 1, 1, 1, 1, 1, 1, 1, 1, 1]
	1540205	1466867	1430318	17	M	57	A		-1	5441.96637036	[1, 1, 1, 1, 1, 1, 1, 1, 1, 1, 1, 1]
	1509057	1480730	1338796	17	M	36	A		-1	5442.01626189	[1, 1, 1, 1, 1, 1, 1, 1, 1, 1, 1, 1]
	1574347	1430680	1394832	17	M	84	A		-1	5442.02677486	[1, 1, 1, 1, 1, 1, 1, 1, 1, 1, 1, 1]
	1586011	1401297	1449172	17	M	27	A		-1	5442.12343639	[1, 1, 1, 1, 1, 1, 1, 1, 1, 1, 1, 1]
	1556492	1466921	1484718	17	M	77	A		-1	5442.20171818	[1, 1, 1, 1, 1, 1, 1, 1, 1, 1, 1, 1]
	1490806	1244077	1338035	16	M	68	A		-1	5442.25403272	[1, 1, 1, 1, 1, 1, 1, 1, 1, 1, 1, 1]
	1452791	1366875	1325280	16	M	91	A		-1	5442.56510096	[1, 1, 1, 1, 1, 1, 1, 1, 1, 1, 1, 1]
	1577715	1415320	1414968	17	M	50	A		-1	5443.23083653	[1, 1, 1, 0, 1, 1, 1, 1, 1, 1, 1, 1]
	1532534	1471326	1413522	17	M	81	A		-1	5443.59344258	[1, 1, 1, 1, 1, 1, 1, 1, 1, 1, 1, 1]
	1543623	1407096	1436045	17	M	8	A		-1	5443.73656468	[0, 1, 1, 1, 1, 1, 1, 1, 1, 1, 1, 1]
	1505175	1435198	1424827	17	M	60	A		-1	5443.79030524	[1, 1, 1, 1, 1, 1, 1, 1, 1, 1, 1, 1]
	1529916	1415560	1460070	17	M	84	A		-1	5443.97812247	[1, 1, 1, 1, 1, 1, 1, 1, 1, 1, 1, 1]
	1564429	1408717	1414282	17	M	99	A		-1	5444.17091344	[1, 1, 1, 1, 1, 1, 1, 1, 1, 1, 1, 1]
	1533616	1408717	1471922	17	M	66	A		-1	5444.41876759	[1, 1, 1, 0, 1, 1, 1, 1, 1, 1, 1, 1]
	1542048	1477243	1332139	17	M	62	A		-1	5444.64751072	[1, 1, 1, 0, 1, 1, 1, 1, 1, 1, 1, 1]
	1530631	1407096	1486280	17	M	47	A		-1	5445.03589286	[0, 1, 1, 1, 1, 1, 1, 1, 1, 1, 1, 1]
	1562954	1458147	1393071	17	M	35	A		-1	5445.12670965	[1, 1, 1, 1, 1, 1, 1, 1, 1, 1, 1, 1]
	1567884	1435198	1472096	17	M	1	A		-1	5445.24755551	[1, 1, 1, 1, 1, 1, 1, 1, 1, 1, 1, 1]
	1565473	1438013	1424505	17	M	63	A		-1	5445.31328143	[1, 1, 1, 1, 1, 1, 1, 1, 1, 1, 1, 1]
	1535084	1490197	1463755	17	M	84	A		-1	5445.53390661	[1, 1, 1, 1, 1, 1, 1, 1, 1, 1, 1, 1]
	1529295	1422335	1488804	17	M	33	A		-1	5445.62602695	[1, 1, 1, 1, 1, 1, 1, 1, 1, 1, 1, 1]
	1579032	1446301	1315084	17	M	17	A		-1	5445.95213843	[1, 1, 1, 1, 1, 1, 1, 1, 1, 1, 1, 1]
	1503334	1406733	1467344	17	M	97	A		-1	5445.99945902	[1, 1, 1, 1, 1, 1, 1, 1, 1, 1, 1, 1]
	1551712	1403650	1479656	17	M	9	A		-1	5446.03434207	[1, 1, 1, 1, 1, 1, 1, 1, 1, 1, 1, 1]
	1503249	1407591	1449759	17	M	0	A		-1	5446.208367	[1, 1, 1, 1, 1, 1, 1, 1, 1, 1, 1, 1]
	1561221	1435118	1418507	17	M	87	A		-1	5446.40171234	[1, 1, 1, 1, 1, 1, 1, 1, 1, 1, 1, 1]
	1567166	1412535	1377079	17	M	68	A		-1	5446.80444546	[1, 1, 1, 1, 1, 1, 1, 1, 1, 1, 1, 1]
	1507950	1427748	1396467	17	M	80	A		-1	5446.95063482	[1, 1, 1, 1, 1, 1, 1, 1, 1, 1, 1, 1]
	1546965	1490197	1455360	17	M	2	A		-1	5447.02220314	[1, 1, 1, 1, 1, 1, 1, 1, 1, 1, 1, 1]
	1518994	1422335	1366535	17	M	69	A		-1	5447.53556752	[1, 1, 1, 1, 1, 1, 1, 1, 1, 1, 1, 1]
	1516816	1451620	1429357	17	M	12	A		-1	5447.63337622	[1, 1, 1, 1, 1, 1, 1, 1, 1, 1, 1, 1]
	1588192	1421600	1435762	17	M	49	A		-1	5447.77247265	[1, 1, 1, 1, 1, 1, 1, 1, 1, 1, 1, 1]
	1576163	1408717	1483688	17	M	23	A		-1	5448.12003646	[1, 1, 1, 1, 1, 1, 1, 1, 1, 1, 1, 1]
	1523553	1413570	1414956	17	M	36	A		-1	5448.33362903	[1, 1, 1, 1, 1, 1, 1, 1, 1, 0, 1, 1]
	1573022	1422335	1429137	17	M	28	A		-1	5448.50926079	[1, 1, 1, 1, 1, 1, 1, 1, 1, 1, 1, 1]
	1573717	1475107	1436537	17	M	39	A		-1	5448.52861156	[1, 1, 1, 1, 1, 1, 1, 1, 1, 1, 1, 1]
	1553815	1432774	1404181	17	M	40	A		-1	5448.54969385	[1, 1, 1, 1, 1, 1, 1, 1, 1, 1, 1, 1]
	1535646	1422379	1408237	17	M	4	A		-1	5448.57619459	[1, 1, 1, 1, 1, 1, 1, 1, 1, 1, 1, 1]
	1507584	1477243	1471749	17	M	21	A		-1	5448.58985038	[1, 1, 1, 0, 1, 1, 1, 1, 1, 1, 1, 1]
	1593245	1415320	1409456	17	M	42	A		-1	5448.7661047	[1, 1, 1, 1, 1, 1, 1, 1, 1, 1, 1, 1]
	1555378	1435198	1450021	17	M	20	A		-1	5448.78279684	[1, 1, 1, 1, 1, 1, 1, 1, 1, 1, 1, 1]
	1497016	1446301	1318197	17	M	52	A		-1	5449.23102202	[1, 1, 1, 1, 1, 1, 1, 1, 1, 1, 1, 1]
	1493949	1422379	1413625	17	M	63	A		-1	5449.47391912	[1, 1, 1, 1, 1, 1, 1, 1, 1, 1, 1, 1]
	1422379	1244077	1359710	16	M	50	A		-1	5449.48453669	[1, 1, 1, 1, 1, 1, 1, 1, 1, 1, 1, 1]
	1511292	1453696	1411599	17	M	87	A		-1	5449.86403327	[1, 1, 1, 0, 1, 1, 1, 1, 1, 1, 1, 1]
	1565232	1492227	1307168	17	M	94	A		-1	5450.39734091	[1, 1, 1, 1, 1, 1, 1, 1, 1, 1, 1, 1]
	1590403	1431318	1431518	17	M	49	A		-1	5450.45342873	[1, 1, 1, 1, 1, 1, 1, 1, 1, 1, 1, 1]
	1585238	1430680	1422531	17	M	11	A		-1	5450.77678976	[1, 1, 1, 1, 1, 1, 1, 1, 1, 1, 1, 1]
	1495869	1475107	1379434	17	M	54	A		-1	5450.86066331	[1, 1, 1, 1, 1, 1, 1, 1, 1, 1, 1, 1]
	1582612	1451620	1395879	17	M	60	A		-1	5450.96679916	[1, 1, 1, 1, 1, 1, 1, 1, 1, 1, 1, 1]
	1567970	1458147	1488353	17	M	76	A		-1	5451.33034253	[1, 1, 1, 0, 1, 1, 1, 1, 1, 1, 1, 1]
	1505740	1396197	1433238	17	M	15	A		-1	5451.77248545	[0, 1, 1, 1, 1, 1, 1, 1, 1, 1, 1, 1]
	1557125	1446301	1483573	17	M	15	A		-1	5451.975317	[1, 1, 1, 1, 1, 1, 0, 1, 1, 1, 1, 1]
	1519322	1415560	1453736	17	M	20	A		-1	5452.16311276	[1, 1, 1, 1, 1, 1, 1, 1, 1, 1, 1, 1]
	1480474	1366875	1372066	16	M	0	A		-1	5452.50048114	[1, 1, 1, 1, 1, 1, 1, 1, 1, 1, 1, 1]
	1511707	1456859	1490936	17	M	89	A		-1	5452.55274455	[1, 1, 1, 1, 1, 1, 1, 1, 1, 1, 1, 1]
	1539819	1466921	1437711	17	M	47	A		-1	5452.59515321	[1, 1, 1, 1, 1, 1, 1, 1, 1, 1, 1, 1]
	1587207	1456735	1447252	17	M	4	A		-1	5453.3398301	[1, 1, 1, 1, 1, 1, 1, 1, 1, 1, 1, 1]
	1590660	1396197	1395845	17	M	100	A		-1	5453.3751321	[0, 1, 1, 1, 1, 1, 1, 1, 1, 1, 1, 1]
	1504460	1441432	1479005	17	M	89	A		-1	5453.49242124	[1, 1, 1, 1, 1, 1, 1, 1, 1, 1, 1, 1]
	1514695	1446301	1487251	17	M	32	A		-1	5453.50791749	[1, 1, 1, 1, 1, 1, 1, 1, 1, 1, 1, 1]
	1561589	1453696	1411351	17	M	93	A		-1	5454.16215138	[1, 1, 1, 1, 1, 1, 1, 1, 1, 1, 1, 1]
	1535632	1415320	1457922	17	M	96	A		-1	5454.23117308	[1, 1, 1, 1, 1, 1, 1, 1, 1, 1, 1, 1]
	1587277	1407096	1412144	17	M	57	A		-1	5454.42078685	[1, 1, 1, 1, 1, 1, 1, 1, 1, 1, 1, 1]
	1503489	1412535	1446987	17	M	20	A		-1	5454.6994802	[1, 1, 1, 1, 1, 1, 1, 1, 1, 1, 1, 1]
	1583273	1458147	1445467	17	M	61	A		-1	5454.82420005	[1, 1, 1, 1, 1, 1, 1, 1, 1, 1, 1, 1]
	1534412	1477243	1451619	17	M	19	A		-1	5454.87331853	[1, 1, 1, 0, 1, 1, 1, 1, 1, 1, 1, 1]
	1521032	1407073	1357288	17	M	52	A		-1	5454.98429893	[1, 1, 1, 0, 1, 1, 1, 1, 1, 1, 1, 1]
	1561655	1435118	1488959	17	M	89	A		-1	5455.15715494	[1, 1, 1, 1, 1, 1, 1, 1, 1, 1, 1, 1]
	1520664	1480730	1473167	17	M	79	A		-1	5455.25768896	[1, 1, 0, 1, 1, 1, 1, 1, 1, 1, 1, 1]
	1494681	1407073	1443859	17	M	24	A		-1	5455.71957438	[1, 1, 1, 1, 1, 1, 1, 1, 1, 1, 1, 1]
	1567019	1458147	1328923	17	M	70	A		-1	5455.7421022	[1, 1, 1, 1, 1, 1, 1, 1, 1, 1, 1, 1]
	1530162	1466921	1420080	17	M	82	A		-1	5456.0692544	[1, 1, 1, 1, 1, 1, 1, 1, 1, 1, 1, 1]
	1540598	1480730	1435646	17	M	81	A		-1	5456.7969829	[1, 1, 0, 1, 1, 1, 1, 1, 1, 1, 1, 1]
	1507951	1428958	1424963	17	M	46	A		-1	5456.88443902	[1, 1, 1, 1, 1, 1, 1, 1, 1, 1, 1, 1]
	1529878	1475107	1471429	17	M	21	A		-1	5457.21027057	[1, 1, 1, 1, 1, 1, 1, 1, 1, 1, 1, 1]
	1520225	1413570	1470135	17	M	36	A		-1	5457.23737928	[1, 1, 1, 0, 1, 1, 1, 1, 1, 0, 1, 1]
	1541641	1415560	1444736	17	M	79	A		-1	5457.45596426	[1, 1, 1, 1, 1, 1, 1, 1, 1, 1, 1, 1]
	1533722	1480474	1486146	17	M	91	A		-1	5457.65149457	[1, 1, 1, 1, 1, 1, 1, 1, 1, 1, 1, 1]
	1504483	1406327	1472877	17	M	97	A		-1	5457.66932581	[1, 1, 1, 1, 1, 1, 1, 1, 1, 1, 1, 1]
	1516614	1403650	1309509	17	M	27	A		-1	5457.78428506	[1, 1, 1, 1, 1, 1, 1, 1, 1, 1, 1, 1]
	1520639	1480474	1347819	17	M	5	A		-1	5457.84188845	[1, 1, 1, 1, 1, 1, 1, 1, 1, 1, 1, 1]
	1517431	1451620	1386934	17	M	41	A		-1	5457.92167554	[1, 1, 1, 1, 1, 1, 1, 1, 1, 1, 1, 1]
	1572472	1471326	1388413	17	M	19	A		-1	5457.98141961	[1, 1, 1, 1, 1, 1, 1, 1, 1, 1, 1, 1]
	1535197	1396197	1403302	17	M	34	A		-1	5457.9992994	[0, 1, 1, 1, 1, 1, 1, 1, 1, 1, 1, 1]
	1502897	1413570	1413564	17	M	43	A		-1	5458.21140048	[1, 1, 1, 1, 1, 1, 1, 1, 1, 1, 1, 1]
	1556998	1403650	1405074	17	M	31	A		-1	5458.6875047	[1, 1, 1, 1, 1, 1, 1, 1, 1, 1, 1, 1]
	1532715	1431318	1405156	17	M	32	A		-1	5459.76848382	[1, 1, 1, 1, 1, 1, 1, 0, 1, 1, 1, 1]
	1591952	1432519	1342562	17	M	49	A		-1	5459.87523782	[1, 1, 1, 1, 1, 1, 1, 1, 1, 1, 1, 1]
	1494382	1490806	1445066	17	M	2	A		-1	5460.36968139	[1, 1, 1, 1, 1, 1, 1, 1, 1, 1, 1, 1]
	1502698	1412737	1459099	17	M	96	A		-1	5460.77207773	[1, 1, 1, 1, 1, 1, 1, 1, 1, 1, 1, 1]
	1519959	1466921	1416740	17	M	49	A		-1	5460.77508493	[0, 1, 1, 1, 1, 1, 1, 1, 1, 1, 1, 1]
	1578113	1422379	1490776	17	M	63	A		-1	5460.7977814	[1, 1, 1, 1, 1, 1, 1, 1, 1, 1, 1, 1]
	1568454	1490197	1411157	17	M	7	A		-1	5460.85045634	[1, 1, 1, 1, 1, 1, 1, 1, 1, 1, 1, 1]
	1552830	1413230	1475340	17	M	47	A		-1	5460.92015991	[1, 1, 1, 1, 1, 1, 1, 1, 1, 1, 1, 1]
	1525385	1456735	1351074	17	M	38	A		-1	5461.13989335	[1, 1, 1, 1, 1, 1, 1, 1, 1, 1, 1, 1]
	1588514	1480474	1419008	17	M	42	A		-1	5461.18684938	[1, 1, 1, 1, 1, 1, 1, 1, 1, 1, 1, 1]
	1591220	1466867	1399484	17	M	41	A		-1	5462.14813969	[1, 1, 1, 1, 1, 1, 1, 1, 1, 1, 1, 1]
	1559828	1422379	1477108	17	M	45	A		-1	5462.19974941	[1, 1, 1, 1, 1, 1, 1, 1, 1, 1, 1, 1]
	1458147	1320508	1363342	16	M	79	A		-1	5462.69088816	[1, 1, 1, 1, 1, 1, 1, 1, 1, 1, 1, 1]
	1518730	1396197	1478771	17	M	78	A		-1	5462.8339007	[0, 1, 1, 1, 1, 0, 1, 1, 1, 1, 1, 1]
	1518857	1412535	1424237	17	M	54	A		-1	5463.24226333	[1, 1, 1, 1, 1, 1, 1, 1, 1, 1, 1, 1]
	1551103	1480730	1445179	17	M	82	A		-1	5463.36906165	[1, 1, 1, 1, 1, 1, 1, 1, 1, 1, 1, 1]
	1518000	1403650	1431916	17	M	43	A		-1	5463.48723621	[1, 1, 1, 1, 1, 1, 1, 1, 1, 1, 1, 1]
	1578094	1412535	1477456	17	M	93	A		-1	5463.96981687	[1, 1, 1, 1, 1, 1, 1, 1, 1, 1, 1, 1]
	1515872	1453696	1471977	17	M	57	A		-1	5464.25446531	[1, 1, 1, 1, 1, 1, 1, 1, 1, 1, 1, 1]
	1519439	1446301	1218164	17	M	4	A		-1	5465.42734782	[1, 1, 1, 1, 1, 1, 1, 1, 1, 1, 1, 1]
	1505412	1412535	1306671	17	M	84	A		-1	5465.5783329	[1, 1, 1, 1, 1, 1, 1, 1, 1, 1, 1, 1]
	1560453	1451620	1267234	17	M	51	A		-1	5466.39342967	[1, 1, 1, 1, 1, 1, 0, 1, 1, 1, 1, 1]
	1496773	1471326	1408842	17	M	28	A		-1	5466.48606249	[1, 1, 1, 1, 1, 1, 1, 1, 1, 1, 1, 1]
	1543036	1430680	1458249	17	M	49	A		-1	5466.93365459	[0, 1, 1, 1, 1, 1, 1, 1, 1, 1, 1, 1]
	1549726	1435198	1346616	17	M	59	A		-1	5466.95780762	[1, 1, 1, 1, 1, 1, 1, 1, 1, 1, 1, 1]
	1502151	1422335	1407519	17	M	22	A		-1	5467.21185134	[1, 1, 1, 1, 1, 1, 1, 1, 1, 1, 1, 1]
	1512604	1480474	1392332	17	M	47	A		-1	5467.26885281	[1, 1, 1, 1, 1, 1, 1, 1, 1, 1, 1, 1]
	1580565	1490806	1471376	17	M	8	A		-1	5467.70953447	[1, 1, 1, 1, 1, 1, 1, 1, 1, 1, 1, 1]
	1566515	1466921	1433888	17	M	10	A		-1	5468.17265094	[0, 1, 1, 1, 1, 1, 1, 1, 1, 1, 1, 1]
	1566089	1490197	1371900	17	M	73	A		-1	5468.23307005	[1, 1, 1, 1, 1, 1, 1, 0, 1, 1, 1, 1]
	1585672	1412737	1413879	17	M	33	A		-1	5468.27344123	[1, 1, 1, 1, 1, 1, 1, 1, 1, 0, 1, 1]
	1572686	1415320	1299706	17	M	7	A		-1	5468.29893753	[1, 1, 1, 1, 1, 1, 1, 1, 1, 1, 1, 1]
	1568951	1475107	1427216	17	M	20	A		-1	5468.40109743	[1, 1, 1, 1, 1, 1, 1, 1, 1, 1, 1, 1]
	1432519	1365061	1258521	16	M	34	A		-1	5468.46332893	[1, 1, 1, 1, 1, 1, 1, 1, 1, 1, 1, 1]
	1547428	1396197	1434711	17	M	52	A		-1	5469.10297157	[0, 1, 1, 1, 1, 1, 1, 1, 1, 1, 1, 1]
	1505702	1428958	1398222	17	M	2	A		-1	5469.367586	[1, 1, 1, 1, 1, 1, 1, 1, 1, 1, 1, 1]
	1556887	1477243	1468282	17	M	92	A		-1	5469.72042557	[1, 1, 1, 0, 1, 1, 1, 1, 1, 1, 1, 1]
	1532790	1403650	1435399	17	M	74	A		-1	5470.10083655	[1, 1, 1, 0, 1, 1, 1, 1, 1, 1, 1, 1]
	1581330	1480730	1326909	17	M	9	A		-1	5470.62240738	[1, 1, 0, 1, 1, 1, 1, 1, 1, 1, 1, 1]
	1589945	1465164	1453020	17	M	14	A		-1	5470.95550095	[0, 1, 1, 1, 0, 1, 1, 1, 1, 1, 1, 1]
	1453696	1387671	1379299	16	M	59	A		-1	5471.10699505	[1, 1, 1, 1, 1, 1, 1, 1, 1, 1, 1, 1]
	1539673	1471326	1454947	17	M	99	A		-1	5471.65368707	[1, 1, 1, 1, 1, 1, 1, 1, 1, 1, 1, 1]
	1576994	1438013	1388546	17	M	11	A		-1	5471.77554602	[1, 1, 1, 1, 1, 1, 1, 1, 1, 1, 1, 1]
	1576275	1464082	1415955	17	M	51	A		-1	5471.94091333	[1, 1, 1, 1, 1, 1, 1, 1, 1, 1, 1, 1]
	1541584	1401297	1407816	17	M	47	A		-1	5472.44761843	[0, 1, 1, 1, 1, 1, 1, 1, 1, 1, 1, 1]
	1577904	1407073	1476233	17	M	51	A		-1	5472.44856863	[1, 1, 1, 1, 1, 1, 1, 1, 1, 1, 1, 1]
	1560049	1480730	1457682	17	M	13	A		-1	5472.49759577	[1, 1, 1, 1, 1, 1, 1, 1, 1, 1, 1, 1]
	1471326	1320508	1363251	16	M	52	A		-1	5472.74570102	[1, 1, 1, 1, 1, 1, 1, 1, 1, 1, 1, 1]
	1556373	1492227	1470955	17	M	17	A		-1	5473.04103838	[1, 1, 1, 1, 1, 1, 1, 1, 1, 1, 1, 1]
	1494577	1441432	1461416	17	M	43	A		-1	5474.24982311	[1, 1, 1, 1, 1, 1, 1, 1, 1, 1, 1, 1]
	1504210	1432519	1435397	17	M	14	A		-1	5474.34444344	[1, 1, 1, 1, 1, 1, 1, 1, 1, 1, 1, 1]
	1522504	1480730	1484977	17	M	41	A		-1	5474.38283587	[1, 1, 1, 1, 1, 1, 1, 1, 1, 1, 1, 1]
	1530388	1477243	1424607	17	M	52	A		-1	5474.82338174	[1, 1, 1, 1, 1, 1, 1, 1, 1, 1, 1, 1]
	1560727	1407073	1480367	17	M	45	A		-1	5475.15888712	[1, 1, 1, 1, 1, 1, 1, 1, 1, 1, 1, 1]
	1578758	1451620	1459520	17	M	61	A		-1	5475.68094782	[1, 1, 1, 1, 1, 1, 1, 1, 1, 1, 1, 1]
	1554590	1427748	1353423	17	M	61	A		-1	5475.85904158	[1, 1, 1, 0, 1, 1, 1, 1, 1, 1, 1, 1]
	1552613	1480730	1345262	17	M	18	A		-1	5476.0682754	[1, 1, 1, 1, 1, 1, 1, 1, 1, 1, 1, 1]
	1498864	1428958	1399650	17	M	64	A		-1	5476.160563	[1, 1, 1, 1, 1, 1, 1, 1, 1, 1, 1, 1]
	1396197	1347530	1349792	16	M	3	A		-1	5476.41616182	[0, 1, 1, 1, 1, 1, 1, 1, 1, 1, 1, 1]
	1571340	1432519	1337566	17	M	94	A		-1	5477.60676594	[1, 1, 1, 1, 1, 1, 1, 1, 1, 1, 1, 1]
	1531849	1432519	1464256	17	M	20	A		-1	5478.10923806	[1, 1, 1, 1, 1, 1, 1, 1, 1, 1, 1, 1]
	1529233	1432519	1463795	17	M	28	A		-1	5478.35230882	[1, 1, 1, 1, 1, 1, 1, 1, 1, 1, 1, 1]
	1568577	1407096	1420687	17	M	68	A		-1	5479.09139013	[0, 1, 1, 1, 1, 1, 1, 1, 1, 1, 1, 1]
	1522204	1403650	1466300	17	M	17	A		-1	5479.29342486	[1, 1, 1, 1, 1, 1, 1, 1, 1, 1, 1, 1]
	1574534	1490806	1459751	17	M	98	A		-1	5479.75074119	[1, 1, 1, 1, 1, 1, 1, 1, 1, 1, 1, 1]
	1555671	1480474	1473624	17	M	11	A		-1	5479.78879854	[1, 1, 1, 1, 1, 1, 1, 1, 1, 1, 1, 1]
	1545563	1466921	1481998	17	M	8	A		-1	5480.30942509	[0, 0, 1, 1, 1, 1, 1, 1, 1, 1, 1, 1]
	1517547	1396197	1434916	17	M	67	A		-1	5480.75237647	[1, 1, 1, 1, 1, 1, 1, 1, 1, 1, 1, 1]
	1586075	1451620	1351509	17	M	41	A		-1	5480.82822369	[1, 1, 1, 1, 1, 1, 1, 1, 1, 1, 1, 1]
	1586554	1446301	1426686	17	M	10	A		-1	5480.91353682	[1, 1, 1, 1, 1, 1, 1, 1, 1, 1, 1, 1]
	1514487	1490806	1375023	17	M	59	A		-1	5481.35990515	[1, 1, 1, 1, 1, 1, 1, 1, 1, 1, 1, 1]
	1537727	1458147	1416096	17	M	4	A		-1	5481.95975399	[1, 1, 1, 1, 1, 1, 1, 1, 1, 1, 1, 1]
	1581622	1428958	1419127	17	M	2	A		-1	5482.010457	[1, 1, 1, 1, 1, 1, 1, 1, 1, 1, 1, 1]
	1555278	1408717	1436611	17	M	97	A		-1	5482.19516564	[1, 1, 1, 1, 1, 1, 1, 1, 1, 1, 1, 1]
	1534912	1475107	1306183	17	M	23	A		-1	5482.28921609	[1, 1, 1, 1, 1, 1, 1, 1, 1, 1, 1, 1]
	1579092	1412535	1465118	17	M	19	A		-1	5482.38691531	[1, 1, 1, 1, 1, 1, 1, 1, 1, 1, 1, 1]
	1515921	1408717	1491123	17	M	56	A		-1	5482.40608559	[1, 1, 1, 1, 1, 1, 1, 1, 1, 1, 1, 1]
	1582877	1432519	1477820	17	M	3	A		-1	5482.62371277	[1, 1, 1, 1, 1, 1, 1, 1, 1, 1, 1, 1]
	1545579	1471326	1432281	17	M	5	A		-1	5482.75829196	[1, 1, 1, 1, 1, 1, 1, 1, 1, 1, 1, 1]
	1590159	1428958	1455146	17	M	42	A		-1	5483.28065463	[1, 1, 1, 1, 1, 1, 1, 1, 1, 1, 1, 1]
	1551507	1456859	1490189	17	M	34	A		-1	5483.52696714	[1, 1, 1, 1, 1, 1, 1, 1, 1, 1, 1, 1]
	1507202	1456859	1428379	17	M	58	A		-1	5483.54577172	[1, 1, 1, 1, 1, 1, 1, 1, 1, 1, 1, 1]
	1549575	1430680	1464063	17	M	80	A		-1	5483.58229146	[1, 1, 1, 1, 1, 1, 1, 1, 1, 1, 1, 1]
	1515049	1456735	1469397	17	M	80	A		-1	5483.75831464	[1, 1, 1, 1, 1, 1, 1, 1, 1, 1, 1, 1]
	1495069	1471326	1476129	17	M	86	A		-1	5483.81079363	[1, 1, 1, 1, 1, 1, 1, 0, 1, 1, 1, 1]
	1407096	1303999	1387316	16	M	29	A		-1	5483.8260714	[0, 1, 1, 1, 1, 1, 1, 1, 1, 1, 1, 1]
	1572000	1426872	1248177	17	M	28	A		-1	5484.30694259	[1, 1, 1, 1, 1, 1, 1, 1, 1, 1, 1, 1]
	1587862	1407096	1420958	17	M	50	A		-1	5484.55026784	[0, 1, 1, 1, 1, 1, 1, 1, 1, 1, 1, 1]
	1580241	1413230	1457364	17	M	63	A		-1	5484.74878405	[1, 1, 1, 1, 1, 1, 1, 1, 1, 1, 1, 1]
	1559086	1492227	1458547	17	M	18	A		-1	5484.90177766	[1, 1, 1, 1, 1, 1, 1, 1, 1, 1, 1, 1]
	1574970	1453696	1423312	17	M	93	A		-1	5485.04721936	[0, 1, 1, 1, 1, 1, 1, 1, 1, 1, 1, 1]
	1501167	1396197	1235233	17	M	28	A		-1	5485.07564873	[0, 1, 1, 1, 1, 1, 1, 1, 1, 1, 1, 1]
	1551584	1464082	1201491	17	M	72	A		-1	5485.46487224	[1, 1, 1, 1, 1, 1, 1, 1, 1, 1, 1, 1]
	1529827	1466921	1462284	17	M	52	A		-1	5486.07789073	[0, 1, 1, 1, 1, 1, 1, 1, 1, 1, 1, 1]
	1562395	1456735	1404028	17	M	20	A		-1	5487.04925373	[1, 1, 1, 1, 1, 1, 1, 1, 1, 1, 1, 1]
	1583174	1406327	1315021	17	M	25	A		-1	5487.37923904	[1, 1, 1, 1, 1, 1, 1, 1, 1, 1, 1, 1]
	1510335	1466867	1403296	17	M	17	A		-1	5488.13819631	[1, 1, 1, 1, 1, 1, 1, 1, 1, 1, 1, 1]
	1509943	1413570	1404168	17	M	35	A		-1	5488.23292652	[1, 1, 1, 1, 1, 1, 1, 1, 1, 0, 1, 1]
	1516461	1446301	1470551	17	M	64	A		-1	5488.26664468	[1, 1, 1, 1, 1, 1, 1, 1, 1, 1, 1, 1]
	1591665	1475107	1391313	17	M	60	A		-1	5488.8029985	[1, 1, 1, 1, 1, 1, 1, 1, 1, 1, 1, 1]
	1581776	1403650	1346118	17	M	97	A		-1	5488.99327183	[1, 1, 0, 1, 1, 1, 1, 1, 1, 1, 1, 1]
	1563735	1396197	1412012	17	M	24	A		-1	5489.54506482	[0, 1, 1, 1, 1, 1, 1, 1, 1, 1, 1, 1]
	1542992	1396197	1360262	17	M	8	A		-1	5489.67394364	[0, 1, 1, 1, 1, 1, 1, 1, 1, 1, 1, 1]
	1555168	1426872	1488247	17	M	88	A		-1	5489.76786431	[1, 1, 1, 1, 1, 1, 1, 1, 1, 1, 1, 1]
	1544606	1475107	1491181	17	M	31	A		-1	5489.93475345	[1, 1, 1, 1, 1, 1, 1, 1, 1, 1, 1, 1]
	1517305	1452791	1487321	17	M	92	A		-1	5490.23576405	[1, 1, 1, 1, 1, 1, 1, 1, 1, 1, 1, 1]
	1540854	1422379	1403878	17	M	56	A		-1	5490.50118259	[1, 1, 1, 1, 1, 1, 1, 1, 1, 1, 1, 1]
	1584452	1456735	1437569	17	M	23	A		-1	5490.59472668	[1, 1, 1, 1, 1, 1, 1, 1, 1, 1, 1, 1]
	1520474	1490197	1338755	17	M	94	A		-1	5491.41970919	[1, 1, 1, 1, 1, 1, 1, 1, 1, 1, 1, 1]
	1560683	1452791	1435656	17	M	5	A		-1	5492.07766812	[1, 1, 1, 1, 1, 1, 1, 1, 1, 1, 1, 1]
	1535960	1490806	1409191	17	M	34	A		-1	5492.51527692	[1, 1, 1, 1, 1, 1, 1, 1, 1, 1, 1, 1]
	1509488	1406501	1347567	17	M	61	A		-1	5492.84146959	[1, 1, 1, 1, 1, 1, 1, 1, 1, 1, 1, 1]
	1435198	1379578	1373012	16	M	58	A		-1	5494.89720563	[1, 1, 1, 1, 1, 1, 1, 1, 1, 1, 1, 1]
	1508616	1480474	1443050	17	M	86	A		-1	5495.35961218	[1, 1, 1, 1, 1, 1, 1, 1, 1, 1, 1, 1]
	1557532	1415676	1452221	17	M	93	A		-1	5495.65966593	[1, 1, 0, 1, 1, 1, 1, 1, 1, 1, 1, 1]
	1560647	1406733	1329654	17	M	29	A		-1	5495.93921433	[1, 1, 1, 1, 1, 1, 1, 1, 1, 1, 1, 1]
	1539782	1441432	1457335	17	M	29	A		-1	5496.94271972	[1, 1, 1, 1, 1, 1, 1, 1, 1, 1, 1, 1]
	1583276	1490197	1422086	17	M	97	A		-1	5497.66968099	[1, 1, 1, 1, 1, 1, 1, 1, 1, 1, 1, 1]
	1513070	1403650	1489671	17	M	88	A		-1	5497.96364652	[1, 1, 1, 1, 1, 1, 1, 1, 1, 1, 1, 1]
	1527081	1428958	1426238	17	M	43	A		-1	5498.30016312	[1, 1, 1, 1, 1, 1, 1, 1, 1, 1, 1, 1]
	1572537	1471326	1492184	17	M	100	A		-1	5498.79119904	[1, 1, 0, 1, 0, 1, 1, 1, 1, 1, 1, 1]
	1580882	1422335	1349845	17	M	87	A		-1	5498.81190034	[1, 1, 1, 1, 1, 1, 1, 1, 1, 1, 1, 1]
	1524517	1422335	1423429	17	M	72	A		-1	5499.18291228	[1, 1, 1, 1, 1, 1, 0, 1, 1, 1, 1, 1]
	1553882	1422335	1480071	17	M	51	A		-1	5499.41369608	[1, 1, 1, 1, 1, 1, 1, 1, 1, 1, 1, 1]
	1541512	1406327	1468290	17	M	59	A		-1	5499.50935707	[1, 1, 1, 1, 1, 1, 1, 1, 1, 1, 1, 1]
	1525444	1451620	1492543	17	M	29	A		-1	5499.55867857	[1, 1, 1, 1, 1, 1, 1, 1, 1, 1, 1, 1]
	1535167	1480474	1442570	17	M	16	A		-1	5500.43661738	[1, 1, 1, 1, 1, 1, 1, 1, 1, 1, 1, 1]
	1530615	1435198	1491111	17	M	87	A		-1	5500.45207532	[1, 1, 1, 1, 1, 1, 1, 1, 1, 1, 1, 1]
	1415320	1332328	1308508	16	M	17	A		-1	5500.61107218	[1, 1, 1, 0, 1, 1, 1, 1, 1, 1, 1, 1]
	1510510	1490197	1350770	17	M	6	A		-1	5500.79419592	[1, 1, 1, 1, 1, 1, 1, 0, 1, 1, 1, 1]
	1546838	1466921	1442671	17	M	62	A		-1	5501.26072379	[1, 1, 1, 1, 1, 1, 1, 1, 1, 1, 1, 1]
	1492227	1357930	1333894	16	M	59	A		-1	5502.22808018	[1, 1, 1, 1, 1, 1, 1, 1, 1, 1, 1, 1]
	1520359	1403650	1409099	17	M	77	A		-1	5502.23958991	[1, 1, 1, 1, 1, 1, 1, 1, 1, 1, 1, 1]
	1580992	1403650	1303621	17	M	8	A		-1	5502.32859248	[1, 1, 1, 1, 1, 1, 1, 1, 1, 1, 1, 1]
	1579617	1407073	1435283	17	M	56	A		-1	5503.23016481	[1, 1, 1, 1, 1, 1, 1, 1, 1, 1, 1, 1]
	1538004	1426872	1485327	17	M	20	A		-1	5503.44581282	[1, 1, 1, 1, 1, 1, 1, 1, 1, 1, 1, 1]
	1543571	1407096	1349885	17	M	62	A		-1	5503.50812818	[1, 1, 1, 0, 1, 1, 1, 1, 1, 1, 1, 1]
	1559923	1435198	1350417	17	M	92	A		-1	5503.61965984	[1, 1, 1, 1, 1, 1, 1, 1, 1, 1, 1, 0]
	1579892	1406733	1480046	17	M	25	A		-1	5503.6511477	[1, 1, 1, 1, 1, 1, 1, 1, 1, 1, 1, 1]
	1564088	1456735	1458617	17	M	78	A		-1	5504.06696457	[1, 1, 1, 1, 1, 1, 1, 1, 1, 1, 1, 1]
	1544997	1407096	1409946	17	M	53	A		-1	5504.32364965	[1, 1, 1, 1, 1, 1, 1, 1, 1, 1, 1, 1]
	1574605	1477243	1442602	17	M	84	A		-1	5504.56750316	[1, 1, 1, 0, 1, 1, 1, 1, 1, 1, 1, 1]
	1542954	1413570	1384889	17	M	59	A		-1	5504.7102316	[1, 1, 1, 1, 1, 1, 1, 1, 1, 1, 1, 1]
	1500410	1412737	1462005	17	M	68	A		-1	5504.81587576	[1, 1, 1, 1, 1, 1, 1, 1, 1, 1, 1, 1]
	1504337	1422335	1386335	17	M	87	A		-1	5504.83708856	[1, 1, 1, 1, 1, 1, 1, 1, 1, 1, 1, 1]
	1535730	1458147	1401076	17	M	23	A		-1	5504.96349438	[1, 1, 1, 1, 1, 1, 1, 1, 1, 1, 1, 1]
	1537824	1453696	1416249	17	M	50	A		-1	5505.22703643	[1, 1, 1, 1, 1, 1, 1, 1, 1, 1, 1, 1]
	1501353	1426872	1457596	17	M	40	A		-1	5506.06457995	[1, 1, 1, 1, 1, 1, 1, 1, 1, 1, 1, 1]
	1544388	1492227	1382288	17	M	70	A		-1	5506.27376572	[1, 1, 1, 1, 1, 1, 1, 1, 1, 1, 1, 1]
	1578011	1435118	1463070	17	M	37	A		-1	5506.37873924	[1, 1, 1, 1, 1, 1, 1, 1, 1, 1, 1, 1]
	1524821	1412535	1471408	17	M	11	A		-1	5506.52574949	[1, 1, 1, 1, 1, 1, 1, 1, 1, 1, 1, 1]
	1527304	1403650	1410534	17	M	9	A		-1	5506.74236276	[1, 1, 1, 1, 1, 1, 1, 1, 1, 1, 1, 1]
	1531247	1435118	1441728	17	M	34	A		-1	5507.05450232	[1, 1, 1, 1, 1, 1, 1, 1, 1, 1, 1, 1]
	1502487	1452791	1209601	17	M	57	A		-1	5507.24504704	[1, 1, 1, 1, 1, 1, 1, 0, 1, 1, 1, 1]
	1513585	1435118	1425078	17	M	66	A		-1	5507.34179819	[1, 1, 1, 1, 1, 1, 1, 0, 1, 1, 1, 1]
	1516173	1408717	1380826	17	M	11	A		-1	5507.46923512	[1, 1, 1, 1, 1, 1, 1, 1, 1, 1, 1, 1]
	1546642	1422379	1478584	17	M	58	A		-1	5507.49323881	[1, 1, 1, 1, 1, 1, 1, 1, 1, 1, 1, 1]
	1550476	1446301	1427134	17	M	30	A		-1	5507.85652988	[1, 1, 1, 1, 1, 1, 1, 1, 1, 1, 1, 1]
	1561910	1403650	1419545	17	M	71	A		-1	5508.00949655	[1, 1, 1, 1, 1, 1, 1, 1, 1, 1, 1, 1]
	1535631	1431318	1482661	17	M	43	A		-1	5508.02505273	[1, 1, 1, 1, 1, 1, 1, 1, 1, 1, 1, 1]
	1495860	1412737	1481613	17	M	83	A		-1	5508.04050121	[1, 1, 1, 1, 1, 1, 1, 1, 1, 1, 1, 1]
	1552935	1407591	1425310	17	M	79	A		-1	5508.07566529	[1, 1, 1, 1, 1, 1, 1, 1, 1, 1, 1, 1]
	1574251	1431318	1469393	17	M	55	A		-1	5508.09263768	[1, 1, 1, 1, 1, 1, 1, 0, 1, 1, 1, 1]
	1560917	1490806	1455746	17	M	77	A		-1	5508.40133204	[1, 1, 1, 1, 1, 1, 1, 1, 1, 1, 1, 1]
	1456735	1320508	1307637	16	M	35	A		-1	5509.34086746	[1, 1, 1, 1, 1, 1, 1, 1, 1, 1, 1, 1]
	1536434	1412737	1462722	17	M	55	A		-1	5509.68017574	[1, 1, 1, 1, 1, 1, 1, 1, 1, 1, 1, 1]
	1521128	1446301	1454295	17	M	66	A		-1	5510.21669645	[1, 1, 1, 1, 1, 1, 1, 1, 1, 1, 1, 1]
	1576119	1406501	1315826	17	M	79	A		-1	5510.6436592	[1, 1, 1, 1, 1, 1, 1, 1, 1, 1, 1, 1]
	1530621	1475107	1445200	17	M	11	A		-1	5513.13643581	[1, 1, 1, 1, 1, 1, 1, 1, 1, 1, 1, 1]
	1592241	1492227	1395764	17	M	14	A		-1	5513.53710387	[1, 1, 1, 1, 1, 1, 1, 1, 1, 1, 1, 1]
	1501316	1432774	1391306	17	M	80	A		-1	5513.60867597	[0, 1, 1, 1, 1, 1, 1, 1, 1, 1, 1, 1]
	1541131	1452791	1477714	17	M	15	A		-1	5514.02572568	[1, 1, 1, 1, 1, 1, 1, 1, 1, 1, 1, 1]
	1507424	1480474	1401408	17	M	73	A		-1	5514.08139004	[1, 1, 1, 1, 1, 1, 1, 1, 1, 1, 1, 1]
	1549972	1466921	1344685	17	M	4	A		-1	5514.29014869	[0, 1, 1, 1, 1, 1, 1, 1, 1, 1, 1, 1]
	1542520	1480730	1474265	17	M	24	A		-1	5514.41487763	[1, 1, 0, 1, 1, 1, 1, 1, 1, 1, 1, 1]
	1568773	1406501	1453138	17	M	22	A		-1	5515.95443014	[1, 1, 1, 1, 1, 1, 1, 1, 1, 1, 1, 1]
	1514763	1415560	1493130	17	M	87	A		-1	5515.9706891	[1, 1, 1, 1, 1, 1, 1, 1, 1, 1, 1, 1]
	1536450	1471326	1384987	17	M	5	A		-1	5516.03636098	[1, 1, 1, 1, 1, 1, 1, 1, 1, 1, 1, 1]
	1588053	1406733	1464992	17	M	20	A		-1	5516.97131119	[1, 1, 1, 1, 1, 1, 1, 1, 1, 1, 1, 1]
	1584603	1407591	1485722	17	M	21	A		-1	5516.97326853	[1, 1, 1, 1, 1, 1, 1, 1, 1, 1, 1, 1]
	1586155	1452791	1429159	17	M	94	A		-1	5517.91580148	[1, 1, 1, 1, 1, 1, 1, 1, 1, 1, 1, 1]
	1566973	1451620	1481925	17	M	24	A		-1	5518.72364362	[1, 1, 1, 1, 1, 1, 1, 1, 1, 1, 1, 1]
	1548732	1421600	1426306	17	M	62	A		-1	5518.85420146	[0, 1, 1, 1, 1, 1, 1, 1, 1, 1, 1, 1]
	1516372	1471326	1447563	17	M	41	A		-1	5518.98356411	[1, 1, 1, 1, 1, 1, 1, 1, 1, 1, 1, 1]
	1530192	1415560	1488253	17	M	83	A		-1	5519.70008324	[1, 1, 1, 1, 1, 1, 1, 1, 1, 1, 1, 1]
	1494493	1407096	1303307	17	M	10	A		-1	5519.79744137	[0, 1, 1, 1, 1, 1, 1, 1, 1, 1, 1, 1]
	1525104	1452791	1435280	17	M	100	A		-1	5521.56318946	[1, 1, 1, 1, 1, 1, 1, 1, 1, 1, 1, 1]
	1567931	1432774	1441208	17	M	17	A		-1	5521.6096214	[0, 1, 1, 1, 1, 1, 1, 1, 1, 1, 1, 1]
	1577523	1421600	1444046	17	M	38	A		-1	5521.82139515	[1, 1, 1, 0, 1, 1, 1, 1, 1, 1, 1, 1]
	1513368	1422379	1338515	17	M	68	A		-1	5522.14595472	[1, 1, 1, 1, 1, 1, 1, 1, 1, 1, 1, 1]
	1533748	1435118	1436008	17	M	83	A		-1	5522.22141241	[1, 1, 1, 1, 1, 1, 1, 1, 1, 1, 1, 1]
	1565062	1415676	1448482	17	M	50	A		-1	5522.57906699	[1, 1, 1, 1, 1, 1, 1, 1, 1, 1, 1, 1]
	1578759	1408717	1461204	17	M	28	A		-1	5522.87524636	[1, 1, 1, 1, 1, 1, 1, 1, 1, 1, 1, 1]
	1561057	1415560	1452692	17	M	17	A		-1	5523.25777116	[1, 1, 1, 1, 1, 1, 1, 1, 1, 1, 1, 1]
	1579889	1415676	1445495	17	M	76	A		-1	5523.86776945	[1, 1, 1, 1, 1, 1, 1, 1, 1, 1, 1, 1]
	1566534	1464082	1374128	17	M	8	A		-1	5524.03836701	[1, 1, 1, 1, 1, 1, 1, 1, 1, 1, 1, 1]
	1557432	1406327	1434103	17	M	72	A		-1	5524.65661957	[1, 1, 1, 0, 1, 1, 1, 1, 1, 1, 1, 1]
	1532546	1422379	1411919	17	M	87	A		-1	5526.01191749	[1, 1, 1, 1, 1, 1, 1, 1, 1, 1, 1, 1]
	1529689	1396197	1464224	17	M	32	A		-1	5526.65916512	[0, 1, 1, 1, 1, 1, 1, 1, 1, 1, 1, 1]
	1590746	1490806	1451649	17	M	72	A		-1	5527.1178112	[1, 1, 1, 1, 1, 1, 1, 1, 1, 1, 1, 1]
	1560300	1438013	1430127	17	M	61	A		-1	5527.3736466	[0, 1, 1, 1, 1, 1, 1, 1, 1, 1, 1, 1]
	1516800	1456735	1395489	17	M	1	A		-1	5527.75299573	[1, 1, 1, 1, 1, 1, 1, 1, 1, 1, 1, 1]
	1549169	1422379	1460589	17	M	87	A		-1	5527.95218738	[1, 1, 1, 1, 1, 1, 1, 1, 1, 1, 1, 1]
	1570151	1412535	1400742	17	M	15	A		-1	5528.83307228	[1, 1, 1, 1, 1, 1, 1, 1, 1, 1, 1, 1]
	1527356	1415676	1453415	17	M	74	A		-1	5528.91390361	[1, 1, 1, 0, 1, 1, 1, 1, 1, 1, 1, 1]
	1525900	1458147	1426813	17	M	30	A		-1	5529.18886392	[1, 1, 1, 1, 1, 1, 1, 1, 1, 1, 1, 1]
	1564576	1396197	1443100	17	M	45	A		-1	5529.4058416	[1, 1, 1, 1, 1, 1, 1, 0, 1, 1, 1, 1]
	1475107	1336348	1302986	16	M	54	A		-1	5529.48249723	[1, 1, 1, 1, 1, 1, 1, 1, 1, 1, 1, 1]
	1514984	1453696	1469731	17	M	8	A		-1	5529.76783121	[1, 1, 1, 1, 1, 1, 1, 1, 1, 1, 1, 1]
	1521289	1458147	1415281	17	M	46	A		-1	5529.82775337	[1, 1, 1, 1, 1, 1, 1, 1, 1, 1, 1, 1]
	1507061	1456735	1237105	17	M	82	A		-1	5529.87709037	[1, 1, 1, 1, 1, 1, 1, 1, 1, 1, 1, 1]
	1533919	1471326	1414764	17	M	97	A		-1	5530.63355824	[1, 1, 1, 1, 1, 1, 1, 1, 1, 1, 1, 1]
	1583555	1435198	1414166	17	M	18	A		-1	5530.91173379	[1, 1, 1, 1, 1, 1, 1, 1, 1, 1, 1, 1]
	1542430	1422379	1443345	17	M	62	A		-1	5531.33609357	[1, 1, 1, 1, 1, 1, 1, 1, 1, 1, 1, 1]
	1540745	1475107	1444726	17	M	95	A		-1	5531.78782196	[1, 1, 1, 0, 1, 1, 1, 1, 1, 1, 1, 1]
	1514330	1431318	1339476	17	M	42	A		-1	5532.48179581	[1, 1, 1, 1, 1, 1, 1, 1, 1, 1, 1, 1]
	1567718	1412737	1451265	17	M	3	A		-1	5532.62836541	[1, 1, 1, 1, 1, 1, 1, 1, 1, 1, 1, 1]
	1512917	1415320	1449240	17	M	72	A		-1	5532.89789505	[1, 1, 1, 0, 1, 1, 1, 1, 1, 1, 1, 1]
	1582057	1407591	1415254	17	M	34	A		-1	5533.08561642	[1, 1, 1, 1, 1, 1, 1, 1, 1, 1, 1, 1]
	1537049	1458147	1427797	17	M	40	A		-1	5533.90413282	[1, 1, 1, 1, 1, 1, 1, 1, 1, 1, 1, 1]
	1554233	1451620	1465430	17	M	10	A		-1	5533.9354066	[1, 1, 1, 1, 1, 1, 1, 1, 1, 1, 1, 1]
	1585263	1407096	1425309	17	M	70	A		-1	5534.08154342	[0, 1, 1, 1, 1, 1, 1, 1, 1, 1, 1, 1]
	1548764	1422335	1296203	17	M	31	A		-1	5534.55836973	[1, 1, 1, 1, 1, 1, 1, 1, 1, 1, 1, 1]
	1521092	1415676	1474148	17	M	3	A		-1	5535.5849156	[1, 1, 0, 1, 1, 1, 1, 1, 1, 1, 1, 1]
	1538281	1408717	1490354	17	M	4	A		-1	5535.90001087	[1, 1, 1, 1, 1, 1, 1, 1, 1, 1, 1, 1]
	1573233	1458147	1420306	17	M	6	A		-1	5536.8104476	[1, 1, 1, 1, 1, 1, 1, 1, 1, 1, 1, 1]
	1533487	1415560	1492218	17	M	45	A		-1	5537.80295227	[1, 1, 1, 1, 1, 1, 1, 1, 1, 1, 1, 1]
	1525703	1412737	1459339	17	M	24	A		-1	5538.37843325	[1, 1, 1, 1, 1, 1, 1, 1, 1, 1, 1, 1]
	1541550	1456735	1439001	17	M	9	A		-1	5538.75602091	[1, 1, 1, 1, 1, 1, 1, 1, 1, 1, 1, 1]
	1550271	1412535	1474933	17	M	100	A		-1	5540.30088778	[1, 1, 1, 1, 1, 1, 1, 1, 1, 1, 1, 1]
	1548170	1413230	1399100	17	M	5	A		-1	5542.39216481	[1, 1, 1, 1, 1, 1, 1, 1, 1, 1, 1, 1]
	1560200	1458147	1478249	17	M	21	A		-1	5543.06910176	[1, 1, 1, 1, 1, 1, 1, 1, 1, 1, 1, 1]
	1575170	1466921	1377730	17	M	65	A		-1	5543.81806557	[0, 1, 1, 1, 1, 1, 1, 1, 1, 1, 1, 1]
	1555628	1427748	1449421	17	M	83	A		-1	5544.03096156	[1, 1, 1, 1, 1, 1, 1, 1, 1, 1, 1, 1]
	1579285	1422379	1434518	17	M	62	A		-1	5544.35461103	[1, 1, 1, 1, 1, 1, 1, 1, 1, 1, 1, 1]
	1530176	1415560	1469400	17	M	70	A		-1	5544.40082045	[1, 1, 1, 1, 1, 1, 1, 1, 1, 1, 1, 1]
	1521533	1396197	1412721	17	M	83	A		-1	5545.57488881	[0, 1, 1, 1, 1, 1, 1, 1, 1, 1, 1, 1]
	1556205	1406733	1446222	17	M	24	A		-1	5545.75704727	[1, 1, 1, 1, 1, 1, 1, 1, 1, 1, 1, 1]
	1591837	1407591	1401006	17	M	51	A		-1	5545.78852492	[1, 1, 1, 1, 1, 1, 1, 0, 1, 1, 1, 1]
	1551190	1438013	1416979	17	M	38	A		-1	5546.66326579	[0, 1, 1, 1, 1, 1, 1, 1, 1, 1, 1, 1]
	1569711	1430680	1422670	17	M	70	A		-1	5548.16061158	[1, 1, 1, 1, 1, 1, 1, 1, 1, 1, 1, 1]
	1566563	1406327	1381649	17	M	83	A		-1	5548.4121089	[1, 1, 1, 0, 1, 1, 1, 1, 1, 1, 1, 1]
	1525926	1490197	1438542	17	M	36	A		-1	5548.91529975	[1, 1, 1, 1, 1, 1, 1, 1, 1, 1, 1, 1]
	1497640	1456735	1300815	17	M	60	A		-1	5549.04727787	[1, 1, 1, 1, 1, 1, 1, 1, 1, 1, 1, 1]
	1579823	1471326	1228556	17	M	0	A		-1	5549.23201048	[1, 1, 1, 1, 1, 1, 1, 1, 1, 1, 1, 1]
	1520294	1456735	1441507	17	M	90	A		-1	5549.87626925	[1, 1, 1, 1, 1, 1, 1, 1, 1, 1, 1, 1]
	1502612	1438013	1380440	17	M	85	A		-1	5550.14727958	[0, 1, 1, 1, 1, 1, 1, 1, 1, 1, 1, 1]
	1517155	1427748	1262797	17	M	98	A		-1	5550.21745323	[1, 1, 1, 1, 1, 1, 1, 1, 1, 1, 1, 1]
	1590185	1471326	1427267	17	M	90	A		-1	5552.76251614	[1, 1, 1, 1, 1, 1, 1, 1, 1, 1, 1, 1]
	1510888	1435198	1316708	17	M	24	A		-1	5553.7812947	[1, 1, 1, 1, 1, 1, 1, 1, 1, 1, 1, 1]
	1548982	1407591	1473795	17	M	42	A		-1	5553.88013989	[1, 1, 1, 1, 1, 1, 1, 1, 1, 1, 1, 1]
	1518566	1452791	1116459	17	M	32	A		-1	5554.12707424	[1, 1, 1, 1, 1, 1, 1, 1, 1, 1, 1, 1]
	1576595	1415676	1427698	17	M	82	A		-1	5554.1535104	[1, 1, 0, 1, 1, 1, 1, 1, 1, 1, 1, 1]
	1526106	1413230	1482555	17	M	47	A		-1	5554.428154	[1, 1, 1, 1, 1, 1, 1, 1, 1, 1, 1, 1]
	1582884	1453696	1396348	17	M	68	A		-1	5554.77692338	[1, 1, 1, 1, 1, 1, 1, 1, 1, 1, 1, 1]
	1575894	1412535	1406222	17	M	36	A		-1	5554.79462476	[1, 1, 1, 1, 1, 1, 1, 1, 1, 1, 1, 1]
	1554961	1422335	1431787	17	M	98	A		-1	5556.36239512	[1, 1, 1, 1, 1, 1, 1, 1, 1, 1, 1, 1]
	1493792	1407591	1435751	17	M	28	A		-1	5557.95177074	[1, 1, 1, 1, 1, 1, 1, 1, 1, 1, 1, 1]
	1535747	1407073	1437110	17	M	23	A		-1	5559.03253001	[1, 1, 1, 1, 1, 1, 1, 1, 1, 1, 1, 1]
	1551727	1480474	1484620	17	M	56	A		-1	5559.57165035	[1, 1, 1, 1, 1, 1, 1, 1, 1, 1, 1, 1]
	1588650	1406327	1423520	17	M	86	A		-1	5560.03128232	[1, 1, 1, 0, 1, 1, 0, 1, 1, 1, 1, 1]
	1530637	1466921	1395786	17	M	84	A		-1	5560.65261598	[1, 1, 1, 1, 1, 1, 1, 1, 1, 1, 1, 1]
	1543675	1456859	1481368	17	M	79	A		-1	5561.96114859	[0, 1, 1, 1, 1, 1, 1, 1, 1, 1, 1, 1]
	1498350	1415320	1445723	17	M	40	A		-1	5562.31665172	[1, 1, 1, 1, 1, 1, 1, 1, 1, 1, 1, 1]
	1520567	1403650	1476407	17	M	6	A		-1	5562.4537128	[0, 1, 1, 1, 1, 1, 1, 1, 1, 1, 1, 1]
	1580991	1407591	1467809	17	M	51	A		-1	5563.06609645	[1, 1, 1, 1, 1, 1, 1, 1, 1, 1, 1, 1]
	1539311	1415320	1484856	17	M	47	A		-1	5563.08857604	[1, 1, 1, 1, 1, 1, 1, 1, 1, 1, 1, 1]
	1529579	1438013	1472554	17	M	2	A		-1	5563.23996641	[1, 1, 1, 1, 1, 1, 1, 1, 1, 1, 1, 1]
	1554611	1413570	1493163	17	M	65	A		-1	5563.58997272	[1, 1, 1, 1, 1, 1, 1, 1, 1, 1, 1, 1]
	1500433	1422335	1403460	17	M	62	A		-1	5563.84146973	[1, 1, 1, 1, 1, 1, 1, 1, 1, 1, 1, 1]
	1592408	1475107	1294200	17	M	46	A		-1	5566.42162479	[1, 1, 1, 1, 1, 1, 1, 1, 1, 1, 1, 1]
	1527339	1408717	1461102	17	M	29	A		-1	5567.19428017	[1, 1, 1, 1, 1, 1, 1, 1, 1, 1, 1, 1]
	1506941	1480474	1297170	17	M	22	A		-1	5567.23307849	[1, 1, 1, 1, 1, 1, 1, 1, 1, 1, 1, 1]
	1564048	1480474	1462400	17	M	21	A		-1	5567.85454466	[1, 1, 1, 1, 1, 1, 1, 1, 1, 1, 1, 1]
	1581644	1432774	1325661	17	M	52	A		-1	5567.8687289	[0, 1, 1, 1, 1, 1, 1, 0, 1, 1, 1, 1]
	1578356	1446301	1301695	17	M	38	A		-1	5568.27440456	[1, 1, 1, 1, 1, 1, 1, 1, 1, 1, 1, 1]
	1580098	1403650	1381024	17	M	53	A		-1	5568.36105868	[1, 1, 1, 1, 1, 1, 1, 1, 1, 1, 1, 1]
	1515802	1432519	1469376	17	M	97	A		-1	5568.93869077	[1, 1, 1, 1, 1, 1, 1, 1, 1, 1, 1, 1]
	1586427	1415676	1394867	17	M	37	A		-1	5572.23110368	[1, 1, 0, 1, 1, 1, 1, 1, 1, 1, 1, 1]
	1518324	1453696	1463599	17	M	46	A		-1	5572.60695607	[0, 1, 1, 1, 1, 1, 1, 1, 1, 1, 1, 1]
	1587755	1415676	1486162	17	M	53	A		-1	5574.44890299	[1, 1, 0, 1, 1, 1, 1, 1, 1, 1, 1, 1]
	1527750	1446301	1329353	17	M	13	A		-1	5574.63639786	[1, 1, 1, 1, 1, 1, 1, 1, 1, 1, 1, 1]
	1497170	1403650	1406084	17	M	98	A		-1	5574.99696242	[1, 1, 1, 1, 1, 1, 1, 1, 1, 1, 1, 1]
	1551745	1413230	1473937	17	M	26	A		-1	5575.20385507	[1, 1, 1, 1, 1, 1, 1, 1, 1, 1, 1, 1]
	1549682	1435118	1482211	17	M	74	A		-1	5575.55828809	[1, 1, 1, 1, 1, 1, 1, 1, 1, 1, 1, 1]
	1532975	1403650	1403000	17	M	43	A		-1	5576.59235121	[1, 1, 1, 1, 1, 1, 1, 1, 1, 1, 1, 1]
	1505115	1453696	1445998	17	M	34	A		-1	5576.84619372	[1, 1, 1, 1, 1, 1, 1, 1, 1, 1, 1, 1]
	1538223	1438013	1468727	17	M	57	A		-1	5577.01798646	[1, 1, 1, 1, 1, 1, 1, 1, 1, 1, 1, 1]
	1566491	1492227	1425512	17	M	76	A		-1	5578.28310346	[1, 1, 0, 1, 1, 1, 1, 1, 1, 1, 1, 1]
	1552763	1431318	1331093	17	M	44	A		-1	5578.29092707	[1, 1, 1, 1, 1, 1, 1, 1, 1, 1, 1, 1]
	1525027	1475107	1417197	17	M	16	A		-1	5578.48513744	[1, 1, 1, 1, 1, 1, 1, 1, 1, 1, 1, 1]
	1538387	1422335	1417593	17	M	33	A		-1	5579.14946961	[1, 1, 1, 1, 1, 1, 1, 1, 1, 1, 1, 1]
	1499150	1458147	1324574	17	M	0	A		-1	5580.58284496	[1, 1, 0, 1, 1, 1, 1, 1, 1, 1, 1, 1]
	1572909	1471326	1410036	17	M	7	A		-1	5580.88395363	[1, 1, 1, 1, 1, 1, 1, 0, 1, 1, 1, 1]
	1564893	1466867	1448872	17	M	53	A		-1	5582.6158516	[1, 1, 1, 1, 1, 1, 1, 1, 1, 1, 1, 1]
	1569580	1466867	1481536	17	M	80	A		-1	5585.43117618	[1, 1, 1, 1, 1, 1, 1, 1, 1, 1, 1, 1]
	1519721	1435118	1479386	17	M	30	A		-1	5585.66777311	[1, 1, 1, 1, 1, 1, 1, 0, 1, 1, 1, 1]
	1563358	1415676	1479269	17	M	61	A		-1	5586.28895724	[1, 1, 0, 1, 1, 1, 1, 1, 1, 1, 1, 1]
	1569068	1458147	1423421	17	M	27	A		-1	5587.05544463	[1, 1, 1, 1, 1, 1, 1, 1, 1, 1, 1, 1]
	1582129	1452791	1410711	17	M	18	A		-1	5587.57366978	[1, 1, 1, 1, 1, 1, 1, 1, 1, 1, 1, 1]
	1509361	1435118	1472966	17	M	33	A		-1	5587.66845226	[1, 1, 1, 1, 1, 1, 1, 1, 1, 1, 1, 1]
	1422335	1343506	1298927	16	M	62	A		-1	5588.40861344	[1, 1, 1, 1, 1, 1, 1, 1, 1, 1, 1, 1]
	1577002	1401297	1447707	17	M	19	A		-1	5588.81590487	[1, 1, 1, 1, 1, 1, 1, 0, 1, 1, 1, 1]
	1510467	1465164	1472543	17	M	9	A		-1	5590.84474071	[0, 1, 1, 1, 1, 1, 1, 1, 1, 1, 1, 1]
	1550152	1403650	1468796	17	M	36	A		-1	5591.20700899	[1, 1, 1, 1, 1, 1, 1, 1, 1, 1, 1, 1]
	1499263	1435118	1410013	17	M	14	A		-1	5591.44484968	[1, 1, 1, 1, 1, 1, 1, 1, 1, 1, 1, 0]
	1543201	1432519	1418497	17	M	44	A		-1	5592.5899674	[1, 1, 1, 1, 1, 1, 1, 1, 1, 1, 1, 1]
	1558891	1422379	1406401	17	M	48	A		-1	5592.75164558	[1, 1, 1, 1, 1, 1, 1, 1, 1, 1, 1, 1]
	1536954	1465164	1397936	17	M	45	A		-1	5593.01890171	[0, 1, 1, 1, 1, 1, 1, 1, 1, 1, 1, 1]
	1502003	1456735	1398425	17	M	30	A		-1	5593.18746871	[1, 1, 1, 1, 1, 1, 1, 1, 1, 1, 1, 1]
	1562895	1431318	1462496	17	M	27	A		-1	5595.90554462	[1, 1, 1, 1, 1, 1, 1, 0, 1, 1, 1, 1]
	1534010	1422335	1437914	17	M	33	A		-1	5596.36112007	[1, 1, 1, 1, 1, 1, 1, 1, 1, 1, 1, 1]
	1593593	1413230	1399698	17	M	85	A		-1	5597.22499215	[0, 1, 1, 1, 1, 1, 1, 1, 1, 1, 1, 1]
	1573125	1432519	1398380	17	M	34	A		-1	5598.34876641	[1, 1, 1, 1, 1, 1, 1, 1, 1, 1, 1, 1]
	1508373	1415320	1415446	17	M	39	A		-1	5598.7503289	[1, 1, 0, 0, 1, 1, 1, 1, 1, 1, 1, 1]
	1579575	1475107	1474044	17	M	20	A		-1	5598.75331538	[1, 1, 1, 1, 1, 1, 1, 1, 1, 1, 1, 1]
	1557855	1396197	1414690	17	M	30	A		-1	5599.80712924	[1, 1, 1, 1, 1, 1, 1, 1, 1, 1, 1, 1]
	1574341	1430680	1493639	17	M	78	A		-1	5600.54195164	[1, 1, 1, 1, 1, 1, 1, 1, 1, 1, 1, 1]
	1583849	1490806	1406735	17	M	50	A		-1	5600.70178214	[1, 1, 1, 1, 1, 1, 1, 1, 1, 1, 1, 1]
	1560070	1446301	1459498	17	M	8	A		-1	5600.88065703	[1, 1, 1, 1, 1, 1, 1, 1, 1, 1, 1, 1]
	1571482	1431318	1468561	17	M	46	A		-1	5602.53327123	[1, 1, 1, 1, 1, 1, 1, 1, 1, 1, 1, 1]
	1587809	1452791	1435508	17	M	31	A		-1	5605.27391311	[1, 1, 1, 1, 1, 1, 1, 1, 1, 1, 1, 1]
	1532467	1453696	1474703	17	M	65	A		-1	5605.39609493	[1, 1, 1, 1, 1, 1, 1, 1, 1, 1, 1, 1]
	1507152	1415320	1483476	17	M	19	A		-1	5605.7331096	[1, 1, 1, 0, 1, 1, 1, 1, 1, 1, 1, 1]
	1574326	1408717	1399738	17	M	50	A		-1	5606.07355036	[1, 1, 1, 1, 1, 1, 1, 1, 1, 1, 1, 1]
	1502136	1428958	1448198	17	M	81	A		-1	5607.53939279	[1, 1, 1, 1, 1, 1, 1, 1, 1, 1, 1, 1]
	1567297	1422335	1459046	17	M	34	A		-1	5607.61581018	[1, 1, 1, 1, 1, 1, 1, 1, 1, 1, 1, 1]
	1554566	1430680	1383342	17	M	98	A		-1	5607.84358591	[0, 1, 1, 1, 1, 1, 1, 1, 1, 1, 1, 1]
	1519454	1456735	1306053	17	M	47	A		-1	5608.86042239	[1, 1, 1, 1, 1, 1, 1, 1, 1, 1, 1, 1]
	1503457	1435198	1486017	17	M	20	A		-1	5614.47986519	[1, 1, 1, 1, 1, 1, 1, 1, 1, 1, 1, 1]
	1524271	1432519	1403379	17	M	98	A		-1	5614.65869308	[1, 1, 1, 1, 1, 1, 1, 1, 1, 1, 1, 1]
	1584516	1432519	1462484	17	M	92	A		-1	5615.75018042	[1, 1, 1, 1, 1, 1, 1, 1, 1, 1, 1, 1]
	1551987	1451620	1425579	17	M	26	A		-1	5618.34011788	[1, 1, 1, 0, 1, 1, 1, 1, 1, 1, 1, 1]
	1576396	1477243	1421028	17	M	20	A		-1	5620.98791696	[1, 1, 1, 1, 1, 1, 1, 1, 1, 1, 1, 1]
	1585955	1431318	1462118	17	M	4	A		-1	5621.06459088	[1, 1, 1, 1, 1, 1, 1, 0, 1, 1, 1, 1]
	1591281	1415560	1469395	17	M	67	A		-1	5622.20187956	[1, 1, 1, 1, 1, 1, 1, 1, 1, 1, 1, 1]
	1580866	1407073	1410287	17	M	33	A		-1	5622.85974214	[1, 1, 1, 1, 1, 1, 1, 1, 1, 1, 1, 1]
	1552138	1403650	1325422	17	M	29	A		-1	5625.86441963	[1, 1, 1, 1, 1, 1, 1, 1, 1, 1, 1, 1]
	1592916	1456735	1464307	17	M	19	A		-1	5626.02863657	[1, 1, 1, 1, 1, 1, 1, 1, 1, 1, 1, 1]
	1558725	1466867	1477629	17	M	63	A		-1	5629.72778446	[1, 1, 1, 1, 1, 1, 1, 1, 1, 1, 1, 1]
	1524018	1403650	1463447	17	M	86	A		-1	5632.65511896	[1, 1, 1, 1, 1, 1, 1, 0, 1, 1, 1, 1]
	1537881	1464082	1409799	17	M	76	A		-1	5633.07148997	[0, 1, 1, 1, 1, 1, 1, 1, 1, 1, 1, 1]
	1517013	1475107	1274155	17	M	63	A		-1	5635.43660129	[1, 1, 1, 1, 1, 1, 1, 1, 1, 1, 1, 1]
	1578287	1490197	1448655	17	M	42	A		-1	5635.89490776	[1, 1, 1, 1, 1, 1, 1, 1, 1, 1, 1, 1]
	1562604	1465164	1453140	17	M	16	A		-1	5636.95293047	[0, 1, 1, 1, 1, 1, 1, 1, 1, 1, 1, 1]
	1581882	1403650	1492065	17	M	21	A		-1	5637.86643349	[0, 1, 1, 1, 1, 1, 1, 1, 1, 1, 1, 1]
	1521345	1415560	1413765	17	M	53	A		-1	5642.28198965	[1, 1, 1, 1, 1, 1, 1, 1, 1, 1, 1, 1]
	1524593	1403650	1398170	17	M	78	A		-1	5643.12195526	[1, 1, 1, 1, 1, 1, 1, 1, 1, 1, 1, 1]
	1559407	1422335	1466862	17	M	62	A		-1	5646.11472769	[1, 1, 1, 1, 1, 1, 1, 1, 1, 1, 1, 1]
	1524008	1422335	1404263	17	M	88	A		-1	5646.24534616	[1, 1, 1, 1, 1, 1, 1, 1, 1, 1, 1, 1]
	1505676	1403650	1449342	17	M	66	A		-1	5646.56485123	[1, 1, 1, 1, 1, 1, 1, 1, 1, 1, 1, 1]
	1576127	1431318	1447859	17	M	50	A		-1	5648.6748701	[1, 1, 1, 1, 1, 1, 1, 0, 1, 1, 1, 1]
	1504438	1415560	1489783	17	M	42	A		-1	5649.43226377	[1, 1, 1, 1, 1, 1, 1, 1, 1, 1, 1, 1]
	1544003	1403650	1360694	17	M	69	A		-1	5650.28353616	[1, 1, 1, 1, 1, 1, 1, 1, 1, 1, 1, 1]
	1500406	1428958	1353782	17	M	62	A		-1	5650.72794439	[1, 1, 1, 1, 1, 1, 1, 1, 1, 1, 1, 1]
	1526540	1492227	1462222	17	M	7	A		-1	5651.99612812	[1, 1, 1, 1, 1, 1, 1, 1, 1, 1, 1, 1]
	1559140	1407591	1421308	17	M	81	A		-1	5654.09496529	[1, 1, 1, 1, 1, 1, 1, 1, 1, 1, 1, 1]
	1534564	1403650	1401173	17	M	35	A		-1	5656.66112179	[1, 1, 1, 1, 1, 1, 1, 1, 1, 1, 1, 1]
	1566660	1396197	1440873	17	M	91	A		-1	5656.78114701	[1, 1, 1, 1, 1, 1, 1, 1, 1, 1, 1, 1]
	1506304	1412535	1475500	17	M	64	A		-1	5656.88743479	[1, 1, 1, 1, 1, 1, 1, 1, 1, 1, 1, 1]
	1568167	1430680	1478970	17	M	99	A		-1	5657.05416837	[1, 1, 1, 1, 1, 1, 1, 1, 1, 1, 1, 1]
	1553676	1432519	1398284	17	M	79	A		-1	5657.26354329	[1, 1, 1, 1, 1, 1, 1, 1, 1, 1, 1, 1]
	1503851	1471326	1452858	17	M	99	A		-1	5657.68818384	[1, 1, 1, 1, 1, 1, 1, 1, 1, 1, 1, 1]
	1530074	1403650	1451971	17	M	60	A		-1	5659.50379074	[1, 1, 1, 0, 1, 1, 1, 1, 1, 1, 1, 1]
	1528592	1431318	1359139	17	M	23	A		-1	5659.74368167	[1, 1, 1, 1, 1, 1, 1, 1, 1, 1, 1, 1]
	1528293	1431318	1258521	17	M	34	A		-1	5663.44262236	[1, 1, 1, 1, 1, 1, 1, 1, 1, 1, 1, 1]
	1575202	1453696	1407958	17	M	41	A		-1	5664.9199675	[1, 1, 1, 1, 1, 1, 1, 1, 1, 1, 1, 1]
	1533027	1428958	1419670	17	M	60	A		-1	5665.08043104	[1, 1, 1, 1, 1, 1, 1, 1, 1, 1, 1, 1]
	1584336	1475107	1355236	17	M	54	A		-1	5665.96476185	[1, 1, 1, 1, 1, 1, 1, 1, 1, 1, 1, 1]
	1577729	1406733	1465809	17	M	91	A		-1	5667.22976727	[1, 1, 1, 1, 1, 1, 1, 1, 1, 1, 1, 1]
	1543168	1422335	1492697	17	M	84	A		-1	5668.77030353	[1, 1, 1, 1, 1, 1, 1, 1, 1, 1, 1, 1]
	1569817	1432519	1479009	17	M	34	A		-1	5668.96444514	[0, 1, 1, 1, 1, 1, 1, 1, 1, 0, 1, 1]
	1553566	1471326	1400257	17	M	46	A		-1	5675.04131899	[1, 1, 1, 1, 1, 1, 1, 1, 1, 1, 1, 1]
	1499480	1406501	1448586	17	M	75	A		-1	5678.51902797	[1, 1, 1, 1, 1, 1, 1, 1, 1, 1, 1, 1]
	1572457	1446301	1478953	17	M	75	A		-1	5685.61382505	[1, 1, 1, 0, 1, 1, 1, 1, 1, 1, 1, 1]
	1517061	1458147	1303505	17	M	24	A		-1	5685.62022859	[1, 1, 1, 1, 1, 1, 1, 1, 1, 1, 1, 1]
	1514025	1415560	1349776	17	M	90	A		-1	5692.37071947	[1, 1, 1, 1, 1, 1, 1, 1, 1, 1, 1, 1]
	1555572	1422335	1320442	17	M	96	A		-1	5694.68029268	[1, 1, 1, 1, 1, 1, 1, 1, 1, 1, 1, 1]
	1403650	1357930	1302160	16	M	44	A		-1	5699.24238389	[1, 1, 1, 1, 1, 1, 1, 1, 1, 1, 1, 1]
	1546596	1490806	1299636	17	M	54	A		-1	5699.8943462	[1, 1, 1, 1, 1, 1, 1, 1, 1, 1, 1, 1]
	1570047	1471326	1459561	17	M	59	A		-1	5700.04468937	[1, 1, 1, 1, 1, 1, 1, 1, 1, 1, 1, 1]
	1549852	1458147	1482296	17	M	39	A		-1	5713.89656362	[0, 1, 1, 1, 1, 1, 1, 1, 1, 1, 1, 1]
	1585239	1432519	1455477	17	M	86	A		-1	5718.65231495	[1, 1, 1, 1, 1, 1, 1, 1, 1, 1, 1, 1]
	1515823	1492227	1440994	17	M	73	A		-1	5718.81078691	[1, 1, 1, 1, 1, 1, 1, 1, 1, 1, 1, 1]
	1545062	1475107	1402434	17	M	64	A		-1	5719.59518698	[1, 1, 1, 1, 1, 1, 1, 1, 1, 1, 1, 1]
	1513008	1403650	1415137	17	M	47	A		-1	5728.41956299	[1, 1, 1, 1, 1, 1, 1, 1, 1, 1, 1, 1]
	1566774	1490197	1398375	17	M	67	A		-1	5730.03040416	[1, 1, 1, 1, 1, 1, 1, 1, 1, 1, 1, 1]
	1522621	1480730	1401771	17	M	41	A		-1	5731.82360153	[1, 1, 1, 1, 1, 1, 1, 1, 1, 1, 1, 1]
	1557041	1477243	1473568	17	M	79	A		-1	5733.23826308	[1, 1, 1, 0, 1, 1, 1, 1, 1, 1, 1, 1]
	1566342	1403650	1458336	17	M	65	A		-1	5735.8520832	[1, 1, 1, 1, 1, 1, 1, 1, 1, 1, 1, 1]
	1576915	1412535	1457805	17	M	3	A		-1	5753.38826554	[1, 1, 0, 1, 1, 1, 1, 1, 1, 1, 1, 1]
	1529015	1422335	1407982	17	M	39	A		-1	5759.1515541	[1, 1, 1, 1, 1, 1, 1, 1, 1, 1, 1, 1]
	1544489	1471326	1371843	17	M	69	A		-1	5764.58784204	[1, 1, 1, 1, 1, 1, 1, 1, 1, 1, 1, 1]
	1526690	1456735	1489144	17	M	13	A		-1	5768.66126183	[1, 1, 1, 1, 1, 1, 1, 1, 1, 1, 1, 1]
	1508261	1466921	1484551	17	M	66	A		-1	5770.15751458	[0, 1, 1, 1, 1, 1, 1, 1, 1, 1, 1, 1]
	1535030	1396197	1443134	17	M	9	A		-1	5779.14321907	[1, 1, 1, 1, 1, 1, 1, 1, 1, 1, 1, 1]
	1542682	1406733	1448160	17	M	32	A		-1	5791.98917081	[1, 1, 1, 1, 1, 1, 1, 1, 1, 1, 1, 1]
	1546664	1456859	1407068	17	M	61	A		-1	5797.55884385	[1, 1, 1, 1, 1, 1, 1, 1, 1, 1, 1, 1]
	1587249	1452791	1474873	17	M	71	A		-1	5806.50043217	[1, 1, 1, 1, 1, 1, 1, 1, 1, 1, 1, 1]
	1520218	1403650	1434606	17	M	93	A		-1	5809.00417358	[1, 1, 1, 1, 1, 1, 1, 1, 1, 1, 1, 1]
	1502891	1480730	1453633	17	M	96	A		-1	5810.53021857	[1, 1, 0, 1, 1, 1, 1, 1, 1, 1, 1, 1]
	1577247	1422335	1324789	17	M	65	A		-1	5825.11774059	[1, 1, 1, 1, 1, 1, 1, 1, 1, 1, 1, 1]
	1511745	1475107	1344091	17	M	67	A		-1	5838.98847062	[1, 1, 1, 1, 1, 1, 1, 1, 1, 1, 1, 1]
	1552173	1406501	1420432	17	M	98	A		-1	5849.18518617	[1, 1, 1, 1, 1, 1, 1, 1, 1, 1, 1, 1]
	1544120	1432519	1451579	17	M	54	A		-1	5867.22684675	[1, 1, 1, 1, 1, 1, 1, 1, 1, 1, 1, 1]
	1547326	1407591	1458320	17	M	67	A		-1	5871.50381233	[1, 1, 1, 1, 1, 1, 1, 1, 1, 1, 1, 1]
	1575467	1466867	1445893	17	M	92	A		-1	5873.46467646	[1, 1, 1, 1, 1, 1, 1, 1, 1, 1, 1, 1]
