animal	sire	dam	born	sex	herd	status	cause	died	TBV	recessives
	1854322	1723949	1793239	20	M	33	A		-1	4912.46752219	[1, 1, 1, 1, 1, 1, 1, 1, 1, 1, 1, 1]
	1815724	1722738	1721811	20	M	17	A		-1	4912.72712543	[1, 1, 1, 1, 1, 1, 1, 1, 1, 1, 1, 1]
	1856096	1724097	1518914	20	M	138	A		-1	4913.17716555	[1, 1, 1, 1, 1, 1, 1, 1, 1, 1, 1, 1]
	1839419	1723649	1716697	20	M	56	A		-1	4913.18336089	[1, 1, 1, 1, 1, 1, 1, 1, 1, 1, 1, 1]
	1845469	1723757	1736348	20	M	145	A		-1	4913.3607265	[1, 1, 1, 1, 1, 1, 1, 1, 1, 1, 1, 1]
	1860566	1724216	1781001	20	M	70	A		-1	4913.69103347	[1, 1, 1, 1, 1, 1, 1, 1, 1, 1, 1, 1]
	1819188	1722738	1790549	20	M	171	A		-1	4913.92559805	[1, 1, 1, 1, 1, 1, 1, 1, 1, 1, 1, 1]
	1801020	1724381	1710090	20	M	104	A		-1	4914.3850881	[1, 1, 1, 1, 1, 1, 1, 1, 1, 1, 1, 1]
	1820124	1722948	1652816	20	M	20	A		-1	4914.40347985	[1, 1, 1, 1, 1, 1, 1, 1, 1, 1, 1, 1]
	1803579	1724381	1785390	20	M	112	A		-1	4914.94925917	[1, 1, 1, 1, 1, 1, 1, 1, 1, 1, 1, 1]
	1890367	1725328	1782170	20	M	24	A		-1	4915.04063035	[1, 1, 1, 1, 1, 1, 1, 1, 1, 1, 1, 1]
	1876822	1730907	1765711	20	M	139	A		-1	4915.16243063	[1, 1, 1, 1, 1, 1, 1, 1, 1, 1, 1, 1]
	1841245	1723692	1787191	20	M	51	A		-1	4915.33002741	[1, 1, 1, 1, 1, 1, 1, 1, 1, 1, 1, 1]
	1816927	1722738	1721390	20	M	110	A		-1	4915.72361604	[1, 1, 1, 1, 1, 1, 1, 1, 1, 1, 1, 1]
	1800260	1724381	1538975	20	M	132	A		-1	4915.73400653	[1, 1, 1, 1, 1, 1, 1, 1, 1, 1, 1, 1]
	1842689	1723692	1617406	20	M	120	A		-1	4915.78898908	[1, 1, 1, 1, 1, 1, 1, 1, 1, 1, 1, 1]
	1856563	1724097	1518308	20	M	199	A		-1	4915.91662957	[1, 1, 1, 1, 1, 1, 1, 1, 1, 1, 1, 1]
	1829623	1723276	1743773	20	M	139	A		-1	4916.47576986	[1, 1, 1, 1, 1, 1, 1, 1, 1, 1, 1, 1]
	1860310	1724216	1700207	20	M	46	A		-1	4916.80145839	[1, 1, 1, 1, 1, 1, 1, 1, 1, 1, 1, 1]
	1857182	1724097	1633265	20	M	144	A		-1	4916.9116528	[1, 1, 1, 1, 1, 1, 1, 1, 1, 1, 1, 1]
	1855271	1724097	1767069	20	M	177	A		-1	4916.99044561	[1, 1, 1, 1, 1, 1, 1, 1, 1, 1, 1, 1]
	1811067	1722474	1717945	20	M	84	A		-1	4917.65106191	[1, 1, 1, 1, 1, 1, 1, 1, 1, 1, 1, 1]
	1801900	1724381	1753380	20	M	188	A		-1	4917.87133282	[1, 1, 1, 1, 1, 1, 1, 1, 1, 1, 1, 1]
	1838671	1723649	1707782	20	M	145	A		-1	4918.13048884	[1, 1, 1, 1, 1, 1, 1, 1, 1, 1, 1, 1]
	1859662	1724216	1635177	20	M	145	A		-1	4918.17426308	[1, 1, 1, 1, 1, 1, 1, 1, 1, 1, 1, 1]
	1796171	1794195	1705396	20	M	12	A		-1	4918.30686079	[1, 1, 1, 1, 1, 1, 1, 1, 1, 1, 1, 1]
	1771088	1620216	1619337	19	M	83	A		-1	4918.39255961	[1, 1, 1, 1, 1, 1, 1, 1, 1, 1, 1, 1]
	1849355	1723757	1711649	20	M	169	A		-1	4918.77633628	[1, 1, 1, 1, 1, 1, 1, 1, 1, 1, 1, 1]
	1847309	1723757	1699409	20	M	179	A		-1	4919.59331417	[1, 1, 1, 1, 1, 1, 1, 1, 1, 1, 1, 1]
	1828176	1723144	1776238	20	M	197	A		-1	4919.65500789	[1, 1, 1, 1, 1, 1, 1, 1, 1, 1, 1, 1]
	1890565	1725328	1671836	20	M	50	A		-1	4919.92498979	[1, 1, 1, 1, 1, 1, 1, 1, 1, 1, 1, 1]
	1730328	1616781	1636281	19	M	25	A		-1	4920.29770622	[1, 1, 1, 1, 1, 1, 1, 1, 1, 1, 1, 1]
	1838923	1723649	1698574	20	M	71	A		-1	4920.46099681	[1, 1, 1, 1, 1, 1, 1, 1, 1, 1, 1, 1]
	1820246	1722948	1698021	20	M	184	A		-1	4920.50863053	[1, 1, 1, 1, 1, 1, 1, 1, 1, 1, 1, 1]
	1845408	1723757	1657838	20	M	99	A		-1	4920.63579593	[1, 1, 1, 1, 1, 1, 1, 1, 1, 1, 1, 1]
	1810373	1722474	1702450	20	M	134	A		-1	4920.64896699	[1, 1, 1, 1, 1, 1, 1, 1, 1, 1, 1, 1]
	1800932	1724381	1717807	20	M	30	A		-1	4921.362251	[1, 1, 1, 1, 1, 1, 1, 1, 1, 1, 1, 1]
	1861799	1724216	1620811	20	M	144	A		-1	4922.55135102	[1, 1, 1, 1, 1, 1, 1, 1, 1, 1, 1, 1]
	1858821	1724097	1721145	20	M	4	A		-1	4922.72562442	[1, 1, 1, 1, 1, 1, 1, 1, 1, 1, 1, 1]
	1854689	1724097	1707046	20	M	181	A		-1	4922.95665203	[1, 1, 1, 1, 1, 1, 1, 1, 1, 1, 1, 1]
	1855327	1724097	1692498	20	M	82	A		-1	4923.15063457	[1, 1, 1, 1, 1, 1, 1, 1, 1, 1, 1, 1]
	1849683	1723949	1693508	20	M	45	A		-1	4923.26173244	[1, 1, 1, 1, 1, 1, 1, 1, 1, 1, 1, 1]
	1856970	1724097	1782770	20	M	110	A		-1	4923.40137355	[1, 1, 1, 1, 1, 1, 1, 1, 1, 1, 1, 1]
	1890564	1725328	1778981	20	M	82	A		-1	4923.71586319	[1, 1, 1, 1, 1, 1, 1, 1, 1, 1, 1, 1]
	1800135	1724381	1724547	20	M	41	A		-1	4923.83731481	[1, 1, 1, 1, 1, 1, 1, 1, 1, 1, 1, 1]
	1882513	1724754	1704560	20	M	103	A		-1	4924.16550225	[1, 1, 1, 1, 1, 1, 1, 1, 1, 1, 1, 1]
	1846763	1723757	1619484	20	M	116	A		-1	4924.87499022	[1, 1, 1, 1, 1, 1, 1, 1, 1, 1, 1, 1]
	1787666	1620274	1601528	19	M	49	A		-1	4925.03520741	[1, 1, 1, 1, 1, 1, 1, 1, 1, 1, 1, 1]
	1823421	1722948	1783480	20	M	33	A		-1	4925.38303549	[1, 1, 1, 1, 1, 1, 1, 1, 1, 1, 1, 1]
	1856549	1724097	1713135	20	M	157	A		-1	4925.57025159	[1, 1, 1, 1, 1, 1, 1, 1, 1, 1, 1, 1]
	1861268	1724216	1677009	20	M	190	A		-1	4925.68970561	[1, 1, 1, 1, 1, 1, 1, 1, 1, 1, 1, 1]
	1872455	1724574	1748979	20	M	160	A		-1	4925.70258272	[1, 1, 1, 1, 1, 1, 1, 1, 1, 1, 1, 1]
	1868641	1724332	1783999	20	M	96	A		-1	4925.74444795	[1, 1, 1, 1, 1, 1, 1, 1, 1, 1, 1, 1]
	1859203	1724097	1742272	20	M	197	A		-1	4925.81979509	[1, 1, 1, 1, 1, 1, 1, 1, 1, 1, 1, 1]
	1862994	1724216	1613066	20	M	73	A		-1	4925.91093004	[1, 1, 1, 1, 1, 1, 1, 1, 1, 1, 1, 1]
	1877694	1730907	1563955	20	M	181	A		-1	4926.34381853	[1, 1, 1, 1, 1, 1, 1, 1, 1, 1, 1, 1]
	1804798	1722064	1761831	20	M	121	A		-1	4926.726936	[1, 1, 1, 1, 1, 1, 1, 1, 1, 1, 1, 1]
	1699074	1694354	1668553	19	M	170	A		-1	4926.90631973	[1, 1, 1, 1, 1, 1, 1, 1, 1, 1, 1, 1]
	1876886	1730907	1731658	20	M	36	A		-1	4926.98851788	[1, 1, 1, 1, 1, 1, 1, 1, 1, 1, 1, 1]
	1821214	1722948	1695277	20	M	45	A		-1	4927.17996038	[1, 1, 1, 1, 1, 1, 1, 1, 1, 1, 1, 1]
	1879069	1730907	1792488	20	M	68	A		-1	4927.5245739	[1, 1, 1, 1, 1, 1, 1, 1, 1, 1, 1, 1]
	1857643	1724097	1770075	20	M	39	A		-1	4927.67044072	[1, 1, 1, 1, 1, 1, 1, 1, 1, 1, 1, 1]
	1836473	1723649	1710119	20	M	26	A		-1	4928.23527895	[1, 1, 1, 1, 1, 1, 1, 1, 1, 1, 1, 1]
	1855652	1724097	1753970	20	M	154	A		-1	4928.50174655	[1, 1, 1, 1, 1, 1, 1, 1, 1, 1, 1, 1]
	1854379	1723949	1601086	20	M	57	A		-1	4928.5046044	[1, 1, 1, 1, 1, 1, 1, 1, 1, 1, 1, 1]
	1841133	1723692	1710801	20	M	86	A		-1	4928.98688168	[1, 1, 1, 1, 1, 1, 1, 1, 1, 1, 1, 1]
	1871988	1724574	1744864	20	M	63	A		-1	4929.17121706	[1, 1, 1, 1, 1, 1, 1, 1, 1, 1, 1, 1]
	1845127	1723757	1693363	20	M	170	A		-1	4929.28880603	[1, 1, 1, 1, 1, 1, 1, 1, 1, 1, 1, 1]
	1859023	1724097	1714219	20	M	70	A		-1	4929.51537792	[1, 1, 1, 1, 1, 1, 1, 1, 1, 1, 1, 1]
	1854303	1723949	1731523	20	M	191	A		-1	4929.64786983	[1, 1, 1, 1, 1, 1, 1, 1, 1, 1, 1, 1]
	1800050	1724381	1694590	20	M	141	A		-1	4929.73921306	[1, 1, 1, 1, 1, 1, 1, 1, 1, 1, 1, 1]
	1854832	1724097	1724932	20	M	112	A		-1	4929.82463192	[1, 1, 1, 1, 1, 1, 1, 1, 1, 1, 1, 1]
	1858138	1724097	1719178	20	M	128	A		-1	4929.92760509	[1, 1, 1, 1, 1, 1, 1, 1, 1, 1, 1, 1]
	1882025	1724754	1715110	20	M	170	A		-1	4930.20839978	[1, 1, 1, 1, 1, 1, 1, 1, 1, 1, 1, 1]
	1798397	1794195	1745103	20	M	13	A		-1	4930.27097557	[1, 1, 1, 1, 1, 1, 1, 1, 1, 1, 1, 1]
	1797222	1794195	1599638	20	M	182	A		-1	4930.93726615	[1, 1, 1, 1, 1, 1, 1, 1, 1, 1, 1, 1]
	1825299	1723144	1767383	20	M	35	A		-1	4930.96981886	[1, 1, 1, 1, 1, 1, 1, 1, 1, 1, 1, 1]
	1749872	1618767	1692084	19	M	5	A		-1	4931.07578473	[1, 1, 1, 1, 1, 1, 1, 1, 1, 1, 1, 1]
	1874824	1730907	1737720	20	M	108	A		-1	4931.22700262	[1, 1, 1, 1, 1, 1, 1, 1, 1, 1, 1, 1]
	1855389	1724097	1649059	20	M	168	A		-1	4931.24464754	[1, 1, 1, 1, 1, 1, 1, 1, 1, 1, 1, 1]
	1856540	1724097	1707892	20	M	49	A		-1	4931.36531116	[1, 1, 1, 1, 1, 1, 1, 1, 1, 1, 1, 1]
	1857209	1724097	1684834	20	M	42	A		-1	4931.46708513	[1, 1, 1, 1, 1, 1, 1, 1, 1, 1, 1, 1]
	1872785	1724574	1778185	20	M	52	A		-1	4931.48825139	[1, 1, 1, 1, 1, 1, 1, 1, 1, 1, 1, 1]
	1875186	1730907	1719758	20	M	25	A		-1	4931.61187212	[1, 1, 1, 1, 1, 1, 1, 1, 1, 1, 1, 1]
	1846341	1723757	1698507	20	M	24	A		-1	4931.73953648	[1, 1, 1, 1, 1, 1, 1, 1, 1, 1, 1, 1]
	1827088	1723144	1519904	20	M	17	A		-1	4931.89722338	[1, 1, 1, 1, 1, 1, 1, 1, 1, 1, 1, 1]
	1876260	1730907	1771820	20	M	3	A		-1	4931.9727613	[1, 1, 1, 1, 1, 1, 1, 1, 1, 1, 1, 1]
	1805585	1722064	1774521	20	M	3	A		-1	4932.3745242	[1, 1, 1, 1, 1, 1, 1, 1, 1, 1, 1, 1]
	1854704	1724097	1721956	20	M	160	A		-1	4932.48898124	[1, 1, 1, 1, 1, 1, 1, 1, 1, 1, 1, 1]
	1772880	1620216	1693948	19	M	59	A		-1	4932.59660061	[1, 1, 1, 1, 1, 1, 1, 1, 1, 1, 1, 1]
	1845591	1723757	1702963	20	M	173	A		-1	4932.73680879	[1, 1, 1, 1, 1, 1, 1, 1, 1, 1, 1, 1]
	1840807	1723692	1723394	20	M	90	A		-1	4932.75452981	[1, 1, 1, 1, 1, 1, 1, 1, 1, 1, 1, 1]
	1733716	1616781	1655834	19	M	98	A		-1	4933.17602181	[1, 1, 1, 1, 1, 1, 1, 1, 1, 1, 1, 1]
	1827376	1723144	1782551	20	M	131	A		-1	4933.17753416	[1, 1, 1, 1, 1, 1, 1, 1, 1, 1, 1, 1]
	1826831	1723144	1747052	20	M	17	A		-1	4933.35462001	[1, 1, 1, 1, 1, 1, 1, 1, 1, 1, 1, 1]
	1847684	1723757	1705730	20	M	43	A		-1	4933.39604022	[1, 1, 1, 1, 1, 1, 1, 1, 1, 1, 1, 1]
	1877506	1730907	1691226	20	M	103	A		-1	4933.40766115	[1, 1, 1, 1, 1, 1, 1, 1, 1, 1, 1, 1]
	1828029	1723144	1741841	20	M	154	A		-1	4933.47161712	[1, 1, 1, 1, 1, 1, 1, 1, 1, 1, 1, 1]
	1888897	1724840	1738171	20	M	176	A		-1	4933.58153768	[1, 1, 1, 1, 1, 1, 1, 1, 1, 1, 1, 1]
	1816984	1722738	1534738	20	M	31	A		-1	4934.1031073	[1, 1, 1, 1, 1, 1, 1, 1, 1, 1, 1, 1]
	1858327	1724097	1777578	20	M	187	A		-1	4934.33381193	[1, 1, 1, 1, 1, 1, 1, 1, 1, 1, 1, 1]
	1762599	1619574	1641421	19	M	49	A		-1	4934.87464397	[1, 1, 1, 1, 1, 1, 1, 1, 1, 1, 1, 1]
	1889340	1724840	1744552	20	M	15	A		-1	4935.06510263	[1, 1, 1, 1, 1, 1, 1, 1, 1, 1, 1, 1]
	1845479	1723757	1666983	20	M	185	A		-1	4935.49405693	[1, 1, 1, 1, 1, 1, 1, 1, 1, 1, 1, 1]
	1769782	1620216	1596092	19	M	99	A		-1	4935.63891825	[1, 1, 1, 1, 1, 1, 1, 1, 1, 1, 1, 1]
	1834592	1723649	1756190	20	M	194	A		-1	4935.67973796	[1, 1, 1, 1, 1, 1, 1, 1, 1, 1, 1, 1]
	1825739	1723144	1744063	20	M	138	A		-1	4936.01818286	[1, 1, 1, 1, 1, 1, 1, 1, 1, 1, 1, 1]
	1824398	1722948	1735063	20	M	156	A		-1	4936.15229126	[1, 1, 1, 1, 1, 1, 1, 1, 1, 1, 1, 1]
	1877333	1730907	1789299	20	M	135	A		-1	4936.43117676	[1, 1, 1, 1, 1, 1, 1, 1, 1, 1, 1, 1]
	1758796	1619572	1556970	19	M	157	A		-1	4936.49092914	[1, 1, 1, 1, 1, 1, 1, 1, 1, 1, 1, 1]
	1890029	1725328	1723740	20	M	112	A		-1	4936.66410488	[1, 1, 1, 1, 1, 1, 1, 1, 1, 1, 1, 1]
	1850733	1723949	1647799	20	M	54	A		-1	4936.84123195	[1, 1, 1, 1, 1, 1, 1, 1, 1, 1, 1, 1]
	1798258	1794195	1733106	20	M	169	A		-1	4936.99352174	[1, 1, 1, 1, 1, 1, 1, 1, 1, 1, 1, 1]
	1780193	1620244	1665926	19	M	6	A		-1	4937.19226258	[1, 1, 1, 1, 1, 1, 1, 1, 1, 1, 1, 1]
	1863944	1724216	1715304	20	M	76	A		-1	4937.32585162	[1, 1, 1, 1, 1, 1, 1, 1, 1, 1, 1, 1]
	1866594	1724332	1685749	20	M	97	A		-1	4937.35657647	[1, 1, 1, 1, 1, 1, 1, 1, 1, 1, 1, 1]
	1878248	1730907	1775251	20	M	0	A		-1	4937.40001393	[1, 1, 1, 1, 1, 1, 1, 1, 1, 1, 1, 1]
	1872764	1724574	1708415	20	M	13	A		-1	4937.40990004	[1, 1, 1, 1, 1, 1, 1, 1, 1, 1, 1, 1]
	1820342	1722948	1768977	20	M	106	A		-1	4937.47621579	[1, 1, 1, 1, 1, 1, 1, 1, 1, 1, 1, 1]
	1869974	1724574	1769445	20	M	170	A		-1	4937.55613564	[1, 1, 1, 1, 1, 1, 1, 1, 1, 1, 1, 1]
	1861080	1724216	1741326	20	M	153	A		-1	4938.56574878	[1, 1, 1, 1, 1, 1, 1, 1, 1, 1, 1, 1]
	1884816	1724840	1721162	20	M	89	A		-1	4939.29835473	[1, 1, 1, 1, 1, 1, 1, 1, 1, 1, 1, 1]
	1805192	1722064	1736639	20	M	17	A		-1	4939.53237378	[1, 1, 1, 1, 1, 1, 1, 1, 1, 1, 1, 1]
	1887679	1724840	1776289	20	M	144	A		-1	4940.07951795	[1, 1, 1, 1, 1, 1, 1, 1, 1, 1, 1, 1]
	1889697	1725328	1705359	20	M	120	A		-1	4940.1798422	[1, 1, 1, 1, 1, 1, 1, 1, 1, 1, 1, 1]
	1794580	1794195	1665081	20	M	138	A		-1	4940.45589794	[1, 1, 1, 1, 1, 1, 1, 1, 1, 1, 1, 1]
	1855917	1724097	1697628	20	M	27	A		-1	4940.67072228	[1, 1, 1, 1, 1, 1, 1, 1, 1, 1, 1, 1]
	1856411	1724097	1765331	20	M	144	A		-1	4940.77968686	[1, 1, 1, 1, 1, 1, 1, 1, 1, 1, 1, 1]
	1816525	1722738	1749972	20	M	190	A		-1	4940.78954759	[1, 1, 1, 1, 1, 1, 1, 1, 1, 1, 1, 1]
	1889161	1724840	1789837	20	M	190	A		-1	4941.37839057	[1, 1, 1, 1, 1, 1, 1, 1, 1, 1, 1, 1]
	1853803	1723949	1663603	20	M	45	A		-1	4941.51637079	[1, 1, 1, 1, 1, 1, 1, 1, 1, 1, 1, 1]
	1853402	1723949	1776442	20	M	160	A		-1	4941.95793072	[1, 1, 1, 1, 1, 1, 1, 1, 1, 1, 1, 1]
	1827395	1723144	1791207	20	M	194	A		-1	4942.03402891	[1, 1, 1, 1, 1, 1, 1, 1, 1, 1, 1, 1]
	1867629	1724332	1777020	20	M	115	A		-1	4942.30839673	[1, 1, 1, 1, 1, 1, 1, 1, 1, 1, 1, 1]
	1857903	1724097	1757044	20	M	125	A		-1	4942.54893321	[1, 1, 1, 1, 1, 1, 1, 1, 1, 1, 1, 1]
	1803872	1724381	1707644	20	M	55	A		-1	4942.70928719	[1, 1, 1, 1, 1, 1, 1, 1, 1, 1, 1, 1]
	1733900	1616781	1667328	19	M	109	A		-1	4943.12284846	[1, 1, 1, 1, 1, 1, 1, 1, 1, 1, 1, 1]
	1858236	1724097	1706435	20	M	173	A		-1	4943.40794986	[1, 1, 1, 1, 1, 1, 1, 1, 1, 1, 1, 1]
	1810279	1722474	1705228	20	M	13	A		-1	4944.04031237	[1, 1, 1, 1, 1, 1, 1, 1, 1, 1, 1, 1]
	1848425	1723757	1598152	20	M	76	A		-1	4944.95665085	[1, 1, 1, 1, 1, 1, 1, 1, 1, 1, 1, 1]
	1875957	1730907	1722768	20	M	110	A		-1	4945.22282263	[1, 1, 1, 1, 1, 1, 1, 1, 1, 1, 1, 1]
	1818803	1722738	1707304	20	M	143	A		-1	4945.42059234	[1, 1, 1, 1, 1, 1, 1, 1, 1, 1, 1, 1]
	1875151	1730907	1604503	20	M	147	A		-1	4945.7625297	[1, 1, 1, 1, 1, 1, 1, 1, 1, 1, 1, 1]
	1830207	1723276	1769729	20	M	105	A		-1	4946.76897384	[1, 1, 1, 1, 1, 1, 1, 1, 1, 1, 1, 1]
	1763557	1619574	1689683	19	M	180	A		-1	4946.87790654	[1, 1, 1, 1, 1, 1, 1, 1, 1, 1, 1, 1]
	1860719	1724216	1746860	20	M	168	A		-1	4947.25679663	[1, 1, 1, 1, 1, 1, 1, 1, 1, 1, 1, 1]
	1772941	1620216	1662688	19	M	156	A		-1	4947.86531702	[1, 1, 1, 1, 1, 1, 1, 1, 1, 1, 1, 1]
	1852073	1723949	1666675	20	M	125	A		-1	4948.06653778	[1, 1, 1, 1, 1, 1, 1, 1, 1, 1, 1, 1]
	1890553	1725328	1763508	20	M	188	A		-1	4948.55708816	[1, 1, 1, 1, 1, 1, 1, 1, 1, 1, 1, 1]
	1841324	1723692	1776542	20	M	198	A		-1	4948.58811257	[1, 1, 1, 1, 1, 1, 1, 1, 1, 1, 1, 1]
	1855538	1724097	1769040	20	M	109	A		-1	4948.73621321	[1, 1, 1, 1, 1, 1, 1, 1, 1, 1, 1, 1]
	1756651	1619572	1653628	19	M	13	A		-1	4949.27778024	[1, 1, 1, 1, 1, 1, 1, 1, 1, 1, 1, 1]
	1744177	1616970	1673426	19	M	164	A		-1	4949.28000064	[1, 1, 1, 1, 1, 1, 1, 1, 1, 1, 1, 1]
	1850667	1723949	1693967	20	M	48	A		-1	4949.70741586	[1, 1, 1, 1, 1, 1, 1, 1, 1, 1, 1, 1]
	1804940	1722064	1779407	20	M	168	A		-1	4950.69863073	[1, 1, 1, 1, 1, 1, 1, 1, 1, 1, 1, 1]
	1766398	1619791	1687999	19	M	54	A		-1	4950.90772698	[1, 1, 1, 1, 1, 1, 1, 1, 1, 1, 1, 1]
	1857154	1724097	1770594	20	M	35	A		-1	4952.7198289	[1, 1, 1, 1, 1, 1, 1, 1, 1, 1, 1, 1]
	1879471	1724754	1672553	20	M	120	A		-1	4952.8403268	[1, 1, 1, 1, 1, 1, 1, 1, 1, 1, 1, 1]
	1814493	1722738	1725267	20	M	164	A		-1	4953.06915412	[1, 1, 1, 1, 1, 1, 1, 1, 1, 1, 1, 1]
	1801479	1724381	1541370	20	M	46	A		-1	4953.0763304	[1, 1, 1, 1, 1, 1, 1, 1, 1, 1, 1, 1]
	1734594	1616795	1538812	19	M	185	A		-1	4953.15189028	[1, 1, 1, 1, 1, 1, 1, 1, 1, 1, 1, 1]
	1851079	1723949	1755906	20	M	63	A		-1	4953.15953132	[1, 1, 1, 1, 1, 1, 1, 1, 1, 1, 1, 1]
	1857033	1724097	1772911	20	M	145	A		-1	4953.87111389	[1, 1, 1, 1, 1, 1, 1, 1, 1, 1, 1, 1]
	1849736	1723949	1752887	20	M	47	A		-1	4953.97879276	[1, 1, 1, 1, 1, 1, 1, 1, 1, 1, 1, 1]
	1885466	1724840	1696896	20	M	29	A		-1	4953.97962911	[1, 1, 1, 1, 1, 1, 1, 1, 1, 1, 1, 1]
	1784815	1620274	1618610	19	M	52	A		-1	4954.12650659	[1, 1, 1, 1, 1, 1, 1, 1, 1, 1, 1, 1]
	1858030	1724097	1674163	20	M	11	A		-1	4954.33983503	[1, 1, 1, 1, 1, 1, 1, 1, 1, 1, 1, 1]
	1753388	1618767	1648287	19	M	164	A		-1	4954.47674719	[1, 1, 1, 1, 1, 1, 1, 1, 1, 1, 1, 1]
	1887244	1724840	1600641	20	M	114	A		-1	4954.76011553	[1, 1, 1, 1, 1, 1, 1, 1, 1, 1, 1, 1]
	1807633	1722064	1745900	20	M	75	A		-1	4955.29694427	[1, 1, 1, 1, 1, 1, 1, 1, 1, 1, 1, 1]
	1814888	1722738	1747416	20	M	152	A		-1	4955.48000949	[1, 1, 1, 1, 1, 1, 1, 1, 1, 1, 1, 1]
	1824947	1723144	1663764	20	M	57	A		-1	4956.04736764	[1, 1, 1, 1, 1, 1, 1, 1, 1, 1, 1, 1]
	1726821	1616498	1629209	19	M	76	A		-1	4956.135521	[1, 1, 1, 1, 1, 1, 1, 1, 1, 1, 1, 1]
	1857541	1724097	1628519	20	M	63	A		-1	4956.23948048	[1, 1, 1, 1, 1, 1, 1, 1, 1, 1, 1, 1]
	1835819	1723649	1714310	20	M	108	A		-1	4956.61655859	[1, 1, 1, 1, 1, 1, 1, 1, 1, 1, 1, 1]
	1869465	1724574	1656639	20	M	59	A		-1	4956.68523237	[1, 1, 1, 1, 1, 1, 1, 1, 1, 1, 1, 1]
	1814110	1722474	1738981	20	M	163	A		-1	4957.07302217	[1, 1, 1, 1, 1, 1, 1, 1, 1, 1, 1, 1]
	1806252	1722064	1744944	20	M	126	A		-1	4957.09601062	[1, 1, 1, 1, 1, 1, 1, 1, 1, 1, 1, 1]
	1855096	1724097	1734552	20	M	103	A		-1	4957.34976398	[1, 1, 1, 1, 1, 1, 1, 1, 1, 1, 1, 1]
	1825246	1723144	1716664	20	M	123	A		-1	4957.68057862	[1, 1, 1, 1, 1, 1, 1, 1, 1, 1, 1, 1]
	1821545	1722948	1774066	20	M	132	A		-1	4957.69328686	[1, 1, 1, 1, 1, 1, 1, 1, 1, 1, 1, 1]
	1873234	1724574	1770597	20	M	13	A		-1	4958.58251409	[1, 1, 1, 1, 1, 1, 1, 1, 1, 1, 1, 1]
	1847745	1723757	1792369	20	M	104	A		-1	4958.72351684	[1, 0, 1, 1, 1, 1, 1, 1, 1, 1, 1, 1]
	1858909	1724097	1780872	20	M	78	A		-1	4959.02944667	[1, 1, 1, 1, 1, 1, 1, 1, 1, 1, 1, 1]
	1826129	1723144	1697287	20	M	57	A		-1	4959.39002259	[1, 1, 1, 1, 1, 1, 1, 1, 1, 1, 1, 1]
	1811986	1722474	1581656	20	M	113	A		-1	4959.40279355	[1, 1, 1, 1, 1, 1, 1, 1, 1, 1, 1, 1]
	1854644	1724097	1775032	20	M	65	A		-1	4959.61982267	[1, 1, 1, 1, 1, 1, 1, 1, 1, 1, 1, 1]
	1855999	1724097	1713612	20	M	176	A		-1	4959.75464263	[1, 1, 1, 1, 1, 1, 1, 1, 1, 1, 1, 1]
	1816768	1722738	1710186	20	M	22	A		-1	4959.9871515	[1, 1, 1, 1, 1, 1, 1, 1, 1, 1, 1, 1]
	1808145	1722064	1769250	20	M	121	A		-1	4960.07672101	[1, 1, 1, 1, 1, 1, 1, 1, 1, 1, 1, 1]
	1876277	1730907	1775114	20	M	61	A		-1	4960.10917896	[1, 1, 1, 1, 1, 1, 1, 1, 1, 1, 1, 1]
	1862646	1724216	1763630	20	M	46	A		-1	4960.21589254	[1, 1, 1, 1, 1, 1, 1, 1, 1, 1, 1, 1]
	1854632	1724097	1767596	20	M	127	A		-1	4960.39463318	[1, 1, 1, 1, 1, 1, 1, 1, 1, 1, 1, 1]
	1824364	1722948	1760914	20	M	140	A		-1	4960.65355748	[1, 1, 1, 1, 1, 1, 1, 1, 1, 1, 1, 1]
	1861050	1724216	1722321	20	M	4	A		-1	4960.88183392	[1, 1, 1, 1, 1, 1, 1, 1, 1, 1, 1, 1]
	1835418	1723649	1696687	20	M	16	A		-1	4961.26268042	[1, 1, 1, 1, 1, 1, 1, 1, 1, 1, 1, 1]
	1818199	1722738	1676716	20	M	139	A		-1	4961.60145269	[1, 1, 1, 1, 1, 1, 1, 1, 1, 1, 1, 1]
	1893399	1725328	1700514	20	M	63	A		-1	4961.70826941	[1, 1, 1, 1, 1, 1, 1, 1, 1, 1, 1, 1]
	1857826	1724097	1734882	20	M	82	A		-1	4961.88684151	[1, 1, 1, 1, 1, 1, 1, 1, 1, 1, 1, 1]
	1876512	1730907	1750456	20	M	187	A		-1	4962.05737259	[1, 1, 1, 1, 1, 1, 1, 1, 1, 1, 1, 1]
	1892259	1725328	1756489	20	M	92	A		-1	4962.32969474	[1, 1, 1, 1, 1, 1, 1, 1, 1, 1, 1, 1]
	1885182	1724840	1689708	20	M	76	A		-1	4962.67929992	[1, 1, 1, 1, 1, 1, 1, 1, 1, 1, 1, 1]
	1826185	1723144	1788096	20	M	51	A		-1	4962.81465535	[1, 1, 1, 1, 1, 1, 1, 1, 1, 1, 1, 1]
	1857731	1724097	1755750	20	M	122	A		-1	4962.96097494	[1, 1, 1, 1, 1, 1, 1, 1, 1, 1, 1, 1]
	1853846	1723949	1786633	20	M	181	A		-1	4963.36790852	[1, 1, 1, 1, 1, 1, 1, 1, 1, 1, 1, 1]
	1858879	1724097	1586110	20	M	63	A		-1	4963.62588544	[1, 1, 1, 1, 1, 1, 1, 1, 1, 1, 1, 1]
	1887251	1724840	1721621	20	M	25	A		-1	4963.65189804	[1, 1, 1, 1, 1, 1, 1, 1, 1, 1, 1, 1]
	1855282	1724097	1654567	20	M	114	A		-1	4963.77846758	[1, 1, 1, 1, 1, 1, 1, 1, 1, 1, 1, 1]
	1799805	1724381	1699264	20	M	157	A		-1	4963.91838179	[1, 1, 1, 1, 1, 1, 1, 1, 1, 1, 1, 1]
	1835542	1723649	1791474	20	M	159	A		-1	4963.95699536	[1, 0, 1, 1, 1, 1, 1, 1, 1, 1, 1, 1]
	1820072	1722948	1756840	20	M	49	A		-1	4964.07933725	[1, 1, 1, 1, 1, 1, 1, 1, 1, 1, 1, 1]
	1835740	1723649	1696369	20	M	123	A		-1	4964.32193025	[1, 1, 1, 1, 1, 1, 1, 1, 1, 1, 1, 1]
	1825802	1723144	1763252	20	M	95	A		-1	4965.99848672	[1, 1, 1, 1, 1, 1, 1, 1, 1, 1, 1, 1]
	1875907	1730907	1773807	20	M	29	A		-1	4966.01379494	[1, 1, 1, 1, 1, 1, 1, 1, 1, 1, 1, 1]
	1856088	1724097	1727609	20	M	78	A		-1	4966.52782798	[1, 1, 1, 1, 1, 1, 1, 1, 1, 1, 1, 1]
	1838172	1723649	1698576	20	M	108	A		-1	4966.62043385	[1, 1, 1, 1, 1, 1, 1, 1, 1, 1, 1, 1]
	1735228	1616795	1660355	19	M	91	A		-1	4967.49993042	[1, 1, 1, 1, 1, 1, 1, 1, 1, 1, 1, 1]
	1822432	1722948	1708291	20	M	200	A		-1	4967.54211007	[1, 1, 1, 1, 1, 1, 1, 1, 1, 1, 1, 1]
	1837465	1723649	1759292	20	M	146	A		-1	4969.24974996	[1, 1, 1, 1, 1, 1, 1, 1, 1, 1, 1, 1]
	1888327	1724840	1620669	20	M	140	A		-1	4969.50017202	[1, 1, 1, 1, 1, 1, 1, 1, 1, 1, 1, 1]
	1868789	1724332	1665132	20	M	3	A		-1	4969.72655284	[1, 1, 1, 1, 1, 1, 1, 1, 1, 1, 1, 1]
	1890338	1725328	1738549	20	M	47	A		-1	4970.67754731	[1, 1, 1, 1, 1, 1, 1, 1, 1, 1, 1, 1]
	1842828	1723692	1726327	20	M	29	A		-1	4970.93921461	[1, 1, 1, 1, 1, 1, 1, 1, 1, 1, 1, 1]
	1862844	1724216	1715546	20	M	152	A		-1	4971.10534999	[1, 1, 1, 1, 1, 1, 1, 1, 1, 1, 1, 1]
	1851417	1723949	1712002	20	M	69	A		-1	4971.16790849	[1, 1, 1, 1, 1, 1, 1, 1, 1, 1, 1, 1]
	1850432	1723949	1794011	20	M	55	A		-1	4971.21899849	[1, 0, 1, 1, 1, 1, 1, 1, 1, 1, 1, 1]
	1838095	1723649	1722536	20	M	162	A		-1	4971.48041197	[1, 1, 1, 1, 1, 1, 1, 1, 1, 1, 1, 1]
	1862565	1724216	1696073	20	M	35	A		-1	4971.975811	[1, 1, 1, 1, 1, 1, 1, 1, 1, 1, 1, 1]
	1813273	1722474	1772411	20	M	142	A		-1	4972.06849944	[1, 1, 1, 1, 1, 1, 1, 1, 1, 1, 1, 1]
	1856723	1724097	1711815	20	M	114	A		-1	4972.09553393	[1, 1, 1, 1, 1, 1, 1, 1, 1, 1, 1, 1]
	1795332	1794195	1752840	20	M	96	A		-1	4972.22975268	[1, 1, 1, 1, 1, 1, 1, 1, 1, 1, 1, 1]
	1876387	1730907	1791408	20	M	52	A		-1	4972.31979683	[1, 1, 1, 1, 1, 1, 1, 1, 1, 1, 1, 1]
	1893941	1725328	1558642	20	M	128	A		-1	4972.70006704	[1, 1, 1, 1, 1, 1, 1, 1, 1, 1, 1, 1]
	1844274	1723692	1676871	20	M	63	A		-1	4972.89036678	[1, 1, 1, 1, 1, 1, 1, 1, 1, 1, 1, 1]
	1878566	1730907	1777890	20	M	94	A		-1	4972.91880415	[1, 1, 1, 1, 1, 1, 1, 1, 1, 1, 1, 1]
	1855214	1724097	1760929	20	M	127	A		-1	4973.77137215	[1, 1, 1, 1, 1, 1, 1, 1, 1, 1, 1, 1]
	1883811	1724754	1603499	20	M	156	A		-1	4973.97291911	[1, 1, 1, 1, 1, 1, 1, 1, 1, 1, 1, 1]
	1891132	1725328	1721114	20	M	160	A		-1	4973.99063686	[1, 1, 1, 1, 1, 1, 1, 1, 1, 1, 1, 1]
	1750775	1618767	1669753	19	M	178	A		-1	4974.08486807	[1, 1, 1, 1, 1, 1, 1, 1, 1, 1, 1, 1]
	1865196	1724332	1662159	20	M	35	A		-1	4974.24554303	[1, 1, 1, 1, 1, 1, 1, 1, 1, 1, 1, 1]
	1886074	1724840	1592545	20	M	87	A		-1	4974.26022808	[1, 1, 1, 1, 1, 1, 1, 1, 1, 1, 1, 1]
	1870326	1724574	1724014	20	M	196	A		-1	4974.36810514	[1, 1, 1, 1, 1, 1, 1, 1, 1, 1, 1, 1]
	1854575	1724097	1696873	20	M	89	A		-1	4974.76504907	[1, 1, 1, 1, 1, 1, 1, 1, 1, 1, 1, 1]
	1892944	1725328	1628685	20	M	162	A		-1	4975.01018595	[1, 1, 1, 1, 1, 1, 1, 1, 1, 1, 1, 1]
	1854930	1724097	1750366	20	M	56	A		-1	4975.06734502	[1, 1, 1, 1, 1, 1, 1, 1, 1, 1, 1, 1]
	1863627	1724216	1696280	20	M	13	A		-1	4975.21992376	[1, 1, 1, 1, 1, 1, 1, 1, 1, 1, 1, 1]
	1788573	1620274	1596264	19	M	117	A		-1	4975.36623509	[1, 1, 1, 1, 1, 1, 1, 1, 1, 1, 1, 1]
	1859217	1724097	1692364	20	M	79	A		-1	4975.36678109	[1, 1, 1, 1, 1, 1, 1, 1, 1, 1, 1, 1]
	1892913	1725328	1677498	20	M	198	A		-1	4975.63443636	[1, 1, 1, 1, 1, 1, 1, 1, 1, 1, 1, 1]
	1846338	1723757	1699253	20	M	63	A		-1	4975.66808526	[1, 1, 1, 1, 1, 1, 1, 1, 1, 1, 1, 1]
	1893836	1725328	1737028	20	M	180	A		-1	4976.68102454	[1, 1, 1, 1, 1, 1, 1, 1, 1, 1, 1, 1]
	1873159	1724574	1790874	20	M	59	A		-1	4977.21421482	[1, 0, 1, 1, 1, 1, 1, 1, 1, 1, 1, 1]
	1805027	1722064	1703950	20	M	2	A		-1	4977.49248722	[1, 1, 1, 1, 1, 1, 1, 1, 1, 1, 1, 1]
	1850697	1723949	1675572	20	M	10	A		-1	4977.61099273	[1, 1, 1, 1, 1, 1, 1, 1, 1, 1, 1, 1]
	1813459	1722474	1771423	20	M	134	A		-1	4978.2681965	[1, 1, 1, 1, 1, 1, 1, 1, 1, 1, 1, 1]
	1862539	1724216	1690936	20	M	60	A		-1	4978.26949404	[1, 1, 1, 1, 1, 1, 1, 1, 1, 1, 1, 1]
	1872564	1724574	1765232	20	M	152	A		-1	4978.61608996	[1, 1, 1, 1, 1, 1, 1, 1, 1, 1, 1, 1]
	1883290	1724754	1722956	20	M	179	A		-1	4979.92892266	[1, 1, 1, 1, 1, 1, 1, 1, 1, 1, 1, 1]
	1696310	1694354	1601457	19	M	199	A		-1	4981.23354376	[1, 1, 1, 1, 1, 1, 1, 1, 1, 1, 1, 1]
	1799966	1724381	1600050	20	M	153	A		-1	4981.30731623	[1, 1, 1, 1, 1, 1, 1, 1, 1, 1, 1, 1]
	1719680	1616497	1681259	19	M	197	A		-1	4981.42667038	[1, 1, 1, 1, 1, 1, 1, 1, 1, 1, 1, 1]
	1884479	1724840	1746608	20	M	143	A		-1	4981.97304225	[1, 1, 1, 1, 1, 1, 1, 1, 1, 1, 1, 1]
	1862967	1724216	1791835	20	M	23	A		-1	4982.07399693	[1, 1, 1, 1, 1, 1, 1, 1, 1, 1, 1, 1]
	1706808	1614804	1600358	19	M	96	A		-1	4983.69472783	[1, 1, 1, 1, 1, 1, 1, 1, 1, 1, 1, 1]
	1825283	1723144	1790156	20	M	120	A		-1	4984.56705779	[1, 0, 1, 1, 1, 1, 1, 1, 1, 1, 1, 1]
	1822804	1722948	1629046	20	M	141	A		-1	4984.72716905	[1, 1, 1, 1, 1, 1, 1, 1, 1, 1, 1, 1]
	1863836	1724216	1749457	20	M	134	A		-1	4984.97618439	[1, 1, 1, 1, 1, 1, 1, 1, 1, 1, 1, 1]
	1822703	1722948	1783672	20	M	48	A		-1	4985.39072121	[1, 1, 1, 1, 1, 1, 1, 1, 1, 1, 1, 1]
	1870352	1724574	1753994	20	M	169	A		-1	4986.01793955	[1, 1, 1, 1, 1, 1, 1, 1, 1, 1, 1, 1]
	1841414	1723692	1735837	20	M	175	A		-1	4986.16565966	[1, 1, 1, 1, 1, 1, 1, 1, 1, 1, 1, 1]
	1887626	1724840	1643655	20	M	77	A		-1	4986.37100383	[1, 1, 1, 1, 1, 1, 1, 1, 1, 1, 1, 1]
	1823910	1722948	1711068	20	M	69	A		-1	4987.03316177	[1, 1, 1, 1, 1, 1, 1, 1, 1, 1, 1, 1]
	1872831	1724574	1782751	20	M	60	A		-1	4988.0937355	[1, 1, 1, 1, 1, 1, 1, 1, 1, 1, 1, 1]
	1725328	1616498	1622017	19	M	198	A		-1	4989.52036162	[1, 1, 1, 1, 1, 1, 1, 1, 1, 1, 1, 1]
	1865153	1724332	1612160	20	M	78	A		-1	4989.93509214	[1, 1, 1, 1, 1, 1, 1, 1, 1, 1, 1, 1]
	1878996	1730907	1734906	20	M	193	A		-1	4991.40943921	[1, 1, 1, 1, 1, 1, 1, 1, 1, 1, 1, 1]
	1880298	1724754	1793376	20	M	14	A		-1	4991.47335104	[1, 1, 1, 1, 1, 1, 1, 1, 1, 1, 1, 1]
	1813803	1722474	1701260	20	M	155	A		-1	4992.7306309	[1, 1, 1, 1, 1, 1, 1, 1, 1, 1, 1, 1]
	1878983	1730907	1749064	20	M	144	A		-1	4992.85861118	[1, 1, 1, 1, 1, 1, 1, 1, 1, 1, 1, 1]
	1820231	1722948	1701920	20	M	172	A		-1	4993.41340971	[1, 1, 1, 1, 1, 1, 1, 1, 1, 1, 1, 1]
	1832082	1723276	1792793	20	M	162	A		-1	4994.28852892	[1, 1, 1, 1, 1, 1, 1, 1, 1, 1, 1, 1]
	1849691	1723949	1763857	20	M	78	A		-1	4994.81473162	[1, 1, 1, 1, 1, 1, 1, 1, 1, 1, 1, 1]
	1815874	1722738	1789224	20	M	121	A		-1	4995.06230143	[1, 1, 1, 1, 1, 1, 1, 1, 1, 1, 1, 1]
	1855340	1724097	1783421	20	M	28	A		-1	4995.58360776	[1, 1, 1, 1, 1, 1, 1, 1, 1, 1, 1, 1]
	1850721	1723949	1708103	20	M	134	A		-1	4995.60543877	[1, 1, 1, 1, 1, 1, 1, 1, 1, 1, 1, 1]
	1849704	1723949	1720708	20	M	139	A		-1	4995.91571143	[1, 1, 1, 1, 1, 1, 1, 1, 1, 1, 1, 1]
	1855011	1724097	1734125	20	M	124	A		-1	4996.27091634	[1, 1, 1, 1, 1, 1, 1, 1, 1, 1, 1, 1]
	1855159	1724097	1782299	20	M	69	A		-1	4996.56390394	[1, 1, 1, 1, 1, 1, 1, 1, 1, 1, 1, 1]
	1858286	1724097	1696887	20	M	144	A		-1	4997.35171844	[1, 1, 1, 1, 1, 1, 1, 1, 1, 1, 1, 1]
	1844960	1723757	1792370	20	M	13	A		-1	4998.53285531	[1, 1, 1, 1, 1, 1, 1, 1, 1, 1, 1, 1]
	1811919	1722474	1637552	20	M	78	A		-1	4998.72633458	[1, 1, 1, 1, 1, 1, 1, 1, 1, 1, 1, 1]
	1799996	1724381	1737675	20	M	141	A		-1	5000.7485926	[1, 1, 1, 1, 1, 1, 1, 1, 1, 1, 1, 1]
	1856036	1724097	1770393	20	M	61	A		-1	5000.90446849	[1, 1, 1, 1, 1, 1, 1, 1, 1, 1, 1, 1]
	1885821	1724840	1737225	20	M	93	A		-1	5001.62589366	[1, 1, 1, 1, 1, 1, 1, 1, 1, 1, 1, 1]
	1877912	1730907	1769986	20	M	152	A		-1	5002.07203633	[1, 1, 1, 1, 1, 1, 1, 1, 1, 1, 1, 1]
	1854569	1724097	1675928	20	M	166	A		-1	5002.50676246	[1, 1, 1, 1, 1, 1, 1, 1, 1, 1, 1, 1]
	1849435	1723757	1772375	20	M	165	A		-1	5002.92358859	[1, 1, 1, 1, 1, 1, 1, 1, 1, 1, 1, 1]
	1766835	1619791	1600412	19	M	148	A		-1	5003.25859591	[1, 1, 1, 1, 1, 1, 1, 1, 1, 1, 1, 1]
	1858156	1724097	1779819	20	M	157	A		-1	5004.33079316	[1, 1, 1, 1, 1, 1, 1, 1, 1, 1, 1, 1]
	1852099	1723949	1509341	20	M	68	A		-1	5004.57421424	[1, 1, 1, 1, 1, 1, 1, 1, 1, 1, 1, 1]
	1878759	1730907	1791150	20	M	76	A		-1	5004.62451832	[1, 1, 1, 1, 1, 1, 1, 1, 1, 1, 1, 1]
	1825877	1723144	1780439	20	M	191	A		-1	5004.80028291	[1, 1, 1, 1, 1, 1, 1, 1, 1, 1, 1, 1]
	1808197	1722064	1609302	20	M	114	A		-1	5005.06327697	[1, 1, 1, 1, 1, 1, 1, 1, 1, 1, 1, 1]
	1804541	1722064	1738000	20	M	119	A		-1	5005.40415375	[1, 1, 1, 1, 1, 1, 1, 1, 1, 1, 1, 1]
	1850701	1723949	1742271	20	M	190	A		-1	5005.57213814	[1, 1, 1, 1, 1, 1, 1, 1, 1, 1, 1, 1]
	1806872	1722064	1785726	20	M	172	A		-1	5006.21769496	[1, 1, 1, 1, 1, 1, 1, 1, 1, 1, 1, 1]
	1858421	1724097	1746556	20	M	86	A		-1	5006.63906976	[1, 1, 1, 1, 1, 1, 1, 1, 1, 1, 1, 1]
	1865105	1724332	1757555	20	M	141	A		-1	5007.24422348	[1, 1, 1, 1, 1, 1, 1, 1, 1, 1, 1, 1]
	1739226	1616795	1687469	19	M	141	A		-1	5007.38795402	[1, 1, 1, 1, 1, 1, 1, 1, 1, 1, 1, 1]
	1796333	1794195	1711088	20	M	141	A		-1	5007.43847194	[1, 1, 1, 1, 1, 1, 1, 1, 1, 1, 1, 1]
	1892427	1725328	1731771	20	M	59	A		-1	5007.58019351	[1, 1, 1, 1, 1, 1, 1, 1, 1, 1, 1, 1]
	1861180	1724216	1786370	20	M	104	A		-1	5007.60537905	[1, 1, 1, 1, 1, 1, 1, 1, 1, 1, 1, 1]
	1855611	1724097	1711282	20	M	163	A		-1	5007.78659089	[1, 1, 1, 1, 1, 1, 1, 1, 1, 1, 1, 1]
	1850651	1723949	1756734	20	M	133	A		-1	5007.83279483	[1, 1, 1, 1, 1, 1, 1, 1, 1, 1, 1, 1]
	1852219	1723949	1745703	20	M	171	A		-1	5008.10566236	[1, 1, 1, 1, 1, 1, 1, 1, 1, 1, 1, 1]
	1798891	1794195	1757479	20	M	145	A		-1	5008.60968699	[1, 1, 1, 1, 1, 1, 1, 1, 1, 1, 1, 1]
	1885589	1724840	1788642	20	M	22	A		-1	5008.72824253	[1, 1, 1, 1, 1, 1, 1, 1, 1, 1, 1, 1]
	1843672	1723692	1682887	20	M	136	A		-1	5008.83659958	[1, 1, 1, 1, 1, 1, 1, 1, 1, 1, 1, 1]
	1860477	1724216	1741902	20	M	47	A		-1	5009.65875979	[1, 1, 1, 1, 1, 1, 1, 1, 1, 1, 1, 1]
	1820895	1722948	1757824	20	M	51	A		-1	5009.76044253	[1, 1, 1, 1, 1, 1, 1, 1, 1, 1, 1, 1]
	1857168	1724097	1762499	20	M	172	A		-1	5010.05485506	[1, 1, 1, 1, 1, 1, 1, 1, 1, 1, 1, 1]
	1856225	1724097	1782140	20	M	49	A		-1	5010.86513848	[1, 1, 1, 1, 1, 1, 1, 1, 1, 1, 1, 1]
	1856401	1724097	1735785	20	M	52	A		-1	5011.96499376	[1, 1, 1, 1, 1, 1, 1, 1, 1, 1, 1, 1]
	1856244	1724097	1688618	20	M	7	A		-1	5014.90167763	[1, 1, 1, 1, 1, 1, 1, 1, 1, 1, 1, 1]
	1842752	1723692	1699767	20	M	43	A		-1	5015.93600848	[1, 1, 1, 1, 1, 1, 1, 1, 1, 1, 1, 1]
	1852676	1723949	1708926	20	M	39	A		-1	5016.52310142	[1, 1, 1, 1, 1, 1, 1, 1, 1, 1, 1, 1]
	1856821	1724097	1757731	20	M	59	A		-1	5016.56654362	[1, 1, 1, 1, 1, 1, 1, 1, 1, 1, 1, 1]
	1805806	1722064	1773739	20	M	74	A		-1	5016.76991066	[1, 1, 1, 1, 1, 1, 1, 1, 1, 1, 1, 1]
	1858135	1724097	1719345	20	M	175	A		-1	5017.01302029	[1, 1, 1, 1, 1, 1, 1, 1, 1, 1, 1, 1]
	1847970	1723757	1780303	20	M	113	A		-1	5017.67662533	[1, 1, 1, 1, 1, 1, 1, 1, 1, 1, 1, 1]
	1867851	1724332	1713086	20	M	78	A		-1	5017.75692558	[1, 1, 1, 1, 1, 1, 1, 1, 1, 1, 1, 1]
	1797249	1794195	1690099	20	M	74	A		-1	5019.55071896	[1, 1, 1, 1, 1, 1, 1, 1, 1, 1, 1, 1]
	1858612	1724097	1773850	20	M	67	A		-1	5020.10457569	[1, 1, 1, 1, 1, 1, 1, 1, 1, 1, 1, 1]
	1797508	1794195	1711162	20	M	161	A		-1	5020.21272125	[1, 1, 1, 1, 1, 1, 1, 1, 1, 1, 1, 1]
	1800079	1724381	1709763	20	M	145	A		-1	5020.5203866	[1, 1, 1, 1, 1, 1, 1, 1, 1, 1, 1, 1]
	1767528	1619791	1602806	19	M	0	A		-1	5021.16112721	[1, 1, 1, 1, 1, 1, 1, 1, 1, 1, 1, 1]
	1893380	1725328	1749284	20	M	155	A		-1	5021.44084845	[1, 1, 1, 1, 1, 1, 1, 1, 1, 1, 1, 1]
	1808415	1722064	1772543	20	M	17	A		-1	5023.43646938	[1, 1, 1, 1, 1, 1, 1, 1, 1, 1, 1, 1]
	1807902	1722064	1759275	20	M	83	A		-1	5024.43275491	[1, 1, 1, 1, 1, 1, 1, 1, 1, 1, 1, 1]
	1890607	1725328	1730356	20	M	116	A		-1	5024.5960928	[1, 1, 1, 1, 1, 1, 1, 1, 1, 1, 1, 1]
	1856833	1724097	1748130	20	M	11	A		-1	5025.54998699	[1, 1, 1, 1, 1, 1, 1, 1, 1, 1, 1, 1]
	1813223	1722474	1793113	20	M	176	A		-1	5026.32031941	[1, 1, 1, 1, 1, 1, 1, 1, 1, 1, 1, 1]
	1874191	1724574	1673426	20	M	164	A		-1	5026.93078002	[1, 1, 1, 1, 1, 1, 1, 1, 1, 1, 1, 1]
	1802631	1724381	1787842	20	M	62	A		-1	5027.08511625	[1, 1, 1, 1, 1, 1, 1, 1, 1, 1, 1, 1]
	1893074	1725328	1759042	20	M	148	A		-1	5027.10054335	[1, 1, 1, 1, 1, 1, 1, 1, 1, 1, 1, 1]
	1889938	1725328	1740727	20	M	57	A		-1	5027.4571385	[1, 1, 1, 1, 1, 1, 1, 1, 1, 1, 1, 1]
	1880505	1724754	1713169	20	M	156	A		-1	5027.56840645	[1, 1, 1, 1, 1, 1, 1, 1, 1, 1, 1, 1]
	1873936	1724574	1668321	20	M	61	A		-1	5028.54250812	[1, 1, 1, 1, 1, 1, 1, 1, 1, 1, 1, 1]
	1724097	1616497	1691286	19	M	89	A		-1	5028.66569731	[1, 1, 1, 1, 1, 1, 1, 1, 1, 1, 1, 1]
	1820464	1722948	1618895	20	M	76	A		-1	5031.20168392	[1, 1, 1, 1, 1, 1, 1, 1, 1, 1, 1, 1]
	1891776	1725328	1734940	20	M	192	A		-1	5032.1023031	[1, 1, 1, 1, 1, 1, 1, 1, 1, 1, 1, 1]
	1837950	1723649	1752930	20	M	170	A		-1	5032.66296915	[1, 1, 1, 1, 1, 1, 1, 1, 1, 1, 1, 1]
	1889295	1724840	1789033	20	M	39	A		-1	5033.52634341	[1, 1, 1, 1, 1, 1, 1, 1, 1, 1, 1, 1]
	1889842	1725328	1784006	20	M	21	A		-1	5034.10901367	[1, 1, 1, 1, 1, 1, 1, 1, 1, 1, 1, 1]
	1794907	1794195	1780215	20	M	86	A		-1	5035.83918179	[1, 1, 1, 1, 1, 1, 1, 1, 1, 1, 1, 1]
	1857431	1724097	1759892	20	M	114	A		-1	5036.48480612	[1, 1, 1, 1, 1, 1, 1, 1, 1, 1, 1, 1]
	1765736	1619791	1654236	19	M	151	A		-1	5038.24933583	[1, 1, 1, 1, 1, 1, 1, 1, 1, 1, 1, 1]
	1849360	1723757	1721276	20	M	0	A		-1	5038.57489528	[1, 1, 1, 1, 1, 1, 1, 1, 1, 1, 1, 1]
	1857505	1724097	1737305	20	M	197	A		-1	5040.26477067	[1, 1, 1, 1, 1, 1, 1, 1, 1, 1, 1, 1]
	1852558	1723949	1695655	20	M	61	A		-1	5040.2846069	[1, 1, 1, 1, 1, 1, 1, 1, 1, 1, 1, 1]
	1823473	1722948	1701380	20	M	125	A		-1	5040.95019242	[1, 1, 1, 1, 1, 1, 1, 1, 1, 1, 1, 1]
	1886806	1724840	1761937	20	M	176	A		-1	5040.96102418	[1, 1, 1, 1, 1, 1, 1, 1, 1, 1, 1, 1]
	1840530	1723692	1708159	20	M	51	A		-1	5041.18928818	[1, 1, 1, 1, 1, 1, 1, 1, 1, 1, 1, 1]
	1819308	1722738	1793670	20	M	2	A		-1	5041.32183782	[1, 0, 1, 0, 1, 1, 1, 1, 1, 1, 1, 1]
	1877770	1730907	1784021	20	M	161	A		-1	5041.59941758	[1, 1, 1, 1, 1, 1, 1, 1, 1, 1, 1, 1]
	1845048	1723757	1645871	20	M	170	A		-1	5041.7736253	[1, 1, 1, 1, 1, 1, 1, 1, 1, 1, 1, 1]
	1848125	1723757	1778505	20	M	12	A		-1	5042.51701701	[1, 1, 1, 1, 1, 1, 1, 1, 1, 1, 1, 1]
	1859399	1724097	1721389	20	M	75	A		-1	5043.16370901	[1, 1, 1, 1, 1, 1, 1, 1, 1, 1, 1, 1]
	1860333	1724216	1717723	20	M	178	A		-1	5043.23835184	[1, 1, 1, 1, 1, 1, 1, 1, 1, 1, 1, 1]
	1873910	1724574	1742792	20	M	51	A		-1	5043.37056104	[1, 1, 1, 1, 1, 1, 1, 1, 1, 1, 1, 1]
	1883077	1724754	1703880	20	M	117	A		-1	5043.49773112	[1, 1, 1, 1, 1, 1, 1, 1, 1, 1, 1, 1]
	1856614	1724097	1771531	20	M	16	A		-1	5043.56466466	[1, 1, 1, 1, 1, 1, 1, 1, 1, 1, 1, 1]
	1835553	1723649	1755489	20	M	49	A		-1	5043.7955573	[1, 1, 1, 1, 1, 1, 1, 1, 1, 1, 1, 1]
	1721849	1616497	1665072	19	M	108	A		-1	5047.39525949	[1, 1, 1, 1, 1, 1, 1, 1, 1, 1, 1, 1]
	1843752	1723692	1788363	20	M	38	A		-1	5047.81640019	[1, 1, 1, 1, 1, 1, 1, 1, 1, 1, 1, 1]
	1833825	1723276	1774627	20	M	82	A		-1	5047.99245433	[1, 1, 1, 1, 1, 1, 1, 1, 1, 1, 1, 1]
	1813857	1722474	1730024	20	M	11	A		-1	5047.99765122	[1, 1, 1, 1, 1, 1, 1, 1, 1, 1, 1, 1]
	1892840	1725328	1661471	20	M	177	A		-1	5048.97103967	[1, 1, 1, 1, 1, 1, 1, 1, 1, 1, 1, 1]
	1809963	1722474	1786415	20	M	86	A		-1	5049.75160668	[1, 1, 1, 1, 1, 1, 1, 1, 1, 1, 1, 1]
	1868626	1724332	1770794	20	M	130	A		-1	5050.18464865	[1, 1, 1, 1, 1, 1, 1, 1, 1, 1, 1, 1]
	1858656	1724097	1754999	20	M	146	A		-1	5050.63737819	[1, 1, 1, 1, 1, 1, 1, 1, 1, 1, 1, 1]
	1843862	1723692	1759447	20	M	161	A		-1	5052.24783961	[1, 1, 1, 1, 1, 1, 1, 1, 1, 1, 1, 1]
	1883976	1724754	1745986	20	M	163	A		-1	5053.21701698	[1, 1, 1, 1, 1, 1, 1, 1, 1, 1, 1, 1]
	1846653	1723757	1784649	20	M	180	A		-1	5054.0329669	[1, 1, 1, 1, 1, 1, 1, 1, 1, 1, 1, 1]
	1797463	1794195	1720073	20	M	199	A		-1	5054.37658607	[1, 1, 1, 1, 1, 1, 1, 1, 1, 1, 1, 1]
	1741084	1616970	1678276	19	M	169	A		-1	5055.06990253	[1, 1, 1, 1, 1, 1, 1, 1, 1, 1, 1, 1]
	1891392	1725328	1785638	20	M	182	A		-1	5055.7263001	[1, 1, 1, 1, 1, 1, 1, 1, 1, 1, 1, 1]
	1855680	1724097	1771435	20	M	115	A		-1	5056.75547678	[1, 1, 1, 1, 1, 1, 1, 1, 1, 1, 1, 1]
	1875372	1730907	1696811	20	M	152	A		-1	5057.51697052	[1, 1, 1, 1, 1, 1, 1, 1, 1, 1, 1, 1]
	1893647	1725328	1725096	20	M	98	A		-1	5057.67628115	[1, 1, 1, 1, 1, 1, 1, 1, 1, 1, 1, 1]
	1858432	1724097	1726306	20	M	37	A		-1	5058.18478171	[1, 1, 1, 1, 1, 1, 1, 1, 1, 1, 1, 1]
	1839142	1723649	1742419	20	M	51	A		-1	5059.48338243	[1, 1, 1, 1, 1, 1, 1, 1, 1, 1, 1, 1]
	1815378	1722738	1755572	20	M	186	A		-1	5060.68386953	[1, 1, 1, 1, 1, 1, 1, 1, 1, 1, 1, 1]
	1819707	1722948	1788053	20	M	115	A		-1	5061.88662851	[1, 1, 1, 1, 1, 1, 1, 1, 1, 1, 1, 1]
	1879476	1724754	1785760	20	M	184	A		-1	5062.33703446	[1, 1, 1, 1, 1, 1, 1, 1, 1, 1, 1, 1]
	1889127	1724840	1773994	20	M	130	A		-1	5063.19256353	[1, 1, 1, 1, 1, 1, 1, 1, 1, 1, 1, 1]
	1894165	1725328	1721423	20	M	12	A		-1	5063.31951716	[1, 1, 1, 1, 1, 1, 1, 1, 1, 1, 1, 1]
	1824807	1723144	1768135	20	M	149	A		-1	5064.64649506	[1, 1, 1, 1, 1, 1, 1, 1, 1, 1, 1, 1]
	1868568	1724332	1669776	20	M	92	A		-1	5064.65390087	[1, 1, 1, 1, 1, 1, 1, 1, 1, 1, 1, 1]
	1814052	1722474	1623187	20	M	14	A		-1	5065.82154316	[1, 1, 1, 1, 1, 1, 1, 1, 1, 1, 1, 1]
	1888814	1724840	1755692	20	M	98	A		-1	5066.42860696	[1, 1, 1, 1, 1, 1, 1, 1, 1, 1, 1, 1]
	1816187	1722738	1731404	20	M	188	A		-1	5066.89448928	[1, 1, 1, 1, 1, 1, 1, 1, 1, 1, 1, 1]
	1853343	1723949	1722096	20	M	190	A		-1	5068.3746226	[1, 1, 1, 1, 1, 1, 1, 1, 1, 1, 1, 1]
	1857325	1724097	1698741	20	M	13	A		-1	5069.1261941	[1, 1, 1, 1, 1, 1, 1, 1, 1, 1, 1, 1]
	1854881	1724097	1644836	20	M	57	A		-1	5071.16077277	[1, 1, 1, 1, 1, 1, 1, 1, 1, 1, 1, 1]
	1859567	1724216	1787753	20	M	46	A		-1	5071.4563566	[1, 1, 1, 1, 1, 1, 1, 1, 1, 1, 1, 1]
	1849790	1723949	1607197	20	M	131	A		-1	5071.61685112	[1, 1, 1, 1, 1, 1, 1, 1, 1, 1, 1, 1]
	1889981	1725328	1738197	20	M	180	A		-1	5072.38365211	[1, 1, 1, 1, 1, 1, 1, 1, 1, 1, 1, 1]
	1782540	1620244	1633472	19	M	39	A		-1	5072.69364379	[1, 1, 1, 1, 1, 1, 1, 1, 1, 1, 1, 1]
	1894337	1725328	1516476	20	M	150	A		-1	5074.82819278	[1, 1, 1, 1, 1, 1, 1, 1, 1, 1, 1, 1]
	1875438	1730907	1717397	20	M	58	A		-1	5075.10551207	[1, 1, 1, 1, 1, 1, 1, 1, 1, 1, 1, 1]
	1891110	1725328	1702501	20	M	138	A		-1	5076.85270285	[1, 1, 1, 1, 1, 1, 1, 1, 1, 1, 1, 1]
	1799743	1724381	1772709	20	M	65	A		-1	5076.90160426	[1, 1, 1, 1, 1, 1, 1, 1, 1, 1, 1, 1]
	1833816	1723276	1772777	20	M	73	A		-1	5080.47392371	[1, 1, 1, 1, 1, 1, 1, 1, 1, 1, 1, 1]
	1875962	1730907	1640892	20	M	98	A		-1	5080.72362491	[1, 1, 1, 1, 1, 1, 1, 1, 1, 1, 1, 1]
	1844079	1723692	1737754	20	M	48	A		-1	5082.09818102	[1, 1, 1, 1, 1, 1, 1, 1, 1, 1, 1, 1]
	1892123	1725328	1735574	20	M	102	A		-1	5082.65423829	[1, 1, 1, 1, 1, 1, 1, 1, 1, 1, 1, 1]
	1801013	1724381	1508004	20	M	136	A		-1	5084.01411502	[1, 1, 1, 1, 1, 1, 1, 1, 1, 1, 1, 1]
	1853774	1723949	1773804	20	M	39	A		-1	5084.24092431	[1, 1, 1, 1, 1, 1, 1, 1, 1, 1, 1, 1]
	1872145	1724574	1781982	20	M	73	A		-1	5085.31222481	[1, 1, 1, 1, 1, 1, 1, 1, 1, 1, 1, 1]
	1870102	1724574	1661784	20	M	144	A		-1	5085.66185728	[1, 1, 1, 1, 1, 1, 1, 1, 1, 1, 1, 1]
	1850421	1723949	1629624	20	M	94	A		-1	5085.88414011	[1, 1, 1, 1, 1, 1, 1, 1, 1, 1, 1, 1]
	1852724	1723949	1679451	20	M	59	A		-1	5087.01517335	[1, 1, 1, 1, 1, 1, 1, 1, 1, 1, 1, 1]
	1824625	1723144	1730565	20	M	130	A		-1	5087.59802575	[1, 1, 1, 1, 1, 1, 1, 1, 1, 1, 1, 1]
	1694729	1694354	1600204	19	M	51	A		-1	5088.29133084	[1, 1, 1, 1, 1, 1, 1, 1, 1, 1, 1, 1]
	1875904	1730907	1772947	20	M	194	A		-1	5089.62489552	[1, 1, 1, 1, 1, 1, 1, 1, 1, 1, 1, 1]
	1889531	1725328	1715788	20	M	63	A		-1	5089.76518527	[1, 1, 1, 1, 1, 1, 1, 1, 1, 1, 1, 1]
	1851641	1723949	1688136	20	M	82	A		-1	5090.5772955	[1, 1, 1, 1, 1, 1, 1, 1, 1, 1, 1, 1]
	1870766	1724574	1746825	20	M	37	A		-1	5091.76226375	[1, 1, 1, 1, 1, 1, 1, 1, 1, 1, 1, 1]
	1894363	1725328	1769404	20	M	39	A		-1	5094.38652028	[1, 1, 1, 1, 1, 1, 1, 1, 1, 1, 1, 1]
	1855968	1724097	1708469	20	M	199	A		-1	5095.19024495	[1, 1, 1, 1, 1, 1, 1, 1, 1, 1, 1, 1]
	1857864	1724097	1738839	20	M	80	A		-1	5095.95246577	[1, 1, 1, 1, 1, 1, 1, 1, 1, 1, 1, 1]
	1843171	1723692	1696507	20	M	2	A		-1	5097.03334084	[1, 1, 1, 1, 1, 1, 1, 1, 1, 1, 1, 1]
	1814746	1722738	1748080	20	M	17	A		-1	5098.10787068	[1, 1, 1, 1, 1, 1, 1, 1, 1, 1, 1, 1]
	1844243	1723692	1714514	20	M	61	A		-1	5101.05972506	[1, 1, 1, 1, 1, 1, 1, 1, 1, 1, 1, 1]
	1855480	1724097	1697129	20	M	36	A		-1	5101.52353931	[1, 1, 1, 1, 1, 1, 1, 1, 1, 1, 1, 1]
	1870522	1724574	1641539	20	M	76	A		-1	5102.48533085	[1, 1, 1, 1, 1, 1, 1, 1, 1, 1, 1, 1]
	1893192	1725328	1738737	20	M	106	A		-1	5102.64438447	[1, 1, 1, 1, 1, 1, 1, 1, 1, 1, 1, 1]
	1893626	1725328	1722973	20	M	14	A		-1	5102.97012718	[1, 1, 1, 1, 1, 1, 1, 1, 1, 1, 1, 1]
	1854778	1724097	1778301	20	M	134	A		-1	5103.51505828	[1, 1, 1, 1, 1, 1, 1, 1, 1, 1, 1, 1]
	1809448	1722064	1688966	20	M	11	A		-1	5104.70352754	[1, 1, 1, 1, 1, 1, 1, 1, 1, 1, 1, 1]
	1798025	1794195	1728319	20	M	84	A		-1	5106.96267665	[1, 1, 1, 1, 1, 1, 1, 1, 1, 1, 1, 1]
	1839441	1723649	1791053	20	M	190	A		-1	5110.64873217	[1, 1, 1, 1, 1, 1, 1, 1, 1, 1, 1, 1]
	1849610	1723949	1735833	20	M	123	A		-1	5111.75870868	[1, 1, 1, 1, 1, 1, 1, 1, 1, 1, 1, 1]
	1858995	1724097	1735073	20	M	135	A		-1	5114.33438582	[1, 1, 1, 1, 1, 1, 1, 1, 1, 1, 1, 1]
	1768436	1619791	1675869	19	M	117	A		-1	5115.27875082	[1, 1, 1, 1, 1, 1, 1, 1, 1, 1, 1, 1]
	1852447	1723949	1720435	20	M	200	A		-1	5115.87093393	[1, 1, 1, 1, 1, 1, 1, 1, 1, 1, 1, 1]
	1861770	1724216	1750216	20	M	62	A		-1	5116.82280358	[1, 1, 1, 1, 1, 1, 1, 1, 1, 1, 1, 1]
	1892107	1725328	1765514	20	M	37	A		-1	5117.6773761	[1, 1, 1, 1, 1, 1, 1, 1, 1, 1, 1, 1]
	1857152	1724097	1717703	20	M	152	A		-1	5119.02740274	[1, 1, 1, 1, 1, 1, 1, 1, 1, 1, 1, 1]
	1843013	1723692	1730673	20	M	12	A		-1	5120.78896918	[1, 1, 1, 1, 1, 1, 1, 1, 1, 1, 1, 1]
	1890706	1725328	1729540	20	M	9	A		-1	5120.96542153	[1, 1, 1, 1, 1, 1, 1, 1, 1, 1, 1, 1]
	1890658	1725328	1785076	20	M	69	A		-1	5121.48797354	[1, 1, 1, 1, 1, 1, 1, 1, 1, 1, 1, 1]
	1879810	1724754	1729442	20	M	56	A		-1	5122.25852522	[1, 1, 1, 1, 1, 1, 1, 1, 1, 1, 1, 1]
	1839743	1723692	1729139	20	M	174	A		-1	5122.78561687	[1, 1, 1, 1, 1, 1, 1, 1, 1, 1, 1, 1]
	1847527	1723757	1623862	20	M	127	A		-1	5123.37047181	[1, 1, 1, 1, 1, 1, 1, 1, 1, 1, 1, 1]
	1890037	1725328	1750037	20	M	97	A		-1	5125.72022154	[1, 1, 1, 1, 1, 1, 1, 1, 1, 1, 1, 1]
	1815221	1722738	1786999	20	M	189	A		-1	5126.69496621	[1, 1, 1, 1, 1, 1, 1, 1, 1, 1, 1, 1]
	1826737	1723144	1775971	20	M	121	A		-1	5128.77951021	[1, 1, 1, 1, 1, 1, 1, 1, 1, 1, 1, 1]
	1894438	1725328	1604077	20	M	183	A		-1	5129.62068236	[1, 1, 1, 1, 1, 1, 1, 1, 1, 1, 1, 1]
	1853816	1723949	1772360	20	M	85	A		-1	5131.0051834	[1, 1, 1, 1, 1, 1, 1, 1, 1, 1, 1, 1]
	1874837	1730907	1765259	20	M	175	A		-1	5132.91929262	[1, 1, 1, 1, 1, 1, 1, 1, 1, 1, 1, 1]
	1858937	1724097	1750434	20	M	135	A		-1	5137.04869994	[1, 1, 1, 1, 1, 1, 1, 1, 1, 1, 1, 1]
	1821578	1722948	1628802	20	M	28	A		-1	5139.83597769	[1, 1, 1, 1, 1, 1, 1, 1, 1, 1, 1, 1]
	1847425	1723757	1733064	20	M	0	A		-1	5143.03783813	[1, 1, 1, 1, 1, 1, 1, 1, 1, 1, 1, 1]
	1815636	1722738	1753279	20	M	145	A		-1	5143.56657514	[1, 1, 1, 1, 1, 1, 1, 1, 1, 1, 1, 1]
	1894336	1725328	1744793	20	M	151	A		-1	5152.61930896	[1, 1, 1, 1, 1, 1, 1, 1, 1, 1, 1, 1]
	1849688	1723949	1777275	20	M	193	A		-1	5154.8202298	[1, 1, 1, 1, 1, 1, 1, 1, 1, 1, 1, 1]
	1894406	1725328	1770716	20	M	59	A		-1	5155.49811915	[1, 1, 1, 1, 1, 1, 1, 1, 1, 1, 1, 1]
	1795989	1794195	1724498	20	M	165	A		-1	5165.97009004	[1, 1, 1, 1, 1, 1, 1, 1, 1, 1, 1, 1]
	1845066	1723757	1751085	20	M	125	A		-1	5171.13312175	[1, 1, 1, 1, 1, 1, 1, 1, 1, 1, 1, 1]
	1853866	1723949	1780790	20	M	35	A		-1	5177.858507	[1, 1, 1, 1, 1, 1, 1, 1, 1, 1, 1, 1]
	1854343	1723949	1730788	20	M	39	A		-1	5184.83802811	[1, 1, 1, 1, 1, 1, 1, 1, 1, 1, 1, 1]
	1815696	1722738	1786919	20	M	75	A		-1	5185.87319762	[1, 1, 1, 1, 1, 1, 1, 1, 1, 1, 1, 1]
	1891687	1725328	1768447	20	M	76	A		-1	5187.06023505	[1, 1, 1, 1, 1, 1, 1, 1, 1, 1, 1, 1]
	1878080	1730907	1765155	20	M	109	A		-1	5189.71263073	[1, 1, 1, 1, 1, 1, 1, 1, 1, 1, 1, 1]
	1851091	1723949	1764005	20	M	175	A		-1	5190.14538801	[1, 1, 1, 1, 1, 1, 1, 1, 1, 1, 1, 1]
	1856834	1724097	1791706	20	M	169	A		-1	5196.6526338	[1, 1, 1, 1, 1, 1, 1, 1, 1, 1, 1, 1]
	1798908	1794195	1691120	20	M	82	A		-1	5197.60472535	[1, 1, 1, 1, 1, 1, 1, 1, 1, 1, 1, 1]
	1750912	1618767	1692135	19	M	164	A		-1	5198.73482224	[1, 1, 1, 1, 1, 1, 1, 1, 1, 1, 1, 1]
	1851591	1723949	1601189	20	M	122	A		-1	5201.65505665	[1, 1, 1, 1, 1, 1, 1, 1, 1, 1, 1, 1]
	1826784	1723144	1712173	20	M	181	A		-1	5210.89048162	[1, 1, 1, 1, 1, 1, 1, 1, 1, 1, 1, 1]
	1874365	1724574	1760985	20	M	189	A		-1	5211.43360397	[1, 1, 1, 1, 1, 1, 1, 1, 1, 1, 1, 1]
	1821508	1722948	1701390	20	M	81	A		-1	5214.42895585	[1, 1, 1, 1, 1, 1, 1, 1, 1, 1, 1, 1]
	1846493	1723757	1618168	20	M	43	A		-1	5221.4842845	[1, 1, 1, 1, 1, 1, 1, 1, 1, 1, 1, 1]
	1857223	1724097	1709793	20	M	149	A		-1	5222.18147006	[1, 1, 1, 1, 1, 1, 1, 1, 1, 1, 1, 1]
	1800839	1724381	1760600	20	M	78	A		-1	5223.94382908	[1, 1, 1, 1, 1, 1, 1, 1, 1, 1, 1, 1]
	1857105	1724097	1612851	20	M	48	A		-1	5245.2788562	[1, 1, 1, 1, 1, 1, 1, 1, 1, 1, 1, 1]
	1890199	1725328	1754709	20	M	76	A		-1	5245.6586433	[1, 1, 1, 1, 1, 1, 1, 1, 1, 1, 1, 1]
	1892995	1725328	1766561	20	M	41	A		-1	5249.77755973	[1, 1, 1, 1, 1, 1, 1, 1, 1, 1, 1, 1]
	1885396	1724840	1779040	20	M	185	A		-1	5258.27182665	[1, 1, 1, 1, 1, 1, 1, 1, 1, 1, 1, 1]
	1856609	1724097	1782051	20	M	23	A		-1	5260.99455096	[1, 1, 1, 1, 1, 1, 1, 1, 1, 1, 1, 1]
	1824072	1722948	1757115	20	M	31	A		-1	5276.66460404	[1, 1, 1, 1, 1, 1, 1, 1, 1, 1, 1, 1]
	1884674	1724840	1729743	20	M	117	A		-1	5299.43279199	[1, 1, 1, 1, 1, 1, 1, 1, 1, 1, 1, 1]
	1842560	1723692	1709449	20	M	63	A		-1	5299.96579049	[1, 1, 1, 1, 1, 1, 1, 1, 1, 1, 1, 1]
	1875466	1730907	1734868	20	M	124	A		-1	5321.03979904	[1, 1, 1, 1, 1, 1, 1, 1, 1, 1, 1, 1]
	1859332	1724097	1790925	20	M	103	A		-1	5321.29814464	[1, 0, 1, 1, 1, 1, 1, 1, 1, 1, 1, 1]
	1855442	1724097	1748330	20	M	182	A		-1	5349.70191018	[1, 1, 1, 1, 1, 1, 1, 1, 1, 1, 1, 1]
	1872809	1724574	1746112	20	M	170	A		-1	5474.46095537	[1, 1, 1, 1, 1, 1, 1, 1, 1, 1, 1, 1]
	1856543	1724097	1770368	20	M	155	A		-1	5500.26702557	[1, 1, 1, 1, 1, 1, 1, 1, 1, 1, 1, 1]
