animal	sire	dam	born	sex	herd	status	cause	died	TBV	recessives
	1086567	906132	911993	12	M	32	A		-1	4022.33950832	[1, 1, 1, 1, 0, 1, 1, 1, 1, 1, 1, 1]
	1033961	963545	882669	12	M	58	A		-1	4022.53274218	[1, 1, 1, 1, 1, 1, 1, 1, 1, 1, 1, 1]
	1053756	975999	942692	12	M	51	A		-1	4022.57823393	[1, 1, 1, 1, 1, 1, 1, 1, 1, 1, 1, 1]
	1030820	912705	953984	12	M	58	A		-1	4022.59165959	[1, 0, 1, 1, 1, 1, 1, 1, 1, 1, 1, 1]
	1005065	958844	927761	12	M	37	A		-1	4022.83480454	[1, 1, 1, 1, 1, 1, 1, 1, 1, 1, 1, 1]
	1018275	913995	933737	12	M	25	A		-1	4022.99257277	[1, 1, 1, 1, 1, 1, 1, 1, 1, 1, 1, 1]
	1029364	909738	905404	12	M	98	A		-1	4023.16732503	[1, 1, 1, 1, 1, 1, 1, 1, 1, 1, 1, 1]
	1087004	971953	963050	12	M	82	A		-1	4023.5294367	[1, 1, 1, 1, 1, 1, 1, 0, 1, 1, 1, 1]
	997202	961721	937553	12	M	84	A		-1	4024.37179244	[1, 1, 1, 1, 1, 1, 1, 1, 1, 1, 1, 1]
	1083628	911896	828502	12	M	53	A		-1	4024.47844859	[1, 1, 1, 1, 1, 1, 1, 1, 1, 1, 1, 1]
	1081581	954181	978847	12	M	29	A		-1	4024.49885988	[1, 1, 1, 1, 1, 1, 1, 0, 1, 1, 1, 1]
	1083968	927149	927994	12	M	40	A		-1	4024.5335535	[1, 1, 1, 1, 1, 1, 1, 1, 1, 1, 1, 1]
	913995	840759	820110	11	M	71	A		-1	4024.64621928	[1, 1, 0, 1, 1, 1, 1, 1, 1, 1, 1, 1]
	1009334	913290	977323	12	M	55	A		-1	4024.87128005	[1, 1, 1, 1, 1, 1, 1, 1, 1, 1, 1, 1]
	1075602	950538	910160	12	M	30	A		-1	4025.38575883	[1, 1, 1, 1, 1, 1, 1, 1, 1, 1, 1, 1]
	1046242	909738	827214	12	M	14	A		-1	4025.40004506	[1, 1, 1, 1, 1, 1, 1, 1, 1, 1, 1, 1]
	1079622	990177	898168	12	M	31	A		-1	4025.6021717	[1, 1, 1, 1, 1, 1, 1, 1, 1, 1, 1, 1]
	1033358	928739	943284	12	M	20	A		-1	4026.29832638	[1, 1, 1, 1, 1, 1, 1, 1, 1, 1, 1, 1]
	1091467	906132	973604	12	M	56	A		-1	4026.37268019	[1, 1, 1, 1, 0, 1, 1, 1, 1, 1, 1, 1]
	1015201	919422	940966	12	M	2	A		-1	4026.39157462	[1, 1, 1, 1, 1, 1, 1, 0, 1, 1, 1, 1]
	1053841	942316	953352	12	M	1	A		-1	4026.58045367	[1, 1, 1, 1, 1, 1, 1, 1, 1, 1, 1, 1]
	1002170	942316	940063	12	M	44	A		-1	4027.25187765	[1, 1, 1, 1, 1, 1, 1, 1, 1, 1, 1, 1]
	1075241	954573	991754	12	M	54	A		-1	4027.32921015	[1, 1, 1, 1, 1, 1, 1, 1, 1, 1, 1, 1]
	1025414	887665	911300	12	M	48	A		-1	4027.35581577	[1, 1, 1, 1, 1, 1, 1, 1, 1, 1, 1, 1]
	1003683	953529	962345	12	M	96	A		-1	4027.58194316	[1, 1, 1, 1, 1, 1, 1, 0, 1, 1, 1, 1]
	1032758	954904	910161	12	M	87	A		-1	4027.65507066	[1, 1, 1, 1, 1, 1, 1, 1, 1, 1, 1, 1]
	1076444	911059	895447	12	M	19	A		-1	4027.79340198	[0, 1, 1, 1, 1, 1, 1, 1, 1, 1, 1, 1]
	998436	961721	953304	12	M	64	A		-1	4027.81284898	[1, 1, 1, 1, 1, 1, 1, 1, 1, 1, 1, 1]
	1073395	911896	982802	12	M	35	A		-1	4027.92703547	[1, 1, 1, 1, 1, 1, 1, 1, 1, 1, 1, 0]
	1061631	933595	936434	12	M	5	A		-1	4027.98722316	[1, 1, 1, 1, 1, 1, 1, 1, 1, 1, 1, 1]
	1029349	912288	903722	12	M	7	A		-1	4028.35171605	[1, 1, 1, 1, 1, 1, 1, 0, 1, 1, 1, 1]
	998528	931935	964683	12	M	42	A		-1	4029.66165269	[1, 1, 1, 1, 1, 1, 1, 1, 1, 1, 1, 1]
	942316	884268	874413	11	M	30	A		-1	4030.29795683	[1, 1, 1, 1, 1, 1, 1, 1, 1, 1, 1, 1]
	1076445	992332	959459	12	M	80	A		-1	4030.36630645	[1, 1, 1, 1, 1, 1, 1, 1, 1, 1, 1, 1]
	1070054	932786	993261	12	M	5	A		-1	4030.42724617	[1, 1, 1, 1, 1, 1, 1, 1, 1, 1, 1, 1]
	1031605	932186	889220	12	M	10	A		-1	4030.46853378	[1, 1, 1, 0, 1, 1, 1, 1, 1, 1, 1, 1]
	1070078	912705	957601	12	M	10	A		-1	4030.54107271	[1, 0, 1, 1, 1, 1, 1, 1, 1, 1, 1, 1]
	996566	986687	934243	12	M	73	A		-1	4030.79125366	[1, 1, 1, 1, 1, 1, 1, 1, 1, 1, 1, 1]
	1046118	933595	970930	12	M	37	A		-1	4031.04469373	[1, 1, 1, 1, 1, 1, 1, 1, 1, 1, 1, 1]
	1060004	933595	975293	12	M	44	A		-1	4031.13261954	[1, 1, 1, 1, 1, 1, 1, 1, 1, 1, 1, 1]
	1012475	950538	967671	12	M	69	A		-1	4031.15333808	[0, 1, 1, 0, 1, 1, 1, 1, 1, 1, 1, 1]
	1086685	992332	936197	12	M	31	A		-1	4031.22691077	[1, 1, 1, 1, 1, 1, 1, 1, 1, 1, 1, 1]
	1035621	924746	900372	12	M	57	A		-1	4031.2746783	[1, 1, 1, 1, 1, 1, 1, 1, 1, 1, 1, 1]
	1060280	956961	768013	12	M	70	A		-1	4031.56758886	[1, 1, 1, 1, 1, 1, 1, 1, 1, 1, 1, 1]
	1023060	922897	943746	12	M	0	A		-1	4031.66020592	[1, 1, 0, 1, 1, 1, 1, 1, 1, 1, 1, 1]
	1027818	906132	966899	12	M	73	A		-1	4031.74071498	[1, 1, 1, 1, 0, 1, 1, 1, 1, 1, 1, 1]
	1047222	931935	983716	12	M	15	A		-1	4031.83073152	[1, 1, 1, 1, 1, 1, 1, 1, 1, 1, 1, 1]
	1042884	911473	826460	12	M	57	A		-1	4032.19765847	[1, 1, 1, 1, 1, 1, 1, 1, 1, 1, 1, 1]
	1044821	911896	964625	12	M	52	A		-1	4032.24798302	[1, 1, 1, 1, 1, 1, 1, 1, 1, 1, 1, 1]
	1087834	911473	901197	12	M	97	A		-1	4032.33834174	[1, 1, 1, 0, 1, 1, 1, 1, 1, 1, 1, 1]
	902217	821733	723455	11	M	62	A		-1	4032.72066295	[1, 1, 1, 1, 1, 1, 1, 1, 1, 1, 1, 1]
	1072395	924746	963052	12	M	57	A		-1	4033.15509687	[1, 1, 1, 1, 1, 1, 1, 1, 1, 1, 1, 1]
	1015501	933595	910463	12	M	56	A		-1	4033.25161995	[1, 1, 1, 1, 1, 1, 1, 1, 1, 1, 1, 1]
	1057078	924746	965716	12	M	98	A		-1	4033.73633754	[1, 1, 1, 1, 1, 1, 1, 0, 1, 1, 1, 1]
	1033019	981717	987881	12	M	32	A		-1	4033.89861052	[1, 1, 1, 1, 1, 1, 1, 0, 1, 1, 1, 1]
	1043651	954573	931334	12	M	78	A		-1	4034.11299141	[1, 1, 1, 1, 1, 1, 1, 1, 1, 1, 1, 1]
	909738	884268	848943	11	M	52	A		-1	4034.12665383	[1, 1, 1, 1, 1, 1, 1, 1, 1, 1, 1, 1]
	1053581	954573	901371	12	M	98	A		-1	4034.12754228	[1, 1, 1, 1, 1, 1, 1, 1, 1, 1, 1, 1]
	1088637	898352	910754	12	M	75	A		-1	4034.22272192	[1, 1, 1, 1, 1, 1, 1, 1, 1, 1, 1, 1]
	1020181	932186	991586	12	M	94	A		-1	4034.45850202	[1, 1, 1, 1, 1, 1, 1, 1, 1, 1, 1, 1]
	1085360	990740	723788	12	M	49	A		-1	4034.86183725	[1, 1, 1, 1, 1, 1, 1, 1, 1, 1, 1, 1]
	1040891	954904	717748	12	M	23	A		-1	4035.48489413	[1, 1, 1, 1, 1, 1, 1, 1, 1, 1, 1, 1]
	1045974	977788	978302	12	M	3	A		-1	4035.56285131	[1, 1, 1, 1, 1, 1, 1, 1, 1, 1, 1, 1]
	1029950	986687	893935	12	M	98	A		-1	4035.82847316	[1, 1, 1, 1, 1, 1, 1, 1, 1, 1, 1, 1]
	1043502	898352	901295	12	M	30	A		-1	4036.27561197	[1, 1, 1, 1, 1, 1, 1, 1, 1, 1, 1, 1]
	994667	961721	957147	12	M	2	A		-1	4036.43108015	[1, 1, 1, 1, 1, 1, 1, 1, 1, 1, 1, 1]
	1010924	986687	955302	12	M	9	A		-1	4036.47685398	[1, 1, 1, 1, 1, 1, 1, 1, 1, 1, 1, 1]
	1011141	960001	827324	12	M	46	A		-1	4036.93463055	[1, 1, 1, 1, 1, 1, 1, 1, 1, 1, 1, 1]
	1074491	913290	914537	12	M	50	A		-1	4037.06283329	[1, 1, 1, 1, 1, 1, 1, 1, 1, 1, 1, 1]
	911896	873227	833793	11	M	36	A		-1	4037.35053197	[1, 1, 1, 1, 1, 1, 1, 1, 1, 1, 1, 1]
	1030209	961721	938284	12	M	47	A		-1	4037.55123757	[1, 1, 1, 1, 1, 1, 1, 1, 1, 1, 1, 1]
	1066760	906132	953986	12	M	53	A		-1	4037.6954573	[1, 1, 1, 1, 1, 1, 1, 1, 1, 1, 1, 1]
	954181	844604	796151	11	M	9	A		-1	4038.00534921	[1, 1, 1, 1, 1, 1, 1, 0, 1, 1, 1, 1]
	1056085	977788	903645	12	M	6	A		-1	4038.16575327	[1, 1, 1, 1, 1, 1, 1, 1, 1, 1, 1, 1]
	1070397	913995	932178	12	M	74	A		-1	4038.4561859	[1, 1, 0, 1, 1, 1, 1, 1, 1, 1, 1, 1]
	1050794	931935	953102	12	M	19	A		-1	4038.94103819	[1, 1, 1, 1, 1, 1, 1, 1, 1, 1, 1, 1]
	1093082	933595	895854	12	M	49	A		-1	4039.01537669	[1, 1, 1, 1, 1, 1, 1, 1, 1, 1, 1, 1]
	1054221	911059	937425	12	M	6	A		-1	4039.15300765	[0, 1, 1, 0, 1, 1, 1, 1, 1, 1, 1, 1]
	1064785	950538	935370	12	M	8	A		-1	4039.25792413	[1, 0, 1, 0, 1, 1, 1, 1, 1, 1, 1, 1]
	1003709	981717	891261	12	M	19	A		-1	4039.38318682	[0, 1, 1, 1, 1, 1, 1, 1, 1, 1, 1, 1]
	1070194	954181	746097	12	M	9	A		-1	4039.76589038	[1, 1, 1, 1, 1, 1, 1, 0, 1, 1, 1, 1]
	1052149	927149	966754	12	M	17	A		-1	4039.90929809	[1, 1, 1, 1, 1, 1, 1, 1, 1, 1, 1, 1]
	1039095	931935	934459	12	M	50	A		-1	4040.14380076	[1, 1, 1, 1, 1, 1, 1, 1, 1, 1, 1, 1]
	1050047	971841	893802	12	M	38	A		-1	4040.43779417	[1, 1, 1, 1, 1, 1, 1, 1, 1, 1, 1, 1]
	1001657	922897	991268	12	M	50	A		-1	4040.9781391	[1, 1, 1, 1, 0, 1, 1, 1, 1, 1, 1, 1]
	1043912	912288	962334	12	M	36	A		-1	4041.30631985	[1, 1, 1, 1, 1, 1, 1, 1, 1, 1, 1, 1]
	1056246	956961	940087	12	M	86	A		-1	4041.60125134	[1, 1, 1, 1, 1, 1, 1, 1, 1, 1, 1, 1]
	1053786	950538	894167	12	M	49	A		-1	4041.73754131	[1, 1, 1, 0, 1, 1, 1, 1, 1, 1, 1, 1]
	1071563	971953	824011	12	M	89	A		-1	4042.14340445	[1, 1, 1, 1, 1, 1, 1, 1, 1, 1, 1, 1]
	1025089	911473	935267	12	M	37	A		-1	4042.21048868	[1, 1, 1, 0, 1, 1, 1, 1, 1, 1, 1, 1]
	1006040	990177	803838	12	M	61	A		-1	4042.55543533	[1, 1, 1, 1, 1, 1, 1, 1, 1, 1, 1, 1]
	1022202	933595	964207	12	M	20	A		-1	4042.90577164	[1, 1, 1, 1, 1, 1, 1, 1, 1, 1, 1, 1]
	1076566	922897	804837	12	M	19	A		-1	4043.42525951	[1, 1, 0, 1, 1, 1, 1, 1, 1, 1, 1, 1]
	1000718	977788	873810	12	M	26	A		-1	4043.8637598	[1, 1, 1, 1, 1, 1, 1, 1, 1, 1, 1, 1]
	1065658	933595	930787	12	M	96	A		-1	4044.1246524	[1, 1, 1, 1, 1, 1, 1, 1, 1, 1, 1, 1]
	1068656	977518	712240	12	M	17	A		-1	4044.66648456	[1, 1, 1, 1, 1, 1, 1, 1, 1, 1, 1, 1]
	1051646	928739	974693	12	M	62	A		-1	4044.75570615	[1, 1, 1, 1, 1, 1, 1, 1, 1, 1, 1, 1]
	1093050	960001	912652	12	M	14	A		-1	4044.75846404	[1, 1, 1, 1, 1, 1, 1, 1, 1, 1, 1, 1]
	1022221	950538	942550	12	M	77	A		-1	4045.05253388	[1, 1, 1, 1, 1, 1, 1, 1, 1, 1, 1, 1]
	1065657	950538	992875	12	M	73	A		-1	4045.05680514	[1, 1, 1, 0, 1, 1, 1, 1, 1, 1, 1, 1]
	1004380	954181	895132	12	M	78	A		-1	4045.64238561	[1, 1, 1, 1, 1, 1, 1, 0, 1, 1, 1, 1]
	1038884	954904	959472	12	M	85	A		-1	4046.2835201	[1, 1, 1, 1, 1, 1, 1, 1, 1, 1, 1, 1]
	1084298	922897	960221	12	M	39	A		-1	4046.35685961	[1, 1, 0, 1, 1, 1, 1, 1, 1, 1, 1, 1]
	1047289	912288	909474	12	M	3	A		-1	4047.06006	[1, 1, 1, 0, 1, 1, 1, 1, 1, 1, 1, 1]
	1045464	909738	975972	12	M	3	A		-1	4047.24721083	[1, 1, 1, 1, 1, 1, 1, 1, 1, 1, 1, 1]
	1078131	933595	788457	12	M	91	A		-1	4047.43917758	[1, 1, 1, 1, 1, 1, 1, 1, 1, 1, 1, 1]
	1091543	924746	986466	12	M	93	A		-1	4047.5721047	[1, 1, 1, 1, 1, 1, 1, 1, 1, 1, 1, 1]
	1082690	990740	917532	12	M	66	A		-1	4048.41247006	[1, 1, 1, 1, 1, 1, 1, 1, 1, 1, 1, 1]
	911059	857354	804283	11	M	47	A		-1	4049.16893285	[0, 1, 1, 1, 1, 1, 1, 1, 1, 1, 1, 1]
	1030127	986687	895982	12	M	52	A		-1	4049.28708958	[1, 1, 1, 1, 1, 1, 1, 1, 1, 1, 1, 1]
	1023922	956961	950689	12	M	80	A		-1	4049.51031343	[1, 1, 1, 1, 1, 1, 1, 1, 1, 1, 1, 1]
	1055285	887665	812303	12	M	38	A		-1	4049.72708451	[1, 1, 1, 1, 1, 1, 1, 1, 1, 1, 1, 1]
	1026947	898352	956480	12	M	14	A		-1	4049.91993924	[1, 1, 0, 1, 1, 1, 1, 1, 1, 1, 1, 1]
	1048090	928739	949920	12	M	57	A		-1	4050.38957958	[1, 1, 1, 1, 1, 1, 1, 1, 1, 1, 1, 1]
	1078201	981717	918586	12	M	81	A		-1	4050.50612188	[0, 1, 1, 1, 1, 1, 1, 1, 1, 1, 1, 1]
	1046524	971841	921152	12	M	35	A		-1	4050.99468394	[1, 1, 1, 1, 1, 1, 1, 0, 1, 1, 1, 1]
	1021615	909738	924850	12	M	67	A		-1	4051.34251979	[1, 1, 1, 1, 1, 1, 1, 1, 1, 1, 1, 1]
	1051604	956961	899805	12	M	58	A		-1	4051.38838806	[1, 1, 1, 1, 1, 1, 0, 1, 1, 1, 1, 1]
	954904	844604	821616	11	M	48	A		-1	4052.24235872	[1, 1, 1, 1, 1, 1, 1, 1, 1, 1, 1, 1]
	1048666	977788	980347	12	M	69	A		-1	4052.3384047	[1, 1, 1, 1, 1, 1, 1, 1, 1, 1, 1, 1]
	960001	856910	798942	11	M	34	A		-1	4052.4209733	[1, 1, 1, 1, 1, 1, 1, 1, 1, 1, 1, 1]
	1090207	933595	971097	12	M	38	A		-1	4052.53145009	[1, 1, 1, 1, 1, 1, 1, 1, 1, 1, 1, 1]
	999163	950538	893786	12	M	43	A		-1	4053.1586257	[1, 1, 1, 1, 1, 1, 1, 1, 1, 1, 1, 1]
	1024376	932186	918754	12	M	54	A		-1	4053.55618658	[1, 1, 1, 0, 1, 1, 1, 1, 1, 1, 1, 1]
	1053665	911059	924816	12	M	2	A		-1	4053.80941217	[1, 1, 1, 1, 1, 1, 1, 1, 1, 1, 1, 1]
	1092117	986687	758024	12	M	60	A		-1	4053.82909577	[1, 1, 1, 1, 1, 1, 1, 1, 1, 1, 1, 1]
	1021298	954904	921994	12	M	77	A		-1	4053.84463504	[1, 1, 1, 1, 1, 1, 1, 1, 1, 1, 1, 1]
	997502	924746	960722	12	M	16	A		-1	4053.86193209	[1, 1, 1, 1, 1, 1, 1, 1, 1, 1, 1, 1]
	1009384	977788	976567	12	M	58	A		-1	4054.22596091	[1, 1, 1, 1, 1, 1, 1, 1, 1, 1, 1, 1]
	996097	911473	910729	12	M	41	A		-1	4054.48802671	[1, 1, 1, 0, 1, 1, 1, 1, 1, 1, 1, 1]
	1012208	975999	798797	12	M	20	A		-1	4055.1719529	[1, 1, 1, 1, 1, 1, 1, 1, 1, 1, 1, 1]
	1032967	906132	958895	12	M	88	A		-1	4055.32754875	[1, 1, 1, 1, 1, 1, 1, 1, 1, 1, 1, 1]
	1005155	919422	982580	12	M	100	A		-1	4055.33925702	[1, 1, 1, 1, 1, 1, 1, 0, 1, 1, 1, 1]
	1009276	932186	927087	12	M	26	A		-1	4055.45043822	[1, 1, 1, 1, 1, 1, 1, 1, 1, 1, 1, 1]
	1054526	944415	898736	12	M	95	A		-1	4055.98979047	[1, 1, 1, 1, 1, 1, 1, 1, 1, 1, 1, 1]
	1065581	950538	907697	12	M	12	A		-1	4056.09566304	[1, 1, 1, 0, 1, 1, 1, 1, 1, 1, 1, 1]
	1023360	969729	956269	12	M	27	A		-1	4056.2508035	[1, 1, 1, 1, 1, 1, 1, 1, 1, 1, 1, 1]
	1063707	913995	948300	12	M	25	A		-1	4056.33811619	[1, 1, 0, 1, 1, 1, 1, 1, 1, 1, 1, 1]
	1036554	977518	912850	12	M	30	A		-1	4056.35963354	[1, 0, 1, 1, 1, 1, 1, 1, 1, 1, 1, 1]
	1068447	912288	932830	12	M	54	A		-1	4057.23927548	[1, 1, 1, 1, 1, 1, 1, 1, 1, 1, 1, 1]
	1017462	963545	951520	12	M	5	A		-1	4057.86000009	[1, 1, 1, 1, 1, 1, 1, 1, 1, 1, 1, 1]
	1063283	990177	935734	12	M	10	A		-1	4057.92048671	[1, 1, 1, 1, 1, 1, 1, 1, 1, 1, 1, 1]
	1090800	990177	945108	12	M	33	A		-1	4058.25360535	[1, 1, 1, 1, 1, 1, 1, 1, 1, 1, 1, 1]
	1062140	971953	946120	12	M	24	A		-1	4058.34427564	[1, 1, 1, 1, 1, 1, 1, 1, 1, 1, 1, 1]
	1078325	912705	969658	12	M	84	A		-1	4058.8241766	[1, 1, 1, 1, 1, 1, 1, 1, 1, 1, 1, 1]
	1041255	913922	967740	12	M	60	A		-1	4059.31678318	[0, 1, 1, 1, 1, 1, 1, 1, 1, 1, 1, 1]
	1017079	950538	892080	12	M	1	A		-1	4059.94292138	[1, 1, 1, 0, 1, 1, 1, 1, 1, 1, 1, 1]
	1062975	956961	989913	12	M	84	A		-1	4060.15330512	[1, 1, 1, 1, 1, 1, 1, 1, 1, 1, 1, 1]
	1003395	961721	930419	12	M	76	A		-1	4060.29487467	[1, 1, 1, 1, 1, 1, 1, 1, 1, 1, 1, 1]
	1028409	956961	993209	12	M	28	A		-1	4060.62982522	[1, 1, 1, 1, 1, 1, 1, 1, 1, 1, 1, 1]
	1057528	942316	967986	12	M	42	A		-1	4060.79990227	[1, 1, 1, 1, 1, 1, 1, 1, 1, 1, 1, 1]
	1039119	924746	922114	12	M	68	A		-1	4060.82837797	[1, 1, 1, 1, 1, 1, 1, 1, 1, 1, 1, 1]
	1089257	927149	983773	12	M	36	A		-1	4061.05507704	[1, 1, 1, 1, 1, 1, 1, 1, 1, 1, 1, 1]
	1003430	963545	952683	12	M	94	A		-1	4061.13796101	[1, 1, 1, 1, 1, 1, 1, 1, 1, 1, 1, 1]
	1087063	969729	929665	12	M	75	A		-1	4061.26736644	[1, 1, 1, 1, 1, 1, 1, 1, 1, 1, 1, 1]
	1075163	913995	971033	12	M	54	A		-1	4061.2966698	[1, 1, 0, 1, 1, 1, 1, 1, 1, 1, 1, 1]
	1018900	950538	969068	12	M	51	A		-1	4061.31558384	[1, 1, 1, 0, 1, 1, 1, 1, 1, 1, 1, 1]
	1054133	931935	944867	12	M	74	A		-1	4061.69532752	[0, 1, 1, 1, 1, 1, 1, 1, 1, 1, 1, 1]
	1092715	954904	923528	12	M	27	A		-1	4062.11668934	[1, 1, 1, 1, 1, 1, 1, 1, 1, 1, 1, 1]
	1058400	942316	955151	12	M	50	A		-1	4062.19132201	[1, 1, 0, 1, 1, 1, 1, 1, 1, 1, 1, 1]
	1042650	924746	952897	12	M	11	A		-1	4062.34327938	[1, 1, 1, 1, 1, 1, 1, 1, 1, 1, 1, 0]
	1054816	913995	985484	12	M	46	A		-1	4063.84385311	[1, 1, 1, 1, 1, 1, 1, 1, 1, 1, 1, 1]
	1053771	922897	723996	12	M	48	A		-1	4064.06836378	[1, 1, 1, 1, 1, 1, 1, 1, 1, 1, 1, 1]
	1000870	985040	933051	12	M	81	A		-1	4064.06959468	[0, 1, 1, 1, 1, 1, 1, 1, 1, 1, 1, 1]
	1017176	950538	987794	12	M	53	A		-1	4064.13954165	[1, 1, 1, 0, 1, 1, 1, 1, 1, 1, 1, 1]
	1068688	990740	961244	12	M	76	A		-1	4064.3696437	[1, 1, 1, 1, 1, 1, 1, 1, 1, 1, 1, 1]
	1020929	913922	950751	12	M	92	A		-1	4065.01820299	[1, 1, 1, 1, 1, 1, 1, 1, 1, 1, 1, 1]
	1077493	953529	825106	12	M	58	A		-1	4065.50968775	[1, 1, 1, 1, 1, 1, 1, 1, 1, 1, 1, 0]
	1039814	954904	926116	12	M	21	A		-1	4065.54013708	[1, 1, 1, 1, 1, 1, 1, 1, 1, 1, 1, 1]
	1053237	958844	923717	12	M	70	A		-1	4065.76844763	[1, 1, 1, 1, 1, 1, 1, 1, 1, 1, 1, 1]
	1010949	922897	910700	12	M	26	A		-1	4066.13624841	[1, 1, 0, 0, 1, 1, 1, 1, 1, 1, 1, 1]
	1074905	977788	992241	12	M	72	A		-1	4066.22939919	[1, 1, 1, 1, 1, 1, 0, 1, 1, 1, 1, 1]
	997714	933595	941615	12	M	97	A		-1	4066.37076663	[1, 1, 1, 1, 1, 1, 1, 1, 1, 1, 1, 1]
	1028690	953529	990154	12	M	58	A		-1	4067.20338017	[1, 1, 1, 1, 1, 1, 1, 1, 1, 1, 1, 1]
	1027544	975999	905681	12	M	34	A		-1	4067.2662796	[1, 1, 1, 1, 1, 1, 1, 1, 1, 1, 1, 1]
	1047025	927149	972550	12	M	94	A		-1	4067.65236441	[1, 1, 0, 1, 1, 1, 1, 1, 1, 1, 1, 1]
	1041989	954181	923783	12	M	77	A		-1	4067.75682957	[1, 1, 1, 1, 1, 1, 1, 0, 1, 1, 1, 1]
	1014846	902217	945938	12	M	56	A		-1	4067.98528427	[1, 1, 1, 1, 1, 1, 1, 1, 1, 1, 1, 1]
	1058918	969729	926882	12	M	8	A		-1	4068.01186609	[1, 1, 1, 0, 1, 1, 1, 1, 1, 1, 1, 1]
	1076122	992332	902259	12	M	7	A		-1	4068.03707545	[1, 0, 1, 1, 1, 1, 1, 1, 1, 1, 1, 1]
	1031733	913995	930585	12	M	14	A		-1	4068.06665448	[1, 1, 0, 0, 1, 1, 1, 1, 1, 1, 1, 1]
	1027165	956961	939083	12	M	43	A		-1	4068.07258714	[1, 1, 1, 1, 1, 1, 1, 1, 1, 1, 1, 1]
	933595	830520	806508	11	M	87	A		-1	4068.14341552	[1, 1, 1, 1, 1, 1, 1, 1, 1, 1, 1, 1]
	1001627	961721	956717	12	M	62	A		-1	4068.29726343	[1, 1, 1, 1, 1, 1, 1, 1, 1, 1, 1, 1]
	1032870	977788	884943	12	M	63	A		-1	4068.54245042	[1, 1, 1, 1, 1, 1, 1, 1, 1, 1, 1, 1]
	1057382	927149	956512	12	M	1	A		-1	4068.75410886	[1, 1, 0, 1, 1, 1, 1, 1, 1, 1, 1, 1]
	994147	913290	970856	12	M	31	A		-1	4069.19385984	[1, 1, 1, 1, 1, 1, 1, 1, 1, 1, 1, 1]
	1040384	950538	971121	12	M	82	A		-1	4069.59130487	[1, 1, 1, 0, 1, 1, 1, 1, 1, 1, 1, 1]
	1042004	919422	969350	12	M	9	A		-1	4069.95927919	[1, 1, 1, 1, 1, 1, 1, 0, 1, 1, 1, 1]
	1012438	911896	903748	12	M	48	A		-1	4070.74556149	[1, 1, 1, 1, 1, 1, 1, 1, 1, 1, 1, 1]
	1055475	977518	975546	12	M	20	A		-1	4070.88818673	[1, 1, 1, 1, 1, 1, 1, 1, 1, 1, 1, 1]
	1002182	986687	967752	12	M	2	A		-1	4071.42842339	[1, 1, 1, 1, 1, 1, 1, 1, 1, 1, 1, 1]
	1025759	954573	922195	12	M	10	A		-1	4071.49085639	[1, 1, 1, 1, 1, 1, 1, 1, 1, 1, 1, 1]
	1016369	913995	963815	12	M	31	A		-1	4071.77457216	[1, 1, 1, 1, 1, 1, 1, 1, 1, 1, 1, 1]
	1019922	911896	864983	12	M	13	A		-1	4072.38301901	[1, 1, 1, 1, 1, 1, 1, 1, 1, 1, 1, 1]
	1035221	956961	966298	12	M	17	A		-1	4072.52577855	[1, 1, 1, 1, 1, 1, 1, 1, 1, 1, 1, 1]
	1029516	924746	944293	12	M	11	A		-1	4072.64550756	[1, 1, 1, 1, 1, 1, 1, 1, 1, 1, 1, 1]
	1080913	954904	950363	12	M	56	A		-1	4072.89889126	[1, 1, 1, 0, 1, 1, 1, 1, 1, 1, 1, 1]
	999393	913995	770759	12	M	47	A		-1	4072.92857836	[1, 1, 1, 1, 1, 1, 1, 1, 1, 1, 1, 1]
	1022281	985040	961836	12	M	14	A		-1	4073.0797703	[1, 1, 1, 1, 1, 1, 1, 1, 1, 1, 1, 1]
	1058260	990740	902920	12	M	31	A		-1	4074.70837739	[1, 1, 1, 1, 1, 1, 1, 1, 1, 1, 1, 1]
	1004646	932186	943790	12	M	1	A		-1	4075.25470878	[1, 1, 1, 1, 1, 1, 1, 1, 1, 1, 1, 1]
	1052736	990177	987822	12	M	99	A		-1	4075.79043512	[1, 1, 1, 1, 1, 1, 0, 1, 1, 1, 1, 1]
	1057312	911896	959822	12	M	67	A		-1	4075.8464324	[1, 1, 1, 1, 1, 1, 0, 1, 1, 1, 1, 1]
	1017037	924746	935617	12	M	47	A		-1	4076.17198791	[1, 1, 1, 1, 1, 1, 1, 1, 1, 1, 1, 0]
	1061162	944415	910351	12	M	59	A		-1	4076.34591683	[1, 1, 1, 1, 1, 1, 1, 1, 1, 1, 1, 1]
	1073258	977788	935567	12	M	54	A		-1	4076.77078846	[1, 1, 1, 1, 1, 1, 1, 1, 1, 1, 1, 1]
	1002707	912705	924678	12	M	46	A		-1	4076.8173238	[1, 1, 1, 1, 1, 1, 1, 1, 1, 1, 1, 1]
	1086330	990177	952679	12	M	71	A		-1	4077.30943142	[1, 1, 1, 1, 1, 1, 1, 1, 1, 1, 1, 1]
	1019539	911473	989248	12	M	59	A		-1	4077.81446582	[1, 1, 1, 1, 1, 1, 1, 1, 1, 1, 1, 1]
	1092994	971953	973118	12	M	6	A		-1	4078.19260187	[1, 1, 1, 1, 1, 1, 1, 0, 1, 1, 1, 1]
	1017283	887665	963599	12	M	60	A		-1	4080.33927521	[1, 1, 1, 1, 1, 1, 1, 1, 1, 1, 1, 1]
	1047172	954904	943572	12	M	60	A		-1	4081.38407189	[1, 1, 1, 1, 1, 1, 1, 1, 1, 1, 1, 1]
	1000609	992332	991820	12	M	73	A		-1	4081.42204593	[1, 1, 1, 1, 1, 1, 1, 1, 1, 1, 1, 1]
	1053151	963545	910164	12	M	7	A		-1	4081.75699994	[0, 1, 1, 1, 1, 1, 1, 1, 1, 1, 1, 1]
	998377	902217	983822	12	M	37	A		-1	4082.39537032	[1, 1, 1, 1, 1, 1, 1, 1, 1, 1, 1, 1]
	997613	956961	949956	12	M	78	A		-1	4082.44652558	[1, 1, 1, 1, 1, 1, 1, 1, 1, 1, 1, 1]
	1061124	939920	926935	12	M	33	A		-1	4083.47205176	[1, 1, 1, 1, 1, 1, 1, 1, 1, 1, 1, 1]
	1020346	909738	979912	12	M	77	A		-1	4083.47565525	[1, 1, 1, 1, 1, 1, 1, 1, 1, 1, 1, 1]
	1018815	932186	835642	12	M	3	A		-1	4083.51386815	[1, 1, 1, 1, 1, 1, 1, 1, 1, 1, 1, 1]
	1054422	953529	903725	12	M	56	A		-1	4083.73766395	[1, 1, 1, 1, 1, 1, 1, 1, 1, 1, 1, 1]
	1046515	956961	905252	12	M	26	A		-1	4084.09034934	[1, 1, 1, 1, 1, 1, 1, 1, 1, 1, 1, 1]
	1065760	969729	983799	12	M	27	A		-1	4084.61102112	[1, 1, 1, 0, 1, 1, 1, 1, 1, 1, 1, 1]
	1045466	911473	915276	12	M	2	A		-1	4085.16541243	[1, 1, 1, 0, 1, 1, 1, 1, 1, 1, 1, 1]
	1056543	960001	945940	12	M	28	A		-1	4085.36106635	[1, 1, 1, 1, 1, 1, 1, 1, 1, 1, 1, 1]
	1041971	975999	895767	12	M	65	A		-1	4086.28462032	[1, 1, 1, 1, 1, 1, 1, 1, 1, 1, 1, 1]
	1088535	954904	943020	12	M	71	A		-1	4086.39966703	[1, 1, 1, 0, 1, 1, 1, 1, 1, 1, 1, 1]
	1039731	963545	980952	12	M	73	A		-1	4086.48138189	[1, 1, 1, 1, 1, 1, 1, 1, 1, 1, 1, 1]
	1002759	898352	943733	12	M	25	A		-1	4086.68109425	[1, 1, 1, 1, 1, 1, 1, 1, 1, 1, 1, 1]
	1088625	928739	949727	12	M	84	A		-1	4086.92238166	[1, 1, 1, 1, 1, 1, 1, 1, 1, 1, 1, 1]
	1037363	977788	948011	12	M	6	A		-1	4087.10246967	[1, 1, 1, 1, 1, 1, 1, 1, 1, 1, 1, 1]
	1050548	927149	953404	12	M	56	A		-1	4087.90122093	[1, 1, 1, 1, 1, 1, 1, 1, 1, 1, 1, 1]
	1035006	950538	899343	12	M	56	A		-1	4088.4562953	[1, 1, 1, 0, 1, 1, 1, 1, 1, 1, 1, 1]
	1056356	977518	990229	12	M	97	A		-1	4088.75603211	[1, 1, 1, 1, 1, 1, 1, 1, 1, 1, 1, 1]
	1022097	906132	965259	12	M	90	A		-1	4089.2749414	[1, 1, 1, 1, 0, 1, 1, 1, 1, 1, 1, 1]
	1079354	932786	908842	12	M	44	A		-1	4090.16143549	[1, 1, 1, 1, 1, 1, 1, 1, 1, 1, 1, 1]
	1022402	932786	905025	12	M	28	A		-1	4090.44153106	[1, 1, 1, 1, 1, 1, 1, 1, 1, 1, 1, 1]
	1026032	913290	901532	12	M	10	A		-1	4090.67965158	[1, 1, 1, 1, 1, 1, 1, 1, 1, 1, 1, 1]
	1028979	954573	927893	12	M	87	A		-1	4090.76549998	[1, 1, 1, 1, 1, 1, 1, 1, 1, 1, 1, 1]
	1028492	953529	926477	12	M	81	A		-1	4091.29086206	[1, 1, 1, 1, 1, 1, 1, 1, 1, 1, 1, 1]
	1010676	990740	932255	12	M	100	A		-1	4091.6486877	[1, 1, 1, 1, 1, 1, 1, 1, 1, 1, 1, 1]
	1012872	953529	894242	12	M	24	A		-1	4092.19228683	[1, 1, 1, 1, 1, 1, 1, 1, 1, 1, 1, 1]
	1081976	924746	982058	12	M	29	A		-1	4092.22652206	[1, 1, 1, 1, 1, 1, 1, 0, 1, 1, 1, 0]
	1023587	919422	970800	12	M	27	A		-1	4092.2593439	[1, 1, 1, 1, 1, 1, 1, 0, 1, 1, 1, 1]
	1039225	977518	992862	12	M	76	A		-1	4092.93006963	[1, 1, 1, 1, 1, 1, 1, 1, 1, 1, 1, 1]
	1020911	928739	892103	12	M	60	A		-1	4093.12890495	[1, 1, 1, 1, 1, 1, 1, 1, 1, 1, 1, 1]
	1050535	942316	931937	12	M	54	A		-1	4093.54244827	[1, 1, 1, 1, 1, 1, 1, 1, 1, 1, 1, 1]
	1057184	954573	879306	12	M	10	A		-1	4095.46274863	[1, 1, 1, 1, 1, 1, 1, 1, 1, 1, 1, 1]
	1013583	933595	909507	12	M	45	A		-1	4095.55982046	[1, 1, 1, 1, 1, 1, 1, 1, 1, 1, 1, 1]
	1038299	911896	912897	12	M	9	A		-1	4096.00525309	[1, 1, 1, 1, 1, 1, 1, 1, 1, 1, 1, 1]
	1009079	956961	925194	12	M	99	A		-1	4096.1145436	[1, 1, 1, 1, 1, 1, 1, 1, 1, 1, 1, 1]
	1051564	969729	894097	12	M	45	A		-1	4096.35824791	[1, 1, 1, 0, 1, 1, 1, 1, 1, 1, 1, 1]
	1060788	932786	917257	12	M	33	A		-1	4096.73465958	[1, 1, 1, 1, 1, 1, 1, 1, 1, 1, 1, 1]
	1003416	912705	979323	12	M	33	A		-1	4096.98181021	[1, 1, 1, 1, 1, 1, 1, 0, 1, 1, 1, 1]
	1030255	950538	880612	12	M	14	A		-1	4096.98966277	[1, 0, 1, 1, 1, 1, 1, 1, 1, 1, 1, 1]
	1071474	913922	992509	12	M	35	A		-1	4097.17972084	[1, 1, 1, 1, 1, 1, 1, 1, 1, 1, 1, 1]
	1058860	985040	918852	12	M	26	A		-1	4098.36720265	[0, 1, 1, 1, 1, 1, 1, 1, 1, 1, 1, 1]
	1044797	986687	975457	12	M	57	A		-1	4098.49182568	[1, 1, 1, 1, 1, 1, 1, 1, 1, 1, 1, 1]
	1036357	956961	929329	12	M	43	A		-1	4098.99281574	[1, 1, 1, 1, 1, 1, 1, 1, 1, 1, 1, 1]
	1090142	928739	946731	12	M	0	A		-1	4099.01341856	[1, 1, 1, 1, 1, 1, 1, 1, 1, 1, 1, 1]
	1093602	977788	990662	12	M	22	A		-1	4099.32617169	[1, 1, 1, 1, 1, 1, 1, 1, 1, 1, 1, 1]
	1045165	950538	970685	12	M	24	A		-1	4099.4558491	[1, 1, 1, 0, 1, 1, 1, 1, 1, 1, 1, 1]
	1033540	912705	982216	12	M	10	A		-1	4099.76827359	[1, 1, 1, 1, 1, 1, 1, 1, 1, 1, 1, 1]
	1084794	932186	952508	12	M	17	A		-1	4099.88821069	[1, 1, 1, 0, 1, 1, 1, 1, 1, 1, 1, 1]
	1018018	950538	991851	12	M	95	A		-1	4100.03059566	[1, 1, 1, 1, 1, 1, 1, 1, 1, 1, 1, 1]
	1029250	990740	968167	12	M	35	A		-1	4100.05781003	[1, 1, 1, 1, 1, 1, 1, 1, 1, 1, 1, 1]
	1082974	908237	956101	12	M	89	A		-1	4100.07741625	[1, 1, 1, 1, 1, 1, 1, 1, 1, 1, 1, 1]
	1057033	928739	931759	12	M	89	A		-1	4101.21826833	[1, 1, 1, 1, 1, 1, 1, 1, 1, 1, 1, 1]
	1037981	913995	808573	12	M	68	A		-1	4101.41669045	[1, 1, 0, 1, 1, 1, 1, 1, 1, 1, 1, 1]
	1001017	960001	928943	12	M	15	A		-1	4102.25639957	[0, 1, 1, 1, 1, 1, 1, 1, 1, 1, 1, 1]
	1044784	898352	924448	12	M	63	A		-1	4102.83630276	[1, 1, 1, 1, 1, 1, 1, 1, 1, 1, 1, 1]
	1084414	963545	959719	12	M	12	A		-1	4103.01647403	[1, 1, 1, 0, 1, 1, 1, 1, 1, 1, 1, 1]
	1091641	954181	986003	12	M	76	A		-1	4103.16439608	[1, 1, 1, 1, 1, 1, 1, 0, 1, 1, 1, 1]
	1063460	942316	905174	12	M	79	A		-1	4103.84438182	[1, 1, 1, 1, 1, 1, 1, 1, 1, 1, 1, 1]
	1086478	912288	988184	12	M	98	A		-1	4103.86510798	[1, 1, 1, 1, 1, 1, 1, 0, 1, 1, 1, 1]
	1018505	942316	901671	12	M	6	A		-1	4103.98686721	[1, 1, 1, 1, 1, 1, 1, 1, 1, 1, 1, 1]
	911473	884268	839737	11	M	6	A		-1	4104.60565922	[1, 1, 1, 0, 1, 1, 1, 1, 1, 1, 1, 1]
	1090260	971953	956080	12	M	75	A		-1	4104.77901302	[1, 1, 1, 1, 1, 1, 1, 0, 1, 1, 1, 1]
	1039848	911059	918425	12	M	49	A		-1	4104.89912208	[0, 1, 1, 1, 1, 1, 1, 1, 1, 1, 1, 1]
	1069832	944415	928995	12	M	28	A		-1	4105.23868251	[1, 1, 1, 1, 1, 1, 1, 1, 1, 1, 1, 1]
	1041630	990177	694396	12	M	57	A		-1	4105.44251423	[1, 1, 1, 0, 1, 1, 1, 1, 1, 1, 1, 1]
	1052891	960001	914130	12	M	10	A		-1	4105.93662348	[1, 1, 1, 1, 1, 1, 1, 1, 1, 1, 1, 1]
	1084205	961721	898849	12	M	8	A		-1	4106.02018	[1, 1, 1, 1, 1, 1, 1, 1, 1, 1, 1, 1]
	1049722	944415	897715	12	M	80	A		-1	4106.14496174	[1, 1, 1, 1, 1, 1, 1, 1, 1, 1, 1, 1]
	1077299	950538	982385	12	M	39	A		-1	4106.3467377	[1, 1, 1, 1, 1, 1, 1, 1, 1, 1, 1, 1]
	1012171	913290	950519	12	M	47	A		-1	4106.86396752	[1, 1, 1, 1, 1, 1, 1, 1, 1, 1, 1, 1]
	1057850	932786	957786	12	M	65	A		-1	4106.97366339	[1, 1, 1, 1, 1, 1, 1, 1, 1, 1, 1, 1]
	1028842	950538	934424	12	M	51	A		-1	4107.0093935	[1, 1, 1, 0, 1, 1, 1, 1, 1, 1, 1, 1]
	1006202	911896	903874	12	M	99	A		-1	4107.49740345	[1, 1, 1, 1, 1, 1, 1, 1, 1, 1, 1, 1]
	1024567	971953	902821	12	M	23	A		-1	4107.53772223	[1, 1, 1, 1, 1, 1, 1, 0, 1, 1, 1, 1]
	1053378	958844	846779	12	M	87	A		-1	4107.71895842	[1, 1, 1, 1, 1, 1, 1, 1, 1, 1, 1, 1]
	1034363	912288	800216	12	M	8	A		-1	4107.80091724	[1, 1, 1, 1, 1, 1, 1, 0, 1, 1, 1, 1]
	1090702	933595	987037	12	M	62	A		-1	4107.9629639	[1, 1, 1, 1, 1, 1, 0, 1, 1, 1, 1, 1]
	1084424	913995	954571	12	M	18	A		-1	4109.57752101	[1, 1, 1, 1, 1, 1, 1, 1, 1, 1, 1, 1]
	1049111	928739	943282	12	M	84	A		-1	4110.4935586	[1, 1, 1, 1, 1, 1, 1, 1, 1, 1, 1, 1]
	1089582	898352	982713	12	M	50	A		-1	4110.64825401	[1, 1, 1, 1, 1, 1, 1, 1, 1, 1, 1, 1]
	1040005	942316	949669	12	M	52	A		-1	4110.93445239	[1, 1, 1, 1, 1, 1, 1, 1, 1, 1, 1, 1]
	999953	927149	922521	12	M	77	A		-1	4111.72078334	[1, 1, 1, 1, 1, 1, 1, 1, 1, 1, 1, 1]
	1012422	932186	878700	12	M	73	A		-1	4112.10034233	[1, 1, 1, 1, 1, 1, 1, 1, 1, 1, 1, 1]
	1072706	911473	941141	12	M	20	A		-1	4113.04288893	[1, 1, 1, 0, 1, 1, 1, 1, 1, 1, 1, 1]
	1002817	954904	827427	12	M	21	A		-1	4114.07068135	[1, 1, 1, 1, 1, 1, 1, 1, 1, 1, 1, 1]
	1087912	953529	980306	12	M	38	A		-1	4114.39118357	[1, 1, 1, 1, 1, 1, 1, 1, 1, 1, 1, 1]
	1044124	956961	947493	12	M	73	A		-1	4115.29810555	[1, 1, 1, 1, 1, 1, 1, 1, 1, 1, 1, 1]
	1091945	919422	915111	12	M	58	A		-1	4115.7304123	[1, 1, 1, 1, 1, 1, 1, 0, 1, 1, 1, 1]
	1048766	944415	950056	12	M	63	A		-1	4115.73149892	[1, 1, 1, 0, 1, 1, 1, 1, 1, 1, 1, 1]
	1008680	913290	938480	12	M	23	A		-1	4116.33534055	[1, 1, 1, 1, 1, 1, 1, 1, 1, 1, 1, 1]
	1018246	956961	980255	12	M	15	A		-1	4116.67093049	[1, 1, 1, 1, 1, 1, 1, 1, 1, 1, 1, 1]
	1090477	990177	877038	12	M	10	A		-1	4117.21845017	[1, 1, 1, 1, 1, 1, 1, 1, 1, 1, 1, 1]
	1003078	975999	907113	12	M	87	A		-1	4117.26811287	[1, 1, 1, 1, 1, 1, 1, 1, 1, 1, 1, 1]
	1074929	911473	948139	12	M	94	A		-1	4117.70861113	[1, 1, 1, 1, 1, 1, 1, 1, 1, 1, 1, 1]
	1009980	924746	951377	12	M	23	A		-1	4117.92852087	[1, 1, 1, 1, 1, 1, 1, 1, 1, 1, 1, 0]
	1038723	911059	968413	12	M	5	A		-1	4118.38613769	[0, 1, 1, 1, 1, 1, 1, 1, 1, 1, 1, 1]
	1067864	911059	867114	12	M	40	A		-1	4118.7219977	[0, 1, 1, 0, 1, 1, 1, 1, 1, 1, 1, 1]
	1027600	990177	968121	12	M	78	A		-1	4118.90826954	[1, 1, 1, 1, 1, 1, 1, 1, 1, 1, 1, 1]
	1018986	906132	803256	12	M	48	A		-1	4121.17137598	[1, 1, 1, 1, 0, 1, 1, 1, 1, 1, 1, 1]
	1000842	922897	953389	12	M	28	A		-1	4121.21280466	[1, 1, 1, 1, 1, 1, 1, 1, 1, 1, 1, 1]
	928739	827943	873516	11	M	90	A		-1	4123.15799712	[1, 1, 1, 1, 1, 1, 1, 1, 1, 1, 1, 1]
	956961	867220	873423	11	M	88	A		-1	4123.27850143	[1, 1, 1, 1, 1, 1, 1, 1, 1, 1, 1, 1]
	1091449	913922	970038	12	M	60	A		-1	4123.94334129	[1, 1, 1, 1, 1, 1, 1, 1, 1, 1, 1, 1]
	1018529	942316	880640	12	M	57	A		-1	4124.33355876	[1, 1, 1, 1, 1, 1, 1, 1, 1, 1, 1, 1]
	1081076	942316	981793	12	M	64	A		-1	4124.54204944	[1, 1, 1, 1, 1, 1, 1, 1, 1, 1, 1, 1]
	1072827	913290	924170	12	M	16	A		-1	4125.39851198	[1, 1, 1, 1, 1, 1, 1, 1, 1, 1, 1, 1]
	1057043	911059	965841	12	M	20	A		-1	4125.98593912	[1, 1, 1, 1, 1, 1, 1, 1, 1, 1, 1, 1]
	1034398	992332	907053	12	M	75	A		-1	4126.10591044	[1, 1, 1, 1, 1, 1, 1, 1, 1, 1, 1, 1]
	1024710	928739	985292	12	M	78	A		-1	4127.54404104	[1, 1, 1, 1, 1, 1, 1, 1, 1, 1, 1, 1]
	1061948	942316	977222	12	M	67	A		-1	4128.82621204	[1, 1, 1, 1, 1, 1, 1, 1, 1, 1, 1, 1]
	1063187	990177	984454	12	M	32	A		-1	4129.34678057	[1, 1, 1, 1, 1, 1, 1, 1, 1, 1, 1, 1]
	1009157	958844	938366	12	M	20	A		-1	4130.06373733	[1, 1, 1, 1, 1, 1, 1, 1, 1, 1, 1, 1]
	1021081	950538	946386	12	M	68	A		-1	4130.88927952	[1, 1, 1, 0, 1, 1, 1, 1, 1, 1, 1, 1]
	1083612	911473	896700	12	M	77	A		-1	4131.3455004	[1, 1, 1, 0, 1, 1, 1, 1, 1, 1, 1, 1]
	1005293	909738	843744	12	M	48	A		-1	4131.59480285	[1, 1, 1, 1, 1, 1, 1, 1, 1, 1, 1, 1]
	1076743	990740	982255	12	M	8	A		-1	4132.03411736	[1, 1, 1, 1, 1, 1, 1, 1, 1, 1, 1, 1]
	1021365	950538	922973	12	M	33	A		-1	4132.46877521	[1, 1, 0, 0, 1, 1, 1, 1, 1, 1, 1, 1]
	1093726	911896	970551	12	M	95	A		-1	4133.10456072	[1, 1, 1, 1, 1, 1, 1, 1, 1, 1, 1, 1]
	1035607	950538	885918	12	M	64	A		-1	4133.35911366	[1, 1, 1, 1, 1, 1, 1, 1, 1, 1, 1, 1]
	1038713	912705	925315	12	M	44	A		-1	4133.84561427	[1, 0, 1, 1, 1, 1, 1, 1, 1, 1, 1, 1]
	1062213	911473	864887	12	M	72	A		-1	4134.34254783	[1, 1, 1, 0, 1, 1, 1, 1, 1, 1, 1, 1]
	1012911	911896	978234	12	M	95	A		-1	4135.01352551	[1, 1, 1, 1, 1, 1, 1, 1, 1, 1, 1, 1]
	1013579	911473	708948	12	M	5	A		-1	4135.33301406	[1, 1, 1, 0, 1, 1, 1, 1, 1, 1, 1, 1]
	1001977	931935	981714	12	M	97	A		-1	4136.32379063	[1, 1, 1, 1, 1, 1, 1, 1, 1, 1, 1, 1]
	1035228	927149	903354	12	M	51	A		-1	4136.78406896	[1, 1, 1, 1, 1, 1, 1, 1, 1, 1, 1, 1]
	1080298	911473	899297	12	M	58	A		-1	4137.51887127	[1, 1, 1, 1, 1, 1, 1, 1, 1, 1, 1, 0]
	1070072	990177	837509	12	M	8	A		-1	4137.62097279	[1, 1, 1, 1, 1, 1, 1, 1, 1, 1, 1, 1]
	1018330	887665	946635	12	M	29	A		-1	4137.94330942	[1, 1, 1, 1, 1, 1, 1, 1, 1, 1, 1, 1]
	1039719	954904	913042	12	M	43	A		-1	4138.49869879	[1, 1, 1, 1, 1, 1, 1, 1, 1, 1, 1, 1]
	1020686	942316	917286	12	M	63	A		-1	4138.50212178	[1, 1, 1, 1, 1, 1, 1, 1, 1, 1, 1, 1]
	1003092	969729	921916	12	M	43	A		-1	4139.74107713	[1, 1, 1, 0, 1, 1, 1, 1, 1, 1, 1, 1]
	1038348	981717	968478	12	M	1	A		-1	4140.4027622	[0, 1, 1, 1, 1, 1, 1, 1, 1, 1, 1, 1]
	1039919	911059	796838	12	M	81	A		-1	4140.52052112	[0, 1, 1, 1, 1, 1, 1, 1, 1, 1, 1, 1]
	1089137	913995	993111	12	M	54	A		-1	4140.53000388	[1, 1, 1, 1, 1, 1, 1, 1, 1, 1, 1, 1]
	1036319	932786	920532	12	M	0	A		-1	4140.87863747	[1, 1, 1, 1, 1, 1, 1, 1, 1, 1, 1, 1]
	1072875	939920	984024	12	M	42	A		-1	4141.1184868	[1, 1, 1, 1, 1, 1, 1, 1, 1, 1, 1, 0]
	1073034	939920	958880	12	M	46	A		-1	4141.37944443	[1, 1, 1, 0, 1, 1, 1, 0, 1, 1, 1, 1]
	1015840	928739	993432	12	M	80	A		-1	4141.68461552	[1, 1, 1, 1, 1, 1, 1, 1, 1, 1, 1, 1]
	1070286	990740	943711	12	M	79	A		-1	4141.89046674	[1, 1, 1, 1, 1, 1, 1, 1, 1, 1, 1, 1]
	1042925	932186	854190	12	M	57	A		-1	4142.42511552	[1, 1, 1, 0, 1, 1, 1, 1, 1, 1, 1, 1]
	1091998	954181	971883	12	M	49	A		-1	4142.84510451	[1, 1, 1, 1, 1, 1, 1, 1, 1, 1, 1, 1]
	1048989	924746	932819	12	M	65	A		-1	4143.24468647	[1, 1, 1, 1, 1, 1, 1, 1, 1, 1, 1, 1]
	1088078	911896	915993	12	M	98	A		-1	4143.34120694	[1, 1, 1, 1, 0, 1, 1, 1, 1, 1, 1, 1]
	1040840	912288	961699	12	M	80	A		-1	4143.34540414	[1, 1, 1, 1, 1, 1, 1, 0, 1, 1, 1, 1]
	1060086	932786	941364	12	M	1	A		-1	4144.95405447	[1, 1, 1, 1, 1, 1, 1, 1, 1, 1, 1, 1]
	1063080	954904	956937	12	M	86	A		-1	4145.71956576	[1, 1, 1, 1, 1, 1, 1, 1, 1, 1, 1, 1]
	1064397	944415	948582	12	M	14	A		-1	4146.3453012	[1, 1, 1, 1, 1, 1, 1, 1, 1, 1, 1, 1]
	999124	915178	990771	12	M	12	A		-1	4146.71469549	[1, 1, 1, 0, 1, 1, 1, 1, 1, 1, 1, 1]
	1040279	911473	983110	12	M	36	A		-1	4147.74960773	[1, 1, 1, 1, 1, 1, 1, 1, 1, 1, 1, 1]
	1029302	958844	703276	12	M	59	A		-1	4147.82694593	[1, 1, 0, 1, 1, 1, 1, 1, 1, 1, 1, 1]
	1053637	887665	912577	12	M	22	A		-1	4148.58538856	[1, 1, 1, 1, 1, 1, 1, 1, 1, 1, 1, 1]
	1038180	956961	990594	12	M	24	A		-1	4149.09587299	[1, 1, 1, 1, 1, 1, 1, 1, 1, 1, 1, 1]
	1026109	950538	975849	12	M	75	A		-1	4149.24140925	[1, 1, 1, 1, 1, 1, 1, 1, 1, 1, 1, 1]
	1023226	956961	938240	12	M	85	A		-1	4151.61386196	[1, 1, 1, 1, 1, 1, 1, 1, 1, 1, 1, 1]
	1044204	942316	993318	12	M	34	A		-1	4152.21457299	[1, 1, 1, 1, 1, 1, 1, 1, 1, 1, 1, 1]
	1076279	950538	945692	12	M	21	A		-1	4152.56538802	[1, 1, 1, 0, 1, 1, 1, 1, 1, 1, 1, 1]
	1024531	906132	912547	12	M	69	A		-1	4152.60490647	[1, 1, 1, 1, 1, 1, 1, 1, 1, 1, 1, 1]
	1009771	931935	988215	12	M	54	A		-1	4152.61725303	[1, 1, 1, 1, 1, 1, 1, 1, 1, 1, 1, 1]
	1072481	915178	979957	12	M	12	A		-1	4152.76328651	[1, 1, 1, 1, 1, 1, 1, 1, 1, 1, 1, 1]
	1091185	942316	987295	12	M	99	A		-1	4155.5630135	[1, 1, 1, 1, 1, 1, 1, 1, 1, 1, 1, 1]
	1026339	981717	888620	12	M	43	A		-1	4156.13449753	[1, 1, 1, 1, 1, 1, 1, 1, 1, 1, 1, 1]
	1036085	932786	914834	12	M	42	A		-1	4157.53981652	[1, 1, 1, 1, 1, 1, 1, 1, 1, 1, 1, 1]
	1069038	902217	961227	12	M	8	A		-1	4158.97486224	[1, 1, 1, 1, 1, 1, 1, 1, 1, 1, 1, 1]
	1077923	924746	905224	12	M	79	A		-1	4159.05996908	[1, 1, 1, 1, 1, 1, 1, 1, 1, 1, 1, 1]
	1070126	915178	900307	12	M	85	A		-1	4159.31695636	[1, 1, 1, 1, 1, 1, 1, 1, 1, 1, 1, 1]
	1013648	902217	970292	12	M	40	A		-1	4159.61062766	[1, 1, 1, 1, 1, 1, 1, 1, 1, 1, 1, 1]
	1064791	990177	967258	12	M	47	A		-1	4159.94181314	[1, 1, 1, 1, 1, 1, 1, 1, 1, 1, 1, 1]
	1050701	887665	955977	12	M	0	A		-1	4160.40171517	[1, 1, 1, 1, 1, 1, 1, 1, 1, 1, 1, 1]
	1031862	942316	907236	12	M	30	A		-1	4160.45042353	[1, 1, 1, 1, 1, 1, 1, 1, 1, 1, 1, 1]
	1025889	928739	818894	12	M	37	A		-1	4161.25585791	[1, 1, 1, 1, 1, 1, 1, 1, 1, 1, 1, 1]
	1010169	960001	863435	12	M	25	A		-1	4161.70760561	[1, 1, 1, 1, 1, 1, 1, 1, 1, 1, 1, 1]
	1072467	954904	979076	12	M	78	A		-1	4161.83262007	[1, 1, 1, 1, 1, 1, 1, 1, 1, 1, 1, 1]
	1070069	977518	830327	12	M	97	A		-1	4162.29070254	[1, 1, 1, 1, 1, 1, 1, 1, 1, 1, 1, 1]
	1040958	902217	958026	12	M	45	A		-1	4163.5864706	[1, 1, 1, 1, 1, 1, 1, 1, 1, 1, 1, 1]
	990177	865616	821865	11	M	98	A		-1	4163.63015722	[1, 1, 1, 1, 1, 1, 1, 1, 1, 1, 1, 1]
	1090478	967517	917436	12	M	79	A		-1	4165.01941295	[1, 1, 1, 1, 1, 1, 1, 1, 1, 1, 1, 1]
	1070806	977788	955429	12	M	84	A		-1	4165.35944796	[1, 1, 1, 1, 1, 1, 1, 1, 1, 1, 1, 1]
	1080591	927149	900860	12	M	96	A		-1	4166.42854744	[1, 1, 1, 1, 1, 1, 1, 1, 1, 1, 1, 1]
	1001696	960001	898920	12	M	40	A		-1	4166.65998997	[1, 1, 1, 1, 1, 1, 1, 1, 1, 1, 1, 1]
	999972	912288	971487	12	M	98	A		-1	4167.49068453	[1, 1, 1, 1, 1, 1, 1, 1, 1, 1, 1, 1]
	1006611	971841	985767	12	M	70	A		-1	4167.73372652	[1, 1, 1, 1, 1, 1, 1, 1, 1, 1, 1, 1]
	1008815	911473	979279	12	M	72	A		-1	4167.83555691	[1, 0, 1, 0, 1, 1, 1, 1, 1, 1, 1, 1]
	1013318	950538	977460	12	M	73	A		-1	4167.99375692	[1, 1, 1, 1, 1, 1, 1, 0, 1, 1, 1, 1]
	1086697	960001	927878	12	M	26	A		-1	4168.65951447	[1, 1, 1, 1, 1, 1, 1, 1, 1, 1, 1, 1]
	1038505	902217	823191	12	M	85	A		-1	4168.80442553	[1, 1, 1, 1, 1, 1, 1, 1, 1, 1, 1, 1]
	1086213	902217	926698	12	M	55	A		-1	4170.2910561	[1, 1, 1, 1, 1, 1, 1, 1, 1, 1, 1, 1]
	1054138	967517	875406	12	M	69	A		-1	4170.86992601	[1, 1, 1, 1, 1, 1, 1, 1, 1, 1, 1, 1]
	1003880	950538	851630	12	M	71	A		-1	4170.9235665	[1, 1, 1, 0, 1, 1, 1, 1, 1, 1, 1, 1]
	1070048	911473	927923	12	M	25	A		-1	4172.03812912	[1, 1, 1, 1, 1, 1, 1, 1, 1, 1, 1, 1]
	1059973	933595	965289	12	M	39	A		-1	4172.08158542	[1, 1, 1, 1, 1, 1, 1, 1, 1, 1, 1, 1]
	1018169	909738	945764	12	M	84	A		-1	4172.16042514	[1, 1, 1, 1, 1, 1, 1, 1, 1, 1, 1, 1]
	1052848	942316	944427	12	M	18	A		-1	4172.97018952	[1, 1, 1, 1, 1, 1, 1, 1, 1, 1, 1, 1]
	1093067	911896	906421	12	M	49	A		-1	4175.09972269	[1, 1, 1, 1, 1, 1, 1, 1, 1, 1, 1, 1]
	1069264	928739	902264	12	M	38	A		-1	4175.56032426	[1, 1, 1, 1, 1, 1, 1, 1, 1, 1, 1, 1]
	1082514	954573	949677	12	M	2	A		-1	4176.50475838	[1, 1, 1, 1, 1, 1, 1, 1, 1, 1, 1, 1]
	1089536	887665	951061	12	M	57	A		-1	4176.6555616	[1, 1, 1, 1, 1, 1, 1, 1, 1, 1, 1, 1]
	1018537	971841	921605	12	M	13	A		-1	4177.20565755	[1, 1, 1, 1, 1, 1, 1, 1, 1, 1, 1, 1]
	1020802	902217	915932	12	M	19	A		-1	4177.34509235	[1, 1, 1, 1, 1, 1, 1, 1, 1, 1, 1, 1]
	997072	971953	972889	12	M	4	A		-1	4178.20600131	[1, 1, 1, 1, 1, 1, 1, 1, 1, 1, 1, 1]
	1085014	992332	954269	12	M	57	A		-1	4179.32208925	[1, 1, 1, 1, 1, 1, 1, 1, 1, 1, 1, 1]
	1072389	911473	965123	12	M	41	A		-1	4179.72625903	[1, 1, 1, 0, 1, 1, 1, 1, 1, 1, 1, 1]
	1000789	911059	974237	12	M	88	A		-1	4182.08639394	[0, 1, 1, 0, 1, 1, 1, 1, 1, 1, 1, 1]
	1044246	919422	897588	12	M	55	A		-1	4183.206412	[0, 1, 1, 1, 1, 1, 1, 1, 1, 1, 1, 1]
	1012675	969729	843563	12	M	79	A		-1	4185.39621428	[1, 1, 1, 0, 1, 1, 1, 1, 1, 1, 1, 1]
	1029357	911059	940747	12	M	38	A		-1	4186.65537947	[1, 1, 1, 1, 1, 1, 1, 1, 1, 1, 1, 1]
	1016258	939920	983069	12	M	32	A		-1	4188.25347417	[1, 1, 1, 1, 1, 1, 1, 0, 1, 1, 1, 1]
	1076114	971841	975878	12	M	34	A		-1	4188.39591875	[1, 1, 1, 1, 1, 1, 1, 1, 1, 1, 1, 1]
	1050904	956961	717448	12	M	83	A		-1	4191.54302372	[1, 1, 1, 1, 1, 1, 1, 1, 1, 1, 1, 1]
	1089004	931935	966659	12	M	35	A		-1	4191.90309461	[1, 1, 1, 1, 1, 1, 1, 1, 1, 1, 1, 1]
	1083227	911059	888618	12	M	79	A		-1	4192.61383469	[0, 1, 1, 1, 1, 1, 1, 1, 1, 1, 1, 1]
	1069766	919422	958550	12	M	39	A		-1	4193.30821873	[1, 1, 1, 1, 1, 1, 1, 0, 1, 1, 1, 1]
	1006091	956961	951833	12	M	91	A		-1	4194.96897683	[1, 1, 1, 1, 1, 1, 1, 1, 1, 1, 1, 1]
	1066234	977518	898631	12	M	28	A		-1	4195.19167965	[1, 1, 1, 1, 1, 1, 1, 1, 1, 1, 1, 1]
	1029057	912288	987966	12	M	78	A		-1	4196.48958511	[1, 1, 1, 1, 1, 1, 1, 1, 1, 1, 1, 1]
	1068593	906132	904495	12	M	38	A		-1	4196.60269563	[1, 1, 1, 1, 0, 1, 1, 1, 1, 1, 1, 1]
	1036360	990740	947312	12	M	16	A		-1	4198.0214852	[1, 1, 1, 1, 1, 1, 1, 1, 1, 1, 1, 1]
	1017864	950538	818376	12	M	86	A		-1	4198.5612294	[1, 1, 1, 0, 1, 1, 1, 1, 1, 1, 1, 1]
	1012069	911059	973101	12	M	31	A		-1	4198.94974178	[1, 1, 1, 1, 1, 1, 1, 1, 1, 1, 1, 1]
	1059215	960001	964443	12	M	27	A		-1	4199.0416956	[1, 1, 1, 1, 1, 1, 1, 1, 1, 1, 1, 1]
	1045437	906132	979712	12	M	96	A		-1	4199.73112707	[1, 1, 1, 1, 0, 1, 1, 1, 1, 1, 1, 1]
	1070774	911896	936285	12	M	94	A		-1	4200.16164392	[1, 1, 1, 1, 1, 1, 1, 1, 1, 1, 1, 1]
	1029483	958844	909315	12	M	42	A		-1	4201.1738442	[1, 1, 1, 1, 1, 1, 1, 1, 1, 1, 1, 1]
	1028061	928739	985379	12	M	87	A		-1	4201.39202856	[1, 1, 1, 1, 1, 1, 1, 1, 1, 1, 1, 1]
	1091145	909738	957734	12	M	50	A		-1	4202.52792059	[1, 1, 1, 1, 1, 1, 1, 1, 1, 1, 1, 1]
	1016151	898352	930576	12	M	56	A		-1	4203.88239086	[1, 1, 1, 1, 1, 1, 1, 1, 1, 1, 1, 1]
	1054059	942316	959842	12	M	94	A		-1	4208.62733396	[1, 1, 1, 1, 1, 1, 1, 1, 1, 1, 1, 1]
	1069234	939920	939715	12	M	38	A		-1	4210.28649648	[1, 0, 1, 0, 1, 1, 1, 1, 1, 1, 1, 1]
	1025167	967517	989026	12	M	23	A		-1	4210.41983187	[1, 1, 1, 1, 1, 1, 1, 1, 1, 1, 1, 1]
	1008531	933595	908657	12	M	4	A		-1	4212.56306053	[1, 1, 1, 1, 1, 1, 1, 1, 1, 1, 1, 1]
	1028487	960001	917987	12	M	49	A		-1	4215.66356742	[1, 1, 1, 0, 1, 1, 1, 1, 1, 1, 1, 1]
	1002889	990177	935327	12	M	81	A		-1	4215.91524927	[1, 1, 1, 1, 1, 1, 1, 1, 1, 1, 1, 1]
	1087466	931935	912162	12	M	94	A		-1	4216.19959717	[0, 1, 1, 1, 1, 1, 1, 1, 1, 1, 1, 1]
	1091102	942316	915272	12	M	12	A		-1	4217.99260849	[0, 1, 1, 1, 1, 1, 1, 1, 1, 1, 1, 1]
	1060375	971953	962758	12	M	49	A		-1	4220.96218141	[1, 1, 1, 1, 1, 1, 1, 1, 1, 1, 1, 1]
	1022513	969729	977152	12	M	55	A		-1	4221.23333496	[0, 1, 1, 1, 1, 1, 1, 0, 1, 1, 1, 1]
	1026025	981717	843452	12	M	24	A		-1	4224.21262364	[0, 1, 1, 1, 1, 1, 1, 1, 1, 1, 1, 1]
	1029713	960001	896461	12	M	9	A		-1	4224.4123978	[1, 1, 1, 1, 1, 1, 1, 1, 1, 1, 1, 1]
	1065909	953529	953906	12	M	57	A		-1	4225.84587876	[1, 1, 1, 1, 1, 1, 1, 1, 1, 1, 1, 1]
	1019994	927149	923836	12	M	20	A		-1	4227.69533314	[1, 1, 0, 1, 1, 1, 1, 1, 1, 1, 1, 1]
	1020892	911059	969022	12	M	94	A		-1	4230.26472029	[1, 1, 1, 1, 1, 1, 1, 1, 1, 1, 1, 1]
	1064056	950538	976669	12	M	29	A		-1	4234.29677069	[1, 1, 1, 0, 1, 1, 1, 1, 1, 1, 1, 1]
	1044993	950538	922709	12	M	94	A		-1	4234.83300606	[1, 1, 1, 0, 1, 1, 1, 1, 1, 1, 1, 1]
	950538	867220	893071	11	M	18	A		-1	4236.65333511	[1, 1, 1, 0, 1, 1, 1, 1, 1, 1, 1, 1]
	1079132	971953	993228	12	M	86	A		-1	4236.81456432	[1, 1, 1, 1, 1, 1, 1, 0, 1, 1, 1, 1]
	1057642	958844	793816	12	M	89	A		-1	4237.57761908	[1, 1, 1, 1, 1, 1, 1, 1, 1, 1, 1, 1]
	997170	992332	968021	12	M	50	A		-1	4237.68264971	[1, 1, 1, 1, 1, 1, 1, 1, 1, 1, 1, 1]
	1003121	908237	961885	12	M	69	A		-1	4237.84510251	[1, 1, 1, 1, 1, 1, 1, 1, 1, 1, 1, 1]
	1037514	963545	825977	12	M	56	A		-1	4243.70649924	[1, 1, 1, 1, 1, 1, 1, 1, 1, 1, 1, 1]
	1089666	977518	944944	12	M	95	A		-1	4245.7736376	[1, 1, 1, 1, 1, 1, 1, 1, 1, 1, 1, 1]
	1092836	912705	939408	12	M	79	A		-1	4246.75180635	[1, 1, 1, 1, 1, 1, 1, 1, 1, 1, 1, 1]
	1054709	913290	951042	12	M	93	A		-1	4247.65602216	[1, 1, 1, 1, 1, 1, 1, 1, 1, 1, 1, 1]
	1014216	960001	903162	12	M	64	A		-1	4248.6891446	[1, 1, 1, 1, 1, 1, 1, 1, 1, 1, 1, 1]
	1053463	928739	976427	12	M	93	A		-1	4251.03102019	[1, 1, 1, 1, 1, 1, 1, 1, 1, 1, 1, 1]
	994859	932786	914229	12	M	50	A		-1	4252.77319508	[1, 1, 1, 1, 1, 1, 1, 1, 1, 1, 1, 1]
	1022636	977788	902052	12	M	70	A		-1	4253.33916024	[1, 1, 1, 1, 1, 1, 1, 1, 1, 1, 1, 1]
	1032132	950538	885112	12	M	15	A		-1	4254.95323891	[1, 1, 1, 1, 1, 1, 1, 1, 1, 1, 1, 1]
	1037928	950538	959063	12	M	93	A		-1	4258.95783758	[1, 1, 1, 1, 1, 1, 1, 1, 1, 1, 1, 1]
	1089270	911473	931196	12	M	98	A		-1	4259.22685059	[1, 1, 1, 1, 1, 1, 1, 1, 1, 1, 1, 1]
	1025698	958844	954497	12	M	64	A		-1	4263.293666	[1, 1, 1, 1, 1, 1, 1, 1, 1, 1, 1, 1]
	1026979	975999	952366	12	M	62	A		-1	4266.38793607	[1, 1, 1, 1, 1, 1, 1, 1, 1, 1, 1, 1]
	1007372	977518	873975	12	M	66	A		-1	4268.8721805	[1, 1, 1, 1, 1, 1, 1, 1, 1, 1, 1, 1]
	1026013	950538	981801	12	M	70	A		-1	4268.87636598	[1, 1, 1, 1, 1, 1, 1, 1, 1, 1, 1, 1]
	999851	958844	992313	12	M	92	A		-1	4272.66578037	[1, 1, 1, 1, 1, 1, 1, 1, 1, 1, 1, 1]
	1065937	931935	930816	12	M	45	A		-1	4280.62438806	[0, 1, 1, 0, 1, 1, 1, 1, 1, 1, 1, 1]
	1058321	908237	951312	12	M	18	A		-1	4283.94336253	[1, 1, 1, 1, 1, 1, 1, 1, 1, 1, 1, 1]
	1044991	902217	965586	12	M	32	A		-1	4286.23098604	[1, 1, 1, 1, 1, 1, 1, 1, 1, 1, 1, 1]
	1081514	990740	966016	12	M	94	A		-1	4287.07600682	[1, 1, 1, 1, 1, 1, 1, 1, 1, 1, 1, 1]
	1001812	933595	944992	12	M	20	A		-1	4292.66111417	[1, 1, 1, 1, 1, 1, 1, 1, 1, 1, 1, 1]
	1010988	939920	952004	12	M	44	A		-1	4293.28593538	[1, 1, 1, 0, 1, 1, 1, 0, 1, 1, 1, 1]
	1053467	967517	903180	12	M	54	A		-1	4299.0843527	[1, 1, 1, 1, 1, 1, 1, 1, 1, 1, 1, 1]
	1049775	975999	958765	12	M	80	A		-1	4308.1291317	[1, 1, 1, 1, 1, 1, 1, 1, 1, 1, 1, 1]
	1080632	912288	920148	12	M	72	A		-1	4309.65993012	[1, 1, 1, 1, 1, 1, 1, 0, 1, 1, 1, 1]
	1084229	911896	930764	12	M	47	A		-1	4314.47923457	[1, 1, 1, 1, 1, 1, 1, 1, 1, 1, 1, 1]
	1083785	911059	926932	12	M	64	A		-1	4321.466449	[1, 1, 1, 1, 1, 1, 1, 1, 1, 1, 1, 1]
	1001197	990177	918126	12	M	17	A		-1	4323.61276117	[1, 1, 1, 1, 1, 1, 1, 1, 1, 1, 1, 1]
	1024189	971841	926987	12	M	59	A		-1	4334.97535445	[1, 1, 1, 1, 1, 1, 1, 1, 1, 1, 1, 1]
	1007864	950538	964399	12	M	43	A		-1	4335.16511218	[1, 1, 1, 0, 1, 1, 1, 1, 1, 1, 1, 1]
	1050912	950538	953146	12	M	35	A		-1	4341.52977769	[1, 1, 1, 0, 1, 1, 1, 1, 1, 1, 1, 1]
	1023840	963545	983531	12	M	65	A		-1	4343.37546519	[1, 1, 1, 1, 1, 1, 1, 1, 1, 1, 1, 1]
	1019592	913290	930123	12	M	29	A		-1	4346.76274077	[1, 1, 0, 1, 1, 1, 1, 1, 1, 1, 1, 1]
	1032761	912288	907415	12	M	59	A		-1	4352.75234059	[1, 1, 1, 1, 1, 1, 1, 0, 1, 1, 1, 1]
	1030805	932186	944745	12	M	44	A		-1	4359.12216189	[1, 1, 0, 0, 1, 1, 1, 1, 1, 1, 1, 1]
	998404	933595	908380	12	M	76	A		-1	4372.85437556	[1, 1, 1, 1, 1, 1, 1, 1, 1, 1, 1, 1]
	1042083	954904	925191	12	M	28	A		-1	4440.10397046	[1, 1, 1, 1, 1, 1, 1, 1, 1, 1, 1, 1]
