animal	sire	dam	born	sex	herd	status	cause	died	TBV	recessives
	1325215	1274317	1272772	15	M	12	A		-1	4882.80678261	[1, 1, 1, 1, 1, 1, 1, 1, 1, 1, 1, 1]
	1318292	1250507	1280574	15	M	20	A		-1	4883.40363981	[1, 1, 1, 1, 1, 1, 1, 1, 1, 1, 1, 1]
	1332133	1232234	1187508	15	M	62	A		-1	4883.70992689	[1, 1, 1, 1, 1, 1, 1, 1, 1, 1, 1, 1]
	1340521	1224217	1275115	15	M	13	A		-1	4883.72655167	[1, 1, 1, 0, 1, 1, 1, 1, 1, 1, 1, 1]
	1340723	1257075	1251942	15	M	98	A		-1	4883.76856912	[1, 1, 1, 1, 1, 1, 1, 1, 1, 1, 1, 1]
	1375309	1214980	1271275	15	M	15	A		-1	4883.87204785	[1, 1, 1, 1, 1, 1, 1, 1, 1, 1, 1, 1]
	1392855	1241398	1209340	15	M	25	A		-1	4884.05188713	[1, 1, 1, 1, 1, 1, 1, 1, 1, 1, 1, 1]
	1232234	1167107	1165823	14	M	4	A		-1	4884.11496676	[1, 1, 1, 1, 1, 1, 1, 1, 1, 1, 1, 1]
	1315230	1266922	1205482	15	M	37	A		-1	4884.43717912	[0, 1, 1, 1, 1, 1, 1, 1, 1, 1, 1, 1]
	1381800	1278321	1111647	15	M	59	A		-1	4884.59435193	[1, 1, 1, 1, 1, 1, 1, 1, 1, 1, 1, 1]
	1333234	1291768	1265377	15	M	85	A		-1	4885.09625951	[1, 1, 1, 1, 1, 1, 1, 1, 1, 1, 1, 1]
	1293803	1244077	1255307	15	M	49	A		-1	4885.11269854	[1, 1, 1, 1, 1, 1, 1, 1, 1, 1, 1, 1]
	1366443	1235322	1263765	15	M	63	A		-1	4885.23424522	[1, 1, 1, 1, 1, 1, 1, 1, 1, 1, 1, 1]
	1383765	1199975	1269930	15	M	60	A		-1	4885.27656672	[1, 1, 1, 1, 1, 1, 1, 1, 1, 1, 1, 1]
	1317371	1197950	1099637	15	M	73	A		-1	4885.39963494	[1, 1, 1, 1, 1, 1, 1, 1, 1, 1, 1, 1]
	1392516	1215045	1278732	15	M	71	A		-1	4885.42888048	[1, 1, 1, 1, 1, 1, 1, 1, 1, 1, 1, 1]
	1347660	1235322	1006475	15	M	72	A		-1	4885.5558625	[1, 1, 1, 1, 1, 1, 1, 1, 1, 1, 1, 1]
	1375685	1196225	1225553	15	M	30	A		-1	4885.70663966	[1, 1, 1, 1, 1, 1, 1, 1, 1, 1, 1, 1]
	1346841	1280427	1142123	15	M	76	A		-1	4885.98516528	[1, 1, 1, 1, 1, 1, 1, 1, 1, 1, 1, 1]
	1295979	1271795	1218139	15	M	61	A		-1	4886.09070445	[1, 1, 1, 1, 1, 1, 1, 1, 1, 1, 1, 1]
	1366324	1243121	1156224	15	M	77	A		-1	4886.10341455	[1, 1, 1, 1, 1, 1, 1, 1, 1, 1, 1, 1]
	1308165	1224217	1274670	15	M	61	A		-1	4886.25550659	[1, 1, 1, 1, 1, 1, 1, 1, 1, 1, 1, 1]
	1352299	1224217	1105756	15	M	25	A		-1	4886.3123559	[0, 1, 1, 1, 1, 1, 1, 1, 1, 1, 1, 1]
	1369281	1222971	1200238	15	M	41	A		-1	4886.38006553	[1, 1, 1, 1, 1, 1, 1, 1, 1, 1, 1, 1]
	1367059	1235322	1282067	15	M	9	A		-1	4886.50177192	[1, 1, 1, 0, 1, 1, 1, 1, 1, 1, 1, 1]
	1309326	1286841	1253585	15	M	11	A		-1	4886.50515904	[1, 1, 1, 1, 1, 1, 1, 1, 1, 1, 1, 1]
	1381422	1260740	1286096	15	M	26	A		-1	4886.51396623	[1, 1, 1, 1, 1, 1, 1, 1, 1, 1, 1, 1]
	1329942	1250507	1262832	15	M	5	A		-1	4886.84880243	[1, 1, 1, 1, 1, 1, 1, 1, 1, 1, 1, 1]
	1357179	1290834	1283551	15	M	66	A		-1	4886.87880428	[1, 1, 1, 1, 1, 1, 1, 1, 1, 1, 1, 1]
	1364091	1213381	1127648	15	M	76	A		-1	4886.93795858	[1, 1, 1, 1, 1, 1, 1, 1, 1, 1, 1, 1]
	1363742	1273475	1264556	15	M	26	A		-1	4887.04694455	[1, 1, 1, 1, 1, 1, 1, 1, 1, 1, 1, 1]
	1336908	1197950	1293257	15	M	11	A		-1	4887.1812527	[1, 1, 1, 1, 1, 1, 1, 1, 1, 1, 1, 1]
	1369201	1290834	1215205	15	M	43	A		-1	4887.9527428	[1, 1, 1, 1, 1, 1, 1, 0, 1, 1, 1, 1]
	1326640	1215045	1268947	15	M	10	A		-1	4888.23122294	[1, 1, 1, 1, 1, 1, 0, 1, 1, 1, 1, 1]
	1364077	1197950	1199576	15	M	20	A		-1	4888.37545135	[1, 1, 1, 1, 1, 1, 1, 1, 1, 1, 1, 1]
	1358817	1286841	1220839	15	M	79	A		-1	4888.66713659	[1, 1, 1, 1, 1, 1, 1, 1, 1, 1, 1, 1]
	1341067	1213381	1218866	15	M	54	A		-1	4888.92829405	[1, 1, 1, 1, 1, 1, 1, 1, 1, 1, 1, 1]
	1329832	1213381	1151711	15	M	14	A		-1	4888.97419949	[1, 1, 1, 1, 1, 1, 1, 1, 1, 1, 1, 1]
	1353891	1257075	1108012	15	M	74	A		-1	4888.9768736	[1, 1, 1, 1, 1, 1, 1, 1, 1, 1, 1, 1]
	1350377	1241398	1147053	15	M	40	A		-1	4888.98672844	[1, 1, 1, 1, 1, 1, 1, 1, 1, 1, 1, 1]
	1353259	1250507	1236705	15	M	40	A		-1	4888.99520604	[1, 1, 1, 1, 1, 1, 1, 0, 1, 1, 1, 1]
	1349958	1212200	1274772	15	M	78	A		-1	4889.06322643	[1, 1, 1, 1, 1, 1, 1, 1, 1, 1, 1, 1]
	1389823	1270534	1262463	15	M	56	A		-1	4889.32822672	[1, 1, 1, 1, 1, 1, 1, 1, 1, 1, 1, 1]
	1373001	1280427	1200136	15	M	67	A		-1	4889.36712438	[1, 1, 1, 1, 1, 1, 1, 1, 1, 1, 1, 1]
	1310921	1273475	1156920	15	M	27	A		-1	4890.06458724	[1, 1, 1, 1, 1, 1, 1, 1, 1, 1, 1, 1]
	1354361	1212438	1148750	15	M	67	A		-1	4890.14018974	[1, 1, 1, 1, 1, 1, 1, 0, 1, 1, 1, 1]
	1295439	1263235	1285836	15	M	63	A		-1	4890.48524071	[1, 1, 0, 1, 1, 1, 1, 1, 1, 1, 1, 1]
	1300153	1196225	1278860	15	M	77	A		-1	4890.51203898	[1, 1, 1, 1, 1, 1, 1, 1, 1, 1, 1, 1]
	1383743	1205932	1109927	15	M	19	A		-1	4890.89574091	[1, 1, 1, 1, 1, 1, 1, 1, 1, 1, 1, 1]
	1379205	1276677	1226919	15	M	12	A		-1	4890.89924014	[1, 1, 1, 1, 1, 1, 1, 0, 1, 1, 1, 1]
	1328096	1278321	1285197	15	M	23	A		-1	4891.00203334	[1, 1, 1, 1, 1, 1, 1, 1, 1, 1, 1, 1]
	1384884	1212200	1205520	15	M	11	A		-1	4891.03543569	[1, 1, 0, 0, 1, 1, 1, 1, 1, 1, 1, 1]
	1296701	1220683	1245850	15	M	91	A		-1	4891.25768787	[1, 1, 1, 1, 1, 1, 1, 0, 1, 1, 1, 1]
	1348329	1286841	1194082	15	M	9	A		-1	4891.56141651	[1, 1, 1, 1, 1, 1, 1, 0, 1, 1, 1, 1]
	1208858	1125614	1187343	14	M	14	A		-1	4892.45896445	[1, 1, 0, 1, 1, 1, 1, 1, 1, 1, 1, 1]
	1295711	1292825	1185137	15	M	89	A		-1	4893.20976389	[1, 1, 1, 1, 1, 1, 1, 1, 1, 1, 1, 1]
	1373604	1199975	1260276	15	M	26	A		-1	4893.2371876	[1, 1, 1, 1, 1, 1, 1, 1, 1, 1, 1, 1]
	1393109	1212438	1260443	15	M	91	A		-1	4893.33757246	[1, 1, 1, 1, 1, 1, 1, 0, 1, 1, 1, 1]
	1362858	1214980	1275098	15	M	43	A		-1	4893.3479659	[0, 1, 1, 1, 1, 1, 1, 1, 1, 1, 1, 1]
	1381882	1276677	1272229	15	M	39	A		-1	4893.39277385	[1, 1, 1, 1, 1, 1, 1, 0, 1, 1, 1, 1]
	1310708	1198798	1238339	15	M	58	A		-1	4893.60603756	[1, 1, 1, 0, 1, 1, 1, 1, 1, 1, 1, 1]
	1325971	1208858	1208609	15	M	76	A		-1	4893.9270973	[0, 1, 0, 1, 1, 1, 1, 1, 1, 1, 1, 1]
	1391689	1269199	1291357	15	M	54	A		-1	4894.0475656	[1, 1, 1, 1, 1, 1, 0, 1, 1, 1, 1, 1]
	1380375	1273475	1170960	15	M	73	A		-1	4894.37298087	[1, 1, 1, 1, 1, 1, 1, 1, 1, 1, 1, 1]
	1337577	1291768	1276129	15	M	97	A		-1	4894.60673359	[1, 1, 1, 1, 1, 1, 1, 1, 1, 1, 1, 1]
	1314681	1213381	1206627	15	M	20	A		-1	4894.63840052	[1, 1, 1, 1, 1, 1, 1, 1, 1, 1, 1, 1]
	1383562	1292825	1128195	15	M	61	A		-1	4894.64619101	[1, 1, 1, 0, 1, 1, 1, 1, 1, 1, 1, 1]
	1370691	1261249	1250295	15	M	98	A		-1	4894.73268556	[1, 1, 1, 1, 1, 1, 1, 1, 1, 1, 1, 1]
	1365753	1216999	1283099	15	M	70	A		-1	4894.9191645	[1, 1, 1, 1, 1, 1, 1, 1, 1, 1, 1, 1]
	1370212	1282989	1228144	15	M	12	A		-1	4895.08586804	[1, 1, 1, 1, 1, 1, 1, 1, 1, 1, 1, 1]
	1382743	1257075	1249732	15	M	73	A		-1	4895.09209083	[1, 1, 1, 1, 1, 1, 1, 1, 1, 1, 1, 1]
	1367493	1291768	1242755	15	M	27	A		-1	4895.52614771	[1, 1, 1, 1, 1, 1, 1, 1, 1, 1, 1, 1]
	1315784	1290834	1274575	15	M	2	A		-1	4895.60754151	[1, 1, 1, 1, 1, 1, 1, 1, 1, 1, 1, 1]
	1302958	1269199	1273262	15	M	99	A		-1	4895.69030797	[1, 1, 1, 1, 1, 1, 1, 1, 1, 1, 1, 1]
	1372223	1266922	1222344	15	M	77	A		-1	4896.23872858	[1, 1, 1, 1, 1, 1, 0, 1, 1, 1, 1, 1]
	1307751	1286841	1260638	15	M	16	A		-1	4896.44325876	[1, 1, 1, 1, 1, 1, 1, 1, 1, 1, 1, 1]
	1296772	1213381	1288269	15	M	21	A		-1	4896.5955748	[1, 1, 1, 1, 1, 1, 1, 1, 1, 1, 1, 1]
	1391982	1216482	1227919	15	M	83	A		-1	4896.80386591	[1, 1, 1, 1, 1, 1, 1, 1, 1, 1, 1, 1]
	1389223	1199975	1270771	15	M	66	A		-1	4896.86723061	[1, 1, 1, 1, 1, 1, 1, 1, 1, 1, 1, 1]
	1316850	1278321	1265734	15	M	97	A		-1	4897.06753121	[1, 1, 1, 1, 1, 1, 1, 1, 1, 1, 1, 1]
	1338388	1273268	1228813	15	M	1	A		-1	4897.24351841	[1, 1, 1, 0, 1, 1, 1, 1, 1, 1, 1, 1]
	1378384	1214980	1222206	15	M	64	A		-1	4897.46034803	[1, 1, 1, 0, 1, 1, 1, 1, 1, 1, 1, 1]
	1366372	1214980	1198108	15	M	53	A		-1	4897.88879151	[0, 1, 0, 1, 1, 1, 1, 1, 1, 1, 1, 1]
	1389463	1232172	1282535	15	M	73	A		-1	4898.2712398	[1, 1, 1, 1, 1, 1, 1, 1, 1, 1, 1, 1]
	1382988	1252498	1267763	15	M	87	A		-1	4898.79527558	[1, 1, 1, 1, 1, 1, 1, 1, 1, 1, 1, 1]
	1314309	1216999	1248678	15	M	83	A		-1	4898.96710294	[1, 1, 1, 1, 1, 1, 1, 1, 1, 1, 1, 1]
	1311040	1260740	1291621	15	M	9	A		-1	4899.53628407	[1, 1, 1, 1, 1, 1, 1, 1, 1, 1, 1, 1]
	1297500	1216482	1256790	15	M	5	A		-1	4899.97153207	[1, 1, 1, 1, 1, 1, 1, 1, 1, 1, 1, 1]
	1306925	1208858	1272685	15	M	19	A		-1	4900.1048041	[1, 1, 0, 1, 1, 1, 1, 1, 1, 1, 1, 1]
	1354857	1218933	1283323	15	M	52	A		-1	4900.38127917	[1, 1, 1, 1, 1, 1, 1, 1, 1, 1, 1, 1]
	1357870	1220683	1278436	15	M	68	A		-1	4900.49690769	[1, 1, 1, 1, 1, 1, 1, 0, 1, 1, 1, 1]
	1358779	1244077	1265347	15	M	90	A		-1	4900.97739175	[1, 1, 1, 1, 1, 1, 1, 1, 1, 1, 1, 1]
	1378086	1260740	1283587	15	M	13	A		-1	4901.36793738	[1, 1, 1, 0, 1, 1, 1, 1, 1, 1, 1, 1]
	1305422	1208858	1272639	15	M	5	A		-1	4901.45802645	[1, 1, 0, 1, 1, 1, 1, 1, 1, 1, 1, 1]
	1328369	1205932	1119055	15	M	31	A		-1	4901.54900168	[1, 1, 1, 1, 1, 1, 1, 1, 1, 1, 1, 1]
	1372697	1213381	1260119	15	M	33	A		-1	4901.64987001	[1, 1, 1, 1, 1, 1, 1, 1, 1, 1, 1, 1]
	1374779	1252498	1183289	15	M	55	A		-1	4901.75903807	[1, 1, 1, 1, 1, 1, 1, 1, 1, 1, 1, 1]
	1324947	1198798	1274541	15	M	80	A		-1	4901.96010655	[1, 1, 1, 1, 1, 1, 0, 1, 1, 1, 1, 1]
	1344881	1293474	1291092	15	M	33	A		-1	4902.7475013	[1, 1, 1, 1, 1, 1, 1, 1, 1, 1, 1, 0]
	1325716	1252498	1253932	15	M	37	A		-1	4902.75751194	[1, 1, 1, 1, 1, 1, 1, 1, 1, 1, 1, 1]
	1350011	1276677	1219488	15	M	63	A		-1	4903.128705	[1, 1, 1, 1, 1, 1, 1, 1, 1, 1, 1, 1]
	1317745	1243121	1173078	15	M	17	A		-1	4903.28863091	[1, 1, 1, 1, 1, 1, 1, 1, 1, 1, 1, 1]
	1293770	1216482	1201392	15	M	34	A		-1	4904.29081455	[1, 1, 1, 1, 1, 1, 1, 1, 1, 1, 1, 1]
	1392715	1276677	1195839	15	M	40	A		-1	4904.35225033	[1, 1, 1, 1, 1, 1, 1, 1, 1, 1, 1, 1]
	1339152	1196225	1235526	15	M	14	A		-1	4904.54278351	[1, 1, 1, 1, 1, 1, 1, 1, 1, 1, 1, 1]
	1319646	1266922	1242125	15	M	25	A		-1	4904.57797552	[1, 1, 1, 1, 1, 1, 1, 0, 1, 1, 1, 1]
	1308961	1222971	1273676	15	M	39	A		-1	4904.64220403	[1, 1, 1, 1, 1, 1, 1, 1, 1, 1, 1, 1]
	1351759	1213381	1134944	15	M	99	A		-1	4904.88701627	[1, 1, 1, 1, 1, 1, 1, 1, 1, 1, 1, 1]
	1325955	1235322	1004091	15	M	94	A		-1	4905.19502264	[1, 1, 1, 1, 1, 1, 1, 1, 1, 1, 1, 1]
	1342084	1273475	1221003	15	M	50	A		-1	4905.29476303	[1, 1, 0, 1, 1, 1, 1, 1, 1, 1, 1, 1]
	1371994	1286841	1254821	15	M	4	A		-1	4905.4233916	[1, 1, 1, 1, 1, 1, 1, 1, 1, 1, 1, 1]
	1376386	1220683	1219973	15	M	63	A		-1	4905.59097822	[1, 1, 1, 1, 1, 1, 1, 1, 1, 1, 1, 1]
	1351514	1235322	1242394	15	M	65	A		-1	4906.17408119	[1, 1, 1, 1, 1, 1, 1, 1, 1, 1, 1, 1]
	1299759	1222971	1211142	15	M	23	A		-1	4906.61647292	[1, 1, 1, 1, 1, 1, 1, 1, 1, 1, 1, 1]
	1266922	1180998	1122292	14	M	58	A		-1	4906.76488907	[1, 1, 1, 1, 1, 1, 1, 1, 1, 1, 1, 1]
	1387009	1273475	1291241	15	M	22	A		-1	4906.82478103	[1, 1, 1, 1, 1, 1, 1, 1, 1, 1, 1, 1]
	1360811	1290834	1238832	15	M	66	A		-1	4907.04550247	[1, 1, 1, 0, 1, 1, 1, 1, 1, 1, 1, 1]
	1342326	1276677	1292219	15	M	7	A		-1	4907.80453053	[1, 1, 1, 1, 1, 1, 1, 1, 1, 1, 1, 1]
	1343656	1212438	1269594	15	M	77	A		-1	4907.95015911	[1, 1, 1, 1, 1, 1, 1, 0, 1, 1, 1, 1]
	1348623	1274317	1251498	15	M	87	A		-1	4908.12248667	[1, 1, 1, 1, 1, 1, 1, 1, 1, 1, 1, 1]
	1263235	1165464	1060599	14	M	66	A		-1	4909.08920426	[1, 1, 1, 1, 1, 1, 1, 1, 1, 1, 1, 1]
	1311294	1232172	1223914	15	M	80	A		-1	4909.37422326	[1, 1, 1, 1, 1, 1, 1, 1, 1, 1, 1, 1]
	1360646	1260740	1237807	15	M	89	A		-1	4909.49419996	[1, 1, 1, 1, 1, 1, 1, 1, 1, 1, 1, 1]
	1379816	1286841	1215129	15	M	39	A		-1	4910.05659437	[1, 1, 1, 1, 1, 1, 1, 1, 1, 1, 1, 1]
	1344809	1198798	1287322	15	M	71	A		-1	4910.11240425	[1, 1, 1, 1, 1, 1, 1, 1, 1, 1, 1, 1]
	1303259	1244077	1248615	15	M	39	A		-1	4910.88718313	[1, 1, 1, 1, 1, 1, 1, 1, 1, 1, 1, 1]
	1346425	1224217	1237612	15	M	98	A		-1	4911.0697346	[1, 1, 1, 1, 1, 1, 1, 1, 1, 1, 1, 1]
	1252498	1105175	1129500	14	M	40	A		-1	4911.98018023	[1, 1, 1, 1, 1, 1, 1, 1, 1, 1, 1, 1]
	1369478	1274161	1182338	15	M	60	A		-1	4912.22437665	[1, 1, 1, 1, 1, 1, 1, 1, 1, 1, 1, 1]
	1358301	1244077	1225612	15	M	5	A		-1	4912.27909321	[1, 1, 1, 1, 1, 1, 1, 1, 1, 1, 1, 1]
	1296868	1232172	1152099	15	M	92	A		-1	4912.3798801	[1, 1, 1, 1, 1, 1, 1, 1, 1, 1, 1, 1]
	1303461	1273475	1244753	15	M	100	A		-1	4912.48781027	[1, 1, 1, 1, 1, 1, 1, 1, 1, 1, 1, 1]
	1308233	1282989	1214750	15	M	44	A		-1	4912.62167293	[1, 1, 1, 1, 1, 1, 1, 1, 1, 1, 1, 1]
	1341799	1252498	1214956	15	M	92	A		-1	4912.98591225	[1, 1, 1, 1, 1, 1, 1, 1, 1, 1, 1, 1]
	1363082	1274317	1195514	15	M	16	A		-1	4912.99386173	[1, 1, 1, 0, 1, 1, 1, 1, 1, 1, 1, 1]
	1392189	1278321	1204148	15	M	48	A		-1	4913.40542678	[1, 1, 1, 1, 1, 1, 1, 1, 1, 1, 1, 1]
	1357884	1214980	1175332	15	M	21	A		-1	4913.62824843	[0, 1, 1, 1, 1, 1, 1, 1, 1, 1, 1, 1]
	1326248	1205932	1242082	15	M	64	A		-1	4913.95309739	[1, 1, 1, 1, 1, 1, 1, 1, 1, 1, 1, 1]
	1364592	1212200	1236038	15	M	47	A		-1	4914.51812087	[1, 1, 1, 0, 1, 1, 1, 1, 1, 1, 1, 1]
	1354839	1274161	1208602	15	M	15	A		-1	4914.67200078	[1, 1, 1, 0, 1, 1, 1, 1, 1, 1, 1, 1]
	1299739	1214980	1250750	15	M	94	A		-1	4914.7090199	[1, 1, 1, 1, 1, 1, 1, 1, 1, 1, 1, 1]
	1392101	1260740	1205879	15	M	70	A		-1	4915.17748203	[1, 1, 1, 1, 1, 1, 1, 1, 1, 1, 1, 1]
	1364264	1235322	1185862	15	M	65	A		-1	4915.39519962	[1, 1, 1, 1, 1, 1, 1, 1, 1, 1, 1, 1]
	1318075	1266922	1287302	15	M	79	A		-1	4915.70379113	[1, 1, 1, 1, 1, 1, 1, 1, 1, 1, 1, 1]
	1316163	1244077	1151967	15	M	42	A		-1	4915.98328973	[1, 1, 1, 1, 1, 1, 1, 1, 1, 1, 1, 1]
	1362021	1266922	1253048	15	M	88	A		-1	4916.11604042	[1, 1, 1, 1, 1, 1, 1, 1, 1, 1, 1, 1]
	1312210	1208858	1254455	15	M	28	A		-1	4916.19571053	[1, 1, 0, 1, 1, 1, 1, 1, 1, 1, 1, 0]
	1291768	1157509	1081519	14	M	54	A		-1	4916.21028382	[1, 1, 1, 0, 1, 1, 1, 1, 1, 1, 1, 1]
	1297216	1293474	1288757	15	M	9	A		-1	4916.27375608	[1, 1, 1, 1, 1, 1, 1, 1, 1, 1, 1, 0]
	1300478	1278321	1280407	15	M	50	A		-1	4916.60531247	[1, 1, 1, 1, 1, 1, 1, 1, 1, 1, 1, 1]
	1319064	1263235	1132572	15	M	91	A		-1	4916.75751823	[1, 1, 1, 1, 1, 1, 1, 1, 1, 1, 1, 1]
	1331603	1293474	1216070	15	M	93	A		-1	4916.8612939	[1, 1, 1, 1, 1, 1, 1, 1, 1, 1, 1, 1]
	1310581	1278321	1161080	15	M	74	A		-1	4916.92209883	[1, 1, 1, 1, 1, 1, 1, 0, 1, 1, 1, 1]
	1323284	1205932	1224784	15	M	97	A		-1	4917.23191799	[1, 1, 1, 1, 1, 1, 1, 0, 1, 1, 1, 1]
	1297234	1260740	1195621	15	M	8	A		-1	4917.44649594	[1, 1, 1, 1, 1, 1, 1, 0, 1, 1, 1, 1]
	1386890	1222971	1257306	15	M	59	A		-1	4918.21679584	[1, 1, 1, 1, 1, 1, 1, 1, 1, 1, 1, 1]
	1383306	1232172	1264987	15	M	99	A		-1	4918.69267855	[1, 1, 1, 1, 1, 1, 1, 1, 1, 1, 1, 1]
	1359999	1232234	1281728	15	M	40	A		-1	4918.69958431	[1, 1, 1, 1, 1, 1, 1, 1, 1, 1, 1, 1]
	1359068	1212200	1269172	15	M	6	A		-1	4918.93767587	[1, 1, 1, 1, 1, 1, 1, 1, 1, 1, 1, 1]
	1298446	1233521	1039195	15	M	66	A		-1	4919.76089673	[1, 1, 1, 1, 1, 1, 1, 1, 1, 1, 1, 1]
	1364890	1260740	1218381	15	M	51	A		-1	4919.78763303	[1, 1, 1, 0, 1, 1, 1, 1, 1, 1, 1, 1]
	1338852	1250507	1247146	15	M	26	A		-1	4920.15061873	[1, 1, 1, 1, 1, 1, 1, 0, 1, 1, 1, 1]
	1336226	1282989	1216102	15	M	67	A		-1	4920.92357617	[1, 1, 1, 1, 1, 1, 1, 1, 1, 1, 1, 1]
	1344848	1250507	1276536	15	M	50	A		-1	4920.92910009	[1, 1, 1, 1, 1, 1, 1, 0, 1, 1, 1, 1]
	1311966	1280427	1005727	15	M	27	A		-1	4920.96523399	[1, 1, 1, 1, 1, 1, 1, 1, 1, 1, 1, 1]
	1296898	1198798	1242556	15	M	79	A		-1	4921.10348074	[1, 1, 1, 1, 1, 1, 1, 1, 1, 1, 1, 1]
	1307443	1260740	1210466	15	M	40	A		-1	4921.11042558	[1, 1, 1, 1, 1, 1, 1, 1, 1, 1, 1, 1]
	1365354	1224217	1204968	15	M	92	A		-1	4921.17349657	[1, 1, 1, 0, 1, 1, 1, 1, 1, 1, 1, 1]
	1330703	1274161	1223633	15	M	41	A		-1	4921.28366178	[1, 1, 1, 1, 1, 1, 1, 1, 1, 1, 1, 1]
	1331345	1212200	1260843	15	M	63	A		-1	4921.29873308	[0, 1, 1, 1, 1, 1, 1, 1, 1, 1, 1, 1]
	1361980	1292825	1276232	15	M	41	A		-1	4921.63632094	[1, 1, 1, 1, 1, 1, 1, 1, 1, 1, 1, 1]
	1301565	1196225	1246072	15	M	28	A		-1	4921.77253899	[1, 1, 1, 1, 1, 1, 0, 1, 1, 1, 1, 1]
	1362124	1212438	1288846	15	M	84	A		-1	4922.29758226	[1, 1, 0, 1, 1, 1, 1, 1, 1, 1, 1, 1]
	1389250	1250507	1110617	15	M	77	A		-1	4922.39444313	[1, 1, 1, 1, 1, 1, 1, 0, 1, 1, 1, 1]
	1351993	1199975	1248219	15	M	89	A		-1	4922.95838935	[1, 1, 1, 1, 1, 1, 1, 1, 1, 1, 1, 1]
	1388439	1286841	1288464	15	M	47	A		-1	4923.1866966	[1, 1, 1, 1, 1, 1, 1, 1, 1, 1, 1, 1]
	1340411	1273268	1190578	15	M	35	A		-1	4923.19824675	[1, 1, 1, 0, 1, 1, 1, 1, 1, 1, 1, 1]
	1385031	1262068	1281389	15	M	99	A		-1	4923.50235644	[1, 1, 1, 1, 1, 1, 1, 1, 1, 1, 1, 1]
	1342211	1243121	1229191	15	M	93	A		-1	4923.8932572	[1, 1, 1, 1, 1, 1, 1, 1, 1, 1, 1, 1]
	1372288	1273268	1132943	15	M	78	A		-1	4923.95613769	[1, 0, 1, 0, 1, 1, 1, 1, 1, 1, 1, 1]
	1334299	1208858	1216325	15	M	78	A		-1	4924.43896365	[1, 1, 0, 1, 1, 1, 1, 1, 1, 1, 1, 1]
	1352981	1197950	1244677	15	M	77	A		-1	4924.64618405	[1, 1, 1, 1, 1, 1, 1, 1, 1, 1, 1, 1]
	1305570	1278321	1200003	15	M	49	A		-1	4925.15914391	[1, 1, 1, 1, 1, 1, 1, 1, 1, 1, 1, 1]
	1377474	1198798	1269016	15	M	38	A		-1	4925.21738431	[1, 1, 1, 1, 1, 1, 1, 1, 1, 1, 1, 1]
	1350974	1241398	1230192	15	M	32	A		-1	4925.69538758	[1, 1, 1, 1, 1, 1, 1, 1, 1, 1, 1, 1]
	1321759	1276677	1253825	15	M	29	A		-1	4925.9391202	[1, 1, 1, 1, 1, 1, 0, 0, 1, 1, 1, 1]
	1308302	1235322	1254385	15	M	59	A		-1	4925.94714277	[1, 1, 1, 1, 1, 1, 1, 1, 1, 1, 1, 1]
	1379063	1220683	1275837	15	M	4	A		-1	4926.3518114	[1, 1, 1, 1, 1, 1, 1, 1, 1, 1, 1, 1]
	1391686	1243121	1263622	15	M	47	A		-1	4926.95133215	[1, 1, 1, 1, 1, 1, 1, 1, 1, 1, 1, 1]
	1308966	1224217	1239512	15	M	27	A		-1	4926.95420443	[1, 1, 1, 1, 1, 1, 1, 1, 1, 1, 1, 1]
	1388398	1278321	1270672	15	M	80	A		-1	4927.42379465	[1, 1, 1, 1, 1, 1, 1, 1, 1, 1, 1, 1]
	1343705	1292825	1218173	15	M	5	A		-1	4927.82456633	[1, 1, 0, 0, 1, 1, 1, 1, 1, 1, 1, 1]
	1349445	1197950	1227099	15	M	9	A		-1	4928.17116631	[1, 1, 1, 1, 1, 1, 1, 1, 1, 1, 1, 1]
	1365296	1262068	1203187	15	M	53	A		-1	4928.31926916	[1, 1, 1, 1, 1, 1, 1, 1, 1, 1, 1, 1]
	1343798	1196225	1288178	15	M	16	A		-1	4928.33467417	[1, 1, 1, 1, 1, 1, 1, 1, 1, 1, 1, 1]
	1349779	1218933	1100790	15	M	74	A		-1	4928.63711623	[1, 1, 1, 1, 1, 1, 1, 1, 1, 1, 1, 1]
	1363923	1216482	1249095	15	M	55	A		-1	4929.06230147	[1, 1, 1, 1, 1, 1, 0, 1, 1, 1, 1, 1]
	1295079	1197950	1218902	15	M	56	A		-1	4929.08616312	[1, 1, 1, 1, 1, 1, 1, 1, 1, 1, 1, 1]
	1385801	1212438	1240600	15	M	8	A		-1	4929.10661351	[1, 1, 1, 1, 1, 1, 1, 0, 1, 1, 1, 1]
	1366104	1224217	1210731	15	M	80	A		-1	4929.50399071	[1, 1, 1, 0, 1, 1, 1, 1, 1, 1, 1, 1]
	1303669	1252498	1216946	15	M	59	A		-1	4929.83742303	[1, 1, 1, 1, 1, 1, 1, 1, 1, 1, 1, 1]
	1341135	1224217	1267722	15	M	64	A		-1	4929.86213222	[0, 1, 1, 0, 1, 1, 1, 1, 1, 1, 1, 1]
	1305456	1261249	1241075	15	M	95	A		-1	4929.94170819	[1, 1, 1, 1, 1, 1, 1, 1, 1, 1, 1, 1]
	1308429	1273475	1237736	15	M	60	A		-1	4930.05075482	[1, 1, 1, 1, 1, 1, 1, 1, 1, 1, 1, 1]
	1359332	1286841	1217385	15	M	58	A		-1	4930.17684408	[1, 1, 1, 1, 1, 1, 1, 1, 1, 1, 1, 1]
	1310753	1291768	1196620	15	M	27	A		-1	4930.43252139	[1, 1, 1, 0, 1, 1, 1, 1, 1, 1, 1, 1]
	1293848	1266922	1215147	15	M	48	A		-1	4931.00047659	[1, 1, 1, 1, 1, 1, 1, 1, 1, 1, 1, 1]
	1323715	1241398	1216937	15	M	2	A		-1	4931.1469776	[1, 1, 1, 1, 1, 1, 1, 1, 1, 1, 1, 1]
	1369161	1243121	1252292	15	M	80	A		-1	4931.33008627	[1, 1, 1, 1, 1, 1, 1, 1, 1, 1, 1, 1]
	1322600	1290834	1132594	15	M	40	A		-1	4931.37177989	[1, 1, 1, 1, 1, 1, 1, 1, 1, 1, 1, 1]
	1331740	1292825	1248759	15	M	41	A		-1	4931.46109395	[1, 1, 1, 1, 1, 1, 1, 1, 1, 1, 1, 1]
	1365261	1218933	1269733	15	M	35	A		-1	4932.35917921	[1, 1, 1, 1, 1, 1, 1, 1, 1, 1, 1, 1]
	1350171	1276677	1078777	15	M	48	A		-1	4932.39702701	[1, 1, 1, 1, 1, 1, 1, 0, 1, 1, 1, 1]
	1376349	1244077	1257619	15	M	50	A		-1	4932.42225462	[1, 1, 1, 1, 1, 1, 1, 1, 1, 1, 1, 1]
	1318993	1197950	1224285	15	M	19	A		-1	4932.46163403	[1, 1, 1, 1, 1, 1, 1, 1, 1, 1, 1, 1]
	1328548	1199975	1257413	15	M	22	A		-1	4932.58687164	[0, 1, 1, 1, 1, 1, 1, 1, 1, 1, 1, 1]
	1362256	1243121	1275244	15	M	81	A		-1	4932.61504062	[1, 1, 1, 1, 1, 1, 1, 1, 1, 1, 1, 1]
	1300614	1218933	1199403	15	M	21	A		-1	4932.7463201	[1, 1, 1, 1, 1, 1, 1, 1, 1, 1, 1, 1]
	1315689	1266922	1246194	15	M	29	A		-1	4932.74876102	[1, 1, 1, 1, 1, 1, 1, 1, 1, 1, 1, 1]
	1364471	1280427	1216078	15	M	10	A		-1	4932.78441679	[1, 1, 1, 1, 1, 1, 1, 1, 1, 1, 1, 1]
	1312542	1202794	1238725	15	M	22	A		-1	4932.79247375	[1, 1, 1, 1, 1, 1, 1, 1, 1, 1, 1, 1]
	1388052	1290834	1289901	15	M	8	A		-1	4932.85751336	[1, 1, 1, 1, 1, 1, 1, 1, 1, 1, 1, 1]
	1389809	1208858	1284234	15	M	2	A		-1	4933.32979806	[1, 1, 0, 1, 1, 1, 1, 1, 1, 1, 1, 1]
	1296039	1220683	1207712	15	M	75	A		-1	4934.60790688	[1, 1, 1, 1, 1, 1, 1, 1, 1, 1, 1, 1]
	1301960	1224217	1275025	15	M	7	A		-1	4934.9273659	[1, 1, 1, 1, 1, 1, 1, 1, 1, 1, 1, 1]
	1386714	1232234	1275218	15	M	42	A		-1	4934.97167965	[1, 1, 1, 1, 1, 1, 1, 1, 1, 1, 1, 1]
	1377876	1224217	1234716	15	M	81	A		-1	4935.35326121	[1, 1, 1, 1, 1, 1, 1, 1, 1, 1, 1, 1]
	1386467	1198798	1269230	15	M	12	A		-1	4935.38849999	[0, 1, 1, 1, 1, 1, 1, 0, 1, 1, 1, 1]
	1317739	1270820	1257405	15	M	0	A		-1	4935.89387344	[1, 1, 1, 1, 1, 1, 1, 1, 1, 1, 1, 1]
	1304700	1286841	1290928	15	M	32	A		-1	4935.95936224	[1, 1, 1, 1, 1, 1, 1, 1, 1, 1, 1, 1]
	1306023	1235322	1150326	15	M	34	A		-1	4936.82015339	[1, 1, 1, 1, 1, 1, 1, 1, 1, 1, 1, 1]
	1355013	1260740	1223420	15	M	8	A		-1	4936.99271	[1, 1, 1, 1, 1, 1, 1, 1, 1, 1, 1, 1]
	1328023	1224217	1232607	15	M	53	A		-1	4937.38979198	[1, 1, 1, 0, 1, 1, 1, 1, 1, 1, 1, 1]
	1361528	1208858	1260674	15	M	60	A		-1	4937.64315458	[1, 1, 0, 1, 1, 1, 1, 1, 1, 1, 1, 1]
	1353980	1216999	1281461	15	M	97	A		-1	4938.05647343	[1, 1, 1, 1, 1, 1, 1, 1, 1, 1, 1, 1]
	1278321	1103018	1180988	14	M	37	A		-1	4938.82532238	[1, 1, 1, 1, 1, 1, 1, 1, 1, 1, 1, 1]
	1212438	1117175	1170265	14	M	50	A		-1	4939.31153582	[1, 1, 1, 1, 1, 1, 1, 0, 1, 1, 1, 1]
	1358564	1216999	1264955	15	M	88	A		-1	4939.66180956	[1, 1, 1, 1, 1, 1, 1, 1, 1, 1, 1, 1]
	1315632	1260740	1281251	15	M	80	A		-1	4939.78563776	[1, 1, 1, 0, 1, 1, 1, 1, 1, 1, 1, 1]
	1218933	1148237	1109075	14	M	76	A		-1	4939.95239301	[1, 1, 1, 1, 1, 1, 1, 1, 1, 1, 1, 1]
	1297158	1202794	1268883	15	M	72	A		-1	4940.8616795	[1, 1, 1, 1, 1, 1, 1, 1, 1, 1, 1, 1]
	1328093	1213381	1212248	15	M	91	A		-1	4941.66496938	[1, 1, 1, 1, 1, 1, 1, 1, 1, 1, 1, 1]
	1369800	1293474	1289750	15	M	22	A		-1	4941.77332476	[1, 1, 1, 1, 1, 1, 1, 1, 1, 1, 1, 0]
	1309919	1198798	1208179	15	M	66	A		-1	4941.79762047	[1, 1, 1, 1, 1, 1, 1, 0, 1, 1, 1, 1]
	1381392	1291768	1158319	15	M	10	A		-1	4942.06005634	[1, 1, 1, 0, 1, 1, 1, 1, 1, 1, 1, 1]
	1332302	1235322	1097492	15	M	66	A		-1	4942.91218685	[1, 1, 1, 1, 1, 1, 1, 1, 1, 1, 1, 1]
	1333400	1276677	1222452	15	M	40	A		-1	4943.12433329	[1, 1, 1, 1, 1, 1, 1, 1, 1, 1, 1, 1]
	1338837	1263235	1216085	15	M	100	A		-1	4943.15770103	[1, 1, 1, 1, 1, 1, 1, 1, 1, 1, 1, 1]
	1301819	1198798	1260992	15	M	67	A		-1	4943.80774224	[1, 1, 1, 1, 1, 1, 1, 1, 1, 1, 1, 1]
	1299902	1213381	1201625	15	M	6	A		-1	4943.89637803	[1, 1, 1, 1, 1, 1, 1, 1, 1, 1, 1, 1]
	1305873	1270534	1228432	15	M	13	A		-1	4944.09816274	[1, 1, 1, 1, 1, 1, 1, 0, 1, 1, 1, 1]
	1339479	1261249	1280580	15	M	91	A		-1	4945.24085219	[1, 1, 1, 1, 1, 1, 1, 1, 1, 1, 1, 1]
	1241398	1185119	908842	14	M	44	A		-1	4945.39659407	[1, 1, 1, 1, 1, 1, 1, 1, 1, 1, 1, 1]
	1338723	1199975	1204644	15	M	18	A		-1	4946.57827894	[1, 1, 1, 1, 1, 1, 1, 1, 1, 1, 1, 1]
	1354285	1260740	1218155	15	M	9	A		-1	4946.58100455	[1, 1, 1, 1, 1, 1, 1, 1, 1, 1, 1, 1]
	1224217	1157509	1128536	14	M	8	A		-1	4947.30780524	[1, 1, 1, 0, 1, 1, 1, 1, 1, 1, 1, 1]
	1370688	1222971	1285952	15	M	73	A		-1	4947.3691403	[1, 1, 1, 1, 1, 1, 1, 1, 1, 1, 1, 1]
	1365899	1216482	1251844	15	M	17	A		-1	4947.39488993	[1, 1, 1, 1, 1, 1, 1, 1, 1, 1, 1, 1]
	1368285	1260740	1111540	15	M	77	A		-1	4947.65794358	[1, 1, 1, 0, 1, 1, 1, 1, 1, 1, 1, 1]
	1388332	1208858	1258906	15	M	16	A		-1	4947.84978291	[1, 1, 1, 1, 1, 1, 1, 1, 1, 1, 1, 1]
	1295918	1202794	1004926	15	M	64	A		-1	4947.99463589	[1, 0, 1, 1, 1, 1, 1, 1, 1, 1, 1, 1]
	1293824	1263235	1259443	15	M	64	A		-1	4950.10394319	[1, 1, 1, 1, 1, 1, 1, 1, 1, 1, 1, 1]
	1361903	1208858	1231050	15	M	43	A		-1	4950.64932639	[1, 1, 0, 1, 1, 1, 1, 1, 1, 1, 1, 1]
	1327918	1278321	1256292	15	M	9	A		-1	4950.85173362	[1, 1, 1, 1, 1, 1, 1, 1, 1, 1, 1, 1]
	1300619	1212438	1248171	15	M	31	A		-1	4951.21012492	[0, 1, 1, 0, 1, 1, 1, 0, 1, 1, 1, 1]
	1334903	1233521	1250040	15	M	19	A		-1	4951.22016821	[1, 1, 1, 1, 1, 1, 1, 1, 1, 1, 1, 1]
	1340833	1257075	1217540	15	M	60	A		-1	4951.69001143	[1, 1, 1, 1, 1, 1, 1, 1, 1, 1, 1, 1]
	1373125	1198798	1231994	15	M	39	A		-1	4951.75624444	[1, 1, 1, 1, 1, 1, 1, 1, 1, 1, 1, 1]
	1355328	1270534	1275535	15	M	70	A		-1	4951.78876993	[1, 1, 1, 1, 1, 1, 1, 1, 1, 1, 1, 1]
	1350469	1216482	1211225	15	M	19	A		-1	4952.99834093	[1, 1, 1, 1, 1, 1, 1, 1, 1, 1, 1, 1]
	1356228	1212200	1241147	15	M	24	A		-1	4953.23136166	[1, 1, 1, 1, 1, 1, 1, 1, 1, 1, 1, 1]
	1340765	1250507	1118999	15	M	11	A		-1	4953.25508854	[1, 1, 1, 0, 1, 1, 0, 1, 1, 1, 1, 1]
	1308790	1216482	1290073	15	M	100	A		-1	4953.27920407	[1, 1, 1, 0, 1, 1, 1, 1, 1, 1, 1, 1]
	1323341	1261249	1261475	15	M	32	A		-1	4953.60233489	[1, 1, 1, 1, 1, 1, 1, 1, 1, 1, 1, 1]
	1300184	1292825	1199049	15	M	7	A		-1	4953.86047693	[1, 1, 1, 0, 1, 1, 1, 1, 1, 1, 1, 1]
	1321828	1212438	1232646	15	M	38	A		-1	4955.03188691	[1, 1, 1, 1, 1, 1, 1, 0, 1, 1, 1, 1]
	1214980	1123408	1155198	14	M	71	A		-1	4955.08923469	[0, 1, 1, 1, 1, 1, 1, 1, 1, 1, 1, 1]
	1343179	1243121	1099482	15	M	18	A		-1	4956.0494625	[1, 1, 1, 1, 1, 1, 1, 1, 1, 1, 1, 1]
	1363237	1262068	1208052	15	M	82	A		-1	4956.17340611	[1, 1, 1, 1, 1, 1, 1, 1, 1, 1, 1, 1]
	1361516	1273475	1193476	15	M	56	A		-1	4957.06645394	[1, 1, 1, 1, 1, 1, 1, 1, 1, 1, 1, 1]
	1317868	1197950	1215468	15	M	61	A		-1	4957.4492889	[1, 1, 1, 1, 1, 1, 1, 1, 1, 1, 1, 1]
	1356649	1243121	1208578	15	M	80	A		-1	4957.98432438	[1, 1, 1, 1, 1, 1, 1, 1, 1, 1, 1, 1]
	1321856	1214980	1265572	15	M	71	A		-1	4958.18375368	[0, 1, 1, 1, 1, 1, 1, 1, 1, 1, 1, 1]
	1333656	1198798	1199296	15	M	10	A		-1	4958.31238661	[1, 1, 1, 1, 1, 1, 1, 1, 1, 1, 1, 1]
	1315101	1263235	1228905	15	M	14	A		-1	4958.81507308	[1, 1, 1, 1, 1, 1, 1, 1, 1, 1, 1, 1]
	1376798	1198798	1180126	15	M	1	A		-1	4959.14576551	[0, 1, 1, 1, 1, 1, 1, 1, 1, 1, 1, 1]
	1331745	1286841	1227013	15	M	31	A		-1	4960.30402976	[1, 1, 1, 1, 1, 1, 1, 1, 1, 1, 1, 1]
	1345423	1273475	1203895	15	M	40	A		-1	4960.3149566	[1, 1, 1, 1, 1, 1, 1, 1, 1, 1, 1, 1]
	1295712	1280427	1289874	15	M	21	A		-1	4960.52257278	[1, 1, 1, 1, 1, 1, 1, 1, 1, 1, 1, 1]
	1362198	1198798	1214813	15	M	28	A		-1	4961.20895546	[1, 1, 1, 1, 1, 1, 1, 1, 1, 1, 1, 1]
	1303213	1250507	1210935	15	M	59	A		-1	4961.38243771	[1, 1, 1, 1, 1, 1, 1, 1, 1, 1, 1, 1]
	1386966	1252498	1208683	15	M	19	A		-1	4961.62459422	[1, 1, 1, 1, 1, 1, 1, 1, 1, 1, 1, 1]
	1298525	1276677	1170011	15	M	12	A		-1	4961.95452036	[1, 1, 1, 1, 1, 1, 1, 1, 1, 1, 1, 1]
	1391059	1266922	1275035	15	M	9	A		-1	4962.59877732	[1, 1, 0, 1, 1, 1, 1, 1, 1, 1, 1, 1]
	1387093	1208858	1236901	15	M	80	A		-1	4962.84400133	[1, 1, 1, 1, 1, 1, 1, 1, 1, 1, 1, 1]
	1381445	1216999	1226686	15	M	3	A		-1	4963.18133711	[1, 1, 0, 1, 1, 1, 1, 1, 1, 1, 1, 1]
	1384346	1205932	1194709	15	M	35	A		-1	4963.28266891	[1, 1, 1, 1, 1, 1, 1, 1, 1, 1, 1, 1]
	1340163	1199975	1242427	15	M	80	A		-1	4963.42917694	[1, 1, 1, 1, 1, 1, 1, 1, 1, 1, 1, 1]
	1315442	1243121	1233479	15	M	44	A		-1	4963.64474673	[1, 1, 1, 1, 1, 1, 1, 1, 1, 1, 1, 1]
	1356036	1220683	1267643	15	M	75	A		-1	4963.69568021	[1, 1, 1, 1, 1, 1, 1, 1, 1, 1, 1, 1]
	1329941	1198798	1275480	15	M	57	A		-1	4963.93727183	[1, 1, 1, 1, 1, 1, 1, 1, 1, 1, 1, 1]
	1297151	1273475	1287773	15	M	57	A		-1	4964.12527393	[1, 1, 1, 1, 1, 1, 1, 1, 1, 1, 1, 1]
	1315853	1280427	1216509	15	M	48	A		-1	4964.19833477	[1, 1, 1, 1, 1, 1, 1, 1, 1, 1, 1, 1]
	1320256	1290834	1267804	15	M	83	A		-1	4964.67047148	[1, 1, 1, 1, 1, 1, 1, 1, 1, 1, 1, 1]
	1319481	1291768	1209750	15	M	71	A		-1	4964.80412518	[1, 1, 1, 1, 1, 1, 1, 1, 1, 1, 1, 1]
	1343979	1208858	1207863	15	M	61	A		-1	4964.81791964	[1, 1, 0, 1, 1, 1, 1, 1, 1, 1, 1, 0]
	1309270	1232172	1272312	15	M	38	A		-1	4965.77525943	[1, 1, 1, 1, 1, 1, 1, 1, 1, 1, 1, 1]
	1301460	1218933	1260026	15	M	70	A		-1	4966.13986286	[1, 1, 1, 1, 1, 1, 1, 1, 1, 1, 1, 1]
	1335527	1243121	1259840	15	M	95	A		-1	4966.25808889	[1, 1, 1, 1, 1, 1, 1, 1, 1, 1, 1, 1]
	1309431	1262068	1280844	15	M	98	A		-1	4966.49719318	[1, 1, 1, 1, 1, 1, 1, 1, 1, 1, 1, 1]
	1346295	1273475	1208093	15	M	50	A		-1	4966.55372621	[1, 1, 1, 1, 1, 1, 1, 1, 1, 1, 1, 1]
	1305472	1293474	1204367	15	M	32	A		-1	4967.10012965	[1, 1, 1, 1, 1, 1, 1, 1, 1, 1, 1, 0]
	1372983	1196225	1282865	15	M	67	A		-1	4967.4478838	[1, 1, 1, 1, 1, 1, 1, 1, 1, 1, 1, 1]
	1348902	1214980	1246478	15	M	7	A		-1	4967.67451317	[1, 1, 1, 1, 1, 1, 1, 1, 1, 1, 1, 1]
	1315511	1244077	1239604	15	M	85	A		-1	4968.95580865	[1, 1, 0, 1, 1, 1, 1, 1, 1, 1, 1, 1]
	1351054	1196225	1283233	15	M	66	A		-1	4969.51906008	[1, 1, 1, 1, 1, 1, 1, 1, 1, 1, 1, 1]
	1359651	1263235	1254856	15	M	40	A		-1	4969.53384478	[0, 1, 1, 1, 1, 1, 1, 1, 1, 1, 1, 1]
	1391688	1232234	1252732	15	M	50	A		-1	4969.59054317	[1, 1, 1, 1, 1, 1, 1, 1, 1, 1, 1, 1]
	1310877	1257075	1199556	15	M	76	A		-1	4969.84557228	[1, 1, 1, 1, 1, 1, 1, 1, 1, 1, 1, 1]
	1337741	1199975	1279027	15	M	97	A		-1	4969.92569555	[1, 1, 1, 1, 1, 1, 1, 1, 1, 1, 1, 1]
	1386095	1276677	1250705	15	M	96	A		-1	4970.42602933	[1, 1, 1, 1, 1, 1, 1, 0, 1, 1, 1, 1]
	1276677	1117175	1054029	14	M	44	A		-1	4970.72723227	[1, 1, 1, 1, 1, 1, 1, 0, 1, 1, 1, 1]
	1305903	1241398	1116054	15	M	37	A		-1	4971.42716659	[1, 1, 1, 0, 1, 1, 1, 1, 1, 1, 1, 1]
	1369137	1291768	1218890	15	M	40	A		-1	4972.73707386	[1, 1, 1, 0, 1, 1, 1, 1, 1, 1, 1, 1]
	1294006	1293474	1206815	15	M	89	A		-1	4973.22086078	[1, 1, 1, 1, 1, 1, 1, 1, 1, 1, 1, 1]
	1351640	1232234	1251468	15	M	96	A		-1	4973.29101691	[1, 1, 1, 1, 1, 1, 0, 1, 1, 1, 1, 1]
	1369351	1241398	1208842	15	M	33	A		-1	4973.83595126	[1, 1, 1, 1, 1, 1, 1, 1, 1, 1, 1, 1]
	1374010	1244077	1249342	15	M	4	A		-1	4974.38149963	[1, 1, 1, 1, 1, 1, 1, 1, 1, 1, 1, 1]
	1349378	1293474	1220261	15	M	8	A		-1	4974.67196505	[1, 1, 1, 1, 1, 1, 1, 1, 1, 1, 1, 1]
	1363537	1208858	1123775	15	M	9	A		-1	4975.26154371	[1, 1, 0, 0, 1, 1, 1, 1, 1, 1, 1, 1]
	1345125	1215045	1203522	15	M	11	A		-1	4975.32266221	[1, 1, 1, 1, 1, 1, 1, 1, 1, 1, 1, 1]
	1375430	1271795	1233609	15	M	73	A		-1	4975.33363826	[1, 1, 1, 1, 1, 1, 1, 1, 1, 1, 1, 1]
	1327266	1274161	1225107	15	M	97	A		-1	4975.52179995	[1, 1, 1, 1, 1, 1, 1, 1, 1, 1, 1, 1]
	1347166	1232234	1265612	15	M	74	A		-1	4976.11325081	[1, 1, 1, 1, 1, 1, 1, 1, 1, 1, 1, 1]
	1371906	1252498	1279307	15	M	87	A		-1	4976.71804867	[1, 1, 1, 1, 1, 1, 1, 1, 1, 1, 1, 1]
	1366242	1212200	1267571	15	M	22	A		-1	4977.39393383	[1, 1, 1, 1, 1, 1, 1, 1, 1, 1, 1, 1]
	1305762	1270534	1264572	15	M	5	A		-1	4977.7439134	[1, 1, 1, 1, 1, 1, 1, 1, 1, 1, 1, 1]
	1323062	1263235	1291936	15	M	7	A		-1	4977.97621212	[1, 1, 1, 1, 1, 1, 1, 1, 1, 1, 1, 1]
	1301167	1232234	1219998	15	M	88	A		-1	4979.51487413	[1, 1, 1, 1, 1, 1, 1, 1, 1, 1, 1, 1]
	1364665	1250507	1267989	15	M	23	A		-1	4979.81390758	[1, 1, 1, 1, 1, 1, 1, 1, 1, 1, 1, 1]
	1376278	1250507	1293696	15	M	66	A		-1	4979.89427577	[1, 1, 1, 1, 1, 1, 1, 1, 1, 1, 1, 1]
	1369983	1286841	1276673	15	M	34	A		-1	4980.74086595	[1, 1, 1, 1, 1, 1, 1, 1, 1, 1, 1, 1]
	1260740	1157509	1131064	14	M	60	A		-1	4981.31154786	[1, 1, 1, 0, 1, 1, 1, 1, 1, 1, 1, 1]
	1304160	1218933	1212685	15	M	40	A		-1	4981.85048626	[1, 1, 1, 1, 1, 1, 1, 1, 1, 1, 1, 1]
	1323865	1260740	1120861	15	M	66	A		-1	4982.1314894	[1, 1, 1, 1, 1, 1, 1, 1, 1, 1, 1, 1]
	1315438	1208858	1258485	15	M	42	A		-1	4983.07431547	[1, 1, 0, 1, 1, 1, 1, 1, 1, 1, 1, 1]
	1354045	1235322	1240607	15	M	9	A		-1	4984.15572792	[1, 1, 1, 1, 1, 1, 1, 1, 1, 1, 1, 1]
	1314286	1276677	1196023	15	M	68	A		-1	4984.28649212	[1, 1, 1, 1, 1, 1, 0, 0, 1, 1, 1, 1]
	1331005	1212438	1200721	15	M	68	A		-1	4984.53813511	[1, 1, 1, 1, 1, 1, 1, 0, 1, 1, 1, 1]
	1378018	1212438	1199275	15	M	83	A		-1	4985.13434714	[1, 1, 1, 1, 1, 1, 1, 1, 1, 1, 1, 1]
	1235322	1166900	1079187	14	M	84	A		-1	4986.52650526	[1, 1, 1, 1, 1, 1, 1, 1, 1, 1, 1, 1]
	1354933	1212438	1203454	15	M	98	A		-1	4986.92742794	[1, 1, 1, 1, 1, 1, 1, 1, 1, 1, 1, 1]
	1369475	1244077	1276597	15	M	63	A		-1	4987.32562843	[1, 1, 1, 1, 1, 1, 1, 1, 1, 1, 1, 1]
	1378236	1263235	1214345	15	M	83	A		-1	4987.76954235	[1, 1, 1, 1, 1, 1, 1, 1, 1, 1, 1, 1]
	1378441	1276677	1227371	15	M	25	A		-1	4988.36149563	[1, 1, 1, 1, 1, 1, 1, 0, 1, 1, 1, 1]
	1392910	1282989	1225262	15	M	25	A		-1	4988.64877107	[1, 1, 1, 1, 1, 1, 1, 1, 1, 1, 1, 1]
	1330758	1215045	1264006	15	M	69	A		-1	4989.95966014	[1, 1, 1, 1, 1, 1, 1, 1, 1, 1, 1, 1]
	1324120	1286841	1201938	15	M	9	A		-1	4991.2166904	[1, 1, 1, 1, 1, 1, 1, 1, 1, 1, 1, 1]
	1196225	1144962	1193476	14	M	56	A		-1	4992.02464486	[1, 1, 1, 1, 1, 1, 1, 1, 1, 1, 1, 1]
	1320578	1292825	1204572	15	M	65	A		-1	4992.06572342	[1, 1, 1, 1, 1, 1, 1, 1, 1, 1, 1, 1]
	1313506	1196225	1198175	15	M	6	A		-1	4992.23759503	[1, 1, 1, 1, 1, 1, 1, 1, 1, 1, 1, 1]
	1351345	1266922	1218751	15	M	3	A		-1	4992.56376541	[1, 1, 1, 1, 1, 1, 1, 1, 1, 1, 1, 1]
	1362420	1280427	1284558	15	M	93	A		-1	4992.83346623	[1, 1, 1, 1, 1, 1, 1, 1, 1, 1, 1, 1]
	1352872	1233521	1194911	15	M	23	A		-1	4992.99500914	[1, 1, 1, 1, 1, 1, 1, 1, 1, 1, 1, 1]
	1393239	1244077	1145012	15	M	69	A		-1	4993.42706999	[1, 1, 1, 1, 1, 1, 1, 1, 1, 1, 1, 1]
	1381983	1276677	1234019	15	M	74	A		-1	4994.06146406	[1, 1, 1, 1, 1, 1, 1, 1, 1, 1, 1, 1]
	1307625	1292825	1265744	15	M	78	A		-1	4994.43447153	[1, 1, 1, 0, 1, 1, 1, 1, 1, 1, 1, 1]
	1345717	1276677	1248692	15	M	49	A		-1	4994.50948718	[1, 1, 1, 1, 1, 1, 1, 0, 1, 1, 1, 1]
	1330533	1273268	1255555	15	M	100	A		-1	4994.74174318	[1, 1, 1, 0, 1, 1, 1, 1, 1, 1, 1, 1]
	1383589	1286841	1281503	15	M	71	A		-1	4995.09945922	[1, 1, 1, 1, 1, 1, 1, 1, 1, 1, 1, 1]
	1344729	1224217	1232025	15	M	39	A		-1	4995.35825849	[1, 1, 1, 1, 1, 1, 1, 0, 1, 1, 1, 1]
	1363362	1276677	1185007	15	M	90	A		-1	4995.81940215	[1, 1, 1, 1, 1, 1, 1, 0, 1, 1, 1, 1]
	1316130	1199975	1230900	15	M	81	A		-1	4999.35067554	[1, 1, 1, 1, 1, 1, 1, 1, 1, 1, 1, 1]
	1357210	1244077	1120711	15	M	97	A		-1	4999.36246827	[1, 1, 1, 1, 1, 1, 1, 1, 1, 1, 1, 1]
	1307507	1271795	1293533	15	M	64	A		-1	5000.02869945	[1, 1, 1, 1, 1, 1, 1, 1, 1, 1, 1, 1]
	1313187	1208858	1277079	15	M	61	A		-1	5002.15945808	[1, 1, 0, 0, 1, 1, 1, 1, 1, 1, 1, 1]
	1384385	1244077	1280246	15	M	55	A		-1	5002.58083427	[1, 1, 1, 1, 1, 1, 1, 0, 1, 1, 1, 1]
	1392048	1252498	1260305	15	M	99	A		-1	5002.71055749	[1, 1, 1, 1, 1, 1, 1, 1, 1, 1, 1, 1]
	1328851	1208858	1185464	15	M	89	A		-1	5002.82922325	[1, 1, 1, 1, 1, 1, 1, 1, 1, 1, 1, 1]
	1375773	1202794	1213108	15	M	80	A		-1	5003.34582795	[1, 1, 1, 1, 1, 1, 1, 1, 1, 1, 1, 1]
	1318081	1235322	1253218	15	M	46	A		-1	5003.4375292	[1, 1, 1, 1, 1, 1, 1, 1, 1, 1, 1, 1]
	1318376	1232234	1208963	15	M	77	A		-1	5004.11915995	[1, 1, 1, 1, 1, 1, 1, 1, 1, 1, 1, 1]
	1385101	1250507	1194548	15	M	42	A		-1	5004.35549472	[1, 1, 1, 1, 1, 1, 1, 1, 1, 1, 1, 1]
	1323826	1286841	1100278	15	M	96	A		-1	5004.72436336	[1, 1, 1, 1, 1, 1, 1, 1, 1, 1, 1, 1]
	1295699	1292825	1217453	15	M	87	A		-1	5004.73226366	[1, 1, 1, 1, 1, 1, 1, 1, 1, 1, 1, 1]
	1359182	1273268	1292263	15	M	50	A		-1	5004.79598369	[1, 1, 1, 1, 1, 1, 1, 1, 1, 1, 1, 1]
	1364411	1208858	1241776	15	M	19	A		-1	5006.53093895	[1, 1, 0, 1, 1, 1, 1, 1, 1, 1, 1, 1]
	1310202	1212200	1277341	15	M	31	A		-1	5006.86749726	[1, 0, 1, 1, 1, 1, 1, 1, 1, 1, 1, 1]
	1373007	1290834	1222682	15	M	86	A		-1	5007.40889359	[1, 1, 1, 1, 1, 1, 1, 1, 1, 1, 1, 1]
	1336149	1205932	1243512	15	M	3	A		-1	5008.46013846	[1, 1, 1, 1, 1, 1, 1, 1, 1, 1, 1, 1]
	1349841	1266922	1247212	15	M	61	A		-1	5008.78653512	[1, 1, 1, 1, 1, 1, 1, 1, 1, 1, 1, 1]
	1339352	1260740	1221447	15	M	65	A		-1	5010.00695946	[1, 1, 1, 1, 1, 1, 1, 1, 1, 1, 1, 1]
	1346030	1205932	1195022	15	M	16	A		-1	5010.01706541	[1, 1, 1, 1, 1, 1, 1, 1, 1, 1, 1, 1]
	1367335	1235322	1201450	15	M	71	A		-1	5010.2189748	[1, 1, 1, 1, 1, 1, 1, 1, 1, 1, 1, 1]
	1371133	1218933	1270480	15	M	33	A		-1	5010.74950846	[1, 1, 1, 1, 1, 1, 1, 1, 1, 1, 1, 1]
	1337743	1202794	1223801	15	M	46	A		-1	5010.86643027	[1, 1, 1, 1, 1, 1, 1, 1, 1, 1, 1, 1]
	1303984	1224217	1227729	15	M	71	A		-1	5012.39711294	[1, 1, 1, 0, 1, 1, 1, 1, 1, 1, 1, 1]
	1322041	1241398	1219240	15	M	99	A		-1	5012.62554596	[1, 1, 1, 1, 1, 1, 1, 1, 1, 1, 1, 1]
	1309062	1199975	1199035	15	M	37	A		-1	5012.85821391	[1, 1, 1, 1, 1, 1, 1, 1, 1, 1, 1, 1]
	1369579	1271795	1271825	15	M	93	A		-1	5012.89964186	[1, 1, 1, 1, 1, 1, 1, 1, 1, 1, 1, 1]
	1314264	1244077	1154983	15	M	63	A		-1	5013.28231444	[1, 1, 1, 1, 1, 1, 1, 1, 1, 1, 1, 1]
	1342000	1250507	1191659	15	M	98	A		-1	5013.72851181	[1, 0, 1, 1, 1, 1, 1, 1, 1, 1, 1, 1]
	1306199	1199975	1165915	15	M	9	A		-1	5014.79732103	[1, 1, 1, 1, 1, 1, 1, 1, 1, 1, 1, 1]
	1315559	1276677	1242655	15	M	80	A		-1	5014.88225612	[1, 1, 1, 1, 1, 1, 1, 0, 1, 1, 1, 1]
	1349515	1263235	1254802	15	M	85	A		-1	5015.06395273	[1, 1, 1, 1, 1, 1, 1, 1, 1, 1, 1, 1]
	1361957	1260740	1248025	15	M	81	A		-1	5017.65830852	[1, 1, 1, 1, 1, 1, 1, 1, 1, 1, 1, 1]
	1391549	1274161	1283857	15	M	31	A		-1	5017.74018526	[1, 1, 1, 1, 1, 1, 1, 1, 1, 1, 1, 1]
	1382321	1212438	1255574	15	M	74	A		-1	5017.79602531	[1, 1, 0, 1, 1, 1, 1, 0, 1, 1, 1, 1]
	1390132	1241398	1251657	15	M	36	A		-1	5018.02404321	[1, 1, 1, 1, 1, 1, 1, 1, 1, 1, 1, 1]
	1368525	1212438	1232539	15	M	93	A		-1	5018.27266109	[1, 1, 1, 1, 1, 1, 1, 0, 1, 1, 1, 1]
	1368069	1257075	1280034	15	M	68	A		-1	5019.06175383	[0, 1, 1, 1, 1, 1, 1, 1, 1, 1, 1, 1]
	1335275	1266922	1276924	15	M	94	A		-1	5019.12930485	[1, 1, 1, 1, 1, 1, 1, 1, 1, 1, 1, 1]
	1356368	1290834	1213983	15	M	73	A		-1	5020.04120833	[1, 1, 1, 1, 1, 1, 1, 1, 1, 1, 1, 1]
	1318074	1208858	1208567	15	M	85	A		-1	5020.6731648	[1, 1, 1, 1, 1, 1, 1, 1, 1, 1, 1, 1]
	1317970	1235322	1271880	15	M	38	A		-1	5020.89556213	[0, 1, 1, 1, 1, 1, 1, 1, 1, 1, 1, 1]
	1391339	1212200	1252730	15	M	32	A		-1	5021.05706895	[1, 1, 1, 1, 1, 1, 1, 1, 1, 1, 1, 1]
	1378970	1273475	1230265	15	M	79	A		-1	5021.57895444	[1, 1, 1, 0, 1, 1, 1, 1, 1, 1, 1, 1]
	1382390	1241398	1258534	15	M	93	A		-1	5022.78307745	[1, 1, 1, 1, 1, 1, 1, 1, 1, 1, 1, 1]
	1389618	1273268	1227728	15	M	18	A		-1	5023.60445522	[1, 1, 1, 0, 1, 1, 1, 1, 1, 1, 1, 1]
	1306228	1276677	1258840	15	M	83	A		-1	5027.75805408	[1, 1, 0, 1, 1, 1, 1, 1, 1, 1, 1, 1]
	1347636	1270534	1253828	15	M	21	A		-1	5030.99627209	[1, 1, 1, 1, 1, 1, 1, 1, 1, 1, 1, 1]
	1384619	1260740	1220764	15	M	31	A		-1	5031.28148589	[1, 1, 1, 0, 1, 1, 1, 1, 1, 1, 1, 1]
	1341644	1274161	1289683	15	M	87	A		-1	5032.24991386	[1, 1, 1, 1, 1, 1, 1, 1, 1, 1, 1, 1]
	1341712	1257075	1246964	15	M	53	A		-1	5033.00027473	[1, 1, 1, 1, 1, 1, 1, 1, 1, 1, 1, 1]
	1296798	1205932	1132773	15	M	9	A		-1	5033.84725255	[1, 1, 1, 1, 1, 1, 1, 1, 1, 1, 1, 1]
	1349741	1220683	1286161	15	M	70	A		-1	5036.03364641	[1, 1, 1, 1, 1, 1, 1, 1, 1, 1, 1, 1]
	1298398	1213381	1225903	15	M	15	A		-1	5036.33404759	[1, 1, 1, 1, 1, 1, 1, 0, 1, 1, 1, 1]
	1329456	1291768	1265842	15	M	1	A		-1	5036.76520059	[1, 1, 1, 0, 1, 1, 1, 1, 1, 1, 1, 1]
	1384977	1252498	1213404	15	M	7	A		-1	5037.47966935	[1, 1, 1, 1, 1, 1, 1, 1, 1, 1, 1, 1]
	1366049	1286841	1263673	15	M	19	A		-1	5037.97870892	[1, 1, 1, 1, 1, 1, 1, 1, 1, 1, 1, 1]
	1328854	1205932	1265679	15	M	91	A		-1	5038.17461413	[1, 1, 1, 1, 1, 1, 1, 1, 1, 1, 1, 1]
	1378202	1244077	1276293	15	M	48	A		-1	5038.53124822	[1, 1, 1, 1, 1, 1, 1, 1, 1, 1, 1, 1]
	1307212	1199975	1258926	15	M	30	A		-1	5043.01459244	[1, 1, 1, 1, 1, 1, 1, 1, 1, 1, 1, 1]
	1379027	1232172	1221887	15	M	5	A		-1	5045.61605602	[1, 1, 1, 1, 1, 1, 1, 1, 1, 1, 1, 1]
	1393595	1235322	1281904	15	M	12	A		-1	5046.25332577	[1, 1, 1, 1, 1, 1, 1, 1, 1, 1, 1, 1]
	1310767	1232234	1205648	15	M	17	A		-1	5046.65788715	[1, 1, 1, 1, 1, 1, 1, 1, 1, 1, 1, 1]
	1391655	1262068	1282475	15	M	45	A		-1	5049.19341678	[1, 1, 1, 1, 1, 1, 1, 1, 1, 1, 1, 1]
	1327791	1292825	1197623	15	M	53	A		-1	5049.82565809	[1, 1, 1, 0, 1, 1, 1, 1, 1, 1, 1, 1]
	1302277	1274161	1218811	15	M	88	A		-1	5050.09041459	[1, 1, 1, 1, 1, 1, 1, 1, 1, 1, 1, 1]
	1362125	1260740	1254549	15	M	12	A		-1	5050.14853718	[1, 1, 1, 1, 1, 1, 1, 1, 1, 1, 1, 1]
	1318364	1273268	1241328	15	M	65	A		-1	5050.16221662	[1, 1, 1, 0, 1, 1, 1, 1, 1, 1, 1, 1]
	1351218	1270820	1175134	15	M	28	A		-1	5051.81170443	[1, 1, 1, 1, 1, 1, 1, 1, 1, 1, 1, 1]
	1327634	1196225	1195190	15	M	35	A		-1	5052.38867032	[1, 1, 1, 1, 1, 1, 1, 1, 1, 1, 1, 1]
	1330907	1260740	1202713	15	M	34	A		-1	5056.30678554	[1, 1, 1, 0, 1, 1, 1, 1, 1, 1, 1, 1]
	1338856	1205932	1242114	15	M	49	A		-1	5056.3238934	[0, 1, 1, 1, 1, 1, 1, 1, 1, 1, 1, 1]
	1386853	1280427	1220447	15	M	21	A		-1	5056.46970264	[1, 1, 1, 1, 1, 1, 1, 1, 1, 1, 1, 1]
	1332260	1235322	1210537	15	M	28	A		-1	5059.63265651	[1, 1, 1, 1, 1, 1, 1, 0, 1, 1, 1, 1]
	1334165	1196225	1292682	15	M	37	A		-1	5060.31031621	[1, 1, 1, 1, 1, 1, 1, 1, 1, 1, 1, 1]
	1348014	1196225	1094372	15	M	95	A		-1	5061.94813209	[1, 1, 1, 1, 1, 1, 1, 1, 1, 1, 1, 1]
	1321987	1291768	1230662	15	M	12	A		-1	5062.2221292	[1, 1, 1, 1, 1, 1, 1, 1, 1, 1, 1, 1]
	1244077	1136583	1132135	14	M	85	A		-1	5064.12102472	[1, 1, 1, 1, 1, 1, 1, 1, 1, 1, 1, 1]
	1295188	1282989	1265784	15	M	26	A		-1	5065.48564468	[1, 1, 1, 1, 1, 1, 1, 1, 1, 1, 1, 1]
	1306035	1263235	1254732	15	M	87	A		-1	5066.37728601	[1, 1, 1, 1, 1, 1, 1, 1, 1, 1, 1, 1]
	1305648	1216999	1293092	15	M	98	A		-1	5069.18638458	[1, 1, 1, 1, 1, 1, 1, 1, 1, 1, 1, 1]
	1367721	1244077	1270551	15	M	6	A		-1	5070.83730448	[1, 1, 1, 0, 1, 1, 1, 1, 1, 1, 1, 1]
	1295550	1276677	1201491	15	M	72	A		-1	5073.3419875	[1, 1, 1, 1, 1, 1, 1, 1, 1, 1, 1, 1]
	1347530	1224217	1255829	15	M	40	A		-1	5077.91253413	[1, 1, 1, 1, 1, 1, 1, 1, 1, 1, 1, 1]
	1362749	1252498	1265587	15	M	31	A		-1	5079.10899255	[0, 1, 1, 1, 1, 1, 1, 1, 1, 1, 1, 1]
	1344203	1270820	1198216	15	M	40	A		-1	5079.16664827	[1, 1, 1, 1, 1, 1, 1, 1, 1, 1, 1, 1]
	1372906	1269199	1238123	15	M	61	A		-1	5081.0658717	[1, 1, 0, 1, 1, 1, 1, 1, 1, 1, 1, 1]
	1324461	1197950	1215926	15	M	66	A		-1	5088.80903487	[1, 1, 1, 1, 1, 1, 1, 1, 1, 1, 1, 1]
	1307648	1282989	1291633	15	M	57	A		-1	5092.82917032	[1, 1, 1, 1, 1, 1, 1, 1, 1, 1, 1, 1]
	1309422	1270534	1251005	15	M	53	A		-1	5093.41322005	[1, 1, 1, 1, 1, 1, 1, 1, 1, 1, 1, 1]
	1380887	1212438	1174595	15	M	7	A		-1	5093.57603491	[1, 1, 1, 1, 1, 1, 1, 1, 1, 1, 1, 1]
	1313918	1244077	1226445	15	M	84	A		-1	5095.38846284	[1, 1, 1, 1, 1, 1, 1, 1, 1, 1, 1, 1]
	1365061	1196225	1255118	15	M	75	A		-1	5101.85291398	[1, 1, 1, 1, 1, 1, 1, 1, 1, 1, 1, 1]
	1366875	1218933	1222272	15	M	50	A		-1	5102.23968081	[1, 1, 1, 1, 1, 1, 1, 1, 1, 1, 1, 1]
	1388394	1269199	1249493	15	M	26	A		-1	5104.94821657	[0, 1, 1, 1, 1, 1, 1, 1, 1, 1, 1, 1]
	1364610	1232172	1273359	15	M	31	A		-1	5105.55148592	[1, 1, 1, 1, 1, 1, 1, 1, 1, 1, 1, 1]
	1369484	1271795	1290341	15	M	37	A		-1	5106.935301	[1, 1, 1, 1, 1, 1, 1, 1, 1, 1, 1, 1]
	1334544	1293474	1235960	15	M	85	A		-1	5107.65127136	[1, 1, 1, 1, 1, 1, 1, 1, 1, 1, 1, 1]
	1381096	1276677	1219048	15	M	78	A		-1	5107.8244327	[1, 1, 1, 1, 1, 1, 1, 1, 1, 1, 1, 1]
	1336864	1232234	1232042	15	M	81	A		-1	5113.85227861	[1, 1, 1, 1, 1, 1, 1, 1, 1, 1, 1, 1]
	1386455	1257075	1226357	15	M	85	A		-1	5119.21167119	[1, 1, 1, 1, 1, 1, 1, 1, 1, 1, 1, 1]
	1371336	1244077	1194695	15	M	19	A		-1	5119.78751532	[1, 1, 1, 1, 1, 1, 1, 1, 1, 1, 1, 1]
	1295558	1274161	1247915	15	M	96	A		-1	5121.07764087	[1, 1, 1, 1, 1, 1, 1, 1, 1, 1, 1, 1]
	1336348	1293474	1125112	15	M	94	A		-1	5123.79992315	[0, 1, 1, 1, 1, 1, 1, 1, 1, 1, 1, 1]
	1364971	1274317	1198640	15	M	17	A		-1	5123.80789807	[1, 1, 1, 1, 1, 1, 1, 1, 1, 1, 1, 1]
	1343506	1271795	1205594	15	M	41	A		-1	5126.53399969	[1, 1, 1, 1, 1, 1, 1, 1, 1, 1, 1, 1]
	1303999	1286841	1236790	15	M	23	A		-1	5134.15122825	[0, 1, 1, 1, 1, 1, 1, 1, 1, 1, 1, 1]
	1371658	1199975	1269164	15	M	3	A		-1	5136.89307269	[1, 1, 1, 1, 1, 1, 1, 1, 1, 1, 1, 1]
	1387671	1280427	1000469	15	M	99	A		-1	5139.16619692	[1, 1, 1, 1, 1, 1, 1, 1, 1, 1, 1, 1]
	1342439	1202794	1231689	15	M	94	A		-1	5139.69503648	[1, 1, 1, 1, 1, 1, 1, 1, 1, 1, 1, 1]
	1373282	1216482	1195014	15	M	32	A		-1	5141.01735081	[1, 1, 1, 1, 1, 1, 1, 1, 1, 1, 1, 1]
	1363320	1244077	1201682	15	M	28	A		-1	5144.10838898	[1, 1, 1, 1, 1, 1, 1, 1, 1, 1, 1, 1]
	1343274	1266922	1219159	15	M	87	A		-1	5149.10614108	[1, 1, 1, 1, 1, 1, 1, 1, 1, 1, 1, 1]
	1321238	1282989	1265411	15	M	49	A		-1	5150.63020747	[1, 1, 1, 1, 1, 1, 0, 1, 1, 1, 1, 1]
	1332775	1266922	1226628	15	M	37	A		-1	5153.72329316	[1, 1, 1, 1, 1, 1, 1, 1, 1, 1, 1, 1]
	1370055	1286841	1174337	15	M	25	A		-1	5161.14231165	[1, 1, 1, 1, 1, 1, 1, 1, 1, 1, 1, 1]
	1327236	1216482	1272931	15	M	81	A		-1	5170.96035706	[1, 1, 1, 1, 1, 1, 1, 1, 1, 0, 1, 1]
	1379578	1235322	1232598	15	M	49	A		-1	5176.79599328	[1, 1, 1, 1, 1, 1, 1, 1, 1, 1, 1, 1]
	1332328	1266922	1246768	15	M	72	A		-1	5187.80623415	[1, 1, 1, 1, 1, 1, 1, 1, 1, 1, 1, 1]
	1306148	1269199	1265897	15	M	74	A		-1	5189.40018201	[1, 1, 1, 1, 1, 1, 1, 0, 1, 1, 1, 1]
	1343212	1216482	1293636	15	M	26	A		-1	5192.80689536	[1, 1, 1, 1, 1, 1, 1, 1, 1, 1, 1, 1]
	1357930	1271795	1234386	15	M	53	A		-1	5193.65485162	[1, 1, 1, 1, 1, 1, 1, 1, 1, 1, 1, 1]
	1309776	1282989	1196076	15	M	83	A		-1	5201.2652017	[1, 1, 1, 1, 1, 1, 1, 1, 1, 1, 1, 1]
	1328268	1214980	1200645	15	M	35	A		-1	5222.31407403	[0, 1, 1, 1, 1, 1, 1, 1, 1, 1, 1, 1]
	1320508	1273475	1263542	15	M	66	A		-1	5266.90403228	[1, 1, 1, 1, 1, 1, 1, 1, 1, 1, 1, 1]
	1344287	1218933	1224253	15	M	10	A		-1	5268.17145159	[1, 1, 1, 1, 1, 1, 1, 1, 1, 1, 1, 1]
	1390325	1273268	1222471	15	M	42	A		-1	5289.63192657	[1, 1, 1, 0, 1, 1, 1, 1, 1, 1, 1, 1]
