animal	sire	dam	born	sex	herd	status	cause	died	TBV	recessives
	705327	620537	676545	9	M	0	A		-1	2499.57124916	[1, 1, 1, 1, 1, 1, 1, 1, 1, 1, 1, 1]
	709613	620612	641416	9	M	133	A		-1	2499.90084219	[1, 1, 1, 1, 1, 1, 1, 1, 1, 1, 1, 1]
	694767	693879	688290	9	M	27	A		-1	2500.08063438	[1, 1, 1, 1, 1, 1, 1, 1, 1, 1, 1, 1]
	787216	622558	663062	9	M	129	A		-1	2500.61849714	[1, 1, 1, 1, 1, 1, 1, 1, 1, 1, 1, 1]
	706459	620537	660888	9	M	175	A		-1	2500.62241789	[1, 1, 1, 1, 1, 1, 1, 1, 1, 1, 1, 1]
	768424	621568	597198	9	M	31	A		-1	2500.81861267	[1, 1, 1, 1, 1, 1, 1, 1, 1, 1, 1, 1]
	767320	621568	527336	9	M	165	A		-1	2501.05337452	[1, 1, 1, 1, 1, 1, 1, 1, 1, 1, 1, 1]
	761561	621162	600902	9	M	141	A		-1	2501.10802062	[1, 1, 1, 1, 1, 1, 1, 1, 1, 1, 1, 1]
	792007	622561	612262	9	M	53	A		-1	2501.51589354	[1, 1, 1, 1, 1, 1, 1, 1, 1, 1, 1, 1]
	734238	620737	630715	9	M	54	A		-1	2501.86544559	[1, 1, 1, 1, 1, 1, 1, 1, 1, 1, 1, 1]
	748666	620905	430138	9	M	184	A		-1	2501.88245305	[1, 1, 1, 1, 1, 1, 1, 1, 1, 1, 1, 1]
	739007	620862	501578	9	M	165	A		-1	2502.0600223	[1, 1, 1, 1, 1, 1, 1, 1, 1, 1, 1, 1]
	756598	620966	582020	9	M	52	A		-1	2502.11718246	[1, 1, 1, 1, 1, 1, 1, 1, 1, 1, 1, 1]
	735589	620862	640351	9	M	60	A		-1	2502.17615851	[1, 1, 1, 1, 1, 1, 1, 1, 1, 1, 1, 1]
	751002	620944	663479	9	M	129	A		-1	2502.3505751	[1, 1, 1, 1, 1, 1, 1, 1, 1, 1, 1, 1]
	744146	620864	578882	9	M	36	A		-1	2502.94254561	[1, 1, 1, 1, 1, 1, 1, 1, 1, 1, 1, 1]
	695589	693879	656236	9	M	2	A		-1	2503.15215078	[1, 1, 1, 1, 1, 1, 1, 1, 1, 1, 1, 1]
	626434	515568	500168	8	M	33	A		-1	2503.5314065	[1, 1, 1, 1, 1, 1, 1, 1, 1, 1, 1, 1]
	697521	693879	652419	9	M	195	A		-1	2503.93547298	[1, 1, 1, 1, 1, 1, 1, 1, 1, 1, 1, 1]
	770836	622058	685316	9	M	69	A		-1	2504.16904092	[1, 1, 1, 1, 1, 1, 1, 1, 1, 1, 1, 1]
	705522	620537	624580	9	M	162	A		-1	2504.25870301	[1, 1, 1, 1, 1, 1, 1, 1, 1, 1, 1, 1]
	767704	621568	620346	9	M	192	A		-1	2504.8427416	[1, 1, 1, 1, 1, 1, 1, 1, 1, 1, 1, 1]
	736683	620862	585158	9	M	29	A		-1	2504.89973638	[1, 1, 1, 1, 1, 1, 1, 1, 1, 1, 1, 1]
	742977	620864	663896	9	M	129	A		-1	2504.90463859	[1, 1, 1, 1, 1, 1, 1, 1, 1, 1, 1, 1]
	764478	621568	605279	9	M	81	A		-1	2505.22671164	[1, 1, 1, 1, 1, 1, 1, 1, 1, 1, 1, 1]
	736687	620862	623669	9	M	76	A		-1	2505.35581304	[1, 1, 1, 1, 1, 1, 1, 1, 1, 1, 1, 1]
	695486	693879	634008	9	M	111	A		-1	2505.49477444	[1, 1, 1, 1, 1, 1, 1, 1, 1, 1, 1, 1]
	710448	620612	675632	9	M	161	A		-1	2505.58095823	[1, 1, 1, 1, 1, 1, 1, 1, 1, 1, 1, 1]
	756514	620966	673976	9	M	195	A		-1	2505.70129678	[1, 1, 1, 1, 1, 1, 1, 1, 1, 1, 1, 1]
	650468	516790	554408	8	M	70	A		-1	2505.78455783	[1, 1, 1, 1, 1, 1, 1, 1, 1, 1, 1, 1]
	760092	621162	601540	9	M	24	A		-1	2505.98068675	[1, 1, 1, 1, 1, 1, 1, 1, 1, 1, 1, 1]
	746503	620905	408366	9	M	69	A		-1	2506.50937708	[1, 1, 1, 1, 1, 1, 1, 1, 1, 1, 1, 1]
	782701	622541	645958	9	M	166	A		-1	2506.70701366	[1, 1, 1, 1, 1, 1, 1, 1, 1, 1, 1, 0]
	793143	622561	610072	9	M	51	A		-1	2506.82230897	[1, 1, 1, 1, 1, 1, 1, 1, 1, 1, 1, 1]
	737782	620862	514952	9	M	10	A		-1	2506.89501969	[1, 1, 1, 1, 1, 1, 1, 1, 1, 1, 1, 1]
	685590	518734	500957	8	M	20	A		-1	2506.95572263	[1, 1, 1, 1, 1, 1, 1, 1, 1, 1, 1, 1]
	785920	622558	499638	9	M	189	A		-1	2506.99571278	[1, 1, 1, 1, 1, 1, 1, 1, 1, 1, 1, 1]
	775790	624519	691592	9	M	64	A		-1	2507.01339246	[1, 1, 1, 1, 1, 1, 1, 1, 1, 1, 1, 1]
	776449	624519	688280	9	M	196	A		-1	2507.29988254	[1, 1, 1, 1, 1, 1, 1, 1, 1, 1, 1, 1]
	783487	622541	659837	9	M	169	A		-1	2507.30816502	[1, 1, 1, 1, 1, 1, 1, 1, 1, 1, 1, 1]
	774833	624519	552010	9	M	19	A		-1	2507.34076587	[1, 1, 1, 1, 1, 1, 1, 1, 1, 1, 1, 1]
	738690	620862	591443	9	M	198	A		-1	2507.47153438	[1, 1, 1, 1, 1, 1, 1, 1, 1, 1, 1, 1]
	742294	620864	499391	9	M	58	A		-1	2507.98180433	[1, 1, 1, 1, 1, 1, 1, 1, 1, 1, 1, 1]
	679896	518509	590395	8	M	42	A		-1	2508.25815213	[1, 1, 1, 1, 1, 1, 1, 1, 1, 1, 1, 1]
	702411	621677	564180	9	M	5	A		-1	2508.34140588	[1, 1, 1, 1, 1, 1, 1, 1, 1, 1, 1, 1]
	745221	620905	667766	9	M	112	A		-1	2508.64167617	[1, 1, 1, 1, 1, 1, 1, 1, 1, 1, 1, 1]
	736633	620862	640169	9	M	33	A		-1	2509.07742456	[1, 1, 1, 1, 1, 1, 1, 1, 1, 1, 1, 1]
	782715	622541	608308	9	M	43	A		-1	2509.29733348	[1, 1, 1, 1, 1, 1, 1, 1, 1, 1, 1, 1]
	712525	620612	688938	9	M	134	A		-1	2509.29796616	[1, 1, 1, 1, 1, 1, 1, 1, 1, 1, 1, 1]
	727299	620714	651779	9	M	176	A		-1	2509.59255632	[1, 1, 1, 1, 1, 1, 1, 1, 1, 1, 1, 1]
	790010	622561	671516	9	M	126	A		-1	2509.8181277	[1, 1, 1, 1, 1, 1, 1, 1, 1, 1, 1, 1]
	749882	620944	626330	9	M	189	A		-1	2509.98790072	[1, 1, 1, 1, 1, 1, 1, 1, 1, 1, 1, 1]
	712007	620612	603758	9	M	94	A		-1	2510.06013496	[1, 1, 1, 1, 1, 1, 1, 1, 1, 1, 1, 1]
	680466	518509	541499	8	M	81	A		-1	2510.23690579	[1, 1, 1, 1, 1, 1, 1, 1, 1, 1, 1, 1]
	699346	693879	602990	9	M	156	A		-1	2510.41517927	[1, 1, 1, 1, 1, 1, 1, 1, 1, 1, 1, 1]
	719879	620676	675831	9	M	100	A		-1	2510.77013159	[1, 1, 1, 1, 1, 1, 1, 1, 1, 1, 1, 1]
	695201	693879	570349	9	M	40	A		-1	2510.92206228	[1, 1, 1, 1, 1, 1, 1, 1, 1, 1, 1, 1]
	669759	518431	470559	8	M	83	A		-1	2511.02968614	[1, 1, 1, 1, 1, 1, 1, 1, 1, 1, 1, 1]
	742172	620864	616398	9	M	124	A		-1	2511.40599124	[1, 1, 1, 1, 1, 1, 1, 1, 1, 1, 1, 1]
	652254	516790	520430	8	M	97	A		-1	2511.75403042	[1, 1, 1, 1, 1, 1, 1, 1, 1, 1, 1, 1]
	730383	620737	682811	9	M	45	A		-1	2511.95281776	[1, 1, 1, 1, 1, 1, 1, 1, 1, 1, 1, 1]
	766389	621568	400628	9	M	70	A		-1	2512.25535494	[1, 1, 1, 1, 1, 1, 1, 1, 1, 1, 1, 1]
	734756	620862	595614	9	M	86	A		-1	2512.35326541	[1, 1, 1, 1, 1, 1, 1, 1, 1, 1, 1, 1]
	741989	620864	537549	9	M	115	A		-1	2512.72218976	[1, 1, 1, 1, 1, 1, 1, 1, 1, 1, 1, 1]
	763198	621162	626469	9	M	85	A		-1	2513.09218057	[1, 1, 1, 1, 1, 1, 1, 1, 1, 1, 1, 1]
	721823	620676	656246	9	M	16	A		-1	2513.1470069	[1, 1, 1, 1, 1, 1, 1, 1, 1, 1, 1, 1]
	607374	514705	406717	8	M	110	A		-1	2513.42823174	[1, 1, 1, 1, 1, 1, 1, 1, 1, 1, 1, 1]
	744183	620864	618418	9	M	53	A		-1	2513.50945312	[1, 1, 1, 1, 1, 1, 1, 1, 1, 1, 1, 1]
	760420	621162	521032	9	M	170	A		-1	2514.44183515	[1, 1, 1, 1, 1, 1, 1, 1, 1, 1, 1, 1]
	779794	622541	602350	9	M	0	A		-1	2514.75851604	[1, 1, 1, 1, 1, 1, 1, 1, 1, 1, 1, 1]
	726205	620714	657152	9	M	64	A		-1	2514.85117986	[1, 1, 1, 1, 1, 1, 1, 1, 1, 1, 1, 1]
	724713	620714	553883	9	M	192	A		-1	2514.92465453	[1, 1, 1, 1, 1, 1, 1, 1, 1, 1, 1, 1]
	755524	620966	594668	9	M	86	A		-1	2515.12943789	[1, 1, 1, 1, 1, 1, 1, 1, 1, 1, 1, 1]
	703165	621677	666006	9	M	129	A		-1	2515.21135102	[1, 1, 1, 1, 1, 1, 1, 1, 1, 1, 1, 1]
	792681	622561	658498	9	M	168	A		-1	2516.01650395	[1, 1, 1, 1, 1, 1, 1, 1, 1, 1, 1, 1]
	775624	624519	654329	9	M	120	A		-1	2516.41829584	[1, 1, 1, 1, 1, 1, 1, 1, 1, 1, 1, 1]
	741626	620864	546145	9	M	73	A		-1	2516.47698651	[1, 1, 1, 1, 1, 1, 1, 1, 1, 1, 1, 1]
	761130	621162	502778	9	M	137	A		-1	2516.53021933	[1, 1, 1, 1, 1, 1, 1, 1, 1, 1, 1, 0]
	708444	620537	618533	9	M	97	A		-1	2516.66545347	[1, 1, 1, 1, 1, 1, 1, 1, 1, 1, 1, 1]
	734052	620737	615586	9	M	61	A		-1	2516.73418243	[1, 1, 1, 1, 1, 1, 1, 1, 1, 1, 1, 1]
	727881	620714	634093	9	M	62	A		-1	2516.73534638	[1, 1, 1, 1, 1, 1, 1, 1, 1, 1, 1, 1]
	790259	622561	619246	9	M	147	A		-1	2517.04951162	[1, 1, 1, 1, 1, 1, 1, 1, 1, 1, 1, 1]
	776388	624519	614416	9	M	51	A		-1	2517.05622989	[1, 1, 1, 1, 1, 1, 1, 1, 1, 1, 1, 1]
	718692	620664	628179	9	M	15	A		-1	2517.45546108	[1, 1, 1, 1, 1, 1, 1, 1, 1, 1, 1, 1]
	711033	620612	646734	9	M	113	A		-1	2517.51851608	[1, 1, 1, 1, 1, 1, 1, 1, 1, 1, 1, 0]
	737996	620862	653020	9	M	193	A		-1	2517.76299856	[1, 1, 1, 1, 1, 1, 1, 1, 1, 1, 1, 1]
	718076	620664	687257	9	M	186	A		-1	2517.80765146	[1, 1, 1, 1, 1, 1, 1, 1, 1, 1, 1, 1]
	712216	620612	631767	9	M	70	A		-1	2518.62576174	[1, 1, 1, 1, 1, 1, 1, 1, 1, 1, 1, 1]
	755456	620966	676702	9	M	151	A		-1	2518.64392373	[1, 1, 1, 1, 1, 0, 1, 1, 1, 1, 1, 1]
	665789	518309	533081	8	M	105	A		-1	2519.14783521	[1, 1, 1, 1, 1, 1, 1, 1, 1, 1, 1, 1]
	751338	620944	655156	9	M	144	A		-1	2519.19256573	[1, 1, 1, 1, 1, 1, 1, 1, 1, 1, 1, 0]
	738576	620862	660628	9	M	41	A		-1	2519.34903231	[1, 1, 1, 1, 1, 1, 1, 1, 1, 1, 1, 1]
	709205	620537	616618	9	M	142	A		-1	2519.65581579	[1, 1, 1, 1, 1, 1, 1, 1, 1, 1, 1, 1]
	735485	620862	649779	9	M	163	A		-1	2519.67194636	[1, 1, 1, 1, 1, 1, 1, 1, 1, 1, 1, 1]
	763654	621162	598139	9	M	37	A		-1	2520.32824233	[1, 1, 1, 1, 1, 1, 1, 1, 1, 1, 1, 1]
	792855	622561	657510	9	M	35	A		-1	2520.48206292	[1, 1, 1, 1, 1, 1, 1, 1, 1, 1, 1, 1]
	721495	620676	650720	9	M	22	A		-1	2521.28371441	[1, 1, 1, 1, 1, 1, 1, 1, 1, 1, 1, 1]
	710782	620612	685056	9	M	109	A		-1	2521.34059861	[1, 1, 1, 1, 1, 1, 1, 1, 1, 1, 1, 1]
	743915	620864	638128	9	M	21	A		-1	2521.56142214	[1, 1, 1, 1, 1, 1, 1, 1, 1, 1, 1, 1]
	753680	620944	579382	9	M	107	A		-1	2521.58624285	[1, 1, 1, 1, 1, 1, 1, 1, 1, 1, 1, 0]
	744688	620905	665010	9	M	136	A		-1	2521.90833532	[1, 1, 1, 1, 1, 1, 1, 1, 1, 1, 1, 1]
	737589	620862	557994	9	M	155	A		-1	2522.10731529	[1, 1, 1, 1, 1, 1, 1, 1, 1, 1, 1, 1]
	722751	620676	622093	9	M	138	A		-1	2522.25806663	[1, 1, 1, 1, 1, 1, 1, 1, 1, 1, 1, 1]
	764037	621162	562254	9	M	138	A		-1	2522.43606106	[1, 1, 1, 1, 1, 1, 1, 1, 1, 1, 1, 1]
	740441	620864	685268	9	M	13	A		-1	2522.60519566	[1, 1, 1, 1, 1, 1, 1, 1, 1, 1, 1, 1]
	777502	624519	673528	9	M	71	A		-1	2522.65316043	[1, 1, 1, 1, 1, 1, 1, 1, 1, 1, 1, 1]
	761659	621162	601564	9	M	36	A		-1	2522.6965055	[1, 1, 1, 1, 1, 1, 1, 1, 1, 1, 1, 1]
	759739	621162	668629	9	M	159	A		-1	2522.77000569	[1, 1, 1, 1, 1, 1, 1, 1, 1, 1, 1, 1]
	778227	624519	645576	9	M	105	A		-1	2523.05864783	[1, 1, 1, 1, 1, 1, 1, 1, 1, 1, 1, 1]
	758739	620966	496616	9	M	37	A		-1	2523.21855716	[1, 1, 1, 1, 1, 1, 1, 1, 1, 1, 1, 1]
	722309	620676	657005	9	M	39	A		-1	2523.25996665	[1, 1, 1, 1, 1, 1, 1, 1, 1, 1, 1, 1]
	706212	620537	663943	9	M	78	A		-1	2523.65537234	[1, 1, 1, 1, 1, 1, 1, 1, 1, 1, 1, 1]
	759996	621162	690871	9	M	194	A		-1	2523.99356156	[1, 1, 1, 1, 1, 1, 1, 1, 1, 1, 1, 1]
	759308	620966	596722	9	M	150	A		-1	2524.22577984	[1, 1, 1, 1, 1, 1, 1, 1, 1, 1, 1, 1]
	760689	621162	689050	9	M	139	A		-1	2524.69234687	[1, 1, 1, 1, 1, 1, 1, 1, 1, 1, 1, 1]
	661038	517519	548072	8	M	26	A		-1	2524.75152093	[1, 1, 1, 1, 1, 1, 1, 1, 1, 1, 1, 1]
	736753	620862	595831	9	M	159	A		-1	2525.06618602	[1, 1, 1, 1, 1, 1, 1, 1, 1, 1, 1, 1]
	709770	620612	657888	9	M	80	A		-1	2525.22606445	[1, 1, 1, 1, 1, 1, 1, 1, 1, 1, 1, 1]
	726647	620714	634287	9	M	163	A		-1	2525.33202216	[1, 1, 1, 1, 1, 1, 1, 1, 1, 1, 1, 1]
	764338	621162	496284	9	M	46	A		-1	2525.52532823	[1, 1, 1, 1, 1, 1, 1, 1, 1, 1, 1, 1]
	785604	622558	682478	9	M	99	A		-1	2525.76964868	[1, 1, 1, 1, 1, 1, 1, 1, 1, 1, 1, 1]
	733750	620737	649836	9	M	196	A		-1	2525.91237213	[1, 1, 1, 1, 1, 1, 1, 1, 1, 1, 1, 1]
	744823	620905	672278	9	M	127	A		-1	2526.09364876	[1, 1, 1, 1, 1, 1, 1, 1, 1, 1, 1, 1]
	707072	620537	672024	9	M	95	A		-1	2526.21370326	[1, 1, 1, 1, 1, 1, 1, 1, 1, 1, 1, 1]
	700613	621677	688599	9	M	156	A		-1	2526.2548464	[1, 1, 1, 1, 1, 1, 1, 1, 1, 1, 1, 1]
	776622	624519	586205	9	M	179	A		-1	2526.34694607	[1, 1, 1, 1, 1, 1, 1, 1, 1, 1, 1, 1]
	745722	620905	673414	9	M	100	A		-1	2526.44461572	[1, 1, 1, 1, 1, 1, 1, 1, 1, 1, 1, 1]
	737542	620862	510417	9	M	87	A		-1	2526.5873613	[1, 1, 1, 1, 1, 1, 1, 1, 1, 1, 1, 1]
	718243	620664	666365	9	M	63	A		-1	2527.04044489	[1, 1, 1, 1, 1, 1, 1, 1, 1, 1, 1, 1]
	698686	693879	615341	9	M	143	A		-1	2527.11000829	[1, 1, 1, 1, 1, 1, 1, 1, 1, 1, 1, 1]
	793022	622561	544282	9	M	139	A		-1	2527.34746977	[1, 1, 1, 1, 1, 1, 1, 1, 1, 1, 1, 1]
	713804	620612	680964	9	M	22	A		-1	2527.4090777	[1, 1, 1, 1, 1, 1, 1, 1, 1, 1, 1, 1]
	767772	621568	638137	9	M	135	A		-1	2527.53005756	[1, 1, 1, 1, 1, 1, 1, 1, 1, 1, 1, 1]
	697275	693879	666234	9	M	62	A		-1	2527.57187689	[1, 1, 1, 1, 1, 1, 1, 1, 1, 1, 1, 1]
	700172	621677	614462	9	M	200	A		-1	2528.19562398	[1, 1, 1, 1, 1, 1, 1, 1, 1, 1, 1, 1]
	761813	621162	308807	9	M	159	A		-1	2528.31598056	[1, 1, 1, 1, 1, 1, 1, 1, 1, 1, 1, 1]
	731738	620737	654924	9	M	11	A		-1	2528.76816019	[1, 1, 1, 1, 1, 1, 1, 1, 1, 1, 1, 1]
	741828	620864	682651	9	M	107	A		-1	2528.7870515	[1, 1, 1, 1, 1, 1, 1, 1, 1, 1, 1, 1]
	732738	620737	690374	9	M	147	A		-1	2529.19293572	[1, 1, 1, 1, 1, 1, 1, 1, 1, 1, 1, 1]
	721566	620676	575316	9	M	102	A		-1	2529.43021805	[1, 1, 1, 1, 1, 1, 1, 1, 1, 1, 1, 1]
	709784	620612	608972	9	M	68	A		-1	2530.10084916	[1, 1, 1, 1, 1, 1, 1, 1, 1, 1, 1, 1]
	784275	622541	600017	9	M	15	A		-1	2530.25339409	[1, 1, 1, 1, 1, 1, 1, 1, 1, 1, 1, 1]
	723868	620676	567977	9	M	85	A		-1	2530.53834201	[1, 1, 1, 1, 1, 1, 1, 1, 1, 1, 1, 1]
	782799	622541	673183	9	M	31	A		-1	2530.75395454	[1, 1, 1, 1, 1, 1, 1, 1, 1, 1, 1, 1]
	770427	622058	662253	9	M	174	A		-1	2531.07782403	[1, 1, 1, 1, 1, 1, 1, 1, 1, 1, 1, 1]
	762360	621162	611237	9	M	169	A		-1	2531.37619596	[1, 1, 1, 1, 1, 1, 1, 1, 1, 1, 1, 1]
	703403	621677	690844	9	M	10	A		-1	2531.4536966	[1, 1, 1, 1, 1, 1, 1, 1, 1, 1, 1, 1]
	789911	622561	595748	9	M	21	A		-1	2531.76129941	[1, 1, 1, 1, 1, 1, 1, 1, 1, 1, 1, 1]
	769903	622058	430966	9	M	26	A		-1	2531.96639397	[1, 1, 1, 1, 1, 1, 1, 1, 1, 1, 1, 1]
	778990	624519	526060	9	M	192	A		-1	2532.02515578	[1, 1, 1, 1, 1, 1, 1, 1, 1, 1, 1, 0]
	702749	621677	628127	9	M	119	A		-1	2532.1918386	[1, 1, 1, 1, 1, 1, 1, 1, 1, 1, 1, 1]
	742663	620864	688970	9	M	0	A		-1	2532.27149105	[1, 1, 1, 1, 1, 1, 1, 1, 1, 1, 1, 1]
	767845	621568	527415	9	M	144	A		-1	2532.65858222	[1, 1, 1, 1, 1, 1, 1, 1, 1, 1, 1, 1]
	752696	620944	531304	9	M	135	A		-1	2532.77294645	[1, 1, 1, 1, 1, 1, 1, 1, 1, 1, 1, 1]
	718976	620664	646425	9	M	70	A		-1	2532.8263915	[1, 1, 1, 1, 1, 1, 1, 1, 1, 1, 1, 1]
	792603	622561	679221	9	M	129	A		-1	2532.87624876	[1, 1, 1, 1, 1, 1, 1, 1, 1, 1, 1, 1]
	780221	622541	671531	9	M	35	A		-1	2533.15690869	[1, 1, 1, 1, 1, 1, 1, 1, 1, 1, 1, 1]
	707596	620537	601262	9	M	61	A		-1	2533.21222086	[1, 1, 1, 1, 1, 1, 1, 1, 1, 1, 1, 1]
	770507	622058	609484	9	M	76	A		-1	2534.03464131	[1, 1, 1, 1, 1, 1, 1, 1, 1, 1, 1, 1]
	778299	624519	619294	9	M	13	A		-1	2534.31345273	[1, 1, 1, 1, 1, 1, 1, 1, 1, 1, 1, 1]
	706243	620537	642505	9	M	169	A		-1	2534.43332895	[1, 1, 1, 1, 1, 1, 1, 1, 1, 1, 1, 1]
	752026	620944	647900	9	M	179	A		-1	2534.50663552	[1, 1, 1, 1, 1, 1, 1, 1, 1, 1, 1, 0]
	712131	620612	615554	9	M	160	A		-1	2535.26213384	[1, 1, 1, 1, 1, 1, 1, 1, 1, 1, 1, 1]
	762559	621162	662042	9	M	57	A		-1	2535.28801709	[1, 1, 1, 1, 1, 1, 1, 1, 1, 1, 1, 1]
	732949	620737	638746	9	M	56	A		-1	2535.4594271	[1, 1, 1, 1, 1, 1, 1, 1, 1, 1, 1, 1]
	752802	620944	611478	9	M	11	A		-1	2535.5612861	[1, 1, 1, 1, 1, 1, 1, 1, 1, 1, 1, 0]
	698072	693879	668838	9	M	139	A		-1	2535.61350167	[1, 1, 1, 1, 1, 1, 1, 1, 1, 1, 1, 1]
	764255	621162	624237	9	M	46	A		-1	2535.74892128	[1, 1, 1, 1, 1, 1, 1, 1, 1, 1, 1, 1]
	754429	620944	672070	9	M	176	A		-1	2535.82127575	[1, 1, 1, 1, 1, 1, 1, 1, 1, 1, 1, 0]
	708916	620537	595522	9	M	8	A		-1	2536.71469766	[1, 1, 1, 1, 1, 1, 1, 1, 1, 1, 1, 1]
	714985	620664	600034	9	M	78	A		-1	2537.48616587	[1, 1, 1, 1, 1, 1, 1, 1, 1, 1, 1, 1]
	748125	620905	595928	9	M	194	A		-1	2538.02618436	[1, 1, 1, 1, 1, 1, 1, 1, 1, 1, 1, 1]
	757617	620966	682303	9	M	200	A		-1	2538.15751026	[1, 1, 1, 1, 1, 1, 1, 1, 1, 1, 1, 1]
	766048	621568	565285	9	M	43	A		-1	2538.18407105	[1, 1, 1, 1, 1, 1, 1, 1, 1, 1, 1, 1]
	613609	514940	544734	8	M	48	A		-1	2538.39993564	[1, 1, 1, 1, 1, 1, 1, 1, 1, 1, 1, 1]
	731227	620737	654668	9	M	4	A		-1	2538.51798514	[1, 1, 1, 1, 1, 1, 1, 1, 1, 1, 1, 1]
	731007	620737	677219	9	M	49	A		-1	2539.18025433	[1, 1, 1, 1, 1, 1, 1, 1, 1, 1, 1, 1]
	754514	620966	667142	9	M	63	A		-1	2539.26601745	[1, 1, 1, 1, 1, 1, 1, 1, 1, 1, 1, 1]
	704963	620537	635221	9	M	15	A		-1	2539.33591309	[1, 1, 1, 1, 1, 1, 1, 1, 1, 1, 1, 1]
	738163	620862	622915	9	M	121	A		-1	2539.87333467	[1, 1, 1, 1, 1, 1, 1, 1, 1, 1, 1, 1]
	770512	622058	681407	9	M	191	A		-1	2540.17140436	[1, 1, 1, 1, 1, 1, 1, 1, 1, 1, 1, 1]
	767469	621568	666961	9	M	53	A		-1	2540.46486658	[1, 1, 1, 1, 1, 1, 1, 1, 1, 1, 1, 1]
	752522	620944	661091	9	M	8	A		-1	2540.55372825	[1, 1, 1, 1, 1, 1, 1, 1, 1, 1, 1, 1]
	780665	622541	660395	9	M	130	A		-1	2540.81991902	[1, 1, 1, 1, 1, 1, 1, 1, 1, 1, 1, 1]
	792508	622561	611696	9	M	175	A		-1	2540.84305903	[1, 1, 1, 1, 1, 1, 1, 1, 1, 1, 1, 1]
	761258	621162	632732	9	M	96	A		-1	2541.17975391	[1, 1, 1, 1, 1, 1, 1, 1, 1, 1, 1, 1]
	739095	620862	623897	9	M	45	A		-1	2541.40020007	[1, 1, 1, 1, 1, 1, 1, 1, 1, 1, 1, 1]
	656505	517463	393791	8	M	61	A		-1	2541.45902636	[1, 1, 1, 1, 1, 1, 1, 1, 1, 1, 1, 1]
	733540	620737	617803	9	M	192	A		-1	2541.69832031	[1, 1, 1, 1, 1, 1, 1, 1, 1, 1, 1, 1]
	666161	518309	574880	8	M	100	A		-1	2541.94736774	[1, 1, 1, 1, 1, 1, 1, 1, 1, 1, 1, 1]
	696778	693879	664854	9	M	181	A		-1	2541.99372259	[1, 1, 1, 1, 1, 1, 1, 1, 1, 1, 1, 1]
	770619	622058	573258	9	M	101	A		-1	2542.29072297	[1, 1, 1, 1, 1, 1, 1, 1, 1, 1, 1, 1]
	670436	518431	433950	8	M	100	A		-1	2542.5249848	[1, 1, 1, 1, 1, 1, 1, 1, 1, 1, 1, 1]
	775204	624519	614016	9	M	133	A		-1	2542.75487456	[1, 1, 1, 1, 1, 1, 1, 1, 1, 1, 1, 1]
	706549	620537	637252	9	M	87	A		-1	2542.9851326	[1, 1, 1, 1, 1, 1, 1, 1, 1, 1, 1, 1]
	782831	622541	507317	9	M	74	A		-1	2543.0273706	[1, 1, 1, 1, 1, 1, 1, 1, 1, 1, 1, 1]
	744939	620905	635436	9	M	80	A		-1	2543.51891468	[1, 1, 1, 1, 1, 1, 1, 1, 1, 1, 1, 1]
	661989	517519	514956	8	M	187	A		-1	2543.63611967	[1, 1, 1, 1, 1, 1, 1, 1, 1, 1, 1, 0]
	700540	621677	510488	9	M	90	A		-1	2544.85498628	[1, 1, 1, 1, 1, 1, 1, 1, 1, 1, 1, 1]
	738936	620862	545511	9	M	88	A		-1	2545.47805187	[1, 1, 1, 1, 1, 1, 1, 1, 1, 1, 1, 1]
	596788	594168	567768	8	M	42	A		-1	2545.75583124	[1, 1, 1, 1, 1, 1, 1, 1, 1, 1, 1, 1]
	780825	622541	687646	9	M	19	A		-1	2546.0159671	[1, 1, 1, 1, 1, 1, 1, 1, 1, 1, 1, 1]
	739566	620864	629176	9	M	171	A		-1	2546.13326695	[1, 1, 1, 1, 1, 1, 1, 1, 1, 1, 1, 1]
	720065	620676	680459	9	M	145	A		-1	2546.56703082	[1, 1, 1, 1, 1, 1, 1, 1, 1, 1, 1, 1]
	716035	620664	676725	9	M	198	A		-1	2546.6321852	[1, 1, 1, 1, 1, 1, 1, 1, 1, 1, 1, 1]
	751806	620944	667885	9	M	155	A		-1	2546.72932552	[1, 1, 1, 1, 1, 1, 1, 1, 1, 1, 1, 0]
	730298	620737	626304	9	M	40	A		-1	2546.79208907	[1, 1, 1, 1, 1, 1, 1, 1, 1, 1, 1, 1]
	790643	622561	610517	9	M	73	A		-1	2547.11728335	[1, 1, 1, 1, 1, 1, 1, 1, 1, 1, 1, 1]
	714411	620612	669034	9	M	115	A		-1	2547.22769866	[1, 1, 1, 1, 1, 1, 1, 1, 1, 1, 1, 1]
	782027	622541	690535	9	M	91	A		-1	2547.24172572	[1, 1, 1, 1, 1, 1, 1, 1, 1, 1, 1, 1]
	710463	620612	654446	9	M	21	A		-1	2547.26986543	[1, 1, 1, 1, 1, 1, 1, 1, 1, 1, 1, 1]
	734181	620737	602306	9	M	89	A		-1	2547.55843075	[1, 1, 1, 1, 1, 1, 1, 1, 1, 1, 1, 1]
	767814	621568	669000	9	M	102	A		-1	2547.59424487	[1, 1, 1, 1, 1, 1, 1, 1, 1, 1, 1, 1]
	785385	622558	568693	9	M	72	A		-1	2547.60362236	[1, 1, 1, 1, 1, 1, 1, 1, 1, 1, 1, 1]
	791134	622561	650442	9	M	170	A		-1	2548.13051593	[1, 1, 1, 1, 1, 1, 1, 1, 1, 1, 1, 1]
	753478	620944	622291	9	M	47	A		-1	2548.88816113	[1, 1, 1, 1, 1, 1, 1, 1, 1, 1, 1, 0]
	738943	620862	661073	9	M	65	A		-1	2549.00182988	[1, 1, 1, 1, 1, 1, 1, 1, 1, 1, 1, 1]
	792578	622561	629863	9	M	65	A		-1	2549.09354527	[1, 1, 1, 1, 1, 1, 1, 1, 1, 1, 1, 1]
	719873	620676	640852	9	M	65	A		-1	2549.16102559	[1, 1, 1, 1, 1, 1, 1, 1, 1, 1, 1, 1]
	768670	621568	612552	9	M	23	A		-1	2549.1948527	[1, 1, 1, 1, 1, 1, 1, 1, 1, 1, 1, 1]
	728241	620714	527805	9	M	100	A		-1	2550.05377434	[1, 1, 1, 1, 1, 1, 1, 1, 1, 1, 1, 1]
	751450	620944	633405	9	M	76	A		-1	2550.12311309	[1, 1, 1, 1, 1, 1, 1, 1, 1, 1, 1, 1]
	724263	620676	640860	9	M	20	A		-1	2550.54256752	[1, 1, 1, 1, 1, 1, 1, 1, 1, 1, 1, 1]
	757586	620966	634696	9	M	90	A		-1	2550.68800657	[1, 1, 1, 1, 1, 1, 1, 1, 1, 1, 1, 1]
	698609	693879	539079	9	M	153	A		-1	2551.37142725	[1, 1, 1, 1, 1, 1, 1, 1, 1, 1, 1, 1]
	695584	693879	625660	9	M	13	A		-1	2551.42601372	[1, 1, 1, 1, 1, 1, 1, 1, 1, 1, 1, 1]
	757902	620966	616836	9	M	73	A		-1	2551.63356639	[1, 1, 1, 1, 1, 1, 1, 1, 1, 1, 1, 1]
	737961	620862	691472	9	M	32	A		-1	2551.77472995	[1, 1, 1, 1, 1, 1, 1, 1, 1, 1, 1, 1]
	707385	620537	471814	9	M	13	A		-1	2551.90834205	[1, 1, 1, 1, 1, 1, 1, 1, 1, 1, 1, 1]
	775719	624519	648718	9	M	5	A		-1	2552.41259858	[1, 1, 1, 1, 1, 1, 1, 1, 1, 1, 1, 1]
	719138	620664	624052	9	M	33	A		-1	2552.76977206	[1, 1, 1, 1, 1, 1, 1, 1, 1, 1, 1, 1]
	707775	620537	674650	9	M	2	A		-1	2553.47695464	[1, 1, 1, 1, 1, 1, 1, 1, 1, 1, 1, 1]
	750202	620944	523704	9	M	183	A		-1	2554.15483605	[1, 1, 1, 1, 1, 1, 1, 1, 1, 1, 1, 1]
	761085	621162	638732	9	M	181	A		-1	2554.44407559	[1, 1, 1, 1, 1, 1, 1, 1, 1, 1, 1, 1]
	752697	620944	652499	9	M	189	A		-1	2554.86669855	[1, 1, 1, 1, 1, 1, 1, 1, 1, 1, 1, 1]
	708443	620537	657281	9	M	182	A		-1	2555.13697346	[1, 1, 1, 1, 1, 1, 1, 1, 1, 1, 1, 1]
	724604	620714	489272	9	M	148	A		-1	2555.22075969	[1, 1, 1, 1, 1, 1, 1, 1, 1, 1, 1, 1]
	737612	620862	653341	9	M	154	A		-1	2555.40863557	[1, 1, 1, 1, 1, 1, 1, 1, 1, 1, 1, 1]
	735989	620862	634968	9	M	22	A		-1	2555.68922134	[1, 1, 1, 1, 1, 1, 1, 1, 1, 1, 1, 1]
	779419	624519	566821	9	M	196	A		-1	2555.71411171	[1, 1, 1, 1, 1, 1, 1, 1, 1, 1, 1, 1]
	719335	620664	628951	9	M	90	A		-1	2555.75366652	[1, 1, 1, 1, 1, 1, 1, 1, 1, 1, 1, 1]
	761369	621162	636964	9	M	68	A		-1	2555.77682974	[1, 1, 1, 1, 1, 1, 1, 1, 1, 1, 1, 1]
	704191	621677	663743	9	M	53	A		-1	2556.9184483	[1, 1, 1, 1, 1, 1, 1, 1, 1, 1, 1, 1]
	628487	515568	571987	8	M	126	A		-1	2557.10820987	[1, 1, 1, 1, 1, 1, 1, 1, 1, 1, 1, 1]
	695320	693879	644181	9	M	60	A		-1	2557.67867609	[1, 1, 1, 1, 1, 1, 1, 1, 1, 1, 1, 1]
	707146	620537	623588	9	M	9	A		-1	2558.58716003	[1, 1, 1, 1, 1, 1, 1, 1, 1, 1, 1, 1]
	704145	621677	636367	9	M	199	A		-1	2559.00155497	[1, 1, 1, 1, 1, 1, 1, 1, 1, 1, 1, 1]
	734855	620862	498192	9	M	151	A		-1	2559.3485319	[1, 1, 1, 1, 1, 1, 1, 1, 1, 1, 1, 1]
	697774	693879	508524	9	M	191	A		-1	2559.50100044	[1, 1, 1, 1, 1, 1, 1, 1, 1, 1, 1, 1]
	737456	620862	615913	9	M	138	A		-1	2562.038181	[1, 1, 1, 1, 1, 1, 1, 1, 1, 1, 1, 1]
	793303	622561	641899	9	M	16	A		-1	2562.9846775	[1, 1, 1, 1, 1, 1, 1, 1, 1, 1, 1, 1]
	726723	620714	674292	9	M	68	A		-1	2563.10285412	[1, 1, 1, 1, 1, 1, 1, 1, 1, 1, 1, 1]
	736283	620862	446215	9	M	75	A		-1	2563.94998873	[1, 1, 1, 1, 1, 1, 1, 1, 1, 1, 1, 1]
	781636	622541	686911	9	M	102	A		-1	2564.06395209	[1, 1, 1, 1, 1, 1, 1, 1, 1, 1, 1, 1]
	708038	620537	499568	9	M	88	A		-1	2564.44617239	[1, 1, 1, 1, 1, 1, 1, 1, 1, 1, 1, 1]
	695404	693879	675142	9	M	179	A		-1	2564.58412368	[1, 1, 1, 1, 1, 1, 1, 1, 1, 1, 1, 1]
	757751	620966	572060	9	M	72	A		-1	2564.68117241	[1, 1, 1, 1, 1, 1, 1, 1, 1, 1, 1, 1]
	700602	621677	562388	9	M	170	A		-1	2564.74181484	[1, 1, 1, 1, 1, 1, 1, 1, 1, 1, 1, 1]
	729529	620737	681485	9	M	93	A		-1	2565.59173213	[1, 1, 1, 1, 1, 1, 1, 1, 1, 1, 1, 0]
	755597	620966	595118	9	M	155	A		-1	2565.68874212	[1, 1, 1, 1, 1, 1, 1, 1, 1, 1, 1, 1]
	709474	620612	653468	9	M	82	A		-1	2565.84014279	[1, 1, 1, 1, 1, 1, 1, 1, 1, 1, 1, 1]
	628462	515568	520494	8	M	151	A		-1	2565.97522849	[1, 1, 1, 1, 1, 1, 1, 1, 1, 1, 1, 1]
	713742	620612	684474	9	M	107	A		-1	2565.98535949	[1, 1, 1, 1, 1, 1, 1, 1, 1, 1, 1, 1]
	750597	620944	634816	9	M	41	A		-1	2566.06228027	[1, 1, 1, 1, 1, 1, 1, 1, 1, 1, 1, 0]
	774016	622058	649802	9	M	170	A		-1	2566.08654351	[1, 1, 1, 1, 1, 1, 1, 1, 1, 1, 1, 1]
	721191	620676	625242	9	M	51	A		-1	2567.10322917	[1, 1, 1, 1, 1, 1, 1, 1, 1, 1, 1, 1]
	769846	622058	466989	9	M	188	A		-1	2567.95362926	[1, 1, 1, 1, 1, 1, 1, 1, 1, 1, 1, 1]
	696585	693879	452106	9	M	148	A		-1	2568.53116543	[1, 1, 1, 1, 1, 1, 1, 1, 1, 1, 1, 1]
	712534	620612	540113	9	M	185	A		-1	2569.00950533	[1, 1, 1, 1, 1, 1, 1, 1, 1, 1, 1, 1]
	669668	518431	587204	8	M	189	A		-1	2569.24172656	[1, 1, 1, 1, 1, 1, 1, 1, 1, 1, 1, 1]
	699396	693879	618825	9	M	187	A		-1	2569.52683691	[1, 1, 1, 1, 1, 1, 1, 1, 1, 1, 1, 1]
	790439	622561	617436	9	M	54	A		-1	2569.5499159	[1, 1, 1, 1, 1, 1, 1, 1, 1, 1, 1, 1]
	793139	622561	576482	9	M	39	A		-1	2569.92027939	[1, 1, 1, 1, 1, 1, 1, 1, 1, 1, 1, 1]
	776796	624519	433006	9	M	190	A		-1	2570.53964121	[1, 1, 1, 1, 1, 1, 1, 1, 1, 1, 1, 1]
	698446	693879	600917	9	M	140	A		-1	2570.74348082	[1, 1, 1, 1, 1, 1, 1, 1, 1, 1, 1, 1]
	726837	620714	664210	9	M	151	A		-1	2571.44720502	[1, 1, 1, 1, 1, 1, 1, 1, 1, 1, 1, 1]
	751371	620944	670232	9	M	14	A		-1	2571.51217711	[1, 1, 1, 1, 1, 1, 1, 1, 1, 1, 1, 1]
	777643	624519	637128	9	M	114	A		-1	2571.7032622	[1, 1, 1, 1, 1, 1, 1, 1, 1, 1, 1, 1]
	735270	620862	590263	9	M	88	A		-1	2571.77577845	[1, 1, 1, 1, 1, 1, 1, 1, 1, 1, 1, 1]
	780708	622541	626507	9	M	161	A		-1	2571.89402612	[1, 1, 1, 1, 1, 1, 1, 1, 1, 1, 1, 1]
	717781	620664	666570	9	M	99	A		-1	2572.27412296	[1, 1, 1, 1, 1, 1, 1, 1, 1, 1, 1, 1]
	723436	620676	641798	9	M	165	A		-1	2572.29684425	[1, 1, 1, 1, 1, 1, 1, 1, 1, 1, 1, 1]
	737857	620862	678276	9	M	171	A		-1	2572.30041917	[1, 1, 1, 1, 1, 1, 1, 1, 1, 1, 1, 0]
	761061	621162	595633	9	M	157	A		-1	2572.7866737	[1, 1, 1, 1, 1, 1, 1, 1, 1, 1, 1, 1]
	745946	620905	679403	9	M	77	A		-1	2573.84634236	[1, 1, 1, 1, 1, 1, 1, 1, 1, 1, 1, 1]
	789676	622561	678237	9	M	76	A		-1	2573.91121841	[1, 1, 1, 1, 1, 1, 1, 1, 1, 1, 1, 1]
	794328	622561	641466	9	M	99	A		-1	2574.12532489	[1, 1, 1, 1, 1, 1, 1, 1, 1, 1, 1, 1]
	712480	620612	621187	9	M	196	A		-1	2574.21194395	[1, 1, 1, 1, 1, 1, 1, 1, 1, 1, 1, 1]
	792213	622561	689893	9	M	188	A		-1	2574.87753271	[1, 1, 1, 1, 1, 1, 1, 1, 1, 1, 1, 1]
	737271	620862	667987	9	M	61	A		-1	2575.08496673	[1, 1, 1, 1, 1, 1, 1, 1, 1, 1, 1, 1]
	699928	621677	634230	9	M	60	A		-1	2575.25735828	[1, 1, 1, 1, 1, 1, 1, 1, 1, 1, 1, 1]
	765316	621568	663058	9	M	102	A		-1	2575.8491023	[1, 1, 1, 1, 1, 1, 1, 1, 1, 1, 1, 0]
	736953	620862	619898	9	M	34	A		-1	2576.67745531	[1, 1, 1, 1, 1, 1, 1, 1, 1, 1, 1, 1]
	749989	620944	538410	9	M	164	A		-1	2576.83538658	[1, 1, 1, 1, 1, 1, 1, 1, 1, 1, 1, 0]
	775347	624519	527429	9	M	147	A		-1	2578.10965752	[1, 1, 1, 1, 1, 1, 1, 1, 1, 1, 1, 0]
	775459	624519	515038	9	M	126	A		-1	2578.22962724	[1, 1, 1, 1, 1, 1, 1, 1, 1, 1, 1, 1]
	763392	621162	670398	9	M	9	A		-1	2578.46240532	[0, 1, 1, 1, 1, 1, 1, 1, 1, 1, 1, 1]
	792243	622561	567783	9	M	20	A		-1	2578.49493624	[1, 1, 1, 1, 1, 1, 1, 1, 1, 1, 1, 1]
	710629	620612	677372	9	M	129	A		-1	2579.0069386	[1, 1, 1, 1, 1, 1, 1, 1, 1, 1, 1, 1]
	785806	622558	488883	9	M	62	A		-1	2579.31898548	[1, 1, 1, 1, 1, 1, 1, 1, 1, 1, 1, 0]
	713162	620612	494748	9	M	141	A		-1	2579.564768	[1, 1, 1, 1, 1, 1, 1, 1, 1, 1, 1, 1]
	706854	620537	625604	9	M	153	A		-1	2579.7255861	[1, 1, 1, 1, 1, 1, 1, 1, 1, 1, 1, 1]
	713576	620612	634161	9	M	10	A		-1	2579.87470056	[1, 1, 1, 1, 1, 1, 1, 1, 1, 1, 1, 1]
	620862	515442	584540	8	M	180	A		-1	2580.48445339	[1, 1, 1, 1, 1, 1, 1, 1, 1, 1, 1, 1]
	733315	620737	604181	9	M	31	A		-1	2580.53135453	[1, 1, 1, 1, 1, 1, 1, 1, 1, 1, 1, 1]
	748609	620905	679946	9	M	146	A		-1	2580.63523458	[1, 1, 1, 1, 1, 1, 1, 1, 1, 1, 1, 1]
	772791	622058	673893	9	M	125	A		-1	2580.97502069	[1, 1, 1, 1, 1, 1, 1, 1, 1, 1, 1, 1]
	790022	622561	677474	9	M	82	A		-1	2581.04211894	[1, 1, 1, 1, 1, 1, 1, 1, 1, 1, 1, 1]
	785451	622558	624462	9	M	192	A		-1	2581.24327191	[1, 1, 1, 1, 1, 1, 1, 1, 1, 1, 1, 1]
	617863	515405	525625	8	M	179	A		-1	2581.50225988	[1, 1, 1, 1, 1, 1, 1, 1, 1, 1, 1, 0]
	759022	620966	498879	9	M	108	A		-1	2581.97820993	[1, 1, 1, 1, 1, 1, 1, 1, 1, 1, 1, 1]
	770178	622058	621793	9	M	104	A		-1	2582.56113921	[1, 1, 1, 1, 1, 1, 1, 1, 1, 1, 1, 1]
	702086	621677	666287	9	M	159	A		-1	2582.86907853	[1, 1, 1, 1, 1, 1, 1, 1, 1, 1, 1, 1]
	717031	620664	642401	9	M	153	A		-1	2583.46977689	[1, 1, 1, 1, 1, 1, 1, 1, 1, 1, 1, 1]
	751516	620944	548383	9	M	21	A		-1	2585.15689116	[1, 1, 1, 1, 1, 1, 1, 1, 1, 1, 1, 1]
	790695	622561	677287	9	M	190	A		-1	2585.53319699	[1, 1, 1, 1, 1, 1, 1, 1, 1, 1, 1, 1]
	707899	620537	684168	9	M	46	A		-1	2585.91689107	[1, 1, 1, 1, 1, 1, 1, 1, 1, 1, 1, 1]
	780183	622541	627959	9	M	35	A		-1	2586.07785424	[1, 1, 1, 1, 1, 1, 1, 1, 1, 1, 1, 1]
	790777	622561	605614	9	M	80	A		-1	2587.34941848	[1, 1, 1, 1, 1, 1, 1, 1, 1, 1, 1, 1]
	739283	620862	638052	9	M	127	A		-1	2588.42777981	[1, 1, 1, 1, 1, 1, 1, 1, 1, 1, 1, 1]
	721159	620676	541427	9	M	7	A		-1	2588.49148627	[1, 1, 1, 1, 1, 1, 1, 1, 1, 1, 1, 1]
	716240	620664	628598	9	M	139	A		-1	2588.94710962	[1, 1, 1, 1, 1, 1, 1, 1, 1, 1, 1, 1]
	753841	620944	657166	9	M	171	A		-1	2589.35473072	[1, 1, 1, 1, 1, 1, 1, 1, 1, 1, 1, 1]
	633824	515688	515003	8	M	177	A		-1	2589.81134524	[1, 1, 1, 1, 1, 1, 1, 1, 1, 1, 1, 1]
	603325	518315	502371	8	M	63	A		-1	2589.82622127	[1, 1, 1, 1, 1, 1, 1, 1, 1, 1, 1, 1]
	707552	620537	692559	9	M	167	A		-1	2589.99875038	[1, 1, 1, 1, 1, 1, 1, 1, 1, 1, 1, 1]
	787311	622558	607702	9	M	46	A		-1	2590.58043016	[1, 1, 1, 1, 1, 1, 1, 1, 1, 1, 1, 1]
	772294	622058	608587	9	M	157	A		-1	2591.60547451	[1, 1, 1, 1, 1, 1, 1, 1, 1, 1, 1, 1]
	734401	620737	673534	9	M	34	A		-1	2591.8101731	[1, 1, 1, 1, 1, 1, 1, 1, 1, 1, 1, 1]
	708151	620537	662198	9	M	86	A		-1	2591.99470641	[1, 1, 1, 1, 1, 1, 1, 1, 1, 1, 1, 0]
	776044	624519	646126	9	M	13	A		-1	2592.34944867	[1, 1, 1, 1, 1, 1, 1, 1, 1, 1, 1, 1]
	710712	620612	682800	9	M	111	A		-1	2592.8736184	[1, 1, 1, 1, 1, 1, 1, 1, 1, 1, 1, 1]
	735667	620862	503410	9	M	77	A		-1	2593.03769206	[1, 1, 1, 1, 1, 1, 1, 1, 1, 1, 1, 1]
	793879	622561	661062	9	M	39	A		-1	2593.14554018	[1, 1, 1, 1, 1, 1, 1, 1, 1, 1, 1, 1]
	710957	620612	672664	9	M	42	A		-1	2593.2137943	[1, 1, 1, 1, 1, 1, 1, 1, 1, 1, 1, 1]
	742783	620864	652767	9	M	117	A		-1	2593.28142359	[1, 1, 1, 1, 1, 1, 1, 1, 1, 1, 1, 0]
	774002	622058	500236	9	M	11	A		-1	2593.32349766	[1, 1, 1, 1, 1, 1, 1, 1, 1, 1, 1, 0]
	698532	693879	588443	9	M	25	A		-1	2593.77391559	[1, 1, 1, 1, 1, 1, 1, 1, 1, 1, 1, 1]
	755781	620966	692393	9	M	83	A		-1	2594.32699368	[1, 1, 1, 1, 1, 1, 1, 1, 1, 1, 1, 1]
	736663	620862	616316	9	M	188	A		-1	2595.034691	[1, 1, 1, 1, 1, 1, 1, 1, 1, 1, 1, 1]
	757036	620966	533595	9	M	154	A		-1	2595.1125935	[1, 1, 1, 1, 1, 1, 1, 1, 1, 1, 1, 1]
	717698	620664	689483	9	M	60	A		-1	2597.30711097	[1, 1, 1, 1, 1, 1, 1, 1, 1, 1, 1, 1]
	780230	622541	596040	9	M	111	A		-1	2598.41923036	[1, 1, 1, 1, 1, 1, 1, 1, 1, 1, 1, 1]
	740927	620864	496219	9	M	149	A		-1	2598.42196969	[1, 1, 1, 1, 1, 1, 1, 1, 1, 1, 1, 1]
	745498	620905	505948	9	M	80	A		-1	2599.21152468	[1, 1, 1, 1, 1, 1, 1, 1, 1, 1, 1, 1]
	737201	620862	632736	9	M	181	A		-1	2599.42543666	[1, 1, 1, 1, 1, 1, 1, 1, 1, 1, 1, 1]
	737165	620862	564955	9	M	47	A		-1	2600.79833046	[1, 1, 1, 1, 1, 1, 1, 1, 1, 1, 1, 1]
	779447	624519	693917	9	M	127	A		-1	2600.81636796	[1, 1, 1, 1, 1, 1, 1, 1, 1, 1, 1, 0]
	698305	693879	609441	9	M	11	A		-1	2601.00904251	[1, 1, 1, 1, 1, 1, 1, 1, 1, 1, 1, 1]
	709812	620612	675228	9	M	17	A		-1	2601.51122798	[1, 1, 1, 1, 1, 1, 1, 1, 1, 1, 1, 1]
	783439	622541	564695	9	M	138	A		-1	2601.82666557	[1, 1, 1, 1, 1, 1, 1, 1, 1, 1, 1, 1]
	706017	620537	595601	9	M	193	A		-1	2602.86614971	[1, 1, 1, 1, 1, 1, 1, 1, 1, 1, 1, 1]
	711189	620612	648079	9	M	131	A		-1	2603.16119125	[1, 1, 1, 1, 1, 1, 1, 1, 1, 1, 1, 1]
	752566	620944	687869	9	M	3	A		-1	2603.70768026	[1, 1, 1, 1, 1, 1, 1, 1, 1, 1, 1, 0]
	700550	621677	693096	9	M	168	A		-1	2604.44699303	[1, 1, 1, 1, 1, 1, 1, 1, 1, 1, 1, 1]
	785952	622558	668404	9	M	187	A		-1	2604.59663807	[1, 1, 1, 1, 1, 1, 1, 1, 1, 1, 1, 1]
	662766	517519	520516	8	M	67	A		-1	2605.107692	[1, 1, 1, 1, 1, 1, 1, 1, 1, 1, 1, 1]
	701344	621677	605275	9	M	155	A		-1	2605.5447111	[1, 1, 1, 1, 1, 1, 1, 1, 1, 1, 1, 1]
	739077	620862	673092	9	M	187	A		-1	2605.68757547	[1, 1, 1, 1, 1, 1, 1, 1, 1, 1, 1, 1]
	735936	620862	596780	9	M	17	A		-1	2606.19900034	[1, 1, 1, 1, 1, 1, 1, 1, 1, 1, 1, 1]
	735348	620862	599485	9	M	162	A		-1	2607.22679889	[1, 1, 1, 1, 1, 1, 1, 1, 1, 1, 1, 1]
	734900	620862	665795	9	M	188	A		-1	2608.72780392	[1, 1, 1, 1, 1, 1, 1, 1, 1, 1, 1, 1]
	790089	622561	686869	9	M	8	A		-1	2608.81132195	[1, 1, 1, 1, 1, 1, 1, 1, 1, 1, 1, 1]
	713186	620612	649668	9	M	154	A		-1	2610.67837739	[1, 1, 1, 1, 1, 1, 1, 1, 1, 1, 1, 1]
	680069	518509	450332	8	M	166	A		-1	2610.74128804	[1, 1, 1, 1, 1, 1, 1, 1, 1, 1, 1, 1]
	648562	516558	497628	8	M	8	A		-1	2610.76986022	[1, 1, 1, 1, 1, 1, 1, 1, 1, 1, 1, 0]
	756324	620966	640621	9	M	136	A		-1	2610.90478876	[1, 1, 1, 1, 1, 1, 1, 1, 1, 1, 1, 1]
	783235	622541	601890	9	M	82	A		-1	2611.6132196	[1, 1, 0, 1, 1, 1, 1, 1, 1, 1, 1, 0]
	762290	621162	681123	9	M	53	A		-1	2611.95372266	[1, 1, 1, 1, 1, 1, 1, 1, 1, 1, 1, 1]
	774701	624519	642312	9	M	2	A		-1	2612.25765403	[1, 1, 1, 1, 1, 1, 1, 1, 1, 1, 1, 1]
	709969	620612	435915	9	M	175	A		-1	2612.97278364	[1, 1, 1, 1, 1, 1, 1, 1, 1, 1, 1, 1]
	713185	620612	670666	9	M	194	A		-1	2613.44756282	[1, 1, 1, 1, 1, 1, 1, 1, 1, 1, 1, 1]
	780718	622541	609032	9	M	38	A		-1	2613.53376383	[1, 1, 1, 1, 1, 1, 1, 1, 1, 1, 1, 1]
	714157	620612	638596	9	M	186	A		-1	2615.20071349	[1, 1, 1, 1, 1, 1, 1, 1, 1, 1, 1, 1]
	762934	621162	679015	9	M	58	A		-1	2615.24147461	[1, 1, 1, 1, 1, 1, 1, 1, 1, 1, 1, 1]
	737753	620862	656887	9	M	116	A		-1	2616.11190476	[1, 1, 1, 1, 1, 1, 1, 1, 1, 1, 1, 1]
	732503	620737	621520	9	M	83	A		-1	2617.4361265	[1, 1, 1, 1, 1, 1, 1, 1, 1, 1, 1, 1]
	730040	620737	524552	9	M	192	A		-1	2617.68284367	[1, 1, 1, 1, 1, 1, 1, 1, 1, 1, 1, 1]
	793184	622561	598998	9	M	175	A		-1	2617.91157293	[1, 1, 1, 0, 1, 1, 1, 1, 1, 1, 1, 1]
	697299	693879	527443	9	M	139	A		-1	2618.16391926	[1, 1, 1, 1, 1, 1, 1, 1, 1, 1, 1, 0]
	736239	620862	615459	9	M	80	A		-1	2618.72962265	[1, 1, 1, 1, 1, 1, 1, 1, 1, 1, 1, 1]
	735026	620862	652055	9	M	72	A		-1	2619.28523923	[1, 1, 1, 1, 1, 1, 1, 1, 1, 1, 1, 1]
	729960	620737	643498	9	M	79	A		-1	2620.09153911	[1, 1, 1, 1, 1, 1, 1, 1, 1, 1, 1, 1]
	765771	621568	639189	9	M	101	A		-1	2620.50813177	[1, 1, 1, 1, 1, 1, 1, 1, 1, 1, 1, 1]
	733683	620737	666195	9	M	68	A		-1	2621.25596467	[1, 1, 1, 1, 1, 1, 1, 1, 1, 1, 1, 1]
	793338	622561	655814	9	M	88	A		-1	2621.32427351	[1, 1, 1, 1, 1, 1, 1, 1, 1, 1, 1, 1]
	743746	620864	611360	9	M	45	A		-1	2621.63216939	[1, 1, 1, 1, 1, 1, 1, 1, 1, 1, 1, 1]
	759353	620966	662325	9	M	188	A		-1	2621.89167273	[1, 1, 1, 1, 1, 1, 1, 1, 1, 1, 1, 1]
	722111	620676	559141	9	M	103	A		-1	2622.3597092	[1, 1, 1, 1, 1, 1, 1, 1, 1, 1, 1, 1]
	738640	620862	496464	9	M	198	A		-1	2623.23840397	[1, 1, 1, 1, 1, 1, 1, 1, 1, 1, 1, 1]
	715442	620664	637997	9	M	164	A		-1	2623.67519557	[1, 1, 1, 1, 1, 1, 1, 1, 1, 1, 1, 1]
	749470	620944	646893	9	M	181	A		-1	2624.47715605	[1, 1, 1, 1, 1, 1, 1, 1, 1, 1, 1, 1]
	730248	620737	613604	9	M	36	A		-1	2624.95665419	[1, 1, 1, 1, 1, 1, 1, 1, 1, 1, 1, 1]
	760818	621162	599120	9	M	82	A		-1	2625.02617527	[1, 1, 1, 1, 1, 1, 1, 1, 1, 1, 1, 1]
	749222	620905	511656	9	M	200	A		-1	2625.2287392	[1, 1, 1, 1, 1, 1, 1, 1, 1, 1, 1, 1]
	780768	622541	676495	9	M	120	A		-1	2625.32408327	[1, 1, 1, 1, 1, 1, 1, 1, 1, 1, 1, 1]
	738204	620862	616219	9	M	51	A		-1	2626.32008906	[1, 1, 1, 1, 1, 1, 1, 1, 1, 1, 1, 1]
	735950	620862	625081	9	M	177	A		-1	2627.04446279	[1, 1, 1, 1, 1, 1, 1, 1, 1, 1, 1, 1]
	711910	620612	673743	9	M	107	A		-1	2627.17005061	[1, 1, 1, 1, 1, 1, 1, 1, 1, 1, 1, 1]
	783735	622541	694061	9	M	86	A		-1	2628.03577703	[1, 1, 1, 1, 1, 1, 1, 1, 1, 1, 1, 1]
	791294	622561	497616	9	M	72	A		-1	2629.53458807	[1, 1, 1, 1, 1, 1, 1, 1, 1, 1, 1, 1]
	731808	620737	615603	9	M	33	A		-1	2629.92916881	[1, 1, 1, 1, 1, 1, 1, 1, 1, 1, 1, 1]
	700929	621677	597053	9	M	196	A		-1	2630.15739218	[1, 1, 1, 1, 1, 1, 1, 1, 1, 1, 1, 1]
	761973	621162	512879	9	M	56	A		-1	2631.41403743	[1, 1, 1, 1, 1, 1, 1, 1, 1, 1, 1, 1]
	730403	620737	571658	9	M	47	A		-1	2631.43226156	[1, 1, 1, 1, 1, 1, 1, 1, 1, 1, 1, 1]
	786933	622558	589760	9	M	177	A		-1	2633.90015033	[1, 1, 1, 1, 1, 1, 1, 1, 1, 1, 1, 1]
	764663	621568	606213	9	M	158	A		-1	2636.18274702	[1, 1, 1, 1, 1, 1, 1, 1, 1, 1, 1, 1]
	711975	620612	609950	9	M	182	A		-1	2636.27892015	[1, 1, 1, 1, 1, 1, 1, 1, 1, 1, 1, 1]
	696744	693879	521636	9	M	22	A		-1	2636.89017009	[1, 1, 1, 1, 1, 1, 1, 1, 1, 1, 1, 1]
	732309	620737	509622	9	M	122	A		-1	2637.67759673	[1, 1, 1, 1, 1, 1, 1, 1, 1, 1, 1, 1]
	780874	622541	612153	9	M	9	A		-1	2638.26637286	[1, 1, 1, 1, 1, 1, 1, 1, 1, 1, 1, 1]
	695758	693879	637168	9	M	24	A		-1	2638.51740432	[1, 1, 1, 1, 1, 1, 1, 1, 1, 1, 1, 1]
	763391	621162	660929	9	M	10	A		-1	2639.69548507	[1, 1, 1, 1, 1, 1, 1, 1, 1, 1, 1, 1]
	706444	620537	620248	9	M	124	A		-1	2642.194409	[1, 1, 1, 1, 1, 1, 1, 1, 1, 1, 1, 1]
	769200	621568	626054	9	M	197	A		-1	2643.48396987	[1, 1, 1, 1, 1, 1, 1, 1, 1, 1, 1, 1]
	748394	620905	608610	9	M	136	A		-1	2643.94493805	[1, 1, 1, 1, 1, 1, 1, 1, 1, 1, 1, 1]
	697892	693879	554446	9	M	185	A		-1	2644.34985663	[1, 1, 1, 1, 1, 1, 1, 1, 1, 1, 1, 1]
	750648	620944	596732	9	M	157	A		-1	2644.80336127	[1, 1, 1, 0, 1, 1, 1, 1, 1, 1, 1, 0]
	703859	621677	640899	9	M	79	A		-1	2645.50657295	[1, 1, 1, 1, 1, 1, 1, 1, 1, 1, 1, 1]
	738766	620862	511834	9	M	106	A		-1	2647.08410176	[1, 1, 1, 1, 1, 1, 1, 1, 1, 1, 1, 1]
	627228	515568	519604	8	M	96	A		-1	2650.74106552	[1, 1, 1, 1, 1, 1, 1, 1, 1, 1, 1, 1]
	763362	621162	604308	9	M	20	A		-1	2654.6732035	[1, 1, 1, 1, 1, 1, 1, 1, 1, 1, 1, 1]
	755627	620966	508159	9	M	3	A		-1	2654.99316865	[1, 1, 1, 1, 1, 1, 1, 1, 1, 1, 1, 1]
	743383	620864	609549	9	M	139	A		-1	2656.04727566	[1, 1, 1, 1, 1, 1, 1, 1, 1, 1, 1, 0]
	705996	620537	644345	9	M	96	A		-1	2657.902297	[1, 1, 1, 1, 1, 1, 1, 1, 1, 1, 1, 1]
	700112	621677	638846	9	M	139	A		-1	2659.54902608	[1, 1, 1, 1, 1, 1, 1, 1, 1, 1, 1, 1]
	731636	620737	593614	9	M	105	A		-1	2659.9874468	[1, 1, 1, 1, 1, 1, 1, 1, 1, 1, 1, 1]
	784426	622541	656949	9	M	161	A		-1	2660.27118882	[1, 1, 1, 1, 1, 1, 1, 1, 1, 1, 1, 1]
	745740	620905	617561	9	M	8	A		-1	2660.57097164	[1, 1, 1, 1, 1, 1, 1, 1, 1, 1, 1, 1]
	755877	620966	681679	9	M	46	A		-1	2661.63039328	[1, 1, 1, 1, 1, 1, 1, 1, 1, 1, 1, 1]
	736061	620862	610745	9	M	120	A		-1	2663.79116162	[1, 1, 1, 1, 1, 1, 1, 1, 1, 1, 1, 1]
	708251	620537	601348	9	M	101	A		-1	2663.93464078	[1, 1, 1, 1, 1, 1, 1, 1, 1, 1, 1, 1]
	763752	621162	619551	9	M	109	A		-1	2665.13397254	[1, 1, 1, 1, 1, 1, 1, 1, 1, 1, 1, 1]
	755029	620966	677393	9	M	108	A		-1	2666.47102258	[1, 1, 1, 1, 1, 1, 1, 1, 1, 1, 1, 1]
	626984	515568	569002	8	M	27	A		-1	2667.16603772	[1, 1, 1, 1, 1, 1, 1, 1, 1, 1, 1, 1]
	723196	620676	615464	9	M	59	A		-1	2668.54337878	[1, 1, 1, 1, 1, 1, 1, 1, 1, 1, 1, 1]
	747363	620905	599526	9	M	19	A		-1	2670.26502952	[1, 1, 1, 1, 1, 1, 1, 1, 1, 1, 1, 1]
	726038	620714	603583	9	M	159	A		-1	2671.07681917	[1, 1, 1, 1, 1, 1, 1, 1, 1, 1, 1, 1]
	781768	622541	665058	9	M	180	A		-1	2673.58475454	[1, 1, 1, 1, 1, 1, 1, 1, 1, 1, 1, 1]
	786649	622558	644954	9	M	194	A		-1	2676.48548552	[1, 1, 1, 1, 1, 1, 1, 1, 1, 1, 1, 0]
	700148	621677	681944	9	M	22	A		-1	2676.61080299	[1, 1, 1, 1, 1, 1, 1, 1, 1, 1, 1, 0]
	794395	622561	657943	9	M	15	A		-1	2679.2675233	[1, 1, 1, 1, 1, 1, 1, 1, 1, 1, 1, 1]
	788316	622558	601419	9	M	152	A		-1	2680.07260489	[1, 1, 1, 1, 1, 1, 1, 1, 1, 1, 1, 1]
	768772	621568	672485	9	M	166	A		-1	2682.0868679	[1, 1, 1, 1, 1, 1, 1, 1, 1, 1, 1, 1]
	714772	620664	634513	9	M	190	A		-1	2683.41733255	[1, 1, 1, 1, 1, 1, 1, 1, 1, 1, 1, 1]
	754019	620944	654839	9	M	193	A		-1	2683.75522846	[1, 1, 1, 1, 1, 1, 1, 1, 1, 1, 1, 0]
	628483	515568	504168	8	M	27	A		-1	2683.80465363	[1, 1, 1, 1, 1, 1, 1, 1, 1, 1, 1, 1]
	779336	624519	633431	9	M	111	A		-1	2685.26716597	[1, 1, 1, 1, 1, 1, 1, 1, 1, 1, 1, 1]
	739410	620862	686145	9	M	116	A		-1	2687.14479273	[1, 1, 1, 1, 1, 1, 1, 1, 1, 1, 1, 1]
	761093	621162	635282	9	M	104	A		-1	2690.03129208	[1, 1, 1, 1, 1, 1, 1, 1, 1, 1, 1, 1]
	791372	622561	500746	9	M	181	A		-1	2691.39821932	[1, 1, 1, 1, 1, 1, 1, 1, 1, 1, 1, 1]
	735711	620862	684674	9	M	196	A		-1	2692.16113519	[1, 1, 1, 1, 1, 1, 1, 1, 1, 1, 1, 1]
	733645	620737	626690	9	M	97	A		-1	2692.71644334	[1, 1, 1, 1, 1, 1, 1, 1, 1, 1, 1, 1]
	711908	620612	631355	9	M	75	A		-1	2695.69533374	[1, 1, 1, 1, 1, 1, 1, 1, 1, 1, 1, 1]
	759685	621162	642341	9	M	177	A		-1	2699.45256802	[1, 1, 1, 1, 1, 1, 1, 1, 1, 1, 1, 1]
	767860	621568	464873	9	M	197	A		-1	2699.70149869	[1, 1, 1, 1, 1, 1, 1, 1, 1, 1, 1, 1]
	774896	624519	628244	9	M	133	A		-1	2700.55617831	[1, 1, 1, 1, 1, 1, 1, 1, 1, 1, 1, 1]
	730366	620737	588529	9	M	184	A		-1	2701.12102061	[1, 1, 1, 1, 1, 1, 1, 1, 1, 1, 1, 1]
	705332	620537	624582	9	M	144	A		-1	2704.30767615	[1, 1, 1, 1, 1, 1, 1, 1, 1, 1, 1, 1]
	729907	620737	306270	9	M	178	A		-1	2704.79670914	[1, 1, 1, 1, 1, 1, 1, 1, 1, 1, 1, 1]
	750876	620944	598551	9	M	196	A		-1	2707.29648702	[1, 1, 1, 1, 1, 1, 1, 1, 1, 1, 1, 0]
	706136	620537	601981	9	M	140	A		-1	2708.94575747	[1, 1, 1, 1, 1, 1, 1, 1, 1, 1, 1, 1]
	613447	514940	521847	8	M	60	A		-1	2709.90682066	[1, 1, 1, 1, 1, 1, 1, 1, 1, 1, 1, 1]
	696013	693879	577045	9	M	153	A		-1	2711.39749632	[1, 1, 1, 1, 1, 1, 1, 1, 1, 1, 1, 1]
	730017	620737	603999	9	M	178	A		-1	2713.88208416	[1, 1, 1, 1, 1, 1, 1, 1, 1, 1, 1, 1]
	705185	620537	614163	9	M	116	A		-1	2714.9473623	[1, 1, 1, 1, 1, 1, 1, 1, 1, 1, 1, 1]
	760746	621162	553867	9	M	125	A		-1	2715.10611329	[1, 1, 1, 1, 1, 1, 1, 1, 1, 1, 1, 1]
	727133	620714	660000	9	M	37	A		-1	2716.61493201	[1, 1, 1, 1, 1, 1, 1, 1, 1, 1, 1, 1]
	740713	620864	624666	9	M	33	A		-1	2717.81463975	[1, 1, 1, 1, 1, 1, 1, 1, 1, 1, 1, 1]
	791036	622561	529415	9	M	93	A		-1	2719.05177339	[1, 1, 1, 1, 1, 1, 1, 1, 1, 1, 1, 1]
	737948	620862	658068	9	M	43	A		-1	2724.25126314	[1, 1, 1, 1, 1, 1, 1, 1, 1, 1, 1, 1]
	736370	620862	558235	9	M	165	A		-1	2725.46145575	[1, 1, 1, 1, 1, 1, 1, 1, 1, 1, 1, 1]
	721279	620676	674181	9	M	167	A		-1	2729.08598157	[1, 1, 1, 1, 1, 1, 1, 1, 1, 1, 1, 1]
	778430	624519	655320	9	M	91	A		-1	2730.85910402	[1, 1, 1, 1, 1, 1, 1, 1, 1, 1, 1, 1]
	730312	620737	631661	9	M	24	A		-1	2731.03003573	[1, 1, 1, 1, 1, 1, 1, 1, 1, 1, 1, 1]
	704407	621677	503035	9	M	12	A		-1	2732.63086981	[1, 1, 1, 1, 1, 1, 1, 1, 1, 1, 1, 1]
	764857	621568	588414	9	M	175	A		-1	2736.10311305	[1, 1, 1, 1, 1, 1, 1, 1, 1, 1, 1, 1]
	727312	620714	663437	9	M	184	A		-1	2744.03368716	[1, 1, 1, 1, 1, 1, 1, 1, 1, 1, 1, 1]
	722636	620676	671677	9	M	73	A		-1	2745.8525839	[1, 1, 1, 1, 1, 1, 1, 1, 1, 1, 1, 1]
	760629	621162	602932	9	M	169	A		-1	2746.66569896	[1, 1, 1, 1, 1, 1, 1, 1, 1, 1, 1, 1]
	762939	621162	591230	9	M	135	A		-1	2746.958674	[1, 1, 1, 1, 1, 1, 1, 1, 1, 1, 1, 1]
	729058	620714	608476	9	M	105	A		-1	2750.40704312	[1, 1, 1, 1, 1, 1, 1, 1, 1, 1, 1, 1]
	735600	620862	691014	9	M	40	A		-1	2757.62396	[1, 1, 1, 1, 1, 1, 1, 1, 1, 1, 1, 1]
	744325	620864	506509	9	M	195	A		-1	2759.04910171	[1, 1, 1, 1, 1, 1, 1, 1, 1, 1, 1, 1]
	724928	620714	643525	9	M	1	A		-1	2761.18131836	[1, 1, 1, 1, 1, 1, 1, 1, 1, 1, 1, 1]
	781245	622541	574182	9	M	11	A		-1	2766.72595878	[1, 1, 1, 1, 1, 1, 1, 1, 1, 1, 1, 1]
	702296	621677	636604	9	M	1	A		-1	2769.09688101	[1, 1, 1, 1, 1, 1, 1, 1, 1, 1, 1, 1]
	786836	622558	623272	9	M	48	A		-1	2773.80872003	[1, 1, 1, 1, 1, 1, 1, 1, 1, 1, 1, 1]
	732609	620737	636805	9	M	130	A		-1	2777.48060028	[1, 1, 1, 1, 1, 1, 1, 1, 1, 1, 1, 1]
	703531	621677	563995	9	M	4	A		-1	2780.74489347	[1, 1, 1, 0, 1, 1, 1, 1, 1, 1, 1, 1]
	760509	621162	488230	9	M	0	A		-1	2796.19984832	[1, 1, 1, 1, 1, 1, 1, 1, 1, 1, 1, 1]
	704775	620537	599404	9	M	173	A		-1	2796.65304356	[1, 1, 1, 1, 1, 1, 1, 1, 1, 1, 1, 1]
	736127	620862	657697	9	M	134	A		-1	2800.92825915	[1, 1, 1, 1, 1, 1, 1, 1, 1, 1, 1, 1]
	711297	620612	655295	9	M	110	A		-1	2824.01525344	[1, 1, 1, 1, 1, 1, 1, 1, 1, 1, 1, 1]
	775681	624519	634483	9	M	101	A		-1	2826.7216648	[1, 1, 1, 1, 1, 1, 1, 1, 1, 1, 1, 1]
	782244	622541	605478	9	M	177	A		-1	2842.70165915	[1, 1, 1, 1, 1, 1, 1, 1, 1, 1, 1, 1]
	739038	620862	655639	9	M	143	A		-1	2879.27731393	[1, 1, 1, 1, 1, 1, 1, 1, 1, 1, 1, 1]
	602750	518315	568952	8	M	88	A		-1	2888.29380736	[1, 1, 1, 1, 1, 1, 1, 1, 1, 1, 1, 1]
	696108	693879	668439	9	M	181	A		-1	2961.94734253	[1, 1, 1, 1, 1, 1, 1, 1, 1, 1, 1, 1]
	745942	620905	652141	9	M	9	A		-1	2985.1833263	[1, 1, 1, 1, 1, 1, 1, 1, 1, 1, 1, 0]
