animal	sire	dam	born	sex	herd	status	cause	died	TBV	recessives
	1332190	1236146	1245552	15	M	175	A		-1	3997.55704866	[1, 1, 1, 1, 1, 1, 1, 1, 1, 1, 1, 1]
	1327749	1236142	1244073	15	M	55	A		-1	3997.61573344	[1, 1, 1, 1, 1, 1, 1, 1, 1, 1, 1, 1]
	1438725	1314506	1236633	16	M	17	A		-1	3997.95872674	[1, 1, 0, 1, 1, 1, 1, 1, 1, 1, 1, 1]
	1454167	1314965	1286615	16	M	48	A		-1	3998.29643858	[1, 1, 1, 1, 1, 1, 1, 1, 1, 1, 1, 1]
	1443000	1314525	1364815	16	M	16	A		-1	3998.4773568	[1, 1, 1, 1, 1, 1, 1, 1, 1, 1, 1, 1]
	1408573	1314148	1312522	16	M	170	A		-1	3998.47946177	[1, 1, 1, 1, 1, 0, 1, 1, 1, 1, 1, 1]
	1485848	1316777	1264591	16	M	13	A		-1	3998.83135375	[1, 1, 1, 1, 1, 0, 1, 1, 1, 1, 1, 1]
	1438188	1314506	1294856	16	M	128	A		-1	3999.6181419	[1, 1, 1, 1, 1, 1, 1, 1, 1, 1, 1, 1]
	1462559	1315036	1360680	16	M	70	A		-1	3999.76156861	[1, 1, 1, 1, 1, 1, 1, 1, 1, 1, 1, 1]
	1422450	1314408	1271432	16	M	6	A		-1	3999.8708688	[1, 1, 1, 1, 1, 1, 1, 1, 1, 1, 1, 1]
	1451238	1314965	1371207	16	M	124	A		-1	3999.93682247	[1, 1, 1, 1, 1, 1, 1, 1, 1, 1, 1, 1]
	1475448	1320660	1364016	16	M	134	A		-1	4000.5360796	[1, 1, 1, 1, 1, 1, 1, 1, 1, 1, 1, 1]
	1451976	1314965	1337657	16	M	93	A		-1	4000.56668174	[1, 1, 1, 1, 1, 1, 1, 1, 1, 1, 1, 1]
	1348282	1236794	1241112	15	M	146	A		-1	4000.82313293	[1, 1, 1, 1, 1, 1, 1, 1, 1, 1, 1, 0]
	1473018	1316170	1313028	16	M	164	A		-1	4000.85013412	[1, 1, 1, 1, 1, 1, 1, 1, 1, 1, 1, 1]
	1403456	1315668	1366827	16	M	146	A		-1	4000.86743435	[1, 1, 1, 1, 1, 1, 1, 1, 1, 1, 1, 1]
	1419525	1314370	1317373	16	M	110	A		-1	4000.92221949	[1, 1, 1, 1, 1, 0, 1, 1, 1, 1, 1, 1]
	1434483	1314482	1316200	16	M	60	A		-1	4001.19345979	[1, 1, 1, 1, 1, 1, 1, 1, 1, 1, 1, 1]
	1459795	1315036	1352356	16	M	75	A		-1	4001.41286934	[1, 1, 1, 1, 1, 1, 1, 1, 1, 1, 1, 1]
	1422931	1314408	1355537	16	M	53	A		-1	4002.00172971	[1, 1, 1, 1, 1, 1, 1, 1, 1, 1, 1, 1]
	1405139	1314148	1373736	16	M	139	A		-1	4002.06981769	[1, 1, 1, 1, 1, 0, 1, 1, 1, 1, 1, 1]
	1296271	1294498	1206246	15	M	56	A		-1	4002.0893858	[1, 1, 1, 1, 1, 1, 1, 1, 1, 1, 1, 1]
	1425895	1314447	1206696	16	M	192	A		-1	4002.09774027	[1, 1, 1, 1, 1, 1, 1, 1, 1, 1, 1, 1]
	1445717	1314690	1349552	16	M	39	A		-1	4002.62035189	[1, 1, 1, 1, 1, 1, 1, 1, 1, 1, 1, 1]
	1434369	1314482	1290118	16	M	134	A		-1	4002.69970117	[1, 1, 1, 1, 1, 1, 1, 1, 1, 1, 1, 1]
	1490630	1316994	1251773	16	M	14	A		-1	4003.41856223	[1, 1, 1, 1, 1, 1, 1, 1, 1, 1, 1, 1]
	1492649	1316994	1315887	16	M	58	A		-1	4003.83811066	[1, 1, 1, 1, 1, 1, 1, 1, 1, 1, 1, 1]
	1464443	1315036	1333319	16	M	112	A		-1	4003.93954496	[1, 1, 1, 1, 1, 1, 1, 1, 1, 1, 1, 1]
	1469234	1315167	1346413	16	M	86	A		-1	4004.01041299	[1, 1, 1, 1, 1, 1, 1, 1, 1, 1, 1, 1]
	1430664	1314482	1389514	16	M	46	A		-1	4004.05869946	[0, 1, 1, 1, 1, 1, 1, 1, 1, 1, 1, 1]
	1399039	1394217	1310559	16	M	60	A		-1	4004.16869393	[1, 1, 1, 1, 1, 1, 1, 1, 1, 1, 1, 1]
	1481787	1316553	1382974	16	M	48	A		-1	4004.17987374	[1, 1, 1, 1, 1, 0, 1, 1, 1, 1, 1, 1]
	1437905	1314506	1381863	16	M	65	A		-1	4004.69601795	[1, 1, 1, 1, 1, 1, 1, 1, 1, 1, 1, 1]
	1453759	1314965	1319710	16	M	38	A		-1	4004.78982578	[1, 1, 1, 1, 1, 1, 1, 1, 1, 1, 1, 1]
	1405291	1314148	1306293	16	M	73	A		-1	4004.96565042	[1, 1, 1, 1, 1, 1, 1, 1, 1, 1, 1, 1]
	1484535	1316553	1377737	16	M	138	A		-1	4005.45181284	[1, 1, 1, 1, 1, 1, 1, 1, 1, 1, 1, 1]
	1493916	1316994	1370039	16	M	91	A		-1	4006.47229372	[1, 1, 1, 1, 1, 1, 1, 1, 1, 1, 1, 1]
	1459211	1315005	1300249	16	M	160	A		-1	4006.74817927	[1, 1, 1, 1, 1, 1, 1, 1, 1, 1, 1, 1]
	1409320	1314148	1358973	16	M	123	A		-1	4006.8323671	[1, 1, 1, 1, 1, 1, 1, 1, 1, 1, 1, 1]
	1446958	1314690	1329239	16	M	83	A		-1	4006.84629293	[1, 1, 1, 1, 1, 1, 1, 1, 1, 1, 1, 1]
	1481211	1316553	1358829	16	M	173	A		-1	4006.93708775	[1, 1, 1, 1, 1, 1, 1, 1, 1, 1, 1, 1]
	1424043	1314408	1385909	16	M	91	A		-1	4007.0234001	[1, 1, 1, 1, 1, 1, 1, 1, 1, 1, 1, 1]
	1486254	1316777	1198099	16	M	150	A		-1	4007.13875185	[1, 1, 1, 1, 1, 1, 1, 1, 1, 1, 1, 1]
	1492858	1316994	1278109	16	M	169	A		-1	4007.21189227	[1, 1, 1, 1, 1, 1, 1, 1, 1, 1, 1, 1]
	1411371	1314233	1254479	16	M	52	A		-1	4007.62798859	[1, 1, 1, 1, 1, 0, 1, 1, 1, 1, 1, 1]
	1479119	1320660	1329446	16	M	147	A		-1	4007.86287168	[1, 1, 1, 1, 1, 1, 1, 1, 1, 1, 1, 1]
	1403391	1315668	1332921	16	M	184	A		-1	4008.3854369	[1, 1, 1, 1, 1, 1, 1, 1, 1, 1, 1, 1]
	1452525	1314965	1235882	16	M	64	A		-1	4008.45390719	[1, 1, 1, 1, 1, 1, 1, 1, 1, 1, 1, 1]
	1442669	1314525	1295909	16	M	56	A		-1	4008.49851288	[1, 1, 1, 1, 1, 1, 1, 1, 1, 1, 1, 1]
	1426795	1314447	1335511	16	M	45	A		-1	4008.92579769	[1, 1, 1, 1, 1, 0, 1, 1, 1, 1, 1, 0]
	1476167	1320660	1327750	16	M	184	A		-1	4008.96257435	[1, 1, 1, 1, 1, 1, 1, 1, 1, 1, 1, 1]
	1431754	1314482	1331423	16	M	47	A		-1	4008.96350676	[1, 1, 1, 1, 1, 1, 1, 1, 1, 1, 1, 1]
	1342616	1236730	1232235	15	M	28	A		-1	4008.96978031	[1, 1, 1, 1, 1, 1, 1, 1, 1, 1, 1, 1]
	1425628	1314447	1336378	16	M	165	A		-1	4009.06464728	[1, 1, 1, 1, 1, 1, 1, 1, 1, 1, 1, 1]
	1462685	1315036	1379983	16	M	177	A		-1	4009.41431753	[1, 1, 1, 1, 1, 0, 1, 1, 1, 1, 1, 1]
	1358205	1237886	1184802	15	M	182	A		-1	4009.61145585	[1, 1, 1, 1, 1, 1, 1, 1, 1, 1, 1, 0]
	1468345	1315167	1330306	16	M	28	A		-1	4009.80843149	[1, 1, 1, 1, 1, 1, 1, 1, 1, 1, 1, 1]
	1424799	1314447	1363342	16	M	19	A		-1	4010.21411348	[1, 1, 1, 1, 1, 1, 1, 1, 1, 1, 1, 1]
	1384151	1238732	1017450	15	M	32	A		-1	4010.37765153	[1, 1, 1, 1, 1, 0, 1, 1, 1, 1, 1, 1]
	1469760	1315167	1378422	16	M	131	A		-1	4011.09405602	[1, 1, 1, 1, 1, 1, 1, 1, 1, 1, 1, 1]
	1446867	1314690	1306778	16	M	66	A		-1	4011.20709301	[1, 1, 1, 1, 1, 1, 1, 1, 1, 1, 1, 1]
	1422756	1314408	1251296	16	M	71	A		-1	4011.23490701	[1, 1, 1, 1, 1, 1, 1, 1, 1, 1, 1, 1]
	1493384	1316994	1394098	16	M	119	A		-1	4011.32107604	[1, 1, 1, 1, 1, 1, 1, 1, 1, 1, 1, 1]
	1487146	1316777	1123520	16	M	148	A		-1	4011.36203758	[1, 1, 1, 1, 1, 1, 1, 1, 1, 1, 1, 1]
	1469220	1315167	1365520	16	M	94	A		-1	4011.70416836	[1, 1, 1, 1, 1, 1, 1, 1, 1, 1, 1, 1]
	1311152	1235585	1206735	15	M	126	A		-1	4012.10866566	[1, 1, 1, 1, 1, 1, 1, 1, 1, 1, 1, 1]
	1433043	1314482	1252447	16	M	87	A		-1	4012.25834666	[1, 1, 1, 1, 1, 1, 1, 1, 1, 1, 1, 1]
	1478099	1320660	1392838	16	M	116	A		-1	4012.36099756	[1, 1, 1, 1, 1, 1, 1, 1, 1, 1, 1, 1]
	1395122	1394217	1354674	16	M	51	A		-1	4012.46527689	[1, 1, 1, 1, 1, 1, 1, 1, 1, 1, 1, 1]
	1422249	1314408	1258854	16	M	25	A		-1	4012.47828473	[1, 1, 1, 1, 1, 1, 1, 1, 1, 1, 1, 1]
	1442657	1314525	1270533	16	M	136	A		-1	4012.51256766	[1, 1, 1, 1, 1, 1, 1, 1, 1, 1, 1, 1]
	1427800	1314447	1360959	16	M	11	A		-1	4012.74482604	[1, 1, 1, 1, 1, 1, 1, 1, 1, 1, 1, 1]
	1422319	1314408	1275659	16	M	145	A		-1	4012.77784389	[1, 1, 1, 1, 1, 1, 1, 1, 1, 1, 1, 1]
	1472313	1316170	1308219	16	M	107	A		-1	4012.82254936	[1, 1, 1, 1, 1, 1, 1, 1, 1, 1, 1, 1]
	1454842	1315005	1371681	16	M	7	A		-1	4012.87611781	[1, 1, 1, 1, 1, 1, 1, 1, 1, 1, 1, 1]
	1410033	1314233	1342855	16	M	158	A		-1	4013.11998246	[1, 1, 1, 1, 1, 0, 1, 1, 1, 1, 1, 1]
	1409900	1314233	1328956	16	M	184	A		-1	4013.17089682	[1, 1, 1, 1, 1, 1, 1, 1, 1, 1, 1, 1]
	1438193	1314506	1250009	16	M	0	A		-1	4013.42545579	[1, 1, 1, 1, 1, 1, 1, 1, 1, 1, 1, 1]
	1334097	1236146	1266204	15	M	139	A		-1	4013.61625079	[1, 1, 1, 1, 1, 1, 1, 1, 1, 1, 1, 1]
	1395325	1394217	1342135	16	M	12	A		-1	4013.84582052	[1, 1, 1, 1, 1, 1, 1, 1, 1, 1, 1, 1]
	1447584	1314690	1295562	16	M	114	A		-1	4014.03221514	[1, 1, 1, 1, 1, 1, 1, 1, 1, 1, 1, 1]
	1252923	1125098	1131483	14	M	16	A		-1	4014.04345464	[1, 1, 1, 1, 1, 1, 1, 1, 1, 1, 1, 1]
	1488505	1316777	1333935	16	M	69	A		-1	4014.37982858	[1, 1, 1, 1, 1, 0, 1, 1, 1, 1, 1, 1]
	1430314	1314482	1328221	16	M	57	A		-1	4014.53040806	[1, 1, 1, 1, 1, 1, 1, 1, 1, 1, 1, 1]
	1428461	1314447	1363355	16	M	138	A		-1	4014.57096137	[1, 1, 1, 1, 1, 1, 1, 1, 1, 1, 1, 0]
	1410748	1314233	1255075	16	M	84	A		-1	4014.8822241	[1, 1, 1, 1, 1, 0, 1, 1, 1, 1, 1, 1]
	1461187	1315036	1312609	16	M	190	A		-1	4014.98010455	[1, 1, 1, 1, 1, 0, 1, 1, 1, 1, 1, 1]
	1432001	1314482	1337774	16	M	96	A		-1	4015.15313773	[1, 1, 1, 1, 1, 1, 1, 1, 1, 1, 1, 1]
	1470177	1316170	1387807	16	M	117	A		-1	4015.219336	[1, 1, 1, 1, 1, 1, 1, 1, 1, 1, 1, 1]
	1439516	1314506	1302594	16	M	104	A		-1	4015.32786431	[1, 1, 1, 1, 1, 1, 1, 1, 1, 1, 1, 1]
	1456739	1315005	1314215	16	M	47	A		-1	4015.85826909	[1, 1, 0, 1, 1, 1, 1, 1, 1, 1, 1, 1]
	1489437	1316777	1342909	16	M	95	A		-1	4016.42088738	[1, 1, 1, 1, 1, 0, 1, 1, 1, 1, 1, 1]
	1432069	1314482	1351853	16	M	150	A		-1	4016.46012311	[1, 1, 1, 1, 1, 1, 1, 1, 1, 1, 1, 1]
	1489468	1316777	1352681	16	M	149	A		-1	4016.62096906	[1, 1, 1, 1, 1, 0, 1, 1, 1, 1, 1, 1]
	1476627	1320660	1367848	16	M	98	A		-1	4016.85312278	[1, 1, 1, 1, 1, 1, 1, 1, 1, 1, 1, 1]
	1445230	1314690	1384626	16	M	68	A		-1	4017.25299525	[1, 1, 1, 1, 1, 1, 1, 1, 1, 1, 1, 1]
	1443651	1314525	1330496	16	M	60	A		-1	4017.37346347	[1, 1, 1, 1, 1, 1, 1, 1, 1, 1, 1, 0]
	1419773	1314370	1311667	16	M	41	A		-1	4017.75487286	[1, 1, 1, 1, 1, 0, 1, 1, 1, 1, 1, 1]
	1440467	1314525	1039547	16	M	91	A		-1	4018.32499903	[1, 1, 1, 1, 1, 1, 1, 1, 1, 1, 1, 1]
	1400732	1315668	1343591	16	M	190	A		-1	4018.83106022	[1, 1, 1, 1, 1, 1, 1, 1, 1, 1, 1, 1]
	1327408	1236142	1286036	15	M	186	A		-1	4018.84670187	[1, 1, 1, 1, 1, 1, 1, 1, 1, 1, 1, 1]
	1424332	1314408	1350164	16	M	173	A		-1	4019.14984695	[1, 1, 1, 1, 1, 1, 1, 1, 1, 1, 1, 1]
	1472032	1316170	1296432	16	M	177	A		-1	4019.16315454	[1, 1, 1, 1, 1, 1, 1, 1, 1, 1, 1, 1]
	1427213	1314447	1235017	16	M	85	A		-1	4019.1869912	[1, 1, 1, 1, 1, 1, 1, 1, 1, 1, 1, 0]
	1352253	1237818	1214870	15	M	157	A		-1	4019.51724203	[1, 1, 1, 1, 1, 1, 1, 1, 1, 1, 1, 1]
	1422845	1314408	1358629	16	M	197	A		-1	4019.53419516	[1, 1, 1, 1, 1, 1, 1, 1, 1, 1, 1, 1]
	1444533	1314525	1354491	16	M	197	A		-1	4019.8294947	[1, 1, 1, 1, 1, 1, 1, 1, 1, 1, 1, 1]
	1486389	1316777	1386803	16	M	143	A		-1	4020.17765109	[0, 1, 1, 1, 1, 1, 1, 1, 1, 1, 1, 1]
	1454391	1314965	1250667	16	M	44	A		-1	4020.24860441	[1, 1, 1, 1, 1, 1, 1, 1, 1, 1, 1, 1]
	1401210	1315668	1306447	16	M	166	A		-1	4020.2671548	[1, 1, 1, 1, 1, 1, 1, 1, 1, 1, 1, 1]
	1437014	1314506	1385361	16	M	36	A		-1	4020.37869873	[1, 1, 1, 1, 1, 1, 1, 1, 1, 1, 1, 1]
	1468838	1315167	1308484	16	M	91	A		-1	4020.42587873	[1, 1, 1, 1, 1, 1, 1, 1, 1, 1, 1, 1]
	1487507	1316777	1298487	16	M	148	A		-1	4021.57601747	[1, 1, 1, 1, 1, 1, 1, 1, 1, 1, 1, 1]
	1493029	1316994	1326239	16	M	33	A		-1	4021.78277685	[1, 1, 1, 1, 1, 1, 1, 1, 1, 1, 1, 1]
	1410797	1314233	1374118	16	M	18	A		-1	4022.02949322	[1, 1, 1, 1, 1, 1, 1, 1, 1, 1, 1, 1]
	1443731	1314525	1298273	16	M	184	A		-1	4022.2473499	[1, 1, 1, 1, 1, 1, 1, 1, 1, 1, 1, 1]
	1490972	1316994	1355289	16	M	22	A		-1	4022.64153953	[1, 1, 1, 1, 1, 1, 1, 1, 1, 1, 1, 1]
	1461182	1315036	1304231	16	M	94	A		-1	4022.67413533	[1, 1, 1, 1, 1, 1, 1, 1, 1, 1, 1, 1]
	1411533	1314233	1366075	16	M	76	A		-1	4022.79144125	[1, 1, 1, 1, 1, 0, 1, 1, 1, 1, 1, 1]
	1457417	1315005	1269072	16	M	177	A		-1	4022.96440718	[1, 1, 0, 1, 1, 1, 1, 1, 1, 1, 1, 1]
	1467714	1315167	1372461	16	M	134	A		-1	4023.11851465	[1, 1, 1, 1, 1, 1, 1, 1, 1, 1, 1, 0]
	1488580	1316777	1311824	16	M	88	A		-1	4023.1501351	[1, 1, 1, 1, 1, 1, 1, 1, 1, 1, 1, 1]
	1371364	1238684	1279640	15	M	139	A		-1	4023.68586263	[1, 1, 1, 1, 1, 1, 1, 1, 1, 1, 1, 1]
	1412191	1314233	1264440	16	M	171	A		-1	4023.7627086	[1, 1, 1, 1, 1, 1, 1, 1, 1, 1, 1, 1]
	1423120	1314408	1370655	16	M	0	A		-1	4024.64830586	[1, 1, 1, 1, 1, 1, 1, 1, 1, 1, 1, 1]
	1399612	1394217	1294931	16	M	68	A		-1	4024.97201223	[1, 1, 1, 1, 1, 1, 1, 1, 1, 1, 1, 1]
	1419816	1314408	1119154	16	M	68	A		-1	4025.05372566	[1, 1, 1, 1, 1, 1, 1, 1, 1, 1, 1, 1]
	1485342	1316777	1261912	16	M	189	A		-1	4025.12681053	[1, 1, 1, 1, 1, 1, 1, 1, 1, 1, 1, 1]
	1474087	1316170	1247750	16	M	51	A		-1	4025.25051077	[1, 1, 1, 1, 1, 1, 1, 1, 1, 1, 1, 1]
	1449910	1314965	1372983	16	M	6	A		-1	4025.2998657	[1, 1, 1, 1, 1, 1, 1, 1, 1, 1, 1, 1]
	1452997	1314965	1314951	16	M	196	A		-1	4025.44495773	[1, 1, 1, 1, 1, 1, 1, 1, 1, 1, 1, 1]
	1426861	1314447	1274944	16	M	12	A		-1	4025.64642007	[1, 1, 1, 1, 1, 1, 1, 1, 1, 1, 1, 0]
	1454375	1314965	1349165	16	M	164	A		-1	4026.25696992	[1, 1, 1, 1, 1, 1, 1, 1, 1, 1, 1, 1]
	1441874	1314525	1349922	16	M	5	A		-1	4026.42520227	[1, 1, 1, 1, 1, 1, 1, 1, 1, 1, 1, 1]
	1414996	1314370	1320260	16	M	107	A		-1	4026.4813353	[1, 1, 1, 1, 1, 1, 1, 1, 1, 1, 1, 1]
	1445791	1314690	1327016	16	M	94	A		-1	4026.6642361	[1, 1, 1, 1, 1, 0, 1, 1, 1, 1, 1, 1]
	1473940	1316170	1391050	16	M	27	A		-1	4026.75344566	[1, 1, 1, 1, 1, 1, 1, 1, 1, 1, 1, 1]
	1466210	1315167	1322580	16	M	106	A		-1	4026.94446649	[1, 1, 1, 1, 1, 1, 1, 1, 1, 1, 1, 1]
	1418604	1314370	1375687	16	M	82	A		-1	4027.21911804	[1, 1, 1, 1, 1, 1, 1, 1, 1, 1, 1, 1]
	1463002	1315036	1300709	16	M	32	A		-1	4027.5726295	[1, 1, 1, 1, 1, 1, 1, 1, 1, 1, 1, 1]
	1414530	1314233	1197952	16	M	53	A		-1	4027.59527763	[1, 1, 1, 1, 1, 0, 1, 1, 1, 1, 1, 1]
	1465307	1315167	1362533	16	M	166	A		-1	4027.97277959	[1, 1, 1, 1, 1, 1, 1, 1, 1, 1, 1, 1]
	1437001	1314506	1275619	16	M	139	A		-1	4028.0488298	[1, 1, 1, 1, 1, 1, 1, 1, 1, 1, 1, 1]
	1478029	1320660	1308506	16	M	11	A		-1	4028.12904391	[1, 1, 1, 1, 1, 1, 1, 1, 1, 1, 1, 1]
	1475126	1320660	1188506	16	M	138	A		-1	4028.23439337	[1, 1, 1, 1, 1, 1, 1, 1, 1, 1, 1, 1]
	1481813	1316553	1236603	16	M	52	A		-1	4028.28532204	[1, 1, 1, 1, 1, 1, 1, 1, 1, 1, 1, 1]
	1427651	1314447	1369111	16	M	161	A		-1	4028.6898191	[1, 1, 1, 1, 1, 1, 1, 1, 1, 1, 1, 0]
	1400601	1315668	1320424	16	M	158	A		-1	4029.00216307	[1, 1, 1, 1, 1, 1, 1, 1, 1, 1, 1, 1]
	1328997	1236142	1272770	15	M	139	A		-1	4029.16752857	[1, 1, 1, 1, 1, 1, 1, 1, 1, 1, 1, 1]
	1405823	1314148	1344880	16	M	86	A		-1	4029.42406263	[1, 1, 1, 1, 1, 1, 1, 1, 1, 1, 1, 1]
	1408314	1314148	1308071	16	M	53	A		-1	4029.48833365	[1, 1, 1, 1, 1, 0, 1, 1, 1, 1, 1, 1]
	1449351	1314690	1360571	16	M	174	A		-1	4029.49443938	[1, 1, 1, 1, 1, 1, 1, 1, 1, 1, 1, 1]
	1429083	1314447	1251104	16	M	68	A		-1	4029.59610362	[1, 1, 1, 1, 1, 1, 1, 1, 1, 1, 1, 1]
	1458388	1315005	1354492	16	M	148	A		-1	4029.89219607	[1, 1, 1, 1, 1, 1, 1, 1, 1, 1, 1, 1]
	1311522	1235585	1205638	15	M	158	A		-1	4030.56568603	[1, 1, 1, 1, 1, 0, 1, 1, 1, 1, 1, 1]
	1426196	1314447	1311213	16	M	199	A		-1	4030.57252453	[1, 1, 1, 1, 1, 1, 1, 1, 1, 1, 1, 1]
	1455226	1315005	1357102	16	M	43	A		-1	4030.65711871	[1, 1, 0, 1, 1, 1, 1, 1, 1, 1, 1, 1]
	1448850	1314690	1284814	16	M	27	A		-1	4030.85073878	[1, 1, 1, 1, 1, 1, 1, 1, 1, 1, 1, 1]
	1423745	1314408	1235805	16	M	75	A		-1	4030.94890547	[1, 1, 1, 1, 1, 1, 1, 1, 1, 1, 1, 1]
	1409142	1314148	1228857	16	M	84	A		-1	4030.9553159	[1, 1, 1, 1, 1, 0, 1, 1, 1, 1, 1, 1]
	1429006	1314447	1295474	16	M	151	A		-1	4031.20752651	[1, 1, 1, 1, 1, 1, 1, 1, 1, 1, 1, 1]
	1406866	1314148	1378656	16	M	20	A		-1	4031.25057386	[1, 1, 1, 1, 1, 1, 1, 1, 1, 1, 1, 1]
	1396140	1394217	1328043	16	M	52	A		-1	4031.36277104	[1, 1, 1, 1, 1, 1, 1, 1, 1, 1, 1, 1]
	1456476	1315005	1391541	16	M	6	A		-1	4031.65955175	[1, 1, 0, 1, 1, 1, 1, 1, 1, 1, 1, 1]
	1304543	1238539	1205083	15	M	106	A		-1	4031.68622843	[1, 1, 1, 1, 1, 1, 1, 1, 1, 1, 1, 1]
	1446539	1314690	1313790	16	M	96	A		-1	4031.92756742	[1, 1, 1, 1, 1, 0, 1, 1, 1, 1, 1, 1]
	1414923	1314370	1320914	16	M	117	A		-1	4032.4317394	[1, 1, 1, 1, 1, 1, 1, 1, 1, 1, 1, 1]
	1483817	1316553	1296401	16	M	61	A		-1	4032.75243981	[1, 1, 1, 1, 1, 1, 1, 1, 1, 1, 1, 1]
	1459346	1315005	1341481	16	M	119	A		-1	4033.71236903	[1, 1, 0, 1, 1, 1, 1, 1, 1, 1, 1, 1]
	1250904	1125098	1190016	14	M	139	A		-1	4033.8397656	[1, 1, 1, 1, 1, 1, 1, 1, 1, 1, 1, 1]
	1486245	1316777	1341561	16	M	3	A		-1	4033.856778	[1, 1, 1, 1, 1, 1, 1, 1, 1, 1, 1, 1]
	1487419	1316777	1322812	16	M	7	A		-1	4033.86928532	[1, 1, 1, 1, 1, 1, 1, 1, 1, 1, 1, 1]
	1444829	1314690	1291896	16	M	113	A		-1	4033.90937939	[1, 1, 1, 1, 1, 1, 1, 1, 1, 1, 1, 1]
	1455795	1315005	1323499	16	M	111	A		-1	4033.95841904	[1, 1, 1, 1, 1, 1, 1, 1, 1, 1, 1, 1]
	1412395	1314233	1373262	16	M	191	A		-1	4034.24938575	[1, 1, 1, 1, 1, 0, 1, 1, 1, 1, 1, 1]
	1418468	1314370	1350695	16	M	60	A		-1	4034.87073464	[1, 1, 1, 1, 1, 1, 1, 1, 1, 1, 1, 1]
	1406373	1314148	1371579	16	M	110	A		-1	4034.94413721	[1, 1, 1, 1, 1, 1, 1, 1, 1, 1, 1, 1]
	1456130	1315005	1327509	16	M	155	A		-1	4035.50032334	[1, 1, 1, 1, 1, 1, 1, 1, 1, 1, 1, 1]
	1340149	1236730	1251286	15	M	145	A		-1	4035.51466949	[1, 1, 1, 1, 1, 1, 1, 1, 1, 1, 1, 1]
	1465424	1315167	1364840	16	M	179	A		-1	4035.68660757	[1, 1, 1, 1, 1, 1, 1, 1, 1, 1, 1, 1]
	1472249	1316170	1392085	16	M	58	A		-1	4036.0459922	[1, 1, 1, 1, 1, 1, 1, 1, 1, 1, 1, 1]
	1482323	1316553	1256418	16	M	164	A		-1	4036.22218	[1, 1, 1, 1, 1, 1, 1, 1, 1, 1, 1, 1]
	1453739	1314965	1312808	16	M	20	A		-1	4036.49053478	[1, 1, 1, 1, 1, 1, 1, 1, 1, 1, 1, 1]
	1461230	1315036	1359862	16	M	184	A		-1	4036.82495511	[1, 1, 1, 1, 1, 1, 1, 1, 1, 1, 1, 1]
	1420829	1314408	1321142	16	M	50	A		-1	4037.0130485	[1, 1, 1, 1, 1, 1, 1, 1, 1, 1, 1, 1]
	1422992	1314408	1329524	16	M	76	A		-1	4037.15659381	[1, 1, 1, 1, 1, 1, 1, 1, 1, 1, 1, 1]
	1419441	1314370	1343304	16	M	128	A		-1	4037.45416581	[1, 1, 1, 1, 1, 0, 1, 1, 1, 1, 1, 1]
	1413835	1314233	1226844	16	M	169	A		-1	4037.53861538	[1, 1, 1, 1, 1, 0, 1, 1, 1, 1, 1, 1]
	1466662	1315167	1286951	16	M	78	A		-1	4037.61630597	[1, 1, 1, 1, 1, 1, 1, 1, 1, 1, 1, 1]
	1472518	1316170	1274956	16	M	80	A		-1	4037.82722868	[1, 1, 1, 1, 1, 1, 1, 1, 1, 1, 1, 1]
	1472583	1316170	1299647	16	M	62	A		-1	4037.91506264	[1, 1, 1, 1, 1, 1, 1, 1, 1, 1, 1, 0]
	1441986	1314525	1339776	16	M	166	A		-1	4038.46038697	[1, 1, 1, 1, 1, 1, 1, 1, 1, 1, 1, 1]
	1409521	1314148	1276232	16	M	48	A		-1	4038.50454308	[1, 1, 1, 1, 1, 1, 1, 1, 1, 1, 1, 1]
	1453684	1314965	1356487	16	M	191	A		-1	4038.56594618	[1, 1, 1, 1, 1, 1, 1, 1, 1, 1, 1, 1]
	1414189	1314233	1316469	16	M	32	A		-1	4038.80456995	[1, 1, 1, 1, 1, 0, 1, 1, 1, 1, 1, 1]
	1417188	1314370	1371946	16	M	55	A		-1	4038.84390344	[1, 1, 1, 1, 1, 1, 1, 1, 1, 1, 1, 1]
	1485851	1316777	1289361	16	M	10	A		-1	4039.0052833	[1, 1, 1, 1, 1, 1, 1, 1, 1, 1, 1, 1]
	1468325	1315167	1238718	16	M	176	A		-1	4039.01958867	[1, 1, 1, 1, 1, 1, 1, 1, 1, 1, 1, 1]
	1426459	1314447	1300411	16	M	129	A		-1	4039.06320908	[1, 1, 1, 1, 1, 1, 1, 1, 1, 1, 1, 1]
	1487524	1316777	1387331	16	M	153	A		-1	4039.17469482	[1, 1, 1, 1, 1, 1, 1, 1, 1, 1, 1, 1]
	1427524	1314447	1329161	16	M	129	A		-1	4040.03348638	[1, 1, 1, 1, 1, 1, 1, 1, 1, 1, 1, 1]
	1360244	1238017	1142262	15	M	101	A		-1	4040.07991816	[1, 1, 1, 1, 1, 1, 1, 1, 1, 1, 1, 1]
	1480980	1316553	1341370	16	M	9	A		-1	4040.31128374	[1, 1, 1, 1, 1, 1, 1, 1, 1, 1, 1, 1]
	1405143	1314148	1383920	16	M	43	A		-1	4040.40942406	[1, 1, 1, 1, 1, 0, 1, 1, 1, 1, 1, 1]
	1454177	1314965	1362551	16	M	37	A		-1	4040.64485425	[1, 1, 1, 1, 1, 1, 1, 1, 1, 1, 1, 1]
	1460500	1315036	1373268	16	M	118	A		-1	4040.88061287	[1, 1, 1, 1, 1, 1, 1, 1, 1, 1, 1, 1]
	1459839	1315036	1366536	16	M	152	A		-1	4040.96350555	[1, 1, 1, 1, 1, 1, 1, 1, 1, 1, 1, 1]
	1456772	1315005	1325492	16	M	92	A		-1	4041.02369515	[1, 1, 0, 1, 1, 1, 1, 1, 1, 1, 1, 1]
	1487057	1316777	1300083	16	M	195	A		-1	4041.05486198	[1, 1, 1, 1, 1, 1, 1, 1, 1, 1, 1, 1]
	1455274	1315005	1309745	16	M	143	A		-1	4041.15895094	[1, 1, 1, 1, 1, 1, 1, 1, 1, 1, 1, 1]
	1493266	1316994	1267692	16	M	26	A		-1	4041.47620126	[1, 1, 1, 1, 1, 1, 1, 1, 1, 1, 1, 1]
	1448716	1314690	1303981	16	M	166	A		-1	4041.85553894	[1, 1, 1, 1, 1, 1, 1, 1, 1, 1, 1, 1]
	1412452	1314233	1334998	16	M	151	A		-1	4042.06572271	[1, 1, 1, 1, 1, 0, 1, 1, 1, 1, 1, 1]
	1445996	1314690	1356414	16	M	137	A		-1	4042.11210489	[1, 1, 1, 1, 1, 1, 1, 1, 1, 1, 1, 1]
	1397481	1394217	1359469	16	M	87	A		-1	4042.13710006	[1, 1, 1, 1, 1, 1, 1, 1, 1, 1, 1, 1]
	1445535	1314690	1283488	16	M	185	A		-1	4042.2644196	[1, 1, 1, 1, 1, 1, 1, 1, 1, 1, 1, 1]
	1494494	1316994	1317242	16	M	35	A		-1	4042.98180678	[1, 1, 1, 1, 1, 1, 1, 1, 1, 1, 1, 1]
	1407598	1314148	1368052	16	M	48	A		-1	4042.98214922	[1, 1, 1, 1, 1, 1, 1, 1, 1, 1, 1, 1]
	1417900	1314370	1273602	16	M	121	A		-1	4043.01757552	[1, 1, 1, 1, 1, 0, 1, 1, 1, 1, 1, 1]
	1473842	1316170	1385703	16	M	45	A		-1	4043.34154379	[1, 1, 0, 1, 1, 1, 1, 1, 1, 1, 1, 1]
	1473723	1316170	1392889	16	M	89	A		-1	4043.69806761	[1, 1, 1, 1, 1, 1, 1, 1, 1, 1, 1, 1]
	1320522	1235937	1287004	15	M	46	A		-1	4044.21020299	[1, 1, 1, 1, 1, 1, 1, 1, 1, 1, 1, 1]
	1312734	1235585	1254649	15	M	156	A		-1	4044.51199128	[1, 1, 1, 1, 1, 0, 1, 1, 1, 1, 1, 1]
	1414878	1314370	1357267	16	M	187	A		-1	4044.63678003	[1, 1, 1, 1, 1, 0, 1, 1, 1, 1, 1, 1]
	1443649	1314525	1309849	16	M	197	A		-1	4044.65632763	[1, 1, 1, 1, 1, 1, 1, 1, 1, 1, 1, 1]
	1489576	1316777	1308378	16	M	151	A		-1	4045.00220962	[1, 1, 1, 1, 1, 1, 1, 1, 1, 1, 1, 1]
	1455010	1315005	1377609	16	M	63	A		-1	4045.99988385	[1, 1, 0, 1, 1, 1, 1, 1, 1, 1, 1, 1]
	1485738	1316777	1303591	16	M	133	A		-1	4046.61847944	[1, 1, 1, 1, 1, 0, 1, 1, 1, 1, 1, 1]
	1421186	1314408	1329162	16	M	105	A		-1	4047.13506742	[1, 1, 1, 1, 1, 1, 1, 1, 1, 1, 1, 1]
	1472805	1316170	1288876	16	M	42	A		-1	4047.21538295	[1, 1, 1, 1, 1, 1, 1, 1, 1, 1, 1, 1]
	1466398	1315167	1374368	16	M	163	A		-1	4047.34164905	[1, 1, 1, 1, 1, 1, 1, 1, 1, 1, 1, 1]
	1490793	1316994	1241163	16	M	131	A		-1	4047.52426419	[1, 1, 1, 1, 1, 1, 1, 1, 1, 1, 1, 1]
	1416749	1314370	1328454	16	M	61	A		-1	4047.63173137	[1, 1, 1, 1, 1, 1, 1, 1, 1, 1, 1, 1]
	1425289	1314447	1372475	16	M	126	A		-1	4047.66873282	[1, 1, 1, 1, 1, 1, 1, 1, 1, 1, 1, 0]
	1374336	1238684	1223274	15	M	74	A		-1	4048.00343452	[1, 1, 1, 1, 1, 1, 1, 1, 1, 1, 1, 1]
	1417004	1314370	1361120	16	M	48	A		-1	4048.12625406	[1, 1, 1, 1, 1, 1, 1, 1, 1, 1, 1, 1]
	1450496	1314965	1318459	16	M	111	A		-1	4048.54583725	[1, 1, 1, 1, 1, 1, 1, 1, 1, 1, 1, 1]
	1428146	1314447	1374112	16	M	169	A		-1	4048.55943075	[1, 1, 1, 1, 1, 1, 1, 1, 1, 1, 1, 0]
	1490217	1316994	1384507	16	M	18	A		-1	4049.07723496	[1, 1, 1, 1, 1, 1, 1, 1, 1, 1, 1, 0]
	1457482	1315005	1166220	16	M	141	A		-1	4049.15174386	[1, 1, 1, 1, 1, 1, 1, 1, 1, 1, 1, 1]
	1412577	1314233	1351540	16	M	48	A		-1	4049.78701371	[1, 1, 1, 1, 1, 0, 1, 1, 1, 1, 1, 1]
	1494265	1316994	1361516	16	M	111	A		-1	4049.83813626	[1, 1, 1, 1, 1, 1, 1, 1, 1, 1, 1, 1]
	1403084	1315668	1329513	16	M	126	A		-1	4049.92262587	[1, 1, 1, 1, 1, 1, 1, 1, 1, 1, 1, 1]
	1469490	1315167	1326333	16	M	101	A		-1	4050.05631996	[1, 1, 1, 1, 1, 1, 1, 1, 1, 1, 1, 1]
	1442277	1314525	1215879	16	M	18	A		-1	4050.23874108	[1, 1, 1, 1, 1, 1, 1, 1, 1, 1, 1, 1]
	1469912	1316170	1332561	16	M	197	A		-1	4051.15888356	[1, 1, 1, 1, 1, 1, 1, 1, 1, 1, 1, 1]
	1417568	1314370	1239600	16	M	96	A		-1	4051.16270867	[1, 1, 1, 1, 1, 0, 1, 1, 1, 1, 1, 1]
	1418348	1314370	1359450	16	M	27	A		-1	4051.2675905	[1, 1, 1, 1, 1, 0, 1, 1, 1, 1, 1, 0]
	1437380	1314506	1318390	16	M	5	A		-1	4051.39015514	[1, 1, 1, 1, 1, 1, 1, 1, 1, 1, 1, 1]
	1416439	1314370	1347634	16	M	23	A		-1	4051.60645606	[1, 1, 1, 1, 1, 0, 1, 1, 1, 1, 1, 0]
	1402496	1315668	1392820	16	M	119	A		-1	4051.6140969	[1, 1, 1, 1, 1, 1, 1, 1, 1, 1, 1, 1]
	1437289	1314506	1354411	16	M	14	A		-1	4052.28593593	[1, 1, 1, 1, 1, 1, 1, 1, 1, 1, 1, 1]
	1412780	1314233	1354189	16	M	64	A		-1	4052.29230283	[1, 1, 1, 1, 1, 1, 1, 1, 1, 1, 1, 1]
	1288647	1125445	1144125	14	M	150	A		-1	4052.50458652	[1, 1, 1, 1, 1, 1, 1, 1, 1, 1, 1, 1]
	1330269	1236146	1224243	15	M	86	A		-1	4052.81342191	[1, 1, 1, 1, 1, 1, 1, 1, 1, 1, 1, 1]
	1442006	1314525	1394082	16	M	71	A		-1	4052.90134584	[1, 1, 1, 1, 1, 1, 1, 1, 1, 1, 1, 1]
	1485233	1316777	1384337	16	M	9	A		-1	4053.29464291	[1, 1, 1, 1, 1, 0, 1, 1, 1, 1, 1, 1]
	1460151	1315036	1378816	16	M	38	A		-1	4053.40469348	[1, 1, 1, 1, 1, 1, 1, 1, 1, 1, 1, 1]
	1419023	1314370	1384738	16	M	115	A		-1	4054.19847149	[1, 1, 1, 1, 1, 0, 1, 1, 1, 1, 1, 1]
	1471320	1316170	1333835	16	M	104	A		-1	4054.26503547	[1, 1, 1, 1, 1, 1, 1, 1, 1, 1, 1, 1]
	1438386	1314506	1360177	16	M	134	A		-1	4054.42513814	[1, 1, 1, 1, 1, 1, 1, 1, 1, 1, 1, 1]
	1419374	1314370	1391231	16	M	175	A		-1	4054.50967557	[1, 1, 1, 1, 1, 1, 1, 1, 1, 1, 1, 1]
	1403574	1315668	1367544	16	M	70	A		-1	4055.15457115	[1, 1, 1, 1, 1, 1, 1, 1, 1, 1, 1, 1]
	1408586	1314148	1320037	16	M	57	A		-1	4055.89487901	[1, 1, 1, 1, 1, 1, 1, 1, 1, 1, 1, 1]
	1411806	1314233	1371905	16	M	167	A		-1	4055.94199992	[1, 1, 1, 1, 1, 1, 1, 1, 1, 1, 1, 1]
	1459623	1315005	1356335	16	M	8	A		-1	4056.24850951	[1, 1, 0, 1, 1, 1, 1, 1, 1, 1, 1, 1]
	1493612	1316994	1288781	16	M	200	A		-1	4056.80257722	[1, 1, 1, 1, 1, 1, 1, 1, 1, 1, 1, 1]
	1460361	1315036	1390408	16	M	71	A		-1	4057.02346353	[1, 1, 1, 1, 1, 1, 1, 1, 1, 1, 1, 1]
	1438623	1314506	1312821	16	M	165	A		-1	4058.71198731	[1, 1, 1, 1, 1, 1, 1, 1, 1, 1, 1, 1]
	1465561	1315167	1315654	16	M	192	A		-1	4059.61746582	[1, 1, 1, 1, 1, 1, 1, 1, 1, 1, 1, 1]
	1400841	1315668	1394737	16	M	149	A		-1	4060.35634929	[1, 1, 1, 1, 1, 1, 1, 1, 1, 1, 1, 1]
	1465360	1315167	1374018	16	M	181	A		-1	4061.33876557	[1, 1, 1, 1, 1, 1, 1, 1, 1, 1, 1, 1]
	1469008	1315167	1271912	16	M	55	A		-1	4061.57882955	[1, 1, 1, 1, 1, 1, 1, 1, 1, 1, 1, 1]
	1432289	1314482	1312845	16	M	122	A		-1	4061.59316472	[1, 1, 1, 1, 1, 0, 1, 1, 1, 1, 1, 1]
	1493209	1316994	1370287	16	M	186	A		-1	4061.86808085	[1, 1, 1, 1, 1, 1, 1, 1, 1, 1, 1, 1]
	1412014	1314233	1254944	16	M	143	A		-1	4061.87964032	[1, 1, 1, 1, 1, 1, 1, 1, 1, 1, 1, 1]
	1472806	1316170	1389460	16	M	31	A		-1	4062.28584684	[1, 1, 1, 1, 1, 1, 1, 1, 1, 1, 1, 1]
	1433344	1314482	1313697	16	M	169	A		-1	4062.71801749	[1, 1, 1, 1, 1, 1, 1, 1, 1, 1, 1, 1]
	1418621	1314370	1326381	16	M	85	A		-1	4063.08605742	[1, 1, 1, 1, 1, 1, 1, 1, 1, 1, 1, 1]
	1461425	1315036	1120536	16	M	31	A		-1	4063.28694248	[1, 1, 1, 1, 1, 1, 1, 1, 1, 1, 1, 1]
	1409948	1314233	1334948	16	M	28	A		-1	4063.74298578	[1, 1, 1, 1, 1, 1, 1, 1, 1, 1, 1, 1]
	1484901	1316777	1343270	16	M	25	A		-1	4063.80195452	[1, 1, 1, 1, 1, 0, 1, 1, 1, 1, 1, 1]
	1310674	1235585	1098906	15	M	31	A		-1	4063.84375512	[1, 1, 1, 1, 1, 1, 1, 1, 1, 1, 1, 1]
	1400752	1315668	1325572	16	M	75	A		-1	4064.58036518	[1, 1, 1, 1, 1, 1, 1, 1, 1, 1, 1, 1]
	1353448	1237818	1176150	15	M	43	A		-1	4065.17624722	[1, 1, 1, 1, 1, 1, 1, 1, 1, 1, 1, 1]
	1421216	1314408	1316790	16	M	139	A		-1	4065.66370627	[1, 1, 1, 1, 1, 1, 1, 1, 1, 1, 1, 1]
	1330071	1236146	1216906	15	M	5	A		-1	4066.20309026	[1, 1, 1, 1, 1, 1, 1, 1, 1, 1, 1, 1]
	1470077	1316170	1318277	16	M	116	A		-1	4066.33405935	[1, 1, 1, 1, 1, 1, 1, 1, 1, 1, 1, 1]
	1252076	1125098	1127022	14	M	130	A		-1	4066.67193793	[1, 1, 1, 1, 1, 1, 1, 1, 1, 1, 1, 1]
	1458718	1315005	1324902	16	M	18	A		-1	4066.86281546	[1, 1, 1, 1, 1, 1, 1, 1, 1, 1, 1, 1]
	1430589	1314482	1318757	16	M	15	A		-1	4066.90960582	[1, 1, 1, 1, 1, 1, 1, 1, 1, 1, 1, 1]
	1427018	1314447	1301375	16	M	79	A		-1	4067.31145678	[1, 1, 1, 1, 1, 1, 1, 1, 1, 1, 1, 0]
	1384137	1238732	1242460	15	M	124	A		-1	4067.39424997	[1, 1, 1, 1, 1, 1, 1, 1, 1, 1, 1, 1]
	1433905	1314482	1270765	16	M	0	A		-1	4068.41719613	[1, 1, 1, 1, 1, 1, 1, 1, 1, 1, 1, 1]
	1438268	1314506	1311542	16	M	112	A		-1	4069.0380264	[1, 1, 1, 1, 1, 1, 1, 1, 1, 1, 1, 1]
	1371266	1238684	1198056	15	M	47	A		-1	4070.45193481	[1, 1, 1, 1, 1, 1, 1, 1, 1, 1, 1, 1]
	1426974	1314447	1361707	16	M	19	A		-1	4070.76543289	[1, 1, 1, 1, 1, 1, 1, 1, 1, 1, 1, 1]
	1456389	1315005	1317603	16	M	148	A		-1	4070.88447605	[1, 1, 0, 1, 1, 1, 1, 1, 1, 1, 1, 1]
	1442262	1314525	1386525	16	M	117	A		-1	4071.03449549	[1, 1, 1, 1, 1, 1, 1, 1, 1, 1, 1, 1]
	1473200	1316170	1331521	16	M	59	A		-1	4071.60848154	[1, 1, 1, 1, 1, 1, 1, 1, 1, 1, 1, 1]
	1343089	1236730	1224343	15	M	27	A		-1	4071.79502256	[1, 1, 1, 1, 1, 1, 1, 1, 1, 1, 1, 1]
	1413449	1314233	1355262	16	M	162	A		-1	4071.85224692	[1, 1, 1, 1, 1, 1, 1, 1, 1, 1, 1, 1]
	1437074	1314506	1134405	16	M	195	A		-1	4071.91994523	[1, 1, 1, 1, 1, 1, 1, 1, 1, 1, 1, 1]
	1413523	1314233	1370907	16	M	198	A		-1	4071.95752717	[1, 1, 1, 1, 1, 0, 1, 1, 1, 1, 1, 1]
	1473246	1316170	1325372	16	M	52	A		-1	4072.18046443	[1, 1, 1, 1, 1, 1, 1, 1, 1, 1, 1, 1]
	1471694	1316170	1216346	16	M	92	A		-1	4073.01762631	[1, 1, 1, 1, 1, 1, 1, 1, 1, 1, 1, 1]
	1470193	1316170	1348918	16	M	12	A		-1	4073.03963809	[1, 1, 1, 1, 1, 1, 1, 1, 1, 1, 1, 0]
	1403933	1315668	1363151	16	M	157	A		-1	4073.76412307	[1, 1, 1, 1, 1, 1, 1, 1, 1, 1, 1, 1]
	1403309	1315668	1372809	16	M	151	A		-1	4074.02255185	[1, 1, 1, 1, 1, 0, 1, 1, 1, 1, 1, 1]
	1251368	1125098	1180105	14	M	124	A		-1	4075.85792813	[1, 1, 1, 1, 1, 1, 1, 1, 1, 1, 1, 1]
	1426611	1314447	1356396	16	M	128	A		-1	4075.95731975	[1, 1, 1, 1, 1, 1, 1, 1, 1, 1, 1, 0]
	1398438	1394217	1319102	16	M	74	A		-1	4076.06343816	[1, 1, 1, 1, 1, 1, 1, 1, 1, 1, 1, 1]
	1488843	1316777	1303353	16	M	39	A		-1	4077.25155876	[1, 1, 1, 1, 1, 1, 1, 1, 1, 1, 1, 1]
	1439423	1314506	1320756	16	M	54	A		-1	4077.36979342	[1, 1, 1, 1, 1, 1, 1, 1, 1, 1, 1, 1]
	1434680	1314482	1384970	16	M	156	A		-1	4077.6070621	[1, 1, 1, 1, 1, 1, 1, 1, 1, 1, 1, 1]
	1406527	1314148	1383728	16	M	114	A		-1	4077.82976528	[1, 1, 1, 1, 1, 1, 1, 1, 1, 1, 1, 1]
	1494466	1316994	1343386	16	M	129	A		-1	4078.0178749	[1, 1, 1, 1, 1, 1, 1, 1, 1, 1, 1, 1]
	1392607	1238767	1211184	15	M	176	A		-1	4078.11472197	[1, 1, 1, 1, 1, 1, 1, 1, 1, 1, 1, 1]
	1457608	1315005	1349717	16	M	199	A		-1	4078.87864278	[1, 1, 0, 1, 1, 1, 1, 1, 1, 1, 1, 1]
	1415866	1314370	1343905	16	M	19	A		-1	4080.24056228	[1, 1, 1, 1, 1, 0, 1, 1, 1, 1, 1, 1]
	1353008	1237818	1294188	15	M	83	A		-1	4080.58458845	[1, 1, 1, 1, 1, 1, 1, 1, 1, 1, 1, 1]
	1374642	1238684	1294473	15	M	83	A		-1	4080.84968995	[1, 1, 1, 1, 1, 1, 1, 1, 1, 1, 1, 1]
	1435360	1314506	1358228	16	M	98	A		-1	4082.42831148	[1, 1, 1, 1, 1, 1, 1, 1, 1, 1, 1, 1]
	1457600	1315005	1362889	16	M	139	A		-1	4082.43533357	[1, 1, 0, 1, 1, 1, 1, 1, 1, 1, 1, 1]
	1404377	1315668	1351706	16	M	18	A		-1	4083.59950501	[1, 1, 1, 1, 1, 1, 1, 1, 1, 1, 1, 1]
	1412006	1314233	1301404	16	M	2	A		-1	4083.66582529	[1, 1, 1, 1, 1, 0, 1, 1, 1, 1, 1, 1]
	1435901	1314506	1326197	16	M	179	A		-1	4084.85262594	[1, 1, 1, 1, 1, 1, 1, 1, 1, 1, 1, 1]
	1441499	1314525	1385639	16	M	87	A		-1	4085.38574981	[0, 1, 1, 1, 1, 1, 1, 1, 1, 1, 1, 1]
	1405703	1314148	1341043	16	M	157	A		-1	4086.82274389	[1, 1, 1, 1, 1, 1, 1, 1, 1, 1, 1, 1]
	1425376	1314447	1268336	16	M	28	A		-1	4086.96066821	[1, 1, 1, 1, 1, 1, 1, 1, 1, 1, 1, 1]
	1444031	1314525	1254081	16	M	32	A		-1	4087.30998765	[1, 1, 1, 1, 1, 1, 1, 1, 1, 1, 1, 1]
	1464081	1315036	1365291	16	M	150	A		-1	4087.55990187	[1, 1, 1, 1, 1, 1, 1, 1, 1, 1, 1, 1]
	1438909	1314506	1332071	16	M	91	A		-1	4088.24586738	[1, 1, 1, 1, 1, 1, 1, 1, 1, 1, 1, 1]
	1472642	1316170	1157936	16	M	38	A		-1	4089.84214364	[1, 1, 1, 1, 1, 1, 1, 1, 1, 1, 1, 1]
	1489254	1316777	1340723	16	M	8	A		-1	4089.88406756	[1, 1, 1, 1, 1, 0, 1, 1, 1, 1, 1, 1]
	1420377	1314408	1393586	16	M	195	A		-1	4089.98369203	[1, 1, 1, 1, 1, 1, 1, 1, 1, 1, 1, 1]
	1404531	1315668	1351642	16	M	148	A		-1	4090.5711613	[1, 1, 1, 1, 1, 1, 1, 1, 1, 1, 1, 1]
	1404542	1315668	1325244	16	M	200	A		-1	4091.77120646	[1, 1, 1, 1, 1, 1, 1, 1, 1, 1, 1, 1]
	1484474	1316553	1298735	16	M	18	A		-1	4091.92548913	[1, 1, 1, 1, 1, 1, 1, 1, 1, 1, 1, 1]
	1431189	1314482	1241901	16	M	173	A		-1	4092.01610961	[1, 1, 1, 1, 1, 1, 1, 1, 1, 1, 1, 1]
	1309623	1235554	1211308	15	M	192	A		-1	4092.63912038	[1, 1, 1, 1, 1, 1, 1, 1, 1, 1, 1, 0]
	1394973	1394217	1295301	16	M	123	A		-1	4092.7938448	[1, 1, 1, 1, 1, 1, 1, 1, 1, 1, 1, 1]
	1487481	1316777	1296377	16	M	117	A		-1	4092.99284729	[1, 1, 1, 0, 1, 1, 1, 1, 1, 1, 1, 1]
	1467063	1315167	1372966	16	M	58	A		-1	4093.53891032	[1, 1, 1, 1, 1, 1, 1, 1, 1, 1, 1, 1]
	1410235	1314233	1368131	16	M	172	A		-1	4094.03680963	[1, 1, 1, 1, 1, 0, 1, 1, 1, 1, 1, 1]
	1403476	1315668	1296196	16	M	132	A		-1	4094.87791209	[1, 1, 1, 1, 1, 1, 1, 1, 1, 1, 1, 1]
	1456852	1315005	1333929	16	M	116	A		-1	4095.30569201	[1, 1, 1, 1, 1, 1, 1, 1, 1, 1, 1, 1]
	1448159	1314690	1365314	16	M	147	A		-1	4095.8642629	[1, 1, 1, 1, 1, 1, 1, 1, 1, 1, 1, 1]
	1472030	1316170	1318006	16	M	58	A		-1	4096.02715296	[1, 1, 1, 1, 1, 1, 1, 1, 1, 1, 1, 1]
	1404695	1315668	1339961	16	M	189	A		-1	4097.12693722	[1, 1, 1, 1, 1, 1, 1, 1, 1, 1, 1, 1]
	1407532	1314148	1290131	16	M	100	A		-1	4097.48289738	[1, 1, 1, 1, 1, 1, 1, 1, 1, 1, 1, 1]
	1481227	1316553	1241515	16	M	119	A		-1	4098.45845638	[1, 1, 1, 1, 1, 1, 1, 1, 1, 1, 1, 1]
	1358014	1237886	1236876	15	M	174	A		-1	4099.33067146	[1, 1, 1, 1, 1, 1, 1, 1, 1, 1, 1, 1]
	1424519	1314408	1376236	16	M	140	A		-1	4100.75788181	[1, 1, 1, 1, 1, 1, 1, 1, 1, 1, 1, 1]
	1458119	1315005	1365470	16	M	51	A		-1	4101.52984269	[1, 1, 0, 1, 1, 1, 1, 1, 1, 1, 1, 1]
	1424610	1314408	1310299	16	M	19	A		-1	4102.58466375	[1, 1, 1, 1, 1, 0, 1, 1, 1, 1, 1, 1]
	1437864	1314506	1314481	16	M	141	A		-1	4103.90761114	[1, 1, 1, 1, 1, 1, 1, 1, 1, 1, 1, 1]
	1401480	1315668	1369438	16	M	69	A		-1	4104.40418256	[1, 1, 1, 1, 1, 1, 1, 1, 1, 1, 1, 1]
	1432808	1314482	1311148	16	M	44	A		-1	4105.43603666	[1, 1, 1, 1, 1, 1, 1, 1, 1, 1, 1, 1]
	1450449	1314965	1382421	16	M	123	A		-1	4105.84568962	[1, 1, 1, 1, 1, 1, 1, 1, 1, 1, 1, 1]
	1438128	1314506	1370457	16	M	188	A		-1	4106.45933658	[1, 1, 1, 1, 1, 1, 1, 1, 1, 1, 1, 1]
	1456690	1315005	1388876	16	M	64	A		-1	4107.58610347	[0, 1, 1, 1, 1, 1, 1, 1, 1, 1, 1, 1]
	1401164	1315668	1382365	16	M	0	A		-1	4107.64126365	[1, 1, 1, 1, 1, 1, 1, 1, 1, 1, 1, 1]
	1447178	1314690	1329303	16	M	87	A		-1	4107.75361956	[1, 1, 1, 1, 1, 1, 1, 1, 1, 1, 1, 1]
	1431464	1314482	1199313	16	M	181	A		-1	4108.27563392	[1, 1, 1, 1, 1, 1, 1, 1, 1, 1, 1, 1]
	1448486	1314690	1327848	16	M	22	A		-1	4109.84710311	[1, 1, 1, 1, 1, 1, 1, 1, 1, 1, 1, 1]
	1480343	1316553	1335463	16	M	168	A		-1	4110.4063277	[1, 1, 1, 1, 1, 1, 1, 1, 1, 1, 1, 1]
	1484795	1316777	1386099	16	M	27	A		-1	4110.48381817	[1, 1, 1, 1, 1, 1, 1, 1, 1, 1, 1, 1]
	1439212	1314506	1318631	16	M	22	A		-1	4110.85622131	[1, 1, 1, 1, 1, 1, 1, 1, 1, 1, 1, 1]
	1403836	1315668	1336542	16	M	194	A		-1	4111.51282006	[1, 1, 1, 1, 1, 1, 1, 1, 1, 1, 1, 1]
	1397005	1394217	1390987	16	M	47	A		-1	4112.17031411	[1, 1, 1, 1, 1, 1, 1, 1, 1, 1, 1, 0]
	1434516	1314482	1383668	16	M	49	A		-1	4112.52016306	[1, 1, 1, 1, 1, 1, 1, 1, 1, 1, 1, 1]
	1458598	1315005	1239517	16	M	125	A		-1	4112.6166862	[1, 1, 0, 1, 1, 0, 1, 1, 1, 1, 1, 1]
	1449744	1314690	1312037	16	M	146	A		-1	4113.26094833	[1, 1, 1, 1, 1, 1, 1, 1, 1, 1, 1, 1]
	1407050	1314148	1258098	16	M	29	A		-1	4114.07314711	[1, 1, 1, 1, 1, 0, 1, 1, 1, 1, 1, 1]
	1405223	1314148	1310550	16	M	161	A		-1	4114.38922416	[1, 1, 1, 1, 1, 0, 1, 1, 1, 1, 1, 1]
	1434846	1314506	1339287	16	M	78	A		-1	4114.75343501	[1, 1, 1, 1, 1, 1, 1, 1, 1, 1, 1, 1]
	1410649	1314233	1254145	16	M	173	A		-1	4115.65455968	[1, 1, 1, 1, 1, 0, 1, 1, 1, 1, 1, 1]
	1443619	1314525	1259049	16	M	6	A		-1	4115.88479512	[1, 1, 1, 1, 1, 1, 1, 1, 1, 1, 1, 1]
	1426747	1314447	1314140	16	M	136	A		-1	4116.12468537	[1, 1, 1, 1, 1, 0, 1, 1, 1, 1, 1, 0]
	1425063	1314447	1322572	16	M	80	A		-1	4117.03552693	[1, 1, 1, 1, 1, 1, 1, 1, 1, 1, 1, 0]
	1396858	1394217	1386482	16	M	114	A		-1	4117.48406708	[0, 1, 1, 1, 1, 1, 1, 1, 1, 1, 1, 1]
	1428983	1314447	1390838	16	M	63	A		-1	4117.89930152	[1, 1, 1, 1, 1, 1, 1, 1, 1, 1, 1, 1]
	1426594	1314447	1376501	16	M	186	A		-1	4118.12220964	[1, 1, 1, 1, 1, 1, 1, 1, 1, 1, 1, 1]
	1475439	1320660	1335855	16	M	9	A		-1	4118.97461738	[1, 1, 1, 1, 1, 1, 1, 1, 1, 1, 1, 1]
	1493792	1316994	1259490	16	M	70	A		-1	4120.07383237	[1, 1, 1, 1, 1, 1, 1, 1, 1, 1, 1, 1]
	1431816	1314482	1376389	16	M	166	A		-1	4120.18869949	[1, 1, 1, 1, 1, 1, 1, 1, 1, 1, 1, 1]
	1421651	1314408	1383654	16	M	48	A		-1	4120.26066053	[1, 1, 1, 1, 1, 0, 1, 1, 1, 1, 1, 1]
	1489473	1316777	1365509	16	M	190	A		-1	4120.72626942	[1, 1, 1, 1, 1, 0, 1, 1, 1, 1, 1, 1]
	1455225	1315005	1384140	16	M	121	A		-1	4120.76429086	[1, 1, 0, 1, 1, 1, 1, 1, 1, 1, 1, 1]
	1477953	1320660	1121903	16	M	113	A		-1	4122.56350492	[1, 1, 1, 1, 1, 1, 1, 1, 1, 1, 1, 1]
	1437304	1314506	1387694	16	M	189	A		-1	4123.23633035	[0, 1, 1, 1, 1, 1, 1, 1, 1, 1, 1, 1]
	1395139	1394217	1310030	16	M	146	A		-1	4124.76404931	[1, 1, 1, 1, 1, 1, 1, 1, 1, 1, 1, 1]
	1405749	1314148	1312173	16	M	43	A		-1	4125.77235178	[1, 1, 1, 1, 1, 0, 1, 1, 1, 1, 1, 1]
	1449378	1314690	1353589	16	M	93	A		-1	4127.03995594	[1, 1, 1, 1, 1, 1, 1, 1, 1, 1, 1, 1]
	1471068	1316170	1235370	16	M	64	A		-1	4127.31940239	[1, 1, 1, 1, 1, 1, 1, 1, 1, 1, 1, 1]
	1487584	1316777	1371678	16	M	149	A		-1	4127.56273133	[1, 1, 1, 1, 1, 1, 1, 1, 1, 1, 1, 1]
	1468046	1315167	1348260	16	M	95	A		-1	4129.11261688	[1, 1, 1, 1, 1, 1, 1, 1, 1, 1, 1, 0]
	1461649	1315036	1333666	16	M	12	A		-1	4130.42159156	[1, 1, 1, 1, 1, 1, 1, 1, 1, 1, 1, 1]
	1438527	1314506	1308648	16	M	165	A		-1	4131.31997461	[1, 1, 1, 1, 1, 1, 1, 1, 1, 1, 1, 1]
	1444307	1314525	1384329	16	M	63	A		-1	4133.52695241	[1, 1, 1, 1, 1, 1, 1, 1, 1, 1, 1, 1]
	1448577	1314690	1315488	16	M	174	A		-1	4133.55754665	[1, 1, 1, 1, 1, 1, 1, 1, 1, 1, 1, 1]
	1475028	1320660	1384220	16	M	166	A		-1	4133.65795729	[1, 1, 1, 1, 1, 0, 1, 1, 1, 1, 1, 1]
	1413590	1314233	1345567	16	M	142	A		-1	4133.87106855	[1, 1, 1, 1, 1, 0, 1, 1, 1, 1, 1, 0]
	1474130	1316170	1325844	16	M	194	A		-1	4135.35629872	[1, 1, 1, 1, 1, 1, 1, 1, 1, 1, 1, 1]
	1404321	1315668	1319463	16	M	98	A		-1	4135.72329312	[1, 1, 1, 1, 1, 1, 1, 1, 1, 1, 1, 1]
	1321390	1235937	1278696	15	M	57	A		-1	4135.83011711	[1, 1, 1, 1, 1, 1, 1, 1, 1, 1, 1, 1]
	1404557	1315668	1379619	16	M	5	A		-1	4135.83749037	[1, 1, 1, 1, 1, 1, 1, 1, 1, 1, 1, 1]
	1439508	1314506	1329373	16	M	198	A		-1	4138.33317791	[1, 1, 1, 1, 1, 1, 1, 1, 1, 1, 1, 1]
	1405130	1314148	1359048	16	M	52	A		-1	4138.52944584	[1, 1, 1, 1, 1, 1, 1, 1, 1, 1, 1, 1]
	1489538	1316777	1370347	16	M	139	A		-1	4140.92032996	[1, 1, 1, 1, 1, 1, 1, 1, 1, 1, 1, 1]
	1466110	1315167	1382201	16	M	62	A		-1	4141.58246622	[1, 1, 1, 1, 1, 0, 1, 1, 1, 1, 1, 1]
	1341583	1236730	1241789	15	M	8	A		-1	4141.81071683	[1, 1, 1, 1, 1, 1, 1, 1, 1, 1, 1, 1]
	1312957	1235585	1271997	15	M	101	A		-1	4143.21538889	[1, 1, 1, 1, 1, 1, 1, 1, 1, 1, 1, 1]
	1430628	1314482	1243633	16	M	111	A		-1	4143.38908152	[1, 1, 1, 0, 1, 1, 1, 1, 1, 1, 1, 1]
	1473791	1316170	1251448	16	M	140	A		-1	4143.55608264	[1, 1, 1, 1, 1, 1, 1, 1, 1, 1, 1, 1]
	1488837	1316777	1201695	16	M	195	A		-1	4144.30016084	[1, 1, 1, 1, 1, 1, 1, 1, 1, 1, 1, 1]
	1432463	1314482	1220585	16	M	80	A		-1	4144.70721887	[1, 1, 1, 1, 1, 1, 1, 1, 1, 1, 1, 1]
	1479842	1316553	1319414	16	M	126	A		-1	4144.85400084	[1, 1, 1, 1, 1, 1, 1, 1, 1, 1, 1, 1]
	1419261	1314370	1388579	16	M	95	A		-1	4145.21692264	[1, 1, 1, 1, 1, 0, 1, 1, 1, 1, 1, 1]
	1492928	1316994	1346470	16	M	85	A		-1	4145.94333401	[1, 1, 1, 1, 1, 1, 1, 1, 1, 1, 1, 1]
	1494252	1316994	1360502	16	M	145	A		-1	4147.1556243	[1, 1, 1, 1, 1, 1, 1, 1, 1, 1, 1, 1]
	1433693	1314482	1388169	16	M	132	A		-1	4147.58482498	[1, 1, 1, 1, 1, 1, 1, 1, 1, 1, 1, 1]
	1430020	1314482	1326541	16	M	101	A		-1	4149.32165518	[1, 1, 1, 1, 1, 1, 1, 1, 1, 1, 1, 1]
	1484992	1316777	1351671	16	M	161	A		-1	4150.23374621	[1, 1, 1, 1, 1, 1, 1, 1, 1, 1, 1, 1]
	1455959	1315005	1366764	16	M	47	A		-1	4150.5539746	[1, 1, 0, 1, 1, 1, 1, 1, 1, 1, 1, 1]
	1447445	1314690	1382584	16	M	4	A		-1	4151.35638286	[1, 1, 1, 1, 1, 1, 1, 1, 1, 1, 1, 1]
	1416199	1314370	1343486	16	M	43	A		-1	4151.99484349	[1, 1, 1, 1, 1, 0, 1, 1, 1, 1, 1, 1]
	1396341	1394217	1130001	16	M	1	A		-1	4154.3490102	[1, 1, 1, 1, 1, 1, 1, 1, 1, 1, 1, 1]
	1437847	1314506	1264782	16	M	93	A		-1	4155.82613181	[1, 1, 1, 1, 1, 1, 1, 1, 1, 1, 1, 1]
	1428634	1314447	1232781	16	M	187	A		-1	4158.5729684	[1, 1, 1, 1, 1, 1, 1, 1, 1, 1, 1, 1]
	1461449	1315036	1115189	16	M	124	A		-1	4158.58210467	[1, 1, 1, 1, 1, 1, 1, 1, 1, 1, 1, 1]
	1442595	1314525	1297531	16	M	129	A		-1	4159.04657978	[1, 1, 1, 1, 1, 1, 1, 1, 1, 1, 1, 1]
	1472546	1316170	1388792	16	M	69	A		-1	4165.44620413	[1, 1, 1, 1, 1, 1, 1, 1, 1, 1, 1, 1]
	1490074	1316994	1318741	16	M	130	A		-1	4166.21420379	[1, 1, 1, 1, 1, 1, 1, 1, 1, 1, 1, 1]
	1489719	1316777	1335056	16	M	67	A		-1	4168.56835422	[1, 1, 1, 1, 1, 1, 1, 1, 1, 1, 1, 1]
	1475794	1320660	1328078	16	M	165	A		-1	4169.64523133	[1, 1, 1, 1, 1, 1, 1, 1, 1, 1, 1, 1]
	1416706	1314370	1362639	16	M	16	A		-1	4171.43189808	[1, 1, 1, 1, 1, 1, 1, 1, 1, 1, 1, 1]
	1463748	1315036	1320086	16	M	59	A		-1	4172.49187616	[1, 1, 1, 1, 1, 1, 1, 1, 1, 1, 1, 1]
	1432367	1314482	1333039	16	M	64	A		-1	4172.73041883	[1, 1, 1, 1, 1, 1, 1, 1, 1, 1, 1, 1]
	1410140	1314233	1272451	16	M	151	A		-1	4175.51438371	[1, 1, 1, 1, 1, 1, 1, 1, 1, 1, 1, 1]
	1438353	1314506	1353484	16	M	5	A		-1	4176.85201085	[1, 1, 1, 1, 1, 1, 1, 1, 1, 1, 1, 1]
	1321990	1235937	1284523	15	M	35	A		-1	4176.95952955	[1, 1, 1, 1, 1, 1, 1, 1, 1, 1, 1, 1]
	1416632	1314370	1315909	16	M	100	A		-1	4177.64634214	[1, 1, 1, 1, 1, 0, 1, 1, 1, 1, 1, 1]
	1435826	1314506	1380435	16	M	93	A		-1	4178.14301188	[1, 1, 1, 1, 1, 0, 1, 1, 1, 1, 1, 1]
	1407689	1314148	1277291	16	M	26	A		-1	4182.67724369	[1, 1, 1, 1, 1, 1, 1, 1, 1, 1, 1, 1]
	1456006	1315005	1279843	16	M	131	A		-1	4183.74220839	[1, 1, 1, 1, 1, 1, 1, 1, 1, 1, 1, 0]
	1421697	1314408	1321036	16	M	108	A		-1	4186.18481253	[1, 1, 1, 1, 1, 1, 1, 1, 1, 1, 1, 1]
	1483640	1316553	1375076	16	M	40	A		-1	4188.09853846	[1, 1, 1, 1, 1, 1, 1, 1, 1, 1, 1, 1]
	1447927	1314690	1357375	16	M	123	A		-1	4190.30070226	[1, 1, 1, 1, 1, 1, 1, 1, 1, 1, 1, 1]
	1428134	1314447	1387287	16	M	37	A		-1	4190.8150866	[0, 1, 1, 1, 1, 1, 1, 1, 1, 1, 1, 1]
	1424767	1314408	1321229	16	M	172	A		-1	4190.9795702	[1, 1, 1, 1, 1, 1, 1, 1, 1, 1, 1, 1]
	1420490	1314408	1392953	16	M	131	A		-1	4191.7239714	[1, 1, 1, 1, 1, 1, 1, 1, 1, 1, 1, 1]
	1442454	1314525	1223653	16	M	167	A		-1	4194.55939228	[1, 1, 1, 1, 1, 1, 1, 1, 1, 1, 1, 1]
	1443701	1314525	1252710	16	M	196	A		-1	4194.96254996	[1, 1, 1, 1, 1, 1, 1, 1, 1, 1, 1, 1]
	1411703	1314233	1337688	16	M	25	A		-1	4197.89209032	[1, 1, 1, 1, 1, 1, 1, 1, 1, 1, 1, 1]
	1411525	1314233	1379400	16	M	87	A		-1	4199.20714021	[1, 1, 1, 1, 1, 0, 1, 1, 1, 1, 1, 1]
	1302963	1238539	1253614	15	M	30	A		-1	4204.54031324	[1, 1, 1, 1, 1, 1, 1, 1, 1, 1, 1, 1]
	1429401	1314447	1310763	16	M	139	A		-1	4205.16291028	[1, 1, 1, 1, 1, 0, 1, 1, 1, 1, 1, 1]
	1479064	1320660	1332520	16	M	122	A		-1	4209.52997468	[1, 1, 1, 1, 1, 1, 1, 1, 1, 1, 1, 1]
	1467625	1315167	1313260	16	M	48	A		-1	4209.79595785	[1, 1, 1, 1, 1, 1, 1, 1, 1, 1, 1, 1]
	1463931	1315036	1351286	16	M	87	A		-1	4210.89163544	[1, 1, 1, 1, 1, 1, 1, 1, 1, 1, 1, 1]
	1399845	1315668	1364587	16	M	43	A		-1	4211.55083152	[1, 1, 1, 1, 1, 1, 1, 1, 1, 1, 1, 1]
	1449026	1314690	1249974	16	M	178	A		-1	4215.17586571	[1, 1, 1, 1, 1, 1, 1, 1, 1, 1, 1, 1]
	1474072	1316170	1369715	16	M	108	A		-1	4219.53744784	[1, 1, 1, 1, 1, 1, 1, 1, 1, 1, 1, 1]
	1448361	1314690	1285614	16	M	9	A		-1	4219.96080269	[1, 1, 1, 1, 1, 1, 1, 1, 1, 1, 1, 1]
	1457620	1315005	1362248	16	M	196	A		-1	4221.73349329	[1, 1, 0, 1, 1, 1, 1, 1, 1, 1, 1, 1]
	1406082	1314148	1295111	16	M	44	A		-1	4231.23942741	[1, 1, 1, 1, 1, 1, 1, 1, 1, 1, 1, 1]
	1321069	1235937	1262500	15	M	165	A		-1	4233.35088656	[1, 1, 1, 1, 1, 1, 1, 1, 1, 1, 1, 1]
	1446140	1314690	1332230	16	M	14	A		-1	4234.63266899	[1, 1, 1, 1, 1, 1, 1, 1, 1, 1, 1, 1]
	1470407	1316170	1345529	16	M	5	A		-1	4236.16669578	[1, 1, 1, 1, 1, 1, 1, 1, 1, 1, 1, 1]
	1465205	1315167	1356471	16	M	113	A		-1	4239.29122294	[1, 1, 1, 1, 1, 1, 1, 1, 1, 1, 1, 1]
	1450224	1314965	1364704	16	M	63	A		-1	4240.15290366	[1, 1, 1, 1, 1, 1, 1, 1, 1, 1, 1, 1]
	1474682	1316170	1345139	16	M	46	A		-1	4240.41694039	[1, 1, 1, 1, 1, 1, 1, 1, 1, 1, 1, 0]
	1418334	1314370	1209258	16	M	138	A		-1	4242.6923028	[1, 1, 1, 1, 1, 0, 1, 1, 1, 1, 1, 1]
	1438508	1314506	1274449	16	M	172	A		-1	4243.80937274	[1, 1, 1, 1, 1, 1, 1, 1, 1, 1, 1, 1]
	1456564	1315005	1316057	16	M	184	A		-1	4244.58724408	[1, 1, 0, 1, 1, 1, 1, 1, 1, 1, 1, 1]
	1427076	1314447	1267866	16	M	120	A		-1	4245.55423679	[1, 1, 1, 1, 1, 1, 1, 1, 1, 1, 1, 0]
	1420614	1314408	1287626	16	M	72	A		-1	4247.53272447	[1, 1, 1, 1, 1, 1, 1, 1, 1, 1, 1, 1]
	1443404	1314525	1303998	16	M	120	A		-1	4250.59120361	[1, 1, 1, 1, 1, 1, 1, 1, 1, 1, 1, 1]
	1416831	1314370	1322833	16	M	197	A		-1	4252.51933478	[1, 1, 1, 1, 1, 0, 1, 1, 1, 1, 1, 1]
	1430382	1314482	1249972	16	M	115	A		-1	4253.80475569	[1, 1, 1, 1, 1, 1, 1, 1, 1, 1, 1, 1]
	1450429	1314965	1298580	16	M	110	A		-1	4256.77328695	[1, 1, 1, 1, 1, 1, 1, 1, 1, 1, 1, 1]
	1436332	1314506	1295913	16	M	136	A		-1	4259.13478447	[1, 1, 1, 1, 1, 1, 1, 1, 1, 1, 1, 1]
	1472985	1316170	1320314	16	M	179	A		-1	4268.33236779	[1, 1, 1, 1, 1, 1, 1, 1, 1, 1, 1, 1]
	1455806	1315005	1201759	16	M	16	A		-1	4276.1137911	[1, 1, 1, 1, 1, 1, 1, 1, 1, 1, 1, 1]
	1441853	1314525	1300936	16	M	143	A		-1	4292.32727318	[1, 1, 1, 1, 1, 1, 1, 1, 1, 1, 1, 1]
	1411730	1314233	1368931	16	M	1	A		-1	4298.67298993	[1, 1, 1, 1, 1, 1, 1, 1, 1, 1, 1, 1]
	1479091	1320660	1203118	16	M	15	A		-1	4299.85187852	[1, 1, 1, 1, 1, 1, 1, 1, 1, 1, 1, 1]
	1468731	1315167	1347637	16	M	103	A		-1	4335.88978448	[1, 1, 1, 1, 1, 1, 1, 1, 1, 1, 1, 1]
	1409250	1314148	1330722	16	M	191	A		-1	4338.64344769	[1, 1, 1, 1, 1, 1, 1, 1, 1, 1, 1, 1]
	1404082	1315668	1338616	16	M	115	A		-1	4341.3870513	[1, 1, 1, 1, 1, 1, 1, 1, 1, 1, 1, 1]
	1423327	1314408	1262123	16	M	100	A		-1	4350.17679214	[1, 1, 1, 1, 1, 1, 1, 1, 1, 1, 1, 1]
	1411408	1314233	1307349	16	M	5	A		-1	4387.53043892	[1, 1, 1, 1, 1, 0, 1, 1, 1, 1, 1, 1]
	1440996	1314525	1333052	16	M	96	A		-1	4417.84509932	[1, 1, 1, 1, 1, 1, 1, 1, 1, 1, 1, 1]
	1450965	1314965	1356481	16	M	147	A		-1	4422.49762704	[1, 1, 1, 1, 1, 1, 1, 1, 1, 1, 1, 1]
	1476161	1320660	1365312	16	M	131	A		-1	4427.04320061	[1, 1, 1, 1, 1, 1, 1, 1, 1, 1, 1, 1]
	1455398	1315005	1355751	16	M	12	A		-1	4438.47024356	[1, 1, 0, 1, 1, 1, 1, 1, 1, 1, 1, 1]
	1455052	1315005	1286052	16	M	81	A		-1	4486.68554514	[1, 1, 0, 1, 1, 1, 1, 1, 1, 1, 1, 1]
	1474785	1320660	1300317	16	M	84	A		-1	4492.66414204	[1, 1, 1, 1, 1, 1, 1, 1, 1, 1, 1, 1]
