animal	sire	dam	born	sex	herd	status	cause	died	TBV	recessives
	685845	529625	406768	8	M	114	A		-1	2440.78019359	[1, 1, 1, 1, 1, 1, 1, 1, 1, 1, 1, 1]
	607428	524112	446836	8	M	153	A		-1	2440.90949071	[1, 1, 1, 1, 1, 1, 1, 1, 1, 1, 1, 1]
	708363	619627	532925	9	M	186	A		-1	2440.94560497	[1, 1, 1, 1, 1, 0, 1, 1, 1, 1, 1, 1]
	594799	594369	547261	8	M	81	A		-1	2440.99926623	[1, 1, 1, 1, 1, 1, 1, 1, 1, 1, 1, 1]
	715556	619659	480415	9	M	139	A		-1	2441.0641777	[1, 1, 1, 1, 1, 1, 1, 1, 1, 1, 1, 1]
	753905	621623	693291	9	M	153	A		-1	2441.4225679	[1, 1, 1, 1, 1, 1, 1, 1, 1, 1, 1, 1]
	759528	621881	628779	9	M	46	A		-1	2441.44057766	[1, 1, 1, 0, 1, 1, 1, 1, 1, 1, 1, 1]
	757374	621881	627813	9	M	22	A		-1	2441.443767	[1, 1, 1, 1, 1, 1, 1, 1, 1, 1, 1, 1]
	755990	621881	645878	9	M	95	A		-1	2441.55890577	[1, 1, 1, 1, 1, 1, 1, 1, 1, 1, 1, 1]
	710565	619640	653160	9	M	92	A		-1	2441.87752269	[1, 1, 1, 1, 1, 1, 1, 1, 1, 1, 1, 1]
	726901	620066	419328	9	M	27	A		-1	2441.9712903	[1, 1, 1, 1, 1, 1, 1, 1, 1, 1, 1, 1]
	712489	619640	685384	9	M	146	A		-1	2442.20055965	[1, 1, 1, 1, 1, 1, 1, 1, 1, 1, 1, 1]
	721664	619742	600508	9	M	110	A		-1	2442.49305829	[1, 1, 1, 1, 1, 1, 1, 1, 1, 1, 1, 1]
	692308	529763	497564	8	M	28	A		-1	2442.76660868	[1, 1, 1, 1, 1, 1, 1, 1, 1, 1, 1, 1]
	722998	619742	694759	9	M	130	A		-1	2443.05422474	[1, 1, 1, 1, 1, 1, 1, 1, 1, 1, 1, 1]
	735527	620700	689245	9	M	50	A		-1	2443.46196909	[1, 1, 1, 1, 1, 1, 1, 1, 1, 1, 1, 1]
	693665	529763	444626	8	M	79	A		-1	2443.48781569	[1, 1, 1, 1, 1, 1, 1, 1, 1, 1, 1, 1]
	724685	619742	494884	9	M	126	A		-1	2443.56095498	[1, 1, 1, 1, 1, 1, 1, 1, 1, 1, 1, 1]
	630910	525112	547339	8	M	179	A		-1	2443.71226946	[1, 1, 1, 1, 1, 1, 1, 1, 1, 1, 1, 1]
	656734	526817	579666	8	M	65	A		-1	2443.9007578	[1, 1, 1, 1, 1, 1, 1, 1, 1, 1, 1, 1]
	790918	622647	494963	9	M	188	A		-1	2443.937211	[1, 1, 1, 1, 1, 1, 1, 1, 1, 1, 1, 1]
	779543	625265	670160	9	M	105	A		-1	2444.41008989	[1, 1, 1, 1, 1, 1, 1, 1, 1, 1, 1, 1]
	699534	694422	652129	9	M	39	A		-1	2444.43707789	[1, 1, 1, 1, 1, 1, 1, 1, 1, 1, 1, 1]
	751783	621623	600153	9	M	146	A		-1	2444.95571911	[1, 1, 1, 1, 1, 1, 1, 1, 1, 1, 1, 1]
	679175	531875	500757	8	M	4	A		-1	2445.13079258	[1, 1, 1, 1, 1, 1, 1, 1, 1, 1, 1, 1]
	624395	524635	535936	8	M	56	A		-1	2445.23520326	[1, 1, 1, 1, 1, 1, 1, 1, 1, 1, 1, 1]
	754897	621881	595942	9	M	86	A		-1	2445.72126002	[1, 1, 1, 1, 1, 1, 1, 1, 1, 1, 1, 1]
	725610	620066	614525	9	M	21	A		-1	2445.85458453	[1, 1, 1, 1, 1, 1, 1, 1, 1, 1, 1, 1]
	757110	621881	603035	9	M	141	A		-1	2445.86277886	[1, 1, 1, 1, 1, 1, 1, 1, 1, 1, 1, 1]
	699453	694422	625483	9	M	109	A		-1	2445.92870002	[1, 1, 1, 1, 1, 1, 1, 1, 1, 1, 1, 1]
	644519	525797	541568	8	M	23	A		-1	2445.99825957	[1, 0, 1, 1, 1, 1, 1, 1, 1, 1, 1, 1]
	741113	620860	673558	9	M	102	A		-1	2446.59190441	[1, 1, 1, 1, 1, 1, 1, 1, 1, 1, 1, 1]
	737976	620700	536893	9	M	24	A		-1	2446.66290513	[0, 1, 1, 1, 1, 1, 1, 1, 1, 1, 1, 1]
	759176	621881	655173	9	M	56	A		-1	2446.68160776	[1, 1, 1, 1, 1, 1, 1, 1, 1, 1, 1, 1]
	689519	529625	497958	8	M	164	A		-1	2446.93125254	[1, 1, 1, 1, 1, 1, 1, 1, 1, 1, 1, 1]
	729653	620066	622246	9	M	54	A		-1	2447.03851367	[1, 1, 1, 1, 1, 1, 1, 1, 1, 1, 1, 1]
	759669	621881	576567	9	M	59	A		-1	2447.45408064	[1, 1, 1, 1, 1, 1, 1, 1, 1, 1, 1, 1]
	767825	622068	596806	9	M	146	A		-1	2447.53311193	[1, 1, 1, 1, 1, 1, 1, 1, 1, 1, 1, 1]
	702957	622211	690171	9	M	124	A		-1	2447.53437212	[1, 1, 1, 1, 1, 1, 1, 1, 1, 1, 1, 1]
	747115	621025	637035	9	M	53	A		-1	2447.56127706	[1, 1, 1, 1, 1, 1, 1, 1, 1, 1, 1, 1]
	708406	619627	680560	9	M	174	A		-1	2447.7514149	[1, 0, 1, 1, 1, 1, 1, 1, 1, 1, 1, 1]
	770676	622228	506216	9	M	123	A		-1	2447.95091206	[1, 1, 1, 1, 1, 1, 1, 1, 1, 1, 1, 1]
	692443	529763	508397	8	M	17	A		-1	2448.14331351	[1, 1, 1, 1, 1, 1, 1, 1, 1, 1, 1, 1]
	704348	622211	670601	9	M	166	A		-1	2448.59839687	[1, 1, 1, 1, 1, 1, 1, 1, 1, 1, 1, 1]
	782437	622589	661109	9	M	140	A		-1	2448.75816289	[1, 1, 1, 1, 1, 1, 1, 1, 1, 1, 1, 1]
	764511	622026	689797	9	M	9	A		-1	2448.89075313	[1, 1, 1, 1, 1, 1, 1, 1, 1, 1, 1, 1]
	768971	622068	693905	9	M	98	A		-1	2448.92541409	[1, 1, 1, 1, 1, 1, 1, 1, 1, 1, 1, 1]
	738228	620700	616589	9	M	113	A		-1	2449.23056943	[1, 1, 1, 1, 1, 1, 1, 1, 1, 1, 1, 1]
	781692	622589	591430	9	M	128	A		-1	2449.62854597	[1, 1, 1, 1, 1, 1, 1, 1, 1, 1, 1, 1]
	703666	622211	604907	9	M	93	A		-1	2450.41315241	[1, 1, 1, 1, 1, 1, 1, 1, 1, 1, 1, 1]
	756017	621881	524589	9	M	126	A		-1	2450.88971942	[1, 1, 1, 1, 1, 1, 1, 1, 1, 1, 1, 1]
	685433	529625	569287	8	M	85	A		-1	2451.15353172	[1, 1, 1, 1, 1, 1, 1, 1, 1, 1, 1, 1]
	649179	526000	567855	8	M	71	A		-1	2451.22344363	[1, 1, 1, 1, 1, 1, 1, 1, 1, 1, 1, 0]
	794711	622647	617047	9	M	144	A		-1	2451.32008617	[1, 1, 1, 1, 1, 1, 1, 1, 1, 1, 1, 0]
	742959	620860	584166	9	M	99	A		-1	2451.77615614	[1, 1, 1, 1, 1, 1, 1, 1, 1, 1, 1, 1]
	747117	621025	622418	9	M	51	A		-1	2451.78265053	[1, 1, 1, 1, 1, 1, 1, 1, 1, 1, 1, 1]
	761422	622026	570609	9	M	154	A		-1	2452.3060138	[1, 1, 1, 1, 1, 1, 1, 1, 1, 1, 1, 1]
	704660	622211	653136	9	M	93	A		-1	2452.45110539	[1, 1, 1, 1, 1, 1, 1, 1, 1, 1, 1, 1]
	732412	620426	595381	9	M	195	A		-1	2452.46325253	[1, 1, 1, 1, 1, 1, 1, 1, 1, 1, 1, 1]
	766882	622068	667631	9	M	85	A		-1	2452.50114475	[1, 1, 1, 1, 1, 1, 1, 1, 1, 1, 1, 1]
	790472	622647	624985	9	M	53	A		-1	2452.86068522	[1, 1, 1, 1, 1, 1, 1, 1, 1, 1, 1, 1]
	704120	622211	658313	9	M	0	A		-1	2453.13967525	[1, 1, 1, 1, 1, 1, 1, 1, 1, 1, 1, 1]
	722700	619742	656376	9	M	72	A		-1	2453.51949756	[1, 1, 1, 1, 1, 1, 1, 1, 1, 1, 1, 1]
	671309	527649	457358	8	M	177	A		-1	2453.71010738	[1, 1, 1, 1, 1, 1, 1, 1, 1, 1, 1, 1]
	595452	594369	571372	8	M	75	A		-1	2453.88862648	[1, 1, 1, 1, 1, 1, 1, 1, 1, 1, 1, 1]
	779248	625265	624630	9	M	73	A		-1	2454.08677907	[1, 1, 1, 1, 1, 1, 1, 1, 1, 1, 1, 1]
	746451	621025	569592	9	M	14	A		-1	2454.10837112	[1, 1, 1, 1, 1, 1, 1, 1, 1, 1, 1, 0]
	731980	620426	635152	9	M	172	A		-1	2454.17315571	[1, 1, 1, 1, 1, 1, 1, 1, 1, 1, 1, 0]
	771056	622228	677876	9	M	164	A		-1	2454.40607403	[1, 1, 1, 1, 1, 1, 1, 1, 1, 1, 1, 1]
	634516	525112	568757	8	M	190	A		-1	2454.4347043	[1, 1, 1, 1, 1, 1, 1, 1, 1, 1, 1, 0]
	729158	620066	572223	9	M	121	A		-1	2456.22812857	[1, 1, 1, 1, 1, 1, 1, 1, 1, 1, 1, 1]
	756279	621881	655908	9	M	164	A		-1	2456.35989243	[1, 1, 1, 1, 1, 1, 1, 1, 1, 1, 1, 1]
	776462	625265	659643	9	M	91	A		-1	2457.00096845	[1, 1, 1, 1, 1, 1, 1, 1, 1, 1, 1, 1]
	728448	620066	547779	9	M	32	A		-1	2457.09229494	[1, 1, 1, 1, 1, 1, 1, 1, 1, 1, 1, 1]
	653800	526122	494979	8	M	87	A		-1	2457.29034081	[1, 1, 1, 1, 1, 1, 1, 1, 1, 1, 1, 1]
	708542	619627	670608	9	M	100	A		-1	2457.40627494	[1, 1, 1, 1, 1, 1, 1, 1, 1, 1, 1, 1]
	775775	625265	631519	9	M	90	A		-1	2457.57525625	[1, 1, 1, 1, 1, 1, 1, 1, 1, 1, 1, 1]
	781812	622589	585532	9	M	130	A		-1	2457.64919173	[1, 1, 1, 1, 1, 1, 1, 1, 1, 1, 1, 1]
	720136	619742	649697	9	M	60	A		-1	2457.66067791	[1, 1, 1, 1, 1, 1, 1, 1, 1, 1, 1, 1]
	755702	621881	618317	9	M	6	A		-1	2457.78848108	[1, 1, 1, 1, 1, 1, 1, 1, 1, 1, 1, 1]
	762000	622026	642466	9	M	5	A		-1	2457.79278212	[1, 1, 1, 1, 1, 1, 1, 1, 1, 1, 1, 1]
	662947	527013	489726	8	M	63	A		-1	2457.86604252	[1, 1, 1, 1, 1, 1, 1, 1, 1, 1, 1, 1]
	723596	619742	681515	9	M	187	A		-1	2458.16969276	[1, 1, 0, 1, 1, 1, 1, 1, 1, 1, 1, 1]
	758804	621881	514516	9	M	120	A		-1	2458.48749864	[1, 1, 1, 1, 1, 1, 1, 1, 1, 1, 1, 1]
	780188	622589	441627	9	M	193	A		-1	2458.76011993	[1, 1, 1, 1, 1, 1, 1, 1, 1, 1, 1, 1]
	743735	620860	541606	9	M	55	A		-1	2458.7684934	[1, 1, 1, 1, 1, 1, 1, 1, 1, 1, 1, 1]
	757171	621881	650716	9	M	160	A		-1	2458.80014507	[1, 1, 1, 1, 1, 1, 1, 1, 1, 1, 1, 1]
	716910	619659	678617	9	M	95	A		-1	2459.42500421	[1, 1, 1, 1, 1, 1, 1, 1, 1, 1, 1, 1]
	713482	619640	632715	9	M	119	A		-1	2459.56488216	[1, 1, 1, 1, 1, 1, 1, 1, 1, 1, 1, 1]
	698394	694422	649985	9	M	178	A		-1	2459.77311292	[1, 1, 1, 1, 1, 1, 1, 1, 1, 1, 1, 1]
	728757	620066	624241	9	M	19	A		-1	2459.86179873	[1, 1, 1, 1, 1, 1, 1, 1, 1, 1, 1, 1]
	763682	622026	511569	9	M	6	A		-1	2459.88514042	[1, 1, 1, 1, 1, 1, 1, 1, 1, 1, 1, 1]
	723499	619742	685224	9	M	146	A		-1	2460.22407965	[1, 1, 1, 1, 1, 1, 1, 1, 1, 1, 1, 1]
	759375	621881	688053	9	M	68	A		-1	2460.23720982	[1, 1, 1, 1, 1, 1, 1, 1, 1, 1, 1, 1]
	748987	621025	631716	9	M	77	A		-1	2460.34393522	[1, 1, 1, 1, 1, 1, 1, 1, 1, 1, 1, 1]
	718526	619659	562466	9	M	57	A		-1	2460.35513516	[1, 1, 1, 1, 1, 1, 1, 1, 1, 1, 1, 1]
	737361	620700	637360	9	M	3	A		-1	2460.38091641	[1, 1, 1, 1, 1, 1, 1, 1, 1, 1, 1, 1]
	759122	621881	534571	9	M	36	A		-1	2461.03933865	[1, 1, 1, 1, 1, 1, 1, 1, 1, 1, 1, 1]
	768637	622068	679079	9	M	157	A		-1	2461.65029024	[1, 1, 1, 1, 1, 1, 1, 1, 1, 1, 1, 1]
	697309	694422	675462	9	M	10	A		-1	2462.32228721	[1, 1, 1, 1, 1, 1, 1, 1, 1, 1, 1, 1]
	703626	622211	527917	9	M	50	A		-1	2462.44423653	[1, 1, 1, 1, 1, 1, 1, 1, 1, 1, 1, 1]
	774623	622228	651822	9	M	162	A		-1	2462.57996496	[1, 1, 1, 1, 1, 1, 1, 1, 1, 1, 1, 1]
	758855	621881	665791	9	M	47	A		-1	2462.70581271	[1, 1, 1, 1, 1, 1, 1, 1, 1, 1, 1, 1]
	755281	621881	546200	9	M	63	A		-1	2463.00448608	[1, 1, 1, 1, 1, 1, 1, 1, 1, 1, 1, 1]
	740502	620860	493116	9	M	31	A		-1	2463.09549766	[1, 1, 0, 1, 1, 1, 1, 1, 1, 1, 1, 1]
	749931	621623	613253	9	M	128	A		-1	2463.16394888	[1, 1, 1, 1, 1, 1, 1, 1, 1, 1, 1, 1]
	650241	526122	545395	8	M	98	A		-1	2463.20222667	[1, 1, 1, 0, 1, 1, 1, 1, 1, 1, 1, 1]
	788587	622633	672156	9	M	104	A		-1	2463.5443854	[1, 1, 1, 1, 1, 1, 1, 1, 1, 1, 1, 1]
	765725	622068	674806	9	M	186	A		-1	2463.86360918	[1, 1, 1, 1, 1, 1, 1, 1, 1, 1, 1, 1]
	700634	622211	643593	9	M	58	A		-1	2463.90576959	[1, 1, 0, 1, 1, 1, 1, 1, 1, 1, 1, 1]
	697779	694422	508729	9	M	103	A		-1	2463.99131309	[1, 1, 1, 1, 1, 1, 1, 1, 1, 1, 1, 1]
	744769	620860	549604	9	M	7	A		-1	2464.13368305	[1, 1, 1, 1, 1, 1, 1, 1, 1, 1, 1, 0]
	751531	621623	662064	9	M	187	A		-1	2464.45714778	[1, 1, 1, 1, 1, 1, 1, 1, 1, 1, 1, 1]
	755926	621881	662762	9	M	5	A		-1	2464.50552031	[1, 1, 1, 1, 1, 1, 1, 1, 1, 1, 1, 1]
	742960	620860	661596	9	M	190	A		-1	2464.82773646	[1, 1, 1, 1, 1, 1, 1, 1, 1, 1, 1, 0]
	749168	621025	622721	9	M	59	A		-1	2464.86814044	[1, 1, 1, 1, 1, 1, 1, 1, 1, 1, 1, 0]
	696731	694422	466779	9	M	165	A		-1	2465.09147863	[1, 0, 1, 1, 1, 1, 1, 1, 1, 1, 1, 1]
	759213	621881	642800	9	M	46	A		-1	2465.16736358	[1, 1, 1, 1, 1, 1, 1, 1, 1, 1, 1, 1]
	729642	620066	648718	9	M	197	A		-1	2465.18054669	[1, 1, 1, 1, 1, 1, 1, 1, 1, 1, 1, 1]
	789834	622647	652934	9	M	183	A		-1	2465.89168514	[1, 1, 1, 1, 1, 1, 1, 1, 1, 1, 1, 1]
	778560	625265	637765	9	M	59	A		-1	2466.64022492	[1, 1, 1, 1, 1, 1, 1, 1, 1, 1, 1, 1]
	747668	621025	642494	9	M	147	A		-1	2466.74025138	[1, 1, 1, 1, 1, 1, 1, 1, 1, 1, 1, 1]
	741341	620860	624807	9	M	25	A		-1	2466.86170229	[1, 1, 1, 1, 1, 1, 1, 1, 1, 1, 1, 0]
	740566	620860	651767	9	M	178	A		-1	2467.00425134	[1, 1, 1, 0, 1, 1, 1, 1, 1, 1, 1, 0]
	754953	621881	561000	9	M	95	A		-1	2467.09136459	[1, 1, 1, 1, 1, 1, 1, 1, 1, 1, 1, 1]
	699666	694422	651496	9	M	14	A		-1	2467.62118423	[1, 1, 1, 1, 1, 1, 1, 1, 1, 1, 1, 1]
	755650	621881	624991	9	M	71	A		-1	2467.94085281	[1, 1, 1, 1, 1, 1, 1, 1, 1, 1, 1, 1]
	697281	694422	660149	9	M	46	A		-1	2468.10548579	[1, 1, 1, 1, 1, 1, 1, 1, 1, 1, 1, 1]
	758940	621881	599144	9	M	181	A		-1	2468.1872467	[1, 1, 1, 1, 1, 1, 1, 1, 1, 1, 1, 1]
	707465	619627	653595	9	M	188	A		-1	2468.5155194	[1, 1, 1, 0, 1, 1, 1, 1, 1, 1, 1, 1]
	758027	621881	596911	9	M	5	A		-1	2468.57657801	[1, 1, 1, 1, 1, 1, 1, 1, 1, 1, 1, 1]
	758235	621881	648771	9	M	186	A		-1	2468.82878676	[1, 1, 1, 1, 1, 1, 1, 1, 1, 1, 1, 0]
	789349	622633	604670	9	M	158	A		-1	2469.31246743	[1, 1, 1, 1, 1, 1, 1, 1, 1, 1, 1, 1]
	726957	620066	660838	9	M	43	A		-1	2469.31314029	[1, 1, 1, 1, 1, 1, 1, 1, 1, 1, 1, 1]
	702382	622211	643884	9	M	192	A		-1	2469.90208099	[1, 1, 1, 1, 1, 1, 1, 1, 1, 1, 1, 1]
	710901	619640	646165	9	M	123	A		-1	2470.03772544	[1, 1, 1, 1, 1, 1, 1, 1, 1, 1, 1, 1]
	719473	619659	652241	9	M	179	A		-1	2471.15397405	[1, 1, 1, 1, 1, 1, 1, 1, 1, 1, 1, 1]
	781235	622589	634981	9	M	92	A		-1	2471.36137685	[1, 1, 1, 1, 1, 1, 1, 1, 1, 1, 1, 1]
	696301	694422	640880	9	M	42	A		-1	2472.02512818	[1, 1, 1, 1, 1, 1, 1, 1, 1, 1, 1, 1]
	794103	622647	643405	9	M	193	A		-1	2472.039221	[1, 1, 1, 1, 1, 1, 1, 1, 1, 1, 1, 1]
	785776	622633	662342	9	M	17	A		-1	2472.2903643	[1, 1, 1, 1, 1, 1, 1, 1, 1, 1, 1, 1]
	782508	622589	614370	9	M	64	A		-1	2472.66149268	[1, 1, 1, 1, 1, 1, 1, 1, 1, 1, 1, 1]
	756517	621881	272542	9	M	109	A		-1	2472.69463844	[1, 1, 0, 1, 1, 1, 1, 1, 1, 1, 1, 0]
	781270	622589	611988	9	M	5	A		-1	2473.21432949	[1, 1, 1, 1, 1, 1, 1, 1, 1, 1, 1, 1]
	719990	619742	615957	9	M	77	A		-1	2473.36252171	[1, 1, 1, 1, 1, 1, 1, 1, 1, 1, 1, 1]
	696783	694422	553387	9	M	142	A		-1	2473.4509026	[1, 1, 1, 1, 1, 1, 1, 1, 1, 1, 1, 1]
	754880	621881	669950	9	M	116	A		-1	2473.79110594	[1, 1, 1, 1, 1, 1, 1, 1, 1, 1, 1, 1]
	706818	619627	531906	9	M	170	A		-1	2474.12113732	[1, 1, 1, 1, 1, 1, 1, 1, 1, 1, 1, 1]
	754580	621623	656224	9	M	38	A		-1	2474.55302315	[1, 1, 1, 1, 1, 1, 1, 1, 1, 1, 1, 1]
	696066	694422	514272	9	M	70	A		-1	2474.67375917	[1, 1, 1, 1, 1, 1, 1, 1, 1, 1, 1, 1]
	719595	619659	685922	9	M	69	A		-1	2475.18261562	[1, 1, 1, 1, 1, 1, 1, 1, 1, 1, 1, 1]
	705694	619627	588880	9	M	103	A		-1	2475.66207562	[1, 1, 1, 0, 1, 0, 1, 1, 1, 1, 1, 1]
	758859	621881	621818	9	M	104	A		-1	2475.77247742	[1, 1, 1, 1, 1, 1, 1, 1, 1, 1, 1, 1]
	750337	621623	540243	9	M	26	A		-1	2475.84184999	[1, 1, 1, 1, 1, 1, 1, 1, 1, 1, 1, 1]
	704730	622211	601643	9	M	85	A		-1	2475.98215434	[1, 1, 1, 1, 1, 1, 1, 1, 1, 1, 1, 1]
	718343	619659	641884	9	M	56	A		-1	2476.06876997	[1, 1, 1, 1, 1, 1, 1, 1, 1, 1, 1, 1]
	719163	619659	631907	9	M	36	A		-1	2476.13794684	[1, 1, 1, 1, 1, 1, 1, 1, 1, 1, 1, 1]
	699533	694422	675426	9	M	163	A		-1	2476.18469213	[1, 1, 1, 0, 1, 1, 1, 1, 1, 1, 1, 1]
	716539	619659	608382	9	M	2	A		-1	2476.35035372	[1, 1, 1, 1, 1, 1, 1, 1, 1, 1, 1, 1]
	730951	620426	622623	9	M	156	A		-1	2476.40582388	[1, 1, 1, 1, 1, 1, 1, 1, 1, 1, 1, 1]
	758471	621881	666907	9	M	156	A		-1	2476.45402718	[1, 1, 1, 1, 1, 1, 1, 1, 1, 1, 1, 1]
	792079	622647	602121	9	M	45	A		-1	2476.63554282	[1, 1, 1, 1, 1, 1, 1, 1, 1, 1, 1, 1]
	746365	621025	559699	9	M	31	A		-1	2476.7651157	[1, 1, 1, 1, 1, 1, 1, 1, 1, 1, 1, 1]
	722544	619742	643866	9	M	155	A		-1	2476.96581713	[1, 1, 1, 1, 1, 1, 1, 1, 1, 1, 1, 1]
	736826	620700	599678	9	M	74	A		-1	2477.48529347	[1, 1, 0, 1, 1, 1, 1, 1, 1, 1, 1, 1]
	774479	622228	692086	9	M	11	A		-1	2477.85693907	[1, 1, 1, 1, 1, 1, 1, 1, 1, 1, 1, 1]
	756374	621881	553148	9	M	79	A		-1	2477.94215748	[1, 1, 1, 1, 1, 1, 1, 1, 1, 1, 1, 1]
	748025	621025	670206	9	M	81	A		-1	2479.50103172	[0, 1, 1, 1, 1, 1, 1, 1, 1, 1, 1, 0]
	733113	620426	645063	9	M	138	A		-1	2479.55671624	[1, 1, 1, 1, 1, 1, 1, 1, 1, 1, 1, 1]
	716586	619659	620827	9	M	182	A		-1	2479.81940703	[1, 1, 1, 1, 1, 1, 1, 1, 1, 1, 1, 1]
	699281	694422	473209	9	M	23	A		-1	2480.23931811	[1, 1, 1, 1, 1, 1, 1, 1, 1, 1, 1, 1]
	750130	621623	521600	9	M	70	A		-1	2480.55915983	[1, 1, 1, 1, 1, 1, 1, 1, 1, 1, 1, 1]
	728913	620066	619133	9	M	162	A		-1	2480.94500895	[1, 1, 0, 1, 1, 1, 1, 1, 1, 1, 1, 1]
	791963	622647	628106	9	M	17	A		-1	2482.21470268	[1, 1, 1, 1, 1, 1, 1, 1, 1, 1, 1, 1]
	778150	625265	511838	9	M	147	A		-1	2482.34314138	[1, 1, 1, 1, 1, 1, 1, 1, 1, 1, 1, 1]
	722627	619742	591378	9	M	35	A		-1	2482.44942301	[1, 1, 1, 1, 1, 1, 1, 1, 1, 1, 1, 1]
	759339	621881	643296	9	M	167	A		-1	2482.73066836	[1, 1, 1, 1, 1, 1, 1, 1, 1, 1, 1, 1]
	758239	621881	651180	9	M	121	A		-1	2482.73107682	[1, 1, 1, 0, 1, 1, 1, 1, 1, 1, 1, 1]
	740622	620860	665625	9	M	81	A		-1	2482.99636116	[1, 1, 1, 1, 1, 1, 1, 1, 1, 1, 1, 1]
	755473	621881	617699	9	M	88	A		-1	2483.1990456	[1, 1, 1, 1, 1, 1, 1, 1, 1, 1, 1, 1]
	697607	694422	658284	9	M	116	A		-1	2483.34052713	[1, 1, 1, 1, 1, 1, 1, 1, 1, 1, 1, 1]
	757757	621881	648564	9	M	13	A		-1	2483.51886503	[1, 1, 1, 1, 1, 1, 1, 1, 1, 1, 1, 1]
	710421	619640	652028	9	M	117	A		-1	2483.83550868	[1, 1, 1, 1, 1, 1, 1, 1, 1, 1, 1, 1]
	754657	621623	638617	9	M	37	A		-1	2484.97783407	[1, 1, 1, 1, 1, 1, 1, 1, 1, 1, 1, 1]
	713433	619640	671880	9	M	170	A		-1	2485.26473617	[1, 1, 1, 1, 1, 1, 1, 1, 1, 1, 1, 1]
	764957	622068	543554	9	M	176	A		-1	2485.28444693	[1, 1, 1, 1, 1, 1, 1, 1, 1, 1, 1, 1]
	711459	619640	593534	9	M	194	A		-1	2485.43100686	[1, 1, 1, 1, 1, 1, 1, 1, 1, 1, 1, 1]
	696573	694422	690099	9	M	71	A		-1	2485.49125383	[1, 1, 1, 1, 1, 1, 1, 1, 1, 1, 1, 1]
	769923	622228	656816	9	M	194	A		-1	2486.19085553	[1, 1, 1, 1, 1, 1, 1, 1, 1, 1, 1, 1]
	740427	620860	661867	9	M	82	A		-1	2486.24405007	[1, 1, 1, 1, 1, 1, 1, 1, 1, 1, 1, 0]
	791207	622647	612048	9	M	118	A		-1	2486.4224378	[1, 1, 1, 1, 1, 1, 1, 1, 1, 1, 1, 1]
	753993	621623	663203	9	M	44	A		-1	2486.9389494	[1, 1, 1, 1, 1, 1, 1, 1, 1, 1, 1, 1]
	736281	620700	536810	9	M	162	A		-1	2486.98987955	[1, 1, 0, 1, 1, 1, 1, 1, 1, 1, 1, 1]
	750082	621623	553550	9	M	41	A		-1	2487.16185534	[1, 1, 1, 1, 1, 1, 1, 1, 1, 1, 1, 0]
	717919	619659	635587	9	M	74	A		-1	2487.34714526	[1, 1, 1, 1, 1, 1, 1, 1, 1, 1, 1, 1]
	664558	527013	539853	8	M	148	A		-1	2488.00322898	[1, 1, 1, 1, 1, 1, 1, 1, 1, 1, 1, 1]
	605313	524112	410033	8	M	24	A		-1	2488.4916481	[1, 0, 1, 1, 1, 1, 1, 1, 1, 1, 1, 1]
	765121	622068	615755	9	M	138	A		-1	2489.01126272	[1, 1, 1, 1, 1, 1, 1, 1, 1, 1, 1, 1]
	726173	620066	613871	9	M	106	A		-1	2489.01709277	[1, 1, 1, 1, 1, 1, 1, 1, 1, 1, 1, 1]
	737182	620700	612876	9	M	17	A		-1	2489.1919285	[1, 1, 1, 1, 1, 1, 1, 1, 1, 1, 1, 1]
	697877	694422	690277	9	M	175	A		-1	2489.20996125	[1, 1, 1, 1, 1, 1, 1, 1, 1, 1, 1, 1]
	784511	622589	650223	9	M	72	A		-1	2489.48439209	[1, 1, 1, 0, 1, 1, 1, 1, 1, 1, 1, 1]
	776827	625265	624648	9	M	154	A		-1	2489.54967757	[1, 1, 1, 1, 1, 1, 1, 1, 1, 1, 1, 1]
	771863	622228	664190	9	M	31	A		-1	2489.84673605	[1, 1, 1, 1, 1, 1, 1, 1, 1, 1, 1, 1]
	737485	620700	676286	9	M	98	A		-1	2490.03841808	[1, 1, 1, 1, 1, 1, 1, 1, 1, 1, 1, 1]
	783469	622589	656345	9	M	53	A		-1	2490.05233081	[1, 1, 1, 1, 1, 1, 1, 1, 1, 1, 1, 1]
	719180	619659	666294	9	M	77	A		-1	2490.26401488	[1, 1, 1, 1, 1, 1, 1, 1, 1, 1, 1, 1]
	741451	620860	519069	9	M	69	A		-1	2490.50069032	[1, 1, 1, 1, 1, 1, 1, 1, 1, 1, 1, 1]
	729102	620066	658321	9	M	13	A		-1	2490.87878644	[1, 1, 1, 1, 1, 1, 1, 1, 1, 1, 1, 1]
	516353	425533	428008	7	M	101	A		-1	2490.94715155	[1, 1, 1, 1, 1, 1, 1, 1, 1, 1, 1, 1]
	705828	619627	662562	9	M	178	A		-1	2491.25910292	[1, 1, 1, 1, 1, 1, 1, 1, 1, 1, 1, 1]
	733058	620426	647670	9	M	139	A		-1	2491.90472427	[1, 1, 1, 1, 1, 1, 1, 1, 1, 1, 1, 1]
	596814	594369	540652	8	M	67	A		-1	2492.35382676	[1, 1, 1, 1, 1, 1, 1, 1, 1, 1, 1, 1]
	731189	620426	658171	9	M	130	A		-1	2493.46197954	[1, 1, 1, 1, 1, 1, 1, 1, 1, 1, 1, 1]
	759472	621881	603489	9	M	192	A		-1	2493.68828893	[1, 1, 1, 1, 1, 1, 1, 1, 1, 1, 1, 1]
	697097	694422	673428	9	M	81	A		-1	2494.30078168	[1, 1, 1, 1, 1, 1, 1, 1, 1, 1, 1, 1]
	755161	621881	413816	9	M	117	A		-1	2494.86544822	[1, 1, 1, 1, 1, 1, 1, 1, 1, 1, 1, 1]
	781878	622589	515019	9	M	167	A		-1	2495.04961795	[1, 1, 1, 1, 1, 1, 1, 1, 1, 1, 1, 1]
	763660	622026	558769	9	M	197	A		-1	2495.66967887	[1, 1, 1, 1, 1, 1, 1, 1, 1, 1, 1, 1]
	729342	620066	647417	9	M	140	A		-1	2496.10036852	[1, 1, 1, 0, 1, 1, 1, 1, 1, 1, 1, 1]
	751981	621623	691962	9	M	80	A		-1	2497.17748909	[1, 1, 1, 1, 1, 1, 1, 1, 1, 1, 1, 0]
	699924	622211	648329	9	M	169	A		-1	2497.3304314	[1, 1, 1, 1, 1, 1, 1, 1, 1, 1, 1, 1]
	688276	529625	513916	8	M	182	A		-1	2497.38265543	[1, 1, 1, 1, 1, 1, 1, 1, 1, 1, 1, 1]
	742728	620860	630959	9	M	39	A		-1	2497.50830749	[1, 1, 1, 1, 1, 1, 1, 1, 1, 1, 1, 1]
	740725	620860	621038	9	M	74	A		-1	2497.83873868	[1, 1, 1, 1, 1, 1, 1, 1, 1, 1, 1, 1]
	782525	622589	681392	9	M	25	A		-1	2498.32419403	[1, 1, 1, 1, 1, 1, 1, 1, 1, 1, 1, 1]
	774208	622228	595678	9	M	24	A		-1	2498.91505965	[1, 1, 1, 1, 1, 1, 1, 1, 1, 1, 1, 1]
	719851	619742	643454	9	M	33	A		-1	2498.95747877	[1, 1, 1, 1, 1, 1, 1, 1, 1, 1, 1, 1]
	794702	622647	595252	9	M	71	A		-1	2499.05471485	[1, 1, 1, 1, 1, 1, 1, 1, 1, 1, 1, 1]
	783633	622589	557087	9	M	72	A		-1	2499.10043627	[1, 1, 1, 1, 1, 1, 1, 1, 1, 1, 1, 1]
	708135	619627	442429	9	M	62	A		-1	2499.48810182	[1, 1, 1, 1, 1, 1, 1, 1, 1, 1, 1, 1]
	712360	619640	609854	9	M	187	A		-1	2499.64746443	[1, 1, 1, 1, 1, 1, 1, 1, 1, 1, 1, 0]
	729214	620066	638641	9	M	106	A		-1	2499.84592708	[1, 1, 1, 1, 1, 1, 1, 1, 1, 1, 1, 1]
	704563	622211	682475	9	M	150	A		-1	2499.96437061	[1, 1, 1, 1, 1, 1, 1, 1, 1, 1, 1, 1]
	729685	620066	534475	9	M	118	A		-1	2500.40738932	[1, 1, 1, 1, 1, 1, 1, 1, 1, 1, 1, 1]
	735930	620700	690767	9	M	167	A		-1	2500.51763402	[1, 1, 1, 1, 1, 1, 1, 1, 1, 1, 1, 1]
	702818	622211	686758	9	M	131	A		-1	2500.66667631	[1, 1, 1, 1, 1, 1, 1, 1, 1, 1, 1, 1]
	756403	621881	689060	9	M	114	A		-1	2500.79299893	[1, 1, 1, 1, 1, 1, 1, 1, 1, 1, 1, 1]
	777233	625265	594733	9	M	38	A		-1	2500.99760909	[1, 1, 1, 1, 1, 1, 1, 1, 1, 1, 1, 1]
	776648	625265	663042	9	M	200	A		-1	2501.42720653	[1, 1, 1, 1, 1, 1, 1, 1, 1, 1, 1, 1]
	774280	622228	566225	9	M	174	A		-1	2501.5225021	[1, 1, 1, 1, 1, 1, 1, 1, 1, 1, 1, 1]
	781593	622589	641085	9	M	101	A		-1	2502.36037093	[1, 1, 1, 1, 1, 1, 1, 0, 1, 1, 1, 1]
	781792	622589	680111	9	M	123	A		-1	2502.56696881	[1, 1, 1, 1, 1, 1, 1, 1, 1, 1, 1, 1]
	720522	619742	603620	9	M	40	A		-1	2502.87624669	[1, 1, 1, 0, 1, 1, 1, 1, 1, 1, 1, 1]
	763595	622026	651268	9	M	70	A		-1	2502.95797908	[1, 1, 1, 1, 1, 1, 1, 1, 1, 1, 1, 1]
	568398	426600	476561	7	M	4	A		-1	2502.95907776	[1, 1, 1, 1, 1, 1, 1, 1, 1, 1, 1, 1]
	782838	622589	438244	9	M	28	A		-1	2503.72032042	[1, 1, 1, 1, 1, 1, 1, 1, 1, 1, 1, 1]
	740051	620860	694259	9	M	139	A		-1	2503.73956903	[1, 1, 1, 1, 1, 1, 1, 1, 1, 1, 1, 1]
	786916	622633	650270	9	M	17	A		-1	2503.76006243	[1, 1, 1, 1, 1, 1, 1, 1, 1, 1, 1, 1]
	696473	694422	325649	9	M	66	A		-1	2504.98791262	[1, 1, 1, 0, 1, 1, 1, 1, 1, 1, 1, 1]
	770053	622228	646951	9	M	136	A		-1	2505.0716964	[1, 1, 1, 1, 1, 1, 1, 1, 1, 1, 1, 1]
	781078	622589	610416	9	M	169	A		-1	2505.14577773	[1, 1, 1, 1, 1, 1, 1, 1, 1, 1, 1, 1]
	759191	621881	691408	9	M	165	A		-1	2505.50801202	[1, 1, 1, 1, 1, 1, 1, 1, 1, 1, 1, 1]
	696590	694422	643114	9	M	171	A		-1	2506.12236478	[1, 1, 1, 1, 1, 1, 1, 1, 1, 1, 1, 0]
	718143	619659	657200	9	M	160	A		-1	2506.13344681	[1, 1, 1, 1, 1, 1, 1, 1, 1, 1, 1, 1]
	775677	625265	634859	9	M	73	A		-1	2506.41043694	[1, 1, 1, 1, 1, 1, 1, 1, 1, 1, 1, 1]
	658654	526817	557753	8	M	174	A		-1	2506.85729594	[1, 1, 1, 1, 1, 1, 1, 1, 1, 1, 1, 1]
	632850	525112	559773	8	M	65	A		-1	2507.2257888	[1, 1, 1, 1, 1, 1, 1, 1, 1, 1, 1, 1]
	781215	622589	674356	9	M	26	A		-1	2507.75294388	[1, 1, 1, 1, 1, 1, 1, 1, 1, 1, 1, 1]
	735488	620700	654450	9	M	161	A		-1	2507.98367254	[1, 1, 1, 1, 1, 1, 1, 1, 1, 1, 1, 1]
	696583	694422	692490	9	M	36	A		-1	2508.15741047	[1, 1, 1, 1, 1, 1, 1, 1, 1, 1, 1, 1]
	783521	622589	439391	9	M	82	A		-1	2508.18686036	[1, 1, 1, 1, 1, 1, 1, 1, 1, 1, 1, 1]
	653518	526122	575836	8	M	17	A		-1	2509.01220519	[1, 1, 1, 1, 1, 1, 1, 1, 1, 1, 1, 1]
	780614	622589	666998	9	M	100	A		-1	2509.55375311	[1, 1, 1, 1, 1, 1, 1, 1, 1, 1, 1, 0]
	720460	619742	551436	9	M	41	A		-1	2509.75585788	[1, 1, 1, 1, 1, 1, 1, 1, 1, 1, 1, 1]
	755052	621881	654341	9	M	106	A		-1	2509.98194424	[1, 1, 1, 1, 1, 1, 1, 1, 1, 1, 1, 1]
	747164	621025	554417	9	M	92	A		-1	2511.36157176	[1, 1, 1, 1, 1, 1, 1, 1, 1, 1, 1, 1]
	781675	622589	504922	9	M	81	A		-1	2511.4571757	[1, 1, 1, 1, 1, 1, 1, 1, 1, 1, 1, 1]
	743234	620860	597960	9	M	70	A		-1	2511.56362263	[1, 1, 1, 1, 1, 1, 1, 1, 1, 1, 1, 1]
	782544	622589	684075	9	M	100	A		-1	2511.75796868	[1, 1, 1, 1, 1, 1, 1, 1, 1, 1, 1, 1]
	759729	621881	521821	9	M	131	A		-1	2511.94961185	[1, 1, 1, 1, 1, 1, 1, 1, 1, 1, 1, 1]
	702983	622211	687533	9	M	155	A		-1	2512.15348525	[1, 1, 1, 1, 1, 1, 1, 1, 1, 1, 1, 1]
	757636	621881	602706	9	M	104	A		-1	2512.21582606	[1, 1, 1, 1, 1, 1, 1, 1, 1, 1, 1, 1]
	778945	625265	523743	9	M	109	A		-1	2512.2487492	[1, 1, 1, 1, 1, 1, 1, 1, 1, 1, 1, 1]
	702723	622211	638069	9	M	184	A		-1	2512.58389132	[1, 1, 1, 1, 1, 1, 1, 1, 1, 1, 1, 1]
	710706	619640	675184	9	M	157	A		-1	2512.66305571	[1, 1, 1, 1, 1, 1, 1, 1, 1, 1, 1, 1]
	729303	620066	670217	9	M	59	A		-1	2513.14986767	[1, 1, 1, 1, 1, 1, 1, 1, 1, 1, 1, 1]
	708328	619627	653244	9	M	32	A		-1	2513.1821495	[1, 1, 1, 1, 1, 0, 1, 1, 1, 1, 1, 1]
	774556	622228	643511	9	M	143	A		-1	2513.50727077	[1, 1, 1, 1, 1, 1, 1, 1, 1, 1, 1, 1]
	723447	619742	651980	9	M	141	A		-1	2513.5731845	[1, 1, 1, 1, 1, 1, 1, 1, 1, 1, 1, 1]
	757428	621881	613829	9	M	116	A		-1	2513.70111832	[1, 1, 1, 1, 1, 1, 1, 1, 1, 1, 1, 1]
	759417	621881	637231	9	M	139	A		-1	2514.15589155	[1, 1, 1, 1, 1, 1, 1, 1, 1, 1, 1, 1]
	718584	619659	662126	9	M	188	A		-1	2514.54767289	[1, 1, 1, 1, 1, 1, 1, 1, 1, 1, 1, 1]
	763767	622026	693351	9	M	39	A		-1	2515.11851158	[1, 1, 1, 1, 1, 1, 1, 1, 1, 1, 1, 1]
	755437	621881	690547	9	M	102	A		-1	2515.54337027	[1, 1, 1, 1, 1, 1, 1, 1, 1, 1, 1, 1]
	776797	625265	627977	9	M	137	A		-1	2515.65588621	[1, 1, 1, 1, 1, 1, 1, 1, 1, 1, 1, 1]
	683489	528439	532103	8	M	146	A		-1	2515.82066341	[1, 1, 1, 1, 1, 1, 1, 1, 1, 1, 1, 1]
	729745	620066	681604	9	M	12	A		-1	2515.8878638	[1, 1, 1, 1, 1, 1, 1, 1, 1, 1, 1, 1]
	790806	622647	677256	9	M	168	A		-1	2517.80766055	[1, 1, 1, 1, 1, 1, 1, 1, 1, 1, 1, 1]
	755788	621881	671847	9	M	43	A		-1	2517.83208774	[1, 1, 1, 1, 1, 1, 1, 1, 1, 1, 1, 1]
	771832	622228	641505	9	M	40	A		-1	2518.05452456	[1, 0, 1, 1, 1, 1, 1, 1, 1, 1, 1, 1]
	747941	621025	619269	9	M	42	A		-1	2518.09710087	[1, 1, 1, 1, 1, 1, 1, 1, 1, 1, 1, 1]
	703826	622211	601137	9	M	107	A		-1	2518.54376464	[1, 1, 1, 1, 1, 1, 1, 1, 1, 1, 1, 1]
	750935	621623	676561	9	M	79	A		-1	2520.15784207	[1, 1, 1, 1, 1, 1, 1, 1, 1, 1, 1, 1]
	719633	619659	620691	9	M	164	A		-1	2520.6924037	[1, 1, 1, 1, 1, 1, 1, 1, 1, 1, 1, 1]
	618618	524555	589671	8	M	161	A		-1	2520.78184149	[1, 1, 1, 1, 1, 1, 1, 1, 1, 1, 1, 1]
	720683	619742	648747	9	M	99	A		-1	2521.48191141	[1, 1, 1, 1, 1, 1, 1, 1, 1, 1, 1, 1]
	762599	622026	639460	9	M	54	A		-1	2521.97001967	[1, 1, 1, 1, 1, 1, 1, 1, 1, 1, 1, 1]
	764373	622026	688337	9	M	129	A		-1	2522.14542802	[1, 1, 1, 1, 1, 1, 1, 1, 1, 1, 1, 1]
	756979	621881	654907	9	M	188	A		-1	2522.44112131	[1, 1, 1, 1, 1, 1, 1, 1, 1, 1, 1, 1]
	759098	621881	625564	9	M	162	A		-1	2522.63412402	[1, 1, 1, 1, 1, 1, 1, 1, 1, 1, 1, 1]
	758050	621881	677340	9	M	180	A		-1	2523.06125546	[1, 1, 1, 0, 1, 1, 1, 1, 1, 1, 1, 1]
	730719	620426	665125	9	M	180	A		-1	2524.17793199	[1, 1, 1, 1, 1, 1, 1, 1, 1, 1, 1, 0]
	794344	622647	687899	9	M	144	A		-1	2525.04796844	[1, 1, 1, 1, 1, 1, 1, 1, 1, 1, 1, 1]
	791319	622647	606641	9	M	77	A		-1	2525.09145147	[1, 1, 1, 1, 1, 1, 1, 1, 1, 1, 1, 1]
	737885	620700	618357	9	M	26	A		-1	2525.67421721	[1, 1, 1, 1, 1, 1, 1, 1, 1, 1, 1, 1]
	773604	622228	415075	9	M	80	A		-1	2525.72117445	[1, 1, 1, 1, 1, 1, 1, 1, 1, 1, 1, 1]
	752442	621623	475604	9	M	12	A		-1	2526.35505913	[1, 1, 1, 1, 1, 1, 1, 1, 1, 1, 1, 1]
	736121	620700	631340	9	M	123	A		-1	2527.06720032	[1, 1, 1, 1, 1, 1, 1, 1, 1, 1, 1, 1]
	766833	622068	625844	9	M	88	A		-1	2527.34335837	[1, 1, 1, 1, 1, 1, 1, 1, 1, 1, 1, 1]
	757925	621881	651211	9	M	79	A		-1	2527.37751283	[1, 1, 1, 1, 1, 1, 1, 1, 1, 1, 1, 1]
	780208	622589	639666	9	M	138	A		-1	2527.94393064	[1, 1, 1, 1, 1, 1, 1, 1, 1, 1, 1, 1]
	700988	622211	678680	9	M	115	A		-1	2528.20695202	[1, 1, 1, 1, 1, 1, 1, 1, 1, 1, 1, 1]
	728797	620066	640246	9	M	96	A		-1	2528.4533379	[1, 0, 1, 1, 1, 1, 1, 1, 1, 1, 1, 1]
	741292	620860	656032	9	M	64	A		-1	2528.77477332	[1, 1, 1, 1, 1, 1, 1, 1, 1, 1, 1, 0]
	756210	621881	628847	9	M	41	A		-1	2528.8195683	[1, 1, 1, 1, 1, 1, 1, 1, 1, 1, 1, 1]
	756569	621881	673661	9	M	171	A		-1	2530.09974318	[1, 1, 1, 1, 1, 1, 1, 1, 1, 1, 1, 1]
	755704	621881	544478	9	M	182	A		-1	2530.68130952	[1, 1, 1, 1, 1, 1, 1, 1, 1, 1, 1, 1]
	759700	621881	610749	9	M	172	A		-1	2531.50572967	[1, 1, 1, 1, 1, 1, 1, 1, 1, 1, 1, 1]
	701024	622211	641709	9	M	20	A		-1	2531.56632697	[1, 0, 1, 1, 1, 1, 1, 1, 1, 1, 1, 1]
	722473	619742	598592	9	M	146	A		-1	2532.16229235	[1, 1, 1, 1, 1, 1, 1, 1, 1, 1, 1, 1]
	695009	694422	647679	9	M	152	A		-1	2532.18350847	[1, 1, 1, 0, 1, 1, 1, 1, 1, 1, 1, 1]
	777259	625265	624500	9	M	103	A		-1	2532.24826098	[1, 1, 1, 1, 1, 1, 1, 1, 1, 1, 1, 1]
	697797	694422	623729	9	M	152	A		-1	2532.31023112	[1, 1, 1, 1, 1, 1, 1, 1, 1, 1, 1, 1]
	714372	619640	679439	9	M	74	A		-1	2534.24630415	[1, 1, 1, 1, 1, 1, 1, 1, 1, 1, 1, 1]
	792198	622647	496884	9	M	1	A		-1	2534.86615693	[1, 1, 1, 1, 1, 1, 1, 1, 1, 1, 1, 1]
	715453	619659	323299	9	M	112	A		-1	2535.65748375	[1, 1, 1, 1, 1, 1, 1, 0, 1, 1, 1, 1]
	741659	620860	686144	9	M	8	A		-1	2536.84937462	[1, 1, 1, 1, 1, 1, 1, 1, 1, 1, 1, 0]
	695820	694422	565030	9	M	31	A		-1	2537.03687238	[1, 1, 1, 1, 1, 1, 1, 1, 1, 1, 1, 1]
	757148	621881	601920	9	M	22	A		-1	2538.61416121	[1, 0, 1, 1, 1, 1, 1, 1, 1, 1, 1, 1]
	730948	620426	693775	9	M	91	A		-1	2538.98403659	[1, 1, 1, 1, 1, 1, 1, 1, 1, 1, 1, 0]
	790418	622647	615973	9	M	184	A		-1	2540.23842927	[1, 1, 1, 1, 1, 1, 1, 1, 1, 1, 1, 1]
	761817	622026	563686	9	M	181	A		-1	2541.04626187	[1, 1, 1, 1, 1, 1, 1, 1, 1, 1, 1, 1]
	708294	619627	635375	9	M	85	A		-1	2541.50268689	[1, 1, 1, 1, 1, 1, 1, 1, 1, 1, 1, 1]
	758212	621881	604588	9	M	142	A		-1	2541.57019478	[1, 1, 1, 1, 1, 1, 1, 1, 1, 1, 1, 1]
	696016	694422	643304	9	M	135	A		-1	2541.62327647	[1, 1, 1, 1, 1, 1, 1, 1, 1, 1, 1, 1]
	696998	694422	668280	9	M	83	A		-1	2541.69964902	[1, 1, 1, 1, 1, 1, 1, 1, 1, 1, 1, 1]
	746537	621025	617955	9	M	8	A		-1	2542.0325102	[1, 1, 1, 1, 1, 1, 1, 1, 1, 1, 1, 1]
	715271	619659	691591	9	M	190	A		-1	2542.05492099	[1, 1, 1, 1, 1, 1, 1, 1, 1, 1, 1, 1]
	793835	622647	630318	9	M	124	A		-1	2542.9388766	[1, 1, 1, 1, 1, 1, 1, 1, 1, 1, 1, 1]
	740645	620860	409493	9	M	163	A		-1	2544.19493054	[1, 1, 1, 1, 1, 1, 1, 1, 1, 1, 1, 1]
	735898	620700	510822	9	M	198	A		-1	2544.81338369	[1, 1, 1, 1, 1, 1, 1, 1, 1, 1, 1, 1]
	790935	622647	667946	9	M	81	A		-1	2546.39374839	[1, 1, 1, 1, 1, 1, 1, 1, 1, 1, 1, 1]
	740008	620860	670314	9	M	191	A		-1	2546.56171226	[1, 1, 1, 1, 1, 1, 1, 1, 1, 1, 1, 0]
	741630	620860	429623	9	M	8	A		-1	2547.31552094	[1, 1, 1, 1, 1, 1, 1, 1, 1, 1, 1, 1]
	781481	622589	555511	9	M	50	A		-1	2547.42282129	[1, 1, 1, 1, 1, 1, 1, 1, 1, 1, 1, 1]
	743338	620860	684135	9	M	58	A		-1	2547.79010947	[1, 1, 1, 1, 1, 1, 1, 1, 1, 1, 1, 1]
	705637	619627	513227	9	M	43	A		-1	2547.995608	[1, 1, 1, 1, 1, 0, 1, 1, 1, 1, 1, 1]
	758048	621881	601580	9	M	147	A		-1	2548.47820926	[1, 1, 1, 1, 1, 1, 1, 1, 1, 1, 1, 1]
	743966	620860	674761	9	M	195	A		-1	2548.69652645	[1, 1, 1, 1, 1, 1, 1, 1, 1, 1, 1, 1]
	644274	525797	524474	8	M	135	A		-1	2548.74579778	[1, 0, 1, 1, 1, 1, 1, 1, 1, 1, 1, 1]
	744341	620860	626698	9	M	154	A		-1	2549.16395755	[1, 1, 1, 1, 1, 1, 1, 1, 1, 1, 1, 1]
	766932	622068	608419	9	M	142	A		-1	2550.40979466	[1, 1, 1, 1, 1, 1, 1, 1, 1, 1, 1, 1]
	793850	622647	637548	9	M	112	A		-1	2550.65297697	[1, 1, 1, 1, 1, 1, 1, 1, 1, 1, 1, 1]
	743136	620860	689958	9	M	63	A		-1	2551.10894683	[1, 1, 1, 1, 1, 1, 1, 1, 1, 1, 1, 0]
	720146	619742	691769	9	M	175	A		-1	2551.28269768	[1, 1, 1, 1, 1, 1, 1, 1, 1, 1, 1, 1]
	756845	621881	641850	9	M	16	A		-1	2551.68385115	[1, 1, 1, 1, 1, 1, 1, 1, 1, 1, 1, 1]
	634560	525112	588491	8	M	73	A		-1	2551.69153482	[1, 1, 1, 1, 1, 1, 1, 1, 1, 1, 1, 1]
	756782	621881	523941	9	M	84	A		-1	2551.86056645	[1, 1, 1, 1, 1, 1, 1, 1, 1, 1, 1, 0]
	703955	622211	693754	9	M	154	A		-1	2552.40275943	[1, 1, 1, 1, 1, 1, 1, 1, 1, 1, 1, 1]
	749756	621025	651360	9	M	94	A		-1	2552.69175827	[1, 1, 1, 1, 1, 1, 1, 1, 1, 1, 1, 1]
	642011	525797	517321	8	M	101	A		-1	2552.80423178	[1, 1, 1, 1, 1, 1, 1, 1, 1, 1, 1, 1]
	725223	620066	435788	9	M	155	A		-1	2553.14833303	[1, 1, 1, 1, 1, 1, 1, 1, 1, 1, 1, 1]
	756387	621881	635673	9	M	50	A		-1	2553.7384291	[1, 1, 1, 1, 1, 1, 1, 1, 1, 1, 1, 1]
	777788	625265	615487	9	M	56	A		-1	2554.1892521	[1, 1, 1, 1, 1, 1, 1, 1, 1, 1, 1, 1]
	718737	619659	526344	9	M	153	A		-1	2555.66398897	[1, 1, 1, 1, 1, 1, 1, 1, 1, 1, 1, 1]
	755592	621881	680110	9	M	140	A		-1	2557.12036256	[1, 1, 1, 1, 1, 1, 1, 1, 1, 1, 1, 1]
	755395	621881	615523	9	M	82	A		-1	2558.16939673	[1, 1, 1, 1, 1, 1, 1, 1, 1, 1, 1, 1]
	742542	620860	548518	9	M	47	A		-1	2561.03632382	[1, 1, 1, 1, 1, 1, 1, 1, 1, 1, 1, 1]
	775098	625265	667573	9	M	87	A		-1	2561.68314049	[1, 1, 1, 1, 1, 1, 1, 1, 1, 1, 1, 1]
	750409	621623	602228	9	M	183	A		-1	2562.05557086	[1, 1, 0, 1, 1, 1, 1, 1, 1, 1, 1, 1]
	785324	622633	614301	9	M	112	A		-1	2562.79742306	[1, 1, 1, 1, 1, 1, 1, 1, 1, 1, 1, 1]
	792116	622647	642780	9	M	187	A		-1	2563.18156091	[1, 1, 1, 1, 1, 1, 1, 1, 1, 1, 1, 1]
	745355	621025	549194	9	M	8	A		-1	2563.61345158	[1, 1, 1, 1, 1, 1, 1, 1, 1, 1, 1, 1]
	712045	619640	492920	9	M	31	A		-1	2564.16525806	[1, 1, 1, 1, 1, 1, 1, 1, 1, 1, 1, 1]
	720055	619742	407916	9	M	152	A		-1	2565.39869545	[1, 1, 1, 1, 1, 1, 1, 1, 1, 1, 1, 1]
	698873	694422	677018	9	M	13	A		-1	2566.23081968	[1, 1, 1, 1, 1, 1, 1, 1, 1, 1, 1, 1]
	699528	694422	680994	9	M	177	A		-1	2566.23355011	[1, 1, 1, 1, 1, 1, 1, 1, 1, 1, 1, 1]
	635436	525287	547178	8	M	68	A		-1	2566.31346143	[1, 1, 1, 1, 1, 1, 1, 1, 1, 1, 1, 1]
	741906	620860	619999	9	M	64	A		-1	2566.4561622	[1, 1, 1, 1, 1, 1, 1, 1, 1, 1, 1, 0]
	733199	620426	577964	9	M	38	A		-1	2568.93848115	[1, 1, 1, 1, 1, 1, 1, 1, 1, 1, 1, 1]
	777563	625265	659664	9	M	91	A		-1	2569.18669103	[1, 1, 1, 1, 1, 1, 1, 1, 1, 1, 1, 1]
	746481	621025	595287	9	M	22	A		-1	2569.4037155	[1, 1, 1, 1, 1, 1, 1, 1, 1, 1, 1, 1]
	774447	622228	653824	9	M	82	A		-1	2570.66953778	[1, 1, 1, 1, 1, 1, 1, 1, 1, 1, 1, 1]
	746777	621025	692333	9	M	6	A		-1	2570.84066422	[1, 1, 1, 1, 1, 1, 1, 1, 1, 1, 1, 1]
	697766	694422	691790	9	M	43	A		-1	2571.2245942	[1, 1, 1, 1, 1, 1, 1, 1, 1, 1, 1, 1]
	777223	625265	608931	9	M	47	A		-1	2571.28550915	[1, 1, 1, 1, 1, 1, 1, 1, 1, 1, 1, 1]
	779048	625265	672891	9	M	13	A		-1	2571.46758241	[1, 1, 1, 1, 1, 1, 1, 1, 1, 1, 1, 1]
	740232	620860	675939	9	M	130	A		-1	2571.75666465	[1, 1, 1, 1, 1, 1, 1, 1, 1, 1, 1, 1]
	720380	619742	686014	9	M	196	A		-1	2571.89444711	[1, 1, 1, 1, 1, 1, 1, 1, 1, 1, 1, 1]
	726909	620066	670312	9	M	75	A		-1	2572.43386349	[1, 1, 1, 1, 1, 1, 1, 1, 1, 1, 1, 1]
	714142	619640	634060	9	M	7	A		-1	2572.45001433	[1, 1, 1, 1, 1, 1, 1, 1, 1, 1, 1, 1]
	731341	620426	598031	9	M	100	A		-1	2572.77860624	[1, 1, 1, 1, 1, 1, 1, 1, 1, 1, 1, 1]
	720630	619742	644758	9	M	78	A		-1	2573.37980366	[1, 1, 1, 1, 1, 1, 1, 1, 1, 1, 1, 1]
	621881	524635	557179	8	M	93	A		-1	2576.37823712	[1, 1, 1, 1, 1, 1, 1, 1, 1, 1, 1, 1]
	756098	621881	373020	9	M	104	A		-1	2576.74088419	[1, 1, 1, 1, 1, 1, 1, 1, 1, 1, 1, 1]
	755224	621881	668871	9	M	84	A		-1	2576.74123642	[1, 1, 1, 1, 1, 1, 1, 1, 1, 1, 1, 1]
	683882	528439	532687	8	M	194	A		-1	2576.75730473	[1, 1, 1, 1, 1, 1, 1, 1, 1, 1, 1, 1]
	778472	625265	693624	9	M	29	A		-1	2576.93595123	[1, 1, 1, 1, 1, 1, 1, 1, 1, 1, 1, 1]
	757769	621881	660044	9	M	4	A		-1	2577.50517185	[1, 1, 1, 1, 1, 1, 1, 1, 1, 1, 1, 1]
	609020	524112	540883	8	M	162	A		-1	2578.00577195	[1, 1, 1, 1, 1, 1, 1, 1, 1, 1, 1, 1]
	707906	619627	688396	9	M	115	A		-1	2578.3540053	[1, 1, 1, 1, 1, 1, 1, 1, 1, 1, 1, 0]
	700261	622211	655703	9	M	6	A		-1	2578.48069152	[1, 1, 1, 0, 1, 1, 1, 1, 1, 1, 1, 1]
	784254	622589	691018	9	M	110	A		-1	2578.55583995	[1, 1, 1, 1, 1, 1, 1, 1, 1, 1, 1, 1]
	757405	621881	510814	9	M	159	A		-1	2578.79952057	[1, 1, 1, 1, 1, 1, 1, 1, 1, 1, 1, 1]
	781819	622589	606718	9	M	155	A		-1	2579.6487811	[1, 1, 1, 1, 1, 1, 1, 1, 1, 1, 1, 1]
	753563	621623	558172	9	M	188	A		-1	2580.54135868	[1, 1, 1, 1, 1, 1, 1, 1, 1, 1, 1, 1]
	743049	620860	634590	9	M	73	A		-1	2581.05578764	[1, 1, 1, 1, 1, 1, 1, 1, 1, 1, 1, 0]
	782891	622589	608408	9	M	193	A		-1	2581.21715038	[1, 1, 1, 1, 1, 1, 1, 1, 1, 1, 1, 1]
	786327	622633	577267	9	M	9	A		-1	2583.60708619	[1, 1, 1, 1, 1, 1, 1, 1, 1, 1, 1, 1]
	770614	622228	609852	9	M	41	A		-1	2584.10776614	[1, 1, 1, 1, 1, 1, 1, 1, 1, 1, 1, 1]
	713479	619640	679616	9	M	178	A		-1	2585.10315457	[1, 1, 1, 0, 1, 1, 1, 1, 1, 1, 1, 1]
	706507	619627	607711	9	M	91	A		-1	2585.45193503	[1, 1, 1, 1, 1, 1, 1, 1, 1, 1, 1, 1]
	730440	620426	609631	9	M	43	A		-1	2585.60566828	[1, 1, 1, 1, 1, 1, 1, 1, 1, 1, 1, 1]
	756363	621881	658118	9	M	133	A		-1	2587.45065507	[1, 1, 1, 1, 1, 1, 1, 1, 1, 1, 1, 0]
	759165	621881	649740	9	M	175	A		-1	2587.99911558	[1, 1, 1, 1, 1, 1, 1, 1, 1, 1, 1, 1]
	699496	694422	606583	9	M	161	A		-1	2588.53316892	[1, 1, 1, 1, 1, 1, 1, 1, 1, 1, 1, 1]
	741820	620860	618374	9	M	4	A		-1	2589.53504256	[1, 1, 1, 1, 1, 1, 1, 1, 1, 1, 1, 0]
	746658	621025	596823	9	M	116	A		-1	2589.81455399	[1, 1, 1, 1, 1, 1, 1, 1, 1, 1, 1, 1]
	783001	622589	687967	9	M	154	A		-1	2592.48981439	[1, 1, 1, 1, 1, 1, 1, 1, 1, 1, 1, 1]
	605164	524112	506025	8	M	102	A		-1	2592.65922783	[1, 1, 1, 1, 1, 1, 1, 1, 1, 1, 1, 1]
	716595	619659	576873	9	M	169	A		-1	2593.2275659	[1, 1, 1, 1, 1, 1, 1, 1, 1, 1, 1, 1]
	770874	622228	584791	9	M	82	A		-1	2593.42830482	[1, 1, 1, 1, 1, 1, 1, 1, 1, 1, 1, 1]
	695976	694422	618514	9	M	12	A		-1	2593.44819731	[1, 1, 1, 1, 1, 1, 1, 1, 1, 1, 1, 1]
	722347	619742	654343	9	M	186	A		-1	2595.25908719	[1, 1, 1, 1, 1, 1, 1, 1, 1, 1, 1, 1]
	757096	621881	565407	9	M	82	A		-1	2595.54891163	[1, 1, 1, 1, 1, 1, 1, 1, 1, 1, 1, 1]
	699600	694422	632461	9	M	1	A		-1	2595.90451732	[1, 1, 1, 1, 1, 1, 1, 1, 1, 1, 1, 1]
	698938	694422	635925	9	M	116	A		-1	2596.90135412	[1, 1, 1, 1, 1, 1, 1, 1, 1, 1, 1, 1]
	716412	619659	597758	9	M	173	A		-1	2597.02958442	[1, 1, 1, 1, 1, 1, 1, 1, 1, 1, 1, 1]
	784549	622589	509161	9	M	100	A		-1	2597.03301538	[1, 1, 1, 1, 1, 1, 1, 1, 1, 1, 1, 1]
	724336	619742	616981	9	M	29	A		-1	2599.76181381	[1, 1, 1, 1, 1, 1, 1, 1, 1, 1, 1, 1]
	637529	525287	499169	8	M	153	A		-1	2602.39419597	[1, 1, 0, 1, 1, 1, 1, 1, 1, 1, 1, 1]
	783336	622589	542698	9	M	42	A		-1	2602.52602194	[1, 1, 1, 1, 1, 1, 1, 1, 1, 1, 1, 1]
	790408	622647	657860	9	M	183	A		-1	2604.4500383	[1, 1, 1, 1, 1, 1, 1, 1, 1, 1, 1, 1]
	793105	622647	690015	9	M	96	A		-1	2604.88027572	[1, 1, 1, 1, 1, 1, 1, 1, 1, 1, 1, 1]
	722606	619742	641477	9	M	177	A		-1	2606.11858515	[1, 1, 1, 1, 1, 1, 1, 1, 1, 1, 1, 1]
	752793	621623	633438	9	M	102	A		-1	2606.49687432	[1, 1, 1, 1, 1, 1, 1, 1, 1, 1, 1, 1]
	703277	622211	677838	9	M	82	A		-1	2609.78328311	[1, 1, 1, 0, 1, 1, 1, 1, 1, 1, 1, 1]
	696516	694422	668600	9	M	143	A		-1	2612.26938129	[1, 1, 1, 1, 1, 1, 1, 1, 1, 1, 1, 1]
	755201	621881	685396	9	M	162	A		-1	2612.43068909	[1, 1, 1, 1, 1, 1, 1, 1, 1, 1, 1, 1]
	770770	622228	639752	9	M	168	A		-1	2612.68195745	[1, 1, 1, 1, 1, 1, 1, 1, 1, 1, 1, 1]
	782517	622589	630684	9	M	123	A		-1	2613.12048648	[1, 1, 1, 1, 1, 1, 1, 1, 1, 1, 1, 1]
	758885	621881	664554	9	M	45	A		-1	2613.38637497	[1, 1, 1, 1, 1, 1, 1, 1, 1, 1, 1, 1]
	755321	621881	600145	9	M	107	A		-1	2619.5317546	[1, 1, 1, 1, 1, 1, 1, 1, 1, 1, 1, 1]
	734926	620700	667617	9	M	52	A		-1	2619.98981076	[1, 1, 1, 1, 1, 1, 1, 1, 1, 1, 1, 1]
	742561	620860	611476	9	M	18	A		-1	2621.00854946	[1, 1, 1, 1, 1, 1, 1, 1, 1, 1, 1, 0]
	747899	621025	642917	9	M	181	A		-1	2621.59333486	[1, 1, 1, 1, 1, 1, 1, 1, 1, 1, 1, 1]
	720211	619742	532101	9	M	93	A		-1	2623.72180925	[1, 1, 1, 1, 1, 1, 1, 1, 1, 1, 1, 1]
	725176	620066	556165	9	M	76	A		-1	2624.88785386	[1, 1, 1, 1, 1, 1, 1, 1, 1, 1, 1, 1]
	731645	620426	595471	9	M	78	A		-1	2625.03091892	[1, 1, 1, 1, 1, 1, 1, 1, 1, 1, 1, 0]
	699972	622211	510575	9	M	83	A		-1	2625.32307677	[1, 1, 1, 1, 1, 1, 1, 1, 1, 1, 1, 1]
	618136	524555	445457	8	M	11	A		-1	2627.1435459	[1, 1, 1, 1, 1, 1, 1, 1, 1, 1, 1, 1]
	764887	622068	657625	9	M	135	A		-1	2628.88266892	[1, 1, 1, 1, 1, 1, 1, 1, 1, 1, 1, 1]
	783987	622589	652611	9	M	191	A		-1	2629.12045913	[1, 1, 1, 1, 1, 1, 1, 1, 1, 1, 1, 1]
	735532	620700	619027	9	M	47	A		-1	2629.44060388	[1, 1, 1, 1, 1, 1, 1, 1, 1, 1, 1, 1]
	781961	622589	622569	9	M	129	A		-1	2629.57681438	[1, 1, 1, 1, 1, 1, 1, 1, 1, 1, 1, 1]
	781182	622589	677941	9	M	148	A		-1	2629.64845391	[1, 1, 1, 1, 1, 1, 1, 1, 1, 1, 1, 1]
	735835	620700	594528	9	M	181	A		-1	2630.80135495	[1, 1, 1, 1, 1, 1, 1, 1, 1, 1, 1, 1]
	779880	622589	622714	9	M	188	A		-1	2633.55653845	[1, 1, 1, 1, 1, 1, 1, 1, 1, 1, 1, 1]
	705538	619627	618383	9	M	168	A		-1	2634.9360468	[1, 1, 1, 1, 1, 1, 1, 1, 1, 1, 1, 0]
	740017	620860	629623	9	M	56	A		-1	2636.08704268	[1, 1, 1, 1, 1, 1, 1, 1, 1, 1, 1, 1]
	700606	622211	607046	9	M	193	A		-1	2636.10345197	[1, 1, 1, 1, 1, 1, 1, 1, 1, 1, 1, 1]
	790343	622647	673168	9	M	121	A		-1	2637.39703878	[1, 1, 1, 1, 1, 1, 1, 1, 1, 1, 1, 1]
	756710	621881	596046	9	M	130	A		-1	2637.44397788	[1, 1, 1, 1, 1, 1, 1, 1, 1, 1, 1, 1]
	627533	524678	501230	8	M	16	A		-1	2637.85017713	[1, 1, 1, 1, 1, 1, 1, 1, 1, 1, 1, 1]
	696075	694422	603090	9	M	150	A		-1	2639.58647274	[1, 1, 1, 1, 1, 1, 1, 1, 1, 1, 1, 1]
	723760	619742	651587	9	M	51	A		-1	2640.31646566	[1, 1, 1, 1, 1, 1, 1, 1, 1, 1, 1, 1]
	749129	621025	599619	9	M	52	A		-1	2640.58367408	[1, 1, 1, 1, 1, 1, 1, 1, 1, 1, 1, 1]
	749918	621623	627876	9	M	166	A		-1	2644.96655759	[1, 1, 1, 1, 1, 1, 1, 1, 1, 1, 1, 1]
	741444	620860	656868	9	M	56	A		-1	2645.19125529	[1, 1, 1, 1, 1, 1, 1, 1, 1, 1, 1, 0]
	767697	622068	548186	9	M	127	A		-1	2646.43712759	[1, 1, 1, 1, 1, 1, 1, 1, 1, 1, 1, 1]
	694960	694422	557521	9	M	138	A		-1	2646.55537789	[1, 1, 1, 1, 1, 1, 1, 1, 1, 1, 1, 1]
	780613	622589	655891	9	M	159	A		-1	2648.59063449	[1, 1, 1, 1, 1, 1, 1, 1, 1, 1, 1, 1]
	754974	621881	659376	9	M	21	A		-1	2650.88074727	[1, 1, 1, 1, 1, 1, 1, 1, 1, 1, 1, 1]
	721398	619742	504607	9	M	64	A		-1	2651.55422483	[1, 1, 1, 1, 1, 1, 1, 1, 1, 1, 1, 1]
	785146	622633	692353	9	M	75	A		-1	2666.53318253	[1, 1, 1, 1, 1, 1, 1, 1, 1, 1, 1, 1]
	737044	620700	533994	9	M	190	A		-1	2672.94655258	[1, 1, 1, 1, 1, 1, 1, 1, 1, 1, 1, 1]
	748513	621025	647768	9	M	18	A		-1	2675.49390673	[1, 1, 1, 1, 1, 1, 1, 1, 1, 1, 1, 1]
	754860	621881	601637	9	M	111	A		-1	2677.98635911	[1, 1, 1, 1, 1, 1, 1, 1, 1, 1, 1, 1]
	767391	622068	630982	9	M	70	A		-1	2681.87686455	[1, 1, 1, 1, 1, 1, 1, 1, 1, 1, 1, 1]
	780980	622589	659724	9	M	86	A		-1	2689.82291501	[1, 1, 1, 1, 1, 1, 1, 1, 1, 1, 1, 1]
	744481	620860	595120	9	M	83	A		-1	2699.88336923	[1, 1, 1, 1, 1, 1, 1, 1, 1, 1, 1, 1]
	720088	619742	668761	9	M	127	A		-1	2700.81826109	[1, 1, 1, 1, 1, 1, 1, 1, 1, 1, 1, 1]
	762533	622026	625675	9	M	162	A		-1	2700.98035712	[1, 1, 1, 1, 1, 1, 1, 1, 1, 1, 1, 1]
	759530	621881	660700	9	M	1	A		-1	2701.69434998	[1, 1, 1, 1, 1, 1, 1, 1, 1, 1, 1, 1]
	762814	622026	438587	9	M	30	A		-1	2706.08647875	[1, 1, 1, 1, 1, 1, 1, 1, 1, 1, 1, 1]
	772794	622228	636912	9	M	179	A		-1	2708.76546686	[1, 1, 1, 1, 1, 1, 1, 1, 1, 1, 1, 1]
	754813	621881	653552	9	M	17	A		-1	2711.86237308	[1, 1, 1, 1, 1, 1, 1, 1, 1, 1, 1, 1]
	679781	528439	550646	8	M	57	A		-1	2717.71554816	[1, 1, 1, 1, 1, 1, 1, 1, 1, 1, 1, 1]
	756855	621881	609791	9	M	187	A		-1	2724.53080932	[1, 1, 1, 1, 1, 1, 1, 1, 1, 1, 1, 1]
	733806	620426	672331	9	M	54	A		-1	2726.23379272	[1, 1, 1, 1, 1, 1, 1, 1, 1, 1, 1, 0]
	763208	622026	653983	9	M	199	A		-1	2726.81511058	[1, 1, 1, 1, 1, 1, 1, 1, 1, 1, 1, 1]
	755323	621881	627854	9	M	101	A		-1	2738.6897169	[1, 1, 1, 0, 1, 1, 1, 1, 1, 1, 1, 1]
	789681	622633	651094	9	M	41	A		-1	2778.20384616	[1, 1, 1, 1, 1, 1, 1, 1, 1, 1, 1, 1]
	756894	621881	431446	9	M	38	A		-1	2789.22983592	[1, 1, 1, 1, 1, 1, 1, 1, 1, 1, 1, 1]
	791873	622647	632431	9	M	161	A		-1	2795.67837272	[1, 1, 1, 1, 1, 1, 1, 1, 1, 1, 1, 1]
	747958	621025	644328	9	M	191	A		-1	2822.8891576	[1, 1, 1, 1, 1, 1, 1, 1, 1, 1, 1, 1]
	725427	620066	685065	9	M	109	A		-1	2843.71390123	[1, 1, 1, 1, 1, 1, 1, 1, 1, 1, 1, 1]
	739987	620860	619669	9	M	54	A		-1	2847.78476822	[1, 1, 1, 1, 1, 1, 1, 1, 1, 1, 1, 1]
	707213	619627	681367	9	M	1	A		-1	2850.28308008	[1, 1, 1, 1, 1, 0, 1, 1, 1, 1, 1, 1]
