animal	sire	dam	born	sex	herd	status	cause	died	TBV	recessives
	55635	35114	20285	1	M	122	A		-1	591.342924027	[1, 1, 1, 1, 1, 1, 1, 1, 1, 1, 1, 1]
	67077	35116	31727	1	M	126	A		-1	591.375066815	[1, 1, 1, 0, 1, 1, 1, 1, 1, 1, 1, 1]
	67400	35116	32050	1	M	4	A		-1	591.385893117	[1, 1, 1, 1, 1, 1, 1, 1, 1, 1, 1, 1]
	49983	35112	14633	1	M	157	A		-1	591.602283674	[1, 1, 0, 1, 1, 1, 1, 1, 1, 1, 1, 1]
	63261	35115	27911	1	M	191	A		-1	591.651672042	[1, 1, 1, 1, 1, 1, 1, 1, 1, 1, 1, 1]
	55659	35114	20309	1	M	171	A		-1	591.653116628	[1, 1, 1, 1, 1, 1, 1, 1, 1, 1, 1, 1]
	51532	35113	16182	1	M	125	A		-1	591.751078125	[1, 1, 1, 1, 1, 1, 1, 1, 1, 1, 1, 0]
	56372	35114	21022	1	M	64	A		-1	591.782108993	[0, 1, 1, 1, 1, 1, 1, 1, 1, 1, 1, 1]
	58557	35114	23207	1	M	14	A		-1	591.835128529	[1, 1, 1, 1, 1, 1, 1, 1, 1, 1, 1, 1]
	39934	35350	4584	1	M	44	A		-1	592.695748702	[1, 1, 1, 1, 1, 1, 1, 1, 1, 1, 1, 1]
	46673	35112	11323	1	M	175	A		-1	592.729766949	[1, 1, 0, 1, 1, 1, 1, 1, 1, 1, 1, 1]
	50145	35112	14795	1	M	186	A		-1	592.883348098	[1, 1, 0, 1, 1, 1, 1, 1, 1, 1, 1, 1]
	63933	35115	28583	1	M	20	A		-1	593.017849706	[1, 1, 1, 1, 1, 1, 1, 1, 1, 1, 1, 1]
	68551	35116	33201	1	M	57	A		-1	593.284219096	[1, 1, 1, 0, 1, 1, 1, 1, 1, 1, 1, 1]
	61474	35115	26124	1	M	89	A		-1	594.259980286	[1, 1, 1, 1, 1, 1, 1, 1, 1, 1, 1, 1]
	59240	35114	23890	1	M	54	A		-1	594.570519609	[1, 1, 1, 1, 1, 1, 1, 1, 1, 1, 1, 1]
	53396	35113	18046	1	M	87	A		-1	594.967807044	[1, 1, 0, 1, 1, 1, 1, 1, 1, 1, 1, 1]
	57093	35114	21743	1	M	173	A		-1	595.089374763	[1, 1, 0, 1, 1, 1, 1, 1, 1, 1, 1, 1]
	57302	35114	21952	1	M	122	A		-1	595.394654661	[1, 1, 1, 1, 1, 1, 1, 1, 1, 1, 1, 0]
	59176	35114	23826	1	M	46	A		-1	595.401633703	[1, 1, 1, 1, 1, 1, 1, 1, 1, 1, 1, 1]
	57470	35114	22120	1	M	40	A		-1	595.65652047	[1, 1, 1, 1, 1, 1, 1, 1, 1, 1, 1, 1]
	62884	35115	27534	1	M	116	A		-1	595.912355771	[1, 1, 1, 1, 1, 1, 1, 1, 1, 1, 1, 1]
	68491	35116	33141	1	M	170	A		-1	596.723684345	[1, 1, 1, 0, 1, 1, 1, 1, 1, 1, 1, 0]
	35275	0	0	-6	M	100	A		-1	596.791861687	[1.0, 1.0, 1.0, 1.0, 1.0, 1.0, 1.0, 1.0, 1.0, 1.0, 1.0, 1.0]
	58535	35114	23185	1	M	99	A		-1	596.828440327	[1, 1, 1, 1, 1, 1, 1, 1, 1, 1, 1, 1]
	61476	35115	26126	1	M	71	A		-1	597.231757852	[0, 1, 1, 1, 1, 1, 1, 1, 1, 1, 1, 1]
	51987	35113	16637	1	M	70	A		-1	598.172115315	[1, 1, 1, 1, 1, 1, 1, 1, 1, 1, 1, 0]
	60826	35115	25476	1	M	112	A		-1	598.328744859	[1, 1, 1, 1, 1, 1, 1, 1, 1, 1, 1, 1]
	63772	35115	28422	1	M	157	A		-1	599.030072034	[1, 1, 1, 1, 1, 1, 1, 1, 1, 1, 1, 1]
	46535	35112	11185	1	M	40	A		-1	599.082303195	[1, 1, 1, 1, 1, 1, 1, 1, 1, 1, 1, 1]
	59646	35114	24296	1	M	36	A		-1	599.188334034	[1, 1, 1, 1, 1, 1, 1, 1, 1, 1, 1, 1]
	61820	35115	26470	1	M	176	A		-1	599.469153347	[1, 1, 1, 1, 1, 1, 1, 1, 1, 1, 1, 1]
	49018	35112	13668	1	M	58	A		-1	599.496104691	[1, 1, 0, 1, 1, 1, 1, 1, 1, 1, 1, 1]
	65935	35116	30585	1	M	6	A		-1	599.536231658	[1, 1, 1, 0, 1, 1, 1, 1, 1, 1, 1, 1]
	49427	35112	14077	1	M	182	A		-1	599.62803808	[1, 1, 0, 1, 1, 1, 1, 1, 1, 1, 1, 1]
	51090	35113	15740	1	M	157	A		-1	599.819943372	[1, 1, 1, 1, 1, 1, 1, 1, 1, 1, 1, 0]
	62256	35115	26906	1	M	184	A		-1	600.276039733	[1, 1, 1, 1, 1, 1, 1, 1, 1, 1, 1, 1]
	35284	0	0	-3	M	94	A		-1	600.613318886	[1.0, 1.0, 1.0, 1.0, 1.0, 1.0, 1.0, 1.0, 1.0, 1.0, 1.0, 1.0]
	65129	35115	29779	1	M	102	A		-1	600.791034853	[1, 1, 1, 1, 1, 1, 1, 1, 1, 1, 1, 1]
	68251	35116	32901	1	M	148	A		-1	600.978353217	[1, 1, 1, 1, 1, 1, 1, 1, 1, 1, 1, 1]
	70221	35116	34871	1	M	90	A		-1	601.228553617	[1, 1, 1, 0, 1, 1, 1, 1, 1, 1, 1, 1]
	45883	35112	10533	1	M	167	A		-1	601.657267651	[1, 1, 0, 1, 1, 1, 1, 0, 1, 1, 1, 1]
	63651	35115	28301	1	M	158	A		-1	601.846992662	[1, 1, 0, 1, 1, 1, 1, 1, 1, 1, 1, 1]
	61862	35115	26512	1	M	94	A		-1	601.849874414	[1, 1, 1, 1, 1, 1, 1, 1, 1, 1, 1, 1]
	50513	35113	15163	1	M	100	A		-1	602.047723463	[1, 1, 1, 1, 1, 1, 1, 1, 1, 1, 1, 1]
	66908	35116	31558	1	M	23	A		-1	602.398446214	[1, 1, 1, 1, 1, 1, 1, 1, 1, 1, 1, 0]
	67431	35116	32081	1	M	111	A		-1	602.464776191	[1, 1, 1, 0, 1, 1, 1, 1, 1, 1, 1, 1]
	56172	35114	20822	1	M	54	A		-1	602.658353652	[1, 1, 1, 1, 1, 1, 1, 1, 1, 1, 1, 1]
	35827	35350	477	1	M	0	A		-1	602.725792448	[1, 1, 1, 1, 1, 1, 1, 1, 1, 1, 1, 1]
	46289	35112	10939	1	M	154	A		-1	602.992143244	[1, 1, 0, 1, 1, 1, 1, 1, 1, 1, 1, 1]
	69816	35116	34466	1	M	138	A		-1	603.055418439	[1, 1, 1, 0, 1, 1, 1, 0, 1, 1, 1, 1]
	35034	0	0	-3	M	122	A		-1	603.298362161	[1.0, 1.0, 1.0, 1.0, 1.0, 1.0, 1.0, 1.0, 1.0, 1.0, 1.0, 1.0]
	68161	35116	32811	1	M	103	A		-1	603.305297278	[1, 1, 1, 0, 1, 1, 1, 1, 1, 1, 1, 1]
	51442	35113	16092	1	M	64	A		-1	603.470731773	[1, 1, 1, 1, 1, 1, 1, 1, 1, 1, 1, 0]
	59056	35114	23706	1	M	92	A		-1	603.802017306	[1, 1, 1, 1, 1, 1, 1, 1, 1, 1, 1, 1]
	62739	35115	27389	1	M	140	A		-1	603.892141452	[1, 1, 1, 1, 1, 1, 1, 1, 1, 1, 1, 1]
	50250	35112	14900	1	M	60	A		-1	604.021288005	[1, 1, 1, 1, 1, 1, 1, 1, 1, 1, 1, 1]
	39590	35350	4240	1	M	138	A		-1	604.20875013	[1, 1, 1, 1, 1, 1, 1, 1, 1, 1, 1, 0]
	63523	35115	28173	1	M	68	A		-1	604.419410794	[1, 1, 1, 1, 1, 1, 1, 1, 1, 1, 1, 1]
	67151	35116	31801	1	M	178	A		-1	605.431130347	[1, 1, 1, 0, 1, 1, 1, 1, 1, 1, 1, 1]
	44522	35120	9172	1	M	193	A		-1	605.456768461	[1, 1, 1, 1, 1, 1, 1, 1, 1, 1, 1, 1]
	68512	35116	33162	1	M	135	A		-1	605.528242874	[1, 1, 1, 0, 1, 1, 1, 1, 1, 1, 1, 1]
	46229	35112	10879	1	M	196	A		-1	605.645538757	[1, 1, 1, 1, 1, 1, 1, 1, 1, 1, 1, 1]
	44237	35120	8887	1	M	109	A		-1	605.837948508	[1, 1, 1, 1, 1, 1, 1, 1, 1, 1, 1, 1]
	59927	35114	24577	1	M	194	A		-1	605.928349607	[1, 1, 1, 1, 1, 1, 1, 0, 1, 1, 1, 1]
	46186	35112	10836	1	M	43	A		-1	606.764877654	[1, 1, 0, 1, 1, 1, 1, 1, 1, 1, 1, 1]
	46206	35112	10856	1	M	13	A		-1	607.020684589	[1, 1, 1, 1, 1, 1, 1, 1, 1, 1, 1, 1]
	62135	35115	26785	1	M	54	A		-1	607.154851936	[1, 1, 1, 1, 1, 1, 1, 1, 1, 1, 1, 1]
	51239	35113	15889	1	M	6	A		-1	607.223058835	[1, 1, 1, 1, 1, 1, 1, 1, 1, 1, 1, 1]
	59491	35114	24141	1	M	161	A		-1	607.249202063	[1, 1, 1, 1, 1, 1, 1, 1, 1, 1, 1, 1]
	64733	35115	29383	1	M	180	A		-1	607.467043284	[1, 1, 1, 1, 1, 1, 1, 1, 1, 1, 1, 1]
	52027	35113	16677	1	M	8	A		-1	607.636344813	[0, 1, 1, 1, 1, 1, 1, 1, 1, 1, 1, 1]
	55776	35114	20426	1	M	52	A		-1	608.081245781	[1, 1, 1, 1, 1, 0, 1, 1, 1, 1, 1, 1]
	57348	35114	21998	1	M	27	A		-1	608.375056938	[1, 1, 1, 0, 1, 1, 1, 1, 1, 1, 1, 1]
	67896	35116	32546	1	M	10	A		-1	608.606516684	[1, 1, 1, 1, 1, 1, 1, 1, 1, 1, 1, 1]
	54855	35113	19505	1	M	104	A		-1	609.088835253	[1, 1, 1, 1, 1, 1, 1, 1, 1, 1, 1, 0]
	37968	35350	2618	1	M	50	A		-1	609.316976257	[1, 1, 1, 1, 1, 1, 1, 1, 1, 1, 1, 1]
	50305	35112	14955	1	M	127	A		-1	609.60662873	[1, 1, 0, 1, 1, 1, 1, 1, 1, 1, 1, 1]
	60051	35114	24701	1	M	18	A		-1	610.179681266	[1, 1, 1, 1, 1, 1, 1, 1, 1, 1, 1, 1]
	66042	35116	30692	1	M	0	A		-1	610.723382045	[1, 1, 1, 0, 1, 1, 1, 1, 1, 1, 1, 1]
	58994	35114	23644	1	M	58	A		-1	610.919991143	[1, 1, 1, 1, 1, 1, 1, 1, 1, 1, 1, 1]
	57906	35114	22556	1	M	135	A		-1	611.072420707	[1, 1, 1, 1, 1, 1, 1, 1, 1, 1, 1, 0]
	69906	35116	34556	1	M	190	A		-1	611.154911723	[1, 1, 1, 1, 1, 1, 1, 1, 1, 1, 1, 1]
	55372	35114	20022	1	M	177	A		-1	611.307610548	[1, 1, 1, 1, 1, 1, 1, 1, 1, 1, 1, 0]
	69756	35116	34406	1	M	63	A		-1	611.465237693	[1, 1, 1, 1, 1, 1, 1, 1, 1, 1, 1, 1]
	60245	35114	24895	1	M	34	A		-1	611.567577714	[1, 1, 1, 1, 1, 1, 1, 1, 1, 1, 1, 1]
	58102	35114	22752	1	M	45	A		-1	611.699435549	[1, 1, 1, 1, 1, 1, 1, 1, 1, 1, 1, 1]
	58495	35114	23145	1	M	33	A		-1	611.961194153	[1, 1, 1, 1, 1, 1, 1, 1, 1, 1, 1, 1]
	60587	35115	25237	1	M	24	A		-1	612.363369251	[1, 1, 1, 1, 1, 1, 1, 1, 1, 1, 1, 1]
	51186	35113	15836	1	M	43	A		-1	612.578002493	[1, 1, 1, 1, 1, 1, 1, 1, 1, 1, 1, 1]
	54678	35113	19328	1	M	200	A		-1	612.641337396	[1, 1, 1, 1, 1, 1, 1, 1, 1, 1, 1, 1]
	65345	35115	29995	1	M	70	A		-1	612.646636583	[1, 1, 1, 1, 1, 1, 1, 1, 1, 1, 1, 1]
	66845	35116	31495	1	M	178	A		-1	612.744498582	[1, 1, 1, 1, 1, 1, 1, 1, 1, 1, 1, 1]
	70180	35116	34830	1	M	143	A		-1	612.937783242	[1, 1, 1, 1, 1, 1, 1, 1, 1, 1, 1, 1]
	57848	35114	22498	1	M	80	A		-1	613.103743126	[1, 1, 1, 1, 1, 1, 1, 1, 1, 1, 1, 1]
	66480	35116	31130	1	M	125	A		-1	613.210682439	[1, 1, 1, 1, 1, 1, 1, 1, 1, 1, 1, 1]
	66413	35116	31063	1	M	16	A		-1	613.352813174	[1, 1, 1, 1, 1, 1, 1, 1, 1, 1, 1, 0]
	52657	35113	17307	1	M	64	A		-1	613.356949481	[1, 1, 1, 1, 1, 1, 1, 1, 1, 1, 1, 1]
	61071	35115	25721	1	M	32	A		-1	613.538809581	[1, 1, 1, 1, 1, 1, 1, 1, 1, 1, 1, 1]
	61844	35115	26494	1	M	40	A		-1	613.710563324	[1, 1, 1, 1, 1, 1, 1, 1, 1, 1, 1, 1]
	65592	35116	30242	1	M	169	A		-1	613.852329895	[1, 1, 1, 0, 1, 1, 1, 1, 1, 1, 1, 1]
	64796	35115	29446	1	M	62	A		-1	613.974558206	[1, 1, 1, 1, 1, 1, 1, 1, 1, 1, 1, 1]
	69746	35116	34396	1	M	165	A		-1	614.080121741	[1, 1, 1, 1, 1, 0, 1, 1, 1, 1, 1, 1]
	61393	35115	26043	1	M	82	A		-1	614.083333279	[1, 1, 1, 1, 1, 1, 1, 1, 1, 1, 1, 1]
	67894	35116	32544	1	M	149	A		-1	614.203742678	[1, 1, 1, 1, 1, 1, 1, 1, 1, 1, 1, 1]
	47504	35112	12154	1	M	128	A		-1	614.23262516	[1, 1, 1, 1, 1, 1, 1, 1, 1, 1, 1, 1]
	68416	35116	33066	1	M	5	A		-1	614.418754094	[1, 1, 1, 1, 1, 1, 1, 1, 1, 1, 1, 0]
	58787	35114	23437	1	M	117	A		-1	614.678112118	[1, 1, 1, 1, 1, 1, 1, 1, 1, 1, 1, 1]
	61830	35115	26480	1	M	106	A		-1	615.182904481	[1, 1, 1, 1, 1, 1, 1, 1, 1, 1, 1, 1]
	37298	35350	1948	1	M	143	A		-1	616.33476162	[1, 1, 1, 1, 1, 1, 1, 1, 1, 1, 1, 1]
	35155	0	0	-5	M	87	A		-1	616.345656778	[1.0, 1.0, 1.0, 1.0, 1.0, 1.0, 1.0, 1.0, 1.0, 1.0, 1.0, 1.0]
	64275	35115	28925	1	M	31	A		-1	616.510394184	[1, 1, 1, 1, 1, 1, 1, 1, 1, 1, 1, 1]
	59286	35114	23936	1	M	102	A		-1	616.594959517	[1, 1, 1, 1, 1, 1, 0, 1, 1, 1, 1, 1]
	56676	35114	21326	1	M	127	A		-1	616.782617369	[1, 1, 1, 1, 1, 1, 1, 1, 1, 1, 1, 1]
	63387	35115	28037	1	M	113	A		-1	616.813002837	[1, 1, 1, 1, 1, 1, 1, 1, 1, 1, 1, 1]
	63592	35115	28242	1	M	120	A		-1	616.889620034	[1, 1, 1, 1, 1, 1, 1, 1, 1, 1, 1, 1]
	59642	35114	24292	1	M	169	A		-1	617.281711425	[1, 1, 1, 1, 1, 1, 1, 1, 1, 1, 1, 1]
	55497	35114	20147	1	M	114	A		-1	617.306804439	[1, 1, 1, 1, 1, 1, 1, 1, 1, 1, 1, 1]
	49654	35112	14304	1	M	31	A		-1	617.517554192	[1, 1, 1, 1, 1, 1, 1, 1, 1, 1, 1, 1]
	49663	35112	14313	1	M	115	A		-1	617.583751594	[1, 1, 0, 1, 1, 1, 1, 1, 1, 1, 1, 1]
	45596	35112	10246	1	M	94	A		-1	618.345628018	[1, 0, 0, 1, 1, 1, 1, 1, 1, 1, 1, 0]
	63896	35115	28546	1	M	197	A		-1	618.440988209	[1, 1, 1, 1, 1, 1, 1, 1, 1, 1, 1, 1]
	48532	35112	13182	1	M	150	A		-1	618.445662945	[1, 1, 0, 1, 1, 1, 1, 1, 1, 1, 1, 1]
	57939	35114	22589	1	M	78	A		-1	618.744149265	[1, 1, 1, 1, 1, 1, 1, 1, 1, 1, 1, 1]
	55838	35114	20488	1	M	112	A		-1	619.281821318	[1, 1, 1, 1, 1, 1, 1, 1, 1, 1, 1, 1]
	51968	35113	16618	1	M	85	A		-1	619.487160094	[1, 1, 1, 1, 1, 1, 1, 1, 1, 1, 1, 1]
	61981	35115	26631	1	M	172	A		-1	619.848908749	[1, 1, 1, 0, 1, 1, 1, 1, 1, 1, 1, 1]
	64726	35115	29376	1	M	86	A		-1	620.106205871	[1, 1, 1, 1, 1, 1, 1, 1, 1, 1, 1, 1]
	67348	35116	31998	1	M	13	A		-1	620.435540831	[1, 1, 1, 1, 1, 1, 1, 1, 1, 1, 1, 0]
	61433	35115	26083	1	M	61	A		-1	620.523643891	[1, 1, 1, 1, 1, 1, 1, 1, 1, 1, 1, 1]
	63753	35115	28403	1	M	126	A		-1	620.657106668	[1, 1, 1, 1, 1, 1, 1, 1, 1, 1, 1, 1]
	49060	35112	13710	1	M	139	A		-1	621.089755574	[1, 1, 0, 1, 1, 1, 1, 1, 1, 1, 1, 1]
	57773	35114	22423	1	M	94	A		-1	621.457209112	[1, 1, 1, 1, 1, 1, 1, 1, 1, 1, 1, 1]
	59162	35114	23812	1	M	142	A		-1	621.582498082	[1, 1, 1, 1, 1, 0, 1, 1, 1, 1, 1, 1]
	61257	35115	25907	1	M	48	A		-1	621.862390691	[1, 1, 1, 1, 1, 1, 1, 1, 1, 1, 1, 1]
	35205	0	0	-4	M	128	A		-1	622.448019933	[1.0, 1.0, 1.0, 1.0, 1.0, 1.0, 1.0, 1.0, 1.0, 1.0, 1.0, 1.0]
	51908	35113	16558	1	M	61	A		-1	622.643030238	[1, 1, 1, 1, 1, 1, 1, 1, 1, 1, 1, 0]
	46234	35112	10884	1	M	101	A		-1	622.672193468	[1, 1, 0, 1, 1, 1, 1, 1, 1, 1, 1, 1]
	65540	35116	30190	1	M	100	A		-1	623.531637665	[1, 1, 1, 1, 1, 1, 1, 1, 1, 1, 1, 1]
	53820	35113	18470	1	M	56	A		-1	623.800242619	[1, 1, 1, 1, 1, 1, 1, 1, 1, 1, 1, 0]
	47112	35112	11762	1	M	188	A		-1	623.891990041	[1, 1, 1, 1, 1, 1, 1, 1, 1, 1, 1, 1]
	63654	35115	28304	1	M	116	A		-1	624.818322248	[1, 1, 1, 1, 1, 1, 1, 1, 1, 1, 1, 1]
	60998	35115	25648	1	M	186	A		-1	625.033178035	[1, 1, 1, 1, 1, 1, 1, 1, 1, 1, 1, 1]
	68803	35116	33453	1	M	37	A		-1	625.130817445	[1, 1, 1, 0, 1, 1, 1, 1, 1, 1, 1, 1]
	62100	35115	26750	1	M	193	A		-1	625.295356596	[1, 1, 1, 1, 1, 1, 1, 1, 1, 1, 1, 1]
	62961	35115	27611	1	M	118	A		-1	625.480058053	[1, 1, 1, 1, 1, 1, 1, 1, 1, 1, 1, 1]
	58146	35114	22796	1	M	122	A		-1	625.509089596	[1, 1, 1, 1, 1, 1, 1, 1, 1, 1, 1, 1]
	66610	35116	31260	1	M	93	A		-1	626.07838304	[1, 1, 1, 0, 1, 1, 1, 1, 1, 1, 1, 1]
	45830	35112	10480	1	M	78	A		-1	626.180024954	[1, 1, 1, 1, 1, 1, 1, 1, 1, 1, 1, 1]
	57103	35114	21753	1	M	28	A		-1	626.297243024	[1, 1, 1, 1, 1, 1, 1, 1, 1, 1, 1, 1]
	60868	35115	25518	1	M	93	A		-1	626.322150727	[1, 1, 0, 1, 1, 1, 1, 1, 1, 1, 1, 1]
	61258	35115	25908	1	M	100	A		-1	627.220929502	[1, 1, 1, 1, 1, 1, 1, 1, 1, 1, 1, 1]
	67037	35116	31687	1	M	72	A		-1	627.286673729	[1, 1, 1, 0, 1, 1, 1, 1, 1, 1, 1, 1]
	63958	35115	28608	1	M	152	A		-1	628.0687878	[1, 1, 1, 1, 1, 1, 1, 1, 1, 1, 1, 1]
	46409	35112	11059	1	M	76	A		-1	628.337526029	[1, 1, 0, 1, 1, 1, 1, 1, 1, 1, 1, 1]
	69320	35116	33970	1	M	33	A		-1	628.619069979	[1, 1, 1, 1, 1, 1, 1, 1, 1, 1, 1, 1]
	35023	0	0	-4	M	134	A		-1	628.709528535	[1.0, 1.0, 1.0, 1.0, 1.0, 1.0, 1.0, 1.0, 1.0, 1.0, 1.0, 1.0]
	61021	35115	25671	1	M	136	A		-1	628.775342228	[1, 1, 1, 1, 1, 1, 1, 1, 1, 1, 1, 1]
	68028	35116	32678	1	M	134	A		-1	628.795423667	[1, 1, 1, 1, 1, 1, 1, 1, 1, 1, 1, 1]
	57851	35114	22501	1	M	124	A		-1	628.89030551	[1, 1, 1, 1, 1, 1, 1, 1, 1, 1, 1, 1]
	54316	35113	18966	1	M	62	A		-1	628.986737827	[1, 1, 1, 1, 1, 1, 1, 1, 1, 1, 1, 1]
	50493	35113	15143	1	M	177	A		-1	629.043036051	[1, 1, 1, 1, 1, 1, 1, 1, 1, 1, 1, 1]
	61330	35115	25980	1	M	13	A		-1	629.075455931	[1, 1, 1, 1, 1, 1, 1, 1, 1, 1, 1, 1]
	66692	35116	31342	1	M	133	A		-1	629.692742198	[1, 1, 1, 0, 1, 1, 1, 1, 1, 1, 1, 1]
	69260	35116	33910	1	M	53	A		-1	629.717793272	[1, 1, 1, 0, 1, 1, 1, 1, 1, 1, 1, 0]
	61646	35115	26296	1	M	38	A		-1	629.848378159	[1, 1, 1, 1, 1, 1, 1, 1, 1, 1, 1, 1]
	53537	35113	18187	1	M	17	A		-1	629.866292619	[1, 1, 1, 1, 1, 1, 1, 1, 1, 1, 1, 1]
	41244	35120	5894	1	M	124	A		-1	630.07853769	[1, 1, 1, 1, 1, 1, 1, 1, 1, 1, 1, 0]
	60295	35114	24945	1	M	127	A		-1	630.442505768	[1, 1, 1, 1, 1, 1, 1, 1, 1, 1, 1, 1]
	56595	35114	21245	1	M	116	A		-1	631.304158204	[1, 1, 1, 1, 1, 1, 1, 1, 1, 1, 1, 1]
	56249	35114	20899	1	M	28	A		-1	631.308261225	[1, 1, 1, 1, 1, 1, 1, 1, 1, 1, 1, 1]
	62818	35115	27468	1	M	26	A		-1	631.33193623	[1, 1, 1, 1, 1, 1, 1, 1, 1, 1, 1, 1]
	59829	35114	24479	1	M	69	A		-1	631.625139005	[1, 1, 1, 1, 1, 1, 1, 1, 1, 1, 1, 1]
	52793	35113	17443	1	M	13	A		-1	631.984594743	[1, 0, 1, 1, 1, 1, 1, 1, 1, 1, 1, 0]
	53961	35113	18611	1	M	108	A		-1	632.001442587	[1, 1, 1, 1, 1, 1, 1, 1, 1, 1, 1, 0]
	68072	35116	32722	1	M	165	A		-1	632.071503677	[1, 1, 1, 0, 1, 1, 1, 1, 1, 1, 1, 1]
	70172	35116	34822	1	M	21	A		-1	633.35232694	[1, 1, 1, 1, 1, 1, 1, 1, 1, 1, 1, 1]
	46726	35112	11376	1	M	1	A		-1	633.55094735	[1, 1, 0, 1, 1, 1, 1, 1, 1, 1, 1, 1]
	50079	35112	14729	1	M	151	A		-1	633.723988842	[1, 1, 0, 1, 1, 1, 1, 1, 1, 1, 1, 1]
	52937	35113	17587	1	M	119	A		-1	633.811124923	[1, 1, 1, 1, 1, 1, 1, 1, 1, 1, 1, 0]
	35310	0	0	-7	M	2	A		-1	634.197788616	[1.0, 1.0, 1.0, 1.0, 1.0, 1.0, 1.0, 1.0, 1.0, 1.0, 1.0, 1.0]
	56840	35114	21490	1	M	38	A		-1	634.263465785	[1, 1, 1, 1, 1, 1, 1, 1, 1, 1, 1, 1]
	35301	0	0	-4	M	32	A		-1	634.434481105	[1.0, 1.0, 1.0, 1.0, 1.0, 1.0, 1.0, 1.0, 1.0, 1.0, 1.0, 1.0]
	35241	0	0	-7	M	144	A		-1	634.71491439	[1.0, 1.0, 1.0, 1.0, 1.0, 1.0, 1.0, 1.0, 1.0, 1.0, 1.0, 1.0]
	47476	35112	12126	1	M	186	A		-1	634.990323842	[1, 1, 1, 1, 1, 1, 1, 1, 1, 1, 1, 1]
	47452	35112	12102	1	M	10	A		-1	635.385156653	[1, 1, 1, 1, 1, 1, 1, 1, 1, 1, 1, 1]
	49489	35112	14139	1	M	123	A		-1	635.444422627	[1, 1, 0, 1, 1, 1, 1, 1, 1, 1, 1, 1]
	56852	35114	21502	1	M	16	A		-1	635.541728517	[1, 1, 1, 1, 1, 1, 1, 1, 1, 1, 1, 1]
	66724	35116	31374	1	M	91	A		-1	635.652801118	[1, 1, 1, 1, 1, 1, 1, 1, 1, 1, 1, 1]
	56061	35114	20711	1	M	193	A		-1	635.692834801	[1, 1, 1, 1, 1, 1, 1, 1, 1, 1, 1, 1]
	57487	35114	22137	1	M	125	A		-1	636.24365484	[1, 1, 1, 1, 1, 1, 1, 1, 1, 1, 1, 1]
	61227	35115	25877	1	M	125	A		-1	636.441335133	[1, 1, 1, 1, 1, 1, 1, 1, 1, 1, 1, 1]
	57512	35114	22162	1	M	31	A		-1	636.500271498	[1, 1, 1, 1, 1, 1, 1, 1, 1, 1, 1, 1]
	63014	35115	27664	1	M	157	A		-1	636.510336904	[1, 1, 1, 1, 1, 1, 1, 1, 1, 1, 1, 1]
	53188	35113	17838	1	M	3	A		-1	636.672556993	[1, 1, 1, 1, 1, 1, 1, 1, 1, 1, 1, 0]
	35043	0	0	-9	M	120	A		-1	636.892475563	[1.0, 1.0, 1.0, 1.0, 1.0, 1.0, 1.0, 1.0, 1.0, 1.0, 1.0, 1.0]
	59202	35114	23852	1	M	107	A		-1	637.852577837	[1, 1, 0, 1, 1, 1, 1, 1, 1, 1, 1, 1]
	57467	35114	22117	1	M	119	A		-1	638.074461273	[1, 1, 1, 1, 1, 1, 1, 1, 1, 1, 1, 1]
	63774	35115	28424	1	M	174	A		-1	638.102014023	[1, 1, 1, 1, 1, 1, 1, 1, 1, 1, 1, 1]
	60201	35114	24851	1	M	21	A		-1	638.774126481	[1, 1, 1, 1, 1, 1, 1, 1, 1, 1, 1, 1]
	67336	35116	31986	1	M	181	A		-1	638.81263603	[1, 1, 1, 0, 1, 1, 1, 1, 1, 1, 1, 1]
	69472	35116	34122	1	M	51	A		-1	639.344588181	[1, 1, 1, 0, 1, 1, 1, 1, 1, 1, 1, 1]
	50793	35113	15443	1	M	28	A		-1	639.445614889	[1, 1, 1, 1, 1, 1, 1, 1, 1, 1, 1, 1]
	58355	35114	23005	1	M	125	A		-1	639.563141989	[1, 1, 1, 0, 1, 1, 1, 1, 1, 1, 1, 1]
	59985	35114	24635	1	M	76	A		-1	639.735495511	[1, 1, 1, 1, 1, 1, 1, 1, 1, 1, 1, 1]
	47738	35112	12388	1	M	33	A		-1	639.781868488	[1, 1, 1, 1, 1, 1, 1, 1, 1, 1, 1, 1]
	62356	35115	27006	1	M	150	A		-1	639.804521119	[1, 1, 1, 1, 1, 1, 1, 1, 1, 1, 1, 0]
	62955	35115	27605	1	M	100	A		-1	640.01672632	[1, 1, 1, 1, 1, 1, 1, 1, 1, 1, 1, 1]
	62928	35115	27578	1	M	66	A		-1	640.531563052	[1, 1, 1, 1, 1, 1, 1, 1, 1, 1, 1, 1]
	56878	35114	21528	1	M	23	A		-1	640.782993596	[1, 1, 1, 1, 1, 1, 1, 1, 1, 1, 1, 1]
	61530	35115	26180	1	M	19	A		-1	640.817772721	[1, 1, 1, 1, 1, 1, 1, 1, 1, 1, 1, 1]
	69139	35116	33789	1	M	87	A		-1	640.818126456	[1, 1, 1, 1, 1, 1, 1, 1, 1, 1, 1, 1]
	35012	0	0	-2	M	64	A		-1	640.84335519	[1.0, 1.0, 1.0, 1.0, 1.0, 1.0, 1.0, 1.0, 1.0, 1.0, 1.0, 0.0]
	56541	35114	21191	1	M	20	A		-1	640.941457749	[0, 1, 1, 1, 1, 1, 1, 1, 1, 1, 1, 1]
	65757	35116	30407	1	M	11	A		-1	641.141253665	[1, 1, 1, 1, 1, 1, 1, 1, 1, 1, 1, 1]
	68450	35116	33100	1	M	165	A		-1	641.2818477	[1, 1, 1, 0, 1, 1, 1, 1, 1, 1, 1, 1]
	37336	35350	1986	1	M	126	A		-1	641.528444053	[1, 1, 1, 1, 1, 1, 1, 1, 1, 1, 1, 1]
	61043	35115	25693	1	M	100	A		-1	641.777919419	[1, 1, 1, 1, 1, 1, 1, 1, 1, 1, 1, 1]
	55470	35114	20120	1	M	182	A		-1	641.916234591	[1, 1, 1, 1, 1, 1, 1, 1, 1, 1, 1, 1]
	62029	35115	26679	1	M	38	A		-1	642.824780178	[1, 1, 1, 1, 1, 1, 1, 1, 1, 1, 1, 1]
	63185	35115	27835	1	M	175	A		-1	643.032350272	[1, 1, 1, 1, 1, 1, 1, 1, 1, 1, 1, 1]
	60567	35115	25217	1	M	180	A		-1	643.255483892	[1, 1, 1, 1, 1, 1, 1, 1, 1, 1, 1, 1]
	61224	35115	25874	1	M	97	A		-1	644.640479002	[1, 1, 1, 1, 1, 1, 1, 1, 1, 1, 1, 1]
	57992	35114	22642	1	M	55	A		-1	645.278771238	[1, 1, 1, 1, 1, 1, 1, 1, 1, 1, 1, 0]
	68019	35116	32669	1	M	188	A		-1	645.78658808	[1, 1, 1, 0, 1, 1, 1, 1, 1, 1, 1, 1]
	45224	35120	9874	1	M	7	A		-1	646.11585767	[1, 1, 1, 1, 1, 1, 1, 1, 1, 1, 1, 1]
	59912	35114	24562	1	M	12	A		-1	646.657210933	[1, 1, 1, 1, 1, 1, 1, 1, 1, 1, 1, 1]
	54834	35113	19484	1	M	146	A		-1	646.9695472	[1, 1, 1, 1, 1, 1, 1, 1, 1, 1, 1, 0]
	60628	35115	25278	1	M	9	A		-1	647.032658503	[1, 1, 1, 1, 1, 1, 1, 1, 1, 1, 1, 1]
	65282	35115	29932	1	M	122	A		-1	647.47573804	[1, 1, 1, 1, 1, 1, 1, 1, 1, 1, 1, 1]
	62465	35115	27115	1	M	112	A		-1	647.971589934	[1, 1, 1, 1, 1, 1, 1, 1, 1, 1, 1, 1]
	67462	35116	32112	1	M	107	A		-1	648.320994291	[1, 1, 1, 1, 1, 1, 1, 1, 1, 1, 1, 0]
	70051	35116	34701	1	M	144	A		-1	648.985652945	[1, 1, 1, 1, 1, 1, 1, 1, 1, 1, 1, 1]
	65097	35115	29747	1	M	151	A		-1	649.07032196	[1, 1, 1, 1, 1, 1, 1, 1, 1, 1, 1, 1]
	35226	0	0	-6	M	196	A		-1	649.389713773	[0.0, 1.0, 1.0, 1.0, 1.0, 1.0, 1.0, 1.0, 1.0, 1.0, 1.0, 1.0]
	59323	35114	23973	1	M	39	A		-1	649.468151386	[1, 1, 1, 1, 1, 1, 1, 1, 1, 1, 1, 1]
	67897	35116	32547	1	M	39	A		-1	649.698460752	[1, 1, 1, 1, 1, 1, 1, 1, 1, 1, 1, 1]
	56330	35114	20980	1	M	42	A		-1	649.962813902	[1, 1, 1, 1, 1, 1, 1, 1, 1, 1, 1, 1]
	49661	35112	14311	1	M	101	A		-1	650.197280701	[1, 1, 0, 1, 1, 1, 1, 1, 1, 1, 1, 1]
	52023	35113	16673	1	M	129	A		-1	650.290340456	[1, 1, 1, 1, 1, 1, 1, 1, 1, 1, 1, 1]
	67050	35116	31700	1	M	147	A		-1	650.46799018	[1, 1, 1, 0, 1, 1, 1, 1, 1, 1, 1, 1]
	54667	35113	19317	1	M	64	A		-1	650.570618164	[1, 1, 1, 1, 1, 1, 1, 1, 1, 1, 1, 0]
	40787	35120	5437	1	M	190	A		-1	651.02833654	[1, 1, 1, 1, 1, 1, 1, 1, 1, 1, 1, 1]
	58453	35114	23103	1	M	1	A		-1	651.468600989	[1, 1, 1, 1, 1, 1, 1, 1, 1, 1, 1, 1]
	49296	35112	13946	1	M	139	A		-1	651.527735031	[0, 1, 1, 1, 1, 1, 1, 1, 1, 1, 1, 1]
	55546	35114	20196	1	M	3	A		-1	651.700032147	[1, 1, 1, 1, 1, 1, 1, 1, 1, 1, 1, 1]
	58854	35114	23504	1	M	18	A		-1	651.810264373	[1, 1, 1, 1, 1, 1, 1, 1, 1, 1, 1, 1]
	53302	35113	17952	1	M	70	A		-1	652.068529865	[1, 1, 1, 1, 1, 1, 1, 1, 1, 1, 1, 0]
	62346	35115	26996	1	M	139	A		-1	652.312465048	[1, 1, 1, 1, 1, 1, 1, 1, 1, 1, 1, 1]
	67373	35116	32023	1	M	72	A		-1	652.317866338	[1, 1, 1, 0, 1, 1, 1, 1, 1, 1, 1, 1]
	56710	35114	21360	1	M	175	A		-1	652.89168055	[1, 1, 1, 1, 1, 1, 1, 1, 1, 1, 1, 1]
	66252	35116	30902	1	M	122	A		-1	653.295829724	[1, 1, 1, 0, 1, 1, 1, 1, 1, 1, 1, 1]
	67410	35116	32060	1	M	42	A		-1	653.477236629	[1, 1, 1, 1, 1, 1, 1, 1, 1, 1, 1, 1]
	59022	35114	23672	1	M	17	A		-1	653.757052267	[1, 1, 1, 1, 1, 1, 1, 1, 1, 1, 1, 1]
	58600	35114	23250	1	M	25	A		-1	653.853020931	[1, 1, 1, 1, 1, 1, 1, 1, 1, 1, 1, 1]
	69785	35116	34435	1	M	153	A		-1	653.969608567	[1, 1, 1, 0, 1, 1, 1, 1, 1, 1, 1, 1]
	59070	35114	23720	1	M	179	A		-1	654.077157509	[1, 1, 1, 1, 1, 1, 1, 1, 1, 1, 1, 1]
	64125	35115	28775	1	M	40	A		-1	654.750761273	[1, 1, 1, 1, 1, 0, 1, 1, 1, 1, 1, 0]
	65173	35115	29823	1	M	62	A		-1	654.801828918	[1, 1, 1, 1, 1, 1, 1, 1, 1, 1, 1, 1]
	41460	35120	6110	1	M	28	A		-1	656.275928018	[1, 1, 1, 1, 1, 1, 1, 1, 1, 1, 1, 1]
	46811	35112	11461	1	M	133	A		-1	656.352564506	[1, 1, 0, 1, 1, 1, 1, 1, 1, 1, 1, 1]
	57898	35114	22548	1	M	161	A		-1	656.353832179	[1, 1, 1, 1, 1, 1, 1, 1, 1, 1, 1, 1]
	47825	35112	12475	1	M	125	A		-1	656.733274532	[1, 1, 0, 1, 1, 1, 1, 1, 1, 1, 1, 1]
	66064	35116	30714	1	M	75	A		-1	657.171510699	[1, 1, 1, 0, 1, 1, 1, 1, 1, 1, 1, 1]
	38322	35350	2972	1	M	191	A		-1	657.222207072	[1, 0, 1, 1, 1, 1, 1, 1, 1, 1, 1, 1]
	51549	35113	16199	1	M	189	A		-1	657.373709171	[1, 1, 1, 1, 1, 1, 1, 1, 1, 1, 1, 1]
	42769	35120	7419	1	M	107	A		-1	657.547636272	[1, 1, 1, 1, 1, 1, 1, 1, 1, 1, 1, 1]
	35019	0	0	-8	M	92	A		-1	657.763461562	[1.0, 1.0, 1.0, 0.0, 1.0, 1.0, 1.0, 1.0, 1.0, 1.0, 1.0, 0.0]
	60642	35115	25292	1	M	19	A		-1	658.054520068	[1, 1, 1, 1, 1, 1, 1, 1, 1, 1, 1, 1]
	59679	35114	24329	1	M	31	A		-1	658.115523287	[1, 1, 1, 1, 1, 1, 1, 1, 1, 1, 1, 1]
	46992	35112	11642	1	M	180	A		-1	659.208360927	[1, 1, 0, 1, 1, 1, 1, 1, 1, 1, 1, 1]
	62432	35115	27082	1	M	146	A		-1	659.987822679	[1, 1, 1, 1, 1, 0, 1, 1, 1, 1, 1, 1]
	35069	0	0	-9	M	25	A		-1	660.217461468	[1.0, 1.0, 1.0, 0.0, 1.0, 1.0, 1.0, 1.0, 1.0, 1.0, 1.0, 0.0]
	50492	35113	15142	1	M	153	A		-1	661.323934467	[1, 1, 1, 1, 1, 1, 1, 1, 1, 1, 1, 0]
	48979	35112	13629	1	M	110	A		-1	661.496029371	[1, 1, 0, 1, 1, 1, 1, 1, 1, 1, 1, 1]
	54932	35113	19582	1	M	169	A		-1	662.048504029	[1, 1, 1, 1, 1, 1, 1, 1, 1, 1, 1, 1]
	51017	35113	15667	1	M	196	A		-1	662.358462556	[1, 1, 1, 1, 1, 1, 1, 1, 1, 1, 1, 0]
	67973	35116	32623	1	M	71	A		-1	662.735532426	[1, 1, 1, 1, 1, 1, 1, 1, 1, 1, 1, 1]
	63606	35115	28256	1	M	65	A		-1	663.007815954	[1, 1, 1, 1, 1, 1, 1, 1, 1, 1, 1, 1]
	48078	35112	12728	1	M	162	A		-1	663.17091469	[1, 1, 1, 1, 1, 1, 1, 1, 1, 1, 1, 1]
	66083	35116	30733	1	M	98	A		-1	664.177044962	[1, 1, 1, 1, 1, 1, 1, 1, 1, 1, 1, 1]
	49720	35112	14370	1	M	165	A		-1	664.298031891	[1, 1, 1, 1, 1, 1, 1, 1, 1, 1, 1, 1]
	64236	35115	28886	1	M	168	A		-1	664.331993076	[1, 1, 1, 1, 1, 1, 1, 1, 1, 1, 1, 1]
	66976	35116	31626	1	M	178	A		-1	664.777931732	[1, 1, 1, 0, 1, 1, 1, 1, 1, 1, 1, 1]
	60062	35114	24712	1	M	10	A		-1	664.983031116	[1, 1, 1, 1, 1, 1, 1, 1, 1, 1, 1, 1]
	66002	35116	30652	1	M	200	A		-1	664.984131084	[1, 1, 1, 0, 1, 1, 1, 1, 1, 1, 1, 1]
	35091	0	0	-4	M	83	A		-1	665.215671893	[0.0, 1.0, 1.0, 1.0, 1.0, 1.0, 1.0, 1.0, 1.0, 1.0, 1.0, 1.0]
	46283	35112	10933	1	M	34	A		-1	665.522013549	[1, 1, 0, 1, 1, 1, 1, 1, 1, 1, 1, 1]
	58236	35114	22886	1	M	31	A		-1	666.058830002	[1, 1, 1, 1, 1, 1, 1, 1, 1, 1, 1, 1]
	42867	35120	7517	1	M	195	A		-1	666.531112237	[1, 1, 1, 1, 1, 1, 1, 1, 1, 1, 1, 1]
	70219	35116	34869	1	M	71	A		-1	666.918248028	[1, 1, 1, 0, 1, 1, 1, 1, 1, 1, 1, 1]
	35127	0	0	-7	M	108	A		-1	666.967936094	[1.0, 0.0, 1.0, 1.0, 1.0, 1.0, 1.0, 1.0, 1.0, 1.0, 1.0, 1.0]
	52075	35113	16725	1	M	165	A		-1	668.264990281	[1, 1, 1, 1, 1, 1, 1, 1, 1, 1, 1, 1]
	59214	35114	23864	1	M	119	A		-1	668.602596313	[1, 1, 1, 1, 1, 1, 1, 1, 1, 1, 1, 1]
	57607	35114	22257	1	M	138	A		-1	668.94476969	[1, 1, 1, 1, 1, 1, 1, 1, 1, 1, 1, 1]
	51919	35113	16569	1	M	59	A		-1	669.07600417	[1, 1, 1, 1, 1, 1, 1, 1, 1, 1, 1, 0]
	57634	35114	22284	1	M	124	A		-1	669.594185628	[1, 1, 1, 1, 1, 1, 1, 1, 1, 1, 1, 0]
	63908	35115	28558	1	M	94	A		-1	669.920005768	[1, 1, 1, 1, 1, 1, 1, 1, 1, 1, 1, 1]
	59076	35114	23726	1	M	156	A		-1	669.93565687	[1, 1, 1, 1, 1, 1, 1, 1, 1, 1, 1, 1]
	59161	35114	23811	1	M	64	A		-1	670.068557793	[1, 1, 1, 1, 1, 1, 1, 1, 1, 1, 1, 1]
	64271	35115	28921	1	M	72	A		-1	670.105086026	[1, 1, 1, 1, 1, 1, 1, 1, 1, 1, 1, 1]
	68725	35116	33375	1	M	97	A		-1	672.039631333	[1, 1, 1, 1, 1, 1, 1, 1, 1, 1, 1, 1]
	63281	35115	27931	1	M	185	A		-1	672.26453323	[1, 1, 1, 1, 1, 1, 1, 1, 1, 1, 1, 1]
	65563	35116	30213	1	M	142	A		-1	672.577199832	[1, 1, 1, 0, 1, 1, 1, 1, 1, 1, 1, 1]
	35173	0	0	0	M	133	A		-1	672.77662624	[1.0, 1.0, 1.0, 1.0, 1.0, 1.0, 1.0, 1.0, 1.0, 1.0, 1.0, 0.0]
	69788	35116	34438	1	M	56	A		-1	673.015866199	[1, 1, 1, 1, 1, 1, 1, 1, 1, 1, 1, 1]
	67850	35116	32500	1	M	164	A		-1	673.31949345	[1, 1, 1, 0, 1, 1, 1, 1, 1, 1, 1, 1]
	35158	0	0	-7	M	29	A		-1	673.71852544	[1.0, 1.0, 1.0, 1.0, 1.0, 1.0, 1.0, 1.0, 1.0, 1.0, 1.0, 0.0]
	45651	35112	10301	1	M	12	A		-1	673.780759748	[1, 1, 0, 1, 0, 1, 1, 1, 1, 1, 1, 1]
	59021	35114	23671	1	M	134	A		-1	673.806820969	[1, 1, 1, 1, 1, 1, 1, 1, 1, 1, 1, 1]
	52506	35113	17156	1	M	80	A		-1	674.445887271	[1, 1, 1, 1, 1, 1, 1, 1, 1, 1, 1, 0]
	51788	35113	16438	1	M	18	A		-1	674.786463163	[1, 1, 1, 1, 1, 1, 1, 1, 1, 1, 1, 0]
	56565	35114	21215	1	M	44	A		-1	676.40484713	[1, 1, 1, 1, 1, 1, 1, 1, 1, 1, 1, 1]
	66695	35116	31345	1	M	91	A		-1	676.606784623	[1, 1, 1, 1, 1, 1, 1, 1, 1, 1, 1, 1]
	47574	35112	12224	1	M	20	A		-1	676.742024227	[1, 1, 1, 1, 1, 1, 1, 1, 1, 1, 1, 1]
	69362	35116	34012	1	M	159	A		-1	677.27573957	[1, 1, 1, 0, 1, 1, 1, 1, 1, 1, 1, 0]
	49825	35112	14475	1	M	153	A		-1	677.548212397	[1, 1, 1, 1, 1, 1, 1, 1, 1, 1, 1, 0]
	54916	35113	19566	1	M	89	A		-1	677.608789824	[1, 1, 1, 1, 1, 1, 1, 1, 1, 1, 1, 1]
	42993	35120	7643	1	M	54	A		-1	677.699264501	[1, 1, 1, 1, 1, 1, 1, 1, 1, 1, 1, 0]
	56659	35114	21309	1	M	12	A		-1	677.895322455	[1, 1, 1, 1, 1, 1, 1, 1, 1, 1, 1, 1]
	59094	35114	23744	1	M	6	A		-1	678.104902943	[1, 1, 1, 1, 1, 1, 1, 1, 1, 1, 1, 1]
	66502	35116	31152	1	M	0	A		-1	678.436800593	[1, 1, 1, 0, 1, 1, 1, 1, 1, 1, 1, 1]
	60139	35114	24789	1	M	150	A		-1	678.501597372	[1, 1, 1, 1, 1, 1, 1, 1, 1, 1, 1, 1]
	51086	35113	15736	1	M	79	A		-1	678.985485548	[1, 1, 1, 1, 1, 1, 1, 1, 1, 1, 1, 0]
	67592	35116	32242	1	M	83	A		-1	679.253848413	[1, 1, 1, 1, 1, 1, 1, 1, 1, 1, 1, 1]
	68744	35116	33394	1	M	11	A		-1	679.336543748	[1, 1, 1, 1, 1, 1, 1, 1, 1, 1, 1, 1]
	57301	35114	21951	1	M	198	A		-1	679.761025612	[0, 1, 1, 1, 1, 1, 1, 1, 1, 1, 1, 1]
	66594	35116	31244	1	M	58	A		-1	680.582918207	[1, 1, 1, 1, 1, 1, 1, 1, 1, 1, 1, 1]
	56467	35114	21117	1	M	56	A		-1	680.585434487	[1, 1, 1, 1, 1, 1, 1, 1, 1, 1, 1, 1]
	54596	35113	19246	1	M	105	A		-1	681.211016443	[1, 1, 1, 1, 1, 1, 1, 1, 1, 1, 1, 0]
	66560	35116	31210	1	M	151	A		-1	681.621990179	[1, 1, 1, 0, 1, 1, 1, 1, 1, 1, 1, 1]
	59701	35114	24351	1	M	4	A		-1	681.863171301	[1, 1, 1, 1, 1, 1, 1, 1, 1, 1, 1, 1]
	64666	35115	29316	1	M	86	A		-1	682.544381943	[1, 1, 1, 1, 1, 1, 1, 1, 1, 1, 1, 1]
	47404	35112	12054	1	M	94	A		-1	682.568360572	[1, 1, 0, 1, 1, 1, 1, 1, 1, 1, 1, 1]
	48943	35112	13593	1	M	144	A		-1	682.956608957	[1, 1, 1, 1, 1, 1, 1, 1, 1, 0, 1, 1]
	65905	35116	30555	1	M	94	A		-1	683.347100448	[1, 1, 1, 0, 1, 1, 1, 1, 1, 1, 1, 1]
	65861	35116	30511	1	M	156	A		-1	683.408231863	[1, 1, 1, 1, 1, 1, 1, 1, 1, 1, 1, 1]
	66330	35116	30980	1	M	106	A		-1	683.692269236	[1, 1, 1, 0, 1, 1, 1, 1, 1, 1, 1, 1]
	49281	35112	13931	1	M	117	A		-1	685.792824275	[1, 1, 0, 1, 1, 1, 1, 1, 1, 1, 1, 1]
	69140	35116	33790	1	M	49	A		-1	687.109164062	[1, 1, 1, 1, 1, 1, 1, 1, 1, 1, 1, 1]
	57008	35114	21658	1	M	164	A		-1	687.641012425	[1, 1, 1, 1, 1, 1, 1, 1, 1, 1, 1, 0]
	46497	35112	11147	1	M	125	A		-1	688.404789394	[1, 1, 0, 1, 1, 1, 1, 1, 1, 1, 1, 1]
	49067	35112	13717	1	M	81	A		-1	688.760600299	[1, 1, 0, 1, 1, 1, 1, 1, 1, 1, 1, 1]
	64020	35115	28670	1	M	70	A		-1	688.894072327	[1, 1, 1, 1, 1, 1, 1, 1, 1, 1, 1, 1]
	59506	35114	24156	1	M	48	A		-1	689.960271636	[1, 1, 1, 1, 1, 1, 1, 1, 1, 1, 1, 1]
	61710	35115	26360	1	M	168	A		-1	690.155776869	[1, 1, 1, 1, 1, 1, 1, 1, 1, 1, 1, 1]
	58992	35114	23642	1	M	169	A		-1	690.187433232	[1, 1, 1, 1, 1, 1, 1, 1, 1, 1, 1, 1]
	65977	35116	30627	1	M	152	A		-1	690.21331964	[1, 1, 1, 0, 1, 1, 1, 1, 1, 1, 1, 1]
	59690	35114	24340	1	M	113	A		-1	691.049727233	[1, 1, 1, 1, 1, 1, 1, 1, 1, 1, 1, 1]
	46765	35112	11415	1	M	197	A		-1	692.044996241	[1, 1, 1, 1, 1, 1, 1, 1, 1, 1, 1, 1]
	53744	35113	18394	1	M	159	A		-1	693.316330837	[1, 1, 1, 1, 1, 1, 1, 1, 1, 1, 1, 1]
	68703	35116	33353	1	M	147	A		-1	693.325825113	[1, 1, 1, 0, 1, 1, 1, 1, 1, 1, 1, 1]
	58513	35114	23163	1	M	61	A		-1	693.821583818	[1, 1, 1, 1, 1, 1, 1, 1, 1, 1, 1, 1]
	56723	35114	21373	1	M	4	A		-1	694.666287563	[1, 1, 1, 1, 1, 0, 1, 1, 1, 1, 1, 1]
	46693	35112	11343	1	M	0	A		-1	696.367966318	[1, 1, 1, 1, 1, 1, 1, 1, 1, 1, 1, 1]
	56474	35114	21124	1	M	163	A		-1	698.277939643	[1, 1, 1, 1, 1, 1, 1, 1, 1, 1, 1, 1]
	64742	35115	29392	1	M	85	A		-1	698.306626043	[1, 1, 1, 1, 1, 0, 1, 1, 1, 1, 1, 1]
	62427	35115	27077	1	M	125	A		-1	698.66749825	[1, 1, 1, 1, 1, 1, 1, 1, 1, 1, 1, 1]
	63762	35115	28412	1	M	57	A		-1	699.759272809	[1, 1, 1, 1, 1, 1, 1, 1, 1, 1, 1, 1]
	51246	35113	15896	1	M	164	A		-1	699.836127575	[1, 1, 1, 1, 1, 1, 1, 1, 1, 1, 1, 0]
	67868	35116	32518	1	M	98	A		-1	700.074716861	[1, 1, 1, 0, 1, 1, 1, 1, 1, 1, 1, 1]
	35261	0	0	-8	M	138	A		-1	700.37180815	[1.0, 1.0, 1.0, 1.0, 1.0, 1.0, 1.0, 1.0, 1.0, 1.0, 1.0, 1.0]
	47803	35112	12453	1	M	95	A		-1	700.637194498	[1, 1, 1, 1, 1, 1, 1, 1, 1, 1, 1, 1]
	50654	35113	15304	1	M	2	A		-1	701.563946271	[1, 1, 1, 1, 1, 1, 1, 1, 1, 1, 1, 0]
	49696	35112	14346	1	M	17	A		-1	701.812567502	[1, 1, 0, 1, 1, 1, 1, 1, 1, 1, 1, 1]
	63149	35115	27799	1	M	105	A		-1	701.843268495	[1, 1, 1, 1, 1, 1, 1, 0, 1, 1, 1, 1]
	60447	35115	25097	1	M	79	A		-1	704.538355677	[1, 1, 1, 1, 1, 1, 1, 1, 1, 1, 1, 1]
	49969	35112	14619	1	M	190	A		-1	704.689861279	[1, 1, 0, 1, 1, 1, 1, 1, 1, 1, 1, 1]
	47730	35112	12380	1	M	189	A		-1	704.845363885	[1, 1, 0, 1, 1, 1, 1, 0, 1, 1, 1, 1]
	48325	35112	12975	1	M	57	A		-1	705.076037129	[1, 1, 0, 1, 1, 1, 1, 1, 1, 1, 1, 1]
	68124	35116	32774	1	M	50	A		-1	705.576708224	[1, 1, 1, 1, 1, 1, 1, 1, 1, 1, 1, 1]
	67745	35116	32395	1	M	122	A		-1	712.408493018	[1, 1, 1, 1, 1, 1, 1, 1, 1, 1, 1, 1]
	67835	35116	32485	1	M	195	A		-1	712.937765227	[1, 1, 1, 1, 1, 1, 1, 1, 1, 1, 1, 1]
	65796	35116	30446	1	M	68	A		-1	712.969064163	[1, 1, 1, 1, 1, 1, 1, 1, 1, 1, 1, 1]
	56384	35114	21034	1	M	113	A		-1	713.881992711	[1, 1, 1, 1, 1, 1, 1, 1, 1, 1, 1, 1]
	47669	35112	12319	1	M	77	A		-1	713.908647771	[1, 1, 1, 1, 1, 1, 1, 1, 1, 1, 1, 1]
	47692	35112	12342	1	M	88	A		-1	713.987348043	[1, 1, 0, 1, 1, 1, 1, 1, 1, 1, 1, 1]
	56072	35114	20722	1	M	63	A		-1	715.829713969	[1, 1, 1, 1, 1, 1, 0, 1, 1, 1, 1, 1]
	55119	35113	19769	1	M	125	A		-1	716.624297923	[1, 1, 1, 1, 1, 1, 1, 1, 1, 1, 1, 1]
	67706	35116	32356	1	M	90	A		-1	716.769921676	[1, 1, 1, 0, 1, 1, 1, 1, 1, 1, 1, 1]
	65577	35116	30227	1	M	29	A		-1	717.619824243	[1, 1, 1, 0, 1, 1, 1, 1, 1, 1, 1, 1]
	67289	35116	31939	1	M	77	A		-1	717.938168504	[1, 1, 1, 1, 1, 1, 1, 1, 1, 1, 1, 1]
	58479	35114	23129	1	M	31	A		-1	717.999182704	[1, 1, 1, 1, 1, 1, 1, 1, 1, 1, 1, 1]
	66837	35116	31487	1	M	181	A		-1	718.774045371	[1, 1, 1, 0, 1, 1, 1, 1, 1, 1, 1, 1]
	64007	35115	28657	1	M	17	A		-1	719.221492292	[1, 1, 1, 1, 1, 1, 1, 1, 1, 1, 1, 1]
	66080	35116	30730	1	M	153	A		-1	719.527953241	[1, 1, 1, 1, 1, 1, 1, 1, 1, 1, 1, 1]
	67709	35116	32359	1	M	18	A		-1	720.280248124	[1, 1, 1, 0, 1, 1, 1, 1, 1, 1, 1, 1]
	64247	35115	28897	1	M	2	A		-1	720.825600652	[1, 1, 1, 1, 1, 1, 1, 1, 1, 1, 1, 1]
	47458	35112	12108	1	M	179	A		-1	721.857337503	[1, 1, 0, 1, 1, 1, 1, 1, 1, 1, 1, 1]
	60901	35115	25551	1	M	2	A		-1	722.477672068	[1, 1, 1, 1, 1, 1, 1, 1, 1, 1, 1, 1]
	58120	35114	22770	1	M	26	A		-1	723.633183241	[1, 1, 1, 1, 1, 1, 1, 1, 1, 1, 1, 1]
	65950	35116	30600	1	M	8	A		-1	724.106728409	[1, 1, 1, 1, 1, 1, 1, 1, 1, 1, 1, 1]
	69703	35116	34353	1	M	32	A		-1	724.598154663	[1, 1, 1, 1, 1, 1, 1, 1, 1, 1, 1, 1]
	35200	0	0	-8	M	184	A		-1	725.958619694	[1.0, 1.0, 1.0, 1.0, 1.0, 1.0, 1.0, 1.0, 1.0, 1.0, 1.0, 1.0]
	66914	35116	31564	1	M	24	A		-1	726.242372227	[1, 1, 1, 0, 1, 1, 1, 1, 1, 1, 1, 1]
	46271	35112	10921	1	M	26	A		-1	726.932739204	[1, 1, 0, 1, 1, 1, 1, 1, 1, 1, 1, 1]
	58492	35114	23142	1	M	190	A		-1	728.039931528	[1, 0, 0, 1, 1, 1, 1, 1, 1, 1, 1, 1]
	54114	35113	18764	1	M	100	A		-1	728.291984079	[1, 1, 1, 1, 1, 1, 1, 1, 1, 1, 1, 0]
	35104	0	0	-5	M	150	A		-1	728.969877791	[1.0, 1.0, 1.0, 1.0, 1.0, 0.0, 1.0, 1.0, 1.0, 1.0, 1.0, 1.0]
	45285	35120	9935	1	M	146	A		-1	729.741036613	[1, 1, 1, 1, 1, 1, 1, 1, 1, 1, 1, 1]
	45792	35112	10442	1	M	56	A		-1	729.752524464	[1, 1, 1, 1, 1, 1, 1, 1, 1, 1, 1, 1]
	35493	35350	143	1	M	51	A		-1	731.669533336	[1, 1, 1, 1, 1, 1, 1, 1, 1, 1, 1, 1]
	55961	35114	20611	1	M	168	A		-1	731.718712378	[0, 1, 1, 1, 1, 1, 1, 1, 1, 1, 1, 1]
	53421	35113	18071	1	M	97	A		-1	732.531892219	[1, 1, 1, 1, 1, 1, 1, 0, 1, 1, 1, -1]
	45360	35112	10010	1	M	167	A		-1	732.79035853	[1, 1, 1, 1, 1, 1, 1, 1, 1, 1, 1, 1]
	55895	35114	20545	1	M	84	A		-1	734.819901661	[1, 1, 1, 0, 1, 1, 1, 0, 1, 1, 1, 1]
	57542	35114	22192	1	M	147	A		-1	735.664262468	[1, 1, 1, 1, 1, 1, 1, 1, 1, 1, 1, 1]
	48990	35112	13640	1	M	99	A		-1	735.814367839	[1, 1, 1, 1, 1, 1, 1, 1, 1, 1, 1, 1]
	50907	35113	15557	1	M	153	A		-1	736.527483761	[1, 1, 1, 1, 1, 1, 1, 1, 1, 1, 1, 0]
	56758	35114	21408	1	M	150	A		-1	736.97886923	[1, 1, 1, 1, 1, 1, 1, 1, 1, 1, 1, 1]
	69628	35116	34278	1	M	66	A		-1	737.150779703	[1, 1, 1, 0, 1, 1, 1, 1, 1, 1, 1, 1]
	35092	0	0	-5	M	89	A		-1	737.513835302	[1.0, 1.0, 1.0, 1.0, 1.0, 1.0, 1.0, 1.0, 1.0, 1.0, 0.0, 1.0]
	58879	35114	23529	1	M	178	A		-1	737.77565186	[1, 0, 1, 1, 1, 1, 1, 1, 1, 1, 1, 1]
	65736	35116	30386	1	M	103	A		-1	738.170045482	[1, 1, 1, 1, 1, 1, 1, 1, 1, 1, 1, 1]
	55905	35114	20555	1	M	161	A		-1	739.154320941	[1, 1, 1, 1, 1, 1, 1, 1, 1, 1, 1, 1]
	62492	35115	27142	1	M	194	A		-1	739.452794315	[1, 1, 1, 1, 1, 1, 1, 1, 1, 1, 1, 1]
	55436	35114	20086	1	M	37	A		-1	739.515870311	[1, 1, 1, 1, 1, 1, 1, 1, 1, 1, 1, 0]
	70108	35116	34758	1	M	129	A		-1	740.000326094	[1, 1, 1, 0, 1, 1, 1, 1, 1, 1, 1, 1]
	61426	35115	26076	1	M	44	A		-1	741.273842539	[1, 1, 1, 1, 1, 1, 1, 1, 1, 1, 1, 1]
	59327	35114	23977	1	M	26	A		-1	742.79894742	[1, 1, 1, 1, 1, 1, 1, 1, 1, 1, 1, 1]
	50244	35112	14894	1	M	158	A		-1	744.530038795	[1, 1, 1, 1, 1, 1, 1, 1, 1, 1, 1, 1]
	55725	35114	20375	1	M	7	A		-1	745.333250819	[1, 1, 1, 1, 1, 1, 1, 1, 1, 1, 1, 1]
	35066	0	0	-2	M	167	A		-1	746.928638989	[1.0, 1.0, 1.0, 1.0, 1.0, 1.0, 1.0, 1.0, 1.0, 1.0, 1.0, 1.0]
	56230	35114	20880	1	M	47	A		-1	750.142258445	[1, 0, 1, 1, 1, 1, 1, 1, 1, 1, 1, 1]
	57036	35114	21686	1	M	182	A		-1	752.796939844	[1, 1, 1, 1, 1, 1, 1, 1, 1, 1, 1, 1]
	69643	35116	34293	1	M	160	A		-1	752.989673937	[1, 1, 1, 0, 1, 1, 1, 1, 1, 1, 1, 0]
	61314	35115	25964	1	M	86	A		-1	753.304043787	[1, 1, 1, 1, 1, 1, 1, 1, 1, 1, 1, 1]
	68628	35116	33278	1	M	159	A		-1	753.896189758	[0, 1, 1, 1, 1, 1, 1, 1, 1, 1, 1, 1]
	66424	35116	31074	1	M	183	A		-1	754.370796368	[1, 1, 1, 0, 1, 1, 1, 1, 1, 1, 1, 1]
	57793	35114	22443	1	M	172	A		-1	756.089996434	[1, 1, 1, 1, 1, 1, 1, 1, 1, 1, 1, 1]
	62638	35115	27288	1	M	113	A		-1	757.066204324	[1, 1, 1, 1, 1, 1, 1, 1, 1, 1, 1, 1]
	57196	35114	21846	1	M	163	A		-1	757.479863846	[1, 1, 1, 1, 1, 1, 1, 1, 1, 1, 1, 1]
	45715	35112	10365	1	M	180	A		-1	757.83122928	[1, 1, 0, 1, 1, 1, 1, 1, 1, 1, 1, 1]
	62380	35115	27030	1	M	37	A		-1	758.081335822	[1, 1, 1, 1, 1, 1, 1, 1, 1, 1, 1, 1]
	64608	35115	29258	1	M	184	A		-1	759.555966323	[1, 1, 1, 1, 1, 1, 1, 1, 1, 1, 1, 1]
	54162	35113	18812	1	M	98	A		-1	759.67236515	[1, 1, 1, 1, 1, 1, 1, 1, 1, 1, 1, 1]
	56612	35114	21262	1	M	74	A		-1	760.787197834	[1, 1, 1, 1, 1, 1, 1, 1, 1, 1, 1, 1]
	53011	35113	17661	1	M	18	A		-1	760.914347895	[1, 1, 1, 1, 1, 1, 1, 1, 1, 1, 1, 0]
	58143	35114	22793	1	M	1	A		-1	762.280671199	[1, 1, 1, 1, 1, 1, 1, 1, 1, 1, 1, 1]
	57000	35114	21650	1	M	86	A		-1	762.414262439	[1, 1, 1, 1, 1, 1, 1, 1, 1, 1, 1, 1]
	61885	35115	26535	1	M	28	A		-1	764.309009654	[1, 1, 1, 1, 1, 1, 1, 1, 1, 1, 1, 1]
	49729	35112	14379	1	M	84	A		-1	766.573408775	[1, 1, 1, 1, 1, 1, 1, 1, 1, 1, 1, 1]
	47985	35112	12635	1	M	96	A		-1	766.743202646	[1, 1, 0, 1, 1, 1, 1, 1, 1, 1, 1, 1]
	49185	35112	13835	1	M	199	A		-1	769.639059267	[1, 1, 0, 1, 1, 1, 1, 1, 1, 1, 0, 1]
	58011	35114	22661	1	M	155	A		-1	769.840312712	[1, 1, 1, 1, 1, 1, 1, 1, 1, 1, 1, 1]
	65595	35116	30245	1	M	119	A		-1	770.01339565	[1, 1, 1, 0, 1, 1, 1, 1, 1, 1, 1, 1]
	50668	35113	15318	1	M	33	A		-1	771.200598853	[1, 1, 1, 1, 1, 1, 1, 1, 1, 1, 1, 0]
	47507	35112	12157	1	M	136	A		-1	771.48653143	[1, 1, 1, 1, 1, 1, 1, 1, 1, 1, 1, 1]
	50366	35113	15016	1	M	136	A		-1	773.614195195	[1, 1, 1, 1, 1, 1, 1, 1, 1, 1, 1, 1]
	61403	35115	26053	1	M	46	A		-1	774.099515407	[1, 1, 1, 1, 1, 1, 1, 1, 1, 1, 1, 1]
	68080	35116	32730	1	M	0	A		-1	777.874032825	[0, 1, 0, 0, 1, 1, 1, 1, 1, 1, 1, 1]
	60446	35115	25096	1	M	2	A		-1	779.624646464	[1, 1, 1, 1, 1, 1, 1, 1, 1, 1, 1, 1]
	51740	35113	16390	1	M	73	A		-1	780.089310881	[1, 1, 1, 1, 1, 1, 1, 1, 1, 1, 1, 1]
	60095	35114	24745	1	M	97	A		-1	780.401612781	[1, 1, 1, 1, 1, 1, 1, 1, 1, 1, 1, 1]
	35203	0	0	-3	M	73	A		-1	787.613736271	[1.0, 1.0, 1.0, 1.0, 1.0, 1.0, 1.0, 1.0, 1.0, 1.0, 1.0, 1.0]
	69074	35116	33724	1	M	101	A		-1	789.776441974	[1, 1, 1, 0, 1, 1, 1, 1, 1, 1, 1, 1]
	69419	35116	34069	1	M	97	A		-1	790.195050926	[1, 1, 1, 1, 1, 1, 1, 1, 1, 1, 1, 1]
	61454	35115	26104	1	M	172	A		-1	794.341694992	[1, 1, 1, 1, 1, 1, 1, 1, 1, 1, 1, 1]
	65543	35116	30193	1	M	148	A		-1	795.039409997	[1, 1, 1, 0, 1, 1, 1, 1, 1, 1, 1, 1]
	47410	35112	12060	1	M	124	A		-1	795.690418879	[1, 1, 0, 1, 1, 1, 1, 1, 1, 1, 1, 1]
	58257	35114	22907	1	M	47	A		-1	797.123377587	[1, 1, 1, 1, 1, 1, 1, 1, 1, 1, 1, 1]
	35270	0	0	-1	M	147	A		-1	797.38901483	[1.0, 1.0, 1.0, 1.0, 1.0, 1.0, 1.0, 1.0, 1.0, 1.0, 1.0, 1.0]
	68296	35116	32946	1	M	166	A		-1	797.49212792	[1, 1, 1, 1, 1, 1, 1, 1, 1, 1, 1, 1]
	52416	35113	17066	1	M	172	A		-1	804.182703514	[1, 1, 1, 1, 1, 1, 1, 1, 1, 1, 1, 0]
	55166	35113	19816	1	M	148	A		-1	806.23411691	[1, 1, 1, 1, 1, 1, 1, 1, 1, 1, 1, 1]
	66393	35116	31043	1	M	29	A		-1	806.249581909	[1, 1, 1, 1, 1, 1, 1, 1, 1, 1, 1, 1]
	45459	35112	10109	1	M	188	A		-1	807.170236944	[1, 1, 0, 1, 1, 1, 1, 1, 1, 1, 1, 1]
	57956	35114	22606	1	M	35	A		-1	809.002631388	[1, 1, 1, 1, 1, 1, 1, 1, 1, 1, 1, 1]
	46035	35112	10685	1	M	155	A		-1	809.271131524	[1, 1, 0, 1, 1, 1, 1, 1, 1, 1, 1, 1]
	66855	35116	31505	1	M	158	A		-1	809.28610737	[1, 1, 1, 1, 1, 1, 1, 1, 1, 1, 1, 1]
	58670	35114	23320	1	M	118	A		-1	810.674428007	[1, 1, 1, 1, 1, 1, 1, 1, 1, 1, 1, 1]
	68055	35116	32705	1	M	130	A		-1	815.274272585	[1, 1, 1, 0, 1, 1, 1, 1, 1, 1, 1, 1]
	55704	35114	20354	1	M	128	A		-1	817.14580631	[1, 1, 1, 1, 1, 1, 1, 1, 1, 1, 1, 1]
	63006	35115	27656	1	M	35	A		-1	820.598480141	[1, 1, 1, 1, 1, 1, 1, 1, 1, 1, 1, 1]
	46372	35112	11022	1	M	174	A		-1	825.561691815	[1, 1, 1, 1, 1, 1, 1, 1, 1, 1, 1, 1]
	63957	35115	28607	1	M	139	A		-1	828.703550416	[1, 1, 0, 1, 1, 1, 1, 1, 1, 1, 1, 1]
	35025	0	0	-2	M	97	A		-1	831.347205452	[1.0, 1.0, 1.0, 1.0, 1.0, 1.0, 1.0, 1.0, 1.0, 1.0, 1.0, 1.0]
	55604	35114	20254	1	M	171	A		-1	833.771048714	[1, 1, 1, 1, 1, 1, 1, 1, 1, 1, 1, 1]
	44604	35120	9254	1	M	122	A		-1	837.57958998	[1, 1, 1, 1, 1, 1, 1, 1, 1, 1, 1, 1]
	55609	35114	20259	1	M	68	A		-1	839.359339689	[1, 1, 1, 1, 1, 1, 1, 1, 1, 1, 1, 1]
	35212	0	0	-5	M	191	A		-1	839.486445306	[1.0, 1.0, 1.0, 1.0, 1.0, 1.0, 1.0, 1.0, 1.0, 1.0, 1.0, 1.0]
	62390	35115	27040	1	M	46	A		-1	839.711499726	[1, 1, 1, 1, 1, 1, 1, 1, 1, 1, 1, 1]
	67214	35116	31864	1	M	59	A		-1	840.590169468	[1, 1, 1, 0, 1, 1, 1, 1, 1, 1, 1, 1]
	67802	35116	32452	1	M	161	A		-1	842.087013622	[1, 1, 1, 0, 1, 1, 1, 1, 1, 1, 1, 0]
	55480	35114	20130	1	M	110	A		-1	842.755082959	[1, 1, 1, 1, 1, 1, 1, 1, 1, 1, 1, 1]
	59151	35114	23801	1	M	31	A		-1	846.180844983	[1, 1, 1, 1, 1, 1, 1, 1, 1, 1, 1, 1]
	67957	35116	32607	1	M	187	A		-1	853.41154584	[1, 1, 1, 1, 1, 1, 1, 1, 1, 1, 1, 1]
	67172	35116	31822	1	M	118	A		-1	867.249933474	[1, 1, 1, 1, 1, 1, 1, 1, 1, 1, 1, 0]
	56730	35114	21380	1	M	23	A		-1	876.42326644	[1, 1, 1, 1, 1, 1, 1, 1, 1, 1, 1, 1]
	57374	35114	22024	1	M	153	A		-1	890.153497422	[1, 1, 1, 1, 1, 1, 1, 1, 1, 1, 1, 1]
	49554	35112	14204	1	M	17	A		-1	892.788640685	[1, 1, 0, 1, 1, 1, 1, 1, 1, 1, 1, 1]
	66600	35116	31250	1	M	13	A		-1	905.21118128	[1, 1, 1, 0, 1, 1, 1, 1, 1, 1, 1, 1]
	67305	35116	31955	1	M	175	A		-1	906.96846937	[1, 1, 1, 0, 1, 1, 1, 1, 1, 1, 1, 1]
	49336	35112	13986	1	M	191	A		-1	926.632776936	[1, 1, 1, 1, 1, 1, 1, 1, 1, 1, 1, 1]
	55406	35114	20056	1	M	37	A		-1	927.510905942	[1, 1, 1, 1, 1, 1, 1, 1, 1, 1, 1, 1]
	52274	35113	16924	1	M	126	A		-1	943.760952141	[1, 1, 1, 1, 1, 1, 1, 1, 1, 1, 1, 1]
	69855	35116	34505	1	M	67	A		-1	955.419177281	[1, 1, 1, 1, 1, 1, 1, 1, 1, 1, 1, 1]
	57608	35114	22258	1	M	126	A		-1	973.757169622	[1, 1, 1, 1, 1, 1, 1, 1, 1, 1, 1, 1]
	62260	35115	26910	1	M	77	A		-1	980.840807719	[1, 1, 1, 1, 1, 1, 1, 1, 1, 1, 1, 1]
	69057	35116	33707	1	M	191	A		-1	987.899321587	[1, 1, 1, 0, 1, 1, 1, 1, 1, 1, 1, 1]
