animal	sire	dam	born	sex	herd	status	cause	died	TBV	recessives
	1523870	1419477	1476370	17	M	13	A		-1	4266.59768021	[1, 1, 1, 1, 1, 1, 1, 1, 1, 1, 1, 1]
	1519406	1418862	1297895	17	M	188	A		-1	4266.77233494	[1, 1, 1, 1, 1, 1, 1, 1, 1, 1, 1, 1]
	1556920	1420329	1463774	17	M	191	A		-1	4266.91292012	[1, 1, 1, 1, 1, 1, 1, 1, 1, 1, 1, 1]
	1568159	1420558	1453486	17	M	125	A		-1	4266.96011259	[1, 1, 1, 1, 1, 1, 1, 1, 1, 1, 1, 1]
	1540060	1419975	1397607	17	M	127	A		-1	4267.12820105	[1, 1, 1, 1, 1, 1, 1, 1, 1, 1, 1, 1]
	1527727	1419579	1405615	17	M	192	A		-1	4267.37913547	[1, 1, 1, 1, 1, 1, 1, 1, 1, 1, 1, 1]
	1547587	1420013	1483614	17	M	160	A		-1	4267.60778933	[1, 1, 1, 1, 1, 1, 1, 1, 1, 1, 1, 1]
	1579397	1424817	1251801	17	M	3	A		-1	4267.62300696	[1, 1, 1, 1, 1, 1, 1, 1, 1, 1, 1, 1]
	1544984	1420013	1458521	17	M	177	A		-1	4267.72956907	[1, 1, 1, 1, 1, 1, 1, 1, 1, 1, 1, 1]
	1564818	1420558	1473165	17	M	199	A		-1	4267.75371511	[1, 1, 1, 1, 1, 1, 1, 1, 1, 1, 1, 1]
	1516099	1418862	1448798	17	M	116	A		-1	4268.11473026	[1, 1, 1, 1, 1, 1, 1, 1, 1, 1, 1, 1]
	1539075	1419877	1235937	17	M	161	A		-1	4268.2936563	[1, 1, 1, 1, 1, 1, 1, 1, 1, 1, 1, 1]
	1502093	1420563	1467749	17	M	73	A		-1	4268.38040386	[1, 1, 1, 1, 1, 1, 1, 1, 1, 1, 1, 1]
	1592479	1421163	1489482	17	M	77	A		-1	4268.58884217	[1, 1, 1, 1, 1, 1, 1, 1, 1, 1, 1, 1]
	1506369	1418821	1473346	17	M	145	A		-1	4268.73152227	[1, 1, 1, 1, 1, 1, 1, 1, 1, 1, 1, 1]
	1546687	1420013	1458577	17	M	168	A		-1	4268.77322724	[1, 1, 1, 1, 1, 1, 1, 1, 1, 1, 1, 1]
	1572117	1420830	1488979	17	M	8	A		-1	4268.94020554	[1, 1, 1, 1, 1, 1, 1, 1, 1, 1, 1, 1]
	1549744	1420258	1426660	17	M	193	A		-1	4268.95404222	[1, 1, 1, 1, 1, 1, 1, 1, 1, 1, 1, 1]
	1538524	1419877	1412260	17	M	91	A		-1	4269.01497679	[1, 1, 1, 1, 1, 1, 1, 1, 1, 1, 1, 1]
	1529339	1419579	1487202	17	M	81	A		-1	4269.04192758	[1, 1, 1, 1, 1, 1, 1, 1, 1, 1, 1, 1]
	1587379	1421132	1461235	17	M	38	A		-1	4269.25368357	[1, 1, 1, 1, 1, 1, 1, 1, 1, 1, 1, 1]
	1564755	1420558	1482213	17	M	171	A		-1	4269.29353305	[1, 1, 1, 1, 1, 1, 1, 1, 1, 1, 1, 1]
	1563875	1420388	1462404	17	M	18	A		-1	4269.41675939	[1, 1, 1, 1, 1, 1, 1, 1, 1, 1, 1, 1]
	1548495	1420013	1238038	17	M	113	A		-1	4269.86783109	[1, 1, 1, 1, 1, 1, 1, 1, 1, 1, 1, 1]
	1530944	1419727	1305160	17	M	76	A		-1	4269.9551734	[1, 1, 1, 1, 1, 1, 1, 1, 1, 1, 1, 1]
	1548548	1420013	1483165	17	M	104	A		-1	4270.12440595	[1, 1, 1, 1, 1, 1, 1, 1, 1, 1, 1, 1]
	1559303	1420329	1307757	17	M	98	A		-1	4270.19931356	[1, 1, 1, 1, 1, 1, 1, 1, 1, 1, 1, 1]
	1545746	1420013	1456725	17	M	80	A		-1	4271.33525064	[1, 1, 1, 1, 1, 1, 1, 1, 1, 1, 1, 1]
	1522360	1419477	1454665	17	M	76	A		-1	4271.35061445	[1, 1, 1, 1, 1, 1, 1, 1, 1, 1, 1, 1]
	1528828	1419579	1454266	17	M	146	A		-1	4271.64075323	[1, 1, 1, 1, 1, 1, 1, 1, 1, 1, 1, 1]
	1512565	1418843	1410918	17	M	115	A		-1	4271.82422918	[1, 1, 1, 1, 1, 1, 1, 1, 1, 1, 1, 1]
	1518109	1418862	1347654	17	M	86	A		-1	4272.0025294	[1, 1, 1, 1, 1, 1, 1, 1, 1, 1, 1, 1]
	1517294	1418862	1448183	17	M	167	A		-1	4272.54011382	[1, 1, 1, 1, 1, 1, 1, 1, 1, 1, 1, 1]
	1501142	1420563	1486314	17	M	30	A		-1	4272.5684064	[1, 1, 1, 1, 1, 1, 1, 1, 1, 1, 1, 1]
	1574609	1424817	1462244	17	M	155	A		-1	4272.69866113	[1, 1, 1, 1, 1, 1, 1, 1, 1, 1, 1, 1]
	1434561	1315606	1316879	16	M	80	A		-1	4273.1767318	[1, 1, 1, 1, 1, 1, 1, 1, 1, 1, 1, 1]
	1392555	1233465	1281959	15	M	144	A		-1	4273.43343036	[1, 1, 1, 1, 1, 1, 1, 1, 1, 1, 1, 1]
	1584744	1421132	1460032	17	M	96	A		-1	4273.76768632	[1, 1, 1, 1, 1, 1, 1, 1, 1, 1, 1, 1]
	1531232	1419727	1448680	17	M	101	A		-1	4274.132612	[1, 1, 1, 1, 1, 1, 1, 1, 1, 1, 1, 1]
	1594424	1421163	1466722	17	M	174	A		-1	4274.45867624	[1, 1, 1, 1, 1, 1, 1, 1, 1, 1, 1, 1]
	1560747	1420388	1469866	17	M	47	A		-1	4274.73616285	[1, 1, 1, 1, 1, 1, 1, 1, 1, 1, 1, 1]
	1571345	1420830	1392391	17	M	155	A		-1	4274.75234644	[1, 1, 1, 1, 1, 1, 1, 1, 1, 1, 1, 1]
	1546949	1420013	1214393	17	M	194	A		-1	4275.04418604	[1, 1, 1, 1, 1, 1, 1, 1, 1, 1, 1, 1]
	1520065	1419477	1485003	17	M	57	A		-1	4275.74981904	[1, 1, 1, 1, 1, 1, 1, 1, 1, 1, 1, 1]
	1527477	1419579	1456486	17	M	97	A		-1	4275.90124848	[1, 1, 1, 1, 1, 1, 1, 1, 1, 1, 1, 1]
	1475579	1319891	1325543	16	M	175	A		-1	4276.26237667	[1, 1, 1, 1, 1, 1, 1, 1, 1, 1, 1, 1]
	1434684	1315606	1310561	16	M	142	A		-1	4276.45591217	[1, 1, 1, 1, 1, 1, 1, 1, 1, 1, 1, 1]
	1582236	1420986	1480664	17	M	58	A		-1	4276.6626932	[1, 1, 1, 1, 1, 1, 1, 1, 1, 1, 1, 1]
	1529385	1419579	1494173	17	M	143	A		-1	4276.96659361	[1, 1, 1, 1, 1, 1, 1, 1, 1, 1, 1, 1]
	1563894	1420388	1427016	17	M	184	A		-1	4276.98402023	[1, 1, 1, 1, 1, 1, 1, 1, 1, 1, 1, 1]
	1546133	1420013	1423825	17	M	86	A		-1	4277.1742418	[1, 1, 1, 1, 1, 1, 1, 1, 1, 1, 1, 1]
	1568580	1420558	1446345	17	M	79	A		-1	4277.58428006	[1, 1, 1, 1, 1, 1, 1, 1, 1, 1, 1, 1]
	1456405	1316392	1340520	16	M	26	A		-1	4277.79476084	[1, 1, 1, 1, 1, 1, 1, 1, 1, 1, 1, 1]
	1510587	1418843	1266357	17	M	10	A		-1	4278.3340139	[1, 1, 1, 1, 1, 1, 1, 1, 1, 1, 1, 1]
	1425438	1315388	1388604	16	M	34	A		-1	4278.45189287	[1, 1, 1, 1, 1, 1, 1, 1, 1, 1, 1, 1]
	1547687	1420013	1485163	17	M	83	A		-1	4278.8593387	[1, 1, 1, 1, 1, 1, 1, 1, 1, 1, 1, 1]
	1514033	1418843	1492100	17	M	190	A		-1	4278.8650279	[1, 1, 1, 1, 1, 1, 1, 1, 1, 1, 1, 1]
	1459102	1316392	1366943	16	M	47	A		-1	4279.09063692	[1, 1, 1, 1, 1, 1, 1, 1, 1, 1, 1, 1]
	1594452	1421163	1460694	17	M	1	A		-1	4279.10730235	[1, 1, 1, 1, 1, 1, 1, 1, 1, 1, 1, 1]
	1551180	1420258	1384073	17	M	73	A		-1	4279.30018784	[1, 1, 1, 1, 1, 1, 1, 1, 1, 1, 1, 1]
	1550458	1420258	1417914	17	M	83	A		-1	4279.38363494	[1, 1, 1, 1, 1, 1, 1, 1, 1, 1, 1, 1]
	1521426	1419477	1435833	17	M	122	A		-1	4279.65032786	[1, 1, 1, 1, 1, 1, 1, 1, 1, 1, 1, 1]
	1511684	1418843	1208793	17	M	50	A		-1	4279.79627373	[1, 1, 1, 1, 1, 1, 1, 1, 1, 1, 1, 1]
	1579797	1420986	1302871	17	M	153	A		-1	4279.81124916	[1, 1, 1, 1, 1, 1, 1, 1, 1, 1, 1, 1]
	1523618	1419477	1438014	17	M	164	A		-1	4279.98611055	[1, 1, 1, 1, 1, 1, 1, 1, 1, 1, 1, 1]
	1539283	1419877	1438377	17	M	176	A		-1	4280.16662195	[1, 1, 1, 1, 1, 1, 1, 1, 1, 1, 1, 1]
	1524058	1419477	1467381	17	M	105	A		-1	4280.2075343	[1, 1, 1, 1, 1, 1, 1, 1, 1, 1, 1, 1]
	1554863	1420329	1478765	17	M	47	A		-1	4280.26073952	[1, 1, 1, 1, 1, 1, 1, 1, 1, 1, 1, 1]
	1456990	1316392	1336725	16	M	160	A		-1	4280.35779571	[1, 1, 1, 1, 1, 1, 1, 1, 1, 1, 1, 1]
	1439654	1315705	1219693	16	M	133	A		-1	4280.52864584	[1, 1, 1, 1, 1, 1, 1, 1, 1, 1, 1, 1]
	1512915	1418843	1479157	17	M	94	A		-1	4280.84957823	[1, 1, 1, 1, 1, 1, 1, 1, 1, 1, 1, 1]
	1568852	1420558	1436448	17	M	9	A		-1	4281.08956954	[1, 1, 1, 1, 1, 1, 1, 1, 1, 1, 1, 1]
	1546950	1420013	1493340	17	M	64	A		-1	4281.09294187	[1, 1, 1, 1, 1, 1, 1, 1, 1, 1, 1, 1]
	1515450	1418862	1464176	17	M	155	A		-1	4281.29152788	[1, 1, 1, 1, 1, 1, 1, 1, 1, 1, 1, 1]
	1522056	1419477	1400086	17	M	175	A		-1	4281.41326329	[1, 1, 1, 1, 1, 1, 1, 1, 1, 1, 1, 1]
	1552311	1420258	1331753	17	M	142	A		-1	4281.50425901	[1, 1, 1, 1, 1, 1, 1, 1, 1, 1, 1, 1]
	1448189	1315766	1241942	16	M	74	A		-1	4281.53427307	[1, 1, 1, 1, 1, 1, 1, 1, 1, 1, 1, 1]
	1589756	1421163	1395998	17	M	119	A		-1	4282.0136412	[1, 1, 1, 1, 1, 1, 1, 1, 1, 1, 1, 1]
	1548853	1420013	1223221	17	M	146	A		-1	4282.1441748	[1, 1, 1, 1, 1, 1, 1, 1, 1, 1, 1, 1]
	1547991	1420013	1461743	17	M	165	A		-1	4282.21541288	[1, 1, 1, 1, 1, 1, 1, 1, 1, 1, 1, 1]
	1550003	1420258	1399926	17	M	102	A		-1	4283.14634154	[1, 1, 1, 1, 1, 1, 1, 1, 1, 1, 1, 1]
	1546320	1420013	1490765	17	M	177	A		-1	4283.34335582	[1, 1, 1, 1, 1, 1, 1, 1, 1, 1, 1, 1]
	1508633	1418821	1406090	17	M	23	A		-1	4283.81181841	[1, 1, 1, 1, 1, 1, 1, 1, 1, 1, 1, 1]
	1414309	1315310	1353453	16	M	140	A		-1	4284.78036503	[1, 1, 1, 1, 1, 1, 1, 1, 1, 1, 1, 1]
	1558432	1420329	1448955	17	M	52	A		-1	4284.87859874	[1, 1, 1, 1, 1, 1, 1, 1, 1, 1, 1, 1]
	1517695	1418862	1385746	17	M	47	A		-1	4285.12056105	[1, 1, 1, 1, 1, 1, 1, 1, 1, 1, 1, 1]
	1546496	1420013	1255117	17	M	47	A		-1	4285.27313772	[1, 1, 1, 1, 1, 1, 1, 1, 1, 1, 1, 1]
	1548304	1420013	1470277	17	M	81	A		-1	4285.6743296	[1, 1, 1, 1, 1, 1, 1, 1, 1, 1, 1, 1]
	1579099	1424817	1406857	17	M	48	A		-1	4285.70638053	[1, 1, 1, 1, 1, 1, 1, 1, 1, 1, 1, 1]
	1504035	1420563	1425022	17	M	74	A		-1	4286.04363582	[1, 1, 1, 1, 1, 1, 1, 1, 1, 1, 1, 1]
	1431366	1315503	1363777	16	M	172	A		-1	4286.55549705	[1, 1, 1, 1, 1, 1, 1, 1, 1, 1, 1, 1]
	1562305	1420388	1403550	17	M	127	A		-1	4286.80347369	[1, 1, 1, 1, 1, 1, 1, 1, 1, 1, 1, 1]
	1505094	1418821	1457038	17	M	87	A		-1	4286.86521849	[1, 1, 1, 1, 1, 1, 1, 1, 1, 1, 1, 1]
	1426062	1315388	1343296	16	M	42	A		-1	4287.40580481	[1, 1, 1, 1, 1, 1, 1, 1, 1, 1, 1, 1]
	1548601	1420013	1461492	17	M	111	A		-1	4287.52978418	[1, 1, 1, 1, 1, 1, 1, 1, 1, 1, 1, 1]
	1559662	1420388	1429345	17	M	110	A		-1	4287.90289581	[1, 1, 1, 1, 1, 1, 1, 1, 1, 1, 1, 1]
	1520219	1419477	1488664	17	M	150	A		-1	4287.92221914	[1, 1, 1, 1, 1, 1, 1, 1, 1, 1, 1, 1]
	1508871	1418821	1439059	17	M	175	A		-1	4288.37126827	[1, 1, 1, 1, 1, 1, 1, 1, 1, 1, 1, 1]
	1405275	1315140	1343089	16	M	119	A		-1	4288.4229286	[1, 1, 1, 1, 1, 1, 1, 1, 1, 1, 1, 1]
	1529000	1419579	1457493	17	M	46	A		-1	4288.51933759	[1, 1, 1, 1, 1, 1, 1, 1, 1, 1, 1, 1]
	1502876	1420563	1387031	17	M	27	A		-1	4288.60522602	[1, 1, 1, 1, 1, 1, 1, 1, 1, 1, 1, 1]
	1590093	1421163	1424782	17	M	134	A		-1	4289.15254246	[1, 1, 1, 1, 1, 1, 1, 1, 1, 1, 1, 1]
	1580479	1420986	1417300	17	M	136	A		-1	4289.27094039	[1, 1, 1, 1, 1, 1, 1, 1, 1, 1, 1, 1]
	1587123	1421132	1370253	17	M	182	A		-1	4289.94138865	[1, 1, 1, 1, 1, 1, 1, 1, 1, 1, 1, 1]
	1494796	1493507	1461088	17	M	125	A		-1	4289.97844459	[1, 1, 1, 1, 1, 1, 1, 1, 1, 1, 1, 1]
	1544950	1420013	1426956	17	M	80	A		-1	4290.01684637	[1, 1, 1, 1, 1, 1, 1, 1, 1, 1, 1, 1]
	1516658	1418862	1348190	17	M	183	A		-1	4290.45847026	[1, 1, 1, 1, 1, 1, 1, 1, 1, 1, 1, 1]
	1537801	1419877	1323162	17	M	188	A		-1	4290.61032338	[1, 1, 1, 1, 1, 1, 1, 1, 1, 1, 1, 1]
	1559639	1420388	1431060	17	M	22	A		-1	4291.09740562	[1, 1, 1, 1, 1, 1, 1, 1, 1, 1, 1, 1]
	1560304	1420388	1368663	17	M	58	A		-1	4291.78371634	[1, 1, 1, 1, 1, 1, 1, 1, 1, 1, 1, 1]
	1468629	1316514	1224516	16	M	171	A		-1	4292.06342694	[1, 1, 1, 1, 1, 1, 1, 1, 1, 1, 1, 1]
	1552291	1420258	1403176	17	M	119	A		-1	4292.16294641	[1, 1, 1, 1, 1, 1, 1, 1, 1, 1, 1, 1]
	1579626	1420986	1419047	17	M	28	A		-1	4292.30823419	[1, 1, 1, 1, 1, 1, 1, 1, 1, 1, 1, 1]
	1319230	1228667	1101047	15	M	197	A		-1	4292.36811756	[1, 1, 1, 1, 1, 1, 1, 1, 1, 1, 1, 1]
	1546458	1420013	1475294	17	M	34	A		-1	4292.65299018	[1, 1, 1, 1, 1, 1, 1, 1, 1, 1, 1, 1]
	1547662	1420013	1306209	17	M	61	A		-1	4293.05580875	[1, 1, 1, 1, 1, 1, 1, 1, 1, 1, 1, 1]
	1546571	1420013	1400857	17	M	108	A		-1	4293.15857108	[1, 1, 1, 1, 1, 1, 1, 1, 1, 1, 1, 1]
	1585934	1421132	1439060	17	M	2	A		-1	4293.24570513	[1, 1, 1, 1, 1, 1, 1, 1, 1, 1, 1, 1]
	1422380	1315352	1289472	16	M	132	A		-1	4293.44828891	[1, 1, 1, 1, 1, 1, 1, 1, 1, 1, 1, 1]
	1564154	1420388	1455166	17	M	71	A		-1	4293.8613889	[1, 1, 1, 1, 1, 1, 1, 1, 1, 1, 1, 1]
	1582404	1420986	1405812	17	M	40	A		-1	4294.17279055	[1, 1, 1, 1, 1, 1, 1, 1, 1, 1, 1, 1]
	1555445	1420329	1440371	17	M	167	A		-1	4294.33357884	[1, 1, 1, 1, 1, 1, 1, 1, 1, 1, 1, 1]
	1531889	1419727	1474370	17	M	178	A		-1	4294.35104117	[1, 1, 1, 1, 1, 1, 1, 1, 1, 1, 1, 0]
	1581341	1420986	1484725	17	M	55	A		-1	4294.4346939	[1, 1, 1, 1, 1, 1, 1, 1, 1, 1, 1, 1]
	1588061	1421132	1365671	17	M	94	A		-1	4294.58639844	[1, 1, 1, 1, 1, 1, 1, 1, 1, 1, 1, 1]
	1545567	1420013	1483089	17	M	73	A		-1	4294.69316286	[1, 1, 1, 1, 1, 1, 1, 1, 1, 1, 1, 1]
	1592353	1421163	1418972	17	M	13	A		-1	4295.41256908	[1, 1, 1, 1, 1, 1, 1, 1, 1, 1, 1, 1]
	1547777	1420013	1494410	17	M	145	A		-1	4295.4294825	[1, 1, 1, 1, 1, 1, 1, 1, 1, 1, 1, 1]
	1552732	1420258	1352649	17	M	138	A		-1	4295.48576192	[1, 1, 1, 1, 1, 1, 1, 1, 1, 1, 1, 1]
	1567693	1420558	1436091	17	M	62	A		-1	4295.8662673	[1, 1, 1, 1, 1, 1, 1, 1, 1, 1, 1, 1]
	1546602	1420013	1398506	17	M	71	A		-1	4295.95822314	[1, 1, 1, 1, 1, 1, 1, 1, 1, 1, 1, 1]
	1570500	1420830	1406546	17	M	155	A		-1	4296.09647587	[1, 1, 1, 1, 1, 1, 1, 1, 1, 1, 1, 1]
	1560754	1420388	1484993	17	M	127	A		-1	4296.11855169	[1, 1, 1, 1, 1, 1, 1, 1, 1, 1, 1, 1]
	1503592	1420563	1474222	17	M	91	A		-1	4296.25514693	[1, 1, 1, 1, 1, 1, 1, 1, 1, 1, 1, 1]
	1537463	1419877	1454064	17	M	194	A		-1	4296.41300271	[1, 1, 1, 1, 1, 1, 1, 1, 1, 1, 1, 1]
	1562380	1420388	1452830	17	M	63	A		-1	4297.16803646	[1, 1, 1, 1, 1, 1, 1, 1, 1, 1, 1, 1]
	1533820	1419727	1467539	17	M	14	A		-1	4297.42806687	[1, 1, 1, 1, 1, 1, 1, 1, 1, 1, 1, 1]
	1511293	1418843	1346156	17	M	117	A		-1	4297.74896357	[1, 1, 1, 1, 1, 1, 1, 1, 1, 1, 1, 1]
	1406023	1315140	1394416	16	M	200	A		-1	4297.80332426	[1, 1, 1, 1, 1, 1, 1, 1, 1, 1, 1, 1]
	1564293	1420388	1491051	17	M	74	A		-1	4297.90989061	[1, 1, 1, 1, 1, 1, 1, 1, 1, 1, 1, 1]
	1591801	1421163	1359152	17	M	186	A		-1	4298.61587543	[1, 1, 1, 1, 1, 1, 1, 1, 1, 1, 1, 1]
	1562496	1420388	1246472	17	M	135	A		-1	4298.90482405	[1, 1, 1, 1, 1, 1, 1, 1, 1, 1, 1, 1]
	1579834	1420986	1464363	17	M	153	A		-1	4299.04474424	[1, 1, 1, 1, 1, 1, 1, 1, 1, 1, 1, 1]
	1447839	1315766	1321584	16	M	63	A		-1	4299.4072563	[1, 1, 1, 1, 1, 1, 1, 1, 1, 1, 1, 1]
	1569526	1420830	1396250	17	M	1	A		-1	4299.50969868	[1, 1, 1, 1, 1, 1, 1, 1, 1, 1, 1, 1]
	1511661	1418843	1440078	17	M	29	A		-1	4299.56538273	[1, 1, 1, 1, 1, 1, 1, 1, 1, 1, 1, 1]
	1512427	1418843	1458562	17	M	43	A		-1	4300.224034	[1, 1, 1, 1, 1, 1, 1, 1, 1, 1, 1, 1]
	1508592	1418821	1369189	17	M	125	A		-1	4300.87310209	[1, 1, 1, 1, 1, 1, 1, 1, 1, 1, 1, 1]
	1546482	1420013	1476872	17	M	109	A		-1	4301.12010047	[1, 1, 1, 1, 1, 1, 1, 1, 1, 1, 1, 1]
	1546522	1420013	1308350	17	M	181	A		-1	4301.17804708	[1, 1, 1, 1, 1, 1, 1, 1, 1, 1, 1, 1]
	1495856	1493507	1415989	17	M	4	A		-1	4302.14712488	[1, 1, 1, 1, 1, 1, 1, 1, 1, 1, 1, 1]
	1563937	1420388	1412847	17	M	180	A		-1	4302.30720099	[1, 1, 1, 1, 1, 1, 1, 1, 1, 1, 1, 1]
	1573956	1420830	1395701	17	M	92	A		-1	4302.42031221	[1, 1, 1, 1, 1, 1, 1, 1, 1, 1, 1, 1]
	1581647	1420986	1425084	17	M	150	A		-1	4302.58004789	[1, 1, 1, 1, 1, 1, 1, 1, 1, 1, 1, 1]
	1582419	1420986	1425017	17	M	119	A		-1	4302.68937364	[1, 1, 1, 1, 1, 1, 1, 1, 1, 1, 1, 1]
	1544845	1420013	1427430	17	M	96	A		-1	4302.71787051	[1, 1, 1, 1, 1, 1, 1, 1, 1, 1, 1, 1]
	1539054	1419877	1288266	17	M	121	A		-1	4303.22688234	[1, 1, 1, 1, 1, 1, 1, 1, 1, 1, 1, 1]
	1457328	1316392	1301807	16	M	137	A		-1	4303.60815313	[1, 1, 1, 1, 1, 1, 1, 1, 1, 1, 1, 1]
	1496482	1493507	1410487	17	M	11	A		-1	4304.01569056	[1, 1, 1, 1, 1, 1, 1, 1, 1, 1, 1, 1]
	1518066	1418862	1376789	17	M	61	A		-1	4304.04665006	[1, 1, 1, 1, 1, 1, 1, 1, 1, 1, 1, 1]
	1529816	1419727	1396990	17	M	175	A		-1	4304.49333178	[1, 1, 1, 1, 1, 1, 1, 1, 1, 1, 1, 1]
	1535397	1419877	1406933	17	M	110	A		-1	4304.7785389	[1, 1, 1, 1, 1, 1, 1, 1, 1, 1, 1, 1]
	1581272	1420986	1473501	17	M	55	A		-1	4305.36948962	[1, 1, 1, 1, 1, 1, 1, 1, 1, 1, 1, 1]
	1511226	1418843	1426298	17	M	57	A		-1	4305.37932614	[1, 1, 1, 1, 1, 1, 1, 1, 1, 1, 1, 1]
	1561992	1420388	1422003	17	M	6	A		-1	4305.75951701	[1, 1, 1, 1, 1, 1, 1, 1, 1, 1, 1, 1]
	1546993	1420013	1409488	17	M	24	A		-1	4306.16942559	[1, 1, 1, 1, 1, 1, 1, 1, 1, 1, 1, 1]
	1542534	1419975	1406875	17	M	114	A		-1	4306.33286763	[1, 1, 1, 1, 1, 1, 1, 1, 1, 1, 1, 1]
	1523163	1419477	1447333	17	M	61	A		-1	4306.81849215	[1, 1, 1, 1, 1, 1, 1, 1, 1, 1, 1, 1]
	1535713	1419877	1428508	17	M	194	A		-1	4307.03390805	[1, 1, 1, 1, 1, 1, 1, 1, 1, 1, 1, 1]
	1542699	1419975	1426772	17	M	179	A		-1	4307.57252567	[1, 1, 1, 1, 1, 1, 1, 1, 1, 1, 1, 1]
	1585579	1421132	1458654	17	M	200	A		-1	4307.62253534	[1, 1, 1, 1, 1, 1, 1, 1, 1, 1, 1, 1]
	1589825	1421163	1268003	17	M	98	A		-1	4308.0164617	[1, 1, 1, 1, 1, 1, 1, 1, 1, 1, 1, 1]
	1515688	1418862	1361347	17	M	139	A		-1	4308.65512366	[1, 1, 1, 1, 1, 1, 1, 1, 1, 1, 1, 1]
	1540867	1419975	1462311	17	M	151	A		-1	4309.11838774	[1, 1, 1, 1, 1, 1, 1, 1, 1, 1, 1, 1]
	1551446	1420258	1418255	17	M	20	A		-1	4309.16607642	[1, 1, 1, 1, 1, 1, 1, 1, 1, 1, 1, 1]
	1548183	1420013	1415317	17	M	131	A		-1	4309.82593607	[1, 1, 1, 1, 1, 1, 1, 1, 1, 1, 1, 1]
	1560371	1420388	1467688	17	M	75	A		-1	4309.83309704	[1, 1, 1, 1, 1, 1, 1, 1, 1, 1, 1, 1]
	1526221	1419579	1438804	17	M	105	A		-1	4309.86604212	[1, 1, 1, 1, 1, 1, 1, 1, 1, 1, 1, 1]
	1559302	1420329	1433893	17	M	8	A		-1	4310.16563925	[1, 1, 1, 1, 1, 1, 1, 1, 1, 1, 1, 1]
	1515918	1418862	1451884	17	M	172	A		-1	4311.03431359	[1, 1, 1, 1, 1, 1, 1, 1, 1, 1, 1, 1]
	1547998	1420013	1337384	17	M	191	A		-1	4311.47210233	[1, 1, 1, 1, 1, 1, 1, 1, 1, 1, 1, 1]
	1554059	1420258	1410846	17	M	154	A		-1	4311.514184	[1, 1, 1, 1, 1, 1, 1, 1, 1, 1, 1, 1]
	1569396	1420558	1451491	17	M	187	A		-1	4311.55208842	[1, 1, 1, 1, 1, 1, 1, 1, 1, 1, 1, 1]
	1550206	1420258	1428516	17	M	84	A		-1	4312.41320892	[1, 1, 1, 1, 1, 1, 1, 1, 1, 1, 1, 1]
	1530221	1419727	1466550	17	M	4	A		-1	4313.03231757	[1, 1, 1, 1, 1, 1, 1, 1, 1, 1, 1, 1]
	1522467	1419477	1387000	17	M	36	A		-1	4313.11490236	[1, 1, 1, 1, 1, 1, 1, 1, 1, 1, 1, 1]
	1513936	1418843	1494240	17	M	122	A		-1	4313.2570641	[1, 1, 1, 1, 1, 1, 1, 1, 1, 1, 1, 1]
	1545283	1420013	1395676	17	M	95	A		-1	4313.3172115	[1, 1, 1, 1, 1, 1, 1, 1, 1, 1, 1, 1]
	1584307	1420986	1305330	17	M	45	A		-1	4313.50947357	[1, 1, 1, 1, 1, 1, 1, 1, 1, 1, 1, 1]
	1548252	1420013	1478543	17	M	105	A		-1	4313.70348015	[1, 1, 1, 1, 1, 1, 1, 1, 1, 1, 1, 1]
	1307206	1228072	1291995	15	M	114	A		-1	4313.71485355	[1, 1, 1, 1, 1, 1, 1, 1, 1, 1, 1, 1]
	1587972	1421132	1310524	17	M	92	A		-1	4314.00944012	[1, 1, 1, 1, 1, 1, 1, 1, 1, 1, 1, 1]
	1586182	1421132	1483812	17	M	174	A		-1	4314.24373116	[1, 1, 1, 1, 1, 1, 1, 1, 1, 1, 1, 1]
	1576915	1424817	1414064	17	M	139	A		-1	4314.50620694	[1, 1, 1, 1, 1, 1, 1, 1, 1, 1, 1, 1]
	1517624	1418862	1303457	17	M	167	A		-1	4314.94859871	[1, 1, 1, 1, 1, 1, 1, 1, 1, 1, 1, 1]
	1545276	1420013	1457930	17	M	101	A		-1	4315.40238627	[1, 1, 1, 1, 1, 1, 1, 1, 1, 1, 1, 1]
	1577459	1424817	1420985	17	M	58	A		-1	4315.53133396	[1, 1, 1, 1, 1, 1, 1, 1, 1, 1, 1, 1]
	1532016	1419727	1468177	17	M	74	A		-1	4315.89463671	[1, 1, 1, 1, 1, 1, 1, 1, 1, 1, 1, 1]
	1545573	1420013	1449271	17	M	145	A		-1	4316.2760459	[1, 1, 1, 1, 1, 1, 1, 1, 1, 1, 1, 1]
	1547682	1420013	1494165	17	M	85	A		-1	4316.3706446	[1, 1, 1, 1, 1, 1, 1, 1, 1, 1, 1, 1]
	1529902	1419727	1476425	17	M	144	A		-1	4316.66708325	[1, 1, 1, 1, 1, 1, 1, 1, 1, 1, 1, 1]
	1560193	1420388	1294943	17	M	190	A		-1	4316.98043882	[1, 1, 1, 1, 1, 1, 1, 1, 1, 1, 1, 1]
	1582805	1420986	1457618	17	M	48	A		-1	4317.17585002	[1, 1, 1, 1, 1, 1, 1, 1, 1, 1, 1, 1]
	1522905	1419477	1153323	17	M	61	A		-1	4318.35714914	[1, 1, 1, 1, 1, 1, 1, 1, 1, 1, 1, 1]
	1570526	1420830	1403439	17	M	151	A		-1	4318.70949022	[1, 1, 1, 1, 1, 1, 1, 1, 1, 1, 1, 1]
	1559779	1420388	1313878	17	M	154	A		-1	4319.01649052	[1, 1, 1, 1, 1, 1, 1, 1, 1, 1, 1, 1]
	1508000	1418821	1431205	17	M	29	A		-1	4319.0325049	[1, 1, 1, 1, 1, 1, 1, 1, 1, 1, 1, 1]
	1538619	1419877	1463085	17	M	43	A		-1	4319.19659713	[1, 1, 1, 1, 1, 1, 1, 1, 1, 1, 1, 1]
	1593966	1421163	1474280	17	M	26	A		-1	4319.71169767	[1, 1, 1, 1, 1, 1, 1, 1, 1, 1, 1, 1]
	1516173	1418862	1424225	17	M	40	A		-1	4319.9470067	[1, 1, 1, 1, 1, 1, 1, 1, 1, 1, 1, 1]
	1562453	1420388	1209537	17	M	59	A		-1	4320.68178913	[1, 1, 1, 1, 1, 1, 1, 1, 1, 1, 1, 1]
	1586322	1421132	1438595	17	M	5	A		-1	4320.83257437	[1, 1, 1, 1, 1, 1, 1, 1, 1, 1, 1, 1]
	1524439	1419477	1404706	17	M	133	A		-1	4321.1207731	[1, 1, 1, 1, 1, 1, 1, 1, 1, 1, 1, 1]
	1440228	1315705	1347312	16	M	6	A		-1	4321.41291053	[1, 1, 1, 1, 1, 1, 1, 1, 1, 1, 1, 1]
	1552552	1420258	1471962	17	M	189	A		-1	4321.91576631	[1, 1, 1, 1, 1, 1, 1, 1, 1, 1, 1, 1]
	1540339	1419975	1412121	17	M	70	A		-1	4321.93843818	[1, 1, 1, 1, 1, 1, 1, 1, 1, 1, 1, 1]
	1538799	1419877	1450603	17	M	60	A		-1	4322.27229455	[1, 1, 1, 1, 1, 1, 1, 1, 1, 1, 1, 1]
	1579924	1420986	1446944	17	M	86	A		-1	4322.35891424	[1, 1, 1, 1, 1, 1, 1, 1, 1, 1, 1, 1]
	1423122	1315352	1308993	16	M	173	A		-1	4322.47636608	[1, 1, 1, 1, 1, 1, 1, 1, 1, 1, 1, 1]
	1524964	1419579	1415792	17	M	114	A		-1	4322.73940922	[1, 1, 1, 1, 1, 1, 1, 1, 1, 1, 1, 1]
	1507568	1418821	1419378	17	M	3	A		-1	4323.2968496	[1, 1, 1, 1, 1, 1, 1, 1, 1, 1, 1, 1]
	1464374	1316460	1360502	16	M	87	A		-1	4323.31274144	[1, 1, 1, 1, 1, 1, 1, 1, 1, 1, 1, 1]
	1510847	1418843	1423174	17	M	41	A		-1	4323.72614116	[1, 1, 1, 1, 1, 1, 1, 1, 1, 1, 1, 1]
	1546076	1420013	1296922	17	M	10	A		-1	4323.7663486	[1, 1, 1, 1, 1, 1, 1, 1, 1, 1, 1, 1]
	1504913	1418821	1410164	17	M	175	A		-1	4323.8712923	[1, 1, 1, 1, 1, 1, 1, 1, 1, 1, 1, 1]
	1554956	1420329	1491362	17	M	159	A		-1	4324.07111966	[1, 1, 1, 1, 1, 1, 1, 1, 1, 1, 1, 1]
	1546939	1420013	1395205	17	M	10	A		-1	4324.60944132	[1, 1, 1, 1, 1, 1, 1, 1, 1, 1, 1, 1]
	1530644	1419727	1437185	17	M	121	A		-1	4324.94562364	[1, 1, 1, 1, 1, 1, 1, 1, 1, 1, 1, 1]
	1547535	1420013	1410775	17	M	110	A		-1	4325.01585869	[1, 1, 1, 1, 1, 1, 1, 1, 1, 1, 1, 1]
	1509279	1418821	1492131	17	M	39	A		-1	4325.22333444	[1, 1, 1, 1, 1, 1, 1, 1, 1, 1, 1, 1]
	1515761	1418862	1407981	17	M	183	A		-1	4325.38183662	[1, 1, 1, 1, 1, 1, 1, 1, 1, 1, 1, 1]
	1504131	1420563	1490779	17	M	120	A		-1	4325.72906748	[1, 1, 1, 1, 1, 1, 1, 1, 1, 1, 1, 1]
	1588054	1421132	1416663	17	M	136	A		-1	4325.9043335	[1, 1, 1, 1, 1, 1, 1, 1, 1, 1, 1, 1]
	1540257	1419975	1419359	17	M	45	A		-1	4325.94031998	[1, 1, 1, 1, 1, 1, 1, 1, 1, 1, 1, 1]
	1539005	1419877	1448851	17	M	5	A		-1	4326.44839038	[1, 1, 1, 1, 1, 1, 1, 1, 1, 1, 1, 1]
	1576346	1424817	1487144	17	M	162	A		-1	4326.58423119	[1, 1, 1, 1, 1, 1, 1, 1, 1, 1, 1, 1]
	1503808	1420563	1446064	17	M	85	A		-1	4327.22101036	[1, 1, 1, 1, 1, 1, 1, 1, 1, 1, 1, 1]
	1516443	1418862	1318083	17	M	23	A		-1	4327.26955207	[1, 1, 1, 1, 1, 1, 1, 1, 1, 1, 1, 1]
	1451918	1316047	1316764	16	M	62	A		-1	4327.72538177	[1, 1, 1, 1, 1, 1, 1, 1, 1, 1, 1, 1]
	1524627	1419579	1400764	17	M	188	A		-1	4327.74514946	[1, 1, 1, 1, 1, 1, 1, 1, 1, 1, 1, 1]
	1546708	1420013	1470952	17	M	169	A		-1	4327.92030123	[1, 1, 1, 1, 1, 1, 1, 1, 1, 1, 1, 1]
	1563475	1420388	1304721	17	M	109	A		-1	4328.5852264	[1, 1, 1, 1, 1, 1, 1, 1, 1, 1, 1, 1]
	1558306	1420329	1439235	17	M	165	A		-1	4329.46314639	[1, 1, 1, 1, 1, 1, 1, 1, 1, 1, 1, 1]
	1515511	1418862	1445257	17	M	62	A		-1	4329.52033293	[1, 1, 1, 1, 1, 1, 1, 1, 1, 1, 1, 1]
	1547908	1420013	1422486	17	M	134	A		-1	4330.84969526	[1, 1, 1, 1, 1, 1, 1, 1, 1, 1, 1, 1]
	1509610	1418843	1400999	17	M	22	A		-1	4330.92664261	[1, 1, 1, 1, 1, 1, 1, 1, 1, 1, 1, 1]
	1457174	1316392	1365876	16	M	44	A		-1	4331.17782204	[1, 1, 1, 1, 1, 1, 1, 1, 1, 1, 1, 1]
	1502618	1420563	1342193	17	M	166	A		-1	4331.21746295	[1, 1, 1, 1, 1, 1, 1, 1, 1, 1, 1, 1]
	1528256	1419579	1382218	17	M	48	A		-1	4331.50226139	[1, 1, 1, 1, 1, 1, 1, 1, 1, 1, 1, 1]
	1560595	1420388	1362597	17	M	124	A		-1	4332.988549	[1, 1, 1, 1, 1, 1, 1, 1, 1, 1, 1, 1]
	1426009	1315388	1250457	16	M	14	A		-1	4333.01976865	[1, 1, 1, 1, 1, 1, 1, 1, 1, 1, 1, 1]
	1506493	1418821	1450645	17	M	166	A		-1	4333.10632583	[1, 1, 1, 1, 1, 1, 1, 1, 1, 1, 1, 1]
	1537888	1419877	1445985	17	M	2	A		-1	4333.11532043	[1, 1, 1, 1, 1, 1, 1, 1, 1, 1, 1, 1]
	1513071	1418843	1413542	17	M	34	A		-1	4333.76935985	[1, 1, 1, 1, 1, 1, 1, 1, 1, 1, 1, 1]
	1539432	1419877	1463530	17	M	62	A		-1	4334.82038372	[1, 1, 1, 1, 1, 1, 1, 1, 1, 1, 1, 1]
	1499722	1420563	1426492	17	M	20	A		-1	4335.05895415	[1, 1, 1, 1, 1, 1, 1, 1, 1, 1, 1, 1]
	1535210	1419877	1417897	17	M	160	A		-1	4335.40234865	[1, 1, 1, 1, 1, 1, 1, 1, 1, 1, 1, 1]
	1515581	1418862	1436774	17	M	178	A		-1	4335.53498002	[1, 1, 1, 1, 1, 1, 1, 1, 1, 1, 1, 1]
	1549255	1420013	1351138	17	M	143	A		-1	4335.88917891	[1, 1, 1, 1, 1, 1, 1, 1, 1, 1, 1, 1]
	1426094	1315388	1342224	16	M	24	A		-1	4336.00968965	[1, 1, 1, 1, 1, 1, 1, 1, 1, 1, 1, 1]
	1544708	1420013	1479076	17	M	61	A		-1	4336.05636819	[1, 1, 1, 1, 1, 1, 1, 1, 1, 1, 1, 1]
	1573732	1420830	1400747	17	M	138	A		-1	4336.56079241	[1, 1, 1, 1, 1, 1, 1, 1, 1, 1, 1, 1]
	1525251	1419579	1396187	17	M	55	A		-1	4336.71267715	[1, 1, 1, 1, 1, 1, 1, 1, 1, 1, 1, 1]
	1496112	1493507	1475995	17	M	35	A		-1	4336.7499075	[1, 1, 1, 1, 1, 1, 1, 1, 1, 1, 1, 1]
	1543104	1419975	1470552	17	M	92	A		-1	4336.76163174	[1, 1, 1, 1, 1, 1, 1, 1, 1, 1, 1, 1]
	1439500	1315705	1374031	16	M	121	A		-1	4337.01397048	[1, 1, 1, 1, 1, 1, 1, 1, 1, 1, 1, 1]
	1506343	1418821	1422242	17	M	70	A		-1	4337.48327717	[1, 1, 1, 1, 1, 1, 1, 1, 1, 1, 1, 1]
	1526047	1419579	1424053	17	M	55	A		-1	4337.69722444	[1, 1, 1, 1, 1, 1, 1, 1, 1, 1, 1, 1]
	1543886	1419975	1351989	17	M	131	A		-1	4337.80850363	[1, 1, 1, 1, 1, 1, 1, 1, 1, 1, 1, 1]
	1580406	1420986	1446563	17	M	115	A		-1	4337.86260721	[1, 1, 1, 1, 1, 1, 1, 1, 1, 1, 1, 1]
	1546273	1420013	1405570	17	M	24	A		-1	4337.90163613	[1, 1, 1, 1, 1, 1, 1, 1, 1, 1, 1, 1]
	1582394	1420986	1404696	17	M	187	A		-1	4338.24244328	[1, 1, 1, 1, 1, 1, 1, 1, 1, 1, 1, 1]
	1416088	1315323	1306684	16	M	190	A		-1	4341.64836634	[1, 1, 1, 1, 1, 1, 1, 1, 1, 1, 1, 1]
	1591226	1421163	1343993	17	M	149	A		-1	4341.80534631	[1, 1, 1, 1, 1, 1, 1, 1, 1, 1, 1, 1]
	1505682	1418821	1359771	17	M	90	A		-1	4342.69438907	[1, 1, 1, 1, 1, 1, 1, 1, 1, 1, 1, 1]
	1503503	1420563	1409242	17	M	49	A		-1	4342.83459652	[1, 1, 1, 1, 1, 1, 1, 1, 1, 1, 1, 1]
	1544511	1420013	1488868	17	M	22	A		-1	4343.69392459	[1, 1, 1, 1, 1, 1, 1, 1, 1, 1, 1, 1]
	1577672	1424817	1437748	17	M	152	A		-1	4344.03871917	[1, 1, 1, 1, 1, 1, 1, 1, 1, 1, 1, 1]
	1529935	1419727	1408984	17	M	149	A		-1	4344.67420855	[1, 1, 1, 1, 1, 1, 1, 1, 1, 1, 1, 1]
	1510032	1418843	1423869	17	M	199	A		-1	4344.74098204	[1, 1, 1, 1, 1, 1, 1, 1, 1, 1, 1, 1]
	1519703	1419477	1306938	17	M	76	A		-1	4345.76033534	[1, 1, 1, 1, 1, 1, 1, 1, 1, 1, 1, 1]
	1590568	1421163	1430796	17	M	90	A		-1	4346.53109565	[1, 1, 1, 1, 1, 1, 1, 1, 1, 1, 1, 1]
	1546196	1420013	1488114	17	M	183	A		-1	4347.13720302	[1, 1, 1, 1, 1, 1, 1, 1, 1, 1, 1, 1]
	1393048	1233465	1193655	15	M	107	A		-1	4347.36538293	[1, 1, 1, 1, 1, 1, 1, 1, 1, 1, 1, 1]
	1552282	1420258	1414231	17	M	61	A		-1	4347.92660599	[1, 1, 1, 1, 1, 1, 1, 1, 1, 1, 1, 1]
	1553781	1420258	1409359	17	M	186	A		-1	4348.02318055	[1, 1, 1, 1, 1, 1, 1, 1, 1, 1, 1, 1]
	1500100	1420563	1489599	17	M	106	A		-1	4348.09754011	[1, 1, 1, 1, 1, 1, 1, 1, 1, 1, 1, 1]
	1530685	1419727	1457218	17	M	170	A		-1	4348.20623429	[1, 1, 1, 1, 1, 1, 1, 1, 1, 1, 1, 1]
	1505214	1418821	1435261	17	M	107	A		-1	4348.41410931	[1, 1, 1, 1, 1, 1, 1, 1, 1, 1, 1, 1]
	1592515	1421163	1411898	17	M	184	A		-1	4348.41907782	[1, 1, 1, 1, 1, 1, 1, 1, 1, 1, 1, 1]
	1544247	1419975	1426264	17	M	197	A		-1	4348.51066	[1, 1, 1, 1, 1, 1, 1, 1, 1, 1, 1, 1]
	1507629	1418821	1433429	17	M	38	A		-1	4348.57405254	[1, 1, 1, 1, 1, 1, 1, 1, 1, 1, 1, 1]
	1534334	1419727	1398715	17	M	152	A		-1	4348.67170296	[1, 1, 1, 1, 1, 1, 1, 1, 1, 1, 1, 1]
	1546808	1420013	1416926	17	M	48	A		-1	4348.74938436	[1, 1, 1, 1, 1, 1, 1, 1, 1, 1, 1, 1]
	1588971	1421132	1424829	17	M	173	A		-1	4349.00176313	[1, 1, 1, 1, 1, 1, 1, 1, 1, 1, 1, 1]
	1518217	1418862	1478509	17	M	39	A		-1	4349.01459839	[1, 1, 1, 1, 1, 1, 1, 1, 1, 1, 1, 1]
	1576348	1424817	1435816	17	M	154	A		-1	4349.09010314	[1, 1, 1, 1, 1, 1, 1, 1, 1, 1, 1, 1]
	1531105	1419727	1492592	17	M	37	A		-1	4349.89600338	[1, 1, 1, 1, 1, 1, 1, 1, 1, 1, 1, 1]
	1557876	1420329	1395504	17	M	13	A		-1	4350.60791353	[1, 1, 1, 1, 1, 1, 1, 1, 1, 1, 1, 1]
	1562629	1420388	1421443	17	M	44	A		-1	4350.77117418	[1, 1, 1, 1, 1, 1, 1, 1, 1, 1, 1, 1]
	1538679	1419877	1306834	17	M	115	A		-1	4352.65024378	[1, 1, 1, 1, 1, 1, 1, 1, 1, 1, 1, 1]
	1553462	1420258	1481339	17	M	3	A		-1	4352.65552835	[1, 1, 1, 1, 1, 1, 1, 1, 1, 1, 1, 1]
	1545086	1420013	1449183	17	M	10	A		-1	4352.91872116	[1, 1, 1, 1, 1, 1, 1, 1, 1, 1, 1, 1]
	1497809	1493507	1427559	17	M	124	A		-1	4353.00218199	[1, 1, 1, 1, 1, 1, 1, 1, 1, 1, 1, 1]
	1510268	1418843	1435363	17	M	8	A		-1	4353.26594619	[1, 1, 1, 1, 1, 1, 1, 1, 1, 1, 1, 1]
	1548455	1420013	1412907	17	M	36	A		-1	4353.92717552	[1, 1, 1, 1, 1, 1, 1, 1, 1, 1, 1, 1]
	1568229	1420558	1411996	17	M	98	A		-1	4354.43867289	[1, 1, 1, 1, 1, 1, 1, 1, 1, 1, 1, 1]
	1545163	1420013	1424532	17	M	10	A		-1	4355.54412588	[1, 1, 1, 1, 1, 1, 1, 1, 1, 1, 1, 1]
	1543014	1419975	1442397	17	M	163	A		-1	4356.1876335	[1, 1, 1, 1, 1, 1, 1, 1, 1, 1, 1, 1]
	1523001	1419477	1490342	17	M	182	A		-1	4356.19187561	[1, 1, 1, 1, 1, 1, 1, 1, 1, 1, 1, 1]
	1583550	1420986	1450192	17	M	131	A		-1	4356.19700576	[1, 1, 1, 1, 1, 1, 1, 1, 1, 1, 1, 1]
	1446436	1315766	1321400	16	M	84	A		-1	4356.27958633	[1, 1, 1, 1, 1, 1, 1, 1, 1, 1, 1, 1]
	1560363	1420388	1468429	17	M	101	A		-1	4357.08965581	[1, 1, 1, 1, 1, 1, 1, 1, 1, 1, 1, 1]
	1534076	1419727	1427914	17	M	129	A		-1	4357.10506085	[1, 1, 1, 1, 1, 1, 1, 1, 1, 1, 1, 1]
	1534703	1419877	1418144	17	M	94	A		-1	4357.66899729	[1, 1, 1, 1, 1, 1, 1, 1, 1, 1, 1, 1]
	1523456	1419477	1452889	17	M	33	A		-1	4357.7963648	[1, 1, 1, 1, 1, 1, 1, 1, 1, 1, 1, 1]
	1591357	1421163	1450130	17	M	111	A		-1	4358.15828407	[1, 1, 1, 1, 1, 1, 1, 1, 1, 1, 1, 1]
	1526905	1419579	1353532	17	M	170	A		-1	4358.33611998	[1, 1, 1, 1, 1, 1, 1, 1, 1, 1, 1, 1]
	1449120	1315766	1195144	16	M	1	A		-1	4358.74671326	[1, 1, 1, 1, 1, 1, 1, 1, 1, 1, 1, 1]
	1532043	1419727	1391958	17	M	84	A		-1	4359.52706907	[1, 1, 1, 1, 1, 1, 1, 1, 1, 1, 1, 1]
	1548007	1420013	1280137	17	M	110	A		-1	4359.79822271	[1, 1, 1, 1, 1, 1, 1, 1, 1, 1, 1, 1]
	1585267	1421132	1380775	17	M	45	A		-1	4360.16432456	[1, 1, 1, 1, 1, 1, 1, 1, 1, 1, 1, 1]
	1398556	1394386	1370344	16	M	132	A		-1	4360.51049393	[1, 1, 1, 1, 1, 1, 1, 1, 1, 1, 1, 1]
	1548190	1420013	1396130	17	M	55	A		-1	4361.16319195	[1, 1, 1, 1, 1, 1, 1, 1, 1, 1, 1, 1]
	1581777	1420986	1484109	17	M	149	A		-1	4361.25595755	[1, 1, 1, 1, 1, 1, 1, 1, 1, 1, 1, 1]
	1559798	1420388	1412353	17	M	86	A		-1	4361.39196467	[1, 1, 1, 1, 1, 1, 1, 1, 1, 1, 1, 1]
	1559699	1420388	1338020	17	M	44	A		-1	4361.56163105	[1, 1, 1, 1, 1, 1, 1, 1, 1, 1, 1, 1]
	1535327	1419877	1303165	17	M	186	A		-1	4364.268818	[1, 1, 1, 1, 1, 1, 1, 1, 1, 1, 1, 1]
	1562811	1420388	1408734	17	M	96	A		-1	4364.32737279	[1, 1, 1, 1, 1, 1, 1, 1, 1, 1, 1, 1]
	1557303	1420329	1464417	17	M	62	A		-1	4365.51156948	[1, 1, 1, 1, 1, 1, 1, 1, 1, 1, 1, 1]
	1495457	1493507	1418206	17	M	95	A		-1	4365.72178943	[1, 1, 1, 1, 1, 1, 1, 1, 1, 1, 1, 1]
	1566561	1420558	1454541	17	M	68	A		-1	4365.81490006	[1, 1, 1, 1, 1, 1, 1, 1, 1, 1, 1, 1]
	1499126	1493507	1483552	17	M	151	A		-1	4366.95418511	[1, 1, 1, 1, 1, 1, 1, 1, 1, 1, 1, 1]
	1458993	1316392	1236347	16	M	83	A		-1	4367.68642063	[1, 1, 1, 1, 1, 1, 1, 1, 1, 1, 1, 1]
	1552300	1420258	1470075	17	M	12	A		-1	4368.28248657	[1, 1, 1, 1, 1, 1, 1, 1, 1, 1, 1, 1]
	1420013	1315352	1327441	16	M	135	A		-1	4368.51277575	[1, 1, 1, 1, 1, 1, 1, 1, 1, 1, 1, 1]
	1539714	1419975	1467935	17	M	13	A		-1	4369.82008176	[1, 1, 1, 1, 1, 1, 1, 1, 1, 1, 1, 1]
	1536105	1419877	1468002	17	M	138	A		-1	4370.96607581	[1, 1, 1, 1, 1, 1, 1, 1, 1, 1, 1, 1]
	1496546	1493507	1489120	17	M	101	A		-1	4371.05262866	[1, 1, 1, 1, 1, 1, 1, 1, 1, 1, 1, 1]
	1510495	1418843	1444490	17	M	61	A		-1	4371.561148	[1, 1, 1, 1, 1, 1, 1, 1, 1, 1, 1, 1]
	1498250	1493507	1477993	17	M	93	A		-1	4371.64335245	[1, 1, 1, 1, 1, 1, 1, 1, 1, 1, 1, 1]
	1560351	1420388	1474202	17	M	109	A		-1	4371.92216345	[1, 1, 1, 1, 1, 1, 1, 1, 1, 1, 1, 1]
	1567555	1420558	1462395	17	M	200	A		-1	4372.19821408	[1, 1, 1, 1, 1, 1, 1, 1, 1, 1, 1, 1]
	1582982	1420986	1444737	17	M	150	A		-1	4373.29757478	[1, 1, 1, 1, 1, 1, 1, 1, 1, 1, 1, 1]
	1517245	1418862	1480667	17	M	173	A		-1	4373.35914027	[1, 1, 1, 1, 1, 1, 1, 1, 1, 1, 1, 1]
	1447528	1315766	1390560	16	M	34	A		-1	4373.37623257	[1, 1, 1, 1, 1, 1, 1, 1, 1, 1, 1, 1]
	1557974	1420329	1431744	17	M	37	A		-1	4373.38645569	[1, 1, 1, 1, 1, 1, 1, 1, 1, 1, 1, 1]
	1518526	1418862	1464619	17	M	147	A		-1	4374.02219895	[1, 1, 1, 1, 1, 1, 1, 1, 1, 1, 1, 1]
	1516649	1418862	1439159	17	M	143	A		-1	4374.50636521	[1, 1, 1, 1, 1, 1, 1, 1, 1, 1, 1, 1]
	1535493	1419877	1447748	17	M	28	A		-1	4375.35977939	[1, 1, 1, 1, 1, 1, 1, 1, 1, 1, 1, 1]
	1544657	1420013	1399429	17	M	196	A		-1	4376.21499644	[1, 1, 1, 1, 1, 1, 1, 1, 1, 1, 1, 1]
	1571084	1420830	1424874	17	M	112	A		-1	4379.22529681	[1, 1, 1, 1, 1, 1, 1, 1, 1, 1, 1, 1]
	1568037	1420558	1401976	17	M	147	A		-1	4379.22895059	[1, 1, 1, 1, 1, 1, 1, 1, 1, 1, 1, 1]
	1513226	1418843	1393945	17	M	200	A		-1	4379.34038153	[1, 1, 1, 1, 1, 1, 1, 1, 1, 1, 1, 1]
	1574571	1424817	1479350	17	M	185	A		-1	4379.42501706	[1, 1, 1, 1, 1, 1, 1, 1, 1, 1, 1, 1]
	1501663	1420563	1414276	17	M	17	A		-1	4379.5083289	[1, 1, 1, 1, 1, 1, 1, 1, 1, 1, 1, 1]
	1465403	1316514	1306058	16	M	42	A		-1	4380.56731133	[1, 1, 1, 1, 1, 1, 1, 1, 1, 1, 1, 1]
	1586352	1421132	1353436	17	M	78	A		-1	4380.58121078	[1, 1, 1, 1, 1, 1, 1, 1, 1, 1, 1, 1]
	1502235	1420563	1448028	17	M	87	A		-1	4381.3042052	[1, 1, 1, 1, 1, 1, 1, 1, 1, 1, 1, 1]
	1544940	1420013	1394020	17	M	36	A		-1	4381.76226666	[1, 1, 1, 1, 1, 1, 1, 1, 1, 1, 1, 1]
	1506746	1418821	1442628	17	M	95	A		-1	4382.0730104	[1, 1, 1, 1, 1, 1, 1, 1, 1, 1, 1, 1]
	1545580	1420013	1433158	17	M	139	A		-1	4382.26211955	[1, 1, 1, 1, 1, 1, 1, 1, 1, 1, 1, 1]
	1514419	1418843	1432540	17	M	96	A		-1	4382.40816638	[1, 1, 1, 1, 1, 1, 1, 1, 1, 1, 1, 1]
	1548585	1420013	1270618	17	M	92	A		-1	4382.90626866	[1, 1, 1, 1, 1, 1, 1, 1, 1, 1, 1, 1]
	1564789	1420558	1414950	17	M	148	A		-1	4383.67545738	[1, 1, 1, 1, 1, 1, 1, 1, 1, 1, 1, 1]
	1500675	1420563	1418474	17	M	166	A		-1	4383.68105507	[1, 1, 1, 1, 1, 1, 1, 1, 1, 1, 1, 1]
	1497059	1493507	1475316	17	M	95	A		-1	4384.84749499	[1, 1, 1, 1, 1, 1, 1, 1, 1, 1, 1, 1]
	1543771	1419975	1423112	17	M	140	A		-1	4385.71844355	[1, 1, 1, 1, 1, 1, 1, 1, 1, 1, 1, 1]
	1521610	1419477	1473539	17	M	194	A		-1	4386.13725703	[1, 1, 1, 1, 1, 1, 1, 1, 1, 1, 1, 1]
	1448739	1315766	1306538	16	M	102	A		-1	4386.39487061	[1, 1, 1, 0, 1, 1, 1, 1, 1, 1, 1, 1]
	1532455	1419727	1411198	17	M	84	A		-1	4386.59032143	[1, 1, 1, 1, 1, 1, 1, 1, 1, 1, 1, 1]
	1550291	1420258	1445874	17	M	178	A		-1	4386.6363183	[1, 1, 1, 1, 1, 1, 1, 1, 1, 1, 1, 1]
	1589912	1421163	1442759	17	M	125	A		-1	4387.07890415	[1, 1, 1, 1, 1, 1, 1, 1, 1, 1, 1, 1]
	1536754	1419877	1444741	17	M	51	A		-1	4387.62112967	[1, 1, 1, 1, 1, 1, 1, 1, 1, 1, 1, 1]
	1546254	1420013	1417952	17	M	184	A		-1	4387.89193607	[1, 1, 1, 1, 1, 1, 1, 1, 1, 1, 1, 1]
	1537635	1419877	1433509	17	M	120	A		-1	4388.57712767	[1, 1, 1, 1, 1, 1, 1, 1, 1, 1, 1, 1]
	1545977	1420013	1418800	17	M	31	A		-1	4388.70005151	[1, 1, 1, 1, 1, 1, 1, 1, 1, 1, 1, 1]
	1506277	1418821	1492094	17	M	89	A		-1	4389.47656558	[1, 1, 1, 1, 1, 1, 1, 1, 1, 1, 1, 1]
	1547883	1420013	1248119	17	M	133	A		-1	4390.38857775	[1, 1, 1, 1, 1, 1, 1, 1, 1, 1, 1, 1]
	1444690	1315766	1312025	16	M	61	A		-1	4391.01406489	[1, 1, 1, 1, 1, 1, 1, 1, 1, 1, 1, 1]
	1553294	1420258	1401263	17	M	64	A		-1	4391.66727804	[1, 1, 1, 1, 1, 1, 1, 1, 1, 1, 1, 1]
	1534642	1419877	1486271	17	M	156	A		-1	4392.84156726	[1, 1, 1, 1, 1, 1, 1, 1, 1, 1, 1, 1]
	1500764	1420563	1410171	17	M	153	A		-1	4392.84171001	[1, 1, 1, 1, 1, 1, 1, 1, 1, 1, 1, 1]
	1523193	1419477	1417923	17	M	128	A		-1	4393.11234746	[1, 1, 1, 1, 1, 1, 1, 1, 1, 1, 1, 1]
	1533039	1419727	1474035	17	M	153	A		-1	4394.87213067	[1, 1, 1, 1, 1, 1, 1, 1, 1, 1, 1, 1]
	1587785	1421132	1417182	17	M	0	A		-1	4395.61152698	[1, 1, 1, 1, 1, 1, 1, 1, 1, 1, 1, 1]
	1510393	1418843	1457201	17	M	77	A		-1	4395.75672029	[1, 1, 1, 1, 1, 1, 1, 1, 1, 1, 1, 1]
	1517934	1418862	1456176	17	M	142	A		-1	4395.79945241	[1, 1, 1, 1, 1, 1, 1, 1, 1, 1, 1, 1]
	1557743	1420329	1426464	17	M	193	A		-1	4395.80334959	[1, 1, 1, 1, 1, 1, 1, 1, 1, 1, 1, 1]
	1568833	1420558	1456806	17	M	180	A		-1	4396.2850865	[1, 1, 1, 1, 1, 1, 1, 1, 1, 1, 1, 1]
	1579297	1424817	1450487	17	M	42	A		-1	4397.17009986	[1, 1, 1, 1, 1, 1, 1, 1, 1, 1, 1, 1]
	1545652	1420013	1439257	17	M	125	A		-1	4398.5024433	[1, 1, 1, 1, 1, 1, 1, 1, 1, 1, 1, 1]
	1516043	1418862	1479547	17	M	59	A		-1	4398.58345686	[1, 1, 1, 1, 1, 1, 1, 1, 1, 1, 1, 1]
	1562039	1420388	1472240	17	M	73	A		-1	4399.61896195	[1, 1, 1, 1, 1, 1, 1, 1, 1, 1, 1, 1]
	1575893	1424817	1447987	17	M	9	A		-1	4400.114243	[1, 1, 1, 1, 1, 1, 1, 1, 1, 1, 1, 1]
	1586103	1421132	1387146	17	M	12	A		-1	4401.07679092	[1, 1, 1, 1, 1, 1, 1, 1, 1, 1, 1, 1]
	1512846	1418843	1465072	17	M	34	A		-1	4401.41229643	[1, 1, 1, 1, 1, 1, 1, 1, 1, 1, 1, 1]
	1537629	1419877	1494069	17	M	99	A		-1	4401.78406248	[1, 1, 1, 1, 1, 1, 1, 1, 1, 1, 1, 1]
	1529965	1419727	1419738	17	M	42	A		-1	4401.87180564	[1, 1, 1, 1, 1, 1, 1, 1, 1, 1, 1, 1]
	1545868	1420013	1424991	17	M	48	A		-1	4402.17340213	[1, 1, 1, 1, 1, 1, 1, 1, 1, 1, 1, 1]
	1562596	1420388	1455171	17	M	6	A		-1	4402.96178862	[1, 1, 1, 1, 1, 1, 1, 1, 1, 1, 1, 1]
	1558428	1420329	1456602	17	M	61	A		-1	4404.6789325	[1, 1, 1, 1, 1, 1, 1, 1, 1, 1, 1, 1]
	1545706	1420013	1438432	17	M	129	A		-1	4405.16149021	[1, 1, 1, 1, 1, 1, 1, 1, 1, 1, 1, 1]
	1542185	1419975	1444971	17	M	18	A		-1	4405.18009697	[1, 1, 1, 1, 1, 1, 1, 1, 1, 1, 1, 1]
	1545225	1420013	1386005	17	M	48	A		-1	4405.41474139	[1, 1, 1, 1, 1, 1, 1, 1, 1, 1, 1, 1]
	1517324	1418862	1490777	17	M	78	A		-1	4405.47800317	[1, 1, 1, 1, 1, 1, 1, 1, 1, 1, 1, 1]
	1495474	1493507	1344322	17	M	142	A		-1	4407.41797906	[1, 1, 1, 1, 1, 1, 1, 1, 1, 1, 1, 1]
	1555776	1420329	1396060	17	M	192	A		-1	4407.93466512	[1, 1, 1, 1, 1, 1, 1, 1, 1, 1, 1, 1]
	1535871	1419877	1466494	17	M	192	A		-1	4410.29954365	[1, 1, 1, 1, 1, 1, 1, 1, 1, 1, 1, 1]
	1513772	1418843	1491003	17	M	192	A		-1	4410.65773153	[1, 1, 1, 1, 1, 1, 1, 1, 1, 1, 1, 1]
	1591540	1421163	1481865	17	M	102	A		-1	4411.01565671	[1, 1, 1, 1, 1, 1, 1, 1, 1, 1, 1, 1]
	1590195	1421163	1398724	17	M	177	A		-1	4411.49339966	[1, 1, 1, 1, 1, 1, 1, 1, 1, 1, 1, 1]
	1499708	1420563	1405885	17	M	108	A		-1	4411.60274202	[1, 1, 1, 1, 1, 1, 1, 1, 1, 1, 1, 1]
	1582066	1420986	1448762	17	M	59	A		-1	4411.80063837	[1, 1, 1, 1, 1, 1, 1, 1, 1, 1, 1, 1]
	1564232	1420388	1456231	17	M	105	A		-1	4411.99912731	[1, 1, 1, 1, 1, 1, 1, 1, 1, 1, 1, 1]
	1547128	1420013	1462141	17	M	113	A		-1	4412.30380092	[1, 1, 1, 1, 1, 1, 1, 1, 1, 1, 1, 1]
	1517405	1418862	1401511	17	M	100	A		-1	4413.85175199	[1, 1, 1, 1, 1, 1, 1, 1, 1, 1, 1, 1]
	1581082	1420986	1403842	17	M	63	A		-1	4417.83655132	[1, 1, 1, 1, 1, 1, 1, 1, 1, 1, 1, 1]
	1447469	1315766	1336165	16	M	43	A		-1	4419.66648549	[1, 1, 1, 1, 1, 1, 1, 1, 1, 1, 1, 1]
	1569152	1420558	1405610	17	M	117	A		-1	4420.23244116	[1, 1, 1, 1, 1, 1, 1, 1, 1, 1, 1, 1]
	1543428	1419975	1474810	17	M	76	A		-1	4420.8423647	[1, 1, 1, 1, 1, 1, 1, 1, 1, 1, 1, 1]
	1513687	1418843	1445375	17	M	33	A		-1	4421.88240181	[1, 1, 1, 1, 1, 1, 1, 1, 1, 1, 1, 1]
	1561020	1420388	1447972	17	M	32	A		-1	4422.16154204	[1, 1, 1, 1, 1, 1, 1, 1, 1, 1, 1, 1]
	1557481	1420329	1481540	17	M	87	A		-1	4422.9266954	[1, 1, 1, 1, 1, 1, 1, 1, 1, 1, 1, 1]
	1546315	1420013	1418077	17	M	93	A		-1	4427.34484261	[1, 1, 1, 1, 1, 1, 1, 1, 1, 1, 1, 1]
	1588630	1421132	1435742	17	M	138	A		-1	4427.58373112	[1, 1, 1, 1, 1, 1, 1, 1, 1, 1, 1, 1]
	1547648	1420013	1427107	17	M	160	A		-1	4427.63562264	[1, 1, 1, 1, 1, 1, 1, 1, 1, 1, 1, 1]
	1510758	1418843	1433970	17	M	166	A		-1	4428.40846424	[1, 1, 1, 1, 1, 1, 1, 1, 1, 1, 1, 1]
	1537096	1419877	1422299	17	M	22	A		-1	4429.16685911	[1, 1, 1, 1, 1, 1, 1, 1, 1, 1, 1, 1]
	1512995	1418843	1463560	17	M	71	A		-1	4429.79362553	[1, 1, 1, 1, 1, 1, 1, 1, 1, 1, 1, 1]
	1506400	1418821	1412746	17	M	49	A		-1	4431.24279984	[1, 1, 1, 1, 1, 1, 1, 1, 1, 1, 1, 1]
	1587413	1421132	1455603	17	M	14	A		-1	4431.88259134	[1, 1, 1, 1, 1, 1, 1, 1, 1, 1, 1, 1]
	1545458	1420013	1455585	17	M	110	A		-1	4431.90308535	[1, 1, 1, 1, 1, 1, 1, 1, 1, 1, 1, 1]
	1561901	1420388	1456256	17	M	135	A		-1	4434.21674485	[1, 1, 1, 1, 1, 1, 1, 1, 1, 1, 1, 1]
	1589265	1421132	1411672	17	M	109	A		-1	4434.2949784	[1, 1, 1, 1, 1, 1, 1, 1, 1, 1, 1, 1]
	1547685	1420013	1451851	17	M	144	A		-1	4435.99750045	[1, 1, 1, 1, 1, 1, 1, 1, 1, 1, 1, 1]
	1553581	1420258	1429114	17	M	180	A		-1	4436.60726024	[1, 1, 1, 1, 1, 1, 1, 1, 1, 1, 1, 1]
	1521923	1419477	1361621	17	M	191	A		-1	4436.90477947	[1, 1, 1, 1, 1, 1, 1, 1, 1, 1, 1, 1]
	1526983	1419579	1489728	17	M	16	A		-1	4443.01772122	[1, 1, 1, 1, 1, 1, 1, 1, 1, 1, 1, 1]
	1545368	1420013	1426096	17	M	3	A		-1	4443.07028482	[1, 1, 1, 1, 1, 1, 1, 1, 1, 1, 1, 1]
	1545012	1420013	1439754	17	M	103	A		-1	4443.69631463	[1, 1, 1, 1, 1, 1, 1, 1, 1, 1, 1, 1]
	1545971	1420013	1441440	17	M	0	A		-1	4446.00951768	[1, 1, 1, 1, 1, 1, 1, 1, 1, 1, 1, 1]
	1580858	1420986	1438990	17	M	148	A		-1	4446.63608718	[1, 1, 1, 1, 1, 1, 1, 1, 1, 1, 1, 1]
	1582811	1420986	1421576	17	M	196	A		-1	4446.67492497	[1, 1, 1, 1, 1, 1, 1, 1, 1, 1, 1, 1]
	1516707	1418862	1421029	17	M	74	A		-1	4451.21130799	[1, 1, 1, 1, 1, 1, 1, 1, 1, 1, 1, 1]
	1569023	1420558	1466813	17	M	129	A		-1	4451.56229535	[1, 1, 1, 1, 1, 1, 1, 1, 1, 1, 1, 1]
	1562821	1420388	1352673	17	M	190	A		-1	4452.60775723	[1, 1, 1, 1, 1, 1, 1, 1, 1, 1, 1, 1]
	1449247	1315766	1297911	16	M	74	A		-1	4453.20182439	[1, 1, 1, 1, 1, 1, 1, 1, 1, 1, 1, 1]
	1519045	1418862	1463129	17	M	146	A		-1	4454.58499363	[1, 1, 1, 1, 1, 1, 1, 1, 1, 1, 1, 1]
	1477221	1319891	1246715	16	M	23	A		-1	4455.78919776	[1, 1, 1, 1, 1, 1, 1, 1, 1, 1, 1, 1]
	1561718	1420388	1428191	17	M	105	A		-1	4456.99593017	[1, 1, 1, 1, 1, 1, 1, 1, 1, 1, 1, 1]
	1505231	1418821	1479201	17	M	175	A		-1	4459.34696546	[1, 1, 1, 1, 1, 1, 1, 1, 1, 1, 1, 1]
	1546124	1420013	1429830	17	M	37	A		-1	4462.99571035	[1, 1, 1, 1, 1, 1, 1, 1, 1, 1, 1, 1]
	1535059	1419877	1435425	17	M	46	A		-1	4464.10642897	[1, 1, 1, 1, 1, 1, 1, 1, 1, 1, 1, 1]
	1559629	1420388	1428785	17	M	137	A		-1	4464.63482212	[1, 1, 1, 1, 1, 1, 1, 1, 1, 1, 1, 1]
	1513001	1418843	1411213	17	M	48	A		-1	4466.02301425	[1, 1, 1, 1, 1, 1, 1, 1, 1, 1, 1, 1]
	1545399	1420013	1448163	17	M	9	A		-1	4466.26173028	[1, 1, 1, 1, 1, 1, 1, 1, 1, 1, 1, 1]
	1589131	1421132	1387405	17	M	171	A		-1	4471.35230322	[1, 1, 1, 1, 1, 1, 1, 1, 1, 1, 1, 1]
	1555873	1420329	1309801	17	M	135	A		-1	4472.32210204	[1, 1, 1, 1, 1, 1, 1, 1, 1, 1, 1, 1]
	1548033	1420013	1442704	17	M	84	A		-1	4473.99417048	[1, 1, 1, 1, 1, 1, 1, 1, 1, 1, 1, 1]
	1499770	1420563	1428129	17	M	18	A		-1	4474.68937054	[1, 1, 1, 1, 1, 1, 1, 1, 1, 1, 1, 1]
	1514120	1418843	1441449	17	M	48	A		-1	4474.97373303	[1, 1, 1, 1, 1, 1, 1, 1, 1, 1, 1, 1]
	1520432	1419477	1409980	17	M	88	A		-1	4477.15542914	[1, 1, 1, 1, 1, 1, 1, 1, 1, 1, 1, 1]
	1510736	1418843	1352540	17	M	99	A		-1	4483.70330027	[1, 1, 1, 1, 1, 1, 1, 1, 1, 1, 1, 1]
	1532416	1419727	1469519	17	M	73	A		-1	4487.42166134	[1, 1, 1, 1, 1, 1, 1, 1, 1, 1, 1, 1]
	1566293	1420558	1456608	17	M	123	A		-1	4490.06972819	[1, 1, 1, 1, 1, 1, 1, 1, 1, 1, 1, 1]
	1553981	1420258	1494100	17	M	31	A		-1	4493.30632403	[1, 1, 1, 1, 1, 1, 1, 1, 1, 1, 1, 1]
	1563634	1420388	1447476	17	M	59	A		-1	4495.20146509	[1, 1, 1, 1, 1, 1, 1, 1, 1, 1, 1, 1]
	1564371	1420388	1448418	17	M	167	A		-1	4497.22552199	[1, 1, 1, 1, 1, 1, 1, 1, 1, 1, 1, 1]
	1538416	1419877	1474685	17	M	29	A		-1	4497.37103326	[1, 1, 1, 1, 1, 1, 1, 1, 1, 1, 1, 1]
	1429658	1315503	1322245	16	M	171	A		-1	4498.43338406	[1, 1, 1, 1, 1, 1, 1, 1, 1, 1, 1, 1]
	1570595	1420830	1438425	17	M	185	A		-1	4500.00687482	[1, 1, 1, 1, 1, 1, 1, 1, 1, 1, 1, 1]
	1536595	1419877	1488153	17	M	13	A		-1	4504.29382226	[1, 1, 1, 1, 1, 1, 1, 1, 1, 1, 1, 1]
	1499480	1420563	1455485	17	M	30	A		-1	4505.47548387	[1, 1, 1, 1, 1, 1, 1, 1, 1, 1, 1, 1]
	1545737	1420013	1410539	17	M	190	A		-1	4505.82527497	[1, 1, 1, 1, 1, 1, 1, 1, 1, 1, 1, 1]
	1525065	1419579	1477727	17	M	89	A		-1	4511.61927993	[1, 1, 1, 1, 1, 1, 1, 1, 1, 1, 1, 1]
	1535602	1419877	1478343	17	M	164	A		-1	4517.15855476	[1, 1, 1, 1, 1, 1, 1, 1, 1, 1, 1, 1]
	1511251	1418843	1431234	17	M	72	A		-1	4520.4136154	[1, 1, 1, 1, 1, 1, 1, 1, 1, 1, 1, 1]
	1562262	1420388	1455841	17	M	126	A		-1	4521.87215705	[1, 1, 1, 1, 1, 1, 1, 1, 1, 1, 1, 1]
	1545747	1420013	1483273	17	M	60	A		-1	4526.4902557	[1, 1, 1, 1, 1, 1, 1, 1, 1, 1, 1, 1]
	1563808	1420388	1467709	17	M	187	A		-1	4531.39108023	[1, 1, 1, 1, 1, 1, 1, 1, 1, 1, 1, 1]
	1529552	1419727	1405281	17	M	113	A		-1	4532.93187537	[1, 1, 1, 1, 1, 1, 1, 1, 1, 1, 1, 1]
	1592517	1421163	1417296	17	M	190	A		-1	4533.32490763	[1, 1, 1, 1, 1, 1, 1, 1, 1, 1, 1, 1]
	1547026	1420013	1443769	17	M	85	A		-1	4539.1493437	[1, 1, 1, 1, 1, 1, 1, 1, 1, 1, 1, 1]
	1593028	1421163	1439339	17	M	190	A		-1	4542.25522226	[1, 1, 1, 1, 1, 1, 1, 1, 1, 1, 1, 1]
	1548654	1420013	1436899	17	M	115	A		-1	4545.36346802	[1, 1, 1, 1, 1, 1, 1, 1, 1, 1, 1, 1]
	1562335	1420388	1299803	17	M	139	A		-1	4557.29346313	[1, 1, 1, 1, 1, 1, 1, 1, 1, 1, 1, 1]
	1574759	1424817	1453794	17	M	59	A		-1	4571.03695565	[1, 1, 1, 1, 1, 1, 1, 1, 1, 1, 1, 1]
	1505769	1418821	1452105	17	M	49	A		-1	4572.41908331	[1, 1, 1, 1, 1, 1, 1, 1, 1, 1, 1, 1]
	1561976	1420388	1467621	17	M	54	A		-1	4576.97575709	[1, 1, 1, 1, 1, 1, 1, 1, 1, 1, 1, 1]
	1538575	1419877	1426638	17	M	68	A		-1	4602.08856485	[1, 1, 1, 1, 1, 1, 1, 1, 1, 1, 1, 1]
	1539121	1419877	1409389	17	M	11	A		-1	4614.53889184	[1, 1, 1, 1, 1, 1, 1, 1, 1, 1, 1, 1]
	1566647	1420558	1434079	17	M	40	A		-1	4628.85035115	[1, 1, 1, 1, 1, 1, 1, 1, 1, 1, 1, 1]
	1525631	1419579	1494216	17	M	1	A		-1	4631.83841862	[1, 1, 1, 1, 1, 1, 1, 1, 1, 1, 1, 1]
	1576670	1424817	1421690	17	M	172	A		-1	4635.5037215	[1, 1, 1, 1, 1, 1, 1, 1, 1, 1, 1, 1]
	1549130	1420013	1446316	17	M	151	A		-1	4651.59923282	[1, 1, 1, 1, 1, 1, 1, 1, 1, 1, 1, 1]
	1500059	1420563	1477737	17	M	67	A		-1	4666.11584498	[1, 1, 1, 1, 1, 1, 1, 1, 1, 1, 1, 1]
	1564876	1420558	1448671	17	M	76	A		-1	4679.51327673	[1, 1, 1, 1, 1, 1, 1, 1, 1, 1, 1, 1]
	1545993	1420013	1420663	17	M	126	A		-1	4705.5465455	[1, 1, 1, 1, 1, 1, 1, 1, 1, 1, 1, 1]
	1546443	1420013	1424807	17	M	153	A		-1	4737.34076492	[1, 1, 1, 1, 1, 1, 1, 1, 1, 1, 1, 1]
