animal	sire	dam	born	sex	herd	status	cause	died	TBV	recessives
	1472487	1346193	1372098	16	M	48	A		-1	4020.03856784	[1, 1, 1, 1, 1, 1, 1, 1, 1, 1, 1, 0]
	1401858	1302374	1304069	16	M	47	A		-1	4020.21254967	[1, 1, 1, 1, 1, 1, 1, 1, 1, 1, 1, 1]
	1487767	1299544	1375409	16	M	97	A		-1	4020.28724044	[1, 1, 1, 1, 1, 1, 1, 1, 1, 1, 1, 1]
	1428855	1304578	1380726	16	M	16	A		-1	4020.56574164	[1, 1, 0, 1, 1, 1, 1, 1, 1, 1, 1, 1]
	1445304	1318764	1141934	16	M	78	A		-1	4020.8127201	[1, 1, 1, 1, 1, 1, 1, 1, 1, 1, 1, 1]
	1360534	1200376	1240044	15	M	84	A		-1	4021.20392486	[1, 1, 1, 1, 1, 1, 1, 1, 1, 1, 1, 1]
	1442309	1308781	1196433	16	M	88	A		-1	4021.25968317	[1, 1, 1, 1, 1, 1, 1, 1, 1, 1, 1, 0]
	1450117	1298107	1200070	16	M	4	A		-1	4021.29280846	[1, 1, 1, 1, 1, 1, 1, 1, 1, 1, 1, 1]
	1443933	1392749	1338786	16	M	51	A		-1	4021.5783326	[1, 1, 1, 1, 1, 1, 1, 1, 1, 1, 1, 1]
	1410199	1328654	1358717	16	M	89	A		-1	4021.67052782	[1, 1, 1, 1, 1, 1, 1, 1, 1, 1, 1, 1]
	1474631	1374749	1219712	16	M	95	A		-1	4022.09437704	[1, 1, 1, 0, 1, 1, 1, 1, 1, 1, 1, 1]
	1435865	1300840	1344592	16	M	39	A		-1	4022.19004435	[1, 1, 1, 1, 1, 1, 1, 1, 1, 1, 1, 1]
	1476015	1323376	1258348	16	M	85	A		-1	4022.28526138	[1, 0, 1, 1, 1, 1, 1, 1, 1, 1, 1, 0]
	1453833	1345101	1372825	16	M	26	A		-1	4022.33352952	[1, 1, 1, 1, 1, 1, 1, 1, 1, 1, 1, 1]
	1354236	1293953	1122606	15	M	23	A		-1	4022.40586006	[1, 1, 1, 1, 1, 1, 1, 1, 1, 1, 1, 0]
	1399586	1384661	1356018	16	M	62	A		-1	4022.4895916	[0, 1, 1, 1, 1, 1, 1, 1, 1, 1, 1, 1]
	1313504	1258423	1217721	15	M	44	A		-1	4022.59463942	[1, 1, 1, 1, 1, 1, 1, 1, 1, 1, 1, 1]
	1420851	1350058	1226635	16	M	43	A		-1	4022.81675174	[1, 1, 1, 1, 1, 1, 1, 1, 1, 1, 1, 1]
	1456181	1290809	1324318	16	M	23	A		-1	4023.15532331	[1, 1, 1, 1, 1, 1, 1, 1, 1, 1, 1, 1]
	1431166	1345101	1331748	16	M	54	A		-1	4023.22406079	[1, 1, 1, 1, 1, 1, 1, 1, 1, 1, 1, 1]
	1447909	1344823	1380398	16	M	93	A		-1	4023.68653086	[1, 1, 1, 1, 1, 1, 1, 1, 1, 1, 1, 1]
	1446484	1323376	1308730	16	M	59	A		-1	4023.99473508	[1, 1, 1, 1, 1, 1, 1, 1, 1, 1, 1, 1]
	1461927	1321365	1175888	16	M	30	A		-1	4024.09643202	[1, 1, 1, 1, 1, 1, 1, 1, 1, 1, 1, 1]
	1426555	1338885	1298503	16	M	30	A		-1	4024.12705941	[1, 1, 1, 1, 1, 1, 1, 1, 1, 1, 1, 1]
	1425868	1377937	1337824	16	M	83	A		-1	4024.18240264	[1, 1, 1, 1, 1, 1, 1, 1, 1, 1, 1, 1]
	1462417	1368543	1238189	16	M	81	A		-1	4024.49068992	[1, 0, 1, 1, 1, 1, 1, 1, 1, 1, 1, 1]
	1487106	1358291	1326870	16	M	90	A		-1	4024.49470737	[1, 1, 1, 1, 1, 1, 1, 1, 1, 1, 1, 1]
	1463935	1339852	1346241	16	M	26	A		-1	4024.6600783	[1, 1, 1, 1, 1, 1, 1, 1, 1, 1, 1, 1]
	1472486	1311648	1334083	16	M	76	A		-1	4024.74074689	[0, 1, 1, 0, 1, 1, 1, 1, 1, 1, 1, 0]
	1492111	1383543	1393359	16	M	53	A		-1	4024.74078316	[1, 1, 1, 1, 1, 1, 1, 1, 1, 1, 1, 1]
	1299313	1225825	1266321	15	M	33	A		-1	4025.39729702	[1, 1, 1, 1, 1, 1, 1, 1, 1, 1, 1, 1]
	1329037	1219633	1290941	15	M	41	A		-1	4025.56617585	[1, 1, 1, 1, 1, 1, 1, 1, 1, 1, 1, 1]
	1438535	1379670	1293026	16	M	100	A		-1	4025.67223685	[1, 1, 1, 1, 1, 0, 1, 1, 1, 1, 1, 1]
	1429322	1394282	1376710	16	M	93	A		-1	4025.90425911	[1, 1, 1, 1, 1, 1, 1, 1, 1, 1, 1, 1]
	1407215	1384661	1310593	16	M	9	A		-1	4026.1922589	[1, 1, 1, 1, 1, 1, 1, 1, 1, 1, 1, 1]
	1458241	1327998	1372831	16	M	67	A		-1	4026.22519607	[1, 1, 1, 1, 1, 1, 1, 1, 1, 1, 1, 1]
	1422784	1366770	1335979	16	M	60	A		-1	4026.30326267	[1, 1, 1, 1, 1, 1, 0, 1, 1, 1, 1, 1]
	1404528	1353575	1038671	16	M	60	A		-1	4026.40751767	[1, 1, 1, 1, 1, 0, 1, 1, 1, 1, 1, 1]
	1490373	1353334	1363102	16	M	64	A		-1	4026.46362374	[1, 1, 1, 1, 1, 1, 1, 1, 1, 1, 1, 1]
	1408912	1384347	1386951	16	M	16	A		-1	4026.69372702	[1, 1, 1, 1, 1, 1, 1, 1, 1, 1, 1, 1]
	1490194	1295362	1306140	16	M	51	A		-1	4026.73525366	[1, 1, 1, 1, 1, 1, 1, 1, 1, 1, 1, 1]
	1478525	1338885	1314778	16	M	55	A		-1	4026.87391673	[1, 1, 1, 1, 1, 1, 1, 1, 1, 1, 1, 1]
	1466621	1380052	1328582	16	M	70	A		-1	4027.28729361	[1, 1, 1, 1, 1, 1, 1, 1, 1, 1, 1, -1]
	1422353	1348346	1350950	16	M	44	A		-1	4027.42669952	[1, 1, 1, 1, 1, 0, 1, 1, 1, 1, 1, 1]
	1410040	1331241	1200567	16	M	23	A		-1	4027.44668638	[0, 1, 1, 0, 1, 1, 1, 1, 1, 1, 1, 1]
	1450946	1318251	1229397	16	M	91	A		-1	4027.49974844	[0, 1, 1, 1, 1, 1, 1, 1, 1, 1, 1, 1]
	1427236	1344455	1303757	16	M	45	A		-1	4027.53702405	[1, 1, 1, 1, 1, 1, 1, 1, 1, 1, 1, 1]
	1465879	1363677	1370151	16	M	43	A		-1	4028.03772117	[1, 0, 1, 1, 1, 1, 1, 1, 1, 1, 1, 1]
	1413389	1299446	1320538	16	M	85	A		-1	4028.10122504	[1, 1, 1, 1, 1, 1, 1, 1, 1, 1, 1, 1]
	1474435	1320924	1339808	16	M	60	A		-1	4028.74316117	[1, 1, 1, 1, 1, 1, 1, 1, 1, 1, 1, 1]
	1448660	1378407	1355112	16	M	64	A		-1	4029.33552222	[1, 1, 1, 1, 1, 0, 1, 1, 1, 1, 1, 1]
	1469768	1389077	1329937	16	M	5	A		-1	4029.73430958	[1, 1, 1, 1, 1, 1, 1, 1, 1, 1, 1, 1]
	1418943	1325333	1319519	16	M	77	A		-1	4029.83210076	[1, 1, 1, 0, 1, 1, 1, 1, 1, 1, 1, 1]
	1492047	1357983	1333204	16	M	12	A		-1	4030.0973126	[1, 1, 1, 1, 1, 1, 1, 1, 1, 1, 1, 1]
	1421091	1394715	1374332	16	M	11	A		-1	4030.21528299	[1, 1, 1, 1, 1, 1, 1, 1, 1, 1, 1, 1]
	1478166	1303137	1296137	16	M	80	A		-1	4030.3440836	[1, 1, 1, 1, 1, 1, 1, 1, 1, 1, 1, 1]
	1442058	1366410	1298976	16	M	7	A		-1	4030.45052627	[1, 1, 1, 1, 1, 1, 1, 1, 1, 1, 1, 1]
	1472186	1385296	1141894	16	M	51	A		-1	4030.55165418	[1, 1, 1, 1, 1, 1, 1, 1, 1, 1, 1, 1]
	1438985	1196421	1348117	16	M	87	A		-1	4030.67044224	[1, 1, 1, 1, 1, 1, 1, 1, 1, 1, 1, 1]
	1479743	1384479	1342797	16	M	63	A		-1	4030.67173252	[1, 1, 1, 1, 1, 1, 1, 1, 1, 1, 1, 1]
	1454572	1394715	1382564	16	M	44	A		-1	4030.75135108	[1, 1, 1, 1, 1, 1, 1, 1, 1, 1, 1, 1]
	1493714	1327040	1254337	16	M	89	A		-1	4030.8748131	[1, 1, 1, 1, 1, 1, 1, 1, 1, 1, 1, 1]
	1399956	1345101	1312418	16	M	93	A		-1	4030.91738402	[1, 1, 1, 1, 1, 1, 1, 1, 1, 1, 1, 0]
	1303323	1218190	1273154	15	M	100	A		-1	4030.98480957	[1, 1, 1, 1, 1, 1, 1, 1, 1, 1, 1, 1]
	1419046	1312029	1390538	16	M	77	A		-1	4031.4947397	[1, 1, 1, 1, 1, 1, 1, 1, 1, 1, 1, 1]
	1480979	1389686	1365917	16	M	77	A		-1	4032.15660606	[1, 1, 1, 1, 1, 1, 1, 1, 1, 1, 1, 1]
	1452191	1344823	1231706	16	M	88	A		-1	4032.35985742	[1, 1, 1, 1, 1, 1, 1, 1, 1, 1, 1, 1]
	1401977	1308196	1257782	16	M	32	A		-1	4032.43991586	[1, 1, 1, 1, 1, 1, 1, 1, 1, 1, 1, 1]
	1477460	1365175	1385744	16	M	95	A		-1	4032.49446003	[0, 1, 1, 1, 1, 1, 1, 1, 1, 1, 1, 1]
	1425085	1292314	1299583	16	M	39	A		-1	4032.56300864	[1, 1, 1, 1, 1, 1, 1, 1, 1, 1, 1, 1]
	1413232	1247323	1309596	16	M	37	A		-1	4033.19022817	[1, 1, 1, 1, 1, 1, 1, 1, 1, 1, 1, 1]
	1413295	1336099	1378219	16	M	60	A		-1	4033.25216104	[1, 1, 1, 1, 1, 1, 1, 1, 1, 1, 1, 1]
	1430264	1385541	1297206	16	M	42	A		-1	4033.61073965	[1, 1, 1, 1, 1, 1, 1, 1, 1, 1, 1, 1]
	1484946	1384785	1271086	16	M	41	A		-1	4033.6197111	[1, 1, 1, 1, 1, 1, 1, 1, 1, 1, 1, 1]
	1491159	1303323	1209027	16	M	100	A		-1	4033.6730469	[1, 1, 1, 1, 1, 1, 1, 1, 1, 1, 1, 1]
	1463415	1299029	1341028	16	M	56	A		-1	4033.87674107	[1, 1, 1, 0, 1, 1, 1, 0, 1, 1, 1, 0]
	1454674	1308789	1364747	16	M	47	A		-1	4034.24975557	[0, 1, 1, 1, 1, 1, 1, 1, 1, 1, 1, 1]
	1423935	1387551	1309043	16	M	54	A		-1	4034.29681499	[0, 1, 1, 1, 1, 1, 1, 1, 1, 1, 1, 1]
	1397963	1371260	1254147	16	M	90	A		-1	4034.56493952	[1, 0, 1, 1, 1, 1, 1, 1, 1, 1, 1, 1]
	1437555	1318043	1341211	16	M	73	A		-1	4034.76290482	[1, 1, 1, 1, 1, 1, 1, 1, 1, 1, 1, 1]
	1421115	1214116	1241367	16	M	100	A		-1	4035.19490514	[1, 1, 1, 1, 1, 1, 1, 1, 1, 1, 0, 1]
	1461080	1303580	1331525	16	M	22	A		-1	4035.3282767	[1, 1, 1, 1, 1, 1, 1, 1, 1, 1, 1, 1]
	1417569	1385692	1369301	16	M	43	A		-1	4035.49343082	[1, 1, 1, 1, 1, 1, 1, 1, 1, 1, 1, 1]
	1456762	1363677	1245653	16	M	76	A		-1	4035.72948787	[1, 1, 1, 1, 1, 1, 1, 1, 1, 1, 1, 1]
	1299446	1207097	1169860	15	M	68	A		-1	4036.05869616	[1, 1, 1, 1, 1, 1, 1, 1, 1, 1, 1, 1]
	1346904	1289014	1272691	15	M	85	A		-1	4036.215239	[1, 1, 1, 0, 1, 1, 1, 1, 1, 1, 1, 0]
	1465312	1339081	1359859	16	M	57	A		-1	4036.25256016	[1, 1, 1, 1, 1, 1, 1, 1, 1, 1, 1, 1]
	1411814	1370458	1339039	16	M	14	A		-1	4036.26711908	[1, 1, 1, 1, 1, 1, 1, 1, 1, 1, 1, 1]
	1481778	1368522	1222749	16	M	25	A		-1	4036.28179126	[1, 1, 1, 1, 1, 1, 1, 1, 1, 1, 1, 1]
	1416727	1334446	1351447	16	M	15	A		-1	4036.81257399	[1, 1, 1, 1, 1, 0, 1, 1, 1, 1, 1, 1]
	1426106	1295498	1327478	16	M	37	A		-1	4036.91591707	[1, 0, 1, 1, 1, 1, 1, 1, 1, 1, 1, 1]
	1481682	1374402	1349314	16	M	36	A		-1	4036.94938699	[1, 1, 1, 1, 1, 1, 1, 1, 1, 1, 0, 1]
	1405385	1363677	1380765	16	M	1	A		-1	4037.16968802	[1, 1, 1, 1, 1, 1, 1, 1, 1, 1, 1, 1]
	1490837	1346904	1365132	16	M	55	A		-1	4038.19320035	[1, 1, 1, 0, 1, 1, 1, 1, 1, 1, 1, -1]
	1456927	1321683	1300187	16	M	14	A		-1	4038.28488408	[1, 1, 1, 1, 1, 1, 1, 1, 1, 1, 1, 1]
	1494389	1363677	1223032	16	M	28	A		-1	4038.90140507	[1, 1, 1, 1, 1, 1, 1, 1, 1, 1, 1, 0]
	1473387	1351410	1341570	16	M	64	A		-1	4039.45957193	[0, 1, 1, 1, 1, 1, 1, 1, 1, 1, 1, 1]
	1440317	1347168	1315509	16	M	37	A		-1	4039.47713886	[1, 1, 1, 0, 1, 1, 1, 1, 1, 1, 1, 1]
	1295535	1230410	1226969	15	M	29	A		-1	4039.57312794	[1, 1, 1, 1, 1, 1, 1, 1, 1, 1, 1, 1]
	1459059	1353488	1190953	16	M	91	A		-1	4040.00135386	[1, 1, 1, 1, 1, 1, 1, 1, 1, 1, 1, 1]
	1465719	1334488	1303302	16	M	31	A		-1	4040.16748235	[1, 1, 1, 1, 1, 1, 1, 1, 1, 1, 1, 1]
	1411247	1366719	1341756	16	M	99	A		-1	4040.18440904	[1, 1, 1, 1, 1, 1, 1, 1, 1, 1, 1, 1]
	1475697	1373592	1386964	16	M	64	A		-1	4040.28030217	[1, 1, 0, 1, 1, 1, 1, 1, 1, 1, 1, 1]
	1428000	1360534	1286834	16	M	96	A		-1	4040.31343631	[1, 1, 1, 1, 1, 1, 1, 1, 1, 1, 1, 1]
	1416890	1322176	1325142	16	M	46	A		-1	4040.42208389	[1, 1, 1, 1, 1, 1, 1, 1, 1, 1, 1, 1]
	1416832	1381370	1367542	16	M	64	A		-1	4040.57211396	[1, 1, 1, 1, 1, 1, 1, 1, 1, 1, 1, 1]
	1480580	1317122	1318424	16	M	90	A		-1	4040.78336319	[1, 1, 1, 1, 1, 1, 1, 1, 1, 1, 1, 1]
	1479821	1299544	1349754	16	M	15	A		-1	4041.0691482	[1, 1, 1, 1, 1, 1, 1, 1, 1, 1, 1, 1]
	1449854	1321784	1282519	16	M	14	A		-1	4041.12510303	[0, 1, 1, 1, 1, 1, 1, 1, 1, 1, 1, 1]
	1441250	1329288	1302547	16	M	71	A		-1	4041.20733431	[1, 1, 1, 1, 1, 1, 1, 1, 1, 1, 1, 1]
	1465741	1340011	1353675	16	M	31	A		-1	4041.24032563	[1, 1, 0, 1, 1, 1, 1, 1, 1, 1, 1, 1]
	1404954	1383543	1300007	16	M	91	A		-1	4041.7232943	[1, 1, 1, 0, 1, 1, 1, 1, 1, 1, 1, 0]
	1428001	1294912	1309909	16	M	42	A		-1	4042.39711522	[1, 1, 1, 1, 1, 1, 1, 1, 1, 1, 1, 1]
	1440769	1296531	1350207	16	M	47	A		-1	4043.12250475	[1, 1, 1, 1, 1, 1, 1, 1, 1, 1, 1, 1]
	1477468	1318847	1272241	16	M	74	A		-1	4043.23822126	[0, 1, 1, 1, 1, 1, 1, 1, 1, 1, 1, 1]
	1397821	1379291	1306101	16	M	19	A		-1	4043.3246524	[1, 1, 1, 1, 1, 1, 1, 1, 1, 1, 1, 0]
	1318043	1217409	1237316	15	M	37	A		-1	4043.59031664	[1, 1, 1, 1, 1, 1, 1, 1, 1, 1, 1, 0]
	1420752	1381370	1205504	16	M	9	A		-1	4043.60817106	[1, 1, 1, 1, 1, 1, 1, 1, 1, 1, 1, 1]
	1334488	1200797	1198059	15	M	60	A		-1	4043.67403756	[1, 1, 1, 1, 1, 1, 1, 1, 1, 1, 1, 1]
	1395883	1295535	1310693	16	M	20	A		-1	4043.75356672	[1, 1, 1, 1, 1, 1, 1, 1, 1, 1, 1, 1]
	1452339	1312655	1320994	16	M	20	A		-1	4044.1849933	[1, 1, 1, 1, 1, 1, 1, 1, 1, 1, 1, 1]
	1475252	1297099	1313210	16	M	36	A		-1	4044.2345187	[1, 1, 1, 1, 1, 1, 1, 1, 1, 1, 1, 1]
	1344455	1279327	1176205	15	M	25	A		-1	4044.28898735	[1, 1, 1, 1, 1, 1, 1, 1, 1, 1, 1, 1]
	1423366	1372890	1218299	16	M	73	A		-1	4044.3236102	[1, 1, 1, 1, 1, 1, 1, 1, 1, 1, 1, 1]
	1465418	1330864	1298583	16	M	66	A		-1	4044.51570783	[1, 1, 1, 1, 1, 1, 1, 1, 1, 1, 1, 1]
	1462281	1309677	1347196	16	M	65	A		-1	4044.76624412	[1, 1, 1, 1, 0, 1, 1, 0, 1, 1, 1, 1]
	1412740	1346904	1283250	16	M	32	A		-1	4044.95489761	[1, 1, 1, 0, 1, 1, 1, 1, 1, 1, 1, 1]
	1404372	1338885	1388417	16	M	16	A		-1	4045.38419388	[1, 1, 1, 1, 1, 1, 1, 1, 1, 1, 1, 1]
	1435088	1346035	1334942	16	M	70	A		-1	4045.83165509	[1, 1, 1, 1, 1, 1, 1, 1, 1, 1, 1, 1]
	1457223	1224437	1337874	16	M	3	A		-1	4046.1557813	[1, 1, 1, 1, 1, 1, 1, 1, 1, 1, 1, 0]
	1303617	1218468	1230165	15	M	53	A		-1	4046.26237365	[1, 1, 1, 1, 1, 1, 1, 1, 1, 1, 1, 1]
	1476518	1314019	1360131	16	M	46	A		-1	4046.41290105	[1, 1, 1, 1, 1, 1, 1, 1, 1, 1, 1, 1]
	1428812	1297875	1255977	16	M	67	A		-1	4046.97484601	[1, 1, 1, 1, 1, 1, 1, 1, 1, 1, 1, 1]
	1425708	1318251	1373658	16	M	93	A		-1	4047.28599511	[1, 1, 1, 1, 1, 1, 1, 1, 1, 1, 1, 0]
	1478910	1359595	1331176	16	M	80	A		-1	4047.31347146	[1, 1, 1, 1, 1, 1, 1, 1, 1, 1, 1, 0]
	1463039	1385070	1347171	16	M	0	A		-1	4047.86128525	[1, 1, 1, 1, 1, 1, 1, 1, 1, 1, 1, 1]
	1483860	1345888	1359817	16	M	53	A		-1	4048.33196013	[1, 1, 1, 1, 1, 1, 1, 1, 1, 1, 1, 1]
	1366770	1260043	1263637	15	M	20	A		-1	4048.54918302	[1, 1, 0, 1, 1, 1, 0, 1, 1, 1, 1, 1]
	1444265	1280317	1353293	16	M	59	A		-1	4048.80240974	[1, 1, 0, 1, 1, 1, 1, 1, 1, 1, 1, 1]
	1404375	1323376	1230673	16	M	80	A		-1	4048.97634042	[1, 0, 1, 1, 1, 1, 1, 1, 1, 1, 1, 1]
	1410258	1388265	1299072	16	M	17	A		-1	4049.42378547	[1, 1, 1, 1, 1, 1, 1, 1, 1, 1, 1, 1]
	1308188	1213700	1286826	15	M	1	A		-1	4049.92158758	[1, 1, 1, 1, 1, 1, 1, 1, 1, 1, 1, 1]
	1444235	1322711	1323921	16	M	68	A		-1	4050.16954773	[1, 1, 1, 1, 1, 1, 1, 1, 1, 1, 1, 1]
	1452233	1262361	1296092	16	M	90	A		-1	4050.17291253	[1, 1, 1, 1, 1, 0, 1, 1, 1, 1, 1, 1]
	1436042	1346035	1310310	16	M	15	A		-1	4050.19913325	[1, 1, 1, 0, 1, 1, 1, 1, 1, 1, 1, 1]
	1395723	1380142	1303191	16	M	32	A		-1	4050.24861039	[1, 1, 1, 1, 1, 1, 1, 1, 1, 1, 1, 1]
	1409730	1335841	1235078	16	M	57	A		-1	4050.47448299	[0, 1, 1, 1, 1, 1, 1, 1, 1, 1, 1, 1]
	1471446	1348445	1272936	16	M	87	A		-1	4051.01401504	[1, 1, 1, 1, 1, 1, 1, 1, 1, 1, 1, 1]
	1399328	1322693	1362635	16	M	11	A		-1	4051.35535081	[1, 1, 1, 1, 1, 1, 1, 1, 1, 1, 1, 1]
	1418689	1386981	1269797	16	M	95	A		-1	4051.47440286	[1, 1, 1, 1, 1, 1, 1, 1, 1, 1, 1, 1]
	1467227	1294912	1247214	16	M	5	A		-1	4051.70735544	[1, 1, 1, 1, 1, 1, 1, 1, 1, 1, 1, 1]
	1428092	1357845	1391920	16	M	0	A		-1	4052.33491022	[1, 1, 1, 1, 1, 1, 1, 1, 1, 1, 1, 1]
	1405953	1360534	1280700	16	M	45	A		-1	4052.78267202	[1, 1, 1, 1, 1, 1, 1, 1, 1, 1, 1, 1]
	1404051	1373223	1336079	16	M	54	A		-1	4052.91072514	[0, 1, 1, 1, 1, 1, 1, 1, 1, 1, 1, 1]
	1489713	1298874	1183056	16	M	90	A		-1	4053.29434042	[1, 1, 1, 1, 1, 1, 1, 1, 1, 1, 1, 1]
	1396816	1200555	1296757	16	M	54	A		-1	4053.3344122	[1, 1, 1, 1, 1, 1, 1, 1, 1, 1, 1, 1]
	1463599	1315280	1374583	16	M	18	A		-1	4053.37311387	[1, 1, 1, 1, 1, 1, 1, 1, 1, 1, 1, 1]
	1454590	1235505	1369362	16	M	38	A		-1	4053.59448467	[1, 1, 1, 0, 1, 1, 1, 1, 1, 1, 1, 1]
	1396938	1305370	1342706	16	M	76	A		-1	4053.68692684	[1, 1, 1, 1, 1, 1, 1, 1, 1, 1, 1, 1]
	1481805	1320414	1333029	16	M	8	A		-1	4053.9635519	[1, 1, 1, 1, 1, 1, 1, 1, 1, 1, 1, 1]
	1427733	1313860	1339593	16	M	19	A		-1	4054.5186178	[1, 1, 1, 1, 1, 1, 1, 1, 1, 1, 1, 1]
	1407896	1384479	1349678	16	M	68	A		-1	4054.71299946	[1, 1, 1, 1, 1, 1, 1, 1, 1, 1, 1, 1]
	1452630	1300840	1316210	16	M	98	A		-1	4055.1214459	[1, 1, 1, 1, 1, 1, 1, 1, 1, 1, 0, 1]
	1430068	1308578	1352118	16	M	13	A		-1	4055.50068594	[1, 1, 1, 1, 1, 1, 1, 1, 1, 1, 1, 1]
	1482918	1274190	1388457	16	M	1	A		-1	4055.69263798	[1, 1, 1, 1, 1, 1, 1, 1, 1, 1, 1, 1]
	1412464	1327040	1220005	16	M	55	A		-1	4056.11419183	[1, 1, 1, 1, 1, 1, 1, 1, 1, 1, 1, 1]
	1488433	1358291	1393932	16	M	84	A		-1	4056.29987294	[0, 1, 1, 1, 1, 1, 1, 1, 1, 1, 1, 0]
	1485397	1357725	1376245	16	M	57	A		-1	4056.53576386	[0, 1, 1, 1, 1, 1, 1, 1, 1, 1, 1, 1]
	1404363	1307337	1365611	16	M	16	A		-1	4057.21501152	[1, 1, 1, 1, 1, 1, 1, 1, 1, 1, 1, 1]
	1456058	1373592	1286010	16	M	70	A		-1	4057.52404383	[1, 1, 0, 0, 1, 1, 1, 1, 1, 1, 1, 1]
	1411236	1361670	1285775	16	M	23	A		-1	4057.56990334	[1, 1, 1, 1, 1, 1, 1, 1, 1, 1, 1, 1]
	1432467	1339624	1369670	16	M	81	A		-1	4057.66891268	[1, 1, 1, 1, 1, 1, 1, 1, 1, 1, 1, 1]
	1433190	1361683	1393780	16	M	40	A		-1	4058.34235055	[1, 1, 1, 1, 1, 1, 1, 1, 1, 1, 1, 1]
	1425293	1317122	1296946	16	M	60	A		-1	4058.41746541	[1, 1, 1, 1, 1, 1, 1, 1, 1, 1, 1, 1]
	1196421	1191185	1107351	14	M	81	A		-1	4058.96950511	[1, 1, 1, 1, 1, 1, 1, 1, 1, 1, 1, 1]
	1489053	1363365	1379692	16	M	67	A		-1	4059.20492478	[0, 1, 1, 1, 1, 1, 1, 1, 1, 1, 1, 1]
	1396525	1349171	1306046	16	M	78	A		-1	4059.25284424	[1, 1, 1, 1, 1, 1, 1, 1, 1, 1, 1, 1]
	1430917	1274190	1321980	16	M	39	A		-1	4059.38818128	[1, 1, 0, 1, 1, 1, 1, 1, 1, 1, 1, 1]
	1434954	1365631	1380865	16	M	61	A		-1	4059.45895191	[1, 1, 1, 1, 1, 1, 1, 1, 1, 1, 0, 1]
	1473044	1305370	1322686	16	M	73	A		-1	4059.59713386	[1, 1, 1, 0, 1, 1, 1, 1, 1, 1, 1, 1]
	1465616	1363159	1361745	16	M	93	A		-1	4059.6235235	[1, 1, 1, 1, 1, 1, 1, 1, 1, 1, 1, 1]
	1485141	1365473	1301272	16	M	4	A		-1	4059.64792793	[1, 1, 1, 1, 1, 1, 1, 1, 1, 1, 1, 0]
	1469910	1329422	1355597	16	M	42	A		-1	4060.1112401	[1, 1, 0, 1, 1, 1, 1, 1, 1, 1, 1, 1]
	1493005	1311088	1382558	16	M	40	A		-1	4060.31341818	[1, 1, 1, 1, 1, 1, 1, 1, 1, 1, 1, 1]
	1469463	1295498	1314340	16	M	73	A		-1	4060.41537239	[1, 1, 1, 1, 1, 1, 1, 1, 1, 1, 1, 1]
	1402668	1350196	1217602	16	M	19	A		-1	4060.7891204	[1, 1, 1, 1, 1, 1, 1, 1, 1, 1, 1, 1]
	1472879	1318847	1378570	16	M	2	A		-1	4060.81685118	[1, 1, 1, 1, 1, 1, 1, 1, 1, 1, 1, 1]
	1418654	1311088	1338511	16	M	94	A		-1	4061.94205612	[1, 1, 1, 0, 1, 1, 1, 1, 1, 1, 1, 1]
	1398984	1348445	1358712	16	M	18	A		-1	4062.08725456	[1, 1, 1, 1, 1, 1, 1, 1, 1, 1, 1, 1]
	1433504	1225562	1214239	16	M	30	A		-1	4062.2398582	[1, 1, 1, 1, 1, 1, 1, 1, 1, 1, 1, 1]
	1429552	1363677	1393460	16	M	71	A		-1	4062.60287019	[1, 1, 1, 1, 1, 1, 1, 1, 1, 1, 1, 1]
	1418586	1357725	1321286	16	M	100	A		-1	4062.7848192	[1, 1, 1, 1, 1, 1, 1, 1, 1, 1, 1, 1]
	1412300	1358291	1274853	16	M	95	A		-1	4062.89640553	[0, 1, 1, 1, 1, 1, 1, 1, 1, 1, 1, 0]
	1295155	1218401	1211081	15	M	76	A		-1	4064.68105519	[1, 1, 1, 0, 1, 1, 1, 1, 1, 1, 1, 0]
	1428647	1334836	1227773	16	M	81	A		-1	4064.71628431	[1, 1, 1, 1, 1, 1, 1, 1, 1, 1, 1, 1]
	1487651	1294912	1155108	16	M	50	A		-1	4065.18475859	[1, 1, 1, 1, 1, 1, 1, 1, 1, 1, 1, 1]
	1445831	1344823	1342820	16	M	68	A		-1	4065.63203394	[1, 1, 1, 1, 1, 1, 1, 1, 1, 1, 1, 1]
	1329594	1289478	1199189	15	M	37	A		-1	4066.42827476	[1, 1, 1, 1, 1, 1, 1, 1, 1, 1, 1, 1]
	1446478	1299315	1380397	16	M	84	A		-1	4066.5987567	[1, 1, 1, 1, 1, 1, 1, 1, 1, 1, 1, 1]
	1445389	1329037	1235073	16	M	56	A		-1	4067.23048062	[1, 1, 1, 1, 1, 1, 1, 1, 1, 1, 1, 1]
	1447610	1337765	1394291	16	M	51	A		-1	4067.44122212	[1, 1, 1, 1, 1, 1, 1, 1, 1, 1, 1, 1]
	1403097	1196421	1114464	16	M	43	A		-1	4067.55831096	[1, 1, 1, 0, 1, 1, 1, 1, 1, 1, 1, 1]
	1465382	1349171	1360758	16	M	74	A		-1	4067.95062652	[1, 1, 1, 1, 1, 1, 1, 1, 1, 1, 1, 1]
	1456244	1381370	1249577	16	M	16	A		-1	4068.04421775	[1, 1, 1, 1, 1, 1, 1, 1, 1, 1, 1, 1]
	1366410	1235505	1227154	15	M	12	A		-1	4068.1932795	[1, 1, 1, 1, 1, 1, 1, 1, 1, 1, 1, 1]
	1435343	1363677	1329408	16	M	79	A		-1	4068.79629895	[1, 1, 1, 1, 1, 1, 1, 1, 1, 1, 1, 0]
	1467970	1295648	1298470	16	M	12	A		-1	4068.81118563	[1, 1, 1, 0, 1, 1, 1, 1, 1, 1, 1, 1]
	1450006	1299029	1309862	16	M	46	A		-1	4068.84220056	[1, 1, 1, 1, 1, 1, 1, 1, 1, 1, 1, 1]
	1457826	1346904	1276585	16	M	88	A		-1	4069.3335124	[1, 1, 1, 0, 1, 1, 1, 1, 1, 1, 1, 0]
	1412874	1387881	1308902	16	M	71	A		-1	4069.43151284	[1, 1, 1, 1, 1, 1, 1, 1, 1, 1, 1, 1]
	1472270	1366770	1365364	16	M	24	A		-1	4069.67173771	[1, 1, 1, 1, 1, 1, 0, 1, 1, 1, 1, 1]
	1423046	1329925	1342106	16	M	48	A		-1	4069.69266306	[1, 1, 1, 1, 1, 1, 1, 1, 1, 1, 1, 1]
	1464155	1365631	1339287	16	M	88	A		-1	4071.26172696	[1, 1, 1, 1, 1, 1, 1, 1, 1, 1, 0, 1]
	1454982	1239705	1393941	16	M	88	A		-1	4071.32319478	[1, 1, 1, 1, 1, 1, 1, 1, 1, 1, 0, 1]
	1468582	1373223	1310150	16	M	13	A		-1	4071.86818534	[1, 0, 1, 1, 1, 1, 1, 1, 1, 1, 1, 1]
	1447877	1359595	1344100	16	M	48	A		-1	4072.90191682	[1, 1, 1, 1, 1, 1, 1, 1, 1, 1, 1, 1]
	1485468	1390640	1377133	16	M	97	A		-1	4073.43814741	[1, 1, 1, 1, 1, 1, 1, 1, 1, 1, 1, 1]
	1341730	1221581	1200622	15	M	7	A		-1	4073.53441495	[1, 1, 1, 1, 1, 1, 1, 1, 1, 1, 1, 1]
	1434849	1295498	1305691	16	M	69	A		-1	4074.17976397	[1, 1, 1, 1, 1, 1, 1, 1, 1, 1, 1, 1]
	1492265	1295498	1342003	16	M	52	A		-1	4074.42471528	[1, 1, 1, 1, 1, 1, 1, 1, 1, 1, 1, 1]
	1472561	1356279	1319113	16	M	4	A		-1	4074.64320955	[1, 1, 1, 1, 1, 1, 0, 1, 1, 1, 1, 1]
	1422786	1388318	1387891	16	M	7	A		-1	4074.71917244	[1, 0, 1, 1, 1, 1, 1, 1, 1, 1, 1, 1]
	1446483	1372571	1383432	16	M	57	A		-1	4075.20225574	[0, 1, 1, 1, 1, 1, 1, 1, 1, 1, 1, 1]
	1419995	1343982	1339208	16	M	70	A		-1	4075.27327414	[1, 1, 1, 1, 1, 1, 1, 1, 1, 1, 1, 1]
	1493901	1392749	1329693	16	M	5	A		-1	4075.61531993	[1, 1, 1, 1, 1, 1, 1, 1, 1, 1, 1, 1]
	1395817	1360534	1320819	16	M	64	A		-1	4076.14179466	[1, 1, 1, 1, 1, 1, 1, 1, 1, 1, 1, 1]
	1404992	1196816	1350276	16	M	20	A		-1	4076.83559896	[1, 1, 1, 1, 1, 1, 1, 1, 1, 1, 1, 1]
	1467170	1337760	1246443	16	M	27	A		-1	4076.84975062	[1, 1, 1, 1, 1, 1, 1, 1, 1, 1, 1, 1]
	1438852	1319274	1385416	16	M	88	A		-1	4077.01369347	[1, 1, 1, 1, 1, 1, 1, 1, 1, 1, 1, 1]
	1403769	1340004	1354589	16	M	57	A		-1	4077.15675651	[1, 1, 1, 1, 1, 1, 1, 1, 1, 1, 1, 1]
	1492631	1304599	1226998	16	M	45	A		-1	4077.44675653	[1, 1, 1, 1, 1, 1, 1, 1, 1, 1, 1, 1]
	1471507	1310460	1301713	16	M	58	A		-1	4077.82506357	[1, 1, 1, 1, 1, 1, 1, 1, 1, 1, 1, 1]
	1483049	1320924	1318507	16	M	14	A		-1	4077.96969516	[1, 1, 1, 1, 1, 1, 1, 1, 1, 1, 1, 1]
	1464323	1298861	1318884	16	M	85	A		-1	4078.36429513	[1, 1, 1, 1, 1, 1, 1, 1, 1, 1, 1, 0]
	1478138	1373592	1316995	16	M	82	A		-1	4078.44127633	[1, 1, 1, 0, 1, 1, 1, 1, 1, 1, 1, 1]
	1418143	1314342	1369063	16	M	62	A		-1	4078.9682531	[1, 1, 1, 1, 1, 1, 1, 1, 1, 1, 1, 1]
	1424080	1384469	1318274	16	M	44	A		-1	4079.80178283	[1, 1, 1, 1, 1, 1, 1, 1, 1, 1, 1, 1]
	1372890	1264793	1247501	15	M	29	A		-1	4080.21578704	[1, 1, 1, 1, 1, 1, 1, 1, 1, 1, 1, 1]
	1476996	1368718	1380282	16	M	87	A		-1	4080.32895458	[1, 1, 1, 1, 1, 1, 1, 1, 1, 1, 1, 1]
	1473536	1363159	1297077	16	M	67	A		-1	4081.88069686	[1, 1, 1, 1, 1, 1, 1, 1, 1, 1, 1, 0]
	1470381	1298874	1352852	16	M	11	A		-1	4082.76132594	[1, 1, 1, 1, 1, 1, 1, 1, 1, 1, 1, 1]
	1429814	1357845	1353573	16	M	16	A		-1	4083.60742523	[1, 1, 1, 1, 1, 1, 1, 1, 1, 1, 1, 1]
	1426156	1385541	1275793	16	M	13	A		-1	4083.78034693	[1, 1, 1, 1, 1, 1, 1, 1, 1, 1, 1, 1]
	1406474	1308667	1375966	16	M	30	A		-1	4083.8519592	[1, 1, 1, 1, 1, 1, 1, 1, 1, 1, 1, 1]
	1397375	1289083	1343258	16	M	29	A		-1	4084.82575002	[1, 1, 1, 1, 1, 1, 1, 1, 1, 1, 1, 1]
	1468629	1293742	1322447	16	M	29	A		-1	4084.91420942	[0, 1, 1, 1, 1, 0, 1, 1, 1, 1, 1, 1]
	1397652	1380533	1357492	16	M	9	A		-1	4085.06186999	[1, 1, 1, 1, 1, 1, 1, 1, 1, 1, 1, 1]
	1397411	1365473	1351889	16	M	30	A		-1	4085.16082239	[1, 1, 1, 1, 1, 1, 1, 1, 1, 1, 1, 1]
	1469992	1339733	1128959	16	M	4	A		-1	4085.24671946	[1, 1, 1, 1, 1, 1, 1, 1, 1, 1, 1, 1]
	1404618	1357983	1351441	16	M	44	A		-1	4085.92139072	[1, 1, 1, 1, 1, 1, 1, 1, 1, 1, 1, 1]
	1431518	1304599	1326660	16	M	82	A		-1	4085.99690809	[1, 1, 1, 1, 1, 1, 1, 1, 1, 1, 1, 1]
	1485881	1321609	1383749	16	M	92	A		-1	4086.5450732	[1, 1, 1, 1, 1, 1, 1, 1, 1, 1, 1, 1]
	1450972	1208116	1338143	16	M	6	A		-1	4086.55089206	[1, 1, 1, 1, 1, 1, 1, 1, 1, 1, 1, 1]
	1483903	1297376	1376454	16	M	2	A		-1	4087.40752983	[1, 1, 1, 1, 1, 1, 1, 1, 1, 1, 1, 1]
	1475127	1363321	1318356	16	M	2	A		-1	4087.47034986	[1, 1, 1, 1, 1, 1, 1, 1, 1, 1, 1, 1]
	1480275	1337097	1362047	16	M	59	A		-1	4087.79524652	[1, 1, 1, 1, 1, 1, 1, 0, 1, 1, 1, 1]
	1413360	1343633	1306763	16	M	43	A		-1	4088.00406546	[1, 1, 1, 1, 1, 1, 1, 1, 1, 1, 1, 1]
	1476748	1348354	1317378	16	M	72	A		-1	4088.1701281	[1, 1, 1, 1, 1, 1, 1, 1, 1, 1, 1, 1]
	1426073	1323376	1346713	16	M	5	A		-1	4088.21233723	[1, 1, 1, 1, 1, 1, 1, 1, 1, 1, 1, 1]
	1451880	1383885	1340586	16	M	26	A		-1	4088.25440749	[1, 1, 1, 1, 1, 1, 1, 1, 1, 1, 1, 1]
	1464350	1294912	1253453	16	M	41	A		-1	4088.69955052	[1, 1, 1, 1, 1, 1, 1, 1, 1, 1, 1, 0]
	1454464	1327959	1391636	16	M	25	A		-1	4088.84806002	[1, 1, 1, 0, 1, 1, 1, 1, 1, 1, 1, 0]
	1429317	1338885	1384164	16	M	82	A		-1	4088.98978895	[1, 1, 1, 1, 1, 1, 1, 1, 1, 1, 1, 1]
	1414161	1345101	1315041	16	M	79	A		-1	4088.9966931	[1, 1, 1, 1, 1, 1, 1, 1, 1, 1, 1, 1]
	1489622	1300840	1334556	16	M	78	A		-1	4089.16574959	[1, 1, 1, 1, 1, 0, 1, 1, 1, 1, 1, 1]
	1487349	1262361	1344264	16	M	88	A		-1	4090.02718254	[1, 1, 1, 1, 1, 0, 1, 1, 1, 1, 1, 1]
	1437247	1302374	1309803	16	M	91	A		-1	4090.1252244	[1, 1, 0, 1, 1, 1, 1, 1, 1, 1, 1, 1]
	1435079	1300840	1170104	16	M	28	A		-1	4090.63318012	[1, 1, 1, 1, 1, 0, 1, 1, 1, 1, 1, 1]
	1337097	1291253	1268064	15	M	69	A		-1	4090.72503793	[1, 1, 1, 1, 1, 1, 1, 1, 1, 1, 1, 1]
	1491994	1375097	1302925	16	M	44	A		-1	4091.27013808	[1, 1, 1, 1, 1, 1, 1, 1, 1, 1, 1, 1]
	1424040	1280317	1246331	16	M	25	A		-1	4091.96765113	[1, 1, 1, 1, 1, 1, 1, 1, 1, 1, 1, 1]
	1471079	1329422	1338880	16	M	56	A		-1	4092.40055004	[1, 1, 1, 1, 1, 1, 1, 1, 1, 1, 1, 1]
	1466325	1375060	1385328	16	M	90	A		-1	4092.62103325	[1, 1, 1, 1, 1, 1, 1, 1, 1, 1, 1, 1]
	1425207	1311300	1303886	16	M	25	A		-1	4092.85422364	[1, 1, 0, 1, 1, 1, 1, 1, 1, 1, 1, 1]
	1438694	1314080	1318044	16	M	93	A		-1	4093.25610753	[1, 1, 1, 1, 1, 1, 1, 1, 1, 1, 1, 1]
	1445936	1380533	1309462	16	M	2	A		-1	4093.56586343	[1, 1, 1, 1, 1, 1, 1, 1, 1, 1, 1, 1]
	1440056	1303580	1148400	16	M	48	A		-1	4093.79320506	[1, 1, 1, 0, 1, 1, 1, 1, 1, 1, 1, 1]
	1467734	1303108	1302871	16	M	93	A		-1	4093.88985031	[1, 1, 1, 1, 1, 1, 1, 1, 1, 1, 0, 1]
	1427929	1385070	1305801	16	M	2	A		-1	4093.89087881	[1, 1, 1, 1, 1, 1, 1, 1, 1, 1, 1, 1]
	1488344	1373223	1390760	16	M	14	A		-1	4094.85437145	[1, 1, 1, 1, 1, 1, 1, 1, 1, 1, 1, 1]
	1448475	1303617	1337291	16	M	0	A		-1	4095.54534927	[1, 1, 1, 1, 1, 1, 1, 1, 1, 1, 1, 1]
	1319263	1203398	1234080	15	M	38	A		-1	4095.72920723	[1, 1, 1, 1, 1, 1, 1, 1, 1, 1, 1, 1]
	1311415	1225562	1263608	15	M	63	A		-1	4096.23097007	[1, 1, 1, 0, 1, 1, 1, 1, 1, 1, 1, 1]
	1395102	1325299	1383128	16	M	66	A		-1	4096.32684791	[1, 1, 1, 1, 1, 1, 1, 1, 1, 1, 1, 0]
	1433121	1300414	1394135	16	M	53	A		-1	4096.73051868	[1, 1, 1, 0, 1, 1, 1, 1, 1, 1, 1, 1]
	1396079	1303137	1328571	16	M	38	A		-1	4097.12064374	[0, 1, 1, 1, 1, 1, 1, 1, 1, 1, 1, 1]
	1402464	1322176	1349914	16	M	77	A		-1	4098.04280054	[1, 1, 1, 1, 1, 1, 1, 1, 1, 1, 0, 1]
	1406273	1354738	1303034	16	M	85	A		-1	4098.27398609	[1, 1, 1, 1, 1, 1, 1, 1, 1, 1, 1, 1]
	1453058	1335841	1279344	16	M	94	A		-1	4098.93169502	[1, 1, 1, 1, 1, 1, 1, 1, 1, 1, 1, 1]
	1454728	1336495	1347058	16	M	22	A		-1	4099.21120579	[1, 1, 1, 1, 1, 1, 1, 1, 1, 1, 1, 1]
	1425411	1309919	1284301	16	M	86	A		-1	4099.45657431	[1, 1, 1, 0, 1, 1, 1, 1, 1, 1, 1, 1]
	1403049	1382997	1322073	16	M	45	A		-1	4099.63140524	[1, 1, 1, 1, 1, 1, 1, 1, 1, 1, 1, 1]
	1479683	1196421	1301157	16	M	50	A		-1	4099.65650588	[1, 0, 1, 1, 1, 1, 1, 1, 1, 1, 1, 1]
	1457220	1365631	1336628	16	M	64	A		-1	4099.66222958	[1, 1, 1, 1, 1, 1, 1, 1, 1, 1, 1, 1]
	1405052	1319586	1307395	16	M	91	A		-1	4100.07334768	[1, 1, 1, 1, 1, 1, 1, 1, 1, 1, 1, 1]
	1443396	1372890	1389141	16	M	28	A		-1	4100.72044832	[1, 1, 1, 1, 1, 1, 1, 1, 1, 1, 1, 1]
	1458667	1294912	1346988	16	M	25	A		-1	4101.17356002	[1, 1, 1, 1, 1, 1, 1, 1, 1, 1, 1, 1]
	1484439	1329422	1367935	16	M	5	A		-1	4101.23518838	[1, 1, 1, 1, 1, 1, 1, 1, 1, 1, 1, 1]
	1476377	1327040	1311116	16	M	3	A		-1	4101.79605418	[1, 1, 1, 1, 1, 1, 1, 1, 1, 1, 1, 1]
	1434584	1329746	1339108	16	M	69	A		-1	4101.86487886	[1, 1, 1, 1, 1, 1, 1, 1, 1, 1, 1, 1]
	1469583	1311626	1342507	16	M	64	A		-1	4101.90823715	[1, 1, 1, 1, 1, 1, 1, 1, 1, 1, 1, 1]
	1398578	1308783	1257770	16	M	88	A		-1	4102.13191447	[1, 1, 1, 1, 1, 1, 1, 1, 1, 1, 1, 1]
	1491342	1307337	1195184	16	M	38	A		-1	4102.72046877	[1, 1, 1, 1, 1, 1, 1, 1, 1, 1, 1, 1]
	1401559	1366719	1255656	16	M	4	A		-1	4104.90799793	[1, 1, 1, 1, 1, 1, 1, 1, 1, 1, 1, 1]
	1416519	1344199	1394511	16	M	100	A		-1	4104.99517564	[1, 1, 1, 1, 1, 1, 1, 1, 1, 1, 1, 1]
	1395938	1311648	1338157	16	M	98	A		-1	4105.01259989	[0, 1, 1, 1, 1, 1, 1, 1, 1, 1, 1, 0]
	1483245	1289083	1385062	16	M	34	A		-1	4105.61618679	[1, 1, 1, 1, 1, 1, 1, 1, 1, 1, 1, 0]
	1457618	1344455	1301209	16	M	76	A		-1	4106.10133253	[1, 1, 1, 1, 1, 1, 1, 1, 1, 1, 1, 1]
	1492644	1299029	1295618	16	M	88	A		-1	4106.75200849	[1, 1, 1, 1, 1, 1, 1, 1, 1, 1, 1, 1]
	1429560	1337097	1347399	16	M	20	A		-1	4107.29362039	[1, 1, 1, 1, 1, 1, 1, 1, 1, 1, 1, 1]
	1486737	1304517	1324724	16	M	54	A		-1	4108.16422185	[1, 1, 0, 1, 1, 1, 1, 1, 1, 1, 1, 1]
	1417053	1331241	1242184	16	M	7	A		-1	4108.21052212	[1, 1, 1, 1, 1, 1, 1, 1, 1, 1, 1, 1]
	1442864	1300511	1352341	16	M	73	A		-1	4109.10566696	[1, 1, 1, 1, 1, 1, 1, 1, 1, 1, 1, 1]
	1453569	1326500	1349844	16	M	92	A		-1	4109.25747167	[0, 1, 0, 1, 1, 1, 1, 1, 1, 1, 1, 1]
	1468368	1357725	1324007	16	M	41	A		-1	4110.50595058	[1, 1, 1, 1, 1, 1, 1, 1, 1, 1, 1, 1]
	1489285	1313504	1325153	16	M	91	A		-1	4110.69501656	[1, 1, 1, 1, 1, 1, 1, 1, 1, 1, 1, 1]
	1490445	1329422	1313118	16	M	90	A		-1	4111.07314844	[1, 1, 1, 1, 1, 1, 1, 1, 1, 1, 1, 1]
	1432661	1360534	1194983	16	M	8	A		-1	4111.43930182	[1, 1, 1, 1, 1, 1, 1, 1, 1, 1, 1, 1]
	1471246	1377937	1306432	16	M	9	A		-1	4112.76779972	[1, 1, 1, 1, 1, 1, 1, 1, 1, 1, 1, 1]
	1436993	1347168	1334763	16	M	74	A		-1	4113.03743301	[1, 1, 1, 0, 1, 0, 1, 1, 1, 1, 1, 1]
	1421359	1351823	1369960	16	M	61	A		-1	4113.48532264	[1, 1, 1, 1, 1, 1, 1, 1, 1, 1, 1, 1]
	1445943	1336495	1230970	16	M	16	A		-1	4113.82128274	[1, 1, 1, 1, 1, 1, 1, 1, 1, 1, 1, 1]
	1428569	1390640	1302385	16	M	15	A		-1	4114.01902701	[1, 1, 1, 1, 1, 1, 1, 1, 1, 1, 1, 0]
	1436245	1325333	1322436	16	M	97	A		-1	4114.06033153	[1, 1, 1, 1, 1, 1, 1, 1, 1, 1, 1, 0]
	1461508	1366410	1308474	16	M	35	A		-1	4114.20421958	[1, 1, 1, 1, 1, 1, 1, 1, 1, 1, 1, 1]
	1447149	1311415	1310921	16	M	68	A		-1	4114.69001933	[1, 1, 1, 1, 1, 1, 1, 1, 1, 1, 1, 1]
	1464393	1318043	1384597	16	M	87	A		-1	4114.86457489	[1, 1, 1, 1, 1, 1, 1, 1, 1, 1, 1, 1]
	1475511	1214116	1235525	16	M	74	A		-1	4116.19517085	[1, 1, 1, 1, 1, 1, 0, 1, 1, 1, 1, 0]
	1453329	1310022	1308627	16	M	54	A		-1	4116.68162649	[1, 1, 1, 1, 1, 1, 1, 1, 1, 1, 1, 1]
	1468577	1295155	1310623	16	M	32	A		-1	4116.68885464	[1, 1, 1, 1, 1, 1, 1, 1, 1, 1, 1, 1]
	1446969	1345888	1343956	16	M	16	A		-1	4116.92142385	[1, 1, 1, 1, 1, 1, 1, 1, 1, 1, 1, 1]
	1448376	1390091	1200622	16	M	7	A		-1	4119.15732824	[1, 1, 1, 0, 1, 1, 1, 1, 1, 1, 1, 1]
	1414740	1295155	1345202	16	M	9	A		-1	4119.37284332	[1, 1, 1, 0, 1, 1, 1, 1, 1, 1, 1, 1]
	1363677	1232578	1236887	15	M	59	A		-1	4120.13803275	[1, 1, 1, 1, 1, 1, 1, 1, 1, 1, 0, 1]
	1478707	1344199	1318511	16	M	85	A		-1	4121.04416086	[1, 1, 1, 1, 1, 1, 1, 1, 1, 1, 1, 1]
	1433892	1365631	1369100	16	M	13	A		-1	4121.05622378	[1, 1, 1, 1, 1, 0, 1, 1, 1, 1, 0, 1]
	1410033	1294912	1218622	16	M	39	A		-1	4121.61179552	[1, 1, 1, 1, 1, 1, 1, 1, 1, 1, 1, 1]
	1444558	1295372	1237309	16	M	70	A		-1	4121.90468389	[1, 1, 1, 1, 1, 1, 1, 1, 1, 1, 1, 1]
	1434025	1352791	1321833	16	M	24	A		-1	4121.93723721	[1, 1, 1, 1, 1, 1, 1, 1, 1, 1, 1, 1]
	1432101	1323757	1337620	16	M	88	A		-1	4122.7001315	[1, 1, 1, 1, 1, 1, 1, 1, 1, 1, 1, 1]
	1450560	1247323	1304238	16	M	93	A		-1	4122.80676323	[1, 1, 1, 1, 1, 1, 1, 1, 1, 1, 1, 1]
	1398369	1329422	1376915	16	M	56	A		-1	4122.86544422	[1, 1, 1, 1, 1, 1, 1, 1, 1, 1, 1, 1]
	1366719	1227826	1161978	15	M	27	A		-1	4122.99997739	[1, 1, 1, 1, 1, 1, 1, 1, 1, 1, 1, 1]
	1415766	1324903	1313014	16	M	6	A		-1	4123.41409081	[1, 1, 1, 1, 1, 1, 1, 1, 1, 1, 1, 1]
	1442935	1294912	1230992	16	M	88	A		-1	4125.81421637	[1, 1, 1, 1, 1, 1, 1, 1, 1, 1, 1, 1]
	1492244	1345101	1310641	16	M	85	A		-1	4127.43533678	[0, 1, 1, 1, 1, 1, 1, 1, 1, 1, 1, 1]
	1475389	1360534	1366671	16	M	20	A		-1	4128.41984356	[1, 1, 1, 1, 1, 1, 1, 1, 1, 1, 1, 1]
	1457743	1366550	1110607	16	M	12	A		-1	4128.92445079	[1, 1, 1, 1, 1, 1, 1, 1, 1, 1, 1, 1]
	1419575	1336066	1386830	16	M	57	A		-1	4129.75399079	[1, 1, 1, 1, 1, 1, 1, 1, 1, 1, 1, 1]
	1299029	1196285	1287601	15	M	97	A		-1	4130.17530492	[1, 1, 1, 1, 1, 1, 1, 1, 1, 1, 1, 0]
	1442155	1238403	1255633	16	M	78	A		-1	4130.47689874	[1, 1, 1, 1, 1, 1, 1, 1, 1, 1, 1, 1]
	1414867	1295372	1225272	16	M	23	A		-1	4131.76445142	[1, 1, 1, 1, 1, 1, 1, 1, 1, 1, 1, 1]
	1450608	1300840	1138877	16	M	88	A		-1	4132.92307986	[1, 1, 1, 0, 1, 1, 1, 1, 1, 1, 1, 1]
	1485768	1368718	1374011	16	M	93	A		-1	4133.20657964	[1, 1, 1, 1, 1, 1, 1, 1, 1, 1, 1, 1]
	1403501	1303503	1371429	16	M	40	A		-1	4134.43940678	[0, 1, 1, 1, 1, 1, 1, 1, 1, 1, 1, 0]
	1464595	1389515	1384556	16	M	22	A		-1	4134.92359471	[1, 1, 1, 1, 1, 1, 1, 1, 1, 1, 1, 1]
	1475028	1341235	1394208	16	M	50	A		-1	4135.55064638	[1, 1, 1, 1, 1, 1, 1, 1, 1, 1, 1, 1]
	1407830	1339081	1356346	16	M	45	A		-1	4135.82916682	[1, 1, 1, 1, 1, 1, 1, 1, 1, 1, 1, 1]
	1413344	1306185	1383483	16	M	23	A		-1	4138.49978041	[1, 1, 1, 1, 1, 1, 1, 1, 1, 1, 1, 1]
	1437277	1357725	1375483	16	M	79	A		-1	4139.26151849	[1, 1, 1, 1, 1, 1, 1, 1, 1, 1, 1, 1]
	1413631	1321365	1327015	16	M	28	A		-1	4139.36645937	[1, 1, 1, 1, 1, 1, 1, 1, 1, 1, 1, 1]
	1438403	1321365	1357062	16	M	61	A		-1	4139.66943728	[1, 1, 1, 1, 1, 1, 1, 1, 1, 1, 1, 1]
	1469329	1341860	1248600	16	M	26	A		-1	4139.68089217	[1, 1, 1, 1, 1, 1, 1, 1, 1, 1, 1, 1]
	1327040	1276176	1220747	15	M	95	A		-1	4140.49048656	[1, 1, 1, 1, 1, 1, 1, 1, 1, 1, 1, 1]
	1463741	1350196	1352539	16	M	41	A		-1	4141.28481419	[1, 1, 0, 1, 1, 1, 1, 1, 1, 1, 1, 1]
	1336066	1215088	1125749	15	M	2	A		-1	4141.38905703	[1, 1, 0, 1, 1, 1, 1, 1, 1, 1, 1, 1]
	1463358	1329422	1307470	16	M	13	A		-1	4142.08658645	[1, 1, 1, 1, 1, 1, 1, 1, 1, 1, 1, 1]
	1479475	1379467	1359394	16	M	17	A		-1	4142.82527273	[1, 1, 1, 1, 1, 1, 1, 1, 1, 1, 1, 1]
	1395169	1325299	1372689	16	M	60	A		-1	4142.85044209	[1, 1, 1, 1, 1, 1, 1, 1, 1, 1, 1, 0]
	1397261	1394065	1280425	16	M	1	A		-1	4143.919661	[1, 1, 1, 1, 1, 1, 1, 1, 1, 1, 1, 1]
	1444134	1308188	1372374	16	M	43	A		-1	4144.19331974	[1, 1, 1, 1, 1, 1, 1, 1, 1, 1, 1, 1]
	1419040	1366719	1366942	16	M	29	A		-1	4144.22058343	[1, 1, 1, 1, 1, 1, 1, 1, 1, 1, 1, 1]
	1357725	1276347	1260490	15	M	27	A		-1	4144.81165284	[1, 1, 1, 1, 1, 1, 1, 1, 1, 1, 1, 1]
	1412608	1325696	1316838	16	M	55	A		-1	4145.90599518	[1, 1, 1, 1, 1, 1, 1, 1, 1, 1, 1, 1]
	1438699	1304891	1208510	16	M	76	A		-1	4146.15593694	[0, 1, 1, 1, 1, 1, 1, 1, 1, 1, 1, 1]
	1395392	1272498	1322978	16	M	85	A		-1	4148.40058987	[1, 1, 1, 1, 1, 1, 1, 1, 1, 1, 1, 1]
	1407413	1322693	1387911	16	M	55	A		-1	4148.77078355	[1, 1, 1, 1, 1, 1, 1, 1, 1, 1, 1, 1]
	1429255	1300414	1195226	16	M	10	A		-1	4148.8156194	[1, 1, 1, 1, 0, 1, 1, 1, 1, 1, 1, 1]
	1484582	1384347	1345761	16	M	68	A		-1	4150.79466091	[1, 1, 1, 1, 1, 1, 1, 1, 1, 1, 1, 1]
	1468978	1307337	1314097	16	M	79	A		-1	4151.93667857	[1, 1, 1, 1, 1, 1, 1, 1, 1, 1, 1, 1]
	1448597	1361469	1365071	16	M	88	A		-1	4152.76768796	[1, 1, 1, 1, 1, 1, 1, 1, 1, 1, 1, 1]
	1457121	1356264	1358574	16	M	92	A		-1	4154.44392239	[1, 1, 1, 1, 1, 1, 1, 1, 1, 1, 1, 1]
	1480794	1369739	1391650	16	M	38	A		-1	4155.80077714	[1, 1, 1, 1, 1, 1, 1, 1, 1, 1, 1, 1]
	1444649	1353334	1364758	16	M	58	A		-1	4155.80310017	[1, 1, 1, 1, 1, 1, 1, 1, 1, 1, 1, 1]
	1484911	1299029	1197901	16	M	40	A		-1	4155.94216606	[1, 1, 1, 1, 1, 1, 1, 1, 1, 1, 1, 0]
	1485837	1358422	1377950	16	M	5	A		-1	4156.12879582	[1, 1, 1, 1, 1, 1, 1, 1, 1, 1, 1, 1]
	1397467	1303580	1340713	16	M	21	A		-1	4156.17972754	[1, 1, 1, 1, 1, 1, 1, 1, 1, 1, 1, 1]
	1396183	1327040	1267940	16	M	81	A		-1	4156.75664954	[1, 1, 1, 1, 1, 1, 1, 1, 1, 1, 1, 1]
	1421891	1208116	1336703	16	M	51	A		-1	4156.94044647	[1, 1, 1, 1, 1, 1, 1, 0, 1, 1, 1, 1]
	1434782	1365473	1338182	16	M	73	A		-1	4157.01976806	[1, 1, 1, 1, 1, 1, 1, 1, 1, 1, 1, 1]
	1402895	1334784	1298158	16	M	62	A		-1	4157.66686779	[1, 1, 1, 1, 1, 0, 1, 1, 1, 1, 1, 0]
	1480045	1303109	1324910	16	M	69	A		-1	4157.93746634	[1, 1, 1, 1, 1, 1, 1, 1, 1, 1, 1, 1]
	1466592	1327294	1369255	16	M	1	A		-1	4158.00617227	[1, 1, 1, 0, 1, 1, 1, 1, 1, 1, 1, 1]
	1428402	1361974	1250446	16	M	73	A		-1	4160.61360884	[1, 1, 1, 1, 1, 1, 1, 1, 1, 1, 1, 1]
	1453264	1357983	1346754	16	M	76	A		-1	4161.66239793	[1, 1, 1, 1, 1, 1, 1, 1, 1, 1, 1, 0]
	1462622	1361683	1303439	16	M	25	A		-1	4162.4915138	[1, 1, 1, 1, 1, 1, 1, 1, 1, 1, 1, 1]
	1444086	1357754	1289370	16	M	21	A		-1	4162.52133769	[1, 1, 1, 1, 1, 1, 1, 1, 1, 1, 1, 1]
	1461210	1327040	1321764	16	M	34	A		-1	4163.08795617	[1, 1, 1, 1, 1, 1, 1, 1, 1, 1, 1, 1]
	1483840	1300840	1356854	16	M	36	A		-1	4163.57485813	[1, 1, 1, 1, 1, 0, 1, 1, 1, 1, 1, 1]
	1455614	1345007	1385786	16	M	97	A		-1	4163.78879136	[1, 0, 1, 1, 1, 1, 1, 1, 1, 1, 1, 0]
	1440266	1360534	1378414	16	M	24	A		-1	4164.21362422	[1, 1, 1, 0, 1, 1, 1, 1, 1, 1, 1, 1]
	1400868	1363159	1377135	16	M	29	A		-1	4164.40436796	[1, 1, 1, 1, 1, 1, 1, 1, 1, 1, 1, 0]
	1431493	1358291	1344265	16	M	30	A		-1	4165.16292295	[1, 1, 1, 1, 1, 1, 1, 1, 1, 1, 1, 0]
	1437621	1334488	1391669	16	M	80	A		-1	4165.22456147	[1, 1, 1, 1, 1, 1, 1, 1, 1, 1, 1, 1]
	1451042	1364646	1319100	16	M	20	A		-1	4165.35735097	[1, 1, 1, 0, 1, 1, 1, 1, 1, 1, 1, 1]
	1450252	1336099	1365524	16	M	96	A		-1	4166.04177563	[1, 1, 1, 1, 1, 1, 1, 1, 1, 1, 1, 1]
	1300840	1265102	1233691	15	M	65	A		-1	4166.66240379	[1, 1, 1, 1, 1, 0, 1, 1, 1, 1, 1, 1]
	1466803	1323709	1370936	16	M	53	A		-1	4167.51554236	[1, 1, 1, 1, 1, 1, 1, 1, 1, 1, 1, 1]
	1444272	1334446	1378550	16	M	88	A		-1	4168.87140588	[1, 1, 1, 1, 1, 1, 1, 1, 1, 1, 1, 1]
	1424278	1347011	1354750	16	M	24	A		-1	4170.80371775	[1, 0, 1, 0, 1, 1, 1, 1, 1, 1, 1, 0]
	1433449	1318043	1303103	16	M	67	A		-1	4171.18112833	[1, 1, 1, 1, 1, 1, 1, 1, 1, 1, 1, 0]
	1436545	1384479	1371821	16	M	85	A		-1	4172.0465762	[1, 1, 1, 1, 1, 1, 1, 1, 1, 1, 1, 1]
	1474639	1290809	1335652	16	M	70	A		-1	4172.23515026	[1, 1, 1, 1, 1, 1, 1, 1, 1, 1, 1, 1]
	1469026	1304072	1303392	16	M	73	A		-1	4173.31500868	[1, 1, 1, 1, 1, 1, 1, 1, 1, 1, 1, 0]
	1421133	1372890	1069434	16	M	69	A		-1	4173.73855466	[1, 1, 1, 1, 1, 1, 1, 1, 1, 1, 1, 1]
	1461617	1391291	1361320	16	M	18	A		-1	4176.18571149	[1, 1, 1, 1, 1, 1, 1, 1, 1, 1, 1, 1]
	1490106	1373692	1366603	16	M	91	A		-1	4176.99081658	[1, 1, 0, 1, 1, 1, 1, 1, 1, 1, 1, 1]
	1414496	1336066	1327914	16	M	88	A		-1	4178.12973015	[1, 1, 0, 1, 1, 1, 1, 1, 1, 1, 1, 1]
	1459402	1363677	1366617	16	M	95	A		-1	4179.77788661	[1, 1, 1, 1, 1, 1, 1, 1, 1, 1, 1, 1]
	1429514	1355569	1348365	16	M	58	A		-1	4181.04405421	[1, 1, 1, 1, 1, 1, 1, 1, 1, 1, 1, 1]
	1400199	1337097	1334901	16	M	33	A		-1	4182.55769069	[1, 1, 1, 1, 1, 1, 1, 1, 1, 1, 1, 1]
	1444704	1313860	1367926	16	M	84	A		-1	4182.87281741	[1, 1, 1, 1, 1, 1, 1, 1, 1, 1, 1, 1]
	1436161	1347168	1378935	16	M	90	A		-1	4182.92252731	[1, 1, 1, 0, 1, 1, 1, 1, 1, 1, 1, 1]
	1420062	1345101	1301134	16	M	51	A		-1	4183.41331625	[1, 1, 1, 1, 1, 1, 1, 1, 1, 1, 1, 1]
	1493701	1371260	1320107	16	M	87	A		-1	4184.82869215	[1, 1, 1, 1, 1, 1, 1, 1, 1, 1, 1, 1]
	1410271	1289083	1304167	16	M	3	A		-1	4185.04917247	[1, 1, 1, 1, 1, 1, 1, 1, 1, 1, 1, 1]
	1443073	1294912	1370203	16	M	87	A		-1	4185.30792243	[1, 1, 1, 1, 1, 1, 1, 1, 1, 1, 1, 1]
	1395408	1380142	1230553	16	M	14	A		-1	4186.80913205	[1, 1, 1, 1, 1, 1, 1, 1, 1, 1, 1, 1]
	1439765	1347073	1292233	16	M	78	A		-1	4189.6121475	[1, 1, 1, 0, 1, 1, 1, 1, 1, 1, 1, 1]
	1431664	1320414	1363332	16	M	29	A		-1	4191.06220589	[1, 1, 1, 1, 1, 1, 1, 1, 1, 1, 1, 1]
	1470605	1345774	1280924	16	M	62	A		-1	4191.98859379	[1, 1, 1, 1, 1, 1, 1, 1, 1, 1, 1, 1]
	1474810	1274607	1327209	16	M	50	A		-1	4192.20214279	[1, 1, 1, 1, 1, 1, 1, 1, 1, 1, 1, 1]
	1413328	1323757	1343021	16	M	96	A		-1	4193.3909828	[1, 1, 1, 1, 1, 1, 1, 1, 1, 1, 1, 1]
	1421064	1318842	1358137	16	M	92	A		-1	4193.41607079	[1, 1, 1, 1, 1, 1, 1, 1, 1, 1, 1, 1]
	1477176	1292314	1277630	16	M	19	A		-1	4193.54045717	[1, 1, 1, 1, 1, 1, 1, 1, 1, 1, 1, 1]
	1420061	1382920	1350433	16	M	44	A		-1	4194.80693465	[1, 1, 1, 1, 1, 1, 1, 1, 1, 1, 1, 1]
	1430934	1322763	1337632	16	M	52	A		-1	4195.54133247	[1, 1, 1, 1, 1, 1, 1, 1, 1, 1, 1, 1]
	1462589	1304599	1305463	16	M	70	A		-1	4197.71811045	[1, 1, 1, 1, 1, 1, 1, 0, 1, 1, 1, 1]
	1412995	1296531	1391663	16	M	78	A		-1	4200.60857507	[1, 1, 1, 1, 1, 1, 1, 1, 1, 1, 1, 1]
	1416807	1365473	1354843	16	M	26	A		-1	4201.33013004	[1, 1, 1, 1, 1, 1, 1, 1, 1, 1, 1, 1]
	1409728	1319263	1346219	16	M	45	A		-1	4203.66991206	[1, 1, 1, 1, 1, 1, 1, 1, 1, 1, 1, 1]
	1492576	1300840	1298885	16	M	72	A		-1	4205.39830492	[1, 1, 1, 1, 1, 0, 1, 1, 1, 1, 1, 1]
	1430241	1295675	1362272	16	M	99	A		-1	4209.07196143	[1, 1, 1, 1, 1, 1, 1, 1, 1, 1, 1, 0]
	1454353	1345101	1309343	16	M	83	A		-1	4209.35292222	[1, 1, 1, 1, 1, 1, 1, 1, 1, 1, 1, 1]
	1470648	1380052	1347154	16	M	55	A		-1	4209.5368199	[1, 1, 1, 1, 1, 1, 1, 1, 1, 1, 1, 0]
	1474836	1348346	1345918	16	M	91	A		-1	4210.07852872	[1, 1, 1, 1, 1, 1, 1, 1, 1, 1, 1, 0]
	1446044	1379291	1386354	16	M	41	A		-1	4210.82899955	[1, 1, 1, 1, 1, 1, 1, 1, 1, 1, 1, 1]
	1398448	1296243	1351375	16	M	14	A		-1	4214.76459682	[1, 1, 1, 1, 1, 1, 1, 1, 1, 1, 1, 1]
	1454274	1337760	1390062	16	M	52	A		-1	4216.02160406	[1, 1, 1, 1, 1, 1, 1, 1, 1, 1, 1, 1]
	1397107	1334446	1348091	16	M	76	A		-1	4216.31412363	[0, 1, 1, 1, 1, 1, 1, 1, 1, 1, 1, 1]
	1440651	1327959	1371160	16	M	29	A		-1	4217.11788136	[1, 1, 1, 0, 1, 1, 1, 1, 1, 1, 1, 1]
	1409784	1316858	1306452	16	M	49	A		-1	4218.90042273	[1, 1, 1, 1, 1, 1, 1, 1, 1, 1, 1, 1]
	1409642	1379670	1309354	16	M	95	A		-1	4221.93400689	[1, 1, 1, 1, 1, 0, 1, 1, 1, 1, 1, 1]
	1307337	1257476	1268964	15	M	26	A		-1	4222.24526872	[1, 1, 1, 1, 1, 1, 1, 1, 1, 1, 1, 1]
	1422659	1368727	1316934	16	M	26	A		-1	4223.26657879	[1, 1, 1, 0, 1, 1, 1, 1, 1, 1, 1, 1]
	1488587	1313655	1310816	16	M	77	A		-1	4224.2788127	[1, 1, 1, 1, 1, 1, 1, 1, 1, 1, 1, 1]
	1329422	1249745	1263106	15	M	88	A		-1	4224.57704164	[1, 1, 1, 1, 1, 1, 1, 1, 1, 1, 1, 1]
	1294912	1226098	1266348	15	M	15	A		-1	4226.20210604	[1, 1, 1, 1, 1, 1, 1, 1, 1, 1, 1, 1]
	1430481	1382351	1375066	16	M	1	A		-1	4231.89504871	[1, 1, 1, 1, 1, 1, 1, 1, 1, 1, 1, 1]
	1410228	1308188	1110932	16	M	36	A		-1	4232.51229042	[1, 1, 1, 1, 1, 1, 1, 1, 1, 1, 1, 1]
	1470269	1388448	1352894	16	M	90	A		-1	4233.60378493	[1, 1, 1, 1, 1, 1, 1, 1, 1, 1, 1, 1]
	1489557	1313504	1101624	16	M	93	A		-1	4234.44441476	[1, 1, 1, 1, 1, 1, 1, 1, 1, 1, 1, 1]
	1478602	1348528	1385228	16	M	58	A		-1	4237.64058195	[1, 1, 1, 1, 1, 0, 1, 1, 1, 1, 1, 1]
	1456040	1382187	1372638	16	M	85	A		-1	4239.52481977	[1, 1, 1, 1, 1, 1, 1, 1, 1, 1, 1, 1]
	1472426	1358291	1383338	16	M	56	A		-1	4239.91235871	[1, 1, 1, 1, 1, 1, 1, 1, 1, 1, 1, 0]
	1444330	1344455	1379440	16	M	53	A		-1	4241.64637747	[1, 1, 1, 1, 1, 1, 1, 1, 1, 1, 1, 1]
	1420451	1325299	1355078	16	M	63	A		-1	4242.64049641	[1, 1, 1, 1, 1, 1, 1, 1, 1, 1, 1, 1]
	1428588	1304517	1328092	16	M	9	A		-1	4243.93258117	[1, 1, 0, 1, 1, 1, 1, 1, 1, 1, 1, 1]
	1486426	1318251	1308483	16	M	32	A		-1	4244.34478661	[1, 1, 1, 1, 1, 1, 1, 1, 1, 1, 1, 1]
	1462529	1309677	1375134	16	M	86	A		-1	4253.08362445	[1, 1, 1, 1, 0, 1, 1, 1, 1, 1, 1, 1]
	1494039	1364400	1377805	16	M	35	A		-1	4254.46309994	[1, 1, 1, 1, 1, 1, 1, 1, 1, 1, 1, 1]
	1434416	1384157	1387173	16	M	73	A		-1	4260.31804597	[1, 1, 1, 1, 1, 1, 1, 1, 1, 1, 1, 1]
	1469034	1350836	1391072	16	M	47	A		-1	4264.15366801	[1, 1, 1, 1, 1, 1, 1, 1, 1, 1, 1, 1]
	1439271	1329422	1225256	16	M	93	A		-1	4266.92128108	[1, 1, 1, 1, 1, 0, 1, 1, 1, 1, 1, 1]
	1403598	1339081	1314081	16	M	74	A		-1	4270.74330256	[1, 1, 1, 1, 1, 1, 1, 1, 1, 1, 1, 1]
	1464417	1356279	1366851	16	M	25	A		-1	4272.85667615	[1, 1, 1, 1, 1, 1, 1, 0, 1, 1, 1, 0]
	1321365	1223219	1280959	15	M	5	A		-1	4275.70168885	[1, 1, 1, 1, 1, 1, 1, 1, 1, 1, 1, 1]
	1415970	1302322	1332485	16	M	92	A		-1	4277.07028363	[1, 1, 1, 1, 1, 1, 1, 1, 1, 1, 1, 1]
	1430367	1380142	1370599	16	M	80	A		-1	4280.74999971	[1, 1, 1, 1, 1, 1, 1, 1, 1, 1, 1, 1]
	1345101	1226426	1200485	15	M	5	A		-1	4285.06480042	[1, 1, 1, 1, 1, 1, 1, 1, 1, 1, 1, 1]
	1485951	1335666	1350265	16	M	91	A		-1	4286.44198118	[1, 1, 1, 1, 1, 1, 1, 1, 1, 1, 1, 0]
	1410848	1322810	1386242	16	M	70	A		-1	4289.64664396	[1, 1, 1, 1, 1, 1, 1, 1, 1, 1, 1, 1]
	1459781	1324639	1329889	16	M	45	A		-1	4292.36514945	[1, 1, 1, 0, 1, 1, 1, 1, 1, 1, 1, 1]
	1450975	1366300	1231789	16	M	50	A		-1	4293.92195146	[1, 1, 1, 0, 1, 1, 1, 1, 1, 1, 1, 1]
	1395339	1300027	1356686	16	M	89	A		-1	4299.25375047	[1, 1, 1, 1, 1, 1, 1, 1, 1, 1, 1, 1]
	1401672	1320371	1345439	16	M	69	A		-1	4299.51287009	[1, 1, 1, 1, 1, 1, 1, 1, 1, 1, 1, 1]
	1401500	1321609	1341040	16	M	80	A		-1	4301.13957611	[1, 1, 1, 0, 1, 1, 1, 1, 1, 1, 1, 1]
	1408180	1383284	1370699	16	M	29	A		-1	4302.08291535	[1, 1, 1, 1, 1, 1, 1, 1, 1, 1, 1, 1]
	1420950	1388448	1358164	16	M	90	A		-1	4312.04065055	[1, 1, 1, 1, 1, 1, 1, 1, 1, 1, 1, 0]
	1439096	1259274	1329376	16	M	17	A		-1	4312.66281481	[1, 1, 1, 1, 1, 1, 1, 1, 1, 1, 1, 0]
	1493105	1259274	1312352	16	M	95	A		-1	4320.43800196	[1, 1, 1, 1, 1, 1, 1, 1, 1, 1, 1, 1]
	1406239	1321609	1351855	16	M	87	A		-1	4332.08328515	[1, 1, 1, 1, 1, 1, 1, 1, 1, 1, 1, 1]
	1478351	1366934	1239030	16	M	3	A		-1	4332.82060323	[1, 1, 1, 1, 1, 1, 1, 1, 1, 1, 1, 1]
	1490860	1341730	1325051	16	M	70	A		-1	4348.38875161	[1, 1, 1, 1, 1, 1, 1, 1, 1, 1, 1, 1]
	1414550	1332082	1323182	16	M	2	A		-1	4352.84601373	[1, 1, 1, 1, 1, 1, 1, 1, 1, 1, 1, 1]
	1439795	1322172	1285011	16	M	35	A		-1	4355.53534359	[1, 1, 1, 0, 1, 1, 1, 1, 1, 1, 1, 1]
	1429796	1300840	1140831	16	M	11	A		-1	4395.32280748	[1, 1, 1, 1, 1, 1, 1, 1, 1, 1, 1, 1]
	1469128	1346035	1386197	16	M	3	A		-1	4400.34135052	[1, 1, 1, 1, 1, 1, 1, 1, 1, 1, 1, 0]
	1438554	1366934	1338987	16	M	12	A		-1	4447.25055589	[1, 1, 1, 1, 1, 1, 1, 1, 1, 1, 1, 0]
	1468957	1311300	1389027	16	M	37	A		-1	4499.15884424	[1, 1, 1, 1, 1, 1, 1, 1, 1, 1, 1, 0]
