animal	sire	dam	born	sex	herd	status	cause	died	TBV	recessives
	90197	53961	55662	2	M	130	A		-1	842.557714997	[1, 1, 1, 1, 1, 1, 1, 1, 1, 1, 1, 1]
	55480	35114	20130	1	M	110	A		-1	842.755082959	[1, 1, 1, 1, 1, 1, 1, 1, 1, 1, 1, 1]
	97649	54162	56360	2	M	41	A		-1	842.835716462	[1, 1, 1, 1, 1, 1, 1, 1, 1, 1, 1, 1]
	99788	54162	17330	2	M	63	A		-1	843.311208024	[1, 1, 1, 1, 1, 1, 1, 1, 1, 1, 1, 1]
	99822	54162	68734	2	M	90	A		-1	843.377563757	[1, 1, 1, 1, 1, 1, 1, 1, 1, 1, 1, 1]
	113210	54667	58913	2	M	146	A		-1	843.398964373	[1, 1, 1, 1, 1, 1, 1, 1, 1, 1, 1, 1]
	89366	53961	11556	2	M	166	A		-1	843.882090263	[1, 1, 1, 1, 1, 1, 1, 1, 1, 1, 1, 1]
	115295	54667	5762	2	M	144	A		-1	844.07065932	[1, 1, 1, 1, 1, 1, 1, 1, 1, 1, 1, 1]
	102085	54316	15865	2	M	82	A		-1	844.161608627	[1, 1, 1, 1, 1, 1, 1, 1, 1, 1, 1, 1]
	72380	70221	3410	2	M	77	A		-1	844.29064202	[1, 1, 1, 1, 1, 1, 1, 1, 1, 1, 1, 1]
	90046	53961	51830	2	M	72	A		-1	845.209173966	[1, 1, 1, 1, 1, 1, 1, 1, 1, 1, 1, 0]
	104732	54316	37467	2	M	40	A		-1	846.019694523	[1, 1, 1, 1, 1, 1, 1, 1, 1, 1, 1, 1]
	75284	70221	2109	2	M	45	A		-1	846.020780272	[1, 1, 1, 0, 1, 1, 1, 1, 1, 1, 1, 1]
	77230	55166	7354	2	M	141	A		-1	846.10680637	[1, 1, 1, 1, 1, 1, 1, 1, 1, 1, 1, 1]
	59151	35114	23801	1	M	31	A		-1	846.180844983	[1, 1, 1, 1, 1, 1, 1, 1, 1, 1, 1, 1]
	91052	54114	8314	2	M	27	A		-1	846.209993835	[1, 1, 1, 1, 1, 1, 1, 1, 1, 1, 1, 0]
	120684	54834	68393	2	M	10	A		-1	846.494762631	[1, 1, 1, 1, 1, 1, 1, 1, 1, 1, 1, 1]
	99081	54162	9164	2	M	143	A		-1	846.692471718	[1, 1, 1, 1, 1, 1, 1, 1, 1, 1, 1, 1]
	74040	70221	6432	2	M	98	A		-1	846.875336079	[1, 1, 1, 0, 1, 1, 1, 1, 1, 1, 1, 1]
	120009	54678	8048	2	M	131	A		-1	846.911731492	[1, 1, 1, 1, 1, 1, 1, 1, 1, 1, 1, 1]
	105850	54596	13915	2	M	190	A		-1	848.203498541	[1, 1, 1, 1, 1, 1, 1, 1, 1, 1, 1, 1]
	77488	55166	48167	2	M	27	A		-1	848.395382364	[0, 1, 1, 1, 1, 1, 1, 1, 1, 1, 1, 1]
	111229	54667	57554	2	M	18	A		-1	848.410138177	[1, 1, 1, 1, 1, 1, 1, 1, 1, 1, 1, 0]
	92731	54114	56205	2	M	156	A		-1	848.517709832	[1, 1, 1, 1, 1, 1, 1, 1, 1, 1, 1, 0]
	93658	54114	66718	2	M	191	A		-1	848.54017034	[1, 1, 1, 0, 1, 1, 1, 1, 1, 1, 1, 1]
	76324	55166	21138	2	M	184	A		-1	848.633808138	[1, 1, 1, 1, 1, 1, 1, 1, 1, 1, 1, 1]
	79800	55166	35750	2	M	81	A		-1	848.889110229	[1, 1, 1, 1, 1, 1, 1, 1, 1, 1, 1, 1]
	79618	55166	21075	2	M	153	A		-1	848.964350816	[1, 1, 1, 1, 1, 1, 1, 1, 1, 1, 0, 1]
	97647	54162	39981	2	M	92	A		-1	848.993206681	[1, 1, 1, 1, 1, 1, 1, 1, 1, 1, 1, 1]
	115430	54678	58274	2	M	1	A		-1	849.124196347	[1, 1, 1, 1, 1, 1, 1, 1, 1, 1, 1, 1]
	73330	70221	57888	2	M	128	A		-1	849.428015428	[1, 1, 1, 1, 1, 1, 1, 1, 1, 1, 1, 1]
	98629	54162	41127	2	M	78	A		-1	849.491979642	[1, 1, 1, 1, 1, 1, 1, 1, 1, 1, 1, 1]
	77996	55166	18385	2	M	84	A		-1	849.534718132	[1, 1, 1, 1, 1, 1, 1, 1, 1, 1, 1, 1]
	113082	54667	69651	2	M	124	A		-1	850.120148168	[0, 1, 1, 0, 1, 1, 1, 1, 1, 1, 1, 1]
	79135	55166	63892	2	M	182	A		-1	850.19178895	[1, 1, 1, 1, 1, 1, 1, 1, 1, 1, 1, 1]
	92430	54114	65415	2	M	169	A		-1	850.432029441	[1, 1, 1, 0, 1, 1, 1, 1, 1, 1, 1, 1]
	91335	54114	31391	2	M	160	A		-1	850.65402851	[1, 1, 1, 1, 1, 1, 1, 1, 1, 1, 1, 0]
	117012	54678	15414	2	M	69	A		-1	850.695285062	[1, 1, 1, 1, 1, 1, 1, 1, 1, 1, 1, 1]
	108594	54596	19826	2	M	81	A		-1	850.723871429	[1, 1, 1, 1, 1, 1, 1, 1, 1, 1, 1, 0]
	74155	70221	37667	2	M	15	A		-1	850.818881735	[1, 1, 1, 1, 1, 1, 1, 1, 1, 1, 1, 1]
	86337	53961	69304	2	M	29	A		-1	850.822911648	[1, 1, 1, 1, 1, 1, 1, 1, 1, 1, 1, -1]
	108865	54596	40345	2	M	62	A		-1	851.0288598	[1, 1, 1, 1, 1, 1, 1, 1, 1, 1, 1, 1]
	110010	54596	8685	2	M	97	A		-1	851.039192109	[1, 1, 1, 1, 1, 1, 1, 1, 1, 1, 1, 1]
	117241	54678	48729	2	M	180	A		-1	851.101927552	[1, 1, 1, 1, 1, 1, 1, 1, 1, 1, 1, 1]
	111201	54667	17111	2	M	177	A		-1	851.31862739	[1, 1, 1, 1, 1, 1, 1, 1, 1, 1, 1, 0]
	81478	53820	13728	2	M	109	A		-1	851.759608105	[1, 1, 1, 1, 1, 1, 1, 1, 1, 1, 1, 0]
	118185	54678	57207	2	M	133	A		-1	851.782639583	[1, 1, 1, 1, 1, 1, 1, 1, 1, 1, 1, 1]
	78787	55166	54120	2	M	157	A		-1	851.835268244	[1, 1, 1, 1, 1, 1, 1, 1, 1, 1, 1, 1]
	75376	55166	2668	2	M	118	A		-1	851.83769806	[1, 1, 1, 1, 1, 1, 1, 1, 1, 1, 1, 1]
	112073	54667	46364	2	M	49	A		-1	852.241516304	[1, 1, 1, 1, 1, 1, 1, 1, 1, 1, 1, 1]
	107231	54596	3259	2	M	57	A		-1	852.279341197	[1, 1, 1, 1, 1, 1, 1, 1, 1, 1, 1, 0]
	92904	54114	63786	2	M	103	A		-1	852.4050846	[1, 1, 1, 1, 1, 1, 1, 1, 1, 1, 1, 0]
	107013	54596	55614	2	M	74	A		-1	852.477116852	[1, 1, 1, 1, 1, 1, 1, 1, 1, 1, 1, 1]
	107017	54596	11101	2	M	162	A		-1	852.725643745	[1, 1, 1, 1, 1, 1, 1, 1, 1, 1, 1, 0]
	105443	54596	12750	2	M	198	A		-1	852.84608932	[1, 1, 1, 1, 1, 1, 1, 1, 1, 1, 1, 0]
	73299	70221	13718	2	M	78	A		-1	853.07843249	[1, 1, 1, 0, 1, 1, 1, 1, 1, 1, 1, 1]
	67957	35116	32607	1	M	187	A		-1	853.41154584	[1, 1, 1, 1, 1, 1, 1, 1, 1, 1, 1, 1]
	108240	54596	10518	2	M	11	A		-1	853.591689112	[1, 1, 1, 1, 1, 1, 1, 1, 1, 1, 1, 1]
	72019	70221	23549	2	M	195	A		-1	853.606785582	[1, 1, 1, 0, 1, 1, 1, 1, 1, 1, 1, 1]
	118905	54678	2744	2	M	168	A		-1	853.667281692	[1, 1, 1, 1, 1, 1, 1, 1, 1, 1, 1, 1]
	120469	54834	1279	2	M	70	A		-1	853.72006023	[1, 1, 1, 1, 1, 1, 1, 1, 1, 1, 1, 0]
	98161	54162	47006	2	M	21	A		-1	853.981327294	[1, 1, 0, 1, 1, 1, 1, 1, 1, 1, 1, 1]
	70964	70221	11987	2	M	184	A		-1	854.056149427	[1, 1, 1, 0, 1, 1, 1, 1, 1, 1, 1, 1]
	86199	53961	12667	2	M	13	A		-1	854.183445256	[1, 1, 1, 1, 1, 1, 1, 1, 1, 1, 1, 0]
	121063	54834	47364	2	M	117	A		-1	854.25528524	[1, 1, 1, 1, 1, 1, 1, 1, 1, 1, 1, 0]
	72977	70221	63179	2	M	124	A		-1	854.299004031	[1, 1, 1, 1, 1, 1, 1, 1, 1, 1, 1, 1]
	75393	55166	54572	2	M	76	A		-1	854.537526308	[1, 1, 1, 1, 1, 1, 1, 1, 1, 1, 1, 0]
	102735	54316	13354	2	M	165	A		-1	854.732727747	[1, 1, 1, 1, 1, 1, 1, 1, 1, 1, 1, 1]
	78631	55166	12442	2	M	60	A		-1	854.768078738	[1, 1, 1, 1, 1, 1, 1, 1, 1, 1, 1, 1]
	91030	54114	18033	2	M	181	A		-1	854.926639683	[1, 1, 1, 1, 1, 0, 1, 1, 1, 1, 1, 0]
	118694	54678	57786	2	M	95	A		-1	855.260886599	[1, 1, 1, 1, 1, 1, 1, 1, 1, 1, 1, 1]
	97053	54162	56040	2	M	35	A		-1	855.647895175	[1, 1, 1, 1, 1, 1, 1, 1, 1, 1, 1, 1]
	100071	54162	7771	2	M	19	A		-1	855.943064978	[1, 1, 1, 1, 1, 1, 1, 1, 1, 1, 1, 1]
	88272	53961	63294	2	M	31	A		-1	856.030058352	[1, 1, 1, 1, 1, 1, 1, 1, 1, 1, 1, 1]
	107556	54596	9426	2	M	48	A		-1	856.646425171	[1, 1, 1, 1, 1, 1, 1, 1, 1, 1, 1, 1]
	96579	54162	46986	2	M	195	A		-1	856.787733935	[0, 1, 1, 1, 1, 1, 1, 1, 1, 1, 1, 1]
	79010	55166	22733	2	M	145	A		-1	856.857358677	[1, 1, 1, 1, 1, 1, 1, 1, 1, 1, 1, 1]
	111620	54667	63133	2	M	153	A		-1	856.997595811	[1, 1, 1, 1, 1, 1, 1, 1, 1, 1, 1, 0]
	97897	54162	65004	2	M	86	A		-1	858.584012803	[1, 1, 1, 1, 1, 1, 1, 1, 1, 1, 1, 1]
	100241	54162	58977	2	M	94	A		-1	858.585706874	[1, 1, 1, 1, 1, 1, 1, 1, 1, 1, 1, 1]
	90324	53961	10603	2	M	158	A		-1	859.191160327	[1, 1, 1, 1, 1, 1, 1, 1, 1, 1, 1, 1]
	98654	54162	60612	2	M	83	A		-1	859.340419137	[1, 1, 1, 1, 1, 1, 1, 1, 1, 1, 1, 1]
	100010	54162	56322	2	M	5	A		-1	859.386862695	[1, 1, 1, 1, 1, 1, 1, 1, 1, 1, 1, 1]
	121813	54834	18465	2	M	181	A		-1	859.540436514	[1, 1, 1, 1, 1, 1, 1, 1, 1, 1, 1, 0]
	99050	54162	62596	2	M	21	A		-1	859.998043063	[1, 1, 1, 1, 1, 1, 1, 1, 1, 1, 1, 1]
	77169	55166	69301	2	M	70	A		-1	860.118544193	[1, 1, 1, 1, 1, 1, 1, 1, 1, 1, 1, 1]
	78056	55166	5597	2	M	172	A		-1	861.223027824	[1, 1, 1, 1, 1, 1, 1, 1, 1, 1, 1, 1]
	122257	54834	34519	2	M	61	A		-1	861.602635067	[1, 1, 1, 1, 1, 1, 1, 1, 1, 1, 1, 0]
	76450	55166	18495	2	M	195	A		-1	861.621113052	[1, 1, 1, 1, 1, 1, 1, 1, 1, 1, 1, 1]
	83402	53820	1434	2	M	160	A		-1	861.709925125	[1, 0, 1, 1, 1, 1, 1, 1, 1, 1, 1, 1]
	93917	54114	29185	2	M	156	A		-1	862.140493651	[1, 1, 1, 1, 1, 1, 1, 1, 1, 1, 1, 0]
	101918	54316	58738	2	M	108	A		-1	862.866217645	[1, 1, 1, 1, 1, 1, 1, 1, 1, 1, 1, 1]
	100704	54316	4071	2	M	132	A		-1	862.990941123	[1, 1, 1, 0, 1, 1, 1, 1, 1, 1, 1, 1]
	94086	54114	31590	2	M	10	A		-1	863.081455867	[1, 1, 1, 1, 1, 1, 1, 1, 1, 1, 1, 1]
	94512	54114	59285	2	M	51	A		-1	863.545007808	[1, 1, 1, 1, 1, 1, 1, 1, 1, 1, 1, 1]
	96780	54162	39398	2	M	185	A		-1	863.900742174	[1, 1, 1, 1, 1, 1, 1, 1, 1, 1, 1, 1]
	99973	54162	5932	2	M	10	A		-1	864.043138008	[1, 1, 1, 1, 1, 1, 1, 1, 1, 1, 1, 1]
	79234	55166	55434	2	M	190	A		-1	864.189039196	[1, 1, 1, 1, 1, 1, 1, 1, 1, 1, 1, 1]
	88781	53961	31556	2	M	143	A		-1	864.860355253	[1, 1, 1, 1, 1, 1, 1, 1, 1, 1, 1, 1]
	72406	70221	22199	2	M	119	A		-1	864.889903045	[1, 1, 1, 1, 1, 1, 1, 1, 1, 1, 1, 0]
	89535	53961	9618	2	M	62	A		-1	865.049342571	[1, 1, 1, 1, 1, 1, 1, 1, 1, 1, 1, 0]
	96993	54162	44436	2	M	184	A		-1	865.309853161	[1, 1, 1, 1, 1, 1, 1, 1, 1, 1, 1, 1]
	100576	54316	6889	2	M	13	A		-1	865.570776358	[1, 1, 1, 1, 1, 1, 1, 1, 1, 1, 1, 1]
	83469	53820	22040	2	M	40	A		-1	865.587979411	[1, 1, 1, 1, 1, 1, 1, 1, 1, 1, 1, 1]
	78310	55166	34618	2	M	199	A		-1	865.686997132	[1, 1, 1, 1, 1, 1, 1, 1, 1, 1, 1, 1]
	112112	54667	39697	2	M	1	A		-1	865.890000093	[1, 1, 1, 1, 1, 1, 1, 1, 1, 1, 1, 0]
	113220	54667	65387	2	M	97	A		-1	866.154478355	[1, 1, 1, 1, 1, 1, 1, 1, 1, 1, 1, 1]
	92503	54114	25950	2	M	39	A		-1	866.21067054	[1, 1, 1, 1, 1, 1, 1, 1, 1, 1, 1, 1]
	92474	54114	11530	2	M	155	A		-1	866.305565976	[1, 1, 1, 1, 1, 1, 1, 1, 1, 1, 1, 0]
	79199	55166	31690	2	M	73	A		-1	866.377715575	[1, 1, 1, 1, 1, 1, 1, 1, 1, 1, 1, 1]
	94574	54114	4641	2	M	3	A		-1	866.448123643	[1, 1, 1, 1, 1, 1, 1, 1, 1, 1, 1, 1]
	86635	53961	7949	2	M	81	A		-1	866.649570986	[1, 1, 1, 1, 1, 1, 1, 1, 1, 1, 1, 1]
	77341	55166	14843	2	M	60	A		-1	866.772459834	[1, 1, 1, 1, 1, 1, 1, 1, 1, 1, 1, 1]
	67172	35116	31822	1	M	118	A		-1	867.249933474	[1, 1, 1, 1, 1, 1, 1, 1, 1, 1, 1, 0]
	120596	54834	58870	2	M	99	A		-1	867.405002072	[1, 1, 1, 1, 1, 1, 1, 1, 1, 1, 1, 1]
	71209	70221	67299	2	M	42	A		-1	868.741525568	[1, 1, 1, 1, 1, 1, 1, 1, 1, 1, 1, 1]
	75565	55166	18716	2	M	22	A		-1	869.139454128	[1, 1, 1, 1, 1, 1, 1, 1, 1, 1, 1, 1]
	87128	53961	58235	2	M	40	A		-1	869.205198186	[1, 1, 1, 0, 1, 1, 1, 1, 1, 1, 1, 0]
	91174	54114	53493	2	M	71	A		-1	869.273381906	[1, 1, 1, 1, 1, 1, 1, 1, 1, 1, 1, 1]
	120696	54834	25954	2	M	134	A		-1	869.283778174	[1, 1, 1, 1, 1, 1, 1, 1, 1, 1, 1, 0]
	103009	54316	64757	2	M	87	A		-1	869.340179517	[1, 1, 1, 1, 1, 1, 1, 1, 1, 1, 1, 1]
	79324	55166	51489	2	M	34	A		-1	869.750915524	[1, 1, 1, 1, 1, 1, 1, 1, 1, 1, 1, 1]
	82200	53820	10551	2	M	144	A		-1	869.772201751	[1, 1, 1, 1, 1, 1, 1, 1, 1, 1, 1, 1]
	87410	53961	3214	2	M	64	A		-1	869.845192684	[1, 1, 1, 1, 1, 0, 1, 1, 1, 1, 1, 1]
	103572	54316	64525	2	M	92	A		-1	870.331876265	[1, 1, 1, 1, 1, 1, 1, 1, 1, 1, 1, 1]
	98357	54162	57654	2	M	161	A		-1	870.564267797	[1, 1, 1, 1, 1, 1, 1, 1, 1, 1, 1, 1]
	89607	53961	43531	2	M	42	A		-1	871.089346394	[1, 1, 1, 1, 1, 1, 1, 1, 1, 1, 1, 1]
	77365	55166	53657	2	M	15	A		-1	871.231993724	[1, 1, 0, 1, 1, 1, 1, 1, 1, 1, 1, 1]
	84237	53820	66045	2	M	20	A		-1	871.302000103	[1, 1, 1, 1, 1, 1, 1, 1, 1, 1, 1, 1]
	95015	54114	16872	2	M	11	A		-1	871.486952599	[1, 1, 1, 1, 1, 1, 1, 1, 1, 1, 1, 0]
	104646	54316	21364	2	M	166	A		-1	872.547163558	[1, 1, 1, 0, 1, 1, 1, 1, 1, 1, 1, 1]
	107577	54596	13912	2	M	0	A		-1	872.644617784	[1, 1, 1, 1, 1, 1, 1, 1, 1, 1, 1, 0]
	109542	54596	51690	2	M	104	A		-1	872.723366974	[1, 1, 1, 1, 1, 1, 1, 1, 1, 1, 1, 1]
	113250	54667	22710	2	M	187	A		-1	872.980618321	[1, 1, 1, 0, 1, 1, 1, 1, 1, 1, 1, 0]
	79088	55166	28675	2	M	31	A		-1	873.074814658	[1, 1, 1, 1, 1, 1, 1, 1, 1, 1, 1, 1]
	79091	55166	24328	2	M	55	A		-1	873.112655989	[1, 1, 1, 0, 1, 1, 1, 1, 1, 1, 1, 0]
	97976	54162	19582	2	M	169	A		-1	873.295863363	[1, 1, 1, 1, 1, 1, 1, 1, 1, 1, 1, 1]
	108034	54596	58915	2	M	86	A		-1	873.464345016	[1, 1, 1, 1, 1, 1, 1, 1, 1, 1, 1, 0]
	78531	55166	34260	2	M	139	A		-1	873.654451987	[0, 1, 1, 1, 1, 1, 1, 1, 1, 1, 1, 1]
	77026	55166	28105	2	M	90	A		-1	873.737635512	[1, 1, 1, 1, 1, 1, 1, 1, 1, 1, 1, 1]
	86432	53961	3383	2	M	19	A		-1	874.193899125	[1, 1, 1, 1, 1, 1, 1, 1, 1, 1, 1, 1]
	119931	54678	65539	2	M	163	A		-1	875.058519798	[1, 1, 1, 1, 1, 1, 1, 1, 1, 1, 0, 1]
	115710	54678	52749	2	M	200	A		-1	875.45535868	[1, 1, 1, 1, 1, 1, 1, 1, 1, 1, 1, 1]
	92677	54114	36400	2	M	178	A		-1	875.590177967	[1, 1, 1, 1, 1, 1, 1, 1, 1, 1, 1, 1]
	98331	54162	67479	2	M	86	A		-1	876.053155586	[1, 1, 1, 1, 1, 1, 1, 1, 1, 1, 1, 1]
	89406	53961	17474	2	M	26	A		-1	876.377809909	[1, 1, 1, 0, 1, 1, 1, 1, 1, 1, 1, 0]
	80726	53820	903	2	M	65	A		-1	876.412148363	[1, 1, 1, 1, 1, 1, 1, 1, 1, 1, 1, 1]
	56730	35114	21380	1	M	23	A		-1	876.42326644	[1, 1, 1, 1, 1, 1, 1, 1, 1, 1, 1, 1]
	80273	55166	53078	2	M	4	A		-1	876.709398728	[1, 1, 1, 1, 1, 1, 1, 1, 1, 1, 1, 0]
	90631	54114	58713	2	M	187	A		-1	876.888363007	[1, 1, 1, 1, 1, 1, 1, 1, 1, 1, 1, 0]
	107565	54596	47911	2	M	68	A		-1	877.500291322	[1, 1, 1, 0, 1, 1, 1, 1, 1, 1, 1, 1]
	91247	54114	5612	2	M	171	A		-1	877.90981533	[1, 1, 1, 1, 1, 1, 1, 1, 1, 1, 1, 1]
	96297	54162	62028	2	M	108	A		-1	878.392093858	[1, 1, 1, 1, 1, 1, 1, 1, 1, 1, 1, 1]
	120880	54834	43335	2	M	43	A		-1	878.718273076	[1, 1, 1, 1, 1, 1, 1, 1, 1, 1, 1, 0]
	77383	55166	33598	2	M	131	A		-1	878.80808158	[1, 1, 1, 1, 1, 1, 1, 1, 1, 1, 1, 1]
	119190	54678	63955	2	M	119	A		-1	879.640790898	[1, 1, 1, 1, 1, 1, 1, 1, 1, 1, 1, 1]
	75839	55166	42336	2	M	102	A		-1	879.773855736	[1, 1, 1, 1, 1, 1, 1, 1, 1, 1, 1, 1]
	87308	53961	22316	2	M	75	A		-1	880.440823214	[1, 1, 1, 1, 1, 1, 1, 1, 1, 1, 1, 0]
	84476	53820	57366	2	M	133	A		-1	880.598879907	[1, 1, 1, 1, 1, 1, 1, 1, 1, 1, 1, 0]
	87581	53961	9790	2	M	63	A		-1	881.132558844	[1, 1, 1, 1, 1, 1, 1, 1, 1, 1, 1, 0]
	88716	53961	4621	2	M	195	A		-1	881.791009096	[1, 1, 1, 1, 1, 1, 1, 1, 1, 1, 1, 0]
	79110	55166	49005	2	M	71	A		-1	881.933045323	[1, 1, 1, 1, 1, 1, 1, 1, 1, 1, 1, 1]
	103015	54316	37159	2	M	146	A		-1	882.788801906	[1, 1, 1, 0, 1, 1, 1, 1, 1, 1, 1, 1]
	81716	53820	31838	2	M	154	A		-1	882.812370689	[1, 1, 1, 1, 1, 1, 1, 1, 1, 1, 1, 0]
	95344	54114	8191	2	M	167	A		-1	882.817084027	[1, 1, 1, 1, 1, 1, 1, 1, 1, 1, 1, 1]
	76705	55166	57047	2	M	74	A		-1	882.918386647	[1, 1, 1, 1, 1, 1, 1, 1, 1, 1, 1, 1]
	89520	53961	32954	2	M	103	A		-1	883.712184823	[1, 1, 1, 1, 1, 1, 1, 1, 1, 1, 1, -1]
	99442	54162	26597	2	M	37	A		-1	883.946774744	[1, 1, 1, 0, 1, 1, 1, 1, 1, 1, 1, 1]
	76458	55166	23559	2	M	46	A		-1	884.217412302	[1, 1, 1, 1, 1, 1, 1, 1, 1, 1, 1, 1]
	94723	54114	46532	2	M	142	A		-1	884.410021681	[1, 1, 1, 1, 1, 1, 1, 1, 1, 1, 1, 1]
	90384	54114	7224	2	M	117	A		-1	884.594707223	[1, 1, 1, 1, 1, 1, 1, 1, 1, 1, 1, 0]
	97566	54162	40588	2	M	37	A		-1	885.117628746	[1, 1, 1, 1, 1, 1, 1, 1, 1, 1, 1, 1]
	111659	54667	31806	2	M	57	A		-1	885.74852455	[1, 1, 1, 1, 1, 1, 1, 1, 1, 1, 1, 0]
	75358	55166	1970	2	M	177	A		-1	885.970140346	[1, 1, 1, 1, 1, 1, 1, 1, 1, 1, 1, 1]
	98922	54162	66458	2	M	106	A		-1	886.12715825	[1, 1, 1, 1, 1, 1, 1, 1, 1, 1, 1, 1]
	100269	54162	12018	2	M	83	A		-1	886.149632453	[1, 1, 1, 1, 1, 1, 1, 1, 1, 1, 1, 1]
	72085	70221	68206	2	M	37	A		-1	886.581002154	[1, 1, 1, 0, 1, 1, 1, 1, 1, 1, 1, 1]
	107889	54596	58850	2	M	199	A		-1	886.601972312	[1, 1, 1, 1, 1, 1, 1, 1, 1, 1, 1, 0]
	120052	54678	28064	2	M	119	A		-1	886.661209411	[1, 1, 1, 1, 1, 1, 1, 1, 1, 1, 1, 1]
	115254	54667	61614	2	M	59	A		-1	886.66948712	[1, 1, 1, 1, 1, 1, 1, 1, 1, 1, 1, 1]
	97333	54162	9810	2	M	20	A		-1	886.722243272	[0, 1, 1, 1, 1, 1, 1, 1, 1, 1, 1, 1]
	97735	54162	4405	2	M	14	A		-1	887.27330508	[1, 1, 1, 1, 1, 1, 1, 1, 1, 1, 1, 1]
	91905	54114	43935	2	M	40	A		-1	887.692447916	[1, 1, 1, 1, 1, 1, 1, 1, 1, 1, 1, 1]
	90709	54114	14221	2	M	26	A		-1	888.420843831	[1, 1, 1, 1, 1, 1, 1, 1, 1, 1, 1, 1]
	116518	54678	11448	2	M	8	A		-1	888.647692571	[1, 1, 1, 1, 1, 1, 1, 1, 1, 1, 1, 1]
	76849	55166	9874	2	M	7	A		-1	888.661053037	[1, 1, 1, 1, 1, 1, 1, 1, 1, 1, 1, 1]
	71400	70221	59397	2	M	156	A		-1	888.681602842	[1, 1, 1, 0, 1, 1, 1, 1, 1, 1, 1, 1]
	110457	54667	13497	2	M	75	A		-1	889.358213999	[1, 1, 1, 1, 1, 1, 1, 1, 1, 1, 1, 1]
	57374	35114	22024	1	M	153	A		-1	890.153497422	[1, 1, 1, 1, 1, 1, 1, 1, 1, 1, 1, 1]
	74550	70221	19771	2	M	190	A		-1	890.167668506	[1, 1, 1, 0, 1, 1, 1, 1, 1, 1, 1, 1]
	118720	54678	57254	2	M	52	A		-1	890.275259391	[1, 1, 1, 1, 1, 1, 1, 1, 1, 1, 1, 1]
	86155	53961	16835	2	M	76	A		-1	891.118915338	[1, 1, 1, 1, 1, 1, 1, 1, 1, 1, 1, 1]
	78129	55166	32962	2	M	165	A		-1	891.278413993	[1, 1, 1, 1, 1, 1, 1, 1, 1, 1, 1, 1]
	98420	54162	11683	2	M	58	A		-1	892.068094036	[1, 1, 1, 1, 1, 1, 1, 1, 1, 1, 1, 1]
	75661	55166	19117	2	M	94	A		-1	892.536529934	[1, 1, 1, 1, 1, 0, 1, 1, 1, 1, 1, 1]
	122639	54834	48064	2	M	137	A		-1	892.735272071	[1, 1, 1, 1, 1, 1, 1, 1, 1, 1, 1, 0]
	49554	35112	14204	1	M	17	A		-1	892.788640685	[1, 1, 0, 1, 1, 1, 1, 1, 1, 1, 1, 1]
	99547	54162	57701	2	M	173	A		-1	892.796266927	[1, 1, 1, 1, 1, 1, 1, 1, 1, 1, 1, 1]
	106762	54596	47679	2	M	41	A		-1	892.861372216	[1, 1, 1, 1, 1, 1, 1, 1, 1, 1, 1, 1]
	114186	54667	42294	2	M	169	A		-1	892.902202121	[1, 1, 1, 1, 1, 1, 1, 1, 1, 1, 1, 0]
	111761	54667	9313	2	M	15	A		-1	892.904758902	[1, 1, 1, 1, 1, 1, 1, 1, 1, 1, 1, 0]
	77334	55166	26871	2	M	62	A		-1	893.282004579	[1, 1, 1, 1, 1, 0, 1, 1, 1, 1, 1, 1]
	120622	54834	42952	2	M	37	A		-1	893.550942907	[1, 1, 1, 1, 1, 1, 1, 1, 1, 1, 1, 0]
	105466	54596	64328	2	M	136	A		-1	894.032505512	[1, 1, 1, 1, 1, 1, 1, 1, 1, 1, 1, 0]
	98850	54162	61048	2	M	188	A		-1	894.631933143	[1, 1, 1, 1, 1, 1, 1, 1, 1, 1, 1, 1]
	93333	54114	54041	2	M	137	A		-1	895.29498274	[1, 1, 1, 1, 1, 1, 1, 1, 1, 1, 1, 0]
	86947	53961	59360	2	M	92	A		-1	895.400589591	[1, 1, 1, 1, 1, 1, 1, 1, 1, 1, 1, 0]
	112994	54667	31514	2	M	78	A		-1	895.508596458	[1, 1, 1, 1, 1, 1, 1, 1, 1, 1, 1, 1]
	105879	54596	5747	2	M	53	A		-1	895.66035111	[1, 1, 1, 1, 1, 0, 1, 1, 1, 1, 1, 1]
	94473	54114	13649	2	M	192	A		-1	897.171126468	[1, 1, 1, 1, 1, 1, 1, 1, 1, 1, 1, 1]
	109210	54596	63556	2	M	145	A		-1	897.214367158	[1, 1, 1, 1, 1, 1, 1, 1, 1, 1, 1, 0]
	121471	54834	26702	2	M	62	A		-1	897.236250983	[1, 1, 1, 1, 1, 1, 1, 1, 1, 1, 1, 0]
	102823	54316	21272	2	M	17	A		-1	897.62526113	[1, 1, 1, 1, 1, 1, 1, 1, 1, 1, 1, 1]
	82836	53820	58957	2	M	26	A		-1	897.64932982	[1, 1, 1, 1, 1, 1, 1, 1, 1, 1, 1, 1]
	70903	70221	10480	2	M	78	A		-1	897.748933589	[1, 1, 1, 0, 1, 1, 1, 1, 1, 1, 1, 1]
	70355	70221	1333	2	M	180	A		-1	898.171212753	[1, 1, 1, 0, 1, 1, 1, 1, 1, 1, 1, 1]
	119727	54678	69871	2	M	156	A		-1	898.793605411	[1, 1, 1, 1, 1, 1, 1, 1, 1, 1, 1, 1]
	100744	54316	27934	2	M	93	A		-1	899.496140802	[1, 1, 1, 1, 1, 1, 1, 1, 1, 1, 1, 1]
	79810	55166	66705	2	M	97	A		-1	899.79576913	[1, 1, 1, 1, 1, 1, 1, 1, 1, 1, 1, 1]
	98790	54162	4496	2	M	62	A		-1	899.831557286	[1, 1, 1, 1, 1, 1, 1, 1, 1, 1, 1, 1]
	101361	54316	32023	2	M	72	A		-1	901.051156956	[1, 1, 1, 1, 1, 1, 1, 1, 1, 1, 1, 1]
	107359	54596	59838	2	M	118	A		-1	901.051464075	[1, 1, 1, 1, 1, 1, 1, 1, 1, 1, 1, 1]
	108347	54596	1967	2	M	43	A		-1	901.130058696	[1, 1, 1, 1, 1, 1, 1, 1, 1, 1, 1, 0]
	116432	54678	30927	2	M	124	A		-1	901.198655458	[1, 1, 1, 1, 1, 1, 1, 1, 1, 1, 1, 1]
	76029	55166	12820	2	M	138	A		-1	901.205836194	[1, 1, 1, 1, 1, 1, 1, 1, 1, 1, 1, 1]
	106640	54596	44391	2	M	121	A		-1	901.748886781	[1, 1, 1, 1, 1, 1, 1, 1, 1, 1, 1, 0]
	90966	54114	1885	2	M	109	A		-1	902.911874118	[1, 1, 1, 1, 1, 1, 1, 1, 1, 1, 0, 1]
	77457	55166	69825	2	M	121	A		-1	903.357498917	[1, 1, 1, 1, 1, 1, 1, 1, 1, 1, 1, 1]
	94201	54114	18379	2	M	30	A		-1	903.60735677	[1, 1, 1, 1, 1, 1, 1, 1, 1, 1, 1, 1]
	113912	54667	60465	2	M	35	A		-1	903.710227245	[1, 1, 1, 1, 1, 1, 1, 1, 1, 1, 1, 0]
	83115	53820	33017	2	M	73	A		-1	903.948344892	[1, 1, 1, 1, 1, 1, 1, 1, 1, 1, 1, 1]
	81744	53820	63454	2	M	109	A		-1	904.564574093	[1, 1, 1, 1, 1, 1, 1, 1, 1, 1, 1, 0]
	78739	55166	930	2	M	29	A		-1	904.57836574	[1, 1, 1, 1, 1, 1, 1, 1, 1, 1, 1, 1]
	86060	53961	45888	2	M	151	A		-1	905.111033664	[1, 0, 0, 1, 1, 1, 1, 1, 1, 1, 1, 1]
	101251	54316	25778	2	M	162	A		-1	905.148300181	[1, 1, 1, 1, 1, 1, 1, 1, 1, 1, 1, 1]
	66600	35116	31250	1	M	13	A		-1	905.21118128	[1, 1, 1, 0, 1, 1, 1, 1, 1, 1, 1, 1]
	77274	55166	27646	2	M	18	A		-1	905.226553195	[1, 1, 1, 1, 1, 1, 1, 1, 1, 1, 1, 1]
	112196	54667	67954	2	M	123	A		-1	906.077823642	[1, 1, 1, 1, 1, 1, 1, 1, 1, 1, 1, 1]
	108758	54596	59200	2	M	116	A		-1	906.537372146	[1, 1, 1, 1, 1, 1, 1, 1, 1, 1, 1, 1]
	114144	54667	23895	2	M	60	A		-1	906.641070633	[1, 1, 1, 1, 1, 1, 1, 1, 1, 1, 1, 1]
	67305	35116	31955	1	M	175	A		-1	906.96846937	[1, 1, 1, 0, 1, 1, 1, 1, 1, 1, 1, 1]
	118736	54678	68190	2	M	61	A		-1	907.002184948	[1, 1, 1, 1, 1, 1, 1, 1, 1, 1, 1, 1]
	84271	53820	58988	2	M	178	A		-1	907.571735698	[1, 1, 1, 1, 1, 1, 1, 1, 1, 1, 1, 1]
	109322	54596	29545	2	M	34	A		-1	907.986550085	[1, 1, 1, 1, 1, 1, 1, 1, 1, 1, 1, 0]
	112783	54667	58250	2	M	154	A		-1	908.236045094	[1, 1, 1, 1, 1, 1, 1, 1, 1, 1, 1, 1]
	104489	54316	22782	2	M	135	A		-1	908.284570973	[1, 1, 1, 1, 1, 1, 1, 1, 1, 1, 1, 0]
	76612	55166	31340	2	M	140	A		-1	908.832156274	[1, 1, 1, 1, 1, 1, 1, 1, 1, 1, 1, 1]
	90296	53961	64944	2	M	9	A		-1	908.947402853	[1, 1, 1, 1, 1, 1, 1, 1, 1, 1, 1, 1]
	103886	54316	50479	2	M	45	A		-1	908.978224546	[1, 1, 1, 1, 1, 1, 1, 1, 1, 1, 1, 1]
	98674	54162	56420	2	M	179	A		-1	909.65898853	[1, 1, 1, 1, 1, 1, 1, 1, 1, 1, 1, 1]
	81653	53820	8912	2	M	70	A		-1	909.841408557	[1, 1, 1, 1, 1, 1, 1, 1, 1, 1, 1, 0]
	115147	54667	6805	2	M	138	A		-1	910.200534831	[1, 1, 1, 1, 1, 1, 1, 1, 1, 1, 1, 1]
	105866	54596	12043	2	M	73	A		-1	910.426983351	[1, 1, 1, 1, 1, 1, 1, 1, 1, 1, 1, -1]
	77569	55166	9950	2	M	74	A		-1	911.041554684	[1, 1, 1, 1, 1, 1, 1, 1, 1, 1, 1, 1]
	122684	54834	33091	2	M	196	A		-1	911.091567005	[1, 1, 1, 0, 1, 1, 1, 1, 1, 1, 1, 1]
	76407	55166	45300	2	M	74	A		-1	911.298851936	[1, 1, 1, 1, 1, 1, 1, 1, 1, 1, 1, 1]
	92240	54114	1509	2	M	30	A		-1	911.800338276	[1, 1, 1, 1, 1, 1, 1, 1, 1, 1, 1, 0]
	77435	55166	62588	2	M	93	A		-1	911.861173086	[1, 1, 1, 1, 1, 1, 1, 1, 1, 1, 1, 1]
	78347	55166	69973	2	M	42	A		-1	912.347951809	[1, 1, 1, 1, 1, 1, 1, 1, 1, 1, 1, 1]
	95508	54162	37680	2	M	96	A		-1	912.348797996	[1, 1, 1, 1, 1, 1, 1, 1, 1, 1, 1, 1]
	117831	54678	67551	2	M	174	A		-1	913.103171506	[1, 1, 1, 1, 1, 1, 1, 1, 1, 1, 1, 1]
	116890	54678	6472	2	M	89	A		-1	914.39348346	[1, 1, 1, 1, 1, 1, 1, 1, 1, 1, 1, 1]
	96022	54162	69341	2	M	196	A		-1	914.552591446	[1, 1, 1, 0, 1, 1, 1, 1, 1, 1, 1, 1]
	74194	70221	58016	2	M	110	A		-1	915.011296415	[1, 1, 1, 1, 1, 1, 1, 1, 1, 1, 1, 1]
	116454	54678	30683	2	M	84	A		-1	915.049720964	[1, 1, 1, 1, 1, 1, 1, 1, 1, 1, 1, 1]
	117894	54678	59822	2	M	165	A		-1	915.75064932	[1, 1, 1, 1, 1, 1, 1, 1, 1, 1, 1, 1]
	101093	54316	9695	2	M	9	A		-1	916.155263555	[1, 1, 1, 1, 1, 1, 1, 1, 1, 1, 1, 1]
	76317	55166	53620	2	M	39	A		-1	916.5760634	[1, 1, 1, 1, 1, 1, 1, 1, 1, 1, 1, 1]
	99682	54162	10911	2	M	166	A		-1	916.698127416	[1, 1, 1, 1, 1, 1, 1, 1, 1, 1, 1, 1]
	122490	54834	55960	2	M	34	A		-1	916.915199556	[1, 1, 1, 1, 1, 1, 1, 1, 1, 1, 1, 0]
	104366	54316	63629	2	M	52	A		-1	917.015629642	[1, 1, 1, 1, 1, 1, 1, 1, 1, 1, 1, 1]
	96435	54162	69733	2	M	80	A		-1	917.060578166	[1, 1, 1, 1, 1, 1, 1, 1, 1, 1, 1, 1]
	87361	53961	19568	2	M	174	A		-1	917.532373458	[1, 1, 1, 1, 1, 1, 1, 1, 1, 1, 1, 1]
	95920	54162	58898	2	M	56	A		-1	917.830416394	[1, 1, 1, 1, 1, 1, 1, 1, 1, 1, 1, 1]
	76055	55166	30793	2	M	0	A		-1	918.895564014	[1, 1, 1, 1, 0, 1, 1, 1, 1, 1, 1, 1]
	91372	54114	62760	2	M	186	A		-1	918.979751194	[1, 1, 1, 1, 1, 1, 1, 1, 1, 1, 1, 0]
	77118	55166	17285	2	M	103	A		-1	919.175340023	[1, 1, 1, 1, 1, 1, 1, 1, 1, 1, 1, 1]
	109919	54596	58955	2	M	24	A		-1	919.842538988	[1, 1, 1, 1, 1, 1, 1, 1, 1, 1, 1, 1]
	80951	53820	27767	2	M	117	A		-1	919.95888996	[1, 1, 1, 1, 1, 1, 1, 0, 1, 1, 1, 1]
	121687	54834	67794	2	M	73	A		-1	920.101340881	[1, 1, 1, 0, 1, 1, 1, 1, 1, 1, 1, 0]
	94910	54114	23535	2	M	194	A		-1	920.284348583	[1, 1, 1, 1, 1, 1, 1, 1, 1, 1, 1, 0]
	122511	54834	27104	2	M	123	A		-1	920.863586529	[1, 1, 1, 0, 1, 1, 1, 1, 1, 1, 1, 1]
	78950	55166	61500	2	M	159	A		-1	921.299818196	[1, 1, 1, 1, 1, 1, 1, 1, 1, 1, 1, 1]
	78137	55166	54387	2	M	81	A		-1	921.709447102	[0, 1, 1, 1, 1, 1, 1, 1, 1, 1, 1, 1]
	92775	54114	27183	2	M	79	A		-1	921.795988825	[1, 1, 1, 1, 1, 1, 1, 1, 1, 1, 1, 1]
	105817	54596	20464	2	M	63	A		-1	922.409289071	[1, 1, 1, 1, 1, 1, 1, 1, 1, 1, 1, 0]
	93958	54114	62480	2	M	53	A		-1	922.888449353	[1, 1, 1, 1, 1, 1, 1, 1, 1, 1, 1, 0]
	108316	54596	55828	2	M	44	A		-1	923.43303219	[1, 1, 1, 1, 1, 1, 1, 1, 1, 1, 1, 0]
	81867	53820	59614	2	M	61	A		-1	924.00269202	[1, 1, 1, 1, 1, 1, 1, 1, 1, 1, 1, 0]
	94399	54114	30700	2	M	127	A		-1	924.018346601	[1, 1, 1, 1, 1, 1, 1, 1, 1, 1, 1, 0]
	73743	70221	53985	2	M	45	A		-1	924.262800348	[1, 1, 1, 0, 1, 1, 1, 1, 1, 1, 1, 1]
	88964	53961	16400	2	M	60	A		-1	924.794855232	[1, 1, 1, 1, 1, 1, 1, 1, 1, 1, 1, 1]
	111647	54667	69948	2	M	41	A		-1	924.896665412	[1, 1, 1, 1, 1, 1, 1, 1, 1, 1, 1, 1]
	103549	54316	49685	2	M	36	A		-1	924.898099211	[1, 1, 1, 1, 1, 1, 1, 1, 1, 1, 1, 1]
	110207	54596	21426	2	M	98	A		-1	925.081908131	[1, 1, 1, 1, 1, 1, 1, 1, 1, 1, 1, 0]
	88449	53961	61783	2	M	40	A		-1	926.312386575	[1, 1, 1, 1, 1, 1, 1, 1, 1, 1, 1, 0]
	49336	35112	13986	1	M	191	A		-1	926.632776936	[1, 1, 1, 1, 1, 1, 1, 1, 1, 1, 1, 1]
	79187	55166	53980	2	M	196	A		-1	927.304861538	[1, 1, 1, 1, 1, 1, 1, 1, 1, 1, 1, 1]
	77194	55166	68849	2	M	186	A		-1	927.440638881	[1, 1, 1, 1, 1, 1, 1, 1, 1, 1, 1, 1]
	90232	53961	22116	2	M	99	A		-1	927.451821571	[1, 1, 1, 1, 1, 1, 1, 1, 1, 1, 1, 0]
	55406	35114	20056	1	M	37	A		-1	927.510905942	[1, 1, 1, 1, 1, 1, 1, 1, 1, 1, 1, 1]
	71805	70221	32562	2	M	111	A		-1	927.69424867	[1, 1, 1, 1, 1, 1, 1, 1, 1, 1, 1, 1]
	100700	54316	49948	2	M	196	A		-1	927.741904126	[1, 1, 1, 1, 1, 1, 1, 1, 1, 1, 1, 1]
	101862	54316	38177	2	M	4	A		-1	927.742581546	[1, 1, 1, 1, 1, 1, 1, 1, 1, 1, 1, 1]
	97442	54162	56985	2	M	61	A		-1	927.883427384	[1, 1, 1, 1, 1, 1, 1, 1, 1, 1, 1, 1]
	87612	53961	69106	2	M	37	A		-1	927.899957404	[1, 1, 1, 1, 1, 1, 1, 1, 1, 1, 1, 0]
	86227	53961	61472	2	M	26	A		-1	928.006631174	[1, 1, 1, 1, 1, 1, 1, 1, 1, 1, 1, 1]
	83181	53820	10531	2	M	145	A		-1	928.439777125	[1, 1, 1, 1, 1, 1, 1, 1, 1, 1, 1, 0]
	112711	54667	37139	2	M	51	A		-1	928.528743335	[1, 1, 1, 1, 1, 1, 1, 1, 1, 1, 1, 1]
	105704	54596	11039	2	M	88	A		-1	929.000111456	[1, 1, 1, 1, 1, 1, 1, 1, 1, 1, 1, 0]
	75873	55166	61749	2	M	188	A		-1	929.22970429	[0, 1, 1, 1, 1, 1, 1, 1, 1, 1, 1, 1]
	99630	54162	68917	2	M	130	A		-1	929.417224539	[1, 1, 1, 1, 1, 1, 1, 1, 1, 1, 1, 1]
	91249	54114	61097	2	M	88	A		-1	929.953028303	[1, 1, 1, 1, 1, 1, 1, 1, 1, 1, 1, 0]
	120486	54834	31407	2	M	73	A		-1	931.076498107	[1, 1, 1, 1, 1, 1, 1, 1, 1, 1, 1, 1]
	95876	54162	61300	2	M	39	A		-1	931.996196142	[1, 1, 1, 1, 1, 1, 1, 1, 1, 1, 1, 1]
	116381	54678	55327	2	M	118	A		-1	932.023018906	[1, 1, 1, 1, 1, 1, 1, 1, 1, 1, 1, 1]
	71871	70221	59631	2	M	63	A		-1	932.042160719	[1, 1, 1, 1, 1, 1, 1, 1, 1, 1, 1, 1]
	111133	54667	51078	2	M	10	A		-1	933.323915828	[1, 1, 1, 1, 1, 1, 1, 1, 1, 1, 1, 1]
	105557	54596	68424	2	M	140	A		-1	934.291372842	[1, 1, 1, 1, 1, 1, 1, 1, 1, 1, 1, 0]
	78409	55166	4664	2	M	167	A		-1	935.313882409	[1, 1, 1, 1, 1, 1, 1, 1, 1, 1, 1, 1]
	76648	55166	6407	2	M	113	A		-1	935.523582613	[1, 1, 1, 1, 1, 1, 1, 1, 1, 1, 1, 1]
	71155	70221	47619	2	M	186	A		-1	935.949151955	[1, 1, 1, 0, 1, 1, 1, 1, 1, 1, 1, 1]
	92514	54114	47016	2	M	99	A		-1	935.974327157	[1, 1, 0, 1, 1, 1, 1, 1, 1, 1, 1, 1]
	86776	53961	43053	2	M	198	A		-1	937.180625705	[1, 1, 1, 1, 1, 1, 1, 1, 1, 1, 1, 0]
	96809	54162	56708	2	M	64	A		-1	938.642764377	[1, 1, 1, 1, 1, 1, 1, 1, 1, 1, 1, 1]
	75466	55166	59988	2	M	181	A		-1	938.888196664	[1, 1, 1, 1, 1, 1, 1, 1, 1, 1, 1, 1]
	91866	54114	56618	2	M	190	A		-1	939.206773653	[1, 1, 1, 1, 1, 1, 1, 1, 1, 1, 1, 1]
	118154	54678	41676	2	M	72	A		-1	939.961124094	[1, 1, 1, 1, 1, 1, 1, 1, 1, 1, 1, 1]
	103791	54316	62261	2	M	149	A		-1	940.203786661	[1, 1, 1, 1, 1, 1, 1, 1, 1, 1, 1, 1]
	75803	55166	13589	2	M	23	A		-1	940.325422535	[1, 1, 1, 1, 1, 1, 1, 1, 1, 1, 1, 1]
	85815	53961	22268	2	M	28	A		-1	941.105868168	[1, 1, 1, 1, 1, 1, 1, 1, 1, 1, 1, 1]
	112305	54667	61957	2	M	72	A		-1	941.161697854	[1, 1, 1, 1, 1, 1, 1, 1, 1, 1, 1, 0]
	100060	54162	32892	2	M	125	A		-1	941.216399717	[1, 1, 1, 1, 1, 1, 1, 1, 1, 1, 1, 1]
	87846	53961	65784	2	M	17	A		-1	943.40224429	[1, 1, 1, 1, 1, 1, 1, 1, 1, 1, 1, 1]
	52274	35113	16924	1	M	126	A		-1	943.760952141	[1, 1, 1, 1, 1, 1, 1, 1, 1, 1, 1, 1]
	112813	54667	47956	2	M	15	A		-1	945.251549251	[1, 1, 1, 1, 1, 1, 1, 1, 1, 1, 1, 0]
	109504	54596	30694	2	M	20	A		-1	945.676924801	[1, 1, 1, 1, 1, 1, 1, 1, 1, 1, 1, 1]
	99400	54162	34990	2	M	141	A		-1	947.369654731	[1, 1, 1, 0, 1, 1, 1, 1, 1, 1, 1, 1]
	109861	54596	7150	2	M	29	A		-1	948.037924681	[1, 1, 1, 1, 1, 1, 1, 1, 1, 1, 1, 1]
	105312	54316	57568	2	M	160	A		-1	948.588440202	[1, 1, 1, 1, 1, 1, 1, 1, 1, 1, 1, 1]
	107706	54596	21395	2	M	113	A		-1	949.331432802	[1, 1, 1, 1, 1, 1, 1, 1, 1, 1, 1, 1]
	97462	54162	60791	2	M	168	A		-1	949.523731053	[1, 1, 1, 1, 1, 1, 1, 1, 1, 1, 1, 1]
	71028	70221	33353	2	M	147	A		-1	950.02484758	[1, 1, 1, 0, 1, 1, 1, 1, 1, 1, 1, 1]
	75589	55166	49365	2	M	159	A		-1	950.540937705	[1, 1, 1, 1, 1, 1, 1, 1, 1, 1, 1, 1]
	99128	54162	170	2	M	18	A		-1	950.906365042	[1, 1, 1, 1, 1, 1, 1, 1, 1, 1, 1, 1]
	92948	54114	43969	2	M	61	A		-1	952.797091886	[1, 1, 1, 1, 1, 1, 1, 1, 1, 1, 1, 0]
	89350	53961	65452	2	M	190	A		-1	952.842868586	[1, 1, 1, 0, 1, 1, 1, 1, 1, 1, 1, 0]
	81433	53820	16669	2	M	59	A		-1	953.578833873	[1, 1, 1, 1, 1, 1, 1, 1, 1, 1, 1, 0]
	87677	53961	5928	2	M	11	A		-1	954.929452882	[1, 1, 1, 1, 1, 1, 1, 1, 1, 1, 1, 1]
	69855	35116	34505	1	M	67	A		-1	955.419177281	[1, 1, 1, 1, 1, 1, 1, 1, 1, 1, 1, 1]
	104465	54316	68680	2	M	89	A		-1	955.599538463	[1, 1, 1, 1, 1, 1, 1, 1, 1, 1, 1, 1]
	105430	54596	13364	2	M	188	A		-1	956.023087017	[1, 1, 1, 1, 1, 1, 1, 1, 1, 1, 1, 1]
	73730	70221	49523	2	M	18	A		-1	956.355719113	[1, 1, 1, 1, 1, 1, 1, 1, 1, 1, 1, 1]
	120515	54834	57408	2	M	146	A		-1	957.377784646	[1, 1, 1, 1, 1, 1, 1, 1, 1, 1, 1, 1]
	92174	54114	57444	2	M	170	A		-1	957.845661412	[1, 1, 1, 1, 1, 1, 1, 1, 1, 1, 1, 1]
	105446	54596	56234	2	M	56	A		-1	958.213234995	[1, 1, 1, 1, 1, 1, 1, 0, 1, 1, 1, 1]
	71587	70221	52473	2	M	16	A		-1	960.480502459	[1, 1, 1, 1, 1, 1, 1, 1, 1, 1, 1, 1]
	74388	70221	726	2	M	168	A		-1	961.198957457	[1, 1, 1, 1, 1, 1, 1, 1, 1, 1, 1, 1]
	81214	53820	17744	2	M	105	A		-1	961.299546853	[1, 1, 1, 0, 1, 1, 1, 1, 1, 1, 1, 1]
	108005	54596	28150	2	M	167	A		-1	961.5424482	[1, 1, 1, 1, 1, 1, 1, 1, 1, 1, 1, 0]
	104406	54316	54138	2	M	180	A		-1	961.940516039	[1, 1, 1, 1, 1, 1, 1, 1, 1, 1, 1, 1]
	101631	54316	1043	2	M	140	A		-1	962.574616892	[1, 1, 1, 1, 1, 1, 1, 1, 1, 1, 1, 1]
	101061	54316	24784	2	M	160	A		-1	962.877737086	[1, 1, 1, 1, 1, 1, 1, 1, 1, 1, 1, 1]
	122010	54834	24451	2	M	117	A		-1	963.830817414	[1, 1, 1, 1, 1, 1, 1, 1, 1, 1, 1, 0]
	108112	54596	60166	2	M	21	A		-1	964.460347129	[1, 1, 1, 1, 1, 1, 1, 1, 1, 1, 1, 1]
	111899	54667	14835	2	M	7	A		-1	966.466760037	[1, 1, 1, 1, 1, 1, 1, 1, 1, 1, 1, 0]
	106781	54596	70308	2	M	34	A		-1	967.476716095	[1, 1, 1, 1, 1, 1, 1, 1, 1, 1, 1, 0]
	119226	54678	19060	2	M	92	A		-1	968.021269829	[1, 1, 1, 1, 1, 1, 1, 1, 1, 1, 1, 0]
	104758	54316	60754	2	M	84	A		-1	968.785174811	[1, 1, 1, 1, 1, 0, 1, 1, 1, 1, 1, 1]
	106755	54596	53829	2	M	97	A		-1	970.171775265	[1, 1, 1, 1, 1, 1, 1, 1, 1, 1, 1, 0]
	94752	54114	68234	2	M	138	A		-1	970.260686199	[1, 1, 1, 1, 1, 1, 1, 1, 1, 1, 1, 0]
	73963	70221	63905	2	M	58	A		-1	970.444082146	[1, 1, 1, 0, 1, 1, 1, 1, 1, 1, 1, 1]
	100879	54316	5971	2	M	68	A		-1	970.95528081	[1, 1, 1, 1, 1, 1, 1, 1, 1, 1, 1, 1]
	97231	54162	38803	2	M	81	A		-1	971.514884056	[1, 1, 1, 1, 1, 1, 1, 1, 1, 1, 1, 1]
	90452	54114	12069	2	M	96	A		-1	971.795955654	[1, 1, 1, 1, 1, 1, 1, 1, 1, 1, 1, 1]
	82671	53820	37253	2	M	184	A		-1	971.994274336	[1, 1, 1, 1, 1, 1, 1, 1, 1, 1, 1, 1]
	91908	54114	48585	2	M	183	A		-1	972.872736046	[1, 1, 0, 1, 1, 1, 1, 1, 1, 1, 1, 0]
	57608	35114	22258	1	M	126	A		-1	973.757169622	[1, 1, 1, 1, 1, 1, 1, 1, 1, 1, 1, 1]
	79365	55166	52538	2	M	66	A		-1	975.331549654	[1, 1, 1, 1, 1, 1, 1, 1, 1, 1, 1, 1]
	85273	53820	21025	2	M	160	A		-1	976.422288922	[1, 1, 1, 1, 1, 1, 1, 1, 1, 1, 1, 1]
	76704	55166	56649	2	M	36	A		-1	977.501109426	[1, 1, 1, 1, 1, 1, 1, 1, 1, 1, 1, 1]
	88346	53961	27808	2	M	41	A		-1	977.558287051	[1, 1, 1, 1, 1, 0, 1, 1, 1, 1, 1, 0]
	77010	55166	64316	2	M	105	A		-1	977.774543461	[1, 1, 1, 1, 1, 1, 1, 1, 1, 1, 1, 1]
	108888	54596	47906	2	M	189	A		-1	978.090070773	[1, 1, 1, 1, 1, 1, 1, 1, 1, 1, 1, 1]
	115244	54667	67330	2	M	64	A		-1	978.981350181	[1, 1, 1, 1, 1, 1, 1, 1, 1, 1, 1, 1]
	70623	70221	69711	2	M	185	A		-1	978.996907117	[1, 1, 1, 0, 1, 1, 1, 1, 1, 1, 1, 1]
	111217	54667	67203	2	M	184	A		-1	979.145509096	[1, 1, 1, 0, 1, 1, 1, 1, 1, 1, 1, 0]
	79621	55166	19445	2	M	9	A		-1	980.014958148	[1, 1, 1, 1, 1, 1, 1, 1, 1, 1, 1, 1]
	62260	35115	26910	1	M	77	A		-1	980.840807719	[1, 1, 1, 1, 1, 1, 1, 1, 1, 1, 1, 1]
	75086	70221	50263	2	M	93	A		-1	981.18138639	[1, 1, 1, 0, 1, 1, 1, 1, 1, 1, 1, 1]
	96951	54162	58333	2	M	91	A		-1	983.206945591	[1, 1, 1, 1, 1, 1, 1, 1, 1, 1, 1, 1]
	113616	54667	10638	2	M	55	A		-1	983.443158148	[1, 1, 1, 1, 1, 1, 1, 1, 1, 1, 1, 1]
	103008	54316	48809	2	M	128	A		-1	984.853812456	[1, 1, 0, 1, 1, 1, 1, 1, 1, 1, 1, 1]
	96627	54162	69582	2	M	7	A		-1	985.308572802	[1, 1, 1, 1, 1, 1, 1, 1, 1, 1, 1, 1]
	100345	54162	40720	2	M	168	A		-1	986.537750282	[1, 1, 1, 1, 1, 1, 1, 1, 1, 1, 1, 0]
	111542	54667	40483	2	M	79	A		-1	986.666584892	[1, 1, 1, 1, 1, 1, 1, 1, 1, 1, 1, 0]
	101817	54316	63158	2	M	41	A		-1	987.265885683	[1, 1, 1, 1, 1, 1, 1, 1, 1, 1, 1, 1]
	117008	54678	69432	2	M	126	A		-1	987.325043971	[1, 1, 1, 1, 1, 1, 1, 1, 1, 1, 1, 1]
	94620	54114	69062	2	M	4	A		-1	987.351175871	[1, 1, 1, 0, 0, 1, 1, 1, 1, 1, 1, 1]
	69057	35116	33707	1	M	191	A		-1	987.899321587	[1, 1, 1, 0, 1, 1, 1, 1, 1, 1, 1, 1]
	83738	53820	65686	2	M	93	A		-1	989.18953096	[1, 1, 1, 1, 1, 1, 1, 1, 1, 1, 1, 1]
	105753	54596	20253	2	M	100	A		-1	989.224213244	[1, 1, 1, 1, 1, 1, 1, 1, 1, 1, 1, 1]
	91244	54114	69833	2	M	118	A		-1	990.331452689	[1, 1, 1, 1, 1, 1, 1, 1, 1, 1, 1, 1]
	95328	54114	59310	2	M	112	A		-1	991.318120352	[1, 1, 1, 1, 1, 1, 1, 1, 1, 1, 1, 1]
	96253	54162	8956	2	M	145	A		-1	991.839949469	[1, 1, 1, 1, 1, 1, 1, 1, 1, 1, 1, 0]
	85745	53961	68545	2	M	19	A		-1	991.994985406	[1, 1, 1, 1, 1, 1, 1, 1, 1, 1, 1, 0]
	100339	54162	46220	2	M	165	A		-1	993.146325006	[1, 1, 1, 1, 1, 1, 1, 1, 1, 1, 1, 1]
	83587	53820	10045	2	M	33	A		-1	994.006817081	[1, 1, 1, 1, 1, 1, 1, 1, 1, 1, 1, 0]
	100015	54162	59192	2	M	138	A		-1	995.234088382	[1, 1, 1, 1, 1, 1, 1, 1, 1, 1, 1, 1]
	78928	55166	879	2	M	18	A		-1	995.347348055	[1, 1, 1, 1, 1, 1, 1, 1, 1, 1, 1, 1]
	111411	54667	11697	2	M	42	A		-1	995.716408386	[1, 1, 1, 0, 1, 0, 1, 1, 1, 1, 1, 0]
	106298	54596	59516	2	M	194	A		-1	996.269186208	[1, 1, 1, 1, 1, 1, 1, 1, 1, 1, 1, 1]
	93171	54114	67803	2	M	38	A		-1	996.334324091	[1, 1, 1, 1, 1, 1, 1, 1, 1, 1, 1, 0]
	79409	55166	26712	2	M	186	A		-1	998.285429964	[1, 1, 1, 1, 1, 1, 1, 1, 1, 1, 1, 1]
	76923	55166	56546	2	M	128	A		-1	998.745701395	[1, 1, 1, 1, 1, 1, 1, 1, 1, 1, 1, 1]
	119792	54678	68987	2	M	92	A		-1	998.919483419	[1, 1, 1, 1, 1, 1, 1, 1, 1, 1, 1, 1]
	121398	54834	52753	2	M	194	A		-1	1000.99809794	[1, 1, 1, 1, 1, 1, 1, 1, 1, 1, 1, -1]
	86833	53961	27350	2	M	163	A		-1	1003.32034965	[1, 1, 1, 1, 1, 1, 1, 1, 1, 1, 1, 0]
	79276	55166	66757	2	M	73	A		-1	1003.79708273	[1, 1, 1, 1, 1, 1, 1, 1, 1, 1, 1, 1]
	99136	54162	22627	2	M	50	A		-1	1004.08171821	[1, 1, 1, 1, 1, 1, 1, 1, 1, 1, 1, 0]
	78618	55166	19246	2	M	105	A		-1	1005.94504942	[1, 1, 1, 1, 1, 1, 1, 1, 1, 1, 1, 1]
	77275	55166	28239	2	M	38	A		-1	1006.21143326	[1, 1, 1, 1, 1, 1, 1, 1, 1, 1, 1, 1]
	108719	54596	11520	2	M	0	A		-1	1006.88633681	[1, 1, 1, 1, 1, 1, 1, 1, 1, 1, 1, 0]
	95299	54114	28168	2	M	100	A		-1	1007.55930235	[0, 1, 1, 1, 1, 1, 1, 1, 1, 1, 1, 1]
	93215	54114	66290	2	M	135	A		-1	1009.96601333	[1, 1, 1, 0, 1, 1, 1, 1, 1, 1, 1, 0]
	102358	54316	59818	2	M	192	A		-1	1010.90281398	[1, 1, 1, 1, 1, 1, 1, 1, 1, 1, 1, 1]
	97895	54162	22802	2	M	108	A		-1	1012.02961529	[1, 1, 1, 1, 1, 1, 1, 1, 1, 1, 1, 1]
	79204	55166	64991	2	M	106	A		-1	1015.17132056	[1, 1, 1, 1, 1, 1, 1, 1, 1, 1, 1, 1]
	92828	54114	2618	2	M	50	A		-1	1015.73913934	[1, 1, 1, 1, 1, 1, 1, 1, 1, 1, 1, 0]
	101330	54316	18266	2	M	54	A		-1	1016.07789457	[1, 1, 1, 1, 1, 1, 1, 1, 1, 1, 1, 1]
	97556	54162	20072	2	M	11	A		-1	1016.7281355	[1, 1, 1, 1, 1, 1, 1, 1, 1, 1, 1, 1]
	84530	53820	25014	2	M	193	A		-1	1018.88079777	[1, 1, 1, 1, 1, 1, 1, 1, 1, 1, 1, 1]
	73745	70221	59478	2	M	165	A		-1	1020.00319001	[1, 1, 1, 0, 1, 1, 1, 1, 1, 1, 1, 1]
	82476	53820	43539	2	M	88	A		-1	1021.08511264	[1, 1, 1, 1, 1, 1, 1, 1, 1, 1, 1, 0]
	85540	53961	4761	2	M	22	A		-1	1021.12708978	[1, 1, 0, 1, 1, 1, 1, 1, 1, 1, 1, 1]
	94967	54114	69286	2	M	123	A		-1	1022.67844802	[1, 1, 1, 1, 1, 1, 1, 1, 1, 1, 1, 0]
	104253	54316	60085	2	M	188	A		-1	1023.68660923	[1, 1, 1, 1, 1, 1, 1, 1, 1, 1, 1, 1]
	75774	55166	49012	2	M	13	A		-1	1027.74634672	[1, 1, 1, 1, 1, 1, 1, 1, 1, 1, 1, 1]
	84374	53820	47503	2	M	55	A		-1	1028.71825094	[1, 0, 1, 1, 1, 1, 1, 1, 1, 1, 1, 1]
	96150	54162	43177	2	M	177	A		-1	1028.96001977	[1, 1, 1, 1, 1, 1, 1, 1, 1, 1, 1, 1]
	84880	53820	15524	2	M	189	A		-1	1029.79640461	[1, 1, 1, 1, 1, 1, 1, 1, 1, 1, 1, 0]
	91634	54114	39196	2	M	169	A		-1	1030.914154	[1, 1, 1, 1, 1, 1, 1, 1, 1, 1, 1, 0]
	80144	55166	14894	2	M	158	A		-1	1031.52616578	[1, 1, 1, 1, 1, 1, 1, 1, 1, 1, 1, 1]
	90029	53961	37630	2	M	59	A		-1	1033.04449832	[1, 1, 1, 1, 1, 1, 1, 1, 1, 1, 1, 1]
	119175	54678	18642	2	M	81	A		-1	1033.45161372	[1, 1, 1, 1, 1, 1, 1, 1, 1, 1, 1, 1]
	94578	54114	69219	2	M	45	A		-1	1036.58502982	[1, 1, 1, 1, 1, 1, 1, 1, 1, 1, 1, 1]
	121666	54834	62512	2	M	24	A		-1	1040.29855919	[1, 1, 1, 1, 1, 1, 1, 1, 1, 1, 1, 0]
	101598	54316	51071	2	M	5	A		-1	1041.69832003	[1, 1, 1, 1, 1, 1, 1, 1, 1, 1, 1, 1]
	90312	53961	68673	2	M	178	A		-1	1041.84576714	[1, 1, 1, 1, 1, 1, 1, 1, 1, 1, 1, 0]
	91871	54114	17743	2	M	5	A		-1	1044.38587405	[1, 1, 1, 1, 1, 1, 1, 1, 1, 1, 1, 0]
	121382	54834	67754	2	M	13	A		-1	1045.51629551	[1, 1, 1, 1, 1, 1, 1, 1, 1, 1, 1, 0]
	108054	54596	40904	2	M	90	A		-1	1046.01124747	[1, 1, 1, 1, 1, 1, 1, 1, 1, 1, 1, 1]
	79919	55166	20578	2	M	173	A		-1	1046.23337754	[1, 1, 1, 1, 1, 1, 1, 1, 1, 1, 1, 1]
	93489	54114	24577	2	M	194	A		-1	1049.69106546	[1, 1, 1, 1, 1, 1, 1, 0, 1, 1, 1, 0]
	95764	54162	56761	2	M	81	A		-1	1051.97403824	[1, 1, 1, 1, 1, 1, 1, 1, 1, 1, 1, 1]
	97597	54162	49477	2	M	172	A		-1	1052.31636462	[1, 1, 1, 0, 1, 1, 1, 1, 1, 1, 1, 1]
	103407	54316	37252	2	M	74	A		-1	1053.40873276	[1, 1, 1, 1, 1, 1, 1, 1, 1, 1, 1, 1]
	79491	55166	17006	2	M	23	A		-1	1053.9007651	[1, 1, 1, 1, 1, 1, 1, 1, 1, 1, 1, 1]
	88104	53961	69080	2	M	92	A		-1	1054.29040116	[1, 1, 1, 1, 1, 1, 1, 1, 1, 1, 1, 0]
	105228	54316	28943	2	M	75	A		-1	1054.74953618	[1, 1, 1, 1, 1, 1, 1, 1, 1, 1, 1, 1]
	87595	53961	66863	2	M	139	A		-1	1055.05643729	[1, 1, 1, 1, 1, 1, 1, 1, 1, 1, 1, 0]
	98292	54162	70230	2	M	118	A		-1	1056.50103539	[1, 1, 1, 1, 1, 1, 1, 1, 1, 1, 1, 1]
	79018	55166	68556	2	M	77	A		-1	1056.57462303	[1, 1, 1, 1, 1, 1, 1, 1, 1, 1, 1, 1]
	70386	70221	24140	2	M	2	A		-1	1057.52809627	[1, 1, 1, 1, 1, 1, 1, 1, 1, 1, 1, 1]
	79056	55166	27618	2	M	134	A		-1	1059.57509617	[1, 1, 1, 1, 1, 1, 1, 1, 1, 1, 1, 1]
	72640	70221	56877	2	M	159	A		-1	1064.39738704	[1, 1, 1, 1, 1, 1, 1, 1, 1, 1, 1, 1]
	79347	55166	68600	2	M	37	A		-1	1065.27805673	[1, 1, 1, 0, 1, 1, 1, 1, 1, 1, 1, 1]
	88454	53961	48999	2	M	192	A		-1	1066.37325147	[1, 1, 0, 1, 1, 1, 1, 1, 1, 1, 1, 0]
	101317	54316	55054	2	M	37	A		-1	1070.4980906	[1, 1, 1, 1, 1, 1, 1, 1, 1, 1, 1, 1]
	77722	55166	4224	2	M	157	A		-1	1071.71589428	[1, 1, 1, 1, 1, 1, 1, 1, 1, 1, 1, 1]
	89042	53961	43165	2	M	82	A		-1	1072.90984241	[1, 1, 1, 0, 1, 1, 1, 1, 1, 1, 1, 1]
	97721	54162	33377	2	M	120	A		-1	1078.95133948	[1, 1, 1, 1, 1, 1, 1, 1, 1, 1, 1, 1]
	90976	54114	66651	2	M	151	A		-1	1080.18643607	[1, 1, 1, 1, 1, 0, 1, 1, 1, 1, 1, 0]
	84942	53820	57750	2	M	51	A		-1	1082.80819369	[1, 1, 1, 1, 1, 1, 1, 1, 1, 1, 1, 1]
	97023	54162	52318	2	M	160	A		-1	1087.12386557	[1, 1, 1, 1, 1, 1, 1, 1, 1, 1, 1, 1]
	89175	53961	59525	2	M	28	A		-1	1088.94347308	[1, 1, 1, 1, 1, 1, 1, 1, 1, 1, 1, 1]
	83614	53820	41467	2	M	195	A		-1	1093.35803534	[1, 1, 1, 1, 1, 1, 1, 1, 1, 1, 1, 0]
	76116	55166	33805	2	M	156	A		-1	1094.90803955	[1, 1, 1, 1, 1, 1, 1, 1, 1, 1, 1, 1]
	108689	54596	12492	2	M	11	A		-1	1105.06065849	[1, 1, 1, 1, 1, 1, 1, 1, 1, 1, 1, 1]
	112497	54667	55904	2	M	111	A		-1	1112.19273263	[1, 1, 1, 1, 1, 1, 1, 1, 1, 1, 1, 1]
	76046	55166	56894	2	M	103	A		-1	1113.0340957	[1, 1, 1, 1, 1, 1, 1, 1, 1, 1, 1, 1]
	105516	54596	51706	2	M	1	A		-1	1114.57424293	[1, 1, 1, 1, 1, 1, 1, 1, 1, 1, 1, 1]
	99615	54162	61606	2	M	73	A		-1	1115.83990496	[0, 1, 1, 1, 1, 1, 1, 1, 1, 1, 1, 1]
	92695	54114	64225	2	M	136	A		-1	1118.71823468	[1, 1, 1, 1, 1, 1, 1, 1, 1, 1, 1, 0]
	93713	54114	11457	2	M	86	A		-1	1124.92031766	[1, 1, 1, 1, 1, 1, 1, 1, 1, 1, 1, 1]
	75893	55166	62075	2	M	62	A		-1	1130.53024747	[1, 1, 1, 1, 1, 1, 1, 1, 1, 1, 1, 1]
	77777	55166	56874	2	M	183	A		-1	1132.21684825	[1, 1, 1, 1, 1, 1, 1, 1, 1, 1, 1, 1]
	113096	54667	56037	2	M	11	A		-1	1135.11429755	[1, 1, 1, 1, 1, 1, 1, 1, 1, 1, 1, 1]
	106540	54596	31310	2	M	115	A		-1	1136.37963402	[1, 1, 1, 1, 1, 1, 1, 1, 1, 1, 1, 1]
	101717	54316	62049	2	M	18	A		-1	1136.79960194	[1, 1, 1, 1, 1, 1, 1, 1, 1, 1, 1, 1]
	117284	54678	21621	2	M	160	A		-1	1148.38762553	[1, 1, 1, 1, 1, 1, 1, 1, 1, 1, 1, 1]
	87183	53961	48002	2	M	77	A		-1	1153.25846387	[1, 1, 1, 1, 1, 1, 1, 1, 1, 1, 1, 0]
	105101	54316	28253	2	M	105	A		-1	1162.69782186	[1, 1, 1, 1, 1, 1, 1, 1, 1, 1, 1, 1]
	109650	54596	56465	2	M	70	A		-1	1177.33933148	[1, 1, 1, 1, 1, 1, 1, 1, 1, 1, 1, 1]
	84621	53820	47987	2	M	94	A		-1	1178.38350019	[0, 1, 1, 1, 1, 1, 1, 1, 1, 1, 1, 0]
	98928	54162	45247	2	M	38	A		-1	1193.52423519	[1, 1, 1, 1, 1, 1, 1, 1, 1, 1, 1, 1]
	97529	54162	23958	2	M	31	A		-1	1194.31830892	[1, 1, 1, 1, 1, 1, 1, 0, 1, 1, 1, 1]
	101633	54316	60278	2	M	79	A		-1	1216.07533571	[1, 1, 1, 1, 1, 1, 1, 1, 1, 1, 1, 1]
	100853	54316	67497	2	M	198	A		-1	1241.41103336	[1, 1, 1, 1, 1, 1, 1, 1, 1, 1, 1, 1]
	84573	53820	67200	2	M	54	A		-1	1341.83227018	[1, 1, 1, 1, 1, 1, 1, 1, 1, 1, 1, 1]
