animal	sire	dam	born	sex	herd	status	cause	died	TBV	recessives
	135934	91799	82320	3	M	46	A		-1	1363.66990014	[1, 1, 1, 1, 1, 1, 1, 1, 1, 1, 1, 1]
	164258	110417	13021	3	M	13	A		-1	1363.84008021	[1, 1, 1, 1, 1, 1, 1, 1, 1, 1, 1, 1]
	264930	137459	151976	4	M	26	A		-1	1363.93510023	[1, 1, 1, 1, 1, 1, 1, 1, 1, 1, 1, 1]
	247452	176629	138942	4	M	26	A		-1	1364.33506208	[1, 1, 1, 1, 1, 1, 1, 1, 1, 1, 1, 1]
	220858	166554	193509	4	M	96	A		-1	1364.35953309	[1, 1, 1, 1, 1, 1, 1, 1, 1, 1, 1, 1]
	271073	179989	189849	4	M	92	A		-1	1364.47359673	[1, 1, 1, 1, 1, 1, 1, 1, 1, 1, 1, 1]
	220234	188243	173605	4	M	33	A		-1	1364.97833265	[1, 1, 1, 1, 1, 1, 1, 1, 1, 1, 1, 1]
	234488	186287	33551	4	M	28	A		-1	1365.05877834	[1, 1, 1, 1, 1, 1, 1, 0, 1, 1, 1, 1]
	236434	158464	85157	4	M	87	A		-1	1365.16323099	[1, 1, 1, 1, 1, 1, 1, 1, 1, 1, 1, 1]
	259169	184659	162482	4	M	31	A		-1	1365.21695329	[1, 0, 1, 1, 1, 1, 1, 1, 1, 1, 1, 1]
	280315	131544	143850	4	M	74	A		-1	1365.24123936	[1, 1, 1, 1, 1, 1, 1, 1, 1, 1, 1, 1]
	200075	185066	156491	4	M	100	A		-1	1365.42467096	[1, 1, 1, 1, 1, 1, 1, 1, 1, 1, 1, 1]
	237106	145482	180862	4	M	97	A		-1	1365.81264851	[1, 1, 1, 1, 1, 1, 1, 1, 1, 1, 1, 1]
	213586	178751	154722	4	M	86	A		-1	1366.12038871	[1, 1, 1, 1, 1, 1, 1, 1, 1, 1, 1, 1]
	281609	152043	87579	4	M	72	A		-1	1366.18018611	[1, 1, 1, 1, 1, 1, 1, 1, 1, 1, 1, 1]
	279880	153130	159489	4	M	34	A		-1	1366.53880022	[1, 1, 1, 1, 1, 1, 1, 1, 1, 1, 1, 1]
	219241	181852	188900	4	M	19	A		-1	1366.7767231	[1, 1, 1, 1, 1, 1, 1, 1, 1, 1, 1, 1]
	201242	133201	132450	4	M	72	A		-1	1367.03999914	[1, 1, 1, 1, 1, 1, 1, 1, 1, 1, 1, 1]
	293588	185769	190085	4	M	60	A		-1	1367.17822546	[1, 1, 1, 1, 1, 1, 0, 1, 1, 1, 1, 1]
	239507	153704	141024	4	M	86	A		-1	1367.21876676	[1, 1, 1, 1, 1, 1, 1, 1, 1, 1, 1, 1]
	202204	151767	176543	4	M	51	A		-1	1367.51378229	[1, 1, 0, 1, 1, 1, 1, 1, 1, 1, 1, 0]
	213563	129945	5360	4	M	63	A		-1	1367.7529349	[1, 1, 1, 1, 1, 1, 1, 1, 1, 1, 1, 1]
	294321	149447	129340	4	M	42	A		-1	1368.15214199	[1, 1, 1, 1, 1, 1, 1, 1, 1, 1, 1, 1]
	214351	150331	159708	4	M	68	A		-1	1368.27003312	[1, 1, 1, 1, 1, 1, 1, 1, 1, 1, 1, 1]
	252143	189888	138663	4	M	46	A		-1	1368.35554362	[1, 1, 1, 1, 1, 1, 1, 1, 1, 1, 1, 1]
	210243	169434	171180	4	M	62	A		-1	1368.47379355	[1, 1, 1, 1, 1, 1, 1, 1, 1, 1, 1, 1]
	244533	188770	141620	4	M	53	A		-1	1368.76208477	[1, 1, 1, 1, 1, 1, 1, 1, 1, 1, 1, 1]
	245905	148416	181749	4	M	87	A		-1	1368.81121373	[1, 1, 1, 1, 1, 1, 1, 1, 1, 1, 1, 1]
	286192	135746	123317	4	M	14	A		-1	1368.89357568	[1, 0, 1, 1, 1, 1, 1, 1, 1, 1, 1, 1]
	284087	167935	88486	4	M	88	A		-1	1368.91783192	[1, 1, 1, 1, 1, 1, 1, 1, 1, 1, 1, 1]
	292952	183169	159452	4	M	70	A		-1	1369.11120974	[1, 1, 1, 1, 1, 1, 1, 1, 1, 1, 1, 1]
	214238	188337	103245	4	M	87	A		-1	1369.14747035	[1, 1, 1, 1, 1, 1, 1, 1, 1, 1, 1, 1]
	218419	185066	100144	4	M	26	A		-1	1369.1959055	[1, 1, 1, 1, 1, 1, 1, 1, 1, 1, 1, 1]
	243204	157600	126073	4	M	50	A		-1	1369.23075075	[1, 1, 0, 1, 1, 1, 1, 1, 1, 1, 1, 1]
	204222	169476	161768	4	M	89	A		-1	1369.25304894	[1, 1, 1, 1, 1, 1, 1, 1, 1, 1, 1, 1]
	201121	182564	163204	4	M	65	A		-1	1369.26343231	[1, 1, 1, 1, 1, 1, 1, 1, 1, 1, 1, 1]
	291237	165958	176579	4	M	12	A		-1	1369.71649919	[1, 1, 1, 1, 1, 1, 1, 1, 1, 1, 1, 1]
	221462	192606	178162	4	M	25	A		-1	1369.8474683	[1, 0, 1, 1, 1, 1, 1, 1, 1, 1, 1, 1]
	197436	181952	193476	4	M	18	A		-1	1369.92538526	[1, 1, 1, 1, 1, 1, 1, 1, 1, 1, 1, 1]
	239384	177654	44711	4	M	4	A		-1	1370.31722243	[1, 1, 1, 1, 1, 1, 1, 1, 1, 1, 1, 1]
	255083	168681	189617	4	M	86	A		-1	1370.41544649	[1, 1, 1, 1, 1, 1, 1, 1, 1, 1, 1, 1]
	245257	169697	147189	4	M	47	A		-1	1371.06368802	[1, 1, 1, 1, 1, 1, 1, 1, 1, 1, 1, 1]
	241138	160384	52606	4	M	92	A		-1	1371.13647511	[1, 1, 1, 1, 1, 1, 1, 1, 1, 1, 1, 0]
	229035	130996	137458	4	M	78	A		-1	1371.15235606	[1, 1, 1, 1, 1, 1, 1, 1, 1, 1, 1, 1]
	293726	160251	172228	4	M	73	A		-1	1371.19231323	[1, 1, 1, 1, 1, 1, 1, 1, 1, 1, 1, 1]
	198548	162446	80209	4	M	4	A		-1	1371.27411582	[1, 1, 1, 1, 1, 1, 1, 1, 1, 1, 1, 1]
	214091	139680	123368	4	M	19	A		-1	1371.69756419	[1, 1, 1, 1, 1, 1, 1, 1, 1, 1, 1, 1]
	234269	176320	60915	4	M	32	A		-1	1371.70874747	[1, 1, 1, 1, 1, 1, 1, 1, 1, 1, 1, 1]
	200922	128990	132977	4	M	3	A		-1	1372.0165466	[1, 1, 1, 1, 1, 1, 1, 1, 1, 1, 1, 1]
	215457	123328	156597	4	M	83	A		-1	1372.03100639	[1, 1, 1, 1, 1, 1, 1, 1, 1, 1, 1, 1]
	291723	180568	123660	4	M	99	A		-1	1372.11692155	[1, 1, 1, 1, 1, 1, 1, 1, 1, 1, 1, 1]
	197289	149447	142608	4	M	9	A		-1	1372.49123507	[1, 1, 1, 1, 1, 1, 1, 1, 1, 1, 1, 1]
	267151	156237	157118	4	M	69	A		-1	1372.56912174	[1, 1, 1, 1, 1, 1, 1, 1, 1, 1, 1, 1]
	278562	177654	140130	4	M	81	A		-1	1372.67463189	[1, 1, 1, 1, 1, 1, 1, 1, 1, 1, 1, 1]
	283465	191832	176490	4	M	7	A		-1	1372.75607337	[1, 1, 1, 1, 1, 1, 1, 1, 1, 1, 1, 1]
	254969	141659	72851	4	M	93	A		-1	1372.89476672	[1, 1, 1, 0, 1, 1, 1, 1, 1, 1, 1, 1]
	255844	115809	155611	4	M	19	A		-1	1372.92835296	[1, 1, 1, 1, 1, 1, 1, 1, 1, 1, 1, 1]
	258457	186148	174277	4	M	25	A		-1	1373.43400048	[1, 1, 1, 1, 1, 1, 1, 1, 1, 1, 1, 1]
	228482	136121	155433	4	M	83	A		-1	1373.84315196	[1, 1, 1, 1, 1, 1, 1, 1, 1, 1, 1, 0]
	214993	167935	147773	4	M	35	A		-1	1373.94376442	[1, 1, 1, 1, 1, 1, 1, 1, 1, 1, 1, 1]
	197924	164258	171505	4	M	25	A		-1	1373.95874834	[1, 1, 1, 1, 1, 1, 1, 1, 1, 1, 1, 1]
	219107	185301	100754	4	M	85	A		-1	1374.25739006	[1, 1, 1, 1, 1, 1, 1, 1, 1, 1, 1, 1]
	223436	153184	145963	4	M	24	A		-1	1374.39601604	[1, 1, 1, 1, 1, 1, 1, 1, 1, 1, 1, 1]
	129287	118299	100226	3	M	89	A		-1	1374.40273009	[1, 1, 1, 0, 1, 1, 1, 1, 1, 1, 1, 1]
	229628	174748	126278	4	M	55	A		-1	1374.40333493	[1, 1, 1, 1, 1, 1, 1, 1, 1, 1, 1, 1]
	281405	149754	147545	4	M	95	A		-1	1374.65439117	[1, 1, 0, 1, 1, 1, 1, 1, 1, 1, 1, 1]
	244403	132401	184726	4	M	61	A		-1	1374.67607002	[1, 1, 1, 1, 1, 1, 1, 1, 1, 1, 1, 1]
	282040	130507	166954	4	M	88	A		-1	1374.78262947	[1, 1, 1, 1, 1, 1, 1, 1, 1, 1, 1, 1]
	229782	166554	180980	4	M	22	A		-1	1375.0376722	[1, 0, 1, 0, 1, 1, 0, 1, 1, 1, 1, 1]
	273614	148017	138764	4	M	100	A		-1	1375.32029348	[1, 1, 0, 1, 1, 1, 1, 1, 1, 1, 1, 1]
	236237	145256	121341	4	M	74	A		-1	1375.34647761	[1, 1, 1, 1, 1, 1, 1, 1, 1, 1, 1, 1]
	150866	94742	94455	3	M	79	A		-1	1375.36543402	[1, 1, 1, 1, 1, 1, 1, 1, 1, 1, 1, 1]
	183135	109651	85259	3	M	67	A		-1	1375.5768559	[1, 1, 1, 1, 1, 1, 1, 1, 1, 1, 1, 1]
	274306	162783	148021	4	M	26	A		-1	1375.75941804	[1, 1, 1, 1, 1, 1, 1, 1, 1, 1, 1, 1]
	197893	124090	137689	4	M	46	A		-1	1376.36851867	[1, 1, 1, 1, 1, 1, 1, 1, 1, 1, 1, 1]
	219887	182929	128848	4	M	3	A		-1	1376.37216331	[1, 1, 1, 1, 1, 1, 1, 1, 1, 1, 1, 0]
	260813	185301	124859	4	M	52	A		-1	1376.41992379	[1, 1, 1, 1, 1, 0, 1, 1, 1, 1, 1, 1]
	245550	138600	81115	4	M	92	A		-1	1376.48693581	[1, 1, 1, 0, 1, 1, 1, 1, 1, 1, 1, 1]
	210495	154475	146129	4	M	63	A		-1	1376.51052892	[1, 1, 1, 1, 1, 1, 1, 1, 1, 1, 1, 1]
	227024	139384	140555	4	M	37	A		-1	1376.53303431	[1, 1, 1, 1, 1, 1, 1, 1, 1, 1, 1, 1]
	143017	91480	59134	3	M	72	A		-1	1376.57669604	[1, 1, 1, 1, 1, 1, 1, 1, 1, 1, 1, 1]
	279352	150240	125581	4	M	99	A		-1	1376.9735261	[1, 1, 1, 1, 1, 1, 1, 1, 1, 1, 1, 1]
	248658	160964	126719	4	M	5	A		-1	1377.00919732	[1, 1, 1, 1, 1, 1, 1, 1, 1, 1, 1, 1]
	207398	190624	129671	4	M	3	A		-1	1377.21019984	[1, 1, 1, 1, 1, 1, 1, 1, 1, 1, 1, 1]
	210075	181781	85633	4	M	39	A		-1	1377.38834539	[1, 1, 0, 1, 1, 1, 1, 1, 1, 1, 1, 1]
	219210	168079	191833	4	M	27	A		-1	1377.48289104	[1, 1, 1, 1, 1, 1, 1, 1, 1, 1, 1, 0]
	270813	144070	179339	4	M	31	A		-1	1377.86514279	[1, 1, 1, 1, 1, 1, 1, 1, 1, 1, 1, 1]
	255550	133613	95545	4	M	16	A		-1	1378.20683888	[0, 1, 1, 1, 1, 1, 1, 1, 1, 1, 1, 1]
	282570	153704	149745	4	M	78	A		-1	1378.37131878	[1, 1, 1, 1, 1, 1, 1, 1, 1, 1, 1, 1]
	255216	105244	135986	4	M	88	A		-1	1378.37716297	[1, 1, 1, 1, 1, 0, 1, 1, 1, 1, 1, 1]
	202804	139821	127837	4	M	69	A		-1	1378.38679287	[1, 1, 1, 1, 1, 1, 1, 1, 1, 1, 1, 1]
	241393	183087	156989	4	M	63	A		-1	1378.5527317	[1, 1, 1, 1, 1, 1, 1, 1, 1, 1, 1, 0]
	207252	174427	99565	4	M	25	A		-1	1378.58373634	[1, 0, 1, 1, 1, 1, 1, 1, 1, 1, 1, 1]
	271455	191301	143587	4	M	54	A		-1	1378.82179567	[1, 1, 1, 1, 1, 1, 1, 1, 1, 1, 1, 1]
	289099	123589	179220	4	M	9	A		-1	1378.95953394	[1, 1, 0, 1, 1, 1, 1, 1, 1, 1, 1, 1]
	252804	176751	162602	4	M	18	A		-1	1379.04786214	[1, 1, 1, 1, 1, 1, 1, 1, 1, 1, 1, 1]
	223546	165958	151842	4	M	22	A		-1	1379.34935334	[1, 1, 1, 1, 1, 1, 1, 1, 1, 1, 1, 1]
	212956	180433	168071	4	M	0	A		-1	1379.60637499	[1, 1, 1, 1, 1, 1, 1, 1, 1, 1, 1, 1]
	293906	145482	186852	4	M	2	A		-1	1379.71157747	[1, 1, 1, 1, 1, 1, 1, 1, 1, 1, 1, 1]
	215504	186148	111397	4	M	7	A		-1	1379.80133992	[1, 1, 0, 1, 1, 1, 0, 1, 1, 1, 1, 1]
	131544	93456	99278	3	M	62	A		-1	1380.11982573	[1, 1, 1, 1, 1, 1, 1, 1, 1, 1, 1, 1]
	218332	185301	172514	4	M	0	A		-1	1381.39826031	[1, 1, 1, 1, 1, 0, 1, 1, 1, 1, 1, 1]
	220746	190414	179030	4	M	53	A		-1	1381.54689038	[1, 1, 1, 1, 1, 1, 1, 1, 1, 1, 1, 1]
	258647	190897	143010	4	M	33	A		-1	1382.02499141	[1, 1, 1, 1, 1, 1, 1, 1, 1, 1, 1, 1]
	283107	123589	121115	4	M	100	A		-1	1382.32656919	[1, 1, 1, 1, 1, 1, 1, 1, 1, 1, 1, 1]
	208929	171280	183517	4	M	31	A		-1	1382.53089391	[1, 1, 1, 1, 1, 1, 1, 1, 1, 1, 1, 0]
	255215	194800	173545	4	M	12	A		-1	1382.86393612	[1, 1, 1, 1, 1, 1, 1, 1, 1, 1, 1, 0]
	139117	120274	17889	3	M	60	A		-1	1382.96889292	[1, 1, 0, 1, 1, 1, 1, 1, 1, 1, 1, 0]
	225283	153722	168839	4	M	33	A		-1	1382.98627912	[1, 1, 1, 1, 1, 1, 1, 1, 1, 1, 1, 1]
	288650	123328	82338	4	M	90	A		-1	1383.07415518	[1, 1, 1, 1, 1, 1, 1, 1, 1, 1, 1, 1]
	291270	181456	143629	4	M	37	A		-1	1383.46883623	[1, 1, 1, 1, 1, 1, 1, 1, 1, 1, 1, 1]
	264675	185680	138468	4	M	54	A		-1	1383.64657749	[1, 1, 1, 1, 1, 1, 1, 1, 1, 1, 1, 1]
	210087	160964	79164	4	M	70	A		-1	1383.75071637	[1, 1, 1, 1, 1, 1, 0, 1, 1, 1, 1, 1]
	222600	161450	185838	4	M	91	A		-1	1383.8994934	[1, 1, 1, 1, 1, 0, 1, 1, 1, 1, 1, 0]
	213298	185769	132339	4	M	57	A		-1	1383.91192639	[1, 1, 1, 1, 1, 1, 1, 1, 1, 1, 1, 1]
	215045	181500	101943	4	M	34	A		-1	1384.47959784	[1, 1, 1, 1, 1, 1, 1, 1, 1, 1, 1, 1]
	223550	183087	66420	4	M	50	A		-1	1384.57755011	[1, 1, 1, 1, 1, 1, 1, 1, 1, 1, 1, 0]
	276331	135746	185503	4	M	48	A		-1	1384.89723451	[1, 1, 1, 1, 1, 1, 1, 1, 1, 1, 1, 1]
	205467	146356	181569	4	M	91	A		-1	1385.1392789	[1, 1, 1, 1, 1, 1, 1, 1, 1, 1, 1, 1]
	260336	166132	138924	4	M	40	A		-1	1385.31978865	[1, 1, 1, 1, 1, 1, 1, 1, 1, 1, 1, 1]
	255720	144600	146939	4	M	8	A		-1	1385.33220247	[1, 1, 1, 1, 1, 1, 1, 1, 1, 1, 1, 1]
	291475	154490	150035	4	M	72	A		-1	1385.50266756	[1, 0, 1, 1, 1, 1, 1, 1, 1, 1, 1, 0]
	197914	149054	166023	4	M	65	A		-1	1386.17866973	[1, 1, 1, 1, 1, 1, 1, 1, 1, 1, 1, 1]
	223750	176027	146865	4	M	57	A		-1	1386.18846594	[1, 1, 1, 1, 1, 1, 1, 1, 1, 1, 1, 1]
	215052	146273	169781	4	M	62	A		-1	1386.23509851	[1, 1, 1, 1, 1, 1, 1, 1, 1, 1, 1, 1]
	204035	124092	76479	4	M	8	A		-1	1386.56667795	[1, 1, 1, 1, 1, 1, 1, 1, 1, 1, 1, 1]
	211481	159737	156399	4	M	26	A		-1	1386.60125186	[1, 1, 1, 1, 1, 1, 1, 1, 1, 1, 1, 1]
	236818	143996	176019	4	M	31	A		-1	1386.70678246	[1, 1, 1, 1, 1, 1, 1, 1, 1, 1, 1, 1]
	195772	156506	80045	4	M	66	A		-1	1386.85914741	[1, 1, 1, 1, 1, 1, 1, 1, 1, 1, 1, 1]
	217615	190414	175284	4	M	9	A		-1	1386.96803651	[1, 1, 1, 1, 1, 1, 1, 1, 1, 1, 1, 1]
	250238	180568	186169	4	M	97	A		-1	1387.07464253	[1, 1, 1, 1, 1, 1, 1, 1, 1, 1, 1, 1]
	225829	123958	134435	4	M	80	A		-1	1387.43259729	[1, 1, 1, 1, 1, 1, 1, 1, 1, 1, 1, 1]
	204244	167239	179754	4	M	79	A		-1	1388.09025815	[0, 1, 1, 1, 1, 1, 1, 1, 1, 1, 1, 1]
	204461	158464	136085	4	M	30	A		-1	1388.21992745	[1, 1, 1, 1, 1, 1, 1, 1, 1, 1, 1, 1]
	283492	72897	100670	4	M	31	A		-1	1388.79652533	[1, 1, 1, 1, 1, 1, 1, 1, 1, 1, 1, 1]
	274870	165958	186667	4	M	27	A		-1	1388.93504087	[1, 1, 1, 1, 1, 1, 1, 1, 1, 1, 1, 0]
	286474	150231	54544	4	M	74	A		-1	1389.05302171	[1, 1, 1, 1, 1, 1, 1, 1, 1, 1, 1, 1]
	214421	64276	143574	4	M	47	A		-1	1389.57821511	[0, 1, 1, 1, 1, 1, 1, 1, 1, 1, 1, 1]
	235727	167301	172456	4	M	40	A		-1	1390.229265	[1, 1, 1, 1, 1, 1, 1, 1, 1, 1, 1, 1]
	263769	135786	121147	4	M	81	A		-1	1390.2444131	[1, 1, 1, 1, 1, 1, 1, 1, 1, 1, 1, 0]
	252009	123647	42274	4	M	60	A		-1	1390.50038183	[1, 1, 1, 1, 1, 1, 1, 1, 1, 1, 1, 1]
	196712	150331	131313	4	M	33	A		-1	1390.90014392	[1, 1, 1, 1, 1, 1, 1, 1, 1, 1, 1, 1]
	290625	154693	74058	4	M	7	A		-1	1391.21957066	[1, 0, 1, 1, 1, 1, 1, 1, 1, 1, 1, 1]
	260017	183169	183787	4	M	53	A		-1	1391.31246264	[1, 1, 1, 1, 1, 1, 1, 1, 1, 1, 1, 1]
	196579	187932	98965	4	M	67	A		-1	1391.72378716	[1, 1, 1, 1, 1, 1, 1, 1, 1, 1, 1, 1]
	264903	174748	126201	4	M	89	A		-1	1392.33804924	[1, 1, 1, 0, 1, 1, 1, 1, 1, 1, 1, 1]
	278305	147708	128025	4	M	2	A		-1	1392.39041595	[1, 1, 1, 1, 1, 1, 1, 1, 1, 1, 1, 1]
	263334	123513	162971	4	M	97	A		-1	1392.49238347	[1, 0, 1, 1, 1, 1, 1, 1, 1, 1, 1, 1]
	244656	149818	141356	4	M	17	A		-1	1392.88051628	[1, 1, 1, 1, 1, 1, 1, 1, 1, 1, 1, 0]
	293806	177956	93555	4	M	78	A		-1	1393.06200027	[1, 1, 1, 1, 1, 1, 1, 1, 1, 1, 1, 1]
	290324	137171	84815	4	M	45	A		-1	1393.23921568	[1, 1, 1, 1, 1, 1, 1, 1, 1, 1, 1, 1]
	232993	140993	192571	4	M	99	A		-1	1393.83782555	[1, 1, 1, 1, 1, 1, 1, 1, 1, 1, 1, 1]
	256529	187101	108101	4	M	45	A		-1	1394.02716599	[1, 1, 1, 1, 1, 1, 1, 1, 1, 1, 1, 1]
	215469	191851	165381	4	M	68	A		-1	1394.23217863	[1, 0, 1, 1, 1, 1, 1, 1, 1, 1, 1, 1]
	196443	149054	155389	4	M	79	A		-1	1394.50971928	[1, 1, 1, 1, 1, 1, 1, 1, 1, 1, 1, 1]
	267541	169088	144323	4	M	21	A		-1	1394.85691265	[1, 1, 1, 1, 1, 1, 1, 1, 1, 1, 1, 1]
	275374	176027	169214	4	M	80	A		-1	1395.21828282	[1, 1, 1, 1, 1, 1, 1, 1, 1, 1, 1, 1]
	254046	193352	167817	4	M	86	A		-1	1395.50671307	[1, 1, 1, 1, 1, 1, 1, 1, 1, 1, 1, 1]
	289343	124887	160387	4	M	61	A		-1	1395.73128028	[1, 1, 1, 1, 1, 1, 1, 1, 1, 1, 1, 1]
	284046	163772	97930	4	M	69	A		-1	1395.95663041	[1, 1, 1, 1, 1, 1, 1, 1, 1, 1, 1, 1]
	237212	162504	178516	4	M	22	A		-1	1397.22071047	[1, 1, 1, 1, 1, 1, 1, 1, 1, 1, 1, 1]
	248532	159629	169237	4	M	14	A		-1	1397.73928889	[1, 1, 1, 1, 1, 1, 1, 1, 1, 1, 1, 1]
	246985	128051	186663	4	M	1	A		-1	1397.76158408	[1, 1, 1, 1, 1, 0, 1, 1, 1, 1, 1, 1]
	254323	176713	142040	4	M	33	A		-1	1397.77820135	[1, 1, 1, 1, 1, 1, 1, 1, 1, 1, 1, 1]
	230273	134464	123860	4	M	44	A		-1	1398.83788636	[1, 1, 1, 1, 0, 1, 1, 1, 1, 1, 1, 1]
	293131	135717	157853	4	M	100	A		-1	1399.26952566	[1, 1, 1, 1, 1, 1, 1, 1, 1, 1, 1, 1]
	274249	153125	135701	4	M	18	A		-1	1399.58433133	[1, 1, 1, 1, 1, 1, 1, 1, 1, 1, 1, 1]
	247021	145667	122341	4	M	35	A		-1	1399.61652986	[1, 1, 1, 1, 1, 1, 1, 1, 1, 1, 1, 1]
	276825	120533	167593	4	M	74	A		-1	1399.725628	[1, 1, 1, 1, 1, 1, 1, 1, 1, 1, 1, 1]
	196679	141304	133986	4	M	88	A		-1	1400.42484456	[1, 1, 1, 1, 1, 1, 1, 1, 1, 1, 1, 0]
	210922	186732	155758	4	M	23	A		-1	1400.62296483	[1, 1, 1, 0, 1, 0, 1, 1, 1, 1, 1, 1]
	284045	186148	194759	4	M	4	A		-1	1400.78408158	[1, 1, 1, 1, 1, 1, 1, 1, 1, 1, 1, 1]
	220416	183091	173867	4	M	86	A		-1	1400.9043768	[1, 1, 1, 1, 1, 1, 1, 1, 1, 1, 1, 0]
	254105	151287	122225	4	M	81	A		-1	1400.97082373	[1, 1, 0, 1, 1, 1, 1, 1, 1, 1, 1, 1]
	239649	156842	173910	4	M	43	A		-1	1401.6958566	[1, 1, 1, 1, 1, 1, 1, 1, 1, 1, 1, 1]
	234739	148768	157515	4	M	61	A		-1	1401.72577451	[1, 1, 1, 0, 1, 1, 1, 1, 1, 0, 1, 1]
	202621	145667	88727	4	M	33	A		-1	1401.74286053	[1, 1, 1, 1, 1, 1, 1, 1, 1, 1, 1, 1]
	241979	168727	109518	4	M	88	A		-1	1401.76968551	[1, 1, 1, 1, 1, 1, 1, 1, 1, 1, 1, 1]
	260759	178751	164714	4	M	23	A		-1	1401.98190707	[1, 1, 1, 1, 1, 1, 1, 1, 1, 1, 1, 1]
	291853	168259	147043	4	M	74	A		-1	1401.99974294	[1, 1, 1, 1, 1, 1, 1, 1, 1, 1, 1, 1]
	218671	181138	173909	4	M	26	A		-1	1402.10740836	[1, 1, 1, 1, 1, 1, 1, 1, 1, 1, 1, 1]
	182278	64276	79889	3	M	21	A		-1	1402.43745548	[0, 1, 1, 1, 1, 1, 1, 1, 1, 1, 1, 1]
	185066	117124	87661	3	M	87	A		-1	1402.86144486	[1, 1, 1, 1, 1, 1, 1, 1, 1, 1, 1, 1]
	213843	165986	133957	4	M	59	A		-1	1403.07004878	[1, 1, 1, 1, 1, 1, 1, 1, 1, 1, 1, 1]
	263012	133385	87946	4	M	87	A		-1	1403.11034567	[1, 1, 1, 1, 1, 1, 1, 1, 1, 1, 1, 1]
	267169	177956	92419	4	M	69	A		-1	1403.46514972	[1, 1, 1, 1, 1, 1, 1, 1, 1, 1, 1, 1]
	266754	185491	141788	4	M	74	A		-1	1403.48482077	[1, 1, 1, 1, 1, 1, 1, 1, 1, 1, 1, 1]
	251719	175910	133998	4	M	71	A		-1	1403.81228585	[1, 1, 1, 1, 1, 1, 1, 1, 1, 1, 1, 1]
	205781	168079	133637	4	M	82	A		-1	1403.88813721	[1, 1, 1, 1, 1, 1, 1, 1, 1, 1, 1, 0]
	291995	123513	151938	4	M	2	A		-1	1404.05512868	[1, 1, 1, 1, 1, 1, 1, 1, 1, 1, 1, 0]
	225699	141773	52913	4	M	2	A		-1	1404.38517098	[1, 1, 1, 1, 1, 1, 1, 1, 1, 1, 1, 0]
	250467	165560	179971	4	M	69	A		-1	1404.45935594	[1, 1, 1, 1, 1, 1, 1, 1, 1, 1, 1, 1]
	285012	133201	154836	4	M	55	A		-1	1404.47708664	[1, 1, 1, 1, 1, 1, 1, 1, 1, 1, 1, 1]
	219514	174748	187190	4	M	94	A		-1	1404.63480711	[1, 1, 1, 1, 1, 1, 1, 1, 1, 1, 1, 1]
	265740	164258	162601	4	M	40	A		-1	1405.27132168	[1, 1, 1, 1, 1, 1, 1, 1, 1, 1, 1, 1]
	288843	149818	119723	4	M	65	A		-1	1406.0612995	[1, 1, 1, 1, 1, 1, 1, 1, 1, 1, 1, 0]
	254332	136328	99732	4	M	56	A		-1	1406.20311329	[1, 1, 1, 1, 1, 1, 1, 1, 1, 1, 1, 1]
	257246	125751	155214	4	M	96	A		-1	1406.340028	[1, 1, 1, 1, 1, 1, 1, 1, 1, 1, 1, 1]
	246366	159629	187944	4	M	75	A		-1	1406.52566505	[1, 1, 1, 1, 1, 1, 1, 1, 1, 1, 1, 1]
	278490	153910	129644	4	M	87	A		-1	1406.57466507	[1, 1, 1, 1, 1, 1, 1, 1, 1, 1, 1, 1]
	222666	130102	97775	4	M	12	A		-1	1406.77806377	[1, 1, 1, 1, 1, 0, 1, 1, 1, 1, 1, 1]
	200285	147998	156136	4	M	12	A		-1	1406.86881711	[1, 1, 1, 1, 1, 1, 1, 1, 1, 1, 1, 1]
	269223	190400	162252	4	M	71	A		-1	1406.90326808	[1, 1, 1, 1, 1, 1, 1, 1, 1, 1, 1, 1]
	293010	163525	73830	4	M	14	A		-1	1406.9832223	[1, 1, 1, 1, 1, 1, 1, 1, 1, 1, 1, 1]
	197377	149167	152525	4	M	13	A		-1	1407.05309116	[1, 1, 1, 1, 1, 1, 1, 1, 1, 1, 1, 1]
	197884	149054	192630	4	M	95	A		-1	1407.65345001	[1, 1, 1, 1, 1, 1, 1, 1, 1, 1, 1, 1]
	272825	150057	148131	4	M	43	A		-1	1407.7049575	[1, 1, 1, 1, 1, 1, 1, 1, 1, 1, 1, 1]
	218820	156842	182662	4	M	81	A		-1	1407.83384196	[1, 1, 1, 1, 1, 1, 1, 1, 1, 1, 1, 1]
	187932	77199	75658	3	M	61	A		-1	1408.2335393	[1, 1, 1, 1, 1, 1, 1, 1, 1, 1, 1, 1]
	258542	167743	61094	4	M	65	A		-1	1408.28600736	[1, 1, 1, 1, 1, 1, 1, 1, 1, 1, 1, 1]
	280988	162086	158359	4	M	13	A		-1	1408.64491183	[1, 1, 1, 1, 1, 1, 1, 1, 1, 1, 1, 1]
	214889	128224	124489	4	M	90	A		-1	1408.86327984	[1, 1, 1, 1, 1, 1, 1, 1, 1, 1, 1, 1]
	288103	187690	168055	4	M	57	A		-1	1408.90347616	[1, 1, 1, 1, 1, 1, 1, 1, 1, 1, 1, 1]
	215660	171698	127152	4	M	64	A		-1	1409.31027181	[1, 1, 1, 1, 1, 1, 1, 1, 1, 1, 1, 1]
	255881	171280	138018	4	M	42	A		-1	1409.73452361	[1, 1, 1, 1, 1, 1, 1, 1, 1, 1, 1, 0]
	280954	153910	129094	4	M	95	A		-1	1410.12501311	[1, 1, 1, 0, 1, 1, 1, 1, 1, 1, 1, 1]
	293875	137955	189235	4	M	32	A		-1	1410.14410135	[1, 1, 1, 1, 1, 1, 1, 1, 1, 1, 1, 1]
	235157	123647	166233	4	M	36	A		-1	1410.50418842	[1, 1, 1, 1, 1, 1, 1, 1, 1, 1, 1, 1]
	206413	162490	137610	4	M	1	A		-1	1410.69730674	[1, 1, 1, 1, 1, 1, 1, 1, 1, 1, 1, 1]
	250062	153910	181750	4	M	36	A		-1	1410.77054945	[1, 1, 1, 0, 1, 1, 1, 1, 1, 1, 1, 1]
	275658	128224	164663	4	M	61	A		-1	1411.02982507	[1, 1, 1, 1, 1, 1, 1, 1, 1, 1, 1, 1]
	278129	174427	152095	4	M	73	A		-1	1411.03471034	[1, 1, 1, 1, 1, 1, 1, 1, 1, 1, 1, 1]
	222483	181778	85270	4	M	20	A		-1	1411.09864849	[1, 1, 0, 1, 1, 1, 1, 1, 1, 1, 1, 1]
	229630	96080	85832	4	M	60	A		-1	1411.11913663	[1, 1, 1, 1, 1, 1, 1, 1, 1, 1, 1, 1]
	275614	153910	140855	4	M	99	A		-1	1411.30415165	[1, 1, 1, 1, 1, 1, 1, 1, 1, 1, 1, 1]
	283299	185696	176240	4	M	45	A		-1	1412.08807081	[1, 1, 1, 1, 1, 1, 1, 1, 1, 1, 1, 1]
	278535	177710	190833	4	M	24	A		-1	1412.57223056	[1, 1, 1, 1, 1, 1, 1, 1, 1, 1, 1, 1]
	244868	139117	132887	4	M	1	A		-1	1412.9851329	[1, 1, 1, 1, 1, 1, 1, 1, 1, 1, 1, 0]
	237581	123313	164888	4	M	72	A		-1	1413.32385323	[1, 0, 1, 1, 1, 1, 1, 1, 1, 1, 1, 1]
	215691	153130	162745	4	M	65	A		-1	1413.46436652	[1, 0, 1, 1, 1, 1, 1, 1, 1, 1, 1, 1]
	248806	150833	148454	4	M	10	A		-1	1413.5072901	[1, 1, 1, 1, 1, 1, 1, 1, 1, 1, 1, 0]
	257053	126058	46323	4	M	84	A		-1	1413.5083287	[1, 0, 1, 1, 1, 1, 1, 1, 1, 1, 1, 1]
	245601	138470	75887	4	M	1	A		-1	1414.30435952	[1, 1, 0, 1, 1, 1, 0, 0, 1, 0, 1, 1]
	242971	140127	169716	4	M	69	A		-1	1414.61345073	[1, 1, 1, 1, 1, 1, 1, 1, 1, 1, 1, 1]
	255578	168727	125654	4	M	26	A		-1	1414.7446309	[1, 1, 1, 1, 1, 1, 1, 1, 1, 1, 1, 1]
	199729	139117	164494	4	M	57	A		-1	1414.97486934	[1, 1, 0, 1, 1, 1, 1, 1, 1, 1, 1, 0]
	197712	167935	174358	4	M	75	A		-1	1415.12333628	[1, 1, 1, 1, 1, 1, 1, 1, 1, 1, 1, 1]
	286509	153910	60924	4	M	97	A		-1	1415.26212318	[1, 1, 1, 1, 1, 1, 1, 1, 1, 1, 1, 1]
	289384	150331	143370	4	M	79	A		-1	1415.43775114	[1, 1, 1, 1, 1, 1, 1, 1, 1, 1, 1, 1]
	252399	190414	123999	4	M	100	A		-1	1415.57606648	[1, 1, 1, 1, 1, 1, 1, 1, 1, 1, 1, 1]
	220029	174427	82571	4	M	17	A		-1	1416.0711383	[1, 1, 1, 1, 1, 1, 1, 1, 1, 1, 1, 1]
	153910	76765	118054	3	M	27	A		-1	1416.133392	[1, 1, 1, 1, 1, 1, 1, 1, 1, 1, 1, 1]
	280912	190624	145270	4	M	53	A		-1	1417.10798009	[1, 1, 1, 0, 1, 1, 1, 1, 1, 1, 1, 1]
	163652	60739	92686	3	M	41	A		-1	1417.61533881	[1, 1, 1, 1, 1, 1, 1, 1, 1, 1, 1, 1]
	195479	157175	146839	4	M	44	A		-1	1417.63707162	[1, 1, 1, 1, 1, 1, 1, 1, 1, 1, 1, 1]
	271577	153910	124848	4	M	41	A		-1	1417.81681784	[1, 1, 1, 1, 1, 1, 1, 1, 1, 1, 1, 1]
	253655	156876	128478	4	M	73	A		-1	1418.02478828	[1, 1, 1, 1, 1, 1, 1, 1, 1, 1, 1, 1]
	256796	179635	177012	4	M	7	A		-1	1418.27714787	[1, 1, 1, 1, 1, 1, 1, 1, 1, 1, 1, 1]
	271713	191851	194028	4	M	20	A		-1	1418.68307705	[1, 1, 1, 1, 1, 1, 1, 1, 1, 1, 1, 1]
	266248	132459	181298	4	M	11	A		-1	1418.77223207	[1, 1, 1, 1, 1, 1, 1, 1, 1, 1, 1, 1]
	270357	187932	91211	4	M	21	A		-1	1418.92059511	[1, 1, 1, 1, 1, 1, 1, 1, 1, 1, 1, 1]
	234741	190178	175731	4	M	34	A		-1	1419.09795612	[1, 1, 1, 1, 1, 1, 1, 1, 1, 1, 1, 1]
	250762	139117	104493	4	M	55	A		-1	1419.15168796	[1, 1, 1, 1, 1, 1, 1, 1, 1, 1, 1, 1]
	207884	190178	144410	4	M	58	A		-1	1419.23388335	[1, 1, 0, 1, 1, 0, 1, 1, 1, 1, 1, 1]
	282196	176751	98892	4	M	54	A		-1	1420.21222117	[1, 1, 1, 1, 1, 0, 1, 1, 1, 1, 1, 1]
	288740	116043	163980	4	M	42	A		-1	1420.34957635	[1, 1, 1, 0, 1, 1, 1, 1, 1, 1, 1, 1]
	181778	101005	98058	3	M	39	A		-1	1420.84837698	[1, 1, 0, 1, 1, 1, 1, 1, 1, 1, 1, 1]
	151767	120274	111819	3	M	78	A		-1	1421.10537451	[1, 1, 0, 1, 1, 1, 1, 1, 1, 1, 1, 0]
	213056	92385	128503	4	M	63	A		-1	1421.22678641	[1, 1, 1, 1, 1, 1, 1, 1, 1, 1, 1, 1]
	250385	147350	147154	4	M	78	A		-1	1421.56393377	[1, 1, 1, 1, 1, 1, 1, 1, 1, 1, 1, 0]
	243875	139185	84075	4	M	26	A		-1	1421.65191237	[1, 1, 1, 1, 1, 1, 1, 1, 1, 1, 1, 1]
	264197	133385	186175	4	M	78	A		-1	1422.30429437	[1, 1, 1, 1, 1, 1, 1, 1, 1, 1, 1, 1]
	248379	144600	170439	4	M	81	A		-1	1422.31960823	[1, 1, 1, 1, 1, 1, 1, 1, 1, 1, 1, 1]
	195036	140065	125348	4	M	71	A		-1	1422.51575362	[1, 1, 1, 1, 1, 1, 1, 1, 1, 1, 1, 1]
	272317	154396	142075	4	M	19	A		-1	1423.31514463	[1, 1, 1, 1, 1, 1, 1, 1, 1, 1, 1, 1]
	263478	140127	167371	4	M	45	A		-1	1424.12436255	[1, 1, 1, 1, 1, 1, 1, 1, 1, 1, 1, 1]
	291835	97606	143681	4	M	96	A		-1	1424.44570356	[1, 1, 1, 1, 1, 1, 1, 1, 1, 1, 1, 1]
	246307	147247	78824	4	M	23	A		-1	1425.19985332	[1, 1, 1, 1, 1, 1, 1, 1, 1, 1, 1, 1]
	271032	170237	140884	4	M	19	A		-1	1425.31832646	[1, 1, 1, 1, 1, 1, 1, 1, 1, 1, 1, 1]
	230711	152625	177319	4	M	4	A		-1	1426.01999476	[1, 1, 1, 0, 1, 1, 1, 1, 1, 1, 1, 1]
	224017	176320	122619	4	M	67	A		-1	1426.03320017	[1, 1, 1, 1, 1, 1, 1, 1, 1, 1, 1, 1]
	286274	186643	115344	4	M	38	A		-1	1426.25252225	[1, 1, 1, 1, 1, 1, 1, 1, 1, 1, 1, -1]
	198690	162888	139092	4	M	86	A		-1	1426.55350529	[1, 1, 1, 1, 1, 1, 1, 1, 1, 1, 1, 1]
	266369	153722	156766	4	M	31	A		-1	1427.20230637	[1, 1, 1, 1, 1, 1, 1, 1, 1, 1, 1, 1]
	251965	125259	162359	4	M	55	A		-1	1427.23264482	[1, 0, 1, 1, 1, 1, 1, 0, 1, 1, 1, 1]
	267520	151767	123560	4	M	52	A		-1	1427.25838958	[1, 1, 0, 1, 1, 1, 1, 1, 1, 1, 1, 1]
	219464	174834	174032	4	M	9	A		-1	1427.32603587	[1, 1, 1, 1, 1, 1, 1, 1, 1, 1, 1, 1]
	196501	172526	164865	4	M	0	A		-1	1427.4112498	[1, 1, 1, 1, 1, 1, 1, 1, 1, 1, 1, 1]
	217075	190897	131033	4	M	92	A		-1	1428.0345892	[0, 1, 1, 1, 1, 0, 1, 1, 1, 1, 1, 1]
	222276	134464	130093	4	M	42	A		-1	1428.05241384	[1, 1, 1, 1, 1, 1, 1, 1, 1, 1, 1, 1]
	210272	141659	105113	4	M	15	A		-1	1428.25498583	[1, 1, 1, 0, 1, 1, 1, 1, 1, 1, 1, 1]
	198108	159766	157359	4	M	78	A		-1	1428.34999739	[1, 1, 1, 1, 1, 1, 1, 1, 1, 1, 1, 1]
	214109	140056	169861	4	M	100	A		-1	1429.25093827	[1, 1, 1, 1, 1, 1, 1, 1, 1, 1, 1, 1]
	283846	185769	188820	4	M	61	A		-1	1429.45700039	[1, 1, 1, 1, 1, 1, 1, 1, 1, 1, 1, 0]
	243500	183091	132473	4	M	42	A		-1	1429.68613012	[0, 1, 1, 1, 1, 1, 1, 1, 1, 1, 1, 1]
	252531	141304	125346	4	M	50	A		-1	1430.24073764	[1, 1, 1, 1, 1, 1, 1, 1, 1, 1, 1, 1]
	287419	137663	169834	4	M	20	A		-1	1430.80718214	[1, 1, 1, 1, 1, 1, 1, 1, 1, 1, 1, 1]
	153130	93604	7132	3	M	88	A		-1	1431.19970438	[1, 1, 1, 1, 1, 1, 1, 1, 1, 1, 1, 1]
	208006	157077	132548	4	M	18	A		-1	1431.2036104	[1, 1, 1, 1, 1, 1, 1, 1, 1, 1, 1, 1]
	252813	175995	180707	4	M	0	A		-1	1431.52688249	[1, 1, 1, 1, 1, 1, 1, 1, 1, 1, 1, 1]
	277007	146356	104167	4	M	49	A		-1	1431.7052852	[1, 1, 1, 1, 1, 1, 1, 1, 1, 1, 1, 1]
	124887	122235	97161	3	M	45	A		-1	1431.73262022	[1, 1, 1, 1, 1, 1, 1, 1, 1, 1, 1, 1]
	232595	140676	185466	4	M	49	A		-1	1432.03600304	[1, 1, 1, 1, 1, 1, 1, 1, 1, 1, 1, 1]
	136328	78745	86535	3	M	16	A		-1	1432.67520872	[1, 1, 1, 1, 1, 1, 1, 1, 1, 1, 1, 1]
	285276	132771	120324	4	M	18	A		-1	1433.1853436	[1, 1, 1, 1, 1, 1, 1, 1, 1, 1, 1, 1]
	124363	82383	71351	3	M	89	A		-1	1433.35223613	[1, 1, 1, 1, 1, 1, 1, 1, 1, 1, 1, 1]
	203520	167567	178652	4	M	26	A		-1	1433.71367747	[1, 1, 1, 1, 1, 1, 1, 1, 1, 1, 1, 1]
	263718	187932	165160	4	M	70	A		-1	1434.84825006	[1, 1, 1, 1, 1, 1, 1, 1, 1, 1, 1, 1]
	283354	128462	107957	4	M	81	A		-1	1435.2030201	[0, 1, 1, 1, 1, 1, 1, 1, 1, 1, 1, 1]
	242227	141773	71351	4	M	89	A		-1	1435.33409904	[1, 1, 1, 1, 1, 1, 1, 1, 1, 1, 1, 1]
	223846	143286	66474	4	M	4	A		-1	1435.48741877	[1, 1, 1, 1, 1, 1, 1, 1, 1, 1, 1, 1]
	236482	124801	138042	4	M	26	A		-1	1436.17798837	[1, 1, 1, 1, 1, 1, 1, 1, 1, 1, 1, 1]
	271390	186287	90994	4	M	66	A		-1	1437.55169299	[1, 1, 1, 1, 1, 1, 1, 0, 1, 1, 1, 1]
	199733	176713	167297	4	M	84	A		-1	1437.5808432	[1, 1, 1, 1, 1, 0, 1, 1, 1, 1, 1, 1]
	197830	75878	142693	4	M	19	A		-1	1438.48875405	[1, 1, 1, 1, 1, 1, 1, 1, 1, 1, 1, 1]
	264101	190554	142100	4	M	53	A		-1	1439.4318499	[1, 1, 1, 0, 1, 1, 1, 1, 1, 1, 1, 1]
	243895	185992	193158	4	M	56	A		-1	1440.71873053	[1, 1, 1, 1, 1, 1, 1, 1, 1, 1, 1, 1]
	269084	164595	77548	4	M	44	A		-1	1440.99916686	[1, 0, 1, 1, 1, 1, 1, 1, 1, 1, 1, 1]
	222394	132535	188132	4	M	31	A		-1	1441.40175541	[1, 1, 0, 1, 1, 1, 1, 1, 1, 1, 1, 1]
	266501	140008	155598	4	M	48	A		-1	1441.96722197	[1, 1, 1, 1, 1, 1, 1, 1, 1, 1, 1, 0]
	275873	135867	179794	4	M	35	A		-1	1442.78119558	[1, 1, 1, 1, 1, 1, 1, 1, 1, 1, 0, 1]
	252549	181778	151170	4	M	27	A		-1	1443.41672207	[1, 1, 1, 1, 1, 1, 1, 1, 1, 1, 1, 1]
	222170	150331	125151	4	M	75	A		-1	1444.01898272	[0, 1, 1, 1, 1, 1, 1, 1, 1, 1, 1, 1]
	206324	164258	144313	4	M	99	A		-1	1444.02159898	[1, 1, 1, 1, 1, 1, 1, 1, 1, 1, 1, 1]
	284360	135786	150783	4	M	79	A		-1	1444.11968008	[1, 1, 1, 1, 1, 1, 1, 1, 1, 1, 1, 1]
	194900	190624	143369	4	M	5	A		-1	1444.17278405	[1, 1, 1, 0, 1, 1, 1, 1, 1, 1, 1, 1]
	282171	145021	127596	4	M	59	A		-1	1444.23209038	[1, 1, 1, 1, 1, 1, 1, 1, 1, 1, 1, 1]
	207122	179635	155614	4	M	46	A		-1	1445.13007403	[1, 1, 1, 1, 1, 1, 1, 1, 1, 1, 1, 1]
	205568	172154	124841	4	M	32	A		-1	1445.77650916	[1, 1, 1, 1, 1, 1, 1, 1, 1, 1, 1, 1]
	227218	181456	123387	4	M	35	A		-1	1445.89272255	[1, 1, 1, 1, 1, 1, 1, 1, 1, 1, 1, 1]
	260014	140008	187011	4	M	16	A		-1	1446.04741989	[1, 1, 1, 1, 1, 1, 1, 1, 1, 1, 1, 1]
	272452	136328	167145	4	M	85	A		-1	1446.49777736	[1, 1, 0, 1, 1, 1, 1, 1, 1, 1, 1, 1]
	219878	165630	185721	4	M	45	A		-1	1446.98912218	[1, 1, 1, 1, 1, 1, 1, 1, 1, 1, 1, 1]
	269105	164771	79288	4	M	48	A		-1	1447.24697535	[1, 1, 1, 1, 1, 1, 1, 1, 1, 1, 1, 1]
	243287	185680	74409	4	M	3	A		-1	1447.84667674	[1, 1, 1, 1, 1, 1, 1, 1, 1, 1, 1, 1]
	230886	176713	181316	4	M	48	A		-1	1448.39601732	[0, 1, 1, 1, 1, 1, 1, 1, 1, 1, 1, 1]
	204584	149818	131916	4	M	11	A		-1	1448.84205516	[1, 1, 1, 1, 1, 1, 1, 0, 1, 1, 1, 0]
	198041	187690	188470	4	M	86	A		-1	1449.17211102	[1, 1, 0, 1, 1, 1, 1, 1, 1, 1, 1, 1]
	213994	150331	158735	4	M	20	A		-1	1449.27126825	[1, 1, 1, 1, 1, 1, 1, 1, 1, 1, 1, 1]
	278485	124887	192029	4	M	12	A		-1	1449.41731889	[1, 1, 1, 1, 1, 1, 1, 1, 1, 1, 1, 1]
	276743	132496	48011	4	M	29	A		-1	1449.77741886	[1, 1, 1, 0, 1, 1, 1, 1, 1, 1, 1, 1]
	282750	150866	131261	4	M	27	A		-1	1450.40744619	[1, 1, 1, 1, 1, 1, 1, 1, 1, 1, 1, 1]
	195598	139384	162673	4	M	20	A		-1	1451.1411518	[1, 1, 1, 1, 1, 1, 1, 1, 1, 1, 1, 1]
	236548	165067	155777	4	M	5	A		-1	1451.22218178	[1, 1, 1, 0, 1, 1, 1, 1, 1, 1, 1, 1]
	265922	175995	127863	4	M	93	A		-1	1451.61954794	[1, 0, 1, 1, 1, 1, 1, 1, 1, 1, 1, 1]
	270131	97606	148297	4	M	100	A		-1	1452.27462267	[1, 1, 1, 1, 1, 1, 1, 1, 1, 1, 1, 1]
	246726	143855	175069	4	M	87	A		-1	1452.35698263	[1, 1, 1, 1, 1, 0, 1, 1, 1, 1, 1, 1]
	270748	146962	187508	4	M	52	A		-1	1452.43984727	[1, 1, 0, 1, 1, 1, 1, 1, 1, 1, 1, 1]
	229944	159766	182412	4	M	37	A		-1	1452.73139372	[0, 1, 1, 1, 1, 1, 1, 1, 1, 1, 1, 1]
	292542	124801	177627	4	M	88	A		-1	1452.77707379	[1, 1, 1, 1, 1, 1, 1, 1, 1, 1, 1, 1]
	291660	127909	150842	4	M	48	A		-1	1453.4332627	[1, 1, 1, 1, 1, 1, 1, 1, 1, 1, 1, 1]
	221203	140056	168133	4	M	16	A		-1	1453.74760534	[1, 1, 0, 1, 0, 1, 1, 1, 1, 1, 1, 1]
	198683	134496	148943	4	M	15	A		-1	1454.85133745	[1, 1, 1, 1, 1, 1, 1, 1, 1, 1, 1, 1]
	236885	129945	187666	4	M	79	A		-1	1455.45707802	[1, 1, 1, 1, 1, 1, 1, 1, 1, 1, 1, 1]
	231479	146273	140185	4	M	45	A		-1	1455.62367828	[1, 1, 1, 1, 1, 1, 1, 1, 1, 1, 1, 1]
	267189	185769	88537	4	M	17	A		-1	1456.2303454	[1, 1, 1, 1, 1, 1, 1, 1, 1, 1, 1, 1]
	221387	167239	141400	4	M	100	A		-1	1456.49790568	[1, 1, 1, 1, 1, 1, 1, 1, 1, 1, 1, 1]
	275688	138470	131442	4	M	72	A		-1	1456.51425985	[1, 1, 1, 1, 1, 1, 1, 1, 1, 1, 1, 1]
	243630	140121	194821	4	M	9	A		-1	1457.43216184	[1, 1, 1, 1, 1, 1, 1, 1, 1, 1, 1, 1]
	223643	152227	148207	4	M	56	A		-1	1457.53832738	[1, 1, 1, 1, 1, 1, 1, 1, 1, 1, 1, 0]
	198838	165630	155959	4	M	28	A		-1	1458.31840199	[1, 1, 1, 1, 1, 1, 1, 1, 1, 1, 1, 0]
	235952	169771	124921	4	M	55	A		-1	1458.80811872	[1, 1, 1, 1, 1, 1, 1, 1, 1, 1, 1, 1]
	276821	187102	124978	4	M	31	A		-1	1459.81793322	[1, 1, 1, 1, 1, 1, 1, 1, 1, 1, 1, 1]
	264488	143855	147162	4	M	57	A		-1	1460.35096782	[1, 1, 1, 1, 1, 1, 1, 1, 1, 1, 1, 1]
	266686	183091	170657	4	M	78	A		-1	1461.08836599	[1, 1, 1, 1, 1, 1, 1, 1, 1, 1, 1, 1]
	198332	187932	182753	4	M	50	A		-1	1461.36635409	[1, 1, 1, 1, 1, 1, 1, 1, 1, 1, 1, 1]
	228274	146621	159320	4	M	49	A		-1	1461.47925757	[1, 1, 1, 1, 1, 1, 1, 1, 1, 1, 1, 1]
	207596	150112	79721	4	M	85	A		-1	1462.44876323	[1, 1, 1, 0, 1, 1, 1, 1, 1, 1, 1, 1]
	216144	168681	97531	4	M	48	A		-1	1463.164797	[1, 1, 1, 1, 1, 1, 1, 1, 1, 1, 1, 1]
	215261	167230	151891	4	M	42	A		-1	1463.97149377	[1, 1, 1, 1, 1, 1, 1, 1, 1, 1, 1, 1]
	276610	155685	173625	4	M	95	A		-1	1465.56535261	[1, 1, 1, 1, 1, 1, 1, 1, 1, 1, 1, 1]
	263512	140127	65990	4	M	78	A		-1	1466.85369834	[1, 1, 1, 1, 1, 1, 1, 1, 1, 1, 1, 0]
	246007	176751	78586	4	M	81	A		-1	1466.86863869	[1, 1, 1, 1, 1, 1, 1, 1, 1, 1, 1, 1]
	268597	131675	161108	4	M	8	A		-1	1467.78467253	[1, 1, 1, 1, 1, 1, 1, 1, 1, 1, 1, 1]
	207526	133385	159326	4	M	100	A		-1	1469.0903853	[1, 1, 1, 1, 1, 1, 1, 1, 1, 1, 1, 1]
	281590	135934	74123	4	M	66	A		-1	1469.45655888	[1, 1, 1, 1, 1, 1, 1, 1, 1, 1, 1, 1]
	258328	179172	76359	4	M	91	A		-1	1471.06418513	[1, 1, 0, 1, 1, 1, 1, 1, 1, 1, 1, 1]
	248944	133763	136299	4	M	38	A		-1	1471.21107275	[1, 1, 1, 1, 1, 1, 1, 1, 1, 1, 1, 1]
	264883	182278	170050	4	M	75	A		-1	1471.4669213	[1, 1, 1, 1, 1, 1, 1, 1, 1, 1, 1, 1]
	267654	168681	135040	4	M	18	A		-1	1471.7232188	[1, 1, 1, 1, 1, 1, 1, 1, 1, 1, 1, 1]
	280179	140056	109699	4	M	34	A		-1	1472.83835705	[1, 1, 1, 1, 1, 1, 1, 1, 1, 1, 1, 1]
	263150	181778	137389	4	M	56	A		-1	1473.33473325	[1, 1, 1, 1, 1, 1, 1, 1, 1, 1, 1, 1]
	276789	153524	154309	4	M	55	A		-1	1473.5178904	[1, 1, 1, 1, 1, 1, 1, 1, 1, 1, 1, 0]
	280323	149818	154405	4	M	45	A		-1	1473.53939831	[1, 1, 1, 1, 1, 1, 1, 1, 1, 1, 1, 0]
	224471	146613	124508	4	M	97	A		-1	1473.81721106	[1, 1, 1, 1, 1, 1, 1, 1, 1, 1, 1, 1]
	200396	143017	180056	4	M	100	A		-1	1474.08688725	[1, 1, 1, 1, 1, 1, 1, 1, 1, 1, 1, 1]
	280987	181781	126224	4	M	58	A		-1	1474.31050643	[1, 1, 1, 1, 1, 1, 1, 1, 1, 1, 1, 1]
	203487	140056	126600	4	M	45	A		-1	1474.48515744	[1, 1, 0, 1, 1, 1, 1, 1, 1, 1, 1, 1]
	214727	93667	189201	4	M	53	A		-1	1474.83983753	[1, 1, 1, 1, 1, 0, 1, 1, 1, 1, 1, 1]
	225511	191851	133113	4	M	58	A		-1	1475.7777121	[1, 1, 1, 1, 1, 1, 1, 1, 1, 1, 1, 1]
	200541	176629	61367	4	M	4	A		-1	1477.60986784	[1, 1, 1, 1, 1, 1, 1, 1, 1, 1, 1, 0]
	287987	153808	157778	4	M	59	A		-1	1479.33418371	[1, 1, 1, 1, 1, 1, 1, 1, 1, 1, 1, 1]
	256350	175807	151294	4	M	2	A		-1	1481.23004575	[1, 1, 1, 1, 1, 1, 1, 1, 1, 1, 1, 1]
	284203	171386	140288	4	M	9	A		-1	1481.93699638	[1, 1, 1, 1, 1, 1, 1, 1, 1, 1, 1, 1]
	259552	181778	144483	4	M	14	A		-1	1483.834613	[1, 1, 0, 1, 1, 1, 1, 1, 1, 1, 1, 1]
	197725	174683	129409	4	M	84	A		-1	1485.62704078	[1, 1, 1, 1, 1, 1, 1, 1, 1, 1, 1, 0]
	256939	175375	145418	4	M	18	A		-1	1485.82741816	[1, 1, 1, 1, 1, 1, 1, 1, 1, 1, 1, 1]
	231654	160233	38534	4	M	72	A		-1	1486.88318147	[1, 1, 1, 1, 1, 1, 1, 1, 1, 1, 1, 1]
	285381	149818	160935	4	M	7	A		-1	1488.83004801	[1, 1, 1, 1, 1, 1, 1, 1, 1, 1, 1, 0]
	288836	153910	170726	4	M	78	A		-1	1489.15047603	[1, 1, 1, 1, 1, 1, 1, 1, 1, 1, 1, 1]
	281051	163652	71179	4	M	97	A		-1	1489.71645156	[1, 1, 1, 1, 1, 1, 1, 1, 1, 1, 1, 1]
	287373	167743	104327	4	M	40	A		-1	1490.10419886	[1, 1, 1, 1, 1, 1, 1, 1, 1, 1, 1, 1]
	294894	179297	134066	4	M	5	A		-1	1490.29164239	[1, 1, 1, 1, 1, 1, 1, 1, 1, 1, 1, 0]
	292464	194721	143853	4	M	54	A		-1	1490.44227346	[0, 1, 1, 1, 1, 1, 1, 1, 1, 1, 1, 1]
	285149	124090	153189	4	M	75	A		-1	1490.45359481	[1, 1, 1, 1, 1, 1, 1, 1, 1, 1, 1, 1]
	241218	113666	193692	4	M	96	A		-1	1491.80840777	[1, 1, 1, 1, 1, 1, 1, 1, 1, 1, 1, 1]
	181781	61124	121146	3	M	38	A		-1	1492.01723926	[1, 1, 0, 1, 1, 1, 1, 1, 1, 1, 1, 1]
	196128	133613	184948	4	M	42	A		-1	1492.79735198	[0, 1, 1, 1, 1, 1, 1, 1, 1, 1, 1, 1]
	204830	150112	194161	4	M	65	A		-1	1493.7076964	[1, 1, 1, 1, 1, 1, 1, 1, 1, 1, 1, 1]
	263985	172257	168896	4	M	51	A		-1	1494.59319221	[0, 1, 1, 1, 1, 1, 1, 1, 1, 1, 1, 1]
	217623	165958	25986	4	M	79	A		-1	1494.9712692	[1, 1, 1, 1, 1, 1, 1, 1, 1, 1, 1, 1]
	253127	159766	137251	4	M	87	A		-1	1495.51205705	[1, 1, 1, 1, 1, 1, 1, 1, 1, 1, 1, 1]
	247097	145482	72458	4	M	77	A		-1	1496.64039592	[1, 1, 1, 1, 1, 1, 1, 1, 1, 1, 1, 1]
	201412	143017	108722	4	M	48	A		-1	1497.13017681	[1, 1, 1, 0, 1, 1, 1, 1, 1, 1, 1, 1]
	219942	186148	177133	4	M	54	A		-1	1498.86731154	[1, 1, 1, 1, 1, 1, 1, 1, 1, 1, 1, 1]
	287937	129945	100855	4	M	47	A		-1	1499.1063952	[1, 1, 1, 1, 1, 1, 1, 1, 1, 1, 1, 1]
	273306	166271	160636	4	M	62	A		-1	1499.81888218	[1, 1, 1, 1, 1, 1, 1, 1, 1, 1, 1, 1]
	230752	75878	150494	4	M	31	A		-1	1499.99767367	[1, 1, 1, 1, 1, 1, 1, 1, 1, 1, 1, 1]
	227754	133385	191189	4	M	85	A		-1	1500.05988457	[1, 1, 0, 1, 1, 1, 1, 1, 1, 1, 1, 1]
	250896	163652	136763	4	M	44	A		-1	1500.75139844	[1, 1, 1, 1, 1, 1, 1, 1, 1, 1, 1, 1]
	197042	123213	181171	4	M	92	A		-1	1504.25708973	[1, 1, 1, 1, 1, 1, 1, 1, 1, 1, 1, 1]
	225250	184679	105346	4	M	21	A		-1	1505.23834826	[1, 1, 1, 1, 1, 1, 1, 1, 1, 1, 1, 1]
	250518	140993	160854	4	M	85	A		-1	1506.16742402	[1, 1, 1, 1, 1, 1, 1, 1, 1, 1, 1, 1]
	289589	175995	133528	4	M	76	A		-1	1506.83911938	[1, 1, 1, 1, 1, 1, 1, 1, 1, 1, 1, 1]
	209858	183193	161486	4	M	49	A		-1	1507.06397823	[1, 1, 0, 1, 1, 1, 1, 1, 1, 1, 1, 1]
	274271	135867	189738	4	M	86	A		-1	1507.12157473	[1, 1, 1, 1, 1, 1, 1, 1, 1, 1, 1, 1]
	278076	127723	160565	4	M	87	A		-1	1507.82472228	[1, 1, 1, 1, 1, 1, 1, 1, 1, 1, 1, 1]
	208590	159751	158571	4	M	97	A		-1	1511.25394993	[1, 1, 1, 1, 1, 1, 1, 1, 1, 1, 1, 1]
	286809	186287	174466	4	M	30	A		-1	1511.2729064	[1, 1, 0, 1, 1, 1, 1, 0, 1, 1, 1, 1]
	224319	124363	185279	4	M	16	A		-1	1512.24604482	[1, 1, 1, 1, 1, 1, 1, 1, 1, 1, 1, 1]
	264376	157714	156978	4	M	17	A		-1	1513.29461442	[1, 1, 1, 1, 1, 1, 1, 1, 1, 1, 1, 0]
	271527	138469	135120	4	M	37	A		-1	1513.47954802	[1, 1, 1, 1, 1, 1, 1, 1, 1, 1, 1, 1]
	276653	139760	164921	4	M	8	A		-1	1515.81711088	[1, 1, 1, 1, 1, 1, 1, 1, 1, 1, 1, 0]
	292302	172154	153368	4	M	94	A		-1	1516.14127962	[1, 1, 1, 1, 1, 1, 1, 1, 1, 1, 1, 1]
	251629	157077	162594	4	M	46	A		-1	1516.14326519	[1, 1, 1, 1, 1, 1, 1, 1, 1, 1, 1, 1]
	261193	156506	178882	4	M	87	A		-1	1516.48381472	[1, 1, 1, 1, 1, 1, 1, 1, 1, 1, 1, 1]
	225241	129886	167646	4	M	91	A		-1	1517.47328347	[1, 1, 1, 0, 1, 1, 1, 1, 1, 1, 1, 1]
	209085	155685	167112	4	M	52	A		-1	1517.79190189	[1, 1, 1, 1, 1, 1, 1, 1, 1, 1, 1, 1]
	243291	159751	157577	4	M	0	A		-1	1518.19191567	[1, 1, 1, 1, 1, 1, 1, 1, 1, 1, 1, 1]
	232260	150866	145087	4	M	24	A		-1	1519.30658475	[1, 1, 1, 1, 1, 1, 1, 1, 1, 1, 1, 1]
	253961	124887	173685	4	M	60	A		-1	1520.37502891	[1, 1, 1, 1, 1, 1, 1, 1, 1, 1, 1, 1]
	200207	162086	138430	4	M	99	A		-1	1520.37612506	[1, 1, 1, 1, 1, 1, 1, 1, 1, 1, 1, 1]
	257458	182564	139060	4	M	28	A		-1	1521.12663809	[1, 1, 1, 1, 1, 1, 1, 1, 1, 1, 1, 1]
	266216	177956	163518	4	M	4	A		-1	1521.19562097	[1, 1, 1, 1, 1, 1, 1, 1, 1, 1, 1, 1]
	261463	143286	161728	4	M	66	A		-1	1522.12241863	[1, 1, 1, 1, 1, 1, 1, 1, 1, 1, 1, 1]
	194977	135934	164024	4	M	7	A		-1	1523.52940531	[1, 1, 1, 1, 1, 1, 1, 1, 1, 1, 1, 1]
	271687	176320	190070	4	M	76	A		-1	1524.50774063	[1, 1, 1, 1, 1, 1, 1, 1, 1, 1, 1, 1]
	215547	183135	168975	4	M	5	A		-1	1526.04292058	[1, 1, 1, 1, 1, 1, 1, 1, 1, 1, 1, 1]
	288905	146613	93708	4	M	84	A		-1	1527.13104453	[1, 1, 0, 1, 1, 1, 1, 1, 1, 1, 1, 1]
	219788	138600	193830	4	M	25	A		-1	1527.97332497	[1, 1, 1, 0, 1, 0, 1, 1, 1, 1, 1, 0]
	212379	144600	176260	4	M	83	A		-1	1535.4166517	[1, 1, 1, 1, 1, 1, 1, 1, 1, 1, 1, 1]
	245911	119763	130715	4	M	96	A		-1	1540.35311146	[0, 1, 1, 1, 1, 1, 1, 1, 1, 1, 1, 1]
	241809	164258	147975	4	M	11	A		-1	1541.15554987	[1, 1, 1, 1, 1, 1, 1, 1, 1, 1, 1, 1]
	253035	145901	127834	4	M	26	A		-1	1546.6920673	[1, 1, 1, 0, 1, 1, 1, 1, 1, 1, 1, 1]
	208208	133763	113479	4	M	55	A		-1	1546.93125251	[1, 1, 1, 1, 1, 1, 1, 1, 1, 1, 1, 1]
	287267	168681	180710	4	M	85	A		-1	1547.18380644	[1, 1, 1, 1, 1, 1, 1, 1, 1, 1, 1, 0]
	273143	123391	176600	4	M	44	A		-1	1548.34435363	[1, 1, 1, 1, 1, 1, 1, 1, 1, 1, 0, 1]
	234818	190414	150647	4	M	20	A		-1	1549.28171699	[1, 1, 1, 1, 1, 1, 1, 1, 1, 1, 1, 1]
	277018	132496	192918	4	M	48	A		-1	1549.67817173	[1, 1, 1, 0, 1, 1, 1, 1, 1, 1, 1, 1]
	250174	172154	185041	4	M	83	A		-1	1549.76040757	[1, 1, 1, 0, 1, 1, 1, 1, 1, 1, 1, 1]
	242798	151287	188488	4	M	47	A		-1	1549.96389121	[1, 1, 1, 1, 1, 1, 1, 1, 1, 1, 1, 1]
	205950	172257	162215	4	M	46	A		-1	1550.09910041	[1, 1, 1, 1, 1, 1, 1, 1, 1, 1, 1, 1]
	233833	191301	193876	4	M	26	A		-1	1553.02252711	[1, 1, 1, 1, 1, 1, 1, 1, 1, 1, 1, 1]
	242246	72897	125882	4	M	80	A		-1	1559.17377924	[1, 1, 1, 1, 1, 1, 1, 1, 1, 1, 1, 1]
	291466	176580	178946	4	M	62	A		-1	1560.39617732	[1, 1, 1, 1, 1, 1, 1, 1, 1, 1, 1, 1]
	212482	96394	187472	4	M	75	A		-1	1560.42778282	[1, 1, 1, 1, 1, 1, 1, 1, 1, 1, 1, 1]
	217719	149054	133703	4	M	1	A		-1	1562.70321225	[1, 1, 1, 1, 1, 1, 1, 1, 1, 1, 1, 1]
	254121	136328	71549	4	M	77	A		-1	1563.74199452	[1, 1, 1, 1, 1, 1, 1, 1, 1, 1, 1, 1]
	237428	185066	153265	4	M	0	A		-1	1563.96262623	[1, 1, 1, 1, 1, 1, 1, 1, 1, 1, 1, 1]
	245837	145256	186543	4	M	39	A		-1	1565.97887109	[1, 1, 1, 1, 1, 1, 1, 1, 1, 1, 1, 1]
	168079	82905	118452	3	M	36	A		-1	1566.96454345	[1, 1, 1, 1, 1, 1, 1, 1, 1, 1, 1, -1]
	247294	188770	169766	4	M	26	A		-1	1569.35435816	[1, 1, 1, 1, 1, 1, 1, 1, 1, 1, 1, 1]
	286624	147247	188579	4	M	48	A		-1	1572.18893575	[1, 1, 1, 1, 1, 1, 1, 1, 1, 1, 1, 1]
	244680	188337	139004	4	M	22	A		-1	1572.71876948	[1, 1, 0, 1, 1, 1, 1, 1, 1, 1, 1, 1]
	251411	139117	167003	4	M	33	A		-1	1576.27984702	[1, 1, 0, 1, 1, 1, 1, 1, 1, 1, 1, 1]
	282863	131544	169114	4	M	66	A		-1	1576.32006703	[1, 1, 1, 1, 1, 1, 1, 1, 1, 1, 1, 1]
	222446	179635	94282	4	M	58	A		-1	1578.65477442	[1, 1, 1, 1, 1, 1, 1, 1, 1, 1, 1, 1]
	252248	185049	188297	4	M	75	A		-1	1578.84985999	[1, 1, 1, 1, 1, 1, 1, 1, 1, 1, 1, 1]
	254722	174748	174547	4	M	43	A		-1	1580.18854719	[1, 1, 1, 1, 1, 1, 1, 1, 1, 1, 1, 1]
	262275	123513	144009	4	M	12	A		-1	1581.4398331	[1, 1, 1, 1, 1, 1, 1, 1, 1, 1, 1, 1]
	265141	154396	76236	4	M	82	A		-1	1583.89049638	[0, 0, 1, 1, 1, 1, 1, 0, 1, 1, 1, 1]
	229263	172920	103895	4	M	74	A		-1	1588.14759341	[1, 1, 1, 1, 1, 1, 1, 1, 1, 1, 1, 0]
	221055	145062	163031	4	M	7	A		-1	1589.33653857	[1, 1, 1, 1, 1, 1, 1, 1, 1, 1, 1, 1]
	248961	182278	156062	4	M	14	A		-1	1590.32818731	[1, 1, 1, 1, 1, 1, 1, 1, 1, 1, 1, 1]
	277305	185979	171784	4	M	50	A		-1	1598.22487432	[1, 1, 1, 1, 1, 1, 1, 0, 1, 1, 1, 1]
	237695	185066	131391	4	M	81	A		-1	1599.11585803	[1, 1, 1, 1, 1, 1, 1, 1, 1, 1, 1, 1]
	208921	75878	108541	4	M	65	A		-1	1599.70697913	[1, 1, 1, 1, 1, 1, 1, 1, 1, 1, 1, 1]
	274824	169697	179238	4	M	67	A		-1	1601.86108428	[1, 0, 1, 1, 1, 1, 1, 1, 1, 1, 1, 1]
	220086	179967	182577	4	M	66	A		-1	1601.90896366	[1, 1, 1, 1, 1, 1, 1, 1, 1, 1, 1, 1]
	289522	152408	192619	4	M	66	A		-1	1603.24305677	[1, 1, 1, 1, 1, 1, 1, 1, 1, 1, 1, 1]
	252631	140056	129779	4	M	54	A		-1	1606.21644354	[1, 1, 1, 1, 1, 1, 1, 1, 1, 1, 1, 1]
	241399	138600	151679	4	M	95	A		-1	1606.25253082	[1, 1, 1, 0, 1, 1, 1, 1, 1, 1, 1, 1]
	252198	123647	155836	4	M	60	A		-1	1607.07535245	[1, 1, 0, 1, 1, 1, 1, 1, 1, 1, 1, 1]
	194932	149447	188537	4	M	60	A		-1	1609.70552853	[1, 1, 1, 1, 1, 1, 1, 1, 1, 1, 1, 1]
	232612	133385	161315	4	M	14	A		-1	1610.53167024	[1, 1, 1, 1, 1, 1, 1, 1, 1, 1, 1, 1]
	234724	189752	170547	4	M	29	A		-1	1613.96994739	[1, 1, 1, 1, 1, 1, 1, 1, 1, 1, 1, 1]
	215976	169088	150586	4	M	1	A		-1	1616.48466761	[1, 1, 1, 1, 1, 1, 1, 1, 1, 1, 1, 1]
	211310	167743	182593	4	M	86	A		-1	1627.53150992	[1, 1, 1, 1, 1, 1, 1, 1, 1, 1, 1, 1]
	294113	148017	143702	4	M	9	A		-1	1632.598001	[1, 1, 1, 1, 1, 1, 1, 1, 1, 1, 1, 1]
	277717	149754	104691	4	M	8	A		-1	1637.05610993	[1, 1, 0, 1, 1, 1, 1, 1, 1, 1, 1, 1]
	241734	174683	172104	4	M	95	A		-1	1649.49058802	[1, 1, 1, 1, 1, 1, 1, 1, 1, 1, 1, 1]
	237892	174427	82045	4	M	69	A		-1	1662.1729697	[0, 1, 1, 1, 1, 1, 1, 1, 1, 1, 1, 1]
	255630	168079	151693	4	M	46	A		-1	1669.81038865	[1, 1, 1, 1, 1, 1, 1, 1, 1, 1, 1, 0]
	290306	132496	78436	4	M	59	A		-1	1672.60214327	[1, 1, 1, 0, 1, 1, 1, 1, 1, 1, 1, 1]
	253996	158946	137402	4	M	53	A		-1	1682.5833789	[1, 0, 1, 1, 1, 1, 1, 1, 1, 1, 1, 1]
	276255	130610	150055	4	M	12	A		-1	1689.4920023	[1, 1, 1, 1, 1, 1, 1, 1, 1, 1, 1, 1]
	252524	143017	87142	4	M	8	A		-1	1695.4312347	[1, 1, 1, 1, 1, 1, 1, 1, 1, 1, 1, 1]
	271905	124363	126768	4	M	23	A		-1	1776.4613063	[1, 1, 1, 1, 1, 1, 1, 1, 1, 1, 1, 1]
	246660	153704	181768	4	M	75	A		-1	1815.31215466	[1, 1, 1, 1, 1, 1, 1, 1, 1, 1, 1, 1]
	209874	153808	176595	4	M	36	A		-1	1868.51733727	[1, 1, 1, 1, 1, 1, 1, 1, 1, 1, 1, 1]
