animal	sire	dam	born	sex	herd	status	cause	died	TBV	recessives
	911571	803280	866314	11	M	26	A		-1	2912.61886889	[1, 1, 1, 1, 1, 1, 1, 1, 1, 1, 1, 1]
	941953	833017	695857	11	M	68	A		-1	2912.92218726	[1, 1, 1, 1, 1, 1, 1, 1, 1, 1, 1, 1]
	919981	821375	768802	11	M	30	A		-1	2913.283092	[1, 1, 1, 1, 1, 1, 1, 1, 1, 1, 1, 1]
	963727	824458	832803	11	M	24	A		-1	2913.32025287	[1, 1, 1, 1, 1, 1, 1, 1, 1, 1, 1, 0]
	898019	894166	731732	11	M	4	A		-1	2913.6848426	[1, 1, 1, 1, 1, 1, 1, 1, 1, 1, 1, 0]
	976958	880480	797568	11	M	46	A		-1	2913.88438238	[1, 1, 0, 1, 1, 1, 1, 1, 1, 1, 1, 1]
	976598	859949	810556	11	M	100	A		-1	2913.95277659	[1, 1, 1, 1, 1, 1, 1, 1, 1, 1, 1, 0]
	970968	866579	810933	11	M	11	A		-1	2914.09018931	[1, 1, 1, 1, 1, 1, 1, 1, 1, 1, 1, 1]
	974455	830586	718667	11	M	34	A		-1	2914.17794146	[1, 1, 1, 1, 1, 1, 1, 1, 1, 1, 1, 1]
	931194	844056	813301	11	M	21	A		-1	2914.2219501	[1, 1, 1, 1, 1, 1, 1, 1, 1, 1, 1, 1]
	943454	868926	803064	11	M	90	A		-1	2914.32938457	[1, 1, 1, 1, 1, 1, 1, 1, 1, 1, 1, 1]
	937162	879740	843018	11	M	5	A		-1	2914.44504434	[1, 1, 1, 1, 1, 1, 1, 1, 1, 1, 1, -1]
	901619	737428	842826	11	M	34	A		-1	2914.50587956	[1, 1, 1, 1, 1, 1, 1, 1, 1, 1, 1, 1]
	899457	833214	826471	11	M	71	A		-1	2914.52515011	[1, 1, 1, 1, 1, 1, 1, 1, 1, 1, 1, 1]
	954510	858283	827031	11	M	13	A		-1	2914.9381382	[1, 1, 1, 1, 1, 1, 1, 1, 1, 1, 1, 1]
	923238	873518	743670	11	M	54	A		-1	2915.10338519	[1, 1, 0, 1, 1, 1, 1, 1, 1, 1, 1, 1]
	917672	801300	875815	11	M	3	A		-1	2915.23304084	[1, 1, 1, 1, 1, 1, 1, 1, 1, 1, 1, 1]
	963049	885655	866774	11	M	62	A		-1	2915.33165399	[1, 1, 1, 1, 1, 1, 1, 1, 1, 1, 1, 0]
	929798	806849	894631	11	M	80	A		-1	2915.46735201	[1, 1, 1, 1, 1, 1, 1, 1, 1, 1, 1, 1]
	919217	872441	885388	11	M	18	A		-1	2915.47608934	[1, 1, 1, 1, 1, 1, 1, 1, 1, 1, 1, 1]
	938852	869312	704982	11	M	21	A		-1	2915.51444858	[0, 1, 1, 1, 1, 1, 1, 1, 1, 1, 1, 1]
	907003	761854	836636	11	M	38	A		-1	2915.77926365	[1, 1, 1, 1, 1, 1, 1, 1, 1, 1, 1, 1]
	946905	855368	812499	11	M	54	A		-1	2916.2545514	[1, 1, 1, 1, 1, 1, 1, 1, 1, 1, 1, 1]
	975925	813543	844119	11	M	47	A		-1	2916.34393612	[1, 1, 1, 1, 1, 1, 1, 1, 1, 1, 1, 1]
	930079	853040	892761	11	M	9	A		-1	2916.97622886	[1, 1, 1, 1, 1, 1, 1, 1, 1, 1, 1, 1]
	840142	725800	684077	10	M	30	A		-1	2917.09210082	[1, 1, 1, 1, 1, 1, 1, 1, 1, 1, 1, 1]
	809810	712908	779628	10	M	44	A		-1	2917.14573691	[1, 1, 1, 1, 1, 1, 1, 1, 1, 1, 1, 0]
	977377	824458	508086	11	M	65	A		-1	2917.26105367	[1, 1, 1, 1, 1, 1, 1, 1, 1, 1, 1, 1]
	961873	872116	878900	11	M	66	A		-1	2917.40594177	[1, 1, 1, 1, 1, 1, 1, 1, 1, 1, 1, 1]
	959298	802965	686128	11	M	58	A		-1	2917.41499726	[1, 1, 1, 1, 1, 1, 1, 1, 1, 1, 1, 1]
	990487	892516	777390	11	M	76	A		-1	2917.56686869	[1, 1, 1, 1, 1, 1, 1, 1, 1, 1, 1, 1]
	985877	820094	858893	11	M	3	A		-1	2917.96735007	[0, 1, 0, 1, 1, 1, 1, 1, 1, 1, 1, 1]
	928713	823594	850916	11	M	95	A		-1	2917.99305341	[1, 1, 1, 1, 1, 1, 1, 1, 1, 1, 1, 1]
	916832	823650	713233	11	M	33	A		-1	2918.14675337	[1, 1, 1, 1, 1, 0, 1, 1, 1, 1, 1, 1]
	946940	855110	883661	11	M	79	A		-1	2918.18169461	[1, 1, 1, 1, 1, 1, 1, 1, 1, 1, 1, 1]
	913326	849961	776808	11	M	10	A		-1	2918.3177035	[1, 1, 1, 1, 1, 1, 1, 1, 1, 1, 1, 0]
	951864	804765	745307	11	M	62	A		-1	2918.56280945	[1, 1, 1, 0, 1, 1, 1, 1, 1, 1, 1, 1]
	907087	872512	835366	11	M	26	A		-1	2918.82128684	[1, 1, 1, 1, 1, 1, 1, 1, 1, 1, 1, 0]
	976132	704345	841936	11	M	96	A		-1	2919.0922102	[1, 1, 1, 1, 1, 1, 1, 1, 1, 1, 1, 1]
	797601	726804	716962	10	M	69	A		-1	2919.13215298	[1, 1, 1, 1, 1, 1, 1, 1, 1, 1, 1, 1]
	972553	847054	860412	11	M	21	A		-1	2919.58795293	[1, 1, 0, 1, 1, 1, 0, 1, 1, 1, 1, 1]
	909179	801389	629597	11	M	36	A		-1	2920.26332133	[1, 1, 1, 1, 1, 1, 1, 1, 1, 1, 1, 1]
	986587	882186	783953	11	M	72	A		-1	2920.29268983	[1, 1, 1, 1, 1, 1, 1, 1, 1, 1, 1, 1]
	939204	856141	864038	11	M	21	A		-1	2920.34028033	[0, 1, 1, 1, 1, 1, 1, 1, 1, 1, 1, 1]
	935493	866043	772471	11	M	96	A		-1	2920.36872281	[1, 1, 1, 1, 1, 1, 1, 1, 1, 1, 1, 1]
	916725	847859	546282	11	M	91	A		-1	2920.4413256	[1, 1, 0, 1, 1, 1, 1, 1, 1, 1, 1, 1]
	927636	806619	834671	11	M	24	A		-1	2920.88295031	[1, 1, 1, 0, 1, 1, 1, 1, 1, 1, 1, 1]
	968564	728510	764585	11	M	1	A		-1	2921.15137308	[1, 1, 1, 1, 1, 1, 1, 1, 1, 1, 1, 1]
	901393	833916	841324	11	M	99	A		-1	2921.95812026	[1, 1, 1, 1, 1, 1, 1, 1, 1, 1, 1, 1]
	981319	830586	871192	11	M	87	A		-1	2922.23989489	[1, 1, 1, 1, 1, 1, 1, 1, 1, 1, 1, 1]
	912179	856177	886302	11	M	19	A		-1	2922.27322828	[1, 1, 1, 1, 1, 1, 1, 1, 1, 1, 1, 1]
	799362	785205	707402	10	M	25	A		-1	2922.81296773	[1, 1, 1, 1, 1, 1, 1, 1, 1, 1, 1, 1]
	943667	806469	832703	11	M	50	A		-1	2922.94224791	[1, 1, 1, 1, 1, 1, 1, 1, 1, 1, 1, 1]
	900930	824458	849207	11	M	72	A		-1	2923.00102872	[1, 1, 1, 1, 1, 1, 1, 1, 1, 1, 1, 1]
	988157	874011	873033	11	M	16	A		-1	2923.34563343	[1, 1, 1, 1, 1, 1, 1, 1, 1, 1, 1, 1]
	957726	796861	886244	11	M	8	A		-1	2923.60570815	[1, 1, 1, 1, 1, 1, 1, 1, 1, 1, 1, 1]
	830418	774465	760475	10	M	15	A		-1	2923.8375928	[1, 1, 1, 1, 1, 1, 1, 1, 1, 1, 1, 1]
	966889	884147	837539	11	M	87	A		-1	2924.57556774	[1, 1, 1, 1, 1, 1, 1, 1, 1, 1, 1, 1]
	911131	883558	772754	11	M	0	A		-1	2924.64178123	[1, 1, 1, 1, 1, 1, 1, 1, 1, 1, 1, 0]
	942674	857168	816879	11	M	71	A		-1	2924.74478999	[1, 1, 1, 1, 1, 1, 1, 0, 1, 1, 1, 1]
	953178	876930	822389	11	M	73	A		-1	2924.91381921	[1, 1, 1, 1, 1, 1, 1, 1, 1, 1, 1, 1]
	980110	814162	847684	11	M	44	A		-1	2925.08330926	[1, 1, 1, 1, 1, 1, 1, 1, 1, 1, 1, 1]
	961768	771635	542008	11	M	100	A		-1	2925.09125233	[1, 1, 1, 1, 1, 1, 1, 1, 1, 1, 1, 1]
	941554	839344	886008	11	M	85	A		-1	2925.13209762	[1, 1, 1, 1, 1, 1, 1, 1, 1, 1, 1, 1]
	928720	817705	887391	11	M	28	A		-1	2925.4395356	[1, 1, 1, 0, 1, 1, 1, 1, 1, 1, 1, 1]
	985868	826082	863221	11	M	11	A		-1	2925.59456077	[1, 1, 1, 1, 1, 1, 1, 1, 1, 1, 1, 1]
	843680	761727	611386	10	M	0	A		-1	2926.17816294	[1, 1, 1, 1, 0, 1, 1, 1, 1, 1, 1, 1]
	949929	815526	798482	11	M	69	A		-1	2926.62782935	[1, 1, 1, 1, 1, 1, 1, 1, 1, 1, 1, 0]
	989567	840445	871970	11	M	4	A		-1	2926.728466	[1, 1, 1, 1, 1, 1, 1, 1, 1, 1, 1, 1]
	931957	856141	837985	11	M	35	A		-1	2926.75061935	[1, 1, 1, 1, 1, 1, 1, 1, 1, 1, 1, 1]
	896467	838251	798307	11	M	33	A		-1	2926.87344185	[1, 1, 1, 1, 1, 1, 1, 1, 1, 1, 1, 1]
	855368	771342	792283	10	M	0	A		-1	2927.05091035	[1, 1, 1, 1, 1, 1, 1, 1, 1, 1, 1, 1]
	993632	831238	711126	11	M	55	A		-1	2927.06406585	[1, 1, 1, 1, 1, 1, 1, 1, 1, 1, 1, 1]
	806469	748152	788948	10	M	10	A		-1	2927.08268068	[1, 1, 1, 1, 1, 1, 1, 1, 1, 1, 1, 1]
	942849	876596	879292	11	M	78	A		-1	2927.14415514	[1, 1, 1, 1, 1, 1, 1, 1, 1, 1, 1, 1]
	988012	869143	894544	11	M	82	A		-1	2927.58722838	[1, 1, 1, 1, 1, 1, 1, 1, 1, 1, 1, 1]
	921828	894166	609079	11	M	83	A		-1	2927.78902939	[1, 1, 1, 1, 1, 1, 1, 1, 1, 1, 1, 1]
	980491	869366	813087	11	M	72	A		-1	2928.21987921	[1, 1, 1, 1, 1, 1, 1, 1, 1, 1, 1, 1]
	807380	785852	617112	10	M	83	A		-1	2928.3624385	[1, 1, 1, 1, 1, 1, 1, 1, 1, 1, 1, 1]
	905921	806538	826861	11	M	7	A		-1	2928.67172037	[1, 1, 1, 1, 1, 1, 1, 1, 1, 1, 1, 1]
	847167	703795	728681	10	M	59	A		-1	2929.12139908	[1, 1, 1, 1, 1, 1, 1, 1, 1, 1, 1, 1]
	911071	827155	860260	11	M	17	A		-1	2929.20221648	[1, 1, 1, 1, 1, 1, 1, 1, 1, 1, 1, 1]
	982150	846485	804393	11	M	29	A		-1	2929.22017991	[1, 1, 1, 1, 1, 1, 1, 1, 1, 1, 1, 1]
	914095	891475	782273	11	M	4	A		-1	2929.61637711	[1, 1, 1, 1, 1, 1, 1, 1, 1, 1, 1, 1]
	901166	804989	866870	11	M	32	A		-1	2929.86523072	[1, 1, 1, 1, 1, 1, 1, 1, 1, 1, 1, 1]
	979184	838101	885029	11	M	26	A		-1	2930.02187412	[1, 1, 1, 1, 1, 1, 1, 1, 1, 1, 1, 0]
	905078	799654	824895	11	M	67	A		-1	2930.27654434	[1, 1, 1, 1, 1, 1, 1, 1, 1, 1, 1, 1]
	986008	891945	795732	11	M	15	A		-1	2930.36150762	[1, 1, 1, 1, 1, 1, 1, 1, 1, 1, 1, 1]
	950781	872512	869139	11	M	79	A		-1	2930.37332598	[1, 1, 1, 1, 1, 1, 1, 1, 1, 1, 1, 1]
	969228	868566	891165	11	M	81	A		-1	2930.51677653	[1, 1, 1, 1, 1, 1, 1, 1, 1, 1, 1, 1]
	945947	884539	740147	11	M	59	A		-1	2930.72664839	[1, 1, 1, 1, 1, 1, 1, 1, 1, 1, 1, 1]
	985514	803018	624214	11	M	51	A		-1	2930.79804317	[1, 1, 1, 1, 1, 1, 1, 1, 1, 1, 1, 1]
	929082	868926	805094	11	M	80	A		-1	2931.15169526	[1, 1, 1, 1, 1, 1, 1, 1, 1, 1, 1, 1]
	900039	814162	840115	11	M	71	A		-1	2932.12625315	[1, 1, 1, 1, 1, 1, 1, 1, 1, 1, 1, 1]
	962780	740023	789797	11	M	38	A		-1	2932.34101862	[1, 1, 1, 1, 1, 1, 1, 1, 1, 1, 1, 1]
	935268	876622	817731	11	M	92	A		-1	2932.44953645	[1, 1, 0, 1, 1, 1, 1, 1, 1, 1, 1, 1]
	907329	894166	796357	11	M	1	A		-1	2932.5164093	[1, 1, 1, 1, 1, 1, 1, 1, 1, 1, 1, 1]
	944203	862772	810811	11	M	17	A		-1	2932.61399414	[1, 1, 0, 1, 1, 1, 1, 1, 1, 1, 1, 0]
	943872	826170	864704	11	M	72	A		-1	2933.26818262	[1, 1, 1, 1, 1, 1, 1, 1, 1, 1, 1, 1]
	922175	877634	762348	11	M	2	A		-1	2933.49494922	[1, 1, 1, 1, 1, 1, 1, 1, 1, 1, 1, 1]
	988369	825065	800839	11	M	35	A		-1	2933.59813952	[1, 1, 1, 1, 1, 1, 1, 1, 1, 1, 1, 1]
	927351	828906	835669	11	M	70	A		-1	2933.64374294	[1, 1, 1, 1, 1, 0, 1, 1, 1, 1, 1, 1]
	899139	820094	782997	11	M	92	A		-1	2934.20822915	[1, 1, 1, 1, 1, 0, 1, 1, 1, 1, 1, 1]
	918565	872512	716562	11	M	92	A		-1	2934.49057448	[1, 1, 1, 1, 1, 1, 1, 1, 1, 1, 1, 0]
	971454	847167	872234	11	M	30	A		-1	2934.57360775	[1, 1, 1, 1, 1, 1, 1, 1, 1, 1, 1, 1]
	943404	824458	838376	11	M	96	A		-1	2934.73327095	[1, 1, 1, 0, 1, 1, 1, 1, 1, 1, 1, 1]
	956474	853674	880928	11	M	85	A		-1	2934.74174701	[1, 1, 1, 1, 1, 1, 1, 1, 1, 1, 1, 1]
	896905	817324	802470	11	M	56	A		-1	2935.44794104	[1, 1, 1, 1, 1, 1, 1, 1, 1, 1, 1, 1]
	878510	695588	789584	10	M	91	A		-1	2935.49734831	[1, 1, 1, 0, 1, 1, 1, 1, 1, 1, 1, 1]
	958896	867125	865029	11	M	22	A		-1	2935.56047922	[1, 1, 1, 1, 1, 1, 1, 1, 1, 1, 1, 1]
	895594	737428	816719	11	M	34	A		-1	2935.65159656	[1, 1, 1, 1, 1, 1, 1, 1, 1, 1, 1, 1]
	973820	807218	824880	11	M	39	A		-1	2935.66031301	[1, 1, 1, 1, 1, 1, 1, 1, 1, 1, 1, 1]
	899062	847054	841043	11	M	94	A		-1	2936.26942061	[1, 1, 0, 0, 1, 1, 1, 1, 1, 1, 1, 1]
	963921	813823	857358	11	M	56	A		-1	2936.63990709	[1, 1, 1, 1, 1, 1, 1, 1, 1, 1, 1, 1]
	990312	876291	841599	11	M	1	A		-1	2937.01483043	[0, 1, 1, 1, 1, 1, 1, 1, 1, 1, 1, 1]
	922666	825065	801534	11	M	83	A		-1	2937.05603842	[1, 1, 1, 1, 1, 1, 1, 1, 1, 1, 1, 0]
	924939	828203	850697	11	M	68	A		-1	2937.06337553	[1, 1, 1, 1, 1, 1, 1, 1, 1, 1, 1, 1]
	953121	887075	893013	11	M	34	A		-1	2937.10280559	[1, 1, 1, 1, 1, 1, 1, 1, 1, 1, 1, 1]
	988415	833158	827245	11	M	61	A		-1	2937.47604946	[1, 1, 0, 1, 1, 1, 1, 1, 1, 1, 1, 1]
	934261	833916	842055	11	M	82	A		-1	2938.26548744	[1, 1, 1, 1, 1, 1, 1, 1, 1, 1, 1, 1]
	940150	764535	807514	11	M	40	A		-1	2938.26994491	[1, 1, 1, 1, 1, 1, 1, 1, 1, 1, 1, 1]
	936069	892724	719654	11	M	94	A		-1	2938.4015155	[1, 1, 1, 1, 1, 1, 1, 1, 1, 1, 1, 1]
	981467	885685	717833	11	M	84	A		-1	2938.44614228	[1, 1, 1, 1, 1, 1, 1, 1, 1, 1, 1, 1]
	708227	687706	606940	9	M	71	A		-1	2938.47648754	[1, 1, 1, 1, 1, 1, 1, 1, 1, 1, 1, 1]
	969831	864006	836884	11	M	21	A		-1	2938.48214773	[1, 1, 1, 1, 1, 1, 1, 1, 1, 1, 1, 1]
	981597	818502	845732	11	M	70	A		-1	2938.68501465	[1, 1, 1, 0, 1, 1, 1, 1, 1, 1, 1, 1]
	915633	806260	828773	11	M	69	A		-1	2938.69364379	[1, 1, 1, 0, 1, 1, 1, 1, 1, 1, 1, 1]
	933768	850089	828868	11	M	13	A		-1	2938.69378103	[1, 1, 1, 1, 1, 1, 1, 1, 1, 1, 1, 1]
	961825	813148	692601	11	M	82	A		-1	2938.79114814	[1, 1, 1, 1, 1, 1, 1, 1, 1, 1, 1, 1]
	933871	805553	787994	11	M	86	A		-1	2939.07872984	[1, 1, 1, 1, 1, 1, 1, 1, 1, 1, 1, 1]
	967448	840229	806048	11	M	29	A		-1	2939.31527962	[1, 1, 1, 1, 1, 1, 1, 1, 1, 1, 1, 1]
	891475	718003	778025	10	M	29	A		-1	2939.57051729	[1, 1, 1, 1, 1, 1, 1, 1, 1, 1, 1, 1]
	967323	737428	831399	11	M	78	A		-1	2939.92625197	[1, 1, 1, 1, 1, 1, 1, 1, 1, 1, 1, 1]
	946185	843680	521664	11	M	40	A		-1	2940.59221032	[1, 1, 1, 1, 1, 1, 1, 1, 1, 1, 1, 1]
	929075	833504	807801	11	M	5	A		-1	2940.80631659	[1, 1, 1, 1, 1, 1, 1, 1, 1, 1, 1, 1]
	928640	810253	742576	11	M	97	A		-1	2941.41947301	[1, 1, 1, 1, 1, 1, 1, 1, 1, 1, 1, 1]
	940786	847167	883128	11	M	98	A		-1	2941.68660551	[1, 1, 1, 1, 1, 1, 1, 1, 1, 1, 1, 1]
	901471	858212	804256	11	M	14	A		-1	2941.74394744	[1, 1, 1, 1, 1, 1, 1, 1, 1, 1, 1, 1]
	957502	869348	888868	11	M	22	A		-1	2941.88956111	[0, 1, 1, 1, 1, 1, 1, 1, 1, 1, 1, 1]
	959904	823325	860927	11	M	42	A		-1	2942.21736445	[1, 1, 1, 0, 1, 1, 1, 1, 1, 1, 1, 1]
	973579	846485	808070	11	M	39	A		-1	2942.85409408	[1, 1, 1, 1, 1, 1, 1, 1, 1, 1, 1, 1]
	815112	754916	774781	10	M	42	A		-1	2942.88427681	[1, 1, 1, 0, 1, 1, 1, 1, 1, 1, 1, 0]
	923875	893390	829846	11	M	1	A		-1	2943.24818197	[1, 1, 1, 1, 1, 1, 1, 1, 1, 1, 1, 1]
	993871	878660	891114	11	M	86	A		-1	2943.34596829	[1, 1, 1, 1, 1, 1, 1, 1, 1, 1, 1, 1]
	846485	744709	764032	10	M	11	A		-1	2943.96053742	[1, 1, 1, 1, 1, 1, 1, 1, 1, 1, 1, 1]
	992163	806619	795024	11	M	22	A		-1	2944.53204142	[1, 1, 1, 1, 1, 1, 1, 1, 1, 1, 1, 1]
	961372	828203	878169	11	M	60	A		-1	2944.65462433	[1, 1, 1, 1, 1, 1, 1, 1, 1, 1, 1, 0]
	935802	815112	842246	11	M	41	A		-1	2944.88829277	[1, 1, 1, 1, 1, 1, 1, 1, 1, 1, 1, 0]
	896874	801096	881111	11	M	76	A		-1	2945.09694987	[1, 1, 1, 1, 1, 1, 1, 1, 1, 1, 1, 1]
	897951	797565	870818	11	M	14	A		-1	2945.2393988	[1, 1, 1, 1, 1, 1, 1, 1, 1, 1, 1, 1]
	994843	815786	798315	11	M	35	A		-1	2945.4555441	[1, 1, 1, 1, 1, 1, 1, 1, 1, 1, 1, 1]
	986653	879740	819455	11	M	10	A		-1	2945.59088704	[1, 1, 1, 1, 1, 1, 1, 1, 1, 1, 1, 1]
	831962	706546	697812	10	M	43	A		-1	2947.0830009	[1, 1, 1, 1, 1, 1, 1, 1, 1, 1, 1, 0]
	903322	894166	854932	11	M	3	A		-1	2947.43893649	[1, 1, 1, 1, 1, 1, 1, 1, 1, 1, 1, 1]
	962940	803963	844797	11	M	30	A		-1	2948.05165584	[1, 1, 1, 1, 1, 1, 1, 1, 1, 1, 1, 1]
	977190	810253	887673	11	M	62	A		-1	2948.34115503	[1, 0, 1, 1, 1, 1, 1, 1, 1, 1, 1, 1]
	833214	705962	719465	10	M	49	A		-1	2948.4339767	[1, 1, 1, 1, 1, 1, 1, 1, 1, 1, 1, 1]
	958712	887950	775944	11	M	27	A		-1	2948.94091733	[1, 1, 1, 1, 1, 1, 1, 1, 1, 1, 1, 1]
	901105	884539	846812	11	M	73	A		-1	2949.27575626	[1, 1, 1, 1, 1, 1, 1, 1, 1, 1, 1, 1]
	917204	835512	862255	11	M	10	A		-1	2949.34309928	[1, 1, 1, 0, 1, 1, 1, 1, 1, 1, 1, 1]
	917131	806260	816910	11	M	46	A		-1	2949.67934577	[1, 1, 1, 1, 1, 1, 1, 1, 1, 1, 1, 0]
	952667	890101	797355	11	M	7	A		-1	2950.25509604	[1, 1, 1, 1, 1, 1, 1, 1, 1, 1, 1, 1]
	950734	818741	803729	11	M	53	A		-1	2950.46451136	[1, 1, 1, 0, 1, 1, 1, 1, 1, 1, 1, 1]
	810253	751359	716979	10	M	10	A		-1	2950.59534932	[1, 1, 1, 1, 1, 1, 1, 1, 1, 1, 1, 1]
	961164	875977	836104	11	M	83	A		-1	2950.64300413	[1, 1, 1, 1, 1, 1, 1, 1, 1, 1, 1, 1]
	945301	750404	829332	11	M	20	A		-1	2951.27410983	[1, 1, 1, 1, 1, 1, 1, 1, 1, 1, 1, 1]
	967701	801300	890957	11	M	23	A		-1	2952.4848884	[1, 1, 1, 1, 1, 1, 1, 1, 1, 1, 1, 1]
	952222	802965	710583	11	M	88	A		-1	2952.68820832	[1, 1, 1, 1, 1, 1, 1, 1, 1, 1, 1, 1]
	964086	802276	893086	11	M	95	A		-1	2952.7669982	[1, 1, 1, 0, 0, 1, 1, 1, 1, 1, 1, 1]
	909217	857168	851372	11	M	11	A		-1	2952.77350205	[1, 1, 1, 1, 1, 1, 1, 1, 1, 1, 1, 1]
	968672	845615	889180	11	M	59	A		-1	2952.99073802	[1, 1, 1, 0, 1, 1, 1, 1, 1, 1, 1, 1]
	978333	801047	752351	11	M	65	A		-1	2953.23720369	[1, 1, 1, 1, 1, 1, 1, 1, 1, 1, 1, 1]
	980695	894166	734186	11	M	59	A		-1	2953.25375601	[1, 1, 1, 1, 1, 1, 1, 1, 1, 1, 1, 1]
	963773	886439	885774	11	M	75	A		-1	2953.34972492	[0, 1, 0, 1, 1, 1, 1, 1, 1, 1, 1, 1]
	806763	770801	712693	10	M	38	A		-1	2953.95219878	[1, 1, 1, 1, 1, 1, 1, 1, 1, 1, 1, 1]
	802965	730361	718006	10	M	79	A		-1	2954.00072064	[1, 1, 1, 1, 1, 1, 1, 1, 1, 1, 1, 1]
	982392	818042	846750	11	M	70	A		-1	2954.08651958	[1, 1, 1, 1, 1, 1, 1, 1, 1, 1, 1, 1]
	979724	872512	847207	11	M	57	A		-1	2954.09227457	[1, 1, 1, 1, 1, 1, 1, 1, 1, 1, 1, 1]
	957205	845106	729979	11	M	43	A		-1	2954.17626368	[1, 1, 1, 1, 1, 1, 1, 0, 1, 1, 1, 0]
	906753	802065	877554	11	M	27	A		-1	2954.43047313	[1, 1, 1, 1, 1, 0, 1, 1, 1, 1, 1, 1]
	797525	721892	779758	10	M	19	A		-1	2954.44805192	[1, 1, 1, 1, 1, 1, 1, 1, 1, 1, 1, 1]
	911739	810428	841660	11	M	92	A		-1	2954.50119975	[1, 1, 1, 1, 1, 1, 1, 1, 1, 1, 1, 1]
	915894	890916	839418	11	M	59	A		-1	2954.91817433	[1, 1, 1, 1, 1, 1, 1, 1, 1, 1, 1, 1]
	875955	695588	724595	10	M	42	A		-1	2955.20895229	[1, 0, 1, 0, 1, 1, 1, 1, 1, 1, 1, 1]
	971701	831238	867454	11	M	63	A		-1	2955.44045523	[1, 1, 1, 1, 1, 1, 1, 1, 1, 1, 1, 1]
	973720	814184	827721	11	M	95	A		-1	2955.54400188	[1, 1, 1, 1, 1, 1, 1, 1, 1, 1, 1, 1]
	975399	863339	888046	11	M	22	A		-1	2956.58940084	[1, 1, 1, 1, 1, 1, 1, 1, 1, 1, 1, 1]
	945208	750700	834127	11	M	40	A		-1	2957.12256059	[1, 1, 0, 1, 1, 1, 1, 1, 1, 1, 1, 1]
	814162	761949	763315	10	M	43	A		-1	2957.5583864	[1, 1, 1, 1, 1, 1, 1, 1, 1, 1, 1, 1]
	906945	835565	885865	11	M	76	A		-1	2957.88297457	[1, 0, 1, 1, 1, 1, 1, 1, 1, 1, 1, 1]
	801862	769928	754522	10	M	22	A		-1	2958.16071658	[1, 0, 1, 1, 1, 1, 1, 1, 1, 1, 1, 1]
	942807	866867	837676	11	M	99	A		-1	2958.18847397	[1, 1, 1, 1, 1, 1, 1, 1, 1, 1, 1, 1]
	963391	837494	802476	11	M	12	A		-1	2958.37694822	[1, 0, 1, 1, 1, 1, 1, 1, 1, 1, 1, 1]
	971509	828203	872872	11	M	56	A		-1	2958.45048608	[1, 1, 1, 1, 1, 1, 1, 1, 1, 1, 1, 0]
	991685	867909	842182	11	M	33	A		-1	2958.50379631	[1, 1, 1, 1, 1, 1, 1, 1, 1, 1, 1, 1]
	949319	863339	806908	11	M	77	A		-1	2958.829511	[1, 1, 1, 1, 1, 1, 1, 1, 1, 1, 1, 1]
	974976	801300	811856	11	M	53	A		-1	2959.05419672	[1, 1, 1, 1, 1, 1, 1, 1, 1, 1, 1, 1]
	918815	760787	836148	11	M	40	A		-1	2959.68751163	[0, 1, 1, 1, 1, 1, 1, 1, 1, 1, 1, 1]
	918602	833158	715104	11	M	25	A		-1	2959.91003693	[1, 1, 1, 1, 1, 1, 1, 1, 1, 1, 1, 1]
	982453	823507	870090	11	M	34	A		-1	2960.30736621	[1, 1, 1, 1, 1, 0, 1, 1, 1, 1, 1, 1]
	979207	873513	794961	11	M	45	A		-1	2960.33557806	[1, 1, 1, 1, 1, 1, 1, 1, 1, 1, 1, 1]
	948192	839060	835226	11	M	12	A		-1	2960.47321401	[1, 1, 1, 1, 1, 1, 1, 1, 1, 1, 1, 1]
	976400	858319	747421	11	M	5	A		-1	2960.58940889	[1, 1, 1, 1, 1, 1, 1, 1, 1, 1, 1, 1]
	915150	810983	602611	11	M	1	A		-1	2960.69007001	[1, 1, 1, 1, 1, 1, 1, 1, 1, 1, 1, 1]
	904506	864006	804093	11	M	25	A		-1	2960.87611909	[1, 1, 1, 1, 1, 1, 1, 1, 1, 1, 1, 1]
	903483	708121	879234	11	M	93	A		-1	2961.07856213	[1, 1, 1, 1, 1, 1, 1, 1, 1, 1, 1, 1]
	951423	840229	701913	11	M	32	A		-1	2961.33903949	[1, 1, 0, 1, 1, 1, 1, 1, 1, 1, 1, 1]
	949186	809756	852639	11	M	41	A		-1	2962.51996941	[1, 1, 1, 1, 1, 1, 1, 1, 1, 1, 1, 1]
	950057	856141	883928	11	M	66	A		-1	2962.71122413	[1, 1, 1, 1, 1, 1, 1, 1, 1, 1, 1, 1]
	958264	823594	864566	11	M	92	A		-1	2963.08136416	[1, 1, 0, 1, 1, 1, 1, 1, 1, 1, 1, 1]
	947607	887543	827599	11	M	51	A		-1	2963.08812209	[1, 1, 1, 1, 1, 1, 1, 1, 1, 1, 1, 1]
	908573	894076	869736	11	M	72	A		-1	2963.1332976	[0, 1, 1, 1, 1, 1, 1, 1, 1, 1, 1, 1]
	904951	837537	868756	11	M	75	A		-1	2963.17566167	[1, 1, 1, 1, 1, 1, 1, 1, 1, 1, 1, 1]
	970616	820094	719235	11	M	86	A		-1	2963.31092154	[1, 1, 1, 1, 1, 0, 1, 1, 1, 1, 1, 1]
	972590	741399	873941	11	M	19	A		-1	2963.54504064	[1, 1, 1, 1, 1, 1, 1, 1, 1, 1, 1, 1]
	931254	848874	864060	11	M	87	A		-1	2963.6053137	[1, 1, 1, 1, 1, 1, 1, 1, 1, 1, 1, 1]
	801389	626234	774928	10	M	96	A		-1	2963.73327421	[1, 1, 1, 1, 1, 1, 1, 1, 1, 1, 1, 1]
	954818	725105	883883	11	M	61	A		-1	2963.80282978	[1, 1, 1, 1, 1, 1, 1, 1, 1, 1, 1, 1]
	926669	696520	700984	11	M	77	A		-1	2963.93360285	[1, 1, 1, 1, 1, 1, 1, 1, 1, 1, 1, 1]
	956876	829729	871895	11	M	8	A		-1	2964.20098884	[1, 1, 1, 1, 1, 0, 1, 1, 1, 1, 1, 1]
	951743	817324	602239	11	M	51	A		-1	2964.78345116	[1, 1, 1, 1, 1, 1, 1, 1, 1, 1, 1, 1]
	941415	873518	857045	11	M	16	A		-1	2965.02610024	[1, 1, 0, 1, 1, 1, 1, 1, 1, 1, 1, 1]
	946592	805793	821585	11	M	56	A		-1	2965.21187176	[1, 1, 1, 1, 1, 1, 1, 1, 1, 1, 1, 1]
	954801	858283	807998	11	M	93	A		-1	2965.77721817	[1, 1, 1, 1, 1, 1, 1, 1, 1, 1, 1, 1]
	950970	723847	815165	11	M	86	A		-1	2966.19730959	[1, 1, 1, 1, 1, 1, 1, 1, 1, 1, 1, 1]
	939640	819026	813432	11	M	75	A		-1	2966.57123069	[1, 1, 1, 1, 1, 1, 1, 1, 1, 1, 1, 1]
	933178	840121	825782	11	M	8	A		-1	2966.682776	[1, 1, 1, 0, 1, 1, 1, 1, 1, 1, 1, 1]
	897156	802965	821059	11	M	12	A		-1	2966.90781717	[1, 1, 1, 1, 1, 1, 1, 1, 1, 1, 1, 1]
	939033	819109	835993	11	M	68	A		-1	2967.3313356	[1, 1, 1, 0, 1, 1, 1, 1, 1, 1, 1, 0]
	987850	821063	647589	11	M	32	A		-1	2967.65417813	[1, 1, 1, 1, 1, 1, 1, 1, 1, 1, 1, 1]
	936271	846335	889203	11	M	98	A		-1	2968.1426636	[1, 1, 1, 0, 1, 1, 1, 1, 1, 1, 1, 1]
	991037	824560	825534	11	M	62	A		-1	2968.3112891	[1, 1, 1, 1, 1, 1, 1, 1, 1, 1, 1, 0]
	935004	831953	741820	11	M	1	A		-1	2968.39901341	[1, 1, 1, 1, 1, 1, 1, 1, 1, 1, 1, 1]
	856141	698635	772754	10	M	0	A		-1	2968.86475204	[0, 1, 1, 1, 1, 1, 1, 1, 1, 1, 1, 1]
	938963	826951	769285	11	M	46	A		-1	2969.1255912	[1, 1, 1, 1, 1, 1, 1, 1, 1, 1, 1, 0]
	898375	842645	822052	11	M	29	A		-1	2969.35806834	[1, 1, 1, 1, 1, 1, 1, 1, 1, 1, 1, 1]
	844056	788134	752865	10	M	2	A		-1	2970.07794607	[1, 1, 1, 1, 1, 1, 1, 1, 1, 1, 1, 1]
	994857	817745	874319	11	M	59	A		-1	2970.27373328	[1, 1, 1, 1, 1, 0, 1, 1, 1, 1, 1, 1]
	887075	741399	793022	10	M	27	A		-1	2971.03089571	[1, 1, 1, 1, 1, 1, 1, 1, 1, 1, 1, 1]
	937839	823870	883578	11	M	43	A		-1	2971.46934611	[1, 1, 1, 1, 1, 1, 1, 1, 1, 1, 1, 1]
	937760	826437	851708	11	M	62	A		-1	2971.56231564	[1, 1, 1, 1, 1, 1, 1, 1, 1, 1, 1, 1]
	992502	840142	866640	11	M	34	A		-1	2972.32333025	[1, 1, 1, 1, 1, 1, 1, 1, 1, 1, 0, 1]
	933971	858283	880749	11	M	75	A		-1	2973.49354248	[0, 1, 1, 1, 1, 1, 1, 1, 1, 1, 1, 1]
	905897	876374	735048	11	M	19	A		-1	2973.60546094	[1, 1, 1, 1, 1, 1, 1, 1, 1, 1, 1, 1]
	931402	818042	842530	11	M	5	A		-1	2974.04839048	[1, 1, 1, 1, 1, 1, 1, 1, 1, 1, 1, 1]
	934936	887075	717106	11	M	50	A		-1	2974.28018029	[1, 1, 1, 1, 1, 1, 1, 1, 1, 1, 1, 0]
	986504	868162	811082	11	M	33	A		-1	2974.82454952	[1, 1, 1, 1, 1, 1, 1, 1, 1, 1, 1, 1]
	983570	820094	833339	11	M	96	A		-1	2974.99012639	[1, 1, 1, 1, 1, 0, 1, 1, 1, 1, 1, 1]
	903352	813543	746184	11	M	83	A		-1	2975.30254873	[1, 1, 1, 1, 1, 1, 1, 1, 1, 1, 1, 1]
	993453	801301	891850	11	M	20	A		-1	2976.10234076	[1, 1, 1, 1, 1, 1, 1, 0, 1, 1, 1, 0]
	968704	875955	805738	11	M	75	A		-1	2976.30491892	[1, 0, 1, 0, 1, 1, 1, 1, 1, 1, 1, 1]
	951800	810983	818328	11	M	60	A		-1	2976.5466787	[1, 1, 1, 1, 1, 1, 1, 1, 1, 1, 1, 1]
	915076	806157	855159	11	M	44	A		-1	2977.18678925	[1, 1, 1, 1, 1, 1, 1, 1, 1, 1, 1, 1]
	919656	883138	808616	11	M	42	A		-1	2977.96591854	[1, 1, 1, 1, 1, 1, 1, 1, 1, 1, 1, 1]
	960724	815158	738641	11	M	40	A		-1	2978.10337011	[1, 1, 1, 1, 1, 1, 1, 0, 1, 1, 1, 1]
	990442	831145	832596	11	M	92	A		-1	2978.16686968	[1, 1, 1, 0, 1, 1, 1, 1, 1, 1, 1, 1]
	978510	802276	721735	11	M	32	A		-1	2978.5090873	[1, 1, 1, 1, 1, 1, 1, 1, 1, 1, 1, 1]
	957605	875955	872961	11	M	12	A		-1	2978.8045225	[1, 1, 1, 0, 1, 1, 1, 0, 1, 1, 1, 1]
	945767	818042	851679	11	M	6	A		-1	2979.10293339	[1, 1, 1, 1, 1, 1, 1, 1, 1, 1, 1, 1]
	912954	831930	844279	11	M	5	A		-1	2979.46879146	[1, 1, 1, 1, 1, 1, 1, 1, 1, 1, 1, 1]
	979196	832224	892064	11	M	16	A		-1	2979.50993302	[1, 1, 1, 1, 1, 1, 1, 1, 1, 1, 1, 1]
	895449	708227	776353	11	M	98	A		-1	2979.60524557	[1, 1, 1, 0, 1, 1, 1, 1, 1, 1, 1, 1]
	911945	847054	882182	11	M	7	A		-1	2980.54530854	[1, 1, 0, 1, 1, 1, 1, 1, 1, 1, 1, 1]
	923295	822427	862292	11	M	59	A		-1	2981.73893535	[1, 1, 1, 1, 1, 1, 1, 1, 1, 1, 1, 1]
	934680	816320	707226	11	M	11	A		-1	2981.77867753	[0, 1, 1, 1, 1, 1, 1, 1, 1, 1, 1, 1]
	961248	814162	849492	11	M	96	A		-1	2982.33186902	[1, 1, 1, 1, 1, 1, 1, 1, 1, 1, 1, 1]
	948130	723847	816004	11	M	52	A		-1	2982.47494558	[1, 1, 1, 1, 1, 1, 1, 1, 1, 1, 1, 1]
	948105	868162	850823	11	M	40	A		-1	2982.8432656	[1, 1, 1, 1, 1, 1, 1, 1, 1, 1, 1, 1]
	957649	873513	852887	11	M	43	A		-1	2982.96160634	[1, 1, 1, 0, 1, 1, 1, 1, 1, 1, 1, 1]
	943261	894166	883105	11	M	60	A		-1	2983.01869425	[1, 1, 1, 1, 1, 1, 1, 1, 1, 1, 1, 0]
	901907	844263	859946	11	M	19	A		-1	2983.64797363	[1, 1, 1, 1, 1, 1, 1, 1, 1, 1, 1, 1]
	979946	800994	709243	11	M	44	A		-1	2983.64812161	[1, 1, 1, 1, 1, 1, 1, 1, 1, 1, 1, 1]
	925341	818741	881212	11	M	79	A		-1	2983.65984301	[1, 1, 1, 1, 1, 1, 1, 1, 1, 1, 1, 1]
	909338	814162	880836	11	M	40	A		-1	2984.20601133	[1, 1, 1, 1, 1, 1, 1, 1, 1, 1, 1, 1]
	936128	873513	622981	11	M	98	A		-1	2984.54261192	[1, 1, 1, 1, 1, 1, 1, 1, 1, 1, 1, 1]
	884351	720954	755861	10	M	10	A		-1	2985.11888261	[1, 1, 1, 1, 1, 1, 1, 1, 1, 1, 1, 1]
	936523	806574	704893	11	M	74	A		-1	2985.41079075	[1, 1, 1, 1, 1, 1, 1, 1, 1, 1, 1, 1]
	902636	882186	877347	11	M	75	A		-1	2985.59091834	[1, 1, 1, 1, 1, 1, 1, 1, 1, 1, 1, 1]
	895719	880816	835085	11	M	60	A		-1	2986.58925311	[1, 1, 1, 1, 1, 1, 1, 1, 1, 1, 1, 1]
	873513	738789	715912	10	M	81	A		-1	2987.77842693	[1, 1, 1, 0, 1, 1, 1, 1, 1, 1, 1, 1]
	960991	869366	824528	11	M	43	A		-1	2988.07201552	[1, 1, 1, 1, 1, 1, 1, 1, 1, 1, 1, 0]
	919953	795056	855425	11	M	23	A		-1	2988.16786203	[0, 1, 1, 1, 1, 1, 1, 1, 1, 1, 1, 1]
	931613	831953	849412	11	M	45	A		-1	2988.18290523	[1, 1, 1, 1, 1, 1, 1, 1, 1, 1, 1, 1]
	992486	847696	839144	11	M	84	A		-1	2988.43170356	[1, 1, 1, 1, 1, 0, 1, 1, 1, 1, 1, 1]
	906348	831962	808375	11	M	51	A		-1	2989.21904877	[1, 1, 1, 1, 1, 0, 1, 1, 1, 1, 1, 1]
	902461	833158	869411	11	M	42	A		-1	2990.5875182	[1, 1, 0, 1, 1, 1, 1, 1, 1, 1, 1, 1]
	985753	833017	818260	11	M	45	A		-1	2991.02720948	[1, 1, 1, 1, 1, 1, 1, 1, 1, 1, 1, 1]
	908317	878660	749582	11	M	68	A		-1	2991.20070213	[1, 1, 1, 1, 1, 1, 1, 1, 1, 1, 1, 1]
	972512	878336	882399	11	M	34	A		-1	2991.22095837	[1, 1, 1, 1, 1, 1, 1, 1, 1, 1, 1, 1]
	931364	858674	710866	11	M	83	A		-1	2991.72893358	[1, 1, 1, 0, 1, 1, 1, 1, 1, 1, 1, 1]
	906186	862399	795031	11	M	39	A		-1	2991.81155261	[1, 1, 1, 1, 1, 1, 1, 1, 1, 1, 1, 0]
	951388	800823	869006	11	M	50	A		-1	2992.93992619	[1, 1, 1, 1, 1, 1, 1, 1, 1, 1, 1, 1]
	962846	839060	813750	11	M	99	A		-1	2993.80773467	[1, 1, 1, 1, 1, 1, 1, 1, 1, 1, 1, 1]
	952108	855974	833913	11	M	82	A		-1	2994.26612224	[1, 1, 1, 1, 1, 1, 1, 1, 1, 1, 1, 1]
	950358	891475	879841	11	M	45	A		-1	2994.6197785	[1, 1, 1, 1, 1, 1, 1, 1, 1, 1, 1, 1]
	901738	868926	813091	11	M	26	A		-1	2994.89324407	[1, 1, 1, 1, 1, 1, 1, 1, 1, 1, 1, 1]
	923501	880816	885947	11	M	78	A		-1	2995.68756683	[1, 1, 1, 1, 1, 0, 1, 1, 1, 1, 1, 1]
	806849	733615	770192	10	M	74	A		-1	2996.02821957	[1, 1, 1, 1, 0, 1, 1, 1, 1, 1, 1, 1]
	925593	873513	871258	11	M	82	A		-1	2996.61798111	[1, 1, 1, 0, 1, 1, 1, 1, 1, 1, 1, 1]
	959542	803018	837258	11	M	16	A		-1	2996.79023639	[1, 1, 1, 1, 1, 1, 1, 1, 1, 1, 1, 1]
	942539	876266	853661	11	M	90	A		-1	2997.88793963	[1, 1, 1, 1, 1, 1, 1, 1, 1, 1, 1, 1]
	959742	801047	884505	11	M	53	A		-1	2998.81455392	[1, 1, 1, 1, 1, 1, 1, 1, 1, 1, 1, 0]
	945918	801047	840094	11	M	18	A		-1	2999.3737264	[1, 1, 1, 1, 1, 1, 1, 1, 1, 1, 1, 0]
	970241	843373	872242	11	M	9	A		-1	2999.41980887	[1, 1, 1, 1, 1, 1, 1, 1, 1, 1, 1, 1]
	820094	748134	757995	10	M	5	A		-1	2999.76428201	[1, 1, 1, 1, 1, 0, 1, 1, 1, 1, 1, 1]
	972713	873859	827316	11	M	37	A		-1	3000.63940088	[1, 1, 1, 0, 1, 1, 1, 1, 1, 1, 1, 1]
	907088	835512	879115	11	M	1	A		-1	3001.43425301	[1, 1, 1, 1, 1, 1, 1, 1, 1, 1, 1, 1]
	936945	847923	750236	11	M	83	A		-1	3001.90936617	[1, 1, 1, 1, 1, 1, 1, 1, 1, 1, 1, 1]
	910129	887075	869404	11	M	10	A		-1	3002.62911784	[1, 1, 1, 1, 1, 1, 1, 1, 1, 1, 1, 1]
	983334	832933	801950	11	M	18	A		-1	3002.81241369	[1, 1, 1, 0, 1, 1, 1, 1, 1, 1, 1, 1]
	906467	801850	858365	11	M	55	A		-1	3002.84921359	[1, 1, 1, 1, 1, 1, 1, 1, 1, 1, 1, 1]
	896453	893548	880980	11	M	63	A		-1	3002.92772872	[1, 1, 1, 1, 1, 1, 1, 1, 1, 1, 1, 1]
	911404	864080	702504	11	M	25	A		-1	3003.86525075	[1, 1, 1, 0, 1, 1, 1, 1, 1, 1, 1, 1]
	979401	795056	812820	11	M	57	A		-1	3004.7777943	[1, 1, 1, 1, 1, 1, 1, 1, 1, 1, 1, 1]
	913757	601456	808612	11	M	30	A		-1	3005.17929584	[1, 1, 1, 1, 1, 1, 1, 1, 1, 1, 1, 1]
	897478	879740	884568	11	M	45	A		-1	3005.36686134	[1, 1, 1, 1, 1, 1, 1, 1, 1, 1, 1, 0]
	891944	543448	757841	10	M	48	A		-1	3005.54369433	[1, 1, 1, 1, 1, 1, 1, 1, 1, 1, 1, 1]
	917090	868926	725287	11	M	24	A		-1	3006.2753029	[1, 1, 1, 1, 1, 1, 1, 1, 1, 1, 1, 1]
	948323	801059	844368	11	M	88	A		-1	3006.74567322	[1, 1, 1, 1, 1, 1, 1, 1, 1, 1, 1, 1]
	931411	721337	833019	11	M	95	A		-1	3006.7504721	[1, 1, 1, 1, 1, 1, 1, 1, 1, 1, 1, 1]
	926134	878856	844807	11	M	19	A		-1	3007.62770448	[1, 1, 1, 1, 1, 1, 1, 1, 1, 1, 1, 1]
	982785	818761	799048	11	M	59	A		-1	3008.73756004	[1, 1, 1, 1, 1, 1, 1, 1, 1, 1, 1, 1]
	966635	811404	862501	11	M	64	A		-1	3008.74347442	[1, 1, 1, 0, 1, 1, 1, 1, 1, 1, 1, 1]
	906199	872441	800651	11	M	89	A		-1	3009.21820119	[1, 0, 1, 1, 1, 1, 1, 1, 1, 1, 1, 1]
	943359	708227	736319	11	M	36	A		-1	3010.12045882	[1, 1, 1, 1, 1, 1, 1, 1, 1, 1, 1, 1]
	991899	852686	803516	11	M	89	A		-1	3010.76217785	[0, 1, 1, 1, 1, 1, 1, 1, 1, 1, 1, 1]
	982403	822943	808835	11	M	80	A		-1	3011.01996858	[1, 1, 1, 1, 1, 1, 1, 1, 1, 1, 1, 1]
	915747	845169	841142	11	M	83	A		-1	3011.73097758	[1, 1, 0, 1, 1, 1, 1, 1, 1, 1, 1, 1]
	992922	721337	859366	11	M	26	A		-1	3011.76993539	[1, 1, 1, 1, 1, 1, 1, 1, 1, 1, 1, 1]
	947759	856747	869073	11	M	60	A		-1	3012.0169226	[1, 1, 1, 1, 1, 0, 1, 1, 1, 1, 1, 1]
	895723	876622	812470	11	M	3	A		-1	3012.08103861	[1, 1, 0, 1, 1, 1, 1, 1, 1, 1, 1, 1]
	943962	891944	851923	11	M	48	A		-1	3012.69808273	[1, 1, 1, 1, 1, 1, 1, 1, 1, 1, 1, 1]
	947797	863799	842899	11	M	75	A		-1	3012.8599584	[1, 1, 1, 1, 1, 1, 1, 1, 1, 1, 1, 0]
	950548	862934	836258	11	M	33	A		-1	3013.66873803	[1, 1, 0, 1, 1, 1, 1, 1, 1, 1, 1, 1]
	830586	709192	708893	10	M	8	A		-1	3013.77706992	[1, 1, 1, 1, 1, 1, 1, 1, 1, 1, 1, 0]
	947417	887558	807738	11	M	6	A		-1	3014.51493665	[1, 1, 1, 1, 1, 1, 1, 1, 1, 1, 1, 1]
	915977	853040	810745	11	M	15	A		-1	3015.15194045	[1, 1, 1, 1, 1, 1, 1, 1, 1, 1, 1, 1]
	921093	887075	823966	11	M	16	A		-1	3015.86755969	[1, 1, 1, 1, 1, 1, 1, 1, 1, 1, 1, 1]
	923456	796861	700287	11	M	65	A		-1	3018.38140895	[1, 1, 1, 1, 1, 1, 1, 1, 1, 1, 1, 1]
	983310	798921	891110	11	M	78	A		-1	3019.16477133	[1, 1, 1, 0, 1, 1, 1, 1, 1, 1, 1, 0]
	965509	862582	871480	11	M	80	A		-1	3019.9745357	[1, 1, 1, 1, 1, 1, 1, 1, 1, 1, 1, 1]
	967603	863899	860553	11	M	5	A		-1	3021.3520537	[1, 1, 1, 1, 1, 1, 1, 1, 1, 1, 1, 1]
	962430	708227	861664	11	M	44	A		-1	3021.57961155	[1, 0, 1, 1, 1, 1, 1, 1, 1, 1, 1, 0]
	948135	887075	848861	11	M	20	A		-1	3021.82645412	[1, 1, 1, 1, 1, 1, 1, 1, 1, 1, 1, 1]
	894928	821063	881644	11	M	20	A		-1	3021.8500094	[1, 1, 1, 1, 1, 1, 1, 0, 1, 1, 1, 1]
	959788	894166	796424	11	M	41	A		-1	3022.93022725	[1, 1, 1, 1, 1, 1, 1, 1, 1, 1, 1, 1]
	983518	801862	886029	11	M	7	A		-1	3023.0867571	[1, 0, 1, 1, 1, 1, 1, 1, 1, 1, 1, 1]
	947721	833017	800137	11	M	5	A		-1	3023.59303273	[1, 1, 1, 1, 1, 1, 1, 1, 1, 1, 1, 1]
	919846	843373	840072	11	M	97	A		-1	3024.10109273	[1, 1, 1, 1, 1, 1, 1, 1, 1, 1, 1, 1]
	917078	804765	836397	11	M	41	A		-1	3024.16957099	[1, 1, 1, 1, 1, 1, 1, 1, 1, 1, 1, 1]
	978581	817705	851376	11	M	85	A		-1	3024.49192312	[1, 1, 1, 0, 1, 1, 1, 1, 1, 1, 1, 1]
	953450	807221	880235	11	M	70	A		-1	3025.45614954	[1, 1, 1, 1, 1, 1, 1, 1, 1, 1, 1, 1]
	991365	833130	869221	11	M	18	A		-1	3025.76934211	[1, 1, 1, 1, 1, 1, 1, 1, 1, 1, 1, 1]
	895942	797525	811280	11	M	14	A		-1	3025.77471237	[1, 1, 1, 1, 1, 1, 1, 1, 1, 1, 1, 1]
	908802	859707	820491	11	M	86	A		-1	3025.91113112	[1, 1, 1, 1, 1, 1, 1, 1, 1, 1, 1, 1]
	896572	750700	893039	11	M	74	A		-1	3027.15026327	[1, 1, 1, 1, 1, 1, 1, 1, 1, 1, 1, 1]
	971547	894076	864159	11	M	6	A		-1	3027.21120013	[0, 1, 1, 1, 1, 1, 1, 1, 1, 1, 1, 1]
	977868	878660	765816	11	M	39	A		-1	3027.254602	[1, 1, 1, 1, 1, 1, 1, 1, 1, 1, 1, 1]
	968360	868926	869524	11	M	30	A		-1	3029.09147595	[1, 1, 1, 1, 1, 1, 1, 1, 1, 1, 1, 1]
	942214	800270	885118	11	M	88	A		-1	3029.33169914	[1, 1, 1, 0, 0, 1, 1, 1, 1, 1, 1, 1]
	903076	830586	796118	11	M	83	A		-1	3031.29730389	[1, 1, 1, 1, 1, 1, 1, 1, 1, 1, 1, 0]
	966180	839036	822225	11	M	72	A		-1	3031.53382995	[1, 1, 1, 1, 1, 1, 1, 1, 1, 1, 1, 1]
	931102	813915	866608	11	M	29	A		-1	3031.60421019	[1, 1, 1, 1, 1, 1, 1, 1, 1, 1, 1, 0]
	985195	844009	828784	11	M	84	A		-1	3033.0750526	[1, 1, 1, 1, 1, 1, 1, 1, 1, 1, 0, 1]
	976706	873406	871389	11	M	51	A		-1	3033.93776347	[1, 1, 1, 1, 1, 1, 1, 1, 1, 1, 1, 1]
	946269	802065	816601	11	M	29	A		-1	3034.28135885	[1, 1, 1, 1, 1, 0, 1, 1, 1, 1, 1, 1]
	929084	838353	755498	11	M	88	A		-1	3034.60989635	[0, 1, 1, 1, 1, 1, 1, 1, 1, 1, 1, 1]
	958195	797601	847884	11	M	58	A		-1	3037.97046721	[1, 1, 1, 1, 1, 1, 1, 1, 1, 1, 1, 1]
	929902	868162	867603	11	M	80	A		-1	3038.54617213	[1, 1, 1, 1, 1, 1, 1, 1, 1, 1, 1, 1]
	862711	750278	705783	10	M	94	A		-1	3039.5061365	[1, 1, 1, 1, 1, 1, 1, 1, 1, 1, 1, 0]
	988796	893074	680935	11	M	67	A		-1	3041.04085956	[0, 1, 1, 1, 1, 1, 1, 1, 1, 1, 1, 1]
	945797	876266	832172	11	M	85	A		-1	3041.08144337	[1, 1, 1, 1, 1, 1, 1, 1, 1, 1, 1, 0]
	935088	720881	855523	11	M	16	A		-1	3041.46514339	[1, 1, 1, 1, 1, 0, 1, 1, 1, 1, 1, 1]
	938022	894076	767754	11	M	51	A		-1	3041.87506134	[0, 1, 1, 1, 1, 1, 1, 1, 1, 1, 1, 0]
	868926	723847	765938	10	M	5	A		-1	3042.19438893	[1, 1, 1, 1, 1, 1, 1, 1, 1, 1, 1, 1]
	981216	857168	810132	11	M	15	A		-1	3042.57016946	[1, 1, 1, 1, 1, 1, 1, 1, 1, 1, 0, 1]
	975117	859707	818982	11	M	34	A		-1	3044.42521088	[0, 1, 1, 1, 1, 1, 1, 1, 1, 1, 1, 1]
	973574	698418	829269	11	M	64	A		-1	3044.71561129	[1, 1, 1, 1, 1, 1, 1, 1, 1, 1, 1, 1]
	932154	796831	850488	11	M	14	A		-1	3044.84663769	[0, 1, 1, 1, 0, 0, 1, 1, 1, 1, 1, 1]
	901723	802965	873313	11	M	24	A		-1	3046.31656056	[1, 1, 1, 1, 1, 1, 1, 1, 1, 1, 1, 0]
	980592	840121	798774	11	M	86	A		-1	3046.78040865	[0, 1, 1, 0, 1, 1, 1, 1, 1, 1, 1, 1]
	957867	821063	871019	11	M	79	A		-1	3047.25305658	[1, 1, 1, 1, 1, 1, 1, 1, 1, 1, 1, 1]
	907049	797330	806878	11	M	95	A		-1	3048.09213482	[1, 1, 1, 1, 1, 1, 1, 1, 1, 1, 1, 0]
	989001	850713	842572	11	M	14	A		-1	3048.33308135	[1, 1, 1, 1, 1, 1, 1, 1, 1, 1, 1, 1]
	932291	835512	841534	11	M	75	A		-1	3048.45158129	[1, 1, 1, 0, 1, 1, 1, 1, 1, 1, 1, 1]
	965369	868926	794113	11	M	0	A		-1	3049.52390328	[1, 1, 1, 1, 1, 1, 1, 1, 1, 1, 1, 1]
	979239	825065	851704	11	M	18	A		-1	3050.96103169	[1, 1, 1, 1, 1, 1, 1, 1, 1, 1, 1, 1]
	916835	857168	854434	11	M	70	A		-1	3052.54046897	[1, 1, 1, 1, 1, 1, 1, 1, 1, 1, 1, 1]
	992744	894166	784709	11	M	51	A		-1	3052.72127286	[0, 1, 1, 1, 1, 1, 1, 1, 1, 1, 1, 1]
	956052	810983	721094	11	M	36	A		-1	3052.72223714	[1, 1, 1, 1, 1, 1, 1, 1, 1, 1, 1, 1]
	904430	803842	892760	11	M	44	A		-1	3053.85047709	[1, 0, 1, 1, 1, 1, 1, 1, 1, 1, 1, 1]
	939378	817705	855732	11	M	92	A		-1	3053.93819202	[1, 1, 1, 0, 1, 1, 1, 1, 1, 1, 1, 1]
	949560	842645	869991	11	M	64	A		-1	3054.38985225	[1, 1, 1, 1, 1, 1, 1, 1, 1, 1, 1, 1]
	911216	873518	818457	11	M	80	A		-1	3054.85636687	[1, 1, 1, 1, 1, 1, 1, 1, 1, 1, 1, 1]
	864006	768716	562718	10	M	91	A		-1	3055.62317655	[1, 1, 1, 1, 1, 1, 1, 1, 1, 1, 1, 1]
	959169	810983	825487	11	M	14	A		-1	3055.67786241	[1, 1, 1, 1, 1, 1, 1, 1, 1, 1, 1, 0]
	987301	806849	856846	11	M	89	A		-1	3056.79214715	[1, 1, 1, 1, 1, 1, 1, 1, 1, 1, 1, 1]
	929194	810477	867274	11	M	16	A		-1	3059.22144281	[1, 1, 1, 1, 1, 1, 1, 1, 1, 1, 1, 0]
	952380	814184	844194	11	M	28	A		-1	3060.67826852	[1, 1, 1, 1, 1, 1, 1, 1, 1, 1, 1, 1]
	954131	894166	844461	11	M	45	A		-1	3061.015664	[1, 1, 1, 1, 1, 1, 1, 1, 1, 1, 1, 1]
	962914	826170	812604	11	M	33	A		-1	3061.72750566	[1, 1, 1, 1, 1, 1, 1, 1, 1, 1, 1, 1]
	965016	885655	881965	11	M	85	A		-1	3062.99023581	[1, 1, 1, 1, 1, 1, 1, 0, 1, 1, 1, 1]
	905394	825065	891362	11	M	72	A		-1	3063.3050958	[1, 1, 1, 1, 1, 1, 1, 1, 1, 1, 1, 1]
	911610	843801	642357	11	M	90	A		-1	3063.62628444	[1, 1, 1, 1, 1, 1, 1, 1, 1, 1, 1, 1]
	937632	826082	820234	11	M	25	A		-1	3064.98475262	[1, 1, 1, 1, 1, 1, 1, 1, 1, 1, 0, 1]
	929106	838482	882103	11	M	13	A		-1	3066.3420686	[1, 1, 1, 1, 1, 1, 1, 1, 1, 1, 1, 1]
	872512	750700	764094	10	M	99	A		-1	3066.55098144	[1, 1, 1, 1, 1, 1, 1, 1, 1, 1, 1, 1]
	988096	859847	884298	11	M	65	A		-1	3066.75782691	[1, 1, 1, 1, 1, 1, 1, 1, 1, 1, 1, 1]
	927653	880544	825401	11	M	61	A		-1	3066.98391774	[1, 1, 1, 1, 1, 1, 1, 1, 1, 1, 1, 1]
	982243	831668	861313	11	M	3	A		-1	3067.0536041	[1, 1, 1, 1, 1, 1, 1, 1, 1, 1, 1, 1]
	988989	862711	857115	11	M	51	A		-1	3069.36524666	[1, 1, 1, 1, 1, 1, 1, 1, 1, 1, 1, 1]
	916887	838734	684057	11	M	34	A		-1	3071.97561883	[1, 1, 1, 1, 1, 1, 1, 1, 1, 1, 1, 1]
	973180	884351	834136	11	M	97	A		-1	3072.39795397	[1, 1, 1, 1, 1, 1, 1, 1, 1, 1, 1, 1]
	945766	802615	845934	11	M	49	A		-1	3072.81472169	[1, 1, 1, 1, 1, 1, 1, 1, 1, 1, 1, 0]
	989668	875955	809955	11	M	71	A		-1	3073.2388572	[1, 1, 1, 1, 1, 1, 1, 1, 1, 1, 1, 1]
	978926	855135	860118	11	M	71	A		-1	3073.91061268	[1, 1, 1, 1, 1, 1, 1, 1, 1, 1, 1, 1]
	909614	862711	756750	11	M	42	A		-1	3075.24022584	[1, 1, 1, 1, 1, 1, 1, 1, 1, 1, 1, 1]
	925400	864831	891380	11	M	44	A		-1	3075.42481042	[1, 1, 1, 1, 1, 1, 1, 1, 1, 1, 1, 1]
	975907	884565	823734	11	M	75	A		-1	3075.91127337	[1, 1, 1, 1, 1, 1, 1, 1, 1, 1, 1, 1]
	967486	878660	797822	11	M	61	A		-1	3076.24833781	[1, 1, 1, 1, 1, 1, 1, 1, 1, 1, 1, 1]
	940592	804765	759162	11	M	80	A		-1	3076.90962614	[1, 1, 1, 1, 1, 0, 1, 1, 1, 1, 1, 1]
	935316	847054	826034	11	M	3	A		-1	3077.22662907	[0, 1, 0, 1, 1, 1, 1, 1, 1, 1, 1, 1]
	973894	891169	796367	11	M	16	A		-1	3077.79520929	[1, 1, 1, 1, 1, 1, 1, 1, 1, 1, 1, 1]
	937230	878510	802206	11	M	85	A		-1	3078.46450336	[1, 1, 1, 1, 1, 1, 1, 1, 1, 1, 1, 0]
	842645	764538	704256	10	M	95	A		-1	3079.10826439	[1, 1, 1, 1, 1, 1, 1, 1, 1, 1, 1, 1]
	897985	815187	843994	11	M	66	A		-1	3079.55513603	[1, 1, 1, 1, 1, 1, 1, 1, 1, 1, 1, 1]
	802276	701625	701542	10	M	20	A		-1	3080.39076153	[1, 1, 1, 0, 0, 1, 1, 1, 1, 1, 1, 1]
	993132	704138	857900	11	M	25	A		-1	3083.41975495	[1, 1, 1, 1, 1, 1, 1, 1, 1, 1, 1, 1]
	993740	878856	796742	11	M	49	A		-1	3083.44119253	[0, 1, 1, 1, 1, 1, 1, 1, 1, 1, 1, 1]
	941214	891475	877636	11	M	0	A		-1	3084.86488675	[1, 1, 1, 0, 1, 1, 1, 1, 1, 1, 1, 1]
	970198	859707	834721	11	M	93	A		-1	3086.60632354	[1, 1, 1, 1, 1, 1, 1, 1, 1, 1, 1, 1]
	922065	846485	805388	11	M	85	A		-1	3088.80499638	[1, 1, 1, 1, 1, 1, 1, 1, 1, 1, 1, 1]
	932960	801047	817559	11	M	30	A		-1	3091.06227509	[1, 1, 1, 1, 1, 1, 1, 1, 1, 1, 1, 0]
	958502	819557	881491	11	M	19	A		-1	3091.24221623	[1, 1, 1, 1, 1, 1, 1, 1, 1, 1, 1, 0]
	915340	837537	863318	11	M	97	A		-1	3092.50512379	[1, 1, 1, 1, 1, 1, 1, 1, 1, 1, 1, 1]
	970404	840229	842129	11	M	84	A		-1	3094.3149577	[1, 1, 1, 1, 1, 1, 1, 1, 1, 1, 1, 1]
	964442	858245	879912	11	M	4	A		-1	3097.16631867	[1, 1, 1, 1, 1, 1, 1, 1, 1, 1, 1, 1]
	956270	879353	878125	11	M	87	A		-1	3097.98221605	[1, 1, 1, 1, 1, 1, 1, 1, 1, 1, 1, 1]
	904312	864006	889608	11	M	3	A		-1	3100.66035331	[1, 1, 1, 1, 1, 1, 1, 1, 1, 1, 1, 1]
	858674	751946	772121	10	M	97	A		-1	3101.43931175	[1, 1, 1, 0, 1, 1, 1, 1, 1, 1, 1, 1]
	897647	832859	647618	11	M	61	A		-1	3104.30715131	[1, 1, 1, 0, 1, 1, 1, 1, 1, 1, 1, 1]
	982739	844056	851383	11	M	61	A		-1	3105.01925399	[1, 1, 1, 1, 1, 1, 1, 1, 1, 1, 1, 1]
	915715	847358	787369	11	M	40	A		-1	3106.10262965	[1, 1, 1, 1, 1, 1, 1, 1, 1, 1, 1, 1]
	901289	827317	858435	11	M	46	A		-1	3110.08513797	[1, 1, 1, 1, 1, 1, 1, 1, 1, 1, 1, 1]
	927576	801300	883246	11	M	91	A		-1	3112.18528852	[1, 1, 1, 1, 1, 1, 1, 1, 1, 1, 1, 1]
	954436	800823	870718	11	M	69	A		-1	3113.05161834	[1, 1, 1, 1, 1, 1, 1, 1, 1, 1, 1, 1]
	907111	801850	882382	11	M	80	A		-1	3115.87376232	[1, 1, 1, 1, 1, 1, 1, 1, 1, 1, 0, 1]
	994470	886415	880106	11	M	50	A		-1	3116.95897631	[0, 1, 1, 0, 1, 1, 1, 1, 1, 1, 1, 1]
	965999	821063	712400	11	M	88	A		-1	3116.96951758	[1, 1, 1, 1, 1, 1, 1, 1, 1, 1, 1, 1]
	979656	826170	861726	11	M	23	A		-1	3119.81271286	[1, 1, 1, 1, 1, 1, 1, 1, 1, 1, 1, 1]
	909589	817705	839689	11	M	29	A		-1	3121.48587373	[1, 1, 1, 1, 1, 1, 1, 1, 1, 1, 1, 1]
	907805	823594	801908	11	M	88	A		-1	3123.66523579	[1, 1, 0, 1, 1, 1, 1, 1, 1, 1, 1, 1]
	942966	887075	894762	11	M	64	A		-1	3125.51671931	[1, 1, 1, 1, 1, 1, 1, 1, 1, 1, 1, 1]
	963316	822427	826346	11	M	51	A		-1	3126.51105809	[1, 1, 1, 1, 1, 1, 1, 1, 1, 1, 1, 1]
	901539	868926	859637	11	M	91	A		-1	3126.62462513	[1, 1, 1, 0, 1, 1, 1, 1, 1, 1, 1, 1]
	948765	894166	795242	11	M	97	A		-1	3127.91620759	[1, 1, 1, 1, 1, 1, 1, 1, 1, 1, 1, 1]
	953108	893390	810108	11	M	92	A		-1	3128.46001739	[1, 1, 1, 1, 1, 1, 1, 1, 1, 1, 1, 1]
	901218	891945	767806	11	M	37	A		-1	3132.25745008	[1, 1, 1, 1, 1, 1, 1, 1, 1, 1, 1, 1]
	994586	819109	815379	11	M	10	A		-1	3132.92072227	[1, 1, 1, 0, 1, 1, 1, 1, 1, 1, 1, 1]
	991142	840142	894278	11	M	92	A		-1	3134.75066198	[1, 1, 1, 1, 1, 1, 1, 1, 1, 1, 1, 1]
	941070	826170	866646	11	M	30	A		-1	3136.15656327	[1, 1, 1, 1, 1, 1, 1, 1, 1, 1, 1, 1]
	911581	815112	828295	11	M	35	A		-1	3136.9322418	[1, 1, 1, 0, 1, 1, 1, 1, 1, 1, 1, 1]
	987426	817705	818743	11	M	42	A		-1	3138.97838803	[1, 1, 1, 0, 1, 1, 1, 1, 1, 1, 1, 1]
	801300	700717	749621	10	M	24	A		-1	3140.15729657	[1, 1, 1, 1, 1, 1, 1, 1, 1, 1, 1, 1]
	817705	727579	745653	10	M	46	A		-1	3140.29633264	[1, 1, 1, 0, 1, 1, 1, 1, 1, 1, 1, 1]
	826170	738692	701659	10	M	35	A		-1	3144.93686576	[1, 1, 1, 1, 1, 1, 1, 1, 1, 1, 1, 1]
	949368	850089	807474	11	M	31	A		-1	3147.00316587	[0, 1, 1, 1, 1, 1, 1, 1, 1, 1, 1, 1]
	931476	872512	779549	11	M	37	A		-1	3147.9461995	[1, 1, 1, 1, 1, 1, 1, 1, 1, 1, 1, 1]
	931780	891945	834950	11	M	31	A		-1	3148.36531542	[1, 1, 1, 1, 1, 1, 1, 1, 1, 1, 1, 1]
	920716	868926	881749	11	M	95	A		-1	3152.57519743	[1, 1, 1, 1, 1, 1, 1, 1, 1, 1, 1, 1]
	954493	819026	869900	11	M	23	A		-1	3156.04501713	[0, 1, 1, 1, 1, 1, 1, 1, 1, 1, 1, 1]
	952419	847167	884604	11	M	18	A		-1	3157.22586254	[1, 1, 1, 1, 1, 1, 1, 1, 1, 1, 1, 1]
	942393	871922	892925	11	M	36	A		-1	3159.87336813	[1, 1, 1, 1, 1, 1, 1, 1, 1, 1, 1, 1]
	923256	801862	816707	11	M	62	A		-1	3161.99328353	[1, 0, 1, 1, 1, 1, 1, 1, 1, 1, 1, 1]
	977914	833130	861341	11	M	81	A		-1	3162.66475243	[1, 1, 1, 1, 1, 1, 1, 1, 1, 1, 1, 1]
	895965	806619	844422	11	M	43	A		-1	3164.18645747	[1, 1, 1, 0, 1, 1, 1, 1, 1, 1, 1, 1]
	953854	850089	812582	11	M	47	A		-1	3167.66879323	[1, 1, 0, 1, 1, 1, 1, 1, 1, 1, 1, 1]
	946945	806849	783773	11	M	86	A		-1	3185.20986906	[1, 1, 1, 1, 1, 1, 1, 1, 1, 1, 1, 1]
	899998	831668	697490	11	M	16	A		-1	3185.89158091	[1, 1, 1, 1, 1, 1, 1, 1, 1, 1, 1, 1]
	965483	825824	871958	11	M	99	A		-1	3186.60322184	[1, 1, 1, 1, 1, 0, 1, 1, 1, 1, 1, 1]
	987919	760787	858923	11	M	90	A		-1	3186.8290347	[0, 1, 1, 1, 1, 1, 1, 1, 1, 1, 1, 1]
	923008	843680	893261	11	M	58	A		-1	3189.72548784	[1, 1, 1, 1, 1, 1, 1, 1, 1, 1, 1, 1]
	904675	850713	799119	11	M	77	A		-1	3202.43969388	[1, 1, 1, 1, 1, 1, 1, 1, 1, 1, 1, 1]
	972049	866867	733417	11	M	27	A		-1	3203.84649751	[1, 1, 1, 1, 1, 1, 1, 1, 1, 1, 1, 1]
	989586	826951	803736	11	M	38	A		-1	3203.87243851	[1, 1, 1, 1, 1, 1, 1, 1, 1, 1, 1, 1]
	992807	893548	833557	11	M	17	A		-1	3208.19391356	[1, 1, 1, 1, 1, 1, 1, 1, 1, 1, 1, 1]
	985948	830586	861008	11	M	69	A		-1	3208.67274791	[1, 1, 1, 1, 1, 1, 1, 1, 1, 1, 1, 0]
	993835	855368	887339	11	M	45	A		-1	3213.91797708	[1, 1, 1, 1, 1, 1, 1, 1, 1, 1, 1, 1]
	921959	801047	883266	11	M	83	A		-1	3214.53953862	[1, 1, 1, 1, 1, 1, 1, 1, 1, 1, 1, 0]
	899981	876135	822675	11	M	18	A		-1	3221.84321809	[1, 1, 1, 1, 1, 1, 1, 1, 1, 1, 1, 1]
	941678	831930	831048	11	M	68	A		-1	3222.40308487	[1, 1, 1, 1, 1, 1, 1, 1, 1, 1, 1, 1]
	960994	823870	852417	11	M	54	A		-1	3229.70241369	[1, 1, 1, 1, 1, 1, 1, 1, 1, 1, 1, 1]
	929338	868926	857520	11	M	29	A		-1	3242.94777292	[1, 1, 1, 1, 1, 1, 1, 1, 1, 1, 1, 1]
	952402	827140	834122	11	M	73	A		-1	3243.21900402	[1, 1, 1, 1, 1, 1, 1, 1, 1, 1, 1, 1]
	944158	831145	835265	11	M	71	A		-1	3255.27631292	[1, 1, 1, 1, 1, 1, 1, 1, 1, 1, 1, 1]
	972242	884351	819686	11	M	96	A		-1	3285.36242881	[1, 1, 1, 1, 1, 1, 1, 1, 1, 1, 1, 1]
	953945	807221	800438	11	M	33	A		-1	3289.1061683	[1, 1, 1, 1, 1, 1, 1, 1, 1, 1, 1, 0]
	913953	802276	867604	11	M	52	A		-1	3299.90804877	[1, 1, 1, 0, 0, 1, 1, 1, 1, 1, 1, 1]
	948925	894166	822600	11	M	99	A		-1	3308.10966617	[1, 1, 1, 1, 1, 1, 1, 1, 1, 1, 1, 1]
	894166	743629	699056	10	M	5	A		-1	3351.15769717	[1, 1, 1, 1, 1, 1, 1, 1, 1, 1, 1, 1]
