animal	sire	dam	born	sex	herd	status	cause	died	TBV	recessives
	729457	565035	622464	9	M	57	A		-1	2479.0807185	[1, 1, 1, 0, 1, 1, 1, 1, 1, 1, 1, 1]
	728398	598510	596452	9	M	62	A		-1	2479.08355059	[1, 1, 0, 1, 1, 1, 1, 1, 1, 1, 1, 1]
	741749	646311	443909	9	M	45	A		-1	2479.25336397	[1, 1, 1, 1, 1, 1, 1, 1, 1, 1, 1, 1]
	750116	619116	608449	9	M	49	A		-1	2479.29129435	[1, 1, 1, 1, 1, 1, 1, 1, 1, 1, 1, 1]
	698042	663044	637986	9	M	60	A		-1	2479.85570436	[1, 1, 1, 1, 1, 1, 1, 1, 1, 1, 1, 1]
	705269	668374	623645	9	M	23	A		-1	2479.9947545	[1, 1, 1, 1, 1, 1, 1, 1, 1, 1, 1, 1]
	791817	670889	674974	9	M	100	A		-1	2480.19318222	[1, 1, 1, 1, 1, 1, 1, 1, 1, 1, 1, 1]
	717453	643417	558215	9	M	54	A		-1	2480.23840513	[1, 1, 1, 1, 1, 1, 1, 1, 1, 1, 1, 1]
	693719	517929	586317	8	M	95	A		-1	2480.4751534	[1, 1, 1, 1, 1, 1, 1, 1, 1, 1, 1, 1]
	784377	649836	655100	9	M	2	A		-1	2480.53404294	[1, 1, 1, 1, 1, 1, 1, 1, 1, 1, 1, 0]
	771973	689004	408580	9	M	39	A		-1	2480.75629838	[1, 1, 1, 1, 1, 1, 1, 0, 1, 1, 1, 1]
	731530	604775	625177	9	M	82	A		-1	2480.96005975	[1, 1, 1, 1, 1, 1, 1, 1, 1, 1, 1, 1]
	742827	611416	684597	9	M	80	A		-1	2481.11002195	[1, 1, 1, 1, 1, 1, 1, 1, 1, 1, 1, 1]
	748393	648480	656001	9	M	60	A		-1	2481.2912596	[1, 1, 1, 1, 1, 1, 1, 1, 1, 1, 1, 0]
	591119	441282	443436	7	M	49	A		-1	2481.33983186	[1, 1, 1, 1, 1, 1, 1, 1, 1, 1, 0, 1]
	736060	635320	656841	9	M	17	A		-1	2481.48963747	[1, 1, 1, 1, 1, 1, 1, 1, 1, 1, 1, 0]
	710006	641437	690812	9	M	64	A		-1	2482.35325652	[1, 1, 1, 1, 1, 1, 1, 1, 1, 1, 1, 1]
	712908	693719	379691	9	M	34	A		-1	2482.45069263	[1, 1, 1, 1, 1, 1, 1, 1, 1, 1, 1, 1]
	747980	660282	437004	9	M	54	A		-1	2482.59469455	[1, 1, 1, 1, 1, 1, 1, 1, 1, 1, 1, 1]
	698635	612014	563356	9	M	26	A		-1	2482.7318989	[0, 1, 1, 1, 1, 1, 1, 1, 1, 1, 1, 1]
	766421	599429	634808	9	M	70	A		-1	2483.62653474	[1, 1, 1, 1, 1, 1, 1, 1, 1, 1, 1, 1]
	733669	684551	665445	9	M	20	A		-1	2483.80694448	[1, 1, 1, 1, 1, 1, 1, 1, 1, 1, 1, 1]
	732485	616122	578897	9	M	23	A		-1	2483.83850822	[1, 1, 1, 1, 1, 0, 1, 1, 1, 1, 1, 0]
	725331	677233	594120	9	M	28	A		-1	2484.3833982	[1, 1, 1, 1, 1, 1, 1, 1, 1, 1, 1, 1]
	776599	607088	649931	9	M	90	A		-1	2484.44200008	[1, 1, 1, 1, 1, 1, 1, 1, 1, 1, 1, 1]
	756828	652725	581826	9	M	54	A		-1	2484.47472138	[1, 1, 1, 1, 1, 1, 1, 1, 1, 1, 1, 1]
	736117	676784	609638	9	M	35	A		-1	2484.51364125	[1, 1, 1, 1, 1, 1, 1, 1, 1, 1, 1, 1]
	785995	679175	677007	9	M	83	A		-1	2484.84390277	[1, 1, 0, 1, 1, 1, 1, 1, 1, 1, 1, 1]
	788722	676159	594933	9	M	41	A		-1	2484.86755587	[1, 1, 1, 1, 1, 1, 1, 1, 1, 1, 1, 1]
	738566	647196	602791	9	M	49	A		-1	2484.99173515	[1, 1, 1, 1, 1, 1, 1, 1, 1, 1, 1, 1]
	726490	627904	620531	9	M	70	A		-1	2485.42319771	[1, 1, 1, 1, 1, 1, 1, 1, 1, 1, 1, 1]
	793506	692240	545864	9	M	80	A		-1	2485.80946681	[1, 1, 1, 1, 1, 1, 1, 1, 1, 1, 1, 1]
	757759	678685	624552	9	M	98	A		-1	2485.83907847	[1, 1, 1, 1, 1, 1, 1, 1, 1, 1, 1, 1]
	769928	663608	633067	9	M	53	A		-1	2485.85114375	[1, 1, 1, 0, 1, 1, 1, 1, 1, 1, 1, 1]
	787030	669426	619145	9	M	91	A		-1	2485.99195302	[1, 1, 1, 1, 1, 1, 1, 1, 1, 1, 1, 1]
	748247	650236	501530	9	M	29	A		-1	2486.18240395	[1, 1, 1, 1, 1, 1, 1, 1, 1, 1, 1, 1]
	772396	688597	680636	9	M	48	A		-1	2486.35508178	[1, 1, 1, 1, 1, 1, 1, 1, 1, 1, 1, 1]
	715801	677199	609332	9	M	0	A		-1	2486.93435896	[1, 1, 1, 1, 1, 1, 1, 1, 1, 1, 1, 1]
	708385	606091	657225	9	M	51	A		-1	2486.94668608	[1, 1, 1, 1, 1, 1, 1, 1, 1, 1, 1, 1]
	753001	648182	670127	9	M	72	A		-1	2487.21174038	[1, 1, 1, 1, 1, 1, 1, 1, 1, 1, 1, 1]
	719363	651368	674968	9	M	93	A		-1	2487.33324944	[1, 1, 1, 1, 1, 1, 1, 1, 1, 1, 1, 1]
	643377	551884	582080	8	M	92	A		-1	2487.38958026	[1, 1, 1, 0, 1, 1, 1, 1, 1, 1, 1, 1]
	705399	651897	538731	9	M	76	A		-1	2487.39781164	[1, 1, 1, 1, 1, 1, 1, 1, 1, 1, 1, 1]
	726667	641155	612856	9	M	94	A		-1	2487.53241956	[1, 1, 1, 1, 1, 1, 1, 1, 1, 1, 1, 1]
	714367	625419	611842	9	M	76	A		-1	2487.95814936	[1, 1, 1, 1, 1, 1, 1, 1, 1, 1, 1, 1]
	725205	630701	599941	9	M	67	A		-1	2488.21284567	[1, 1, 1, 1, 1, 1, 1, 1, 1, 1, 1, 1]
	759549	692495	607977	9	M	79	A		-1	2489.42025273	[1, 1, 1, 1, 1, 1, 1, 1, 1, 1, 1, 1]
	702612	530308	616921	9	M	5	A		-1	2489.58380596	[1, 1, 1, 1, 1, 1, 1, 1, 1, 1, 1, 0]
	752560	668257	651980	9	M	47	A		-1	2489.70065436	[1, 1, 1, 1, 1, 1, 1, 1, 1, 1, 1, 1]
	749865	626270	600984	9	M	40	A		-1	2489.75549968	[1, 1, 1, 1, 1, 1, 1, 1, 1, 1, 1, 1]
	712480	670700	552100	9	M	6	A		-1	2490.04175929	[0, 1, 0, 1, 1, 1, 1, 1, 1, 1, 1, 0]
	710248	657169	582031	9	M	84	A		-1	2490.15012904	[1, 1, 1, 1, 1, 1, 1, 1, 1, 1, 1, 1]
	752168	526937	593425	9	M	28	A		-1	2490.28080829	[1, 1, 0, 1, 1, 1, 1, 1, 1, 1, 1, 1]
	661257	502513	458571	8	M	74	A		-1	2490.43203671	[1, 1, 1, 1, 1, 1, 1, 1, 1, 1, 1, 1]
	699542	670656	625662	9	M	23	A		-1	2490.83519312	[1, 1, 1, 1, 1, 1, 1, 1, 1, 1, 1, 1]
	758602	635320	649882	9	M	29	A		-1	2491.05565722	[1, 1, 1, 1, 1, 1, 1, 1, 1, 1, 1, 0]
	786791	687349	496208	9	M	1	A		-1	2491.15854106	[1, 1, 1, 1, 1, 1, 1, 1, 1, 1, 1, 1]
	791611	624543	647307	9	M	61	A		-1	2491.16309785	[1, 1, 1, 1, 1, 1, 1, 1, 1, 1, 1, 1]
	742049	690335	610043	9	M	16	A		-1	2491.23343271	[1, 1, 1, 1, 1, 1, 1, 1, 1, 1, 1, 1]
	767369	625419	322313	9	M	4	A		-1	2491.64143201	[1, 1, 1, 1, 1, 1, 1, 1, 1, 1, 1, 1]
	696078	565035	668333	9	M	68	A		-1	2491.68428179	[1, 1, 1, 1, 1, 1, 1, 1, 1, 1, 1, 1]
	705738	673121	541770	9	M	25	A		-1	2491.71272045	[1, 1, 1, 1, 1, 1, 1, 1, 1, 1, 1, 1]
	782382	539018	524789	9	M	81	A		-1	2491.99646405	[1, 1, 1, 1, 1, 1, 1, 1, 1, 1, 1, 1]
	721108	519472	622645	9	M	45	A		-1	2492.0743211	[1, 1, 1, 1, 1, 1, 1, 1, 1, 1, 1, 1]
	748143	680314	494915	9	M	49	A		-1	2492.09056268	[1, 1, 1, 1, 1, 1, 1, 1, 1, 1, 1, 1]
	783130	636919	640961	9	M	30	A		-1	2492.18439476	[1, 1, 1, 1, 1, 0, 1, 1, 1, 1, 1, 0]
	778813	659590	597343	9	M	83	A		-1	2492.36237003	[1, 1, 1, 1, 1, 1, 1, 1, 1, 1, 1, 1]
	738374	663534	600163	9	M	9	A		-1	2492.5345708	[0, 1, 1, 1, 1, 1, 1, 1, 1, 1, 1, 1]
	747226	690945	514977	9	M	46	A		-1	2492.91018784	[1, 1, 1, 1, 1, 1, 1, 1, 1, 1, 1, 1]
	791786	691849	644432	9	M	37	A		-1	2493.30733394	[1, 1, 1, 1, 1, 1, 1, 1, 1, 1, 1, 0]
	786627	609809	691593	9	M	57	A		-1	2493.60675837	[1, 1, 1, 1, 1, 1, 1, 1, 1, 1, 1, 1]
	764556	693991	505618	9	M	42	A		-1	2493.66531682	[1, 1, 1, 1, 1, 1, 1, 1, 1, 1, 1, 1]
	752298	631441	671255	9	M	67	A		-1	2493.78231486	[1, 1, 1, 1, 1, 1, 1, 1, 1, 1, 1, 1]
	750315	529885	655095	9	M	21	A		-1	2493.85772775	[1, 1, 1, 1, 1, 1, 1, 1, 1, 1, 1, 1]
	724740	680314	528273	9	M	47	A		-1	2494.79820861	[1, 1, 1, 1, 1, 1, 1, 1, 1, 1, 1, 1]
	741368	603945	618195	9	M	14	A		-1	2495.1576178	[1, 1, 1, 1, 1, 1, 1, 1, 1, 1, 1, 1]
	784619	624543	628310	9	M	80	A		-1	2495.72919608	[1, 1, 1, 1, 1, 1, 1, 1, 1, 1, 1, 1]
	713879	635777	660563	9	M	80	A		-1	2495.92272765	[1, 1, 1, 1, 1, 1, 1, 1, 1, 1, 1, 1]
	724251	620691	688188	9	M	93	A		-1	2496.10364246	[1, 1, 1, 1, 1, 1, 1, 1, 1, 1, 1, 1]
	666908	500604	574780	8	M	53	A		-1	2496.34469	[1, 1, 1, 1, 1, 1, 1, 1, 1, 1, 1, 1]
	758156	654552	677159	9	M	60	A		-1	2496.85854166	[1, 1, 1, 1, 1, 1, 1, 1, 1, 1, 0, 1]
	789672	666895	619262	9	M	82	A		-1	2496.86292489	[1, 1, 1, 1, 1, 1, 1, 1, 1, 1, 1, 1]
	754056	682278	693094	9	M	41	A		-1	2497.32426136	[1, 1, 1, 1, 1, 1, 1, 1, 1, 1, 1, 1]
	716757	694362	662877	9	M	91	A		-1	2497.39061829	[1, 1, 1, 1, 1, 1, 1, 1, 1, 1, 1, 1]
	783097	672049	690985	9	M	97	A		-1	2497.39313434	[1, 1, 1, 1, 1, 1, 1, 1, 1, 1, 1, 1]
	730266	654552	456985	9	M	27	A		-1	2497.78748039	[1, 1, 1, 1, 1, 1, 1, 1, 1, 1, 1, 1]
	764538	601987	614311	9	M	27	A		-1	2498.2249451	[1, 1, 1, 0, 1, 1, 1, 1, 1, 1, 1, 1]
	778321	657739	653252	9	M	90	A		-1	2498.57855677	[1, 1, 1, 1, 1, 1, 1, 1, 1, 1, 1, 1]
	752203	632044	660043	9	M	56	A		-1	2498.86872022	[1, 1, 1, 1, 1, 1, 1, 1, 1, 1, 1, 1]
	753516	601600	679357	9	M	4	A		-1	2499.92864223	[1, 1, 1, 1, 1, 1, 1, 1, 1, 1, 1, 1]
	782577	661257	615099	9	M	30	A		-1	2499.98126795	[1, 1, 1, 1, 1, 1, 1, 1, 1, 1, 1, 1]
	702694	692240	671107	9	M	96	A		-1	2500.14476682	[1, 1, 1, 1, 1, 1, 1, 1, 1, 1, 1, 1]
	788162	558346	609558	9	M	54	A		-1	2500.16043695	[1, 1, 1, 1, 1, 1, 1, 1, 1, 1, 1, 1]
	677306	591041	536468	8	M	24	A		-1	2500.30078432	[1, 1, 1, 1, 1, 1, 1, 1, 1, 1, 1, 1]
	762139	644737	577009	9	M	78	A		-1	2500.41955307	[1, 1, 1, 1, 1, 1, 1, 1, 1, 1, 1, 0]
	783663	641291	546028	9	M	41	A		-1	2500.95179901	[1, 1, 0, 1, 1, 1, 1, 1, 1, 1, 1, 1]
	686257	535040	520322	8	M	83	A		-1	2501.12691875	[1, 1, 1, 1, 1, 1, 1, 1, 1, 1, 1, 1]
	712449	648480	609178	9	M	13	A		-1	2501.3346918	[1, 1, 1, 1, 1, 1, 1, 1, 1, 1, 1, 1]
	791525	614760	685868	9	M	62	A		-1	2501.61105238	[1, 1, 1, 1, 1, 1, 1, 1, 1, 1, 1, 1]
	723549	675988	650904	9	M	86	A		-1	2501.82114533	[1, 1, 1, 1, 1, 1, 1, 1, 1, 1, 1, 1]
	780031	686409	591748	9	M	20	A		-1	2502.11906979	[1, 1, 1, 1, 1, 1, 1, 1, 1, 1, 1, 1]
	793097	662219	687941	9	M	50	A		-1	2502.15649791	[1, 1, 1, 1, 1, 1, 1, 1, 1, 1, 1, 1]
	778139	673358	680315	9	M	39	A		-1	2502.19603698	[1, 1, 1, 1, 1, 1, 1, 1, 1, 1, 1, 1]
	718728	657835	694179	9	M	75	A		-1	2502.6858218	[1, 1, 1, 1, 1, 1, 1, 1, 1, 1, 1, 1]
	727454	635677	626133	9	M	1	A		-1	2502.76571597	[1, 1, 1, 1, 1, 1, 1, 1, 1, 1, 1, 1]
	779923	615971	626994	9	M	22	A		-1	2503.05459919	[1, 1, 1, 0, 1, 1, 1, 1, 1, 1, 1, 1]
	774271	688222	589054	9	M	90	A		-1	2503.19442302	[1, 1, 1, 1, 1, 1, 1, 1, 1, 1, 1, 1]
	726684	575485	553764	9	M	32	A		-1	2503.34287327	[1, 1, 1, 1, 1, 1, 1, 1, 1, 1, 1, 0]
	705962	616124	616254	9	M	97	A		-1	2503.76147908	[1, 1, 1, 1, 1, 1, 1, 1, 1, 1, 1, 1]
	723987	670700	600668	9	M	71	A		-1	2504.18483523	[1, 0, 0, 1, 1, 1, 1, 1, 1, 1, 1, 1]
	739823	639102	613286	9	M	80	A		-1	2504.23475965	[1, 1, 1, 1, 1, 1, 1, 1, 1, 1, 1, 1]
	698969	622459	617128	9	M	90	A		-1	2504.8320397	[1, 1, 1, 1, 1, 1, 1, 1, 1, 1, 1, 1]
	771845	621841	647831	9	M	56	A		-1	2504.88541441	[1, 1, 1, 1, 1, 1, 1, 1, 1, 1, 1, 1]
	741280	668413	671415	9	M	7	A		-1	2504.88999166	[1, 1, 1, 1, 1, 1, 1, 1, 1, 1, 1, 1]
	765195	670889	615174	9	M	86	A		-1	2505.2490006	[1, 1, 1, 1, 1, 1, 1, 1, 1, 1, 1, 0]
	753194	670762	678669	9	M	94	A		-1	2505.56569247	[1, 1, 1, 1, 1, 1, 1, 1, 1, 1, 1, 1]
	761598	601456	618051	9	M	55	A		-1	2505.64794927	[1, 1, 1, 1, 1, 1, 1, 1, 1, 1, 1, 1]
	728627	655002	671603	9	M	28	A		-1	2505.94149671	[1, 1, 1, 1, 1, 1, 1, 1, 1, 1, 1, 1]
	738996	679175	691427	9	M	94	A		-1	2506.2558795	[1, 1, 1, 1, 1, 1, 1, 1, 1, 1, 1, 1]
	726529	578930	649757	9	M	100	A		-1	2506.69499709	[1, 1, 1, 1, 1, 1, 1, 1, 1, 1, 1, 0]
	792375	635777	601781	9	M	4	A		-1	2507.14027856	[1, 1, 1, 1, 1, 1, 1, 1, 1, 1, 1, 1]
	778447	597375	615206	9	M	58	A		-1	2507.14092472	[1, 1, 1, 1, 1, 1, 1, 1, 1, 1, 1, 1]
	776297	651652	624531	9	M	64	A		-1	2507.26585888	[1, 1, 1, 0, 1, 1, 1, 1, 1, 1, 1, 1]
	709430	654552	640421	9	M	74	A		-1	2507.38484898	[1, 1, 1, 1, 1, 1, 1, 1, 1, 1, 1, 1]
	781637	603945	593339	9	M	76	A		-1	2507.47669224	[1, 1, 0, 1, 1, 1, 1, 1, 1, 1, 1, 1]
	702493	598510	612121	9	M	51	A		-1	2508.2628992	[1, 1, 1, 1, 1, 1, 1, 1, 1, 1, 1, 1]
	772489	666385	616539	9	M	54	A		-1	2509.4968637	[1, 1, 1, 1, 1, 1, 1, 1, 1, 1, 1, 1]
	785852	641437	640933	9	M	54	A		-1	2509.63995485	[1, 1, 1, 1, 1, 1, 1, 1, 1, 1, 1, 1]
	779500	689576	634613	9	M	62	A		-1	2509.77665316	[1, 1, 1, 1, 1, 1, 1, 1, 1, 1, 1, 1]
	781300	633227	647406	9	M	64	A		-1	2510.38063844	[1, 1, 1, 1, 1, 1, 1, 1, 1, 1, 1, 1]
	752828	564358	656657	9	M	91	A		-1	2510.91315536	[1, 1, 1, 1, 1, 1, 1, 1, 1, 1, 1, 1]
	747994	683493	680301	9	M	2	A		-1	2511.01411216	[1, 1, 1, 0, 1, 1, 1, 1, 1, 1, 1, 1]
	635780	591827	514002	8	M	30	A		-1	2511.20551911	[1, 1, 1, 1, 1, 1, 1, 1, 1, 1, 1, 1]
	597428	541574	586428	8	M	46	A		-1	2511.24214172	[1, 1, 1, 1, 1, 1, 1, 1, 1, 1, 1, 1]
	784732	543448	670682	9	M	19	A		-1	2511.33309162	[1, 1, 1, 1, 1, 1, 1, 1, 1, 1, 1, 0]
	743161	630077	633749	9	M	65	A		-1	2511.45662644	[1, 1, 1, 1, 1, 1, 1, 1, 1, 1, 1, 1]
	695440	682870	673334	9	M	21	A		-1	2511.54394911	[1, 1, 1, 1, 1, 1, 1, 0, 1, 1, 1, 1]
	703107	663791	634228	9	M	36	A		-1	2511.59003479	[1, 0, 1, 1, 1, 1, 1, 1, 1, 1, 1, 1]
	714726	622612	604519	9	M	25	A		-1	2512.44568258	[1, 1, 1, 0, 1, 1, 1, 1, 1, 1, 1, 1]
	734541	625776	610500	9	M	78	A		-1	2513.12198949	[1, 1, 1, 1, 1, 1, 1, 1, 1, 1, 1, 1]
	715495	623033	681102	9	M	59	A		-1	2513.52772385	[1, 1, 1, 1, 1, 1, 1, 1, 1, 1, 1, 1]
	760225	689024	657237	9	M	67	A		-1	2513.80578744	[1, 1, 1, 1, 1, 1, 1, 1, 1, 1, 1, 1]
	726317	619480	564224	9	M	25	A		-1	2514.16187651	[1, 1, 1, 1, 1, 1, 1, 1, 1, 1, 1, 1]
	727650	690629	621810	9	M	50	A		-1	2514.35844581	[1, 1, 0, 1, 1, 1, 1, 1, 1, 1, 1, 1]
	790927	530308	607848	9	M	88	A		-1	2514.42338637	[1, 1, 1, 1, 1, 1, 1, 1, 1, 1, 1, 0]
	706166	630701	638594	9	M	91	A		-1	2514.49023568	[1, 0, 1, 1, 1, 1, 1, 1, 1, 1, 1, 1]
	716044	595304	476677	9	M	82	A		-1	2514.59179172	[1, 1, 1, 1, 1, 1, 1, 1, 1, 1, 1, 0]
	752974	669426	674779	9	M	42	A		-1	2514.64080357	[1, 1, 1, 0, 1, 1, 1, 1, 1, 1, 1, 1]
	696971	620161	626936	9	M	48	A		-1	2514.75075441	[1, 1, 1, 1, 1, 1, 1, 1, 1, 1, 1, 1]
	753451	622459	661173	9	M	85	A		-1	2514.92762908	[1, 1, 1, 1, 1, 1, 1, 1, 1, 1, 1, 1]
	720068	694362	503661	9	M	7	A		-1	2515.05675613	[1, 1, 1, 1, 1, 1, 1, 1, 1, 1, 1, 1]
	720970	628196	625465	9	M	57	A		-1	2515.13298082	[1, 1, 1, 1, 1, 1, 1, 1, 1, 1, 1, 1]
	645822	530275	576846	8	M	9	A		-1	2515.58533278	[1, 1, 1, 1, 1, 1, 1, 1, 1, 1, 1, 1]
	786493	631441	631861	9	M	1	A		-1	2516.04517225	[1, 1, 1, 1, 1, 1, 1, 1, 1, 1, 1, 1]
	724672	529885	682184	9	M	13	A		-1	2516.06510499	[1, 1, 1, 1, 1, 1, 1, 1, 1, 1, 1, 1]
	728391	630185	616751	9	M	23	A		-1	2516.31706849	[1, 1, 1, 1, 1, 1, 1, 1, 1, 1, 1, 1]
	758266	670589	667794	9	M	50	A		-1	2516.88418364	[1, 1, 1, 1, 1, 1, 1, 1, 1, 1, 1, 1]
	791162	640701	627831	9	M	85	A		-1	2517.30320092	[0, 1, 1, 1, 1, 1, 1, 1, 1, 1, 1, 1]
	711134	642125	538810	9	M	33	A		-1	2517.52244838	[1, 1, 1, 1, 1, 1, 1, 1, 1, 1, 1, 0]
	738329	693991	636690	9	M	98	A		-1	2517.65305849	[1, 1, 1, 1, 1, 1, 1, 1, 1, 1, 1, 1]
	688222	590043	551872	8	M	26	A		-1	2517.81742339	[1, 1, 1, 1, 1, 1, 1, 1, 1, 1, 1, 1]
	723843	639016	608861	9	M	57	A		-1	2517.82064797	[1, 1, 1, 1, 1, 1, 1, 1, 1, 1, 1, 1]
	701580	687493	643640	9	M	87	A		-1	2517.86485682	[1, 1, 1, 1, 1, 1, 1, 1, 1, 1, 1, 1]
	753232	675322	581814	9	M	10	A		-1	2518.31737471	[0, 1, 1, 1, 1, 1, 1, 1, 1, 1, 1, 1]
	762861	688222	598889	9	M	21	A		-1	2518.96216103	[1, 1, 1, 1, 1, 1, 1, 1, 1, 1, 1, 1]
	772381	650236	625214	9	M	80	A		-1	2519.23918442	[1, 1, 1, 0, 1, 1, 1, 1, 1, 1, 1, 1]
	729864	601456	682536	9	M	56	A		-1	2519.2937496	[1, 1, 1, 1, 1, 1, 1, 1, 1, 1, 1, 1]
	742875	639151	689330	9	M	18	A		-1	2519.31359255	[1, 1, 1, 1, 1, 1, 1, 1, 1, 1, 1, 1]
	722205	622057	646533	9	M	10	A		-1	2519.36397591	[1, 1, 1, 1, 1, 1, 1, 1, 1, 1, 1, 1]
	751960	662219	648075	9	M	9	A		-1	2519.77734991	[1, 1, 1, 1, 1, 1, 1, 1, 1, 1, 1, 1]
	715023	636767	630761	9	M	51	A		-1	2520.1887317	[0, 1, 1, 1, 1, 1, 1, 0, 1, 1, 1, 1]
	792324	516420	622303	9	M	51	A		-1	2520.51643476	[1, 1, 1, 1, 1, 1, 1, 1, 1, 1, 1, 1]
	782631	664989	655019	9	M	74	A		-1	2520.93019583	[1, 1, 1, 1, 1, 1, 1, 1, 1, 1, 1, 1]
	751946	675362	669087	9	M	50	A		-1	2521.51506302	[1, 1, 1, 0, 1, 1, 0, 1, 1, 1, 1, 1]
	730361	639016	502382	9	M	25	A		-1	2521.52519341	[1, 1, 1, 1, 1, 1, 1, 1, 1, 1, 1, 1]
	794642	645825	613957	9	M	56	A		-1	2521.74591353	[1, 1, 1, 1, 1, 1, 1, 1, 1, 1, 1, 1]
	727666	687520	680935	9	M	67	A		-1	2522.4419485	[1, 1, 0, 1, 1, 1, 1, 1, 1, 1, 1, 0]
	787692	667572	641787	9	M	66	A		-1	2523.12570605	[1, 1, 1, 1, 1, 1, 1, 1, 1, 1, 1, 1]
	743200	540118	689333	9	M	55	A		-1	2523.33214888	[1, 1, 1, 1, 1, 1, 1, 1, 1, 1, 1, 0]
	743798	626234	608667	9	M	83	A		-1	2523.64656209	[1, 1, 1, 1, 1, 0, 1, 1, 1, 1, 1, 1]
	758703	633778	635707	9	M	68	A		-1	2523.66075801	[1, 1, 1, 1, 1, 1, 1, 1, 1, 1, 1, 1]
	711181	620182	662354	9	M	79	A		-1	2523.73718427	[1, 1, 1, 1, 1, 1, 1, 1, 1, 1, 1, 0]
	716917	609826	610745	9	M	82	A		-1	2523.78173627	[1, 1, 1, 1, 1, 1, 1, 1, 1, 1, 1, 1]
	710772	638695	596425	9	M	44	A		-1	2523.86218191	[1, 1, 1, 1, 1, 1, 1, 1, 1, 1, 1, 1]
	754063	645945	618425	9	M	51	A		-1	2524.16590934	[1, 1, 1, 1, 1, 1, 1, 1, 1, 1, 1, 1]
	737761	689583	648835	9	M	81	A		-1	2524.20173422	[1, 1, 1, 1, 1, 1, 1, 0, 1, 1, 1, 1]
	714612	633735	677902	9	M	71	A		-1	2524.72339718	[1, 1, 1, 1, 1, 1, 1, 1, 1, 1, 1, 1]
	695588	652322	681137	9	M	2	A		-1	2524.73810357	[1, 1, 1, 0, 1, 1, 1, 1, 1, 1, 1, 1]
	784351	616256	674894	9	M	33	A		-1	2525.05815077	[1, 1, 1, 1, 1, 1, 1, 1, 1, 1, 1, 1]
	760983	645822	679702	9	M	3	A		-1	2525.19864604	[1, 1, 0, 1, 1, 1, 1, 1, 1, 1, 1, 1]
	773721	654552	682461	9	M	100	A		-1	2525.67234061	[1, 0, 1, 1, 1, 1, 1, 1, 1, 1, 1, 1]
	736834	646319	545236	9	M	54	A		-1	2525.92206275	[1, 1, 1, 1, 1, 1, 1, 1, 1, 1, 1, 1]
	757458	692094	428221	9	M	95	A		-1	2526.01048298	[1, 1, 1, 1, 1, 1, 1, 1, 1, 1, 1, 1]
	706520	654391	644367	9	M	56	A		-1	2526.60110985	[1, 1, 1, 1, 1, 1, 1, 1, 1, 1, 1, 1]
	754361	558346	613714	9	M	37	A		-1	2526.69407756	[1, 1, 1, 1, 1, 1, 1, 1, 1, 1, 1, 1]
	778762	619116	588924	9	M	71	A		-1	2527.15770214	[1, 1, 1, 1, 1, 1, 1, 1, 1, 1, 1, 1]
	764935	601600	602611	9	M	1	A		-1	2527.162605	[1, 1, 1, 1, 1, 1, 1, 1, 1, 1, 1, 1]
	710706	641357	584282	9	M	59	A		-1	2527.3114532	[1, 1, 1, 1, 1, 1, 1, 1, 1, 1, 1, 1]
	618910	508451	574745	8	M	90	A		-1	2527.6740154	[1, 1, 1, 1, 1, 0, 1, 1, 1, 1, 1, 1]
	696029	666908	541238	9	M	80	A		-1	2527.78175471	[1, 1, 1, 1, 1, 1, 1, 1, 1, 1, 1, 1]
	761727	644194	456925	9	M	81	A		-1	2527.86162537	[1, 1, 1, 1, 1, 1, 1, 1, 1, 1, 0, 1]
	742078	656084	615585	9	M	10	A		-1	2528.97531643	[1, 1, 1, 1, 1, 1, 1, 1, 1, 1, 1, 0]
	790669	635780	664770	9	M	89	A		-1	2529.07212535	[1, 1, 1, 1, 1, 1, 1, 1, 1, 1, 1, 1]
	721831	610217	667584	9	M	4	A		-1	2529.38235984	[1, 1, 1, 1, 1, 1, 1, 1, 1, 1, 1, 1]
	762557	640660	615803	9	M	33	A		-1	2529.43764414	[1, 1, 1, 1, 1, 1, 1, 1, 1, 1, 1, 1]
	762854	617853	656745	9	M	25	A		-1	2529.447386	[1, 1, 1, 1, 1, 1, 1, 1, 1, 1, 1, 1]
	716693	682525	630150	9	M	29	A		-1	2530.49831397	[1, 1, 1, 0, 1, 1, 1, 1, 1, 1, 1, 1]
	698753	693883	686963	9	M	10	A		-1	2530.51676996	[1, 1, 0, 1, 1, 1, 1, 1, 1, 1, 1, 1]
	711655	601600	541854	9	M	91	A		-1	2530.89578848	[1, 1, 1, 1, 1, 1, 0, 1, 1, 1, 1, 1]
	775074	614039	671878	9	M	52	A		-1	2531.15329395	[1, 1, 1, 1, 1, 1, 1, 1, 1, 1, 1, 1]
	788238	603613	602526	9	M	96	A		-1	2532.98096015	[1, 1, 1, 1, 1, 1, 1, 1, 1, 1, 1, 1]
	721699	652924	601045	9	M	87	A		-1	2533.0070969	[1, 1, 1, 1, 1, 1, 1, 1, 1, 1, 1, 1]
	785923	658073	671057	9	M	68	A		-1	2533.02314805	[1, 1, 1, 1, 1, 1, 1, 1, 1, 1, 1, 1]
	708775	694573	630917	9	M	4	A		-1	2533.09303938	[1, 1, 1, 1, 1, 1, 1, 1, 1, 1, 1, 1]
	785281	677270	684748	9	M	75	A		-1	2533.54470204	[1, 1, 1, 1, 1, 1, 1, 1, 1, 1, 1, 1]
	714689	614760	694213	9	M	87	A		-1	2533.71065245	[1, 1, 1, 1, 1, 1, 1, 1, 1, 1, 1, 1]
	708056	601600	512067	9	M	70	A		-1	2534.04479244	[1, 1, 1, 1, 1, 1, 1, 1, 1, 1, 1, 1]
	698838	667370	645994	9	M	46	A		-1	2534.43456583	[1, 1, 1, 1, 1, 1, 1, 1, 1, 1, 1, 1]
	758951	631018	665585	9	M	47	A		-1	2535.11504955	[1, 1, 1, 1, 1, 1, 1, 1, 1, 1, 1, 1]
	752164	678122	601709	9	M	86	A		-1	2535.22443915	[1, 1, 1, 1, 1, 1, 1, 1, 1, 1, 1, 1]
	721266	654552	605909	9	M	15	A		-1	2535.34190725	[1, 1, 1, 1, 1, 1, 1, 1, 1, 1, 1, 1]
	770801	670656	660232	9	M	56	A		-1	2535.46427799	[1, 1, 1, 1, 1, 1, 1, 1, 1, 1, 1, 1]
	781891	634310	685331	9	M	53	A		-1	2535.50164555	[1, 1, 1, 1, 1, 1, 1, 1, 1, 1, 1, 1]
	701923	682714	679696	9	M	40	A		-1	2536.01726802	[1, 1, 1, 1, 1, 1, 1, 1, 1, 1, 1, 1]
	714336	683493	610207	9	M	18	A		-1	2536.11610113	[1, 1, 1, 1, 1, 1, 1, 1, 1, 1, 1, 1]
	708856	648182	636441	9	M	1	A		-1	2536.50238887	[1, 1, 1, 1, 1, 1, 1, 1, 1, 1, 1, 1]
	764080	670762	635798	9	M	89	A		-1	2536.75854309	[1, 1, 1, 1, 1, 1, 1, 1, 1, 1, 1, 1]
	772431	626270	669585	9	M	49	A		-1	2537.11559678	[1, 1, 1, 1, 1, 1, 1, 1, 1, 1, 1, 1]
	750223	660068	678630	9	M	73	A		-1	2537.56893653	[1, 1, 1, 1, 1, 1, 1, 1, 1, 1, 1, 1]
	725737	660282	627286	9	M	95	A		-1	2537.88495116	[1, 1, 1, 1, 1, 1, 1, 1, 1, 1, 1, 1]
	761901	692094	641338	9	M	58	A		-1	2538.50260788	[1, 1, 1, 1, 1, 1, 1, 1, 1, 1, 1, 1]
	723256	677177	629711	9	M	38	A		-1	2538.93685203	[1, 1, 1, 1, 1, 1, 1, 1, 1, 1, 1, 1]
	741711	564358	616120	9	M	24	A		-1	2539.60408878	[0, 1, 1, 1, 1, 1, 1, 1, 1, 1, 1, 1]
	786679	659590	652720	9	M	37	A		-1	2539.74974835	[1, 1, 0, 1, 1, 1, 1, 1, 1, 1, 1, 1]
	710180	631084	687674	9	M	81	A		-1	2539.87383425	[1, 1, 1, 1, 1, 1, 1, 1, 1, 1, 1, 1]
	775350	692094	536028	9	M	58	A		-1	2539.90217893	[1, 1, 1, 1, 1, 1, 1, 1, 1, 1, 1, 1]
	722382	558346	638738	9	M	75	A		-1	2540.27107589	[1, 1, 1, 1, 1, 1, 1, 1, 1, 1, 1, 1]
	768355	681359	612425	9	M	46	A		-1	2540.92165547	[1, 1, 1, 1, 1, 1, 1, 0, 1, 1, 1, 0]
	703477	595304	664599	9	M	98	A		-1	2541.35744048	[1, 1, 1, 1, 1, 1, 1, 1, 1, 1, 1, 1]
	696407	610941	601533	9	M	72	A		-1	2541.49317169	[1, 1, 1, 1, 1, 1, 1, 1, 1, 1, 1, 1]
	699919	619480	622783	9	M	62	A		-1	2541.4978327	[1, 1, 1, 1, 1, 1, 1, 1, 1, 1, 1, 1]
	782287	682870	617544	9	M	3	A		-1	2542.76623764	[1, 1, 1, 1, 1, 1, 1, 1, 1, 1, 1, 1]
	751260	674654	608980	9	M	52	A		-1	2543.23690053	[1, 1, 1, 1, 1, 1, 1, 1, 1, 1, 1, 1]
	743121	653300	625335	9	M	98	A		-1	2543.32292466	[1, 1, 1, 1, 1, 1, 1, 1, 1, 1, 1, 1]
	747144	610941	646691	9	M	33	A		-1	2543.3335021	[1, 1, 1, 1, 1, 1, 1, 1, 1, 1, 1, 1]
	749635	647508	632794	9	M	44	A		-1	2543.58356313	[1, 1, 1, 1, 1, 1, 1, 1, 1, 1, 1, 1]
	727284	607088	603022	9	M	52	A		-1	2544.08212581	[1, 1, 1, 1, 1, 1, 1, 1, 1, 1, 1, 1]
	755031	627425	692016	9	M	42	A		-1	2544.08886861	[1, 1, 1, 1, 1, 1, 1, 1, 1, 1, 1, 1]
	726774	612587	591682	9	M	15	A		-1	2544.11305305	[1, 1, 1, 1, 1, 1, 1, 1, 1, 1, 1, 1]
	704035	644596	681062	9	M	80	A		-1	2544.64062024	[1, 1, 1, 1, 1, 1, 1, 1, 1, 1, 1, 1]
	764351	639544	661379	9	M	21	A		-1	2544.84730777	[1, 1, 1, 1, 1, 1, 1, 1, 1, 1, 1, 1]
	779348	688222	631069	9	M	54	A		-1	2544.93676125	[1, 1, 1, 1, 1, 1, 1, 1, 1, 1, 1, 1]
	791386	682561	519244	9	M	65	A		-1	2545.20313035	[1, 1, 1, 1, 1, 1, 1, 1, 1, 1, 1, 1]
	709271	643377	608911	9	M	29	A		-1	2545.48402899	[1, 1, 1, 0, 1, 1, 1, 1, 1, 1, 1, 1]
	785356	626234	515173	9	M	89	A		-1	2545.48435268	[1, 1, 1, 1, 1, 1, 1, 1, 1, 1, 1, 1]
	622146	576242	528817	8	M	35	A		-1	2545.81789135	[1, 1, 1, 1, 1, 1, 1, 1, 1, 1, 1, 1]
	734051	677030	645739	9	M	94	A		-1	2546.09680107	[1, 1, 1, 1, 1, 1, 1, 1, 1, 1, 1, 0]
	739144	626270	654952	9	M	84	A		-1	2546.21679782	[1, 1, 1, 1, 1, 1, 1, 1, 1, 1, 1, 1]
	792588	666908	648194	9	M	16	A		-1	2546.3099228	[1, 1, 1, 1, 1, 1, 1, 1, 1, 1, 1, 1]
	784292	612885	613412	9	M	96	A		-1	2546.56770364	[1, 1, 1, 1, 1, 1, 1, 1, 1, 1, 1, 1]
	785324	663935	601530	9	M	77	A		-1	2547.36232355	[1, 1, 1, 1, 1, 1, 1, 1, 1, 1, 1, 1]
	771391	689827	596245	9	M	80	A		-1	2547.69412246	[1, 1, 1, 0, 1, 1, 1, 1, 1, 1, 1, 1]
	777301	665868	641184	9	M	3	A		-1	2547.75122521	[1, 1, 1, 1, 1, 1, 1, 1, 1, 1, 1, 1]
	716484	647508	694291	9	M	87	A		-1	2548.1384677	[1, 1, 1, 1, 1, 1, 1, 1, 1, 1, 1, 1]
	765836	642376	654142	9	M	58	A		-1	2548.75230066	[1, 1, 0, 1, 1, 1, 1, 1, 1, 1, 1, 1]
	779545	606549	595322	9	M	68	A		-1	2548.91498671	[1, 1, 1, 1, 1, 1, 1, 1, 1, 1, 1, 1]
	698634	597428	584665	9	M	18	A		-1	2549.1240741	[1, 1, 1, 1, 1, 1, 1, 1, 1, 1, 1, 1]
	716624	692240	652358	9	M	86	A		-1	2550.27756212	[1, 1, 1, 1, 1, 1, 1, 1, 1, 1, 1, 1]
	702595	517689	577457	9	M	38	A		-1	2550.78830944	[1, 1, 1, 1, 1, 1, 1, 1, 1, 1, 1, 1]
	747757	602445	522046	9	M	5	A		-1	2551.12953023	[1, 1, 1, 1, 1, 1, 1, 1, 1, 1, 1, 1]
	746640	610796	617428	9	M	13	A		-1	2551.23832807	[1, 1, 1, 1, 1, 1, 1, 1, 1, 1, 1, 1]
	699698	635320	652629	9	M	35	A		-1	2551.64624113	[1, 1, 1, 1, 1, 1, 1, 1, 1, 1, 1, 0]
	771342	605484	597936	9	M	64	A		-1	2551.67638092	[1, 1, 1, 1, 1, 1, 1, 1, 1, 1, 1, 1]
	703795	636353	558723	9	M	27	A		-1	2551.76809968	[1, 1, 1, 1, 1, 1, 1, 1, 1, 1, 1, 1]
	718003	683146	512251	9	M	14	A		-1	2551.97224452	[1, 1, 1, 1, 1, 1, 1, 1, 1, 1, 1, 1]
	754477	658375	595604	9	M	60	A		-1	2552.27645733	[1, 1, 1, 1, 1, 1, 1, 1, 1, 1, 1, 1]
	723213	654961	500779	9	M	27	A		-1	2552.43608975	[1, 1, 1, 1, 1, 1, 1, 1, 1, 1, 1, 1]
	715666	690629	623855	9	M	98	A		-1	2552.59521363	[1, 1, 1, 1, 1, 1, 1, 1, 1, 1, 1, 1]
	701625	659590	510395	9	M	73	A		-1	2553.00544274	[1, 1, 1, 0, 1, 1, 1, 1, 1, 1, 1, 1]
	705314	543448	502176	9	M	75	A		-1	2553.40260141	[1, 0, 1, 1, 1, 1, 1, 1, 1, 1, 1, 1]
	702242	622540	584177	9	M	0	A		-1	2553.63822128	[1, 1, 1, 1, 1, 1, 1, 1, 1, 1, 1, 1]
	716436	663895	527128	9	M	21	A		-1	2553.66800886	[1, 1, 1, 1, 1, 1, 1, 1, 1, 1, 1, 1]
	776854	591827	623381	9	M	86	A		-1	2553.71318689	[1, 1, 1, 1, 1, 1, 1, 1, 1, 1, 1, 1]
	748160	627382	511160	9	M	97	A		-1	2553.81287819	[1, 1, 1, 1, 1, 1, 1, 1, 1, 1, 1, 1]
	751046	648371	530564	9	M	34	A		-1	2554.35195939	[1, 0, 1, 1, 1, 1, 1, 1, 1, 1, 1, 1]
	703141	627904	621447	9	M	59	A		-1	2554.90509759	[1, 1, 1, 1, 1, 1, 1, 1, 1, 1, 1, 1]
	710496	596335	664065	9	M	37	A		-1	2555.15190299	[1, 1, 1, 1, 1, 1, 1, 1, 1, 1, 1, 1]
	714771	641692	657994	9	M	33	A		-1	2556.98504748	[1, 1, 1, 1, 1, 1, 1, 1, 1, 1, 1, 0]
	719319	642261	643335	9	M	0	A		-1	2557.22199134	[1, 1, 1, 1, 1, 1, 1, 1, 1, 1, 1, 1]
	745872	535983	442910	9	M	19	A		-1	2557.50327707	[1, 1, 1, 0, 1, 1, 1, 1, 1, 1, 1, 1]
	702816	622146	439400	9	M	74	A		-1	2557.94825513	[1, 1, 1, 1, 1, 1, 1, 1, 1, 1, 1, 1]
	738929	601456	666775	9	M	97	A		-1	2558.16188821	[1, 1, 1, 1, 1, 1, 1, 1, 1, 1, 1, 1]
	713666	620182	624375	9	M	34	A		-1	2558.78490869	[1, 1, 1, 1, 1, 1, 1, 1, 1, 1, 1, 0]
	743735	632754	638547	9	M	76	A		-1	2559.93700668	[1, 1, 1, 1, 1, 1, 1, 1, 1, 1, 1, 0]
	706190	658375	611815	9	M	32	A		-1	2560.03567627	[1, 1, 1, 1, 1, 1, 1, 1, 1, 1, 1, 1]
	697773	659204	605233	9	M	8	A		-1	2560.11519078	[1, 1, 1, 1, 1, 1, 1, 1, 1, 1, 0, 1]
	794753	656061	529804	9	M	76	A		-1	2560.15569148	[1, 1, 1, 1, 1, 1, 1, 1, 1, 1, 1, 1]
	749383	654306	575284	9	M	32	A		-1	2560.84666388	[1, 1, 1, 1, 1, 0, 1, 1, 1, 1, 1, 0]
	609826	530308	568324	8	M	49	A		-1	2561.00695756	[1, 1, 0, 1, 1, 1, 1, 1, 1, 1, 1, 0]
	748125	543448	629704	9	M	51	A		-1	2561.39370352	[1, 1, 1, 1, 1, 1, 1, 1, 1, 1, 1, 1]
	696899	639151	553388	9	M	73	A		-1	2561.73228717	[1, 1, 1, 1, 1, 1, 1, 1, 1, 1, 1, 1]
	616124	532720	593526	8	M	93	A		-1	2561.77916754	[1, 1, 1, 1, 1, 1, 1, 1, 1, 1, 1, 1]
	709192	616122	611798	9	M	30	A		-1	2561.79867204	[1, 1, 1, 1, 1, 1, 1, 1, 1, 1, 1, 0]
	753277	689754	676287	9	M	21	A		-1	2562.47814721	[1, 1, 1, 1, 1, 1, 1, 1, 1, 1, 1, 1]
	719535	622612	638885	9	M	9	A		-1	2562.8649439	[1, 1, 1, 1, 1, 1, 1, 1, 1, 1, 1, 1]
	687493	587009	576206	8	M	15	A		-1	2562.96331316	[1, 1, 1, 1, 1, 1, 1, 1, 1, 1, 1, 1]
	683493	524324	504233	8	M	48	A		-1	2564.11732097	[1, 1, 1, 1, 1, 1, 1, 1, 1, 1, 1, 1]
	793717	630185	618514	9	M	83	A		-1	2564.30951513	[1, 0, 1, 1, 1, 1, 1, 1, 1, 1, 1, 1]
	769135	687493	592327	9	M	95	A		-1	2564.49126445	[1, 1, 1, 1, 1, 1, 1, 1, 1, 1, 1, 1]
	721589	650236	597914	9	M	32	A		-1	2564.70382094	[1, 1, 1, 1, 1, 1, 1, 1, 1, 1, 1, 1]
	793403	686257	427323	9	M	50	A		-1	2565.03988716	[1, 1, 1, 1, 1, 1, 1, 1, 1, 1, 1, 1]
	715927	665698	503487	9	M	3	A		-1	2565.79541395	[1, 1, 1, 1, 1, 1, 1, 1, 1, 1, 1, 1]
	744929	625915	677259	9	M	70	A		-1	2565.84056422	[1, 0, 1, 1, 1, 1, 1, 1, 1, 1, 1, 0]
	753841	632796	673619	9	M	64	A		-1	2565.92624261	[1, 1, 1, 1, 1, 1, 1, 1, 1, 1, 1, 1]
	657739	561915	584417	8	M	28	A		-1	2567.14533164	[1, 1, 1, 1, 1, 1, 1, 1, 1, 1, 1, 1]
	746792	639016	612204	9	M	84	A		-1	2567.28718323	[1, 1, 1, 1, 1, 1, 1, 1, 1, 1, 1, 1]
	762680	626234	653354	9	M	39	A		-1	2567.96665626	[1, 1, 0, 1, 1, 1, 1, 1, 1, 1, 1, 1]
	765688	601372	597660	9	M	64	A		-1	2571.2223079	[1, 1, 1, 1, 1, 1, 1, 0, 1, 1, 1, 1]
	720954	595293	601931	9	M	70	A		-1	2572.73686262	[1, 1, 1, 1, 1, 1, 1, 1, 1, 1, 1, 1]
	783415	596335	576399	9	M	29	A		-1	2572.89136323	[0, 1, 1, 1, 1, 1, 1, 1, 1, 1, 1, 1]
	766682	661257	595720	9	M	37	A		-1	2573.60549396	[1, 1, 1, 1, 1, 1, 1, 1, 1, 1, 1, 1]
	788050	678122	669977	9	M	54	A		-1	2573.97032101	[1, 1, 1, 1, 1, 1, 1, 1, 1, 1, 1, 1]
	792940	530275	688978	9	M	7	A		-1	2574.0142407	[1, 1, 1, 1, 1, 1, 1, 1, 1, 1, 1, 1]
	750678	617314	570363	9	M	60	A		-1	2574.58119673	[1, 1, 1, 1, 1, 1, 1, 1, 1, 1, 1, 1]
	760398	677177	632459	9	M	4	A		-1	2574.64345267	[1, 1, 0, 1, 1, 1, 1, 1, 1, 1, 1, 1]
	718458	558346	689470	9	M	82	A		-1	2576.16005571	[1, 1, 1, 1, 1, 1, 1, 1, 1, 1, 1, 1]
	776993	622458	634610	9	M	24	A		-1	2576.35186777	[1, 1, 1, 0, 1, 1, 1, 1, 1, 1, 1, 1]
	751359	673358	630922	9	M	54	A		-1	2578.45489452	[1, 1, 1, 1, 1, 1, 1, 1, 1, 1, 1, 1]
	735140	617570	416971	9	M	30	A		-1	2578.49266216	[1, 1, 1, 1, 1, 1, 1, 1, 1, 1, 1, 1]
	741599	622146	647076	9	M	56	A		-1	2579.75342884	[1, 1, 1, 1, 1, 1, 1, 1, 1, 1, 1, 1]
	758365	615971	601012	9	M	79	A		-1	2580.29820193	[1, 1, 1, 0, 1, 1, 1, 1, 1, 1, 1, 0]
	543448	468217	460537	7	M	14	A		-1	2580.55754943	[1, 1, 1, 1, 1, 1, 1, 1, 1, 1, 1, 1]
	702929	609514	591829	9	M	98	A		-1	2580.68312025	[1, 1, 1, 1, 1, 1, 1, 1, 1, 1, 1, 0]
	694945	626234	636517	9	M	90	A		-1	2581.41709909	[1, 1, 1, 1, 1, 1, 1, 1, 1, 1, 1, 1]
	724423	623033	631095	9	M	28	A		-1	2583.02027278	[1, 1, 1, 1, 1, 1, 1, 1, 1, 1, 1, 1]
	769726	598855	680623	9	M	81	A		-1	2583.46750672	[1, 1, 1, 1, 1, 1, 1, 1, 1, 1, 1, 1]
	713255	691901	478374	9	M	77	A		-1	2583.47216986	[1, 1, 1, 1, 1, 1, 1, 1, 1, 1, 1, 0]
	720112	655300	480125	9	M	21	A		-1	2584.96439429	[1, 1, 1, 1, 1, 1, 1, 1, 1, 1, 1, 0]
	768645	659217	625074	9	M	75	A		-1	2585.34501665	[1, 1, 1, 1, 1, 1, 1, 1, 1, 1, 1, 1]
	762949	687520	617906	9	M	38	A		-1	2585.98621632	[1, 1, 1, 1, 1, 1, 1, 1, 1, 1, 1, 1]
	715177	626234	650190	9	M	6	A		-1	2586.22415717	[1, 1, 1, 1, 1, 1, 1, 1, 1, 1, 1, 1]
	724064	676159	618453	9	M	31	A		-1	2586.69902794	[1, 1, 1, 1, 1, 1, 1, 1, 1, 1, 1, 1]
	727509	662430	667063	9	M	46	A		-1	2587.69161289	[1, 1, 1, 1, 1, 1, 1, 1, 1, 1, 1, 1]
	721892	617501	605863	9	M	10	A		-1	2588.08459383	[1, 1, 1, 1, 1, 1, 1, 1, 1, 1, 1, 1]
	698135	616256	657598	9	M	79	A		-1	2589.27061441	[1, 1, 1, 1, 1, 1, 1, 1, 1, 1, 1, 1]
	626234	516420	538205	8	M	21	A		-1	2589.30012643	[1, 1, 1, 1, 1, 1, 1, 1, 1, 1, 1, 1]
	706938	648371	624099	9	M	39	A		-1	2589.43413364	[1, 1, 1, 1, 1, 1, 1, 1, 1, 1, 1, 1]
	788134	691653	603769	9	M	76	A		-1	2589.94865994	[1, 1, 1, 1, 1, 1, 1, 1, 1, 1, 1, 1]
	756766	620182	603052	9	M	8	A		-1	2590.10148448	[1, 1, 0, 1, 1, 1, 1, 1, 1, 1, 1, 0]
	630077	496651	538129	8	M	37	A		-1	2590.52289441	[1, 1, 0, 1, 1, 1, 1, 1, 1, 1, 1, 1]
	617570	529885	583646	8	M	1	A		-1	2591.00631747	[1, 1, 1, 1, 1, 1, 1, 1, 1, 1, 1, 1]
	743629	569468	522955	9	M	4	A		-1	2591.08377875	[1, 1, 1, 1, 1, 1, 1, 1, 1, 1, 1, 0]
	779333	646307	427855	9	M	32	A		-1	2592.85524643	[1, 1, 1, 1, 1, 1, 1, 1, 1, 1, 1, 1]
	785018	642376	620313	9	M	39	A		-1	2593.072793	[1, 1, 1, 1, 1, 1, 1, 1, 1, 1, 1, 1]
	753263	693967	625251	9	M	69	A		-1	2593.36938036	[1, 1, 0, 1, 1, 1, 1, 1, 1, 1, 1, 1]
	729266	530275	634916	9	M	92	A		-1	2594.11892356	[1, 1, 1, 1, 1, 1, 1, 1, 1, 1, 1, 1]
	740746	671479	634952	9	M	95	A		-1	2594.9576724	[1, 1, 1, 1, 1, 1, 1, 1, 1, 1, 1, 1]
	731322	530275	611257	9	M	60	A		-1	2595.11134185	[1, 1, 1, 1, 1, 1, 1, 1, 1, 1, 1, 1]
	723787	578930	688953	9	M	53	A		-1	2595.1861719	[1, 1, 1, 1, 1, 1, 1, 1, 1, 1, 1, 1]
	746913	543448	598245	9	M	1	A		-1	2595.53011301	[1, 1, 1, 1, 1, 1, 1, 1, 1, 1, 1, 1]
	677233	583333	567873	8	M	59	A		-1	2596.84196183	[1, 1, 1, 1, 0, 1, 1, 1, 1, 1, 1, 1]
	772581	670803	680885	9	M	19	A		-1	2596.99395666	[1, 1, 1, 1, 1, 0, 1, 1, 1, 1, 1, 1]
	719693	633778	624412	9	M	73	A		-1	2597.57248492	[1, 1, 1, 1, 1, 1, 1, 1, 1, 1, 1, 1]
	756244	645925	672730	9	M	16	A		-1	2598.04695954	[1, 0, 1, 1, 1, 1, 1, 1, 1, 1, 1, 1]
	787306	657838	531543	9	M	42	A		-1	2598.60217775	[0, 1, 1, 1, 1, 1, 1, 1, 1, 1, 1, 1]
	745651	638525	688634	9	M	81	A		-1	2599.29256979	[1, 1, 1, 1, 1, 1, 1, 1, 1, 1, 1, 1]
	727579	657838	533495	9	M	62	A		-1	2599.79941983	[1, 1, 1, 1, 1, 1, 1, 1, 1, 1, 1, 1]
	697252	617570	659996	9	M	57	A		-1	2599.95027401	[1, 1, 1, 1, 1, 1, 1, 1, 1, 1, 1, 1]
	755666	665868	649412	9	M	56	A		-1	2601.12460703	[1, 1, 1, 1, 1, 1, 1, 1, 1, 1, 1, 1]
	780505	678685	623241	9	M	7	A		-1	2601.34735883	[1, 1, 1, 1, 1, 1, 1, 1, 1, 1, 1, 1]
	734493	539018	612098	9	M	14	A		-1	2603.02637153	[1, 1, 1, 1, 1, 1, 1, 1, 1, 1, 1, 1]
	779703	620444	682528	9	M	97	A		-1	2603.66059202	[1, 1, 1, 1, 1, 1, 1, 1, 1, 1, 1, 1]
	790499	673121	630391	9	M	20	A		-1	2604.48219605	[1, 1, 1, 1, 1, 1, 1, 0, 1, 1, 0, 1]
	716214	694353	644564	9	M	50	A		-1	2606.40894602	[1, 1, 1, 1, 1, 1, 1, 1, 1, 1, 1, 1]
	781443	691591	661333	9	M	1	A		-1	2606.88032485	[1, 1, 1, 1, 1, 1, 1, 1, 1, 1, 1, 1]
	705576	661267	693892	9	M	27	A		-1	2607.02560807	[1, 1, 1, 1, 1, 1, 1, 1, 1, 1, 1, 0]
	732539	611412	625169	9	M	62	A		-1	2607.93719037	[1, 1, 1, 1, 1, 1, 1, 1, 1, 1, 1, 1]
	700717	645945	660857	9	M	23	A		-1	2607.95012291	[1, 1, 1, 1, 1, 1, 1, 1, 1, 1, 1, 1]
	750636	686409	660830	9	M	83	A		-1	2608.53747074	[1, 1, 1, 1, 1, 1, 1, 1, 1, 1, 1, 1]
	783649	678829	533429	9	M	66	A		-1	2609.1307861	[1, 1, 1, 1, 1, 1, 1, 1, 1, 1, 1, 0]
	737907	687349	616002	9	M	23	A		-1	2609.68783405	[1, 1, 1, 1, 1, 1, 1, 1, 1, 1, 1, 1]
	754254	677306	650405	9	M	89	A		-1	2610.67631496	[1, 1, 1, 1, 1, 1, 1, 1, 1, 1, 1, 1]
	772608	616124	612682	9	M	50	A		-1	2610.85178385	[1, 1, 1, 1, 1, 1, 1, 1, 1, 1, 1, 1]
	725561	627382	631164	9	M	33	A		-1	2610.92038256	[1, 1, 1, 1, 1, 1, 1, 1, 1, 1, 1, 1]
	791142	617570	684224	9	M	39	A		-1	2611.00069642	[1, 1, 1, 1, 1, 1, 1, 1, 1, 1, 1, 1]
	782920	597054	675982	9	M	99	A		-1	2612.01007318	[1, 1, 1, 1, 1, 1, 1, 1, 1, 1, 1, 1]
	735845	633778	620340	9	M	52	A		-1	2612.68980706	[1, 1, 1, 1, 1, 1, 1, 1, 1, 1, 1, 1]
	700589	620444	647463	9	M	26	A		-1	2613.05296916	[1, 1, 0, 1, 1, 1, 1, 1, 1, 1, 1, 1]
	735251	617256	497981	9	M	81	A		-1	2613.62645118	[1, 1, 1, 1, 1, 1, 1, 1, 1, 1, 1, 1]
	712284	689541	612753	9	M	58	A		-1	2613.72120519	[1, 1, 1, 1, 1, 1, 1, 1, 1, 1, 1, 1]
	728541	686957	554891	9	M	1	A		-1	2614.07581719	[1, 1, 1, 1, 1, 1, 1, 1, 1, 1, 1, 1]
	730574	625419	632352	9	M	87	A		-1	2615.00379697	[1, 1, 1, 1, 1, 1, 1, 1, 1, 1, 1, 1]
	759557	694353	595915	9	M	5	A		-1	2615.2191055	[1, 1, 1, 1, 1, 1, 1, 1, 1, 1, 1, 1]
	696223	612014	618303	9	M	93	A		-1	2615.54960364	[1, 1, 1, 1, 1, 1, 1, 1, 1, 1, 1, 1]
	773925	674815	664674	9	M	93	A		-1	2616.05822989	[1, 1, 0, 1, 1, 1, 1, 1, 1, 1, 1, 1]
	789226	656410	620199	9	M	56	A		-1	2616.2012295	[1, 1, 1, 1, 1, 1, 1, 1, 1, 1, 1, 1]
	746684	535983	689629	9	M	23	A		-1	2617.12796064	[1, 1, 1, 0, 1, 1, 1, 1, 1, 1, 1, 1]
	721572	642633	678352	9	M	10	A		-1	2617.70592291	[1, 1, 1, 1, 1, 1, 1, 1, 1, 1, 1, 0]
	719398	693554	661252	9	M	28	A		-1	2617.73211042	[1, 1, 1, 1, 1, 1, 1, 1, 1, 1, 1, 1]
	779904	648557	611885	9	M	75	A		-1	2619.37584375	[1, 1, 1, 1, 1, 1, 1, 0, 1, 1, 1, 1]
	660068	529885	551440	8	M	12	A		-1	2620.76250055	[1, 1, 1, 1, 1, 1, 1, 1, 1, 1, 1, 1]
	726804	652725	670371	9	M	88	A		-1	2621.3698277	[1, 1, 1, 1, 1, 1, 1, 1, 1, 1, 1, 1]
	792674	693868	673036	9	M	25	A		-1	2623.1396561	[1, 1, 1, 1, 1, 1, 1, 1, 1, 1, 1, 1]
	724235	516420	621166	9	M	100	A		-1	2623.31173141	[1, 1, 1, 1, 1, 1, 1, 1, 1, 1, 1, 1]
	698278	635552	607164	9	M	3	A		-1	2625.43534425	[1, 1, 1, 0, 1, 1, 1, 1, 1, 1, 1, 1]
	766979	677306	573434	9	M	61	A		-1	2627.23289871	[1, 1, 1, 1, 1, 1, 1, 1, 1, 1, 1, 1]
	794526	618910	505995	9	M	61	A		-1	2627.47691123	[1, 1, 1, 1, 1, 1, 1, 1, 1, 1, 1, 1]
	719764	601456	630966	9	M	40	A		-1	2627.83485839	[1, 1, 1, 1, 1, 1, 1, 1, 1, 1, 1, 1]
	768716	681408	689757	9	M	58	A		-1	2628.01414973	[1, 1, 1, 1, 1, 1, 1, 1, 1, 1, 1, 1]
	775371	642125	614396	9	M	41	A		-1	2628.05480186	[1, 1, 1, 1, 1, 1, 1, 1, 1, 1, 1, 1]
	762540	642376	679931	9	M	79	A		-1	2628.23803009	[1, 1, 1, 1, 1, 1, 1, 1, 1, 1, 1, 1]
	717174	620182	528914	9	M	10	A		-1	2628.77144102	[1, 1, 1, 1, 1, 1, 1, 1, 1, 1, 1, 0]
	752282	680533	689205	9	M	33	A		-1	2628.84434871	[1, 0, 1, 1, 1, 1, 1, 1, 1, 1, 1, 1]
	708393	529885	692580	9	M	61	A		-1	2630.61864449	[1, 1, 1, 1, 1, 1, 1, 1, 1, 1, 1, 1]
	756233	632044	622113	9	M	22	A		-1	2630.90510418	[1, 1, 1, 1, 1, 1, 1, 1, 1, 1, 1, 1]
	768061	677233	595358	9	M	94	A		-1	2631.06149785	[1, 1, 1, 1, 0, 1, 1, 1, 1, 1, 1, 1]
	706546	605484	617625	9	M	84	A		-1	2632.116457	[1, 1, 1, 1, 1, 1, 1, 1, 1, 1, 1, 1]
	733615	677233	596192	9	M	27	A		-1	2633.55891615	[1, 1, 1, 1, 0, 1, 1, 1, 1, 1, 1, 1]
	756437	677599	652469	9	M	100	A		-1	2634.03543007	[1, 1, 1, 1, 1, 1, 1, 1, 1, 1, 1, 1]
	757590	681408	644818	9	M	70	A		-1	2636.33279424	[1, 1, 1, 1, 1, 1, 1, 1, 1, 1, 1, 1]
	787549	614494	656637	9	M	35	A		-1	2636.58955483	[1, 1, 1, 1, 1, 1, 1, 1, 1, 1, 1, 1]
	700007	614494	608275	9	M	0	A		-1	2637.04330756	[1, 1, 1, 1, 1, 1, 1, 1, 1, 1, 1, 1]
	752059	615971	682700	9	M	42	A		-1	2637.37420102	[1, 1, 1, 1, 1, 1, 1, 1, 1, 1, 1, 1]
	728815	639016	633705	9	M	87	A		-1	2637.69083739	[1, 1, 1, 1, 1, 1, 1, 1, 1, 1, 1, 1]
	710321	632103	499036	9	M	68	A		-1	2639.4238288	[1, 1, 1, 1, 1, 1, 1, 1, 1, 1, 1, 0]
	705408	661257	682694	9	M	98	A		-1	2641.87807581	[1, 1, 1, 1, 1, 1, 1, 1, 1, 1, 1, 1]
	788513	645945	594125	9	M	96	A		-1	2643.16141347	[1, 1, 1, 1, 1, 1, 0, 1, 1, 1, 1, 1]
	763823	632044	640275	9	M	33	A		-1	2643.65049375	[1, 1, 1, 1, 1, 1, 1, 1, 1, 1, 1, 0]
	774465	522080	606352	9	M	22	A		-1	2644.94094712	[1, 1, 1, 1, 1, 1, 1, 1, 1, 1, 1, 1]
	708899	692240	629580	9	M	81	A		-1	2645.56149703	[1, 1, 1, 1, 1, 1, 1, 1, 1, 1, 1, 1]
	697523	605484	636982	9	M	19	A		-1	2645.82447723	[1, 1, 1, 1, 1, 1, 1, 1, 1, 1, 1, 1]
	735945	670656	664315	9	M	38	A		-1	2646.72157733	[1, 1, 1, 1, 1, 1, 1, 1, 1, 1, 1, 1]
	748134	618910	603756	9	M	55	A		-1	2648.39510333	[1, 1, 1, 1, 1, 0, 1, 1, 1, 1, 1, 1]
	725800	608921	629732	9	M	69	A		-1	2648.91426823	[1, 0, 1, 1, 1, 1, 1, 1, 1, 1, 1, 1]
	755138	622459	666639	9	M	42	A		-1	2650.13450075	[1, 1, 1, 1, 1, 1, 1, 1, 1, 1, 1, 1]
	748666	681408	673000	9	M	26	A		-1	2650.58735365	[1, 1, 1, 1, 1, 1, 1, 1, 1, 1, 1, 1]
	763161	651368	685470	9	M	45	A		-1	2651.58283737	[1, 1, 1, 1, 1, 1, 1, 1, 1, 1, 1, 1]
	776879	656138	639591	9	M	13	A		-1	2653.34259475	[1, 1, 1, 1, 1, 1, 1, 1, 1, 1, 1, 1]
	731803	618910	553936	9	M	42	A		-1	2654.13131858	[1, 1, 1, 1, 1, 0, 1, 1, 1, 1, 1, 0]
	744709	654344	605411	9	M	26	A		-1	2655.0194043	[1, 1, 1, 1, 1, 1, 1, 1, 1, 1, 1, 1]
	730148	677306	432051	9	M	8	A		-1	2657.74510903	[1, 1, 1, 1, 1, 1, 1, 1, 1, 1, 1, 1]
	670889	560501	578951	8	M	16	A		-1	2658.48274802	[1, 1, 1, 1, 1, 1, 1, 1, 1, 1, 1, 0]
	781941	685398	666914	9	M	90	A		-1	2661.91214643	[1, 1, 1, 1, 1, 1, 1, 1, 1, 1, 1, 1]
	739940	601456	633904	9	M	68	A		-1	2662.18363985	[1, 1, 1, 1, 1, 1, 1, 1, 1, 1, 1, 1]
	732179	617853	674869	9	M	70	A		-1	2663.69928524	[1, 1, 1, 0, 1, 1, 1, 1, 1, 1, 1, 1]
	612587	516294	460537	8	M	14	A		-1	2665.33845037	[1, 1, 1, 1, 1, 1, 1, 1, 1, 1, 1, 1]
	756495	636919	626471	9	M	27	A		-1	2665.79080834	[1, 1, 1, 1, 1, 1, 1, 1, 1, 1, 1, 1]
	625419	561002	541727	8	M	82	A		-1	2669.54968481	[1, 1, 1, 1, 1, 1, 1, 1, 1, 1, 1, 1]
	766845	621962	620228	9	M	45	A		-1	2669.60820016	[1, 1, 1, 1, 1, 1, 1, 1, 1, 1, 1, 1]
	703339	622057	603982	9	M	40	A		-1	2670.44870724	[1, 1, 1, 1, 1, 1, 1, 1, 1, 1, 1, 1]
	718605	625915	641597	9	M	39	A		-1	2674.82575908	[1, 1, 1, 1, 1, 1, 1, 1, 1, 1, 1, 0]
	790025	677622	618536	9	M	100	A		-1	2676.5867109	[1, 1, 1, 0, 1, 1, 1, 1, 1, 1, 1, 1]
	707455	666908	622813	9	M	48	A		-1	2676.65347685	[1, 1, 1, 1, 1, 1, 1, 1, 1, 1, 1, 1]
	754916	643377	681828	9	M	100	A		-1	2676.85289482	[1, 1, 1, 0, 1, 1, 1, 1, 1, 1, 1, 1]
	710078	561847	504573	9	M	8	A		-1	2677.38640781	[1, 1, 1, 1, 1, 0, 1, 1, 1, 1, 1, 1]
	777333	608055	597200	9	M	87	A		-1	2679.36059239	[1, 0, 1, 1, 1, 1, 1, 1, 1, 1, 1, 1]
	769508	654961	598841	9	M	15	A		-1	2685.76286976	[1, 1, 1, 1, 1, 0, 1, 1, 1, 1, 1, 1]
	725071	645822	629471	9	M	25	A		-1	2686.09065976	[1, 1, 1, 1, 1, 1, 1, 1, 1, 1, 1, 1]
	755247	626270	672564	9	M	49	A		-1	2686.92619474	[1, 1, 1, 1, 1, 0, 1, 1, 1, 1, 1, 1]
	773462	522080	581655	9	M	45	A		-1	2687.32291016	[1, 1, 1, 1, 1, 1, 1, 1, 1, 1, 1, 1]
	774670	620182	481036	9	M	12	A		-1	2687.82899649	[1, 1, 1, 1, 1, 1, 1, 1, 1, 1, 1, 0]
	748152	521786	466122	9	M	97	A		-1	2691.36597927	[1, 1, 1, 1, 1, 1, 1, 1, 1, 1, 1, 1]
	718566	609826	621258	9	M	57	A		-1	2692.31937808	[1, 1, 0, 1, 1, 1, 1, 1, 1, 1, 1, 0]
	721337	662430	535552	9	M	64	A		-1	2697.76929378	[1, 1, 1, 1, 1, 1, 1, 1, 1, 1, 1, 1]
	725105	629143	666536	9	M	16	A		-1	2699.98903151	[1, 1, 1, 1, 1, 1, 1, 1, 1, 1, 1, 1]
	719470	649836	646350	9	M	40	A		-1	2701.62867818	[1, 1, 1, 1, 1, 1, 1, 1, 1, 1, 1, 1]
	738692	689754	619387	9	M	7	A		-1	2701.93833996	[1, 1, 1, 1, 1, 1, 1, 1, 1, 1, 1, 1]
	750278	663935	662133	9	M	7	A		-1	2708.11262659	[1, 1, 1, 1, 1, 1, 1, 1, 1, 1, 1, 0]
	788232	558346	486797	9	M	52	A		-1	2711.03800423	[1, 1, 1, 1, 1, 1, 1, 1, 1, 1, 1, 1]
	601456	522080	438118	8	M	4	A		-1	2712.9911171	[1, 1, 1, 1, 1, 1, 1, 1, 1, 1, 1, 1]
	764535	670889	564000	9	M	17	A		-1	2716.7141633	[1, 1, 1, 1, 1, 1, 1, 1, 1, 1, 1, 0]
	781336	620691	605211	9	M	9	A		-1	2719.55892059	[1, 1, 1, 1, 1, 1, 1, 1, 1, 1, 1, 1]
	761854	688597	684526	9	M	87	A		-1	2722.19179289	[1, 1, 1, 1, 1, 1, 1, 1, 1, 1, 1, 1]
	756955	639544	578542	9	M	5	A		-1	2728.44629782	[1, 1, 1, 1, 1, 1, 1, 1, 1, 1, 1, 1]
	779357	670889	694407	9	M	21	A		-1	2733.49983436	[1, 1, 1, 1, 1, 1, 1, 1, 1, 1, 1, 0]
	785205	693167	610989	9	M	29	A		-1	2734.51774182	[1, 1, 1, 1, 1, 1, 1, 1, 1, 1, 1, 1]
	704345	613090	649597	9	M	72	A		-1	2736.87552756	[1, 1, 1, 1, 1, 1, 1, 1, 1, 1, 1, 1]
	750404	601600	628590	9	M	22	A		-1	2739.12745374	[1, 1, 1, 1, 1, 1, 1, 1, 1, 1, 1, 1]
	696520	636797	600117	9	M	71	A		-1	2740.22551061	[1, 1, 1, 1, 1, 1, 1, 1, 1, 1, 1, 1]
	723847	541541	691526	9	M	10	A		-1	2749.58927724	[1, 1, 1, 1, 1, 1, 1, 1, 1, 1, 1, 1]
	721544	677233	566814	9	M	44	A		-1	2751.77741489	[1, 1, 1, 1, 1, 1, 1, 1, 1, 1, 1, 1]
	698418	634310	595839	9	M	39	A		-1	2757.81249617	[1, 1, 1, 1, 1, 1, 1, 1, 1, 1, 1, 1]
	771635	672617	631975	9	M	44	A		-1	2758.63771917	[1, 1, 1, 1, 1, 1, 1, 1, 1, 1, 1, 0]
	741399	665698	671295	9	M	34	A		-1	2769.56069615	[1, 1, 1, 1, 1, 1, 1, 1, 1, 1, 1, 1]
	704138	681408	688844	9	M	69	A		-1	2775.06652313	[1, 1, 1, 1, 1, 1, 1, 1, 1, 1, 1, 1]
	790560	664989	656074	9	M	11	A		-1	2777.90905317	[1, 1, 1, 1, 1, 1, 1, 1, 1, 1, 1, 1]
	737428	613323	599301	9	M	26	A		-1	2791.4202272	[1, 1, 1, 1, 1, 1, 1, 1, 1, 1, 1, 1]
	780549	616124	623895	9	M	82	A		-1	2792.71097943	[1, 1, 1, 1, 1, 1, 1, 1, 1, 1, 1, 1]
	761949	655300	663120	9	M	62	A		-1	2795.2409648	[1, 1, 1, 1, 1, 1, 1, 1, 1, 1, 1, 1]
	720881	644194	642128	9	M	100	A		-1	2801.58477922	[1, 1, 1, 1, 1, 1, 1, 1, 1, 1, 1, 1]
	740023	670589	678942	9	M	66	A		-1	2805.02639902	[1, 1, 1, 1, 1, 1, 1, 1, 1, 1, 1, 1]
	738789	607186	640311	9	M	87	A		-1	2818.06020037	[1, 1, 1, 0, 1, 1, 1, 1, 1, 1, 1, 1]
	732568	620182	509063	9	M	26	A		-1	2820.21200693	[1, 1, 1, 1, 1, 1, 1, 1, 1, 1, 1, 1]
	708121	647400	605697	9	M	4	A		-1	2820.40636523	[1, 1, 1, 1, 1, 1, 1, 1, 1, 1, 1, 1]
	792120	677270	622208	9	M	85	A		-1	2825.61332998	[1, 1, 1, 1, 1, 1, 1, 1, 1, 1, 1, 1]
	760787	617256	601254	9	M	91	A		-1	2827.58181827	[0, 1, 1, 1, 1, 1, 1, 1, 1, 1, 1, 1]
	698360	591119	587845	9	M	80	A		-1	2857.13635621	[1, 1, 1, 1, 1, 1, 1, 1, 1, 1, 0, 1]
	750700	651140	627471	9	M	64	A		-1	2859.98606475	[1, 1, 1, 1, 1, 1, 1, 1, 1, 1, 1, 1]
	728510	660282	656320	9	M	35	A		-1	2884.04943583	[1, 1, 1, 1, 1, 1, 1, 1, 1, 1, 1, 1]
	708227	687706	606940	9	M	71	A		-1	2938.47648754	[1, 1, 1, 1, 1, 1, 1, 1, 1, 1, 1, 1]
