animal	sire	dam	born	sex	herd	status	cause	died	TBV	recessives
	1070555	904951	967160	12	M	46	A		-1	3141.19811682	[1, 1, 1, 1, 1, 1, 1, 1, 1, 1, 1, 1]
	1084387	975907	894482	12	M	1	A		-1	3141.27773782	[1, 1, 1, 0, 1, 1, 1, 1, 1, 1, 1, 1]
	1006333	959742	908831	12	M	94	A		-1	3141.32933443	[1, 1, 1, 1, 1, 1, 1, 1, 1, 1, 1, 1]
	999740	936128	911191	12	M	36	A		-1	3141.98252941	[1, 1, 1, 1, 1, 1, 1, 1, 1, 1, 1, 1]
	1053813	801300	934947	12	M	10	A		-1	3142.07872459	[1, 1, 1, 1, 1, 1, 1, 1, 1, 1, 1, 1]
	1030483	896467	960877	12	M	12	A		-1	3142.08494103	[1, 1, 1, 1, 1, 1, 1, 1, 1, 1, 1, 1]
	1056928	959742	888340	12	M	18	A		-1	3142.13594599	[1, 1, 1, 1, 1, 1, 1, 1, 1, 1, 1, 0]
	1059296	931780	920390	12	M	0	A		-1	3142.22398896	[1, 1, 1, 1, 1, 1, 1, 1, 1, 1, 1, 0]
	1060408	920716	973740	12	M	59	A		-1	3143.13630692	[1, 1, 1, 1, 1, 1, 1, 1, 1, 1, 1, 1]
	999227	993835	728864	12	M	34	A		-1	3143.15995625	[1, 1, 1, 1, 1, 1, 1, 1, 1, 1, 1, 1]
	1056483	915340	944391	12	M	0	A		-1	3143.37920474	[1, 1, 1, 1, 1, 1, 1, 1, 1, 1, 1, 1]
	1041464	842645	902483	12	M	82	A		-1	3143.90061413	[1, 1, 1, 1, 1, 1, 1, 1, 1, 1, 1, 1]
	1072380	992922	919669	12	M	47	A		-1	3144.2036472	[1, 1, 1, 1, 1, 1, 1, 1, 1, 1, 1, 1]
	999441	952108	922386	12	M	23	A		-1	3144.37678359	[1, 1, 1, 1, 1, 1, 1, 1, 1, 1, 1, 1]
	1028857	929084	908239	12	M	70	A		-1	3144.74261775	[0, 1, 1, 1, 1, 1, 1, 1, 1, 1, 1, 1]
	1087970	894166	887746	12	M	49	A		-1	3144.86426412	[1, 1, 1, 1, 1, 1, 1, 1, 1, 1, 1, 1]
	1073626	903076	868016	12	M	32	A		-1	3144.91220985	[1, 1, 1, 1, 1, 1, 1, 1, 1, 1, 1, 0]
	826170	738692	701659	10	M	35	A		-1	3144.93686576	[1, 1, 1, 1, 1, 1, 1, 1, 1, 1, 1, 1]
	1073266	843680	901584	12	M	34	A		-1	3145.2390036	[1, 1, 1, 1, 0, 1, 1, 1, 1, 1, 1, 0]
	1005605	973579	840154	12	M	54	A		-1	3145.81018988	[1, 1, 1, 1, 1, 1, 1, 1, 1, 1, 1, 1]
	1091831	912954	970714	12	M	43	A		-1	3145.86174857	[1, 1, 1, 1, 1, 1, 1, 1, 1, 1, 1, 1]
	1094115	806849	971818	12	M	6	A		-1	3145.87526115	[1, 1, 1, 1, 1, 1, 1, 1, 1, 1, 1, 1]
	1056453	894166	853774	12	M	42	A		-1	3145.91899064	[1, 1, 1, 1, 1, 1, 1, 1, 1, 1, 1, 1]
	1092384	948925	915729	12	M	16	A		-1	3145.92336177	[1, 1, 1, 1, 1, 1, 1, 1, 1, 1, 1, 1]
	1002842	923295	913313	12	M	88	A		-1	3146.59643755	[1, 1, 1, 1, 0, 1, 1, 1, 1, 1, 1, 1]
	1005536	968360	955845	12	M	77	A		-1	3146.66982978	[1, 1, 1, 1, 1, 1, 1, 1, 1, 1, 1, 1]
	1028401	956052	949371	12	M	12	A		-1	3146.8057123	[1, 1, 1, 1, 1, 0, 1, 1, 1, 1, 1, 1]
	949368	850089	807474	11	M	31	A		-1	3147.00316587	[0, 1, 1, 1, 1, 1, 1, 1, 1, 1, 1, 1]
	1065066	904312	930323	12	M	59	A		-1	3147.2597684	[1, 1, 1, 1, 1, 1, 1, 1, 1, 1, 1, 1]
	1077677	902461	735062	12	M	20	A		-1	3147.28746336	[1, 1, 0, 0, 1, 1, 1, 1, 1, 1, 1, 1]
	1027491	907329	876965	12	M	90	A		-1	3147.38196432	[1, 1, 1, 1, 1, 1, 1, 1, 1, 1, 1, 1]
	1009123	986008	801531	12	M	34	A		-1	3147.60924207	[1, 1, 1, 1, 1, 1, 1, 1, 1, 1, 1, 1]
	931476	872512	779549	11	M	37	A		-1	3147.9461995	[1, 1, 1, 1, 1, 1, 1, 1, 1, 1, 1, 1]
	1076888	985195	893887	12	M	37	A		-1	3147.96351094	[1, 1, 1, 1, 1, 1, 0, 1, 1, 1, 1, 1]
	1056956	948135	984152	12	M	81	A		-1	3148.13849838	[1, 1, 1, 1, 1, 1, 1, 1, 1, 1, 1, 1]
	1082321	894166	968712	12	M	52	A		-1	3148.20202536	[1, 1, 1, 1, 1, 1, 1, 1, 1, 1, 1, 1]
	931780	891945	834950	11	M	31	A		-1	3148.36531542	[1, 1, 1, 1, 1, 1, 1, 1, 1, 1, 1, 1]
	1003534	985948	965538	12	M	96	A		-1	3148.62866058	[1, 1, 1, 1, 1, 1, 1, 1, 1, 1, 1, 1]
	1043992	976706	887099	12	M	32	A		-1	3148.84158381	[1, 1, 1, 1, 1, 1, 1, 1, 1, 1, 1, 1]
	1007022	987426	876569	12	M	50	A		-1	3149.16376328	[1, 1, 1, 0, 1, 1, 1, 1, 1, 1, 1, 1]
	1044192	963049	952494	12	M	5	A		-1	3149.44270848	[1, 1, 1, 1, 1, 1, 1, 1, 1, 1, 1, 0]
	1054799	946269	839528	12	M	85	A		-1	3149.72897014	[1, 1, 1, 1, 1, 0, 1, 1, 1, 1, 1, 1]
	1018969	941415	992314	12	M	93	A		-1	3149.93855294	[1, 1, 1, 1, 1, 1, 1, 1, 1, 1, 1, 1]
	1086287	948135	919035	12	M	100	A		-1	3150.47935252	[1, 1, 1, 1, 1, 1, 1, 1, 1, 1, 1, 1]
	1014026	921959	955397	12	M	80	A		-1	3150.7605118	[1, 1, 1, 1, 1, 0, 1, 1, 1, 1, 1, 0]
	1017312	985948	857885	12	M	78	A		-1	3151.3796134	[1, 1, 1, 1, 1, 1, 1, 1, 1, 1, 1, 1]
	1028111	975117	922467	12	M	69	A		-1	3151.55016434	[0, 1, 1, 1, 1, 1, 1, 1, 1, 1, 1, 1]
	1056926	948130	932776	12	M	58	A		-1	3151.58242362	[1, 1, 1, 1, 1, 1, 1, 1, 1, 1, 1, 1]
	1075767	901105	935112	12	M	88	A		-1	3152.02166255	[1, 1, 1, 1, 1, 1, 1, 1, 1, 1, 1, 1]
	1008220	806849	912687	12	M	98	A		-1	3152.199824	[1, 1, 1, 1, 1, 1, 1, 1, 1, 1, 1, 1]
	1071256	945947	944910	12	M	56	A		-1	3152.42033932	[1, 1, 0, 1, 1, 1, 1, 1, 1, 1, 1, 1]
	920716	868926	881749	11	M	95	A		-1	3152.57519743	[1, 1, 1, 1, 1, 1, 1, 1, 1, 1, 1, 1]
	1035403	904312	979352	12	M	10	A		-1	3152.73271701	[1, 1, 1, 1, 1, 1, 1, 1, 1, 1, 1, 1]
	1026654	957867	892881	12	M	16	A		-1	3152.77047875	[1, 1, 1, 1, 1, 1, 1, 1, 1, 1, 1, 1]
	1070070	902461	851489	12	M	71	A		-1	3153.05578616	[1, 1, 1, 1, 1, 1, 1, 1, 1, 1, 1, 1]
	1072301	975907	932365	12	M	50	A		-1	3153.46309496	[1, 1, 1, 1, 1, 1, 1, 1, 1, 1, 1, 1]
	1034699	949929	929893	12	M	78	A		-1	3153.61376171	[1, 1, 1, 1, 1, 1, 1, 1, 1, 1, 1, 0]
	1055805	931194	927810	12	M	15	A		-1	3154.03553964	[1, 1, 1, 0, 1, 1, 1, 1, 1, 1, 1, 1]
	1029118	950057	804655	12	M	82	A		-1	3154.09034121	[1, 1, 1, 1, 1, 1, 1, 1, 1, 1, 1, 1]
	1018603	991037	988757	12	M	79	A		-1	3154.09346024	[1, 1, 1, 1, 1, 1, 1, 1, 1, 1, 1, 1]
	1000908	915977	914522	12	M	29	A		-1	3155.61240234	[1, 1, 1, 1, 1, 1, 1, 1, 1, 1, 1, 1]
	1071989	972590	906019	12	M	56	A		-1	3155.62010803	[1, 1, 1, 1, 1, 1, 1, 1, 1, 1, 1, 1]
	1092306	939378	940597	12	M	78	A		-1	3155.69347602	[1, 1, 1, 1, 1, 1, 1, 1, 1, 1, 1, 1]
	1014142	934936	794150	12	M	24	A		-1	3155.80983056	[1, 1, 1, 1, 1, 1, 1, 1, 1, 1, 1, 0]
	954493	819026	869900	11	M	23	A		-1	3156.04501713	[0, 1, 1, 1, 1, 1, 1, 1, 1, 1, 1, 1]
	1060872	993453	981943	12	M	48	A		-1	3156.26045564	[1, 1, 1, 1, 1, 1, 1, 0, 1, 1, 1, 0]
	1093790	973579	819233	12	M	89	A		-1	3156.3323493	[1, 1, 1, 0, 1, 1, 1, 1, 1, 1, 1, 1]
	1072927	977868	935309	12	M	64	A		-1	3156.40055503	[1, 1, 1, 1, 1, 1, 1, 1, 1, 1, 1, 1]
	1054225	911216	867737	12	M	88	A		-1	3156.40328524	[1, 1, 1, 1, 1, 1, 1, 1, 1, 1, 1, 1]
	1030473	965369	984471	12	M	13	A		-1	3156.54383278	[1, 1, 1, 1, 1, 1, 1, 1, 1, 1, 1, 0]
	1007345	899998	943896	12	M	73	A		-1	3156.89062112	[1, 1, 1, 1, 1, 1, 1, 1, 1, 1, 1, 1]
	1069763	917090	957782	12	M	97	A		-1	3157.00936915	[1, 1, 1, 0, 1, 1, 1, 1, 1, 1, 1, 1]
	952419	847167	884604	11	M	18	A		-1	3157.22586254	[1, 1, 1, 1, 1, 1, 1, 1, 1, 1, 1, 1]
	1056679	901471	938884	12	M	30	A		-1	3157.45110588	[1, 1, 1, 1, 1, 1, 1, 1, 1, 1, 1, 1]
	1063257	943962	978710	12	M	32	A		-1	3157.64501954	[1, 1, 1, 1, 1, 1, 1, 1, 1, 1, 1, 1]
	1085731	950057	598474	12	M	37	A		-1	3157.74921948	[1, 1, 1, 1, 1, 1, 1, 1, 1, 1, 1, 1]
	1087102	986504	926428	12	M	85	A		-1	3157.79760535	[1, 1, 1, 1, 1, 1, 1, 1, 1, 1, 1, 0]
	1053494	948105	980654	12	M	23	A		-1	3158.60818205	[1, 1, 1, 1, 1, 1, 1, 1, 1, 1, 1, 1]
	1006683	982453	987537	12	M	70	A		-1	3158.62006375	[1, 1, 1, 1, 1, 1, 1, 1, 1, 1, 1, 1]
	1054728	896467	807819	12	M	19	A		-1	3158.70076015	[1, 1, 1, 1, 1, 1, 1, 1, 1, 1, 1, 1]
	1006327	949368	966391	12	M	42	A		-1	3158.86055595	[1, 1, 1, 1, 1, 1, 1, 1, 1, 1, 1, 1]
	1046086	977190	947375	12	M	96	A		-1	3159.26447116	[1, 0, 1, 1, 1, 1, 1, 1, 1, 1, 1, 1]
	942393	871922	892925	11	M	36	A		-1	3159.87336813	[1, 1, 1, 1, 1, 1, 1, 1, 1, 1, 1, 1]
	1021754	953945	952121	12	M	59	A		-1	3159.99538032	[1, 1, 1, 1, 1, 1, 1, 1, 1, 1, 1, 0]
	1012482	965999	910386	12	M	50	A		-1	3160.59922094	[1, 1, 1, 1, 1, 1, 1, 1, 1, 1, 1, 1]
	1077888	901289	952031	12	M	55	A		-1	3160.65947561	[0, 1, 1, 1, 1, 1, 1, 1, 1, 1, 1, 1]
	1086205	951743	899226	12	M	77	A		-1	3160.66375257	[1, 1, 1, 1, 1, 1, 1, 1, 1, 1, 1, 1]
	1073059	948925	963781	12	M	95	A		-1	3160.81693965	[1, 1, 1, 1, 1, 1, 1, 1, 1, 1, 1, 0]
	1084212	974976	989881	12	M	16	A		-1	3160.86118	[1, 1, 1, 1, 1, 1, 1, 1, 1, 1, 1, 0]
	1070002	814162	976492	12	M	12	A		-1	3161.15598758	[1, 1, 1, 1, 1, 1, 1, 1, 1, 1, 1, 1]
	1070695	968360	915989	12	M	50	A		-1	3161.18018465	[1, 1, 1, 1, 1, 1, 1, 1, 1, 1, 1, 1]
	1080527	933871	907058	12	M	52	A		-1	3161.48462001	[1, 1, 1, 1, 1, 1, 1, 1, 1, 1, 1, 1]
	1003890	991685	924039	12	M	60	A		-1	3161.66825654	[1, 1, 1, 1, 1, 1, 1, 1, 1, 1, 1, 1]
	923256	801862	816707	11	M	62	A		-1	3161.99328353	[1, 0, 1, 1, 1, 1, 1, 1, 1, 1, 1, 1]
	1042694	936523	925078	12	M	1	A		-1	3162.07782069	[1, 1, 1, 1, 1, 1, 1, 1, 1, 1, 1, 1]
	1008921	972049	986254	12	M	96	A		-1	3162.29235658	[1, 1, 1, 1, 1, 1, 1, 1, 1, 1, 1, 1]
	1029744	961825	853406	12	M	78	A		-1	3162.52792923	[1, 1, 1, 1, 1, 1, 1, 1, 1, 1, 1, 1]
	977914	833130	861341	11	M	81	A		-1	3162.66475243	[1, 1, 1, 1, 1, 1, 1, 1, 1, 1, 1, 1]
	1015534	958712	988190	12	M	21	A		-1	3163.18327698	[1, 1, 1, 1, 1, 1, 1, 1, 1, 1, 1, 1]
	1067069	942539	924625	12	M	33	A		-1	3163.53102014	[1, 1, 1, 1, 1, 1, 1, 1, 1, 1, 1, 1]
	1028494	941678	993230	12	M	84	A		-1	3163.67382898	[1, 1, 1, 1, 1, 1, 1, 1, 1, 1, 1, 0]
	895965	806619	844422	11	M	43	A		-1	3164.18645747	[1, 1, 1, 0, 1, 1, 1, 1, 1, 1, 1, 1]
	1071547	801300	978157	12	M	20	A		-1	3164.45099015	[1, 1, 1, 1, 1, 1, 1, 1, 1, 1, 1, 1]
	1079867	891475	898395	12	M	15	A		-1	3164.45666552	[1, 1, 1, 1, 1, 1, 1, 1, 1, 1, 1, 1]
	1062597	868926	967224	12	M	84	A		-1	3164.65693407	[1, 1, 1, 1, 1, 1, 1, 1, 1, 1, 1, 1]
	1031925	927576	957261	12	M	54	A		-1	3164.65882252	[1, 1, 1, 1, 1, 1, 1, 1, 1, 1, 1, 1]
	1053858	982453	967114	12	M	69	A		-1	3164.76347051	[1, 1, 1, 1, 1, 1, 1, 1, 1, 1, 1, 1]
	1057258	957502	963432	12	M	42	A		-1	3166.29525937	[1, 1, 1, 1, 1, 1, 1, 1, 1, 1, 1, 1]
	1027495	974455	857704	12	M	27	A		-1	3166.65121016	[1, 1, 1, 1, 1, 1, 1, 1, 1, 1, 1, 1]
	1032623	872512	929742	12	M	70	A		-1	3166.8930748	[1, 1, 1, 1, 1, 1, 1, 1, 1, 1, 1, 1]
	1070736	948130	841877	12	M	50	A		-1	3166.90309663	[1, 0, 1, 1, 1, 1, 1, 1, 1, 1, 1, 1]
	1029053	905921	880857	12	M	87	A		-1	3167.49765577	[1, 1, 1, 1, 1, 1, 1, 1, 1, 1, 1, 1]
	953854	850089	812582	11	M	47	A		-1	3167.66879323	[1, 1, 0, 1, 1, 1, 1, 1, 1, 1, 1, 1]
	1012014	942966	852806	12	M	84	A		-1	3168.0305075	[1, 1, 1, 1, 1, 1, 1, 1, 1, 1, 1, 0]
	1083637	937162	925131	12	M	57	A		-1	3168.33593892	[1, 0, 1, 1, 1, 1, 1, 1, 1, 1, 1, 0]
	1043375	899139	902601	12	M	53	A		-1	3168.37588663	[1, 1, 1, 1, 1, 1, 1, 1, 1, 1, 1, 1]
	1034928	931476	811493	12	M	74	A		-1	3168.74874518	[1, 1, 1, 1, 1, 1, 1, 1, 1, 1, 1, 1]
	998520	960991	956186	12	M	86	A		-1	3168.86601829	[1, 1, 1, 1, 1, 1, 1, 1, 1, 1, 1, 0]
	1089757	953945	868353	12	M	81	A		-1	3169.49837155	[1, 1, 1, 1, 1, 1, 1, 1, 1, 1, 1, 0]
	1068916	898375	913212	12	M	78	A		-1	3169.73274851	[1, 1, 1, 1, 1, 1, 1, 1, 1, 1, 1, 1]
	1069264	907805	723212	12	M	99	A		-1	3169.7747738	[1, 1, 1, 1, 1, 1, 1, 1, 1, 1, 1, 1]
	999209	956474	983656	12	M	39	A		-1	3170.04049065	[1, 1, 1, 1, 1, 1, 1, 1, 1, 1, 1, 1]
	1052438	949560	956274	12	M	34	A		-1	3170.17614292	[1, 1, 1, 1, 1, 1, 1, 1, 1, 1, 1, 1]
	1063473	972553	895042	12	M	93	A		-1	3170.23297359	[1, 1, 0, 1, 1, 1, 0, 1, 1, 1, 1, 1]
	1090181	931476	949342	12	M	68	A		-1	3170.83438056	[1, 1, 1, 1, 1, 1, 1, 1, 1, 1, 1, 1]
	1049047	801862	990911	12	M	92	A		-1	3171.47825465	[1, 0, 1, 1, 1, 1, 1, 1, 1, 1, 1, 1]
	1063935	945766	849475	12	M	35	A		-1	3171.74916761	[1, 1, 1, 1, 1, 1, 1, 1, 1, 1, 1, 1]
	1043014	939033	838425	12	M	2	A		-1	3172.01955608	[1, 1, 1, 0, 1, 1, 1, 1, 1, 1, 1, 1]
	1038469	909589	912292	12	M	32	A		-1	3172.06952561	[1, 1, 1, 1, 1, 1, 1, 1, 1, 1, 1, 1]
	1008507	904951	803654	12	M	68	A		-1	3172.19251528	[1, 1, 1, 1, 1, 1, 1, 1, 1, 1, 1, 1]
	1042354	916835	976960	12	M	85	A		-1	3172.72696617	[1, 1, 1, 1, 1, 1, 1, 1, 1, 1, 1, 1]
	1092916	985753	951563	12	M	35	A		-1	3173.22280856	[1, 1, 1, 1, 1, 1, 1, 1, 1, 1, 1, 1]
	1068974	981216	985275	12	M	46	A		-1	3173.37353066	[1, 1, 1, 1, 1, 1, 1, 1, 1, 1, 1, 0]
	1030572	937839	954194	12	M	74	A		-1	3173.54285943	[1, 1, 1, 1, 1, 1, 1, 1, 1, 1, 1, 1]
	1083016	960994	983715	12	M	63	A		-1	3173.75796443	[1, 1, 1, 1, 1, 1, 1, 1, 1, 1, 1, 0]
	1011961	846485	928449	12	M	19	A		-1	3174.04384159	[1, 1, 1, 1, 1, 1, 1, 1, 1, 1, 1, 1]
	1088758	904312	839542	12	M	18	A		-1	3174.34527927	[1, 1, 1, 1, 1, 1, 1, 1, 1, 1, 1, 1]
	1058385	896572	900685	12	M	10	A		-1	3174.52892391	[1, 1, 1, 1, 1, 1, 1, 1, 1, 1, 1, 1]
	1038108	992486	961608	12	M	48	A		-1	3174.64115711	[1, 1, 1, 1, 1, 1, 1, 1, 1, 1, 1, 1]
	1052815	921959	930829	12	M	88	A		-1	3174.73713361	[1, 1, 1, 1, 1, 1, 1, 1, 1, 1, 1, 0]
	1092253	929075	947044	12	M	5	A		-1	3174.91095625	[1, 1, 1, 1, 1, 1, 1, 1, 1, 1, 1, 1]
	1073853	949560	828568	12	M	0	A		-1	3175.87876646	[1, 1, 1, 1, 1, 1, 1, 1, 1, 1, 1, 1]
	1024276	906753	716690	12	M	60	A		-1	3176.40980766	[1, 1, 1, 1, 1, 0, 1, 1, 1, 1, 1, 1]
	1004948	992744	767664	12	M	34	A		-1	3177.00407594	[0, 1, 1, 1, 1, 1, 1, 1, 1, 1, 1, 1]
	1010190	946945	940982	12	M	3	A		-1	3177.10368059	[1, 1, 1, 1, 1, 0, 1, 1, 1, 1, 1, 1]
	1021151	924939	964557	12	M	87	A		-1	3177.2722384	[1, 1, 1, 1, 1, 1, 1, 1, 1, 1, 1, 1]
	1013486	921959	895369	12	M	97	A		-1	3177.36298601	[1, 1, 0, 1, 1, 1, 1, 1, 1, 1, 1, 0]
	1010939	956270	948150	12	M	57	A		-1	3177.48840688	[1, 1, 1, 1, 1, 1, 1, 1, 1, 1, 1, 1]
	1074607	949560	912069	12	M	94	A		-1	3177.68146794	[1, 1, 1, 1, 1, 1, 1, 1, 1, 1, 1, 1]
	1031102	989567	868110	12	M	46	A		-1	3177.93514553	[1, 1, 1, 1, 1, 1, 1, 1, 1, 1, 1, 1]
	1011886	915150	900018	12	M	78	A		-1	3178.62302328	[1, 1, 0, 1, 1, 1, 1, 1, 1, 1, 1, 1]
	1013273	929338	712466	12	M	26	A		-1	3178.97462422	[1, 1, 1, 1, 1, 1, 1, 1, 1, 1, 1, 1]
	1008943	935268	955099	12	M	19	A		-1	3179.02251152	[1, 1, 1, 1, 1, 1, 1, 1, 1, 1, 1, 1]
	1028672	993740	942535	12	M	44	A		-1	3179.60104546	[0, 1, 1, 0, 1, 1, 1, 1, 1, 1, 1, 1]
	1091768	926669	964920	12	M	61	A		-1	3180.13685986	[1, 1, 1, 1, 1, 1, 1, 1, 1, 1, 1, 1]
	1078115	968564	967463	12	M	74	A		-1	3180.42234057	[1, 1, 1, 1, 1, 1, 1, 1, 1, 1, 1, 1]
	1086936	956270	984177	12	M	30	A		-1	3181.0194003	[1, 1, 1, 1, 1, 1, 1, 1, 1, 1, 1, 1]
	1025313	982150	982057	12	M	8	A		-1	3181.10480147	[1, 1, 1, 1, 1, 1, 1, 1, 1, 1, 1, 1]
	1052598	951743	983221	12	M	31	A		-1	3181.51115131	[1, 1, 1, 1, 1, 1, 1, 1, 1, 1, 1, 1]
	1063359	929075	950374	12	M	49	A		-1	3181.83053303	[1, 1, 1, 1, 1, 1, 1, 1, 1, 1, 1, 1]
	1034615	887075	901953	12	M	100	A		-1	3182.05335357	[1, 1, 1, 1, 1, 1, 1, 1, 1, 1, 1, 1]
	1073448	942539	851398	12	M	59	A		-1	3182.31798152	[1, 1, 1, 1, 1, 1, 1, 1, 1, 1, 1, 1]
	1063593	976958	910973	12	M	75	A		-1	3183.30638236	[1, 1, 0, 1, 1, 1, 1, 1, 1, 1, 1, 1]
	1084812	895965	988702	12	M	56	A		-1	3183.85096718	[1, 1, 1, 1, 1, 1, 1, 1, 1, 1, 1, 1]
	1052343	899998	856938	12	M	23	A		-1	3184.1746578	[1, 1, 1, 1, 1, 1, 1, 1, 1, 1, 1, 1]
	1007123	944158	924408	12	M	9	A		-1	3184.22382979	[1, 1, 1, 1, 1, 1, 1, 1, 1, 1, 1, 1]
	1029026	950970	844701	12	M	48	A		-1	3185.06652101	[1, 1, 1, 1, 1, 1, 1, 1, 1, 1, 1, 1]
	946945	806849	783773	11	M	86	A		-1	3185.20986906	[1, 1, 1, 1, 1, 1, 1, 1, 1, 1, 1, 1]
	1064044	814162	911860	12	M	14	A		-1	3185.52706999	[1, 1, 1, 1, 1, 0, 1, 1, 1, 1, 1, 1]
	1041426	982243	992373	12	M	51	A		-1	3185.76863148	[1, 1, 1, 1, 1, 1, 1, 1, 1, 1, 1, 1]
	899998	831668	697490	11	M	16	A		-1	3185.89158091	[1, 1, 1, 1, 1, 1, 1, 1, 1, 1, 1, 1]
	1054006	977377	930256	12	M	22	A		-1	3185.93503809	[1, 1, 1, 1, 1, 1, 1, 1, 1, 1, 1, 1]
	1074870	911581	805381	12	M	69	A		-1	3186.15889729	[1, 1, 1, 0, 1, 1, 1, 1, 1, 1, 1, 1]
	965483	825824	871958	11	M	99	A		-1	3186.60322184	[1, 1, 1, 1, 1, 0, 1, 1, 1, 1, 1, 1]
	987919	760787	858923	11	M	90	A		-1	3186.8290347	[0, 1, 1, 1, 1, 1, 1, 1, 1, 1, 1, 1]
	1036882	977190	965489	12	M	76	A		-1	3187.72506984	[1, 0, 1, 1, 1, 1, 1, 1, 1, 1, 0, 1]
	1063767	953854	979232	12	M	30	A		-1	3187.85465214	[1, 1, 1, 1, 1, 1, 1, 1, 1, 1, 1, 1]
	1031648	927653	946200	12	M	17	A		-1	3188.38888278	[1, 1, 1, 1, 1, 1, 1, 1, 1, 1, 1, 1]
	1004461	958195	943391	12	M	47	A		-1	3188.73679838	[1, 1, 1, 1, 1, 1, 1, 1, 1, 1, 1, 1]
	1093950	864006	994268	12	M	83	A		-1	3188.78742237	[1, 1, 1, 1, 1, 1, 1, 1, 1, 1, 1, 1]
	1088927	980695	886542	12	M	74	A		-1	3188.99567514	[1, 1, 1, 1, 1, 1, 1, 1, 1, 1, 1, 1]
	1063052	931411	968058	12	M	56	A		-1	3189.52406748	[1, 1, 1, 1, 1, 1, 1, 1, 1, 1, 1, 1]
	1034293	940786	926425	12	M	87	A		-1	3189.57357041	[1, 1, 1, 1, 1, 1, 1, 1, 1, 1, 1, 1]
	923008	843680	893261	11	M	58	A		-1	3189.72548784	[1, 1, 1, 1, 1, 1, 1, 1, 1, 1, 1, 1]
	1084985	973574	902015	12	M	8	A		-1	3189.73674827	[1, 1, 1, 1, 1, 1, 1, 1, 1, 1, 1, 1]
	1090052	897478	972515	12	M	4	A		-1	3190.21576084	[1, 1, 1, 1, 1, 1, 1, 1, 1, 1, 1, 1]
	1059583	982243	775508	12	M	49	A		-1	3190.47306691	[1, 1, 1, 1, 1, 1, 1, 1, 1, 1, 1, 1]
	1091102	954818	954701	12	M	12	A		-1	3190.51751047	[1, 1, 1, 1, 1, 1, 1, 1, 1, 1, 1, 0]
	1057535	980491	902152	12	M	22	A		-1	3190.61008613	[1, 1, 1, 1, 1, 1, 1, 1, 1, 1, 1, 1]
	1005992	985868	921687	12	M	13	A		-1	3190.95458629	[1, 1, 1, 1, 1, 1, 1, 1, 1, 1, 1, 1]
	1029455	963391	974721	12	M	65	A		-1	3191.37851835	[1, 0, 1, 1, 1, 1, 1, 1, 1, 1, 1, 1]
	995865	989001	903292	12	M	73	A		-1	3191.62656769	[1, 1, 1, 1, 1, 1, 1, 1, 1, 1, 1, 0]
	1024113	987426	976792	12	M	29	A		-1	3191.73283717	[1, 1, 1, 1, 1, 1, 1, 1, 1, 1, 1, 1]
	1048688	953121	808098	12	M	13	A		-1	3192.1318453	[1, 1, 1, 1, 1, 1, 1, 1, 1, 1, 1, 1]
	1061904	872512	974060	12	M	73	A		-1	3192.30936199	[1, 1, 1, 1, 1, 1, 1, 1, 1, 1, 1, 1]
	1067670	985514	934063	12	M	70	A		-1	3192.64245074	[1, 1, 1, 1, 1, 1, 1, 1, 1, 1, 1, 1]
	1069022	895942	922953	12	M	28	A		-1	3192.80375261	[1, 1, 1, 1, 1, 1, 1, 1, 1, 1, 1, 1]
	1005074	947417	844351	12	M	14	A		-1	3192.96636952	[1, 1, 1, 1, 1, 1, 1, 1, 1, 1, 1, 1]
	1002434	872512	900325	12	M	19	A		-1	3194.0908727	[1, 1, 1, 1, 1, 1, 1, 1, 1, 1, 1, 1]
	1003882	979656	926181	12	M	25	A		-1	3194.41815932	[1, 1, 1, 1, 1, 1, 1, 1, 1, 1, 1, 0]
	1029525	904312	908252	12	M	69	A		-1	3194.61936237	[1, 1, 1, 1, 1, 1, 1, 1, 1, 1, 1, 1]
	1010313	904675	891902	12	M	96	A		-1	3195.05828433	[1, 1, 1, 1, 1, 1, 1, 1, 1, 1, 1, 1]
	1022946	904430	946436	12	M	90	A		-1	3195.8566389	[1, 0, 1, 0, 1, 1, 1, 1, 1, 1, 1, 1]
	1054968	868926	958533	12	M	1	A		-1	3196.24501923	[1, 1, 1, 1, 1, 1, 1, 1, 1, 1, 1, 1]
	1087161	970404	968974	12	M	27	A		-1	3196.47677213	[1, 1, 1, 1, 1, 1, 1, 1, 1, 1, 1, 1]
	1078701	991365	915714	12	M	14	A		-1	3196.71174348	[1, 1, 1, 1, 1, 1, 1, 1, 1, 1, 1, 1]
	1083902	945301	939179	12	M	99	A		-1	3196.91157257	[1, 1, 1, 0, 1, 1, 1, 1, 1, 1, 1, 1]
	1019055	929338	907662	12	M	98	A		-1	3197.1743125	[1, 1, 1, 1, 1, 1, 1, 1, 1, 1, 1, 1]
	1061151	952419	914346	12	M	97	A		-1	3197.38340412	[1, 1, 1, 1, 1, 1, 1, 1, 1, 1, 1, 1]
	1082361	948105	878190	12	M	40	A		-1	3197.64673533	[1, 1, 1, 1, 1, 1, 1, 1, 1, 1, 1, 0]
	1004914	954493	937782	12	M	31	A		-1	3198.85137608	[0, 1, 1, 1, 1, 0, 1, 1, 1, 1, 1, 1]
	1094235	895719	978967	12	M	6	A		-1	3199.22405503	[1, 1, 1, 1, 1, 1, 1, 1, 1, 1, 1, 1]
	1087965	952108	970926	12	M	55	A		-1	3199.32405903	[1, 1, 1, 1, 1, 1, 1, 1, 1, 1, 1, 1]
	1072581	973894	962867	12	M	4	A		-1	3199.44037051	[1, 1, 1, 1, 1, 1, 1, 1, 1, 1, 1, 1]
	995500	977914	981706	12	M	26	A		-1	3199.70643114	[1, 1, 1, 1, 1, 1, 1, 1, 1, 1, 1, 1]
	1065562	965999	988117	12	M	12	A		-1	3200.55739106	[1, 1, 1, 1, 1, 1, 1, 1, 1, 1, 1, 1]
	1001053	956052	925806	12	M	37	A		-1	3200.57258304	[1, 1, 1, 1, 1, 1, 1, 1, 1, 1, 1, 1]
	1080918	915715	809972	12	M	5	A		-1	3200.93959519	[1, 1, 1, 1, 1, 1, 1, 1, 1, 1, 1, 1]
	1030050	901539	940055	12	M	82	A		-1	3201.12635911	[1, 1, 1, 0, 1, 1, 1, 1, 1, 1, 1, 1]
	1049844	895719	981103	12	M	73	A		-1	3201.54385543	[1, 1, 1, 1, 1, 1, 1, 1, 1, 1, 1, 1]
	1035400	806763	840998	12	M	90	A		-1	3201.6086756	[1, 1, 1, 1, 1, 1, 1, 1, 1, 1, 1, 0]
	1085697	942966	987644	12	M	74	A		-1	3202.3209661	[1, 1, 1, 0, 1, 1, 1, 1, 1, 1, 1, 1]
	904675	850713	799119	11	M	77	A		-1	3202.43969388	[1, 1, 1, 1, 1, 1, 1, 1, 1, 1, 1, 1]
	1012090	928713	935884	12	M	27	A		-1	3202.87640819	[1, 1, 1, 1, 1, 1, 1, 1, 1, 1, 1, 1]
	1073191	930079	780990	12	M	50	A		-1	3202.96306822	[1, 1, 1, 1, 1, 1, 1, 1, 1, 1, 1, 1]
	1002948	941070	984556	12	M	100	A		-1	3203.09026068	[1, 1, 1, 1, 1, 1, 1, 1, 1, 1, 1, 1]
	1087225	969831	989632	12	M	10	A		-1	3203.38740609	[1, 1, 1, 1, 1, 1, 1, 1, 1, 1, 1, 1]
	1001066	950548	902848	12	M	25	A		-1	3203.39560437	[1, 1, 0, 1, 1, 1, 1, 1, 1, 1, 1, 1]
	1067547	918602	947309	12	M	34	A		-1	3203.72282008	[1, 1, 1, 1, 1, 1, 1, 1, 1, 1, 1, 1]
	972049	866867	733417	11	M	27	A		-1	3203.84649751	[1, 1, 1, 1, 1, 1, 1, 1, 1, 1, 1, 1]
	989586	826951	803736	11	M	38	A		-1	3203.87243851	[1, 1, 1, 1, 1, 1, 1, 1, 1, 1, 1, 1]
	1017973	904675	993145	12	M	13	A		-1	3203.98669504	[1, 1, 1, 1, 1, 1, 1, 1, 1, 1, 1, 1]
	1035612	946945	952431	12	M	33	A		-1	3204.963211	[1, 1, 1, 1, 1, 1, 1, 1, 1, 1, 1, 1]
	1004192	905394	984011	12	M	9	A		-1	3204.99942857	[1, 1, 1, 1, 1, 1, 1, 1, 1, 1, 1, 1]
	995653	948925	939464	12	M	86	A		-1	3205.10532994	[1, 1, 1, 1, 1, 0, 1, 1, 1, 1, 1, 1]
	1009129	948765	901030	12	M	9	A		-1	3206.66866611	[1, 1, 1, 1, 1, 1, 1, 1, 1, 1, 1, 1]
	1071883	973180	940484	12	M	50	A		-1	3206.86837769	[1, 1, 1, 1, 1, 1, 1, 1, 1, 1, 1, 1]
	1090203	949186	903706	12	M	85	A		-1	3206.956926	[1, 1, 1, 1, 1, 1, 1, 1, 1, 1, 1, 0]
	1063218	942966	992231	12	M	80	A		-1	3207.02225954	[1, 1, 1, 1, 1, 1, 1, 1, 1, 1, 1, 1]
	1074696	975925	990725	12	M	0	A		-1	3207.02949384	[1, 1, 1, 1, 1, 1, 1, 1, 1, 1, 1, 1]
	1046670	919953	904697	12	M	20	A		-1	3207.59717661	[0, 1, 1, 0, 1, 1, 1, 1, 1, 1, 1, 1]
	1013567	977868	973723	12	M	6	A		-1	3207.91042246	[1, 1, 1, 1, 1, 1, 1, 1, 1, 1, 1, 1]
	992807	893548	833557	11	M	17	A		-1	3208.19391356	[1, 1, 1, 1, 1, 1, 1, 1, 1, 1, 1, 1]
	1094633	934261	840763	12	M	78	A		-1	3208.35266084	[1, 1, 1, 1, 1, 1, 1, 1, 1, 1, 1, 1]
	1090248	982243	902221	12	M	94	A		-1	3208.44036027	[1, 1, 1, 0, 1, 1, 1, 1, 1, 1, 1, 1]
	1046639	872512	959347	12	M	35	A		-1	3208.48615004	[1, 1, 1, 1, 1, 1, 1, 1, 1, 1, 1, 1]
	985948	830586	861008	11	M	69	A		-1	3208.67274791	[1, 1, 1, 1, 1, 1, 1, 1, 1, 1, 1, 0]
	995243	915747	949741	12	M	36	A		-1	3209.31299122	[1, 1, 0, 1, 1, 1, 1, 1, 1, 1, 1, 1]
	1086864	961372	910910	12	M	63	A		-1	3209.98041442	[1, 1, 1, 1, 1, 1, 1, 1, 1, 1, 1, 1]
	1063870	942807	758221	12	M	84	A		-1	3212.31651492	[1, 0, 1, 1, 1, 1, 1, 1, 1, 1, 1, 1]
	1011016	917131	966478	12	M	40	A		-1	3212.6515018	[1, 1, 1, 1, 1, 1, 1, 1, 1, 1, 1, 0]
	1002458	961164	803330	12	M	82	A		-1	3212.68587191	[1, 1, 1, 1, 1, 1, 1, 1, 1, 1, 1, 1]
	1058823	945301	908644	12	M	11	A		-1	3213.1674208	[1, 1, 1, 1, 1, 1, 1, 1, 1, 1, 1, 1]
	1021828	962914	932253	12	M	97	A		-1	3213.20638523	[1, 1, 1, 1, 1, 1, 1, 1, 1, 1, 1, 1]
	993835	855368	887339	11	M	45	A		-1	3213.91797708	[1, 1, 1, 1, 1, 1, 1, 1, 1, 1, 1, 1]
	921959	801047	883266	11	M	83	A		-1	3214.53953862	[1, 1, 1, 1, 1, 1, 1, 1, 1, 1, 1, 0]
	1038741	991037	993999	12	M	68	A		-1	3214.57210621	[1, 1, 1, 1, 1, 1, 1, 1, 1, 1, 1, 0]
	1013528	988096	940234	12	M	29	A		-1	3214.83823794	[1, 1, 1, 1, 1, 1, 1, 1, 1, 1, 1, 1]
	1006308	957205	851818	12	M	98	A		-1	3215.020129	[1, 1, 1, 1, 1, 1, 1, 0, 1, 1, 1, 0]
	999707	961372	907586	12	M	47	A		-1	3215.44998938	[1, 1, 1, 1, 1, 1, 1, 1, 1, 1, 1, 0]
	1054033	931194	988918	12	M	31	A		-1	3216.05486968	[1, 1, 1, 1, 1, 1, 1, 1, 1, 1, 1, 1]
	1030529	956270	892055	12	M	94	A		-1	3216.46202842	[1, 1, 1, 1, 1, 1, 1, 1, 1, 1, 1, 1]
	1082895	972242	938284	12	M	95	A		-1	3216.58824685	[1, 1, 1, 1, 1, 1, 1, 1, 1, 1, 1, 1]
	1074014	952419	972309	12	M	26	A		-1	3216.70824802	[1, 1, 1, 1, 1, 1, 1, 1, 1, 1, 1, 1]
	1026916	958195	940884	12	M	72	A		-1	3217.09911498	[1, 1, 1, 1, 1, 1, 1, 1, 1, 1, 1, 1]
	1061803	946905	891943	12	M	69	A		-1	3217.57960523	[1, 1, 1, 1, 1, 1, 1, 1, 1, 1, 1, 1]
	1069817	947721	975600	12	M	100	A		-1	3218.30943974	[1, 1, 1, 1, 1, 1, 1, 1, 1, 1, 1, 0]
	997448	983310	975734	12	M	91	A		-1	3219.54595375	[1, 1, 1, 0, 1, 1, 1, 1, 1, 1, 1, 0]
	1035354	977914	884862	12	M	43	A		-1	3220.84080677	[1, 1, 1, 1, 1, 1, 1, 1, 1, 1, 1, 1]
	1093407	917204	972056	12	M	82	A		-1	3221.22296426	[1, 1, 1, 1, 1, 1, 1, 1, 1, 1, 1, 1]
	899981	876135	822675	11	M	18	A		-1	3221.84321809	[1, 1, 1, 1, 1, 1, 1, 1, 1, 1, 1, 1]
	1033249	895719	836639	12	M	94	A		-1	3221.84476151	[1, 1, 1, 1, 1, 1, 1, 1, 1, 1, 1, 1]
	941678	831930	831048	11	M	68	A		-1	3222.40308487	[1, 1, 1, 1, 1, 1, 1, 1, 1, 1, 1, 1]
	1044979	956270	955119	12	M	0	A		-1	3222.4801357	[1, 1, 1, 1, 1, 1, 1, 1, 1, 1, 1, 1]
	998131	973574	889608	12	M	3	A		-1	3223.04744231	[1, 1, 1, 1, 1, 1, 1, 1, 1, 1, 1, 1]
	1022423	940150	988640	12	M	6	A		-1	3223.14249183	[1, 1, 1, 1, 1, 1, 1, 1, 1, 1, 1, 1]
	1094389	958502	950312	12	M	99	A		-1	3223.35524577	[1, 1, 1, 1, 1, 1, 1, 1, 1, 1, 1, 1]
	1068163	801389	957739	12	M	66	A		-1	3223.61797041	[1, 1, 1, 1, 1, 1, 1, 1, 1, 1, 1, 1]
	1019715	950781	981805	12	M	43	A		-1	3224.40035339	[1, 1, 1, 1, 1, 1, 1, 1, 1, 1, 1, 1]
	1093514	911610	958689	12	M	35	A		-1	3225.00861925	[1, 1, 1, 1, 1, 1, 1, 1, 1, 1, 1, 1]
	1043530	891944	966352	12	M	85	A		-1	3225.14596926	[1, 1, 1, 1, 1, 1, 1, 1, 1, 1, 1, 1]
	1002464	947759	957544	12	M	92	A		-1	3225.92262134	[1, 1, 1, 1, 1, 1, 1, 1, 1, 1, 1, 1]
	1024462	846485	904039	12	M	17	A		-1	3226.11933958	[1, 1, 1, 1, 1, 1, 1, 1, 1, 1, 1, 1]
	1025835	958896	941253	12	M	50	A		-1	3226.11952235	[1, 1, 1, 1, 1, 1, 1, 1, 1, 1, 1, 1]
	1017000	989668	983113	12	M	8	A		-1	3226.18630919	[1, 1, 1, 1, 1, 1, 1, 1, 1, 1, 1, 1]
	1065833	933971	919750	12	M	70	A		-1	3226.21200214	[0, 1, 1, 1, 1, 1, 1, 1, 1, 1, 1, 1]
	1046802	950781	904049	12	M	18	A		-1	3226.4926329	[1, 1, 1, 1, 1, 1, 1, 1, 1, 1, 1, 1]
	1078087	899062	855228	12	M	35	A		-1	3226.87558044	[1, 1, 1, 0, 1, 1, 1, 1, 1, 1, 1, 1]
	1077000	949368	944422	12	M	79	A		-1	3226.89889739	[0, 1, 1, 1, 1, 1, 1, 1, 1, 1, 1, 1]
	1074331	925400	965997	12	M	80	A		-1	3227.42440694	[1, 1, 1, 1, 1, 1, 1, 1, 1, 1, 1, 1]
	1058403	968360	984243	12	M	89	A		-1	3227.63476796	[1, 1, 1, 1, 1, 1, 1, 1, 1, 1, 1, 1]
	1031365	954436	867604	12	M	52	A		-1	3228.05782587	[1, 1, 1, 1, 1, 1, 1, 1, 1, 1, 1, 1]
	1040967	962914	935882	12	M	56	A		-1	3228.23761697	[1, 1, 1, 1, 1, 1, 1, 1, 1, 1, 1, 1]
	1080307	941678	871827	12	M	39	A		-1	3228.6896567	[1, 1, 1, 1, 1, 1, 1, 1, 1, 1, 1, 1]
	960994	823870	852417	11	M	54	A		-1	3229.70241369	[1, 1, 1, 1, 1, 1, 1, 1, 1, 1, 1, 1]
	1044466	920716	924460	12	M	49	A		-1	3229.79852717	[1, 1, 1, 1, 1, 1, 1, 1, 1, 1, 1, 1]
	1052630	963773	947266	12	M	50	A		-1	3229.90166717	[0, 1, 0, 1, 1, 1, 1, 1, 1, 1, 1, 1]
	1038437	915715	942131	12	M	39	A		-1	3230.02002861	[1, 1, 1, 1, 1, 1, 1, 1, 1, 1, 1, 1]
	1072340	902461	993455	12	M	81	A		-1	3230.20615857	[1, 1, 1, 1, 1, 1, 1, 1, 1, 1, 1, 1]
	1089067	942539	961476	12	M	49	A		-1	3230.8855805	[1, 0, 1, 0, 1, 1, 1, 1, 1, 1, 1, 1]
	1053255	895594	902239	12	M	15	A		-1	3231.03950491	[1, 1, 1, 1, 1, 1, 1, 1, 1, 1, 1, 1]
	1038256	943404	957688	12	M	70	A		-1	3232.31776418	[1, 1, 1, 0, 1, 1, 1, 1, 1, 1, 1, 1]
	1074258	911216	984836	12	M	18	A		-1	3232.80804386	[1, 1, 1, 1, 1, 1, 1, 1, 1, 1, 1, 1]
	1053089	980695	971478	12	M	16	A		-1	3232.99892986	[1, 1, 1, 1, 1, 1, 1, 1, 1, 1, 1, 1]
	1064661	968672	914733	12	M	34	A		-1	3233.62788776	[1, 1, 1, 0, 1, 1, 1, 1, 1, 1, 1, 1]
	1073078	931780	942453	12	M	57	A		-1	3234.16684995	[1, 1, 1, 1, 1, 1, 1, 1, 1, 1, 1, 1]
	1058556	919953	915124	12	M	76	A		-1	3234.22042492	[1, 1, 1, 1, 1, 1, 1, 1, 1, 1, 1, 1]
	1045952	976706	897338	12	M	41	A		-1	3234.52366342	[1, 1, 1, 0, 1, 1, 1, 1, 1, 1, 1, 1]
	1060363	907088	876823	12	M	39	A		-1	3234.57512551	[1, 1, 1, 1, 1, 1, 1, 1, 1, 1, 1, 1]
	1074938	931254	921527	12	M	67	A		-1	3234.66951949	[1, 1, 1, 1, 1, 1, 1, 1, 1, 1, 1, 1]
	1009625	982739	981665	12	M	4	A		-1	3234.70100636	[1, 1, 1, 1, 1, 0, 1, 1, 1, 1, 1, 1]
	1080380	994470	972201	12	M	20	A		-1	3235.93286001	[1, 1, 1, 0, 1, 1, 1, 1, 1, 1, 1, 1]
	1079909	899998	980325	12	M	12	A		-1	3237.4248588	[1, 1, 1, 1, 1, 1, 1, 1, 1, 1, 1, 1]
	1068456	953450	964809	12	M	65	A		-1	3237.60325156	[1, 1, 0, 1, 1, 1, 1, 1, 1, 1, 1, 1]
	1060179	962940	975127	12	M	18	A		-1	3237.89898582	[1, 1, 1, 1, 1, 1, 1, 1, 1, 1, 1, 1]
	1025886	907805	913427	12	M	45	A		-1	3237.99080185	[1, 1, 0, 1, 1, 1, 1, 1, 1, 1, 1, 1]
	1018162	982243	896620	12	M	84	A		-1	3239.01643149	[1, 1, 1, 1, 1, 1, 1, 1, 1, 1, 1, 1]
	1025195	985753	896051	12	M	62	A		-1	3239.36135412	[1, 1, 1, 1, 1, 1, 1, 1, 1, 1, 1, 1]
	1062250	975399	986403	12	M	77	A		-1	3239.85766714	[1, 1, 1, 1, 1, 1, 1, 1, 1, 1, 1, 1]
	1088908	891475	941123	12	M	85	A		-1	3240.01401582	[1, 1, 1, 1, 1, 1, 1, 1, 1, 1, 1, 1]
	1059083	830586	916888	12	M	54	A		-1	3241.47383347	[1, 1, 1, 1, 1, 1, 1, 1, 1, 1, 1, 0]
	1086024	994586	973951	12	M	16	A		-1	3241.52589346	[1, 1, 1, 1, 1, 1, 1, 1, 1, 1, 1, 1]
	997432	801300	927348	12	M	21	A		-1	3241.85471187	[1, 1, 1, 1, 1, 1, 1, 1, 1, 1, 1, 1]
	1005886	931476	919688	12	M	22	A		-1	3241.91271308	[1, 1, 1, 1, 1, 1, 1, 1, 1, 1, 1, 1]
	929338	868926	857520	11	M	29	A		-1	3242.94777292	[1, 1, 1, 1, 1, 1, 1, 1, 1, 1, 1, 1]
	952402	827140	834122	11	M	73	A		-1	3243.21900402	[1, 1, 1, 1, 1, 1, 1, 1, 1, 1, 1, 1]
	1075708	971701	877305	12	M	96	A		-1	3244.11591659	[1, 1, 1, 1, 1, 1, 1, 0, 1, 1, 1, 1]
	997190	909338	971797	12	M	16	A		-1	3246.1003871	[1, 1, 1, 1, 1, 1, 1, 1, 1, 1, 1, 1]
	1055829	922065	852278	12	M	35	A		-1	3246.26211486	[1, 1, 1, 1, 1, 1, 1, 1, 1, 1, 1, 1]
	1033547	953945	918731	12	M	29	A		-1	3247.84879933	[1, 1, 1, 1, 1, 1, 1, 1, 1, 1, 1, 1]
	1051855	894166	892728	12	M	70	A		-1	3248.00125013	[1, 1, 1, 1, 1, 1, 1, 1, 1, 1, 1, 1]
	1061279	979401	967646	12	M	24	A		-1	3248.04177274	[1, 1, 1, 1, 1, 1, 1, 1, 1, 1, 1, 1]
	1065370	903076	931282	12	M	70	A		-1	3249.0578711	[1, 1, 1, 1, 1, 1, 1, 1, 1, 1, 1, 1]
	1012995	953854	955680	12	M	82	A		-1	3250.28123853	[1, 1, 0, 1, 1, 1, 1, 1, 1, 1, 1, 1]
	1078440	952222	926726	12	M	40	A		-1	3250.36615333	[1, 1, 1, 1, 1, 1, 1, 1, 1, 1, 1, 1]
	1065834	915747	944973	12	M	96	A		-1	3251.07922597	[1, 1, 0, 1, 1, 1, 1, 1, 1, 1, 1, 1]
	1003937	911404	946512	12	M	93	A		-1	3251.42927076	[1, 1, 1, 0, 1, 1, 1, 1, 1, 1, 1, 1]
	1077897	954510	807248	12	M	96	A		-1	3251.76059812	[1, 1, 1, 1, 1, 1, 1, 1, 1, 1, 1, 1]
	1019200	968672	947476	12	M	13	A		-1	3252.0156621	[1, 1, 1, 1, 1, 1, 1, 1, 1, 1, 1, 1]
	1012313	940786	908558	12	M	27	A		-1	3252.21587954	[1, 1, 1, 1, 1, 1, 1, 1, 1, 1, 1, 1]
	1076030	993835	935255	12	M	16	A		-1	3253.45518527	[1, 1, 1, 1, 1, 1, 1, 1, 1, 1, 1, 0]
	1022090	976706	921233	12	M	47	A		-1	3253.92858729	[1, 1, 1, 1, 1, 1, 1, 1, 1, 1, 1, 1]
	1043112	927576	985352	12	M	96	A		-1	3254.20027171	[1, 1, 1, 0, 1, 1, 1, 1, 1, 1, 1, 1]
	1076069	963773	959787	12	M	39	A		-1	3254.35711171	[0, 1, 1, 1, 1, 1, 1, 1, 1, 1, 1, 1]
	1092946	965016	936446	12	M	57	A		-1	3254.53945682	[1, 1, 1, 1, 1, 1, 1, 0, 1, 1, 1, 1]
	944158	831145	835265	11	M	71	A		-1	3255.27631292	[1, 1, 1, 1, 1, 1, 1, 1, 1, 1, 1, 1]
	1077452	985753	922077	12	M	63	A		-1	3255.55223259	[1, 1, 1, 1, 1, 1, 1, 1, 1, 1, 1, 1]
	1002920	951743	968925	12	M	82	A		-1	3256.81026694	[1, 1, 1, 1, 1, 1, 1, 1, 1, 1, 1, 1]
	1008706	967701	981402	12	M	94	A		-1	3256.84080123	[1, 1, 1, 1, 1, 1, 1, 1, 1, 1, 1, 1]
	1036153	806849	945306	12	M	71	A		-1	3256.84444485	[1, 1, 1, 1, 0, 1, 1, 1, 1, 1, 1, 1]
	1093906	973820	839871	12	M	1	A		-1	3258.34417736	[1, 1, 1, 1, 1, 1, 1, 1, 1, 1, 1, 1]
	1002776	943667	896702	12	M	42	A		-1	3258.39488616	[1, 1, 1, 1, 1, 1, 1, 1, 1, 1, 1, 1]
	1046884	977868	934847	12	M	63	A		-1	3258.67944672	[1, 1, 1, 1, 1, 1, 1, 1, 1, 1, 1, 1]
	998957	897951	954653	12	M	20	A		-1	3259.1529287	[1, 1, 1, 1, 1, 1, 1, 1, 1, 1, 1, 1]
	1081390	904312	993339	12	M	97	A		-1	3259.84646177	[0, 1, 1, 1, 1, 1, 1, 1, 1, 1, 1, 1]
	1027372	966180	946907	12	M	20	A		-1	3260.00316069	[1, 1, 1, 1, 1, 0, 1, 1, 1, 1, 1, 1]
	1066125	952380	826664	12	M	23	A		-1	3261.40139377	[1, 1, 1, 1, 1, 1, 1, 1, 1, 1, 1, 1]
	996098	799362	911714	12	M	95	A		-1	3261.70291159	[1, 1, 1, 1, 1, 0, 1, 1, 1, 1, 1, 1]
	1041875	954818	906476	12	M	15	A		-1	3262.3523245	[1, 1, 1, 1, 1, 1, 1, 1, 1, 1, 1, 1]
	1046729	864006	986588	12	M	40	A		-1	3262.5533793	[1, 1, 0, 1, 1, 1, 1, 1, 1, 1, 1, 1]
	1086557	985868	989223	12	M	23	A		-1	3265.1816665	[1, 1, 1, 1, 1, 1, 1, 1, 1, 1, 1, 1]
	1084428	993835	906465	12	M	95	A		-1	3266.12142914	[1, 1, 1, 1, 1, 1, 1, 1, 1, 1, 1, 1]
	1023315	957502	947354	12	M	53	A		-1	3266.20128346	[1, 1, 1, 1, 1, 1, 1, 1, 1, 1, 1, 1]
	1033916	989668	923744	12	M	82	A		-1	3266.21564761	[1, 1, 1, 1, 1, 1, 1, 1, 1, 1, 1, 0]
	996343	989586	983190	12	M	87	A		-1	3266.36003041	[1, 1, 0, 1, 1, 1, 1, 1, 1, 1, 1, 1]
	1091129	929902	913191	12	M	24	A		-1	3267.42020132	[1, 1, 1, 1, 1, 1, 1, 1, 1, 1, 1, 1]
	1003088	927653	990948	12	M	93	A		-1	3267.49857467	[1, 1, 1, 1, 1, 1, 1, 1, 1, 1, 1, 0]
	1069940	949368	972894	12	M	85	A		-1	3267.74821214	[1, 1, 1, 1, 1, 1, 1, 1, 1, 1, 1, 1]
	999742	958502	795827	12	M	84	A		-1	3268.56772568	[1, 1, 1, 1, 1, 1, 1, 1, 1, 1, 1, 1]
	1048114	911071	935743	12	M	100	A		-1	3268.64869147	[1, 1, 0, 1, 1, 1, 1, 0, 1, 1, 1, 1]
	1080995	991685	966612	12	M	38	A		-1	3268.76709386	[1, 1, 1, 1, 1, 1, 1, 1, 1, 1, 1, 1]
	1051081	904312	992797	12	M	56	A		-1	3269.11425274	[1, 1, 1, 1, 1, 1, 1, 1, 1, 1, 1, 1]
	1081930	916835	982561	12	M	93	A		-1	3269.99489633	[1, 1, 1, 1, 1, 1, 1, 1, 1, 1, 1, 1]
	1087745	969228	870931	12	M	53	A		-1	3270.21870217	[1, 1, 1, 1, 1, 1, 1, 1, 1, 1, 1, 1]
	1085380	923008	951999	12	M	20	A		-1	3271.22362856	[1, 1, 1, 1, 1, 1, 1, 1, 1, 1, 1, 1]
	1033540	943404	939531	12	M	4	A		-1	3271.30883587	[1, 1, 1, 0, 1, 1, 1, 1, 1, 1, 1, 1]
	1056628	988415	806048	12	M	29	A		-1	3271.51647942	[1, 1, 1, 1, 1, 1, 1, 1, 1, 1, 1, 1]
	1013416	965483	977297	12	M	12	A		-1	3271.83063223	[1, 1, 1, 1, 1, 0, 1, 1, 1, 1, 1, 1]
	1025248	846485	927939	12	M	85	A		-1	3272.60809392	[1, 1, 1, 1, 1, 1, 1, 1, 1, 1, 1, 1]
	1022943	948765	909568	12	M	19	A		-1	3272.99892279	[1, 1, 1, 1, 1, 1, 1, 1, 1, 1, 1, 1]
	1067760	899981	954759	12	M	40	A		-1	3273.526774	[1, 1, 1, 1, 1, 1, 1, 1, 1, 1, 1, 1]
	1076258	941678	942289	12	M	53	A		-1	3273.70225123	[1, 1, 1, 1, 1, 1, 1, 1, 1, 1, 1, 1]
	1088100	911610	948106	12	M	1	A		-1	3273.74870304	[1, 1, 1, 1, 1, 1, 1, 1, 1, 1, 1, 1]
	1007188	960994	970231	12	M	39	A		-1	3274.37983916	[1, 1, 1, 1, 1, 1, 1, 1, 1, 1, 1, 1]
	1045047	961248	918049	12	M	3	A		-1	3274.50006716	[1, 0, 1, 1, 1, 1, 1, 1, 1, 1, 1, 1]
	997968	965999	985843	12	M	33	A		-1	3276.25184678	[1, 1, 1, 1, 1, 1, 1, 1, 1, 1, 1, 1]
	1082980	896905	901342	12	M	41	A		-1	3276.65624051	[1, 1, 1, 1, 1, 1, 1, 1, 1, 1, 1, 1]
	1061294	981597	973778	12	M	46	A		-1	3277.06551704	[1, 1, 0, 1, 1, 1, 1, 1, 1, 1, 1, 1]
	1019975	948925	862513	12	M	7	A		-1	3277.07578344	[1, 1, 1, 1, 1, 1, 1, 1, 1, 1, 1, 1]
	1053523	968360	709209	12	M	52	A		-1	3277.69206706	[1, 1, 1, 1, 1, 1, 1, 1, 1, 1, 1, 1]
	1011724	899139	960152	12	M	21	A		-1	3278.11226183	[1, 1, 1, 1, 1, 0, 1, 1, 1, 1, 1, 1]
	1086851	948135	931167	12	M	47	A		-1	3278.23664807	[1, 1, 1, 1, 1, 1, 1, 1, 1, 1, 1, 1]
	1012831	926134	860820	12	M	38	A		-1	3278.67192492	[1, 1, 1, 1, 1, 1, 1, 1, 1, 1, 1, 1]
	1031332	905897	930039	12	M	63	A		-1	3279.46879225	[1, 1, 1, 1, 1, 1, 1, 1, 1, 1, 1, 1]
	1067170	931102	915270	12	M	23	A		-1	3279.87009042	[1, 1, 1, 1, 1, 1, 1, 1, 1, 1, 1, 1]
	1014495	967603	902846	12	M	29	A		-1	3280.79677286	[1, 1, 1, 1, 1, 1, 1, 1, 1, 1, 1, 1]
	1068476	972242	824880	12	M	39	A		-1	3281.57997538	[1, 1, 1, 1, 1, 1, 1, 1, 1, 1, 1, 1]
	1000254	806469	986942	12	M	71	A		-1	3283.2197213	[1, 1, 1, 1, 1, 1, 1, 1, 1, 1, 1, 1]
	1084177	929075	991617	12	M	5	A		-1	3283.61131753	[1, 1, 1, 1, 1, 1, 1, 1, 1, 1, 1, 1]
	972242	884351	819686	11	M	96	A		-1	3285.36242881	[1, 1, 1, 1, 1, 1, 1, 1, 1, 1, 1, 1]
	1004528	962780	832952	12	M	67	A		-1	3285.68424103	[1, 1, 1, 1, 1, 1, 1, 1, 1, 1, 1, 1]
	1070229	943404	966287	12	M	20	A		-1	3286.3715844	[1, 1, 1, 0, 1, 1, 1, 1, 1, 1, 1, 1]
	1053881	929106	841324	12	M	99	A		-1	3286.80757223	[1, 1, 1, 1, 1, 1, 1, 1, 1, 1, 1, 1]
	1021745	878510	867311	12	M	71	A		-1	3287.24387634	[1, 1, 1, 1, 1, 1, 1, 1, 1, 1, 1, 1]
	953945	807221	800438	11	M	33	A		-1	3289.1061683	[1, 1, 1, 1, 1, 1, 1, 1, 1, 1, 1, 0]
	1045424	991899	920238	12	M	45	A		-1	3289.80266065	[0, 1, 1, 1, 1, 1, 1, 1, 1, 1, 1, 1]
	1058904	947797	812488	12	M	0	A		-1	3290.2340843	[1, 1, 1, 1, 1, 1, 1, 1, 1, 1, 1, 0]
	1056082	975925	964395	12	M	13	A		-1	3291.65078698	[0, 1, 1, 1, 1, 1, 1, 1, 1, 1, 1, 1]
	1060892	987301	900555	12	M	62	A		-1	3291.9615982	[1, 1, 1, 1, 1, 1, 1, 1, 1, 1, 1, 1]
	1042097	901738	991471	12	M	49	A		-1	3296.36841788	[1, 1, 1, 1, 1, 1, 1, 1, 1, 1, 1, 1]
	1017952	979946	918894	12	M	90	A		-1	3296.60009282	[1, 1, 1, 1, 1, 1, 1, 1, 1, 1, 1, 1]
	1078784	973894	936563	12	M	1	A		-1	3298.45341613	[1, 1, 1, 1, 1, 1, 1, 1, 1, 1, 1, 1]
	1026990	956052	827988	12	M	72	A		-1	3299.4542106	[1, 1, 1, 1, 1, 1, 1, 1, 1, 1, 1, 1]
	913953	802276	867604	11	M	52	A		-1	3299.90804877	[1, 1, 1, 0, 0, 1, 1, 1, 1, 1, 1, 1]
	1036881	826170	822477	12	M	73	A		-1	3300.37495902	[1, 1, 1, 1, 1, 1, 1, 1, 1, 1, 1, 1]
	1027547	901218	933788	12	M	72	A		-1	3301.18116567	[1, 1, 1, 1, 1, 1, 1, 1, 1, 1, 1, 1]
	1007737	992807	961349	12	M	28	A		-1	3301.94770307	[1, 1, 1, 1, 1, 1, 1, 1, 1, 1, 1, 1]
	999505	929902	911172	12	M	32	A		-1	3302.27434231	[1, 1, 1, 1, 1, 1, 1, 1, 1, 1, 1, 1]
	1059409	919656	931656	12	M	32	A		-1	3303.92470486	[1, 1, 1, 1, 1, 0, 1, 1, 1, 1, 1, 1]
	1091721	975399	898043	12	M	26	A		-1	3305.29146848	[1, 1, 1, 1, 1, 1, 1, 1, 1, 1, 1, 1]
	1035664	942966	933683	12	M	75	A		-1	3307.15904078	[1, 1, 1, 1, 1, 1, 1, 1, 1, 1, 1, 1]
	1039826	948925	904151	12	M	26	A		-1	3307.37883395	[1, 1, 1, 1, 1, 1, 1, 1, 1, 1, 1, 1]
	1002627	976706	993930	12	M	97	A		-1	3307.57369046	[1, 1, 1, 1, 1, 1, 1, 1, 1, 1, 1, 1]
	1080118	965369	909916	12	M	72	A		-1	3307.95132965	[1, 1, 1, 1, 1, 1, 1, 1, 1, 1, 1, 1]
	948925	894166	822600	11	M	99	A		-1	3308.10966617	[1, 1, 1, 1, 1, 1, 1, 1, 1, 1, 1, 1]
	1041664	972242	883146	12	M	34	A		-1	3309.40985823	[0, 1, 1, 1, 1, 1, 1, 1, 1, 1, 1, 1]
	1048163	953108	970329	12	M	36	A		-1	3310.31227414	[1, 1, 1, 1, 1, 1, 1, 1, 1, 1, 1, 0]
	998750	901218	966025	12	M	33	A		-1	3312.1171335	[1, 1, 1, 1, 1, 1, 1, 1, 1, 1, 1, 1]
	1087881	958264	896049	12	M	2	A		-1	3312.19305329	[1, 1, 1, 1, 1, 1, 1, 1, 1, 1, 1, 1]
	1071304	960724	994513	12	M	90	A		-1	3313.72679522	[1, 1, 1, 1, 1, 1, 1, 1, 1, 1, 1, 1]
	1085617	990487	814812	12	M	15	A		-1	3315.07559728	[1, 1, 1, 1, 1, 1, 1, 1, 1, 1, 1, 1]
	1059188	899998	963245	12	M	0	A		-1	3315.27432598	[1, 1, 1, 1, 1, 1, 1, 1, 1, 1, 1, 1]
	1005906	901393	979936	12	M	88	A		-1	3316.8960063	[1, 1, 1, 1, 1, 1, 1, 1, 1, 1, 1, 1]
	1003544	958502	978087	12	M	54	A		-1	3317.84257674	[1, 1, 1, 1, 1, 1, 1, 1, 1, 1, 1, 1]
	1044286	901105	962835	12	M	22	A		-1	3318.87120475	[1, 1, 1, 1, 1, 1, 1, 1, 1, 1, 1, 1]
	1093573	993835	937429	12	M	1	A		-1	3320.12542434	[1, 1, 1, 1, 1, 1, 1, 1, 1, 1, 1, 1]
	1055473	846485	917361	12	M	52	A		-1	3321.06943516	[1, 1, 1, 1, 1, 1, 1, 1, 1, 1, 1, 1]
	1091674	934261	903914	12	M	50	A		-1	3321.27985501	[1, 1, 1, 1, 1, 1, 1, 1, 1, 1, 1, 1]
	1060899	898375	970812	12	M	49	A		-1	3321.54305385	[1, 1, 1, 1, 1, 1, 1, 1, 1, 1, 1, 1]
	1002997	954818	924226	12	M	1	A		-1	3323.68168942	[1, 1, 1, 1, 1, 1, 1, 1, 1, 1, 1, 1]
	1030077	953945	959293	12	M	74	A		-1	3325.45774494	[1, 1, 1, 1, 1, 1, 1, 1, 1, 1, 1, 1]
	1030342	946269	905641	12	M	69	A		-1	3328.06587527	[1, 1, 1, 1, 1, 1, 1, 1, 1, 1, 1, 1]
	1043038	966635	911922	12	M	93	A		-1	3328.21694889	[1, 1, 1, 0, 1, 1, 1, 1, 1, 1, 1, 1]
	1075073	979656	880939	12	M	39	A		-1	3329.76981774	[1, 1, 1, 1, 1, 1, 1, 1, 1, 1, 1, 1]
	1046713	929902	932833	12	M	65	A		-1	3330.04902007	[1, 1, 1, 1, 1, 1, 1, 1, 1, 1, 1, 1]
	1053468	895942	883621	12	M	72	A		-1	3330.46405394	[1, 1, 1, 1, 1, 1, 1, 1, 1, 1, 1, 1]
	996549	965369	969455	12	M	84	A		-1	3330.48993448	[1, 1, 1, 1, 1, 1, 1, 0, 1, 1, 1, 0]
	1044546	960994	920715	12	M	22	A		-1	3334.10352814	[1, 1, 1, 1, 1, 1, 1, 1, 1, 1, 1, 1]
	1034158	894928	956599	12	M	74	A		-1	3335.41957042	[1, 1, 1, 1, 1, 1, 1, 1, 1, 1, 1, 0]
	1029597	941678	900849	12	M	30	A		-1	3336.8690131	[1, 1, 1, 1, 1, 1, 1, 1, 1, 1, 1, 1]
	1000122	899457	932262	12	M	13	A		-1	3337.4744271	[1, 1, 1, 1, 1, 1, 1, 1, 1, 1, 1, 1]
	1056867	952419	939941	12	M	78	A		-1	3338.16869446	[1, 1, 1, 1, 1, 1, 1, 1, 1, 1, 1, 1]
	1017941	987919	943129	12	M	59	A		-1	3338.5599066	[1, 1, 1, 1, 1, 1, 1, 1, 1, 1, 1, 1]
	1006891	965483	926900	12	M	67	A		-1	3341.28046166	[1, 1, 1, 1, 1, 0, 1, 1, 1, 1, 1, 1]
	995413	952222	954610	12	M	4	A		-1	3343.212851	[1, 1, 1, 1, 1, 1, 1, 1, 1, 1, 1, 1]
	1011849	802965	936490	12	M	4	A		-1	3344.4274726	[1, 1, 1, 1, 1, 1, 1, 1, 1, 1, 1, 0]
	1085017	931780	920905	12	M	57	A		-1	3347.27234286	[1, 1, 1, 1, 1, 1, 1, 1, 1, 1, 1, 1]
	1035949	820094	977630	12	M	4	A		-1	3349.13572837	[1, 1, 1, 0, 1, 0, 1, 1, 1, 1, 1, 1]
	894166	743629	699056	10	M	5	A		-1	3351.15769717	[1, 1, 1, 1, 1, 1, 1, 1, 1, 1, 1, 1]
	1090480	894166	929220	12	M	41	A		-1	3351.20564434	[1, 1, 1, 1, 1, 1, 1, 1, 1, 1, 1, 1]
	1038090	971701	895244	12	M	23	A		-1	3351.78670094	[1, 1, 1, 1, 1, 1, 1, 1, 1, 1, 1, 1]
	1060935	953854	983175	12	M	84	A		-1	3356.87954881	[1, 1, 0, 1, 1, 1, 1, 1, 1, 1, 1, 1]
	1091655	983310	827497	12	M	55	A		-1	3357.91721401	[1, 1, 1, 0, 1, 1, 1, 1, 1, 1, 1, 1]
	1000112	973574	752351	12	M	65	A		-1	3362.24956351	[1, 1, 1, 1, 1, 1, 1, 1, 1, 1, 1, 1]
	1073149	941214	900142	12	M	42	A		-1	3363.49646231	[1, 1, 1, 0, 1, 1, 1, 1, 1, 1, 1, 1]
	1057648	923256	825255	12	M	31	A		-1	3366.003961	[1, 1, 1, 1, 1, 1, 1, 1, 1, 1, 1, 1]
	999806	907111	894969	12	M	91	A		-1	3370.87799648	[1, 1, 1, 0, 1, 1, 1, 1, 1, 1, 0, 1]
	1020787	833214	970436	12	M	10	A		-1	3371.74040249	[1, 1, 1, 1, 1, 1, 1, 1, 1, 1, 1, 1]
	1047036	937230	861237	12	M	70	A		-1	3377.87654394	[1, 1, 1, 1, 1, 1, 1, 1, 1, 1, 1, 0]
	1028048	953450	956060	12	M	14	A		-1	3380.73924291	[1, 1, 1, 1, 1, 1, 1, 1, 1, 1, 1, 1]
	995168	948925	970978	12	M	12	A		-1	3389.70016312	[1, 1, 1, 1, 1, 1, 1, 1, 1, 1, 1, 1]
	1044140	901539	779803	12	M	26	A		-1	3391.28522942	[1, 1, 1, 0, 1, 1, 1, 1, 1, 1, 1, 1]
	1019487	932960	642357	12	M	90	A		-1	3394.97812705	[0, 1, 1, 0, 1, 1, 1, 1, 1, 1, 1, 1]
	1036124	970616	982893	12	M	75	A		-1	3400.61453807	[1, 1, 1, 1, 1, 0, 1, 1, 1, 1, 1, 1]
	1070496	948925	951066	12	M	66	A		-1	3401.25698104	[1, 1, 1, 1, 1, 1, 1, 1, 1, 1, 1, 1]
	1050758	948130	913099	12	M	27	A		-1	3402.39323147	[1, 1, 1, 1, 1, 1, 1, 1, 1, 1, 1, 1]
	1073125	936128	970408	12	M	100	A		-1	3404.77362273	[1, 1, 1, 1, 1, 1, 1, 1, 1, 1, 1, 1]
	1066972	933971	909477	12	M	100	A		-1	3411.96612593	[1, 1, 1, 1, 1, 1, 1, 1, 1, 1, 1, 1]
	1047116	907049	896325	12	M	87	A		-1	3416.02588065	[1, 1, 1, 1, 1, 1, 1, 1, 1, 1, 1, 0]
	1057662	934261	994387	12	M	45	A		-1	3419.02848762	[1, 1, 1, 1, 1, 1, 1, 1, 1, 1, 1, 1]
	1006375	916887	883507	12	M	46	A		-1	3422.02996369	[1, 1, 1, 1, 1, 1, 1, 1, 1, 1, 1, 1]
	1082085	971547	994197	12	M	19	A		-1	3426.02742097	[0, 1, 1, 1, 1, 1, 1, 1, 1, 1, 1, 1]
	1051937	921959	950521	12	M	1	A		-1	3427.92031157	[1, 1, 1, 1, 1, 1, 1, 1, 1, 1, 1, 1]
	1065412	895965	856757	12	M	61	A		-1	3449.95656436	[1, 1, 1, 1, 1, 1, 1, 1, 1, 1, 1, 0]
	1022019	987919	848696	12	M	32	A		-1	3449.97505713	[1, 1, 1, 1, 1, 1, 1, 1, 1, 1, 1, 1]
	1029896	915340	951200	12	M	66	A		-1	3453.03951755	[1, 1, 1, 1, 1, 0, 1, 1, 1, 1, 1, 1]
	1062498	956052	809760	12	M	17	A		-1	3459.49451373	[1, 1, 1, 1, 1, 1, 1, 1, 1, 1, 1, 1]
	1044178	992922	943076	12	M	35	A		-1	3459.57601261	[1, 1, 1, 1, 1, 1, 1, 1, 1, 1, 1, 1]
	1007630	979946	989020	12	M	47	A		-1	3460.72609089	[1, 1, 1, 1, 1, 1, 1, 1, 1, 1, 1, 1]
	1063495	905394	958664	12	M	4	A		-1	3465.75395884	[1, 1, 1, 1, 1, 1, 1, 1, 1, 1, 1, 1]
	1038536	913953	956014	12	M	27	A		-1	3466.05624394	[1, 1, 1, 1, 0, 1, 1, 1, 1, 1, 1, 1]
	1087186	913953	950459	12	M	51	A		-1	3469.3650488	[1, 1, 1, 1, 1, 1, 1, 1, 1, 1, 1, 1]
	1041558	941678	893932	12	M	15	A		-1	3495.25945697	[1, 1, 1, 1, 1, 1, 1, 1, 1, 1, 1, 1]
	1056509	922065	861748	12	M	93	A		-1	3502.08569351	[1, 1, 1, 1, 1, 1, 1, 1, 1, 1, 1, 1]
	1042249	972049	978218	12	M	11	A		-1	3505.58126446	[1, 1, 1, 1, 1, 1, 1, 1, 1, 1, 1, 1]
	1011668	971701	897330	12	M	29	A		-1	3509.96696307	[1, 1, 1, 1, 1, 1, 1, 1, 1, 1, 1, 1]
	1011055	993740	910898	12	M	12	A		-1	3561.23444474	[0, 1, 1, 1, 1, 1, 1, 1, 1, 1, 1, 1]
	1017850	965483	922347	12	M	38	A		-1	3568.41997785	[1, 1, 1, 1, 1, 1, 1, 1, 1, 1, 1, 1]
	1060064	901738	956566	12	M	86	A		-1	3629.59142481	[1, 1, 1, 1, 1, 1, 1, 1, 1, 1, 1, 1]
	1066160	929194	977246	12	M	55	A		-1	3677.28666674	[1, 1, 1, 0, 1, 1, 1, 1, 1, 1, 1, 0]
