animal	sire	dam	born	sex	herd	status	cause	died	TBV	recessives
	45358	35112	10008	1	F	93	D	R	1	187.848081357	[1, 1, -1, 1, 1, 1, 1, 1, 1, 1, 1, 1]
	45371	35112	10021	1	F	44	D	R	1	-51.9554751064	[1, 1, -1, 1, 1, 1, 1, 1, 1, 1, 1, 1]
	45549	35112	10199	1	F	93	D	R	1	98.8131304939	[1, 1, -1, 1, 1, 1, 1, 1, 1, 1, 1, 1]
	45765	35112	10415	1	F	180	D	R	1	158.451593918	[1, 1, -1, 1, 1, 1, 1, 1, 1, 1, 1, 1]
	45926	35112	10576	1	F	16	D	R	1	440.437608334	[1, 1, -1, 1, 1, 1, 1, 1, 1, 1, 1, 1]
	46231	35112	10881	1	F	68	D	R	1	-100.577910769	[1, 1, -1, 1, 1, 1, 1, 1, 1, 1, 1, 1]
	46291	35112	10941	1	F	37	D	R	1	49.384856887	[1, 1, -1, 1, 1, 1, 1, 1, 1, 1, 1, 1]
	46826	35112	11476	1	F	183	D	R	1	-347.710057935	[1, 1, -1, 1, 1, 1, 1, 1, 1, 1, 1, 1]
	46837	35112	11487	1	F	147	D	R	1	170.725940692	[1, 1, -1, 1, 1, 1, 1, 1, 1, 1, 1, 1]
	46928	35112	11578	1	F	68	D	R	1	374.599724262	[1, 1, -1, 1, 1, 1, 1, 1, 1, 1, 1, 1]
	47178	35112	11828	1	F	105	D	R	1	138.982160809	[1, 1, -1, 0, 1, 1, 1, 1, 1, 1, 1, 1]
	47666	35112	12316	1	F	120	D	R	1	117.814554755	[1, 1, -1, 1, 1, 1, 1, 1, 1, 1, 1, 1]
	48224	35112	12874	1	F	125	D	R	1	91.6693249276	[1, 1, -1, 1, 1, 1, 1, 1, 1, 1, 1, 1]
	48270	35112	12920	1	F	118	D	R	1	306.687387181	[1, 1, -1, 1, 1, 0, 1, 0, 1, 1, 1, 1]
	48320	35112	12970	1	F	151	D	R	1	9.31157015629	[1, 1, -1, 1, 1, 1, 1, 1, 1, 1, 1, 1]
	48755	35112	13405	1	F	130	D	R	1	72.6375695028	[1, 1, -1, 1, 1, 1, 1, 1, 1, 1, 1, 1]
	49498	35112	14148	1	F	124	D	R	1	-155.472554459	[1, 1, -1, 1, 1, 1, 1, 1, 1, 1, 1, 1]
	49631	35112	14281	1	F	92	D	R	1	271.135725455	[1, 1, -1, 1, 1, 1, 1, 1, 1, 1, 1, 1]
	49791	35112	14441	1	F	106	D	R	1	366.188161892	[1, 1, -1, 1, 1, 1, 1, 1, 1, 1, 1, 1]
	49869	35112	14519	1	F	169	D	R	1	-10.27492907	[1, 1, -1, 1, 1, 1, 1, 1, 1, 1, 1, 1]
	65470	35116	30120	1	F	109	D	R	1	127.191604345	[1, 1, 1, -1, 1, 1, 1, 1, 1, 1, 1, 1]
	65808	35116	30458	1	F	14	D	R	1	378.302958978	[1, 1, 1, -1, 1, 1, 1, 1, 1, 1, 1, 1]
	65863	35116	30513	1	F	33	D	R	1	434.173720778	[1, 1, 1, -1, 1, 1, 1, 1, 1, 1, 1, 1]
	65942	35116	30592	1	F	122	D	R	1	572.017209941	[1, 1, 1, -1, 1, 1, 1, 1, 1, 1, 1, 1]
	66009	35116	30659	1	F	96	D	R	1	392.229192755	[1, 1, 1, -1, 1, 1, 1, 1, 1, 1, 1, 1]
	66075	35116	30725	1	F	94	D	R	1	231.853553009	[1, 1, 1, -1, 1, 1, 1, 1, 1, 1, 1, 1]
	66169	35116	30819	1	F	13	D	R	1	364.407654031	[1, 1, 1, -1, 1, 1, 1, 1, 1, 1, 1, 1]
	66333	35116	30983	1	F	123	D	R	1	564.460287452	[1, 1, 1, -1, 1, 1, 1, 1, 1, 1, 1, 1]
	66340	35116	30990	1	F	180	D	R	1	240.021005422	[0, 1, 1, -1, 1, 1, 1, 1, 1, 1, 1, 0]
	66407	35116	31057	1	F	47	D	R	1	252.032529752	[1, 1, 1, -1, 1, 1, 1, 1, 1, 1, 1, 1]
	66742	35116	31392	1	F	55	D	R	1	286.909575327	[1, 1, 1, -1, 1, 1, 1, 1, 1, 1, 1, 1]
	66905	35116	31555	1	F	1	D	R	1	124.484562758	[1, 1, 1, -1, 1, 1, 1, 1, 1, 1, 1, 1]
	66910	35116	31560	1	F	61	D	R	1	245.43357689	[1, 1, 1, -1, 1, 1, 1, 1, 1, 1, 1, 1]
	66955	35116	31605	1	F	124	D	R	1	274.830877543	[1, 1, 1, -1, 1, 1, 1, 1, 1, 1, 1, 1]
	66960	35116	31610	1	F	6	D	R	1	556.837949894	[1, 1, 1, -1, 1, 0, 1, 1, 1, 1, 1, 1]
	67307	35116	31957	1	F	112	D	R	1	146.95750242	[1, 1, 1, -1, 1, 1, 1, 1, 1, 1, 1, 1]
	67450	35116	32100	1	F	93	D	R	1	-66.6435716215	[1, 1, 0, -1, 1, 1, 1, 1, 1, 1, 1, 1]
	67549	35116	32199	1	F	137	D	R	1	737.077862161	[1, 1, 1, -1, 1, 1, 1, 1, 1, 1, 1, 1]
	67810	35116	32460	1	F	86	D	R	1	257.705943376	[1, 1, 1, -1, 1, 1, 1, 1, 1, 1, 1, 1]
	68236	35116	32886	1	F	197	D	R	1	64.7875387585	[1, 1, 1, -1, 1, 1, 1, 1, 1, 1, 1, 1]
	68442	35116	33092	1	F	121	D	R	1	-116.432252161	[1, 1, 0, -1, 1, 1, 1, 1, 1, 1, 1, 1]
	68784	35116	33434	1	F	99	D	R	1	344.237868696	[1, 1, 1, -1, 1, 1, 1, 1, 1, 1, 1, 1]
	69012	35116	33662	1	F	151	D	R	1	321.305678581	[0, 1, 1, -1, 1, 1, 1, 1, 1, 1, 1, 1]
	69032	35116	33682	1	F	39	D	R	1	627.361292865	[1, 1, 1, -1, 1, 1, 1, 1, 1, 1, 1, 1]
	69431	35116	34081	1	F	20	D	R	1	416.011460537	[1, 0, 1, -1, 1, 1, 1, 1, 1, 1, 1, 1]
	69501	35116	34151	1	F	81	D	R	1	375.345240655	[1, 1, 1, -1, 1, 1, 1, 1, 1, 1, 1, 1]
	69677	35116	34327	1	F	190	D	R	1	306.135124533	[1, 1, 1, -1, 1, 1, 1, 1, 1, 1, 1, 1]
	69925	35116	34575	1	F	88	D	R	1	488.975078364	[1, 1, 1, -1, 1, 1, 1, 1, 1, 1, 1, 1]
	69984	35116	34634	1	F	59	D	R	1	72.0107165798	[1, 0, 1, -1, 1, 1, 1, 1, 1, 1, 1, 1]
	69985	35116	34635	1	F	35	D	R	1	-312.939562436	[1, 1, 1, -1, 1, 1, 1, 1, 1, 1, 1, 1]
	70008	35116	34658	1	F	96	D	R	1	570.798225421	[1, 1, 1, -1, 1, 1, 1, 1, 1, 1, 1, 1]
	70158	35116	34808	1	F	193	D	R	1	60.3864862229	[1, 1, 1, -1, 1, 1, 1, 1, 1, 1, 1, 1]
